4 0.27758 0.34305 0.28758 0.35417 0.29925 0.35695 0.31759 0.35362 0.32968 0.33472 0.34051 0.32027 0.34385 0.29082 0.34051 0.22136 0.33551 0.16524 0.32968 0.13412 0.32676 0.13190 0.27716 0.18024 0.23840 0.22080 0.23756 0.23192 0.24382 0.27304 0.26049 0.32027 0.27008 0.34028 0.27758 0.34305
4 0.49750 0.68678 0.49952 0.73920 0.50557 0.78759 0.50758 0.81178 0.52976 0.84001 0.55194 0.85076 0.56908 0.84673 0.59630 0.82657 0.61949 0.79700 0.63864 0.74861 0.64570 0.68141 0.64570 0.63571 0.64570 0.59808 0.60840 0.59135 0.54992 0.54700 0.53077 0.52818 0.50153 0.52818 0.49347 0.56985 0.49548 0.62092 0.49750 0.68678
4 0.52402 0.45253 0.53955 0.47511 0.58189 0.48640 0.60587 0.50239 0.64398 0.50803 0.66656 0.50333 0.67362 0.48545 0.68914 0.46006 0.69478 0.45253 0.71525 0.46758 0.72513 0.47229 0.72865 0.45723 0.72442 0.45159 0.72442 0.40549 0.72583 0.35751 0.73289 0.31142 0.73007 0.28602 0.70890 0.24463 0.67220 0.20418 0.62705 0.15620 0.58682 0.13832 0.55578 0.14115 0.53461 0.14585 0.52050 0.16561 0.50568 0.24180 0.49580 0.32365 0.50285 0.38762 0.52402 0.45253
4 0.34426 0.66393 0.36543 0.66931 0.36845 0.63840 0.37853 0.58732 0.38458 0.54700 0.39668 0.52415 0.38559 0.50399 0.34728 0.47308 0.33821 0.46770 0.32813 0.46232 0.28377 0.53893 0.29889 0.56313 0.31905 0.60883 0.34426 0.66393
4 0.64267 0.71232 0.64066 0.75399 0.64671 0.77012 0.65578 0.80507 0.66385 0.83060 0.68300 0.84404 0.71425 0.83195 0.73139 0.82254 0.76063 0.79969 0.76063 0.77415 0.75761 0.72442 0.76466 0.65990 0.76567 0.64781 0.77474 0.65184 0.79088 0.64512 0.79491 0.63437 0.79592 0.55103 0.78583 0.53625 0.76668 0.51743 0.75660 0.52415 0.73341 0.52415 0.71022 0.54028 0.68098 0.56178 0.65780 0.55775 0.65175 0.58732 0.64872 0.61017 0.64267 0.71232
4 0.76285 0.69821 0.76225 0.73907 0.76285 0.80870 0.76588 0.84861 0.77848 0.88544 0.78805 0.88948 0.80902 0.89190 0.83725 0.89431 0.86125 0.89834 0.87536 0.88585 0.88453 0.85775 0.89361 0.82792 0.90621 0.74391 0.90662 0.63154 0.90157 0.62778 0.89311 0.62361 0.87788 0.62886 0.86306 0.62966 0.85681 0.62630 0.84814 0.62066 0.84219 0.62334 0.81628 0.63007 0.80096 0.63437 0.78503 0.64377 0.76698 0.65265 0.76285 0.69821
4 0.37047 0.61420 0.36442 0.68948 0.37853 0.70560 0.39870 0.72980 0.41080 0.76474 0.43902 0.77953 0.45213 0.76877 0.48338 0.73920 0.49851 0.71098 0.49548 0.65990 0.49447 0.59539 0.49548 0.55507 0.48137 0.51206 0.45919 0.50533 0.42088 0.50265 0.41080 0.50802 0.39467 0.53893 0.37047 0.61420
4 0.36241 0.37227 0.38257 0.38840 0.41181 0.40722 0.46020 0.40722 0.50456 0.40050 0.49952 0.36555 0.49952 0.27953 0.50859 0.21904 0.48137 0.18141 0.45112 0.13437 0.41584 0.10749 0.39567 0.09673 0.35031 0.13168 0.33821 0.18007 0.33922 0.24324 0.34426 0.31178 0.36241 0.37227
4 0.72400 0.37976 0.72400 0.43777 0.72800 0.47511 0.73200 0.49045 0.74350 0.50112 0.76201 0.49912 0.79602 0.50045 0.81803 0.50578 0.84104 0.50779 0.87805 0.50645 0.90356 0.49979 0.92507 0.49245 0.94157 0.47511 0.95658 0.43377 0.97358 0.37175 0.97758 0.30640 0.97708 0.24105 0.97308 0.20105 0.95407 0.16570 0.92356 0.15303 0.88455 0.14837 0.84404 0.15037 0.81202 0.16303 0.77501 0.18904 0.75451 0.21305 0.73500 0.26906 0.72800 0.33775 0.72400 0.37976
4 1.00000 0.80458 0.99974 0.67769 0.99641 0.66547 0.98765 0.66713 0.95181 0.68214 0.91263 0.69992 0.90679 0.71381 0.90471 0.76883 0.91721 0.81273 0.93889 0.87218 0.94972 0.89275 0.95764 0.89275 0.98265 0.88775 1.00000 0.88224 1.00000 0.80458
2 0.69736 0.45289 0.69979 0.45011 0.70604 0.44733 0.71091 0.42788 0.69666 0.40890 0.68520 0.40566 0.66193 0.40519 0.64838 0.41260 0.66193 0.49595 0.66610 0.49966 0.67687 0.47882 0.69736 0.45289
