4 0.40471 0.24067 0.40367 0.26255 0.40554 0.27631 0.40763 0.28538 0.41054 0.29038 0.41534 0.29038 0.41846 0.29038 0.42284 0.28788 0.43117 0.28444 0.43638 0.28006 0.44201 0.26224 0.44743 0.24380 0.45035 0.23411 0.44889 0.22786 0.43868 0.22848 0.43097 0.22442 0.42221 0.21192 0.41596 0.20629 0.41013 0.21348 0.40721 0.22161 0.40638 0.22630 0.40471 0.24067
4 0.50029 0.25975 0.50043 0.27191 0.50145 0.28103 0.50579 0.28515 0.51086 0.28472 0.51925 0.28472 0.52866 0.28320 0.53864 0.28450 0.54197 0.28320 0.54834 0.28255 0.55615 0.27799 0.55818 0.27191 0.55991 0.25954 0.55977 0.24152 0.55847 0.22394 0.55456 0.20831 0.55167 0.19593 0.53748 0.19919 0.51245 0.20310 0.50637 0.20310 0.50463 0.20896 0.50246 0.21395 0.50145 0.22611 0.50043 0.24304 0.50029 0.25975
4 0.51855 0.32571 0.52036 0.33656 0.52277 0.34362 0.52941 0.34290 0.53580 0.34290 0.54340 0.34235 0.55123 0.34181 0.55172 0.33367 0.55256 0.32010 0.55292 0.30382 0.55196 0.29423 0.55039 0.28935 0.54774 0.29025 0.54412 0.29116 0.54050 0.29532 0.53905 0.29441 0.53351 0.29640 0.52856 0.29695 0.52772 0.29640 0.52506 0.29840 0.52157 0.29496 0.51747 0.29387 0.51723 0.29676 0.51698 0.31214 0.51855 0.32571
4 0.41655 0.35146 0.41876 0.35508 0.42138 0.35448 0.42741 0.35282 0.43776 0.35131 0.44188 0.34619 0.44489 0.34031 0.44520 0.32569 0.44389 0.30609 0.44389 0.30036 0.44027 0.29629 0.43555 0.29614 0.43213 0.29493 0.42851 0.29644 0.42580 0.30006 0.42128 0.30971 0.41856 0.32358 0.41675 0.33745 0.41655 0.35146
1 0.45157 0.23772 0.45730 0.23434 0.46025 0.23668 0.46546 0.23694 0.47640 0.24293 0.48318 0.24449 0.49255 0.23928 0.49429 0.23355 0.49603 0.22522 0.49151 0.21688 0.48804 0.21245 0.48356 0.20698 0.47691 0.21066 0.47415 0.20675 0.46605 0.20740 0.45911 0.20654 0.45296 0.20646 0.45070 0.22001 0.44983 0.22600 0.45035 0.23411 0.45157 0.23772
4 0.48560 0.33760 0.48630 0.34242 0.48952 0.34543 0.49203 0.34498 0.50107 0.34513 0.50972 0.34513 0.51685 0.34543 0.51605 0.34136 0.51745 0.33307 0.51725 0.32719 0.51655 0.32056 0.51555 0.31227 0.51715 0.30021 0.51625 0.29373 0.51263 0.29373 0.50549 0.29252 0.49967 0.29373 0.48791 0.29463 0.48389 0.29659 0.48379 0.31076 0.48349 0.32101 0.48560 0.33760
4 0.38178 0.28913 0.38408 0.29444 0.39137 0.29725 0.39887 0.29413 0.40346 0.28975 0.40638 0.28256 0.40429 0.26912 0.40429 0.24661 0.39783 0.23849 0.38970 0.22192 0.38366 0.21754 0.37220 0.22567 0.37449 0.23849 0.37387 0.25224 0.37699 0.26943 0.38178 0.28913
4 0.55461 0.32661 0.55751 0.33892 0.56016 0.33964 0.57282 0.33910 0.58476 0.33819 0.58572 0.33765 0.58585 0.29912 0.58524 0.29387 0.57162 0.28465 0.57041 0.28664 0.56788 0.28374 0.56305 0.28284 0.55618 0.28428 0.55135 0.28754 0.55244 0.29894 0.55352 0.31576 0.55461 0.32661
4 0.62255 0.33099 0.62702 0.33570 0.63051 0.34130 0.63401 0.34293 0.64414 0.34311 0.64824 0.34130 0.64728 0.33714 0.64728 0.32774 0.64559 0.31797 0.64282 0.30820 0.64101 0.30096 0.63739 0.29355 0.63438 0.29047 0.63051 0.29047 0.62798 0.29282 0.62135 0.29734 0.61568 0.30223 0.61713 0.31272 0.61834 0.32738 0.62255 0.33099
4 0.44741 0.34362 0.44912 0.34920 0.45354 0.34905 0.46278 0.34754 0.47957 0.34604 0.48137 0.33956 0.48258 0.33157 0.48298 0.32448 0.48258 0.31694 0.48369 0.30609 0.48308 0.29508 0.48248 0.29207 0.47484 0.29192 0.46399 0.29297 0.45625 0.29358 0.44821 0.29629 0.44409 0.29945 0.44489 0.31498 0.44610 0.33277 0.44741 0.34362
4 0.59236 0.33873 0.59368 0.33855 0.59923 0.33837 0.60599 0.33873 0.61274 0.33928 0.61829 0.34000 0.61732 0.33674 0.61756 0.33240 0.61805 0.32082 0.61515 0.30509 0.61177 0.29586 0.60659 0.28844 0.60044 0.28374 0.59598 0.28284 0.59332 0.28446 0.59115 0.28844 0.58934 0.29496 0.58717 0.29713 0.58621 0.30219 0.58693 0.32680 0.59236 0.33873
4 0.59902 0.24908 0.59779 0.25627 0.59360 0.25909 0.59631 0.26597 0.59966 0.27253 0.60381 0.27847 0.60717 0.27784 0.61173 0.27190 0.61590 0.27347 0.62092 0.25721 0.62384 0.23064 0.62488 0.20907 0.62235 0.18938 0.61821 0.18469 0.61069 0.19251 0.60195 0.20595 0.59820 0.21845 0.59797 0.22939 0.59924 0.23658 0.59902 0.24908
4 0.56035 0.24412 0.56122 0.24543 0.56180 0.25085 0.56281 0.25281 0.56628 0.25672 0.57308 0.25954 0.57931 0.26106 0.58162 0.25845 0.58379 0.25411 0.58900 0.25520 0.59146 0.25715 0.59624 0.25802 0.59855 0.25433 0.59942 0.24217 0.59754 0.22459 0.59465 0.20462 0.59059 0.18986 0.58510 0.18182 0.57540 0.18508 0.57308 0.19116 0.56831 0.19941 0.56295 0.20462 0.55876 0.20896 0.55745 0.22003 0.55905 0.23045 0.56035 0.24412
