4 0.41482 0.29183 0.41915 0.28926 0.42742 0.28567 0.43256 0.28120 0.43787 0.26329 0.44297 0.24476 0.44571 0.23502 0.44415 0.22879 0.43395 0.22960 0.42617 0.22567 0.41720 0.21332 0.41085 0.20780 0.40514 0.21509 0.40237 0.22327 0.40161 0.22797 0.40020 0.24238 0.39954 0.26427 0.40165 0.27799 0.40390 0.28702 0.40690 0.29197 0.41169 0.29189 0.41482 0.29183
4 0.52487 0.28273 0.53487 0.28386 0.53818 0.28250 0.54453 0.28174 0.55227 0.27704 0.55419 0.27093 0.55571 0.25853 0.55525 0.24052 0.55364 0.22296 0.54946 0.20740 0.54635 0.19508 0.53223 0.19858 0.50726 0.20293 0.50119 0.20303 0.49955 0.20892 0.49747 0.21395 0.49667 0.22612 0.49595 0.24307 0.49610 0.25979 0.49645 0.27194 0.49763 0.28104 0.50204 0.28508 0.50710 0.28456 0.51549 0.28442 0.52487 0.28273
4 0.54847 0.34094 0.54880 0.33279 0.54941 0.31921 0.54949 0.30293 0.54836 0.29336 0.54671 0.28850 0.54407 0.28945 0.54047 0.29042 0.53692 0.29464 0.53546 0.29376 0.52995 0.29585 0.52501 0.29648 0.52416 0.29595 0.52154 0.29799 0.51798 0.29461 0.51387 0.29360 0.51367 0.29650 0.51370 0.31187 0.51551 0.32541 0.51751 0.33623 0.52004 0.34325 0.52666 0.34241 0.53305 0.34229 0.54064 0.34162 0.54847 0.34094
4 0.44212 0.34130 0.44216 0.32667 0.44051 0.30710 0.44041 0.30137 0.43673 0.29736 0.43200 0.29730 0.42856 0.29615 0.42497 0.29772 0.42232 0.30138 0.41797 0.31111 0.41550 0.32502 0.41393 0.33892 0.41398 0.35294 0.41625 0.35652 0.41885 0.35587 0.42485 0.35411 0.43517 0.35242 0.43920 0.34723 0.44212 0.34130
1 0.48800 0.23945 0.48964 0.23369 0.49123 0.22533 0.48657 0.21707 0.48302 0.21271 0.47845 0.20731 0.47186 0.21110 0.46903 0.20725 0.46095 0.20804 0.45399 0.20730 0.44784 0.20733 0.44582 0.22091 0.44506 0.22692 0.44571 0.23502 0.44700 0.23861 0.45267 0.23512 0.45566 0.23741 0.46088 0.23758 0.47192 0.24338 0.47872 0.24483 0.48800 0.23945
4 0.51415 0.34516 0.51328 0.34111 0.51454 0.33279 0.51423 0.32692 0.51342 0.32030 0.51227 0.31203 0.51366 0.29994 0.51265 0.29347 0.50903 0.29354 0.50187 0.29246 0.49607 0.29376 0.48433 0.29487 0.48034 0.29690 0.48049 0.31107 0.48037 0.32133 0.48276 0.33787 0.48355 0.34268 0.48682 0.34564 0.48932 0.34514 0.49837 0.34514 0.50701 0.34499 0.51415 0.34516
4 0.40028 0.27083 0.39988 0.24832 0.39328 0.24031 0.38487 0.22389 0.37875 0.21962 0.36743 0.22794 0.36995 0.24072 0.36956 0.25448 0.37299 0.27162 0.37812 0.29122 0.38051 0.29649 0.38785 0.29918 0.39530 0.29592 0.39980 0.29147 0.40260 0.28423 0.40028 0.27083
4 0.58233 0.29765 0.58163 0.29242 0.56785 0.28343 0.56667 0.28544 0.56409 0.28259 0.55925 0.28177 0.55240 0.28334 0.54764 0.28668 0.54892 0.29805 0.55030 0.31485 0.55157 0.32569 0.55469 0.33794 0.55735 0.33861 0.57000 0.33785 0.58192 0.33674 0.58288 0.33618 0.58233 0.29765
4 0.64441 0.33460 0.64425 0.32519 0.64239 0.31546 0.63945 0.30574 0.63751 0.29853 0.63377 0.29118 0.63070 0.28816 0.62684 0.28823 0.62435 0.29062 0.61780 0.29526 0.61221 0.30024 0.61384 0.31070 0.61530 0.32534 0.61959 0.32888 0.62413 0.33350 0.62773 0.33905 0.63125 0.34062 0.64138 0.34062 0.64545 0.33874 0.64441 0.33460
4 0.47965 0.33190 0.47992 0.32480 0.47939 0.31728 0.48030 0.30640 0.47951 0.29541 0.47885 0.29240 0.47122 0.29239 0.46038 0.29363 0.45265 0.29437 0.44466 0.29722 0.44060 0.30046 0.44167 0.31597 0.44319 0.33374 0.44468 0.34457 0.44649 0.35011 0.45091 0.34988 0.46013 0.34822 0.47688 0.34642 0.47858 0.33990 0.47965 0.33190
4 0.61445 0.33472 0.61462 0.33037 0.61490 0.31879 0.61173 0.30311 0.60820 0.29394 0.60288 0.28662 0.59665 0.28202 0.59217 0.28120 0.58955 0.28287 0.58745 0.28688 0.58575 0.29343 0.58362 0.29564 0.58274 0.30072 0.58390 0.32530 0.58953 0.33715 0.59085 0.33694 0.59640 0.33667 0.60316 0.33691 0.60992 0.33733 0.61548 0.33796 0.61445 0.33472
4 0.60327 0.27601 0.60773 0.26999 0.61193 0.27148 0.61666 0.25514 0.61912 0.22852 0.61978 0.20694 0.61692 0.18729 0.61269 0.18268 0.60530 0.19062 0.59681 0.20421 0.59327 0.21678 0.59324 0.22772 0.59463 0.23489 0.59462 0.24739 0.59352 0.25460 0.58938 0.25749 0.59221 0.26432 0.59568 0.27082 0.59993 0.27669 0.60327 0.27601
4 0.57512 0.25971 0.57739 0.25707 0.57949 0.25269 0.58472 0.25368 0.58721 0.25559 0.59200 0.25638 0.59425 0.25264 0.59491 0.24048 0.59272 0.22293 0.58948 0.20301 0.58517 0.18832 0.57953 0.18039 0.56989 0.18381 0.56768 0.18993 0.56305 0.19826 0.55779 0.20356 0.55367 0.20798 0.55256 0.21907 0.55433 0.22946 0.55588 0.24311 0.55677 0.24440 0.55744 0.24981 0.55848 0.25175 0.56203 0.25560 0.56888 0.25830 0.57512 0.25971
