1 0.64125 0.51472 0.64230 0.51246 0.64209 0.51161 0.64084 0.51035 0.63944 0.51369 0.63730 0.51506 0.63709 0.51880 0.63760 0.52256 0.63875 0.52406 0.63986 0.52458 0.64095 0.52353 0.64118 0.52136 0.64096 0.51845 0.64125 0.51472
4 0.75656 0.68513 0.75958 0.67662 0.75810 0.66703 0.75641 0.64609 0.74820 0.61266 0.74153 0.59563 0.73259 0.57444 0.72761 0.56973 0.71800 0.56758 0.71027 0.57230 0.70430 0.58707 0.70176 0.60787 0.70083 0.62599 0.70164 0.63737 0.70447 0.64291 0.71165 0.65406 0.71951 0.66296 0.72793 0.67324 0.74692 0.68389 0.75656 0.68513
4 0.60474 0.68826 0.60907 0.68447 0.61844 0.67692 0.62748 0.66383 0.63168 0.64900 0.63326 0.63382 0.63677 0.59848 0.63653 0.58035 0.63339 0.56973 0.62820 0.56797 0.61697 0.56863 0.61409 0.57089 0.60812 0.57121 0.60073 0.57227 0.59610 0.56948 0.57143 0.56888 0.56897 0.57904 0.56704 0.59421 0.56739 0.61420 0.56831 0.62813 0.57345 0.65117 0.57908 0.66556 0.58825 0.67901 0.59627 0.68980 0.60474 0.68826
4 0.38958 0.65080 0.39405 0.64529 0.38985 0.62693 0.37778 0.60257 0.36944 0.58048 0.36304 0.56817 0.35527 0.56501 0.34296 0.56642 0.33939 0.56840 0.33050 0.57728 0.32145 0.59561 0.31380 0.61899 0.31111 0.64096 0.31413 0.65473 0.32652 0.66120 0.34835 0.66774 0.37343 0.67177 0.38958 0.65080
4 0.55817 0.63750 0.56082 0.61185 0.56341 0.60275 0.56125 0.56931 0.55718 0.56549 0.53515 0.56446 0.51479 0.56585 0.49468 0.56988 0.48864 0.57728 0.48716 0.59457 0.48693 0.61137 0.48670 0.62792 0.49348 0.65942 0.50842 0.68306 0.52030 0.68872 0.53377 0.68919 0.54268 0.67506 0.55371 0.65495 0.55817 0.63750
4 0.25207 0.55539 0.25762 0.56103 0.26464 0.55946 0.27776 0.55629 0.28415 0.54653 0.28958 0.53854 0.29686 0.51202 0.30016 0.49534 0.29515 0.48290 0.28716 0.47763 0.27501 0.46177 0.26707 0.45514 0.25700 0.44889 0.24588 0.44668 0.24209 0.45109 0.23711 0.45500 0.23350 0.46305 0.23283 0.47391 0.23277 0.48389 0.23545 0.49398 0.23955 0.51500 0.24252 0.52555 0.24502 0.54062 0.25207 0.55539
4 0.53320 0.56430 0.55439 0.56413 0.56255 0.56442 0.57668 0.56718 0.58876 0.56805 0.60882 0.56558 0.62037 0.55554 0.62797 0.53719 0.62785 0.51449 0.62579 0.49767 0.62312 0.47665 0.61607 0.45325 0.60628 0.43884 0.58975 0.43554 0.57284 0.42587 0.56344 0.42645 0.55627 0.43255 0.53482 0.44860 0.52272 0.47451 0.52018 0.49530 0.52123 0.50181 0.52552 0.53316 0.52940 0.55191 0.53320 0.56430
2 0.68067 0.47171 0.67940 0.45586 0.67297 0.45292 0.66119 0.45741 0.65753 0.46872 0.65024 0.47990 0.64318 0.49491 0.63692 0.49742 0.63432 0.50931 0.63740 0.52521 0.64402 0.53307 0.65290 0.52848 0.66118 0.52005 0.66830 0.50341 0.66981 0.49148 0.68181 0.49081 0.69289 0.49610 0.68815 0.48613 0.68179 0.48101 0.68067 0.47171
4 0.40190 0.55610 0.41578 0.56499 0.42457 0.56399 0.43682 0.56415 0.46377 0.56483 0.48643 0.56299 0.49039 0.56497 0.49639 0.56360 0.50026 0.55822 0.50465 0.54261 0.50598 0.52979 0.50518 0.51242 0.50616 0.49958 0.50793 0.48388 0.50533 0.47302 0.50262 0.46032 0.49866 0.44836 0.49217 0.43867 0.47847 0.42979 0.46472 0.42222 0.44524 0.42337 0.43027 0.43073 0.41760 0.43765 0.40667 0.44961 0.40196 0.45418 0.39851 0.46272 0.39558 0.47155 0.39415 0.48228 0.39308 0.49427 0.39209 0.50474 0.39214 0.50979 0.39227 0.53107 0.39420 0.54585 0.40190 0.55610
4 0.31280 0.61879 0.31674 0.60985 0.32120 0.59503 0.33088 0.57766 0.31912 0.56772 0.31060 0.56061 0.29869 0.55475 0.28180 0.56188 0.27440 0.56570 0.26114 0.58158 0.25705 0.57735 0.25240 0.58037 0.24728 0.58836 0.24388 0.59914 0.24977 0.60388 0.26002 0.61377 0.26577 0.62215 0.29227 0.64350 0.29451 0.63995 0.30084 0.63200 0.30688 0.62358 0.31280 0.61879
1 0.31166 0.53024 0.31708 0.53950 0.32421 0.54338 0.32930 0.54492 0.33328 0.54370 0.34106 0.54624 0.35075 0.54613 0.36366 0.54022 0.37154 0.54004 0.38107 0.53584 0.38665 0.53195 0.38714 0.51789 0.38348 0.50142 0.37856 0.48627 0.36623 0.46677 0.36414 0.45717 0.35692 0.43876 0.34966 0.42988 0.34392 0.42968 0.33103 0.44330 0.31810 0.45828 0.31163 0.47031 0.30874 0.48383 0.30821 0.49879 0.30758 0.50830 0.31166 0.53024
4 0.67283 0.54375 0.68190 0.55270 0.68950 0.55160 0.69275 0.53673 0.69802 0.51558 0.69897 0.48838 0.69518 0.46691 0.69112 0.45315 0.68317 0.44697 0.67343 0.44845 0.66411 0.45538 0.65592 0.47326 0.64875 0.47936 0.64374 0.49280 0.63752 0.49758 0.63467 0.50974 0.63743 0.52618 0.64426 0.53867 0.65205 0.54938 0.66158 0.54518 0.67283 0.54375
4 0.68561 0.68924 0.69176 0.68368 0.69514 0.67723 0.69577 0.66411 0.69701 0.63368 0.69816 0.60588 0.69847 0.58198 0.69127 0.57254 0.67900 0.56764 0.66999 0.56996 0.66352 0.56973 0.64821 0.57182 0.64302 0.57506 0.63866 0.59434 0.64020 0.60543 0.64025 0.62908 0.64322 0.63443 0.65269 0.65420 0.66156 0.67080 0.66965 0.68501 0.67680 0.69078 0.68561 0.68924
4 0.75713 0.53898 0.76417 0.51063 0.76759 0.48215 0.76671 0.46396 0.75727 0.45682 0.73780 0.45977 0.72654 0.47027 0.70904 0.48601 0.70064 0.49252 0.70070 0.51704 0.70493 0.52581 0.71112 0.53919 0.72107 0.55770 0.73219 0.56853 0.74175 0.57204 0.75212 0.56105 0.75713 0.53898
4 0.45834 0.67763 0.46356 0.66363 0.46748 0.65168 0.47239 0.64160 0.47595 0.62465 0.47495 0.59335 0.47476 0.57864 0.47129 0.57274 0.46556 0.56623 0.45511 0.56455 0.43849 0.56398 0.42336 0.57106 0.40886 0.57502 0.40137 0.59394 0.40040 0.61676 0.40325 0.63525 0.40785 0.66404 0.41198 0.67627 0.42050 0.67814 0.44024 0.68462 0.45219 0.68845 0.45834 0.67763
1 0.35605 0.51120 0.35324 0.51035 0.35227 0.50956 0.34675 0.50962 0.35004 0.51600 0.35574 0.52021 0.36220 0.52645 0.36665 0.52810 0.36849 0.52316 0.36597 0.51881 0.36474 0.51576 0.36447 0.51400 0.35923 0.51106 0.35605 0.51120
1 0.50053 0.50121 0.50300 0.50230 0.50517 0.49285 0.50683 0.48339 0.50403 0.47753 0.50198 0.47395 0.49952 0.47286 0.49741 0.47103 0.49503 0.47220 0.49872 0.47659 0.50018 0.48266 0.49955 0.48614 0.49750 0.48757 0.49433 0.48270 0.49090 0.48033 0.49128 0.48410 0.49525 0.48975 0.49940 0.49541 0.50053 0.50121
2 0.50434 0.51187 0.50795 0.48493 0.50299 0.45945 0.49855 0.44802 0.49218 0.43903 0.46388 0.42201 0.44494 0.42385 0.41775 0.43718 0.40160 0.45466 0.39566 0.47174 0.39291 0.49795 0.39288 0.50848 0.40737 0.49044 0.44088 0.50188 0.44916 0.49415 0.46256 0.47884 0.47070 0.47060 0.47776 0.48363 0.48711 0.49322 0.49655 0.50032 0.50252 0.50629 0.50434 0.51187
2 0.61346 0.51568 0.61659 0.51203 0.62307 0.52253 0.62728 0.53119 0.62801 0.51518 0.62482 0.49152 0.62287 0.47567 0.61583 0.45262 0.60660 0.43952 0.58953 0.43567 0.57283 0.42606 0.56329 0.42648 0.53478 0.44904 0.52252 0.47467 0.52082 0.49465 0.52774 0.54525 0.53199 0.55743 0.53562 0.53476 0.54133 0.51015 0.55048 0.50145 0.56312 0.49839 0.57301 0.49247 0.58015 0.50324 0.58680 0.51374 0.59736 0.51261 0.60366 0.51408 0.61346 0.51568
1 0.52881 0.47335 0.52673 0.47954 0.52819 0.48759 0.52933 0.48815 0.53143 0.48457 0.53246 0.48165 0.53425 0.48015 0.53528 0.47723 0.53281 0.47505 0.53053 0.47393 0.52881 0.47335
1 0.61430 0.48312 0.61450 0.48191 0.61376 0.48096 0.61297 0.48137 0.61269 0.48282 0.61377 0.48330 0.61430 0.48312
1 0.61050 0.50661 0.61070 0.50463 0.60971 0.50236 0.60837 0.50095 0.60691 0.49896 0.60517 0.49793 0.60265 0.49959 0.60151 0.50081 0.60154 0.50261 0.60261 0.50454 0.60362 0.50603 0.60555 0.50658 0.60707 0.50751 0.60904 0.50767 0.61050 0.50661
1 0.59088 0.45537 0.58988 0.45539 0.58878 0.45603 0.58843 0.45772 0.58920 0.45886 0.59065 0.45915 0.59160 0.45870 0.59225 0.45790 0.59221 0.45717 0.59166 0.45637 0.59088 0.45537
1 0.53091 0.53836 0.53169 0.53659 0.53185 0.53460 0.53187 0.53140 0.52997 0.53284 0.52890 0.53382 0.52828 0.53229 0.52738 0.53299 0.52679 0.53501 0.52713 0.53740 0.52793 0.53932 0.52880 0.53974 0.52976 0.53982 0.53091 0.53836
