2 0.49019 0.52434 0.49647 0.50346 0.49749 0.48263 0.49680 0.45551 0.49295 0.43202 0.47845 0.40295 0.46244 0.38688 0.44266 0.37938 0.42875 0.38183 0.41683 0.38569 0.40552 0.39296 0.39621 0.40163 0.38585 0.41928 0.38270 0.43301 0.37967 0.45068 0.37987 0.46514 0.38553 0.48392 0.38877 0.51058 0.39452 0.52495 0.41266 0.53977 0.43704 0.55348 0.46028 0.55070 0.47572 0.54359 0.49019 0.52434
4 0.30068 0.77991 0.30160 0.77581 0.27622 0.76404 0.27236 0.76817 0.25197 0.76979 0.22992 0.76384 0.21441 0.75033 0.20800 0.73817 0.20393 0.73741 0.18501 0.74370 0.16639 0.74600 0.15762 0.75395 0.14983 0.78239 0.14844 0.81168 0.15428 0.84856 0.16111 0.86310 0.17513 0.86260 0.18257 0.85636 0.19112 0.85092 0.21685 0.84048 0.24147 0.83121 0.24466 0.82326 0.25598 0.81487 0.26977 0.79816 0.30068 0.77991
4 0.81619 0.69209 0.82558 0.69112 0.85017 0.68063 0.86450 0.66750 0.86777 0.63958 0.86593 0.62008 0.86288 0.60147 0.86082 0.58850 0.85767 0.55898 0.85806 0.54831 0.85207 0.53501 0.84585 0.51525 0.83973 0.49992 0.83111 0.48333 0.82272 0.47455 0.81420 0.46887 0.80424 0.46277 0.78050 0.46901 0.77096 0.47957 0.76607 0.48283 0.76328 0.49802 0.75036 0.51397 0.73475 0.54304 0.73308 0.55291 0.73358 0.58291 0.73345 0.60413 0.73415 0.61973 0.73669 0.63158 0.74490 0.65099 0.75204 0.66306 0.76244 0.67422 0.77612 0.68069 0.80064 0.68662 0.81619 0.69209
4 0.25261 0.76968 0.27170 0.76631 0.27877 0.76359 0.30089 0.75133 0.31824 0.73990 0.32847 0.71791 0.33388 0.69087 0.33297 0.67085 0.32490 0.65110 0.31720 0.63720 0.30809 0.60976 0.29185 0.60327 0.28000 0.59749 0.26967 0.58356 0.26133 0.56977 0.25969 0.56415 0.24385 0.55808 0.22818 0.55297 0.21784 0.55578 0.20912 0.56027 0.20238 0.57229 0.19674 0.58313 0.19169 0.59731 0.18885 0.61651 0.18831 0.63581 0.19428 0.66970 0.20171 0.71368 0.20614 0.73505 0.21401 0.74991 0.23040 0.76474 0.25261 0.76968
1 0.27133 0.72852 0.27077 0.73110 0.27187 0.73263 0.27397 0.73407 0.27590 0.73459 0.27851 0.73566 0.27895 0.73386 0.27668 0.73283 0.27411 0.73166 0.27268 0.73001 0.27133 0.72852
4 0.90465 0.66160 0.89088 0.66354 0.86942 0.66092 0.84189 0.68350 0.81967 0.69333 0.81330 0.70183 0.80394 0.71579 0.82008 0.71983 0.84093 0.72452 0.88082 0.72931 0.90813 0.72597 0.93812 0.71182 0.93736 0.70752 0.92562 0.68744 0.91629 0.66989 0.90465 0.66160
4 0.64691 0.49461 0.65113 0.47848 0.64525 0.44123 0.63847 0.42089 0.62601 0.39677 0.61639 0.38616 0.59660 0.36572 0.58122 0.35476 0.57276 0.34941 0.56055 0.35122 0.55167 0.34869 0.54157 0.34568 0.53301 0.34753 0.51398 0.35465 0.50552 0.36742 0.49941 0.38320 0.49451 0.40321 0.49531 0.41810 0.49748 0.42524 0.49794 0.43302 0.49851 0.44660 0.50294 0.47043 0.50772 0.48975 0.51309 0.50727 0.52081 0.52266 0.53838 0.54212 0.55165 0.55277 0.56985 0.55777 0.58784 0.55254 0.60286 0.54340 0.61721 0.53300 0.63088 0.51487 0.64691 0.49461
1 0.29516 0.70925 0.29433 0.70997 0.29442 0.71158 0.29500 0.71271 0.29577 0.71306 0.29623 0.71279 0.29736 0.71382 0.29775 0.71347 0.29721 0.71185 0.29665 0.71052 0.29620 0.70974 0.29516 0.70925
4 0.45009 0.57459 0.46825 0.57335 0.48377 0.56274 0.49281 0.54884 0.49828 0.52966 0.50145 0.51040 0.50073 0.49330 0.49687 0.48068 0.49784 0.46575 0.49786 0.44162 0.49795 0.43471 0.49199 0.41952 0.48974 0.40860 0.48785 0.40351 0.48056 0.39003 0.46761 0.37804 0.45248 0.37037 0.43288 0.37088 0.41530 0.37545 0.39730 0.38503 0.38717 0.39272 0.37625 0.40892 0.37009 0.43166 0.36515 0.45764 0.36564 0.48463 0.36936 0.50760 0.37504 0.52678 0.38393 0.53998 0.39910 0.55158 0.41895 0.55990 0.43347 0.56964 0.45009 0.57459
4 0.76627 0.48006 0.76686 0.45500 0.76402 0.43499 0.75457 0.41888 0.73981 0.40371 0.72209 0.39111 0.69902 0.38561 0.68159 0.38628 0.67338 0.39013 0.66637 0.39170 0.65593 0.40106 0.64726 0.41387 0.64392 0.41822 0.64140 0.42721 0.64507 0.44024 0.64822 0.46327 0.64966 0.48695 0.64927 0.49898 0.65422 0.51930 0.66668 0.54343 0.68130 0.56170 0.69385 0.56700 0.71405 0.56003 0.72974 0.55077 0.73988 0.53462 0.75091 0.51319 0.76338 0.49732 0.76627 0.48006
4 0.36478 0.61884 0.37799 0.61104 0.38471 0.59619 0.38678 0.57429 0.38744 0.55092 0.38351 0.53897 0.38037 0.53405 0.37414 0.52592 0.37038 0.51359 0.36690 0.49643 0.36623 0.49005 0.35851 0.47604 0.35188 0.46558 0.34131 0.45343 0.32628 0.44446 0.31407 0.44627 0.30096 0.45337 0.28651 0.46446 0.27736 0.47462 0.26840 0.49227 0.26131 0.51540 0.25743 0.53351 0.25747 0.54923 0.25959 0.56253 0.25897 0.54999 0.26351 0.57312 0.27827 0.59479 0.29252 0.60321 0.30884 0.60922 0.31373 0.61245 0.33938 0.61956 0.35262 0.62099 0.36478 0.61884
2 0.51635 0.49621 0.52425 0.49885 0.53163 0.49043 0.53963 0.47478 0.53869 0.46853 0.53444 0.45789 0.53206 0.44607 0.52664 0.43625 0.52161 0.43000 0.51929 0.42044 0.51710 0.40896 0.51547 0.40236 0.50674 0.39773 0.50439 0.40954 0.50372 0.42461 0.50230 0.43270 0.50348 0.45195 0.50370 0.47114 0.50946 0.48769 0.51635 0.49621
