2 0.49105 0.52466 0.49659 0.50358 0.49688 0.48273 0.49525 0.45565 0.49058 0.43231 0.47508 0.40376 0.45851 0.38826 0.43849 0.38145 0.42467 0.38439 0.41289 0.38866 0.40184 0.39632 0.39284 0.40532 0.38310 0.42331 0.38044 0.43715 0.37802 0.45491 0.37873 0.46936 0.38504 0.48792 0.38920 0.51446 0.39546 0.52862 0.41410 0.54279 0.43895 0.55565 0.46207 0.55206 0.47726 0.54441 0.49105 0.52466
4 0.31057 0.78670 0.31135 0.78257 0.28558 0.77169 0.28186 0.77595 0.26154 0.77829 0.23929 0.77311 0.22332 0.76015 0.21649 0.74821 0.21239 0.74760 0.19371 0.75454 0.17518 0.75749 0.16669 0.76574 0.15990 0.79444 0.15953 0.82376 0.16665 0.86041 0.17399 0.87471 0.18799 0.87371 0.19520 0.86722 0.20356 0.86148 0.22890 0.85015 0.25319 0.84003 0.25610 0.83198 0.26712 0.82320 0.28032 0.80602 0.31057 0.78670
4 0.82270 0.68094 0.83206 0.67964 0.85626 0.66829 0.87012 0.65468 0.87242 0.62665 0.86990 0.60723 0.86620 0.58874 0.86369 0.57585 0.85951 0.54646 0.85953 0.53578 0.85308 0.52270 0.84618 0.50317 0.83952 0.48807 0.83032 0.47178 0.82164 0.46330 0.81292 0.45793 0.80275 0.45217 0.77925 0.45924 0.77009 0.47013 0.76531 0.47355 0.76305 0.48883 0.75070 0.50522 0.73611 0.53482 0.73478 0.54475 0.73633 0.57470 0.73694 0.59591 0.73818 0.61148 0.74114 0.62324 0.75002 0.64235 0.75758 0.65417 0.76836 0.66495 0.78226 0.67095 0.80697 0.67602 0.82270 0.68094
4 0.26217 0.77815 0.28114 0.77412 0.28810 0.77115 0.30979 0.75812 0.32672 0.74610 0.33618 0.72377 0.34064 0.69655 0.33904 0.67657 0.33028 0.65712 0.32209 0.64350 0.31204 0.61639 0.29558 0.61047 0.28354 0.60510 0.27272 0.59155 0.26391 0.57806 0.26207 0.57250 0.24603 0.56699 0.23019 0.56242 0.21996 0.56559 0.21140 0.57039 0.20508 0.58263 0.19983 0.59366 0.19528 0.60801 0.19310 0.62730 0.19324 0.64660 0.20039 0.68027 0.20935 0.72396 0.21452 0.74517 0.22290 0.75974 0.23981 0.77399 0.26217 0.77815
1 0.27945 0.73637 0.27898 0.73896 0.28013 0.74045 0.28227 0.74182 0.28423 0.74227 0.28687 0.74324 0.28725 0.74143 0.28494 0.74048 0.28234 0.73940 0.28085 0.73780 0.27945 0.73637
4 0.91005 0.64738 0.89635 0.64980 0.87481 0.64793 0.84809 0.67145 0.82622 0.68205 0.82015 0.69078 0.81129 0.70505 0.82756 0.70853 0.84855 0.71249 0.88859 0.71588 0.91577 0.71159 0.94525 0.69640 0.94434 0.69213 0.93190 0.67247 0.92196 0.65526 0.91005 0.64738
4 0.64663 0.48949 0.65029 0.47322 0.64310 0.43620 0.63562 0.41611 0.62233 0.39244 0.61235 0.38216 0.59186 0.36243 0.57611 0.35201 0.56746 0.34697 0.55532 0.34920 0.54636 0.34698 0.53616 0.34433 0.52767 0.34647 0.50890 0.35425 0.50089 0.36731 0.49534 0.38329 0.49114 0.40346 0.49246 0.41832 0.49488 0.42538 0.49561 0.43313 0.49665 0.44668 0.50191 0.47035 0.50735 0.48949 0.51333 0.50681 0.52159 0.52192 0.53982 0.54075 0.55346 0.55093 0.57182 0.55529 0.58962 0.54945 0.60432 0.53978 0.61829 0.52889 0.63132 0.51029 0.64663 0.48949
1 0.30259 0.71627 0.30178 0.71702 0.30193 0.71862 0.30255 0.71974 0.30333 0.72006 0.30378 0.71977 0.30495 0.72076 0.30532 0.72040 0.30472 0.71880 0.30412 0.71749 0.30364 0.71672 0.30259 0.71627
4 0.45273 0.57628 0.47083 0.57442 0.48597 0.56327 0.49452 0.54906 0.49932 0.52970 0.50181 0.51034 0.50050 0.49328 0.49620 0.48080 0.49665 0.46584 0.49582 0.44173 0.49568 0.43483 0.48919 0.41985 0.48655 0.40901 0.48450 0.40400 0.47673 0.39078 0.46337 0.37924 0.44798 0.37211 0.42841 0.37330 0.41101 0.37848 0.39335 0.38868 0.38350 0.39672 0.37314 0.41329 0.36778 0.43624 0.36375 0.46237 0.36519 0.48932 0.36971 0.51215 0.37605 0.53113 0.38540 0.54400 0.40097 0.55507 0.42109 0.56269 0.43594 0.57192 0.45273 0.57628
4 0.76541 0.47078 0.76513 0.44571 0.76159 0.42582 0.75158 0.41005 0.73631 0.39540 0.71816 0.38342 0.69490 0.37873 0.67751 0.38002 0.66944 0.38414 0.66248 0.38596 0.65239 0.39568 0.64416 0.40879 0.64098 0.41325 0.63878 0.42232 0.64290 0.43521 0.64685 0.45812 0.64911 0.48173 0.64915 0.49377 0.65480 0.51391 0.66810 0.53758 0.68334 0.55533 0.69607 0.56020 0.71601 0.55252 0.73137 0.54272 0.74094 0.52623 0.75122 0.50442 0.76313 0.48813 0.76541 0.47078
4 0.36901 0.62349 0.38194 0.61523 0.38814 0.60015 0.38944 0.57820 0.38929 0.55482 0.38494 0.54301 0.38163 0.53821 0.37513 0.53030 0.37093 0.51811 0.36685 0.50108 0.36596 0.49473 0.35776 0.48099 0.35077 0.47077 0.33978 0.45900 0.32445 0.45055 0.31230 0.45279 0.29945 0.46034 0.28540 0.47193 0.27661 0.48240 0.26827 0.50035 0.26199 0.52372 0.25875 0.54195 0.25934 0.55766 0.26192 0.57088 0.26086 0.55837 0.26620 0.58133 0.28171 0.60247 0.29624 0.61039 0.31277 0.61582 0.31777 0.61888 0.34365 0.62509 0.35693 0.62606 0.36901 0.62349
2 0.51620 0.49564 0.52420 0.49801 0.53128 0.48933 0.53872 0.47341 0.53757 0.46720 0.53295 0.45671 0.53015 0.44499 0.52440 0.43535 0.51915 0.42929 0.51650 0.41982 0.51392 0.40842 0.51205 0.40188 0.50316 0.39755 0.50123 0.40944 0.50109 0.42453 0.49995 0.43265 0.50180 0.45186 0.50269 0.47103 0.50903 0.48737 0.51620 0.49564
