4 0.81785 0.16027 0.82736 0.15879 0.83211 0.15487 0.83875 0.14363 0.84205 0.13459 0.84374 0.12125 0.84235 0.11074 0.83608 0.10237 0.82540 0.09333 0.82010 0.08930 0.81997 0.09370 0.81990 0.09894 0.81990 0.10169 0.81646 0.10605 0.81264 0.10760 0.80315 0.10941 0.78571 0.10361 0.77552 0.10465 0.76968 0.10865 0.76247 0.11486 0.74977 0.12375 0.74443 0.12869 0.74185 0.13556 0.75670 0.14480 0.78034 0.15251 0.79520 0.15810 0.80909 0.15990 0.81785 0.16027
4 0.49145 0.17815 0.50416 0.16493 0.50626 0.15362 0.50010 0.14053 0.49357 0.13336 0.48308 0.12959 0.47779 0.12898 0.45509 0.11920 0.44524 0.11696 0.43808 0.12705 0.42689 0.14330 0.41869 0.15347 0.41346 0.16109 0.42570 0.17864 0.43771 0.19307 0.44840 0.19976 0.46303 0.19893 0.47306 0.19255 0.49145 0.17815
1 0.38083 0.36158 0.37730 0.36110 0.37138 0.36268 0.36713 0.36297 0.36681 0.36677 0.36990 0.36656 0.37694 0.36708 0.38349 0.36619 0.38497 0.36507 0.38525 0.36359 0.38383 0.36268 0.38083 0.36158
1 0.42926 0.36168 0.42766 0.35830 0.42453 0.35794 0.41908 0.36065 0.41542 0.35843 0.41257 0.35660 0.41020 0.35604 0.40630 0.35588 0.40335 0.35826 0.40024 0.36109 0.40108 0.36190 0.40693 0.36208 0.41204 0.36288 0.41457 0.36576 0.41737 0.36687 0.42290 0.36532 0.42593 0.36409 0.42926 0.36168
1 0.42478 0.30634 0.42465 0.30529 0.42238 0.30561 0.41972 0.30617 0.41628 0.30734 0.41237 0.30887 0.41047 0.30973 0.40727 0.31125 0.40649 0.31260 0.40729 0.31388 0.40924 0.31460 0.41043 0.31293 0.41209 0.31034 0.41452 0.30859 0.41960 0.30674 0.42270 0.30624 0.42478 0.30634
2 0.83632 0.13896 0.83681 0.13515 0.83557 0.13004 0.83064 0.12472 0.82715 0.12364 0.82361 0.12540 0.81766 0.12525 0.81228 0.12251 0.80737 0.12087 0.80418 0.12043 0.80136 0.12167 0.79873 0.12742 0.79536 0.13351 0.79874 0.14206 0.81184 0.15238 0.81777 0.15386 0.82081 0.15222 0.82454 0.14592 0.82628 0.14004 0.83171 0.13994 0.83632 0.13896
1 0.82347 0.24996 0.82619 0.24994 0.82725 0.24741 0.82654 0.24674 0.82462 0.24639 0.82083 0.24764 0.82127 0.24886 0.82347 0.24996
1 0.40989 0.28873 0.41095 0.28853 0.41137 0.28790 0.41100 0.28697 0.40979 0.28688 0.40868 0.28726 0.40889 0.28827 0.40989 0.28873
1 0.81534 0.18010 0.81395 0.18032 0.81217 0.18112 0.81207 0.18218 0.81190 0.18346 0.81235 0.18475 0.81421 0.18460 0.81567 0.18387 0.81637 0.18295 0.81685 0.18174 0.81602 0.18073 0.81534 0.18010
4 0.43721 0.37668 0.41333 0.36875 0.40159 0.36586 0.36560 0.36886 0.36553 0.38992 0.36829 0.40696 0.37791 0.42449 0.38548 0.43160 0.41523 0.42972 0.43426 0.42447 0.44233 0.41235 0.44781 0.39709 0.44211 0.38300 0.43721 0.37668
4 0.44124 0.35222 0.44427 0.34300 0.44306 0.33701 0.43214 0.32700 0.41995 0.32512 0.40516 0.32360 0.39445 0.32415 0.38376 0.32490 0.37018 0.32194 0.36868 0.33790 0.36702 0.35173 0.36560 0.36886 0.38460 0.36695 0.39504 0.36250 0.40840 0.36234 0.41714 0.36741 0.42400 0.36811 0.43204 0.36304 0.44124 0.35222
4 0.81910 0.08757 0.81270 0.07724 0.80472 0.06932 0.79743 0.06183 0.78513 0.05470 0.77330 0.04802 0.76677 0.04521 0.76259 0.04469 0.75845 0.04808 0.75640 0.05311 0.76190 0.06301 0.76222 0.07065 0.76169 0.07559 0.75379 0.08103 0.74271 0.08524 0.73024 0.08513 0.72768 0.08596 0.72485 0.09236 0.73992 0.09849 0.75534 0.10345 0.77063 0.10352 0.78571 0.10361 0.80315 0.10941 0.81264 0.10760 0.81919 0.10404 0.81980 0.09747 0.81910 0.08757
4 0.84450 0.29933 0.85691 0.30061 0.86824 0.30138 0.87674 0.29550 0.88061 0.28720 0.88181 0.27811 0.87639 0.27556 0.87738 0.26726 0.87503 0.25607 0.86968 0.25076 0.85787 0.24689 0.84593 0.25223 0.83780 0.25593 0.82166 0.26509 0.81172 0.27283 0.79968 0.27309 0.78968 0.27261 0.77662 0.28077 0.77248 0.28909 0.77480 0.29597 0.78759 0.30644 0.80342 0.31532 0.81691 0.31711 0.82214 0.31695 0.82626 0.31215 0.83626 0.30519 0.84450 0.29933
4 0.66213 0.07945 0.66883 0.08469 0.67361 0.08746 0.68727 0.08912 0.69633 0.08750 0.71322 0.08534 0.73155 0.08504 0.74271 0.08524 0.75378 0.08120 0.76169 0.07559 0.76190 0.06301 0.75514 0.05059 0.74890 0.04271 0.73517 0.03371 0.72538 0.02803 0.71260 0.02338 0.70249 0.01935 0.68923 0.01718 0.67288 0.02077 0.66217 0.02690 0.65565 0.03666 0.65236 0.04277 0.65260 0.04618 0.65802 0.05493 0.66084 0.06094 0.65974 0.07342 0.65687 0.07607 0.66213 0.07945
4 0.84408 0.20074 0.85391 0.19516 0.86280 0.17985 0.86450 0.16661 0.86014 0.15673 0.85318 0.15095 0.83966 0.14505 0.83211 0.15487 0.82812 0.15995 0.81456 0.16090 0.80426 0.15986 0.79071 0.15728 0.78421 0.15421 0.77300 0.15891 0.75871 0.16813 0.75543 0.17757 0.76329 0.18877 0.77445 0.19837 0.78910 0.20537 0.80262 0.20384 0.80973 0.20060 0.82634 0.20198 0.84408 0.20074
4 0.80736 0.27363 0.81687 0.27007 0.82711 0.26165 0.84176 0.25377 0.85529 0.24852 0.86827 0.23919 0.86827 0.23175 0.86683 0.22245 0.86368 0.21856 0.86213 0.20770 0.85943 0.19908 0.85454 0.19277 0.84408 0.20074 0.82634 0.20198 0.80973 0.20060 0.80475 0.20427 0.78542 0.20523 0.77525 0.20595 0.75793 0.21323 0.75222 0.21774 0.75377 0.23251 0.75653 0.24192 0.76693 0.25196 0.77246 0.25607 0.77692 0.25987 0.78673 0.26898 0.79173 0.27294 0.80736 0.27363
4 0.62698 0.07963 0.63611 0.07915 0.64568 0.07848 0.65464 0.07541 0.65974 0.07342 0.66084 0.06094 0.65802 0.05493 0.65260 0.04618 0.64345 0.03719 0.64026 0.03219 0.62539 0.02572 0.61220 0.02453 0.59946 0.02672 0.58135 0.03011 0.57131 0.03326 0.55696 0.03736 0.54621 0.04611 0.54133 0.05755 0.53970 0.07480 0.54024 0.07949 0.54906 0.09307 0.55635 0.09745 0.56579 0.09500 0.57490 0.09093 0.59265 0.08545 0.61442 0.08132 0.62698 0.07963
4 0.47876 0.22897 0.48241 0.21755 0.48021 0.20850 0.47353 0.20290 0.46483 0.19842 0.44840 0.19976 0.44028 0.19602 0.42659 0.19522 0.41160 0.19822 0.40005 0.20177 0.39457 0.20588 0.38693 0.22403 0.38387 0.24030 0.38729 0.24790 0.40204 0.25646 0.41315 0.25784 0.42913 0.25398 0.43910 0.25035 0.45888 0.24465 0.47055 0.23894 0.47876 0.22897
4 0.43503 0.32719 0.44515 0.32570 0.45456 0.31780 0.45793 0.30973 0.45870 0.30204 0.46608 0.29506 0.47056 0.28045 0.47039 0.27048 0.46828 0.26280 0.46448 0.25718 0.45914 0.25208 0.44686 0.24882 0.44091 0.25002 0.42913 0.25398 0.41315 0.25784 0.40204 0.25646 0.38729 0.24790 0.38416 0.24440 0.38290 0.24879 0.37834 0.26987 0.37667 0.28722 0.37236 0.30064 0.37076 0.31524 0.37408 0.32147 0.38376 0.32490 0.39445 0.32415 0.40516 0.32360 0.41995 0.32512 0.43503 0.32719
4 0.53034 0.11570 0.53545 0.11006 0.53979 0.10467 0.54580 0.10053 0.54931 0.09460 0.53904 0.07887 0.52969 0.07267 0.51476 0.06530 0.50593 0.06278 0.49646 0.06227 0.48209 0.07424 0.46864 0.08810 0.46335 0.10610 0.46289 0.11455 0.46825 0.12377 0.47779 0.12898 0.48956 0.12854 0.50405 0.12577 0.51818 0.12165 0.53034 0.11570
