4 0.76974 0.14664 0.76669 0.15332 0.78085 0.16357 0.80390 0.17291 0.81833 0.17952 0.83206 0.18229 0.84078 0.18327 0.85036 0.18245 0.85538 0.17888 0.86279 0.16813 0.86671 0.15934 0.86932 0.14615 0.86867 0.13557 0.86300 0.12678 0.85298 0.11702 0.84797 0.11263 0.84753 0.11701 0.84710 0.12224 0.84690 0.12497 0.84317 0.12908 0.83925 0.13037 0.82966 0.13150 0.81267 0.12450 0.80242 0.12483 0.79632 0.12841 0.78870 0.13411 0.77540 0.14208 0.76974 0.14664
4 0.43731 0.15587 0.44829 0.17424 0.45928 0.18947 0.46947 0.19690 0.48412 0.19709 0.49458 0.19143 0.51393 0.17834 0.52753 0.16603 0.53040 0.15490 0.52517 0.14142 0.51916 0.13380 0.50896 0.12931 0.50373 0.12833 0.48176 0.11700 0.47209 0.11407 0.46424 0.12364 0.45195 0.13907 0.44306 0.14865 0.43731 0.15587
1 0.37953 0.35781 0.38651 0.35882 0.39311 0.35839 0.39466 0.35737 0.39505 0.35592 0.39369 0.35491 0.39078 0.35360 0.38729 0.35288 0.38128 0.35404 0.37701 0.35404 0.37643 0.35781 0.37953 0.35781
1 0.41677 0.35592 0.42182 0.35708 0.42414 0.36012 0.42686 0.36143 0.43249 0.36027 0.43559 0.35926 0.43908 0.35708 0.43772 0.35360 0.43462 0.35302 0.42899 0.35534 0.42550 0.35288 0.42279 0.35085 0.42046 0.35013 0.41658 0.34969 0.41348 0.35187 0.41018 0.35447 0.41095 0.35534 0.41677 0.35592
1 0.42239 0.30872 0.42369 0.30714 0.42553 0.30467 0.42808 0.30310 0.43327 0.30160 0.43640 0.30132 0.43847 0.30156 0.43842 0.30051 0.43613 0.30067 0.43343 0.30105 0.42992 0.30196 0.42591 0.30322 0.42396 0.30395 0.42066 0.30524 0.41979 0.30653 0.42050 0.30787 0.42239 0.30872
2 0.83533 0.17498 0.84114 0.17687 0.84429 0.17545 0.84845 0.16942 0.85059 0.16367 0.85602 0.16396 0.86068 0.16330 0.86144 0.15953 0.86056 0.15435 0.85602 0.14870 0.85261 0.14738 0.84895 0.14889 0.84303 0.14832 0.83786 0.14521 0.83306 0.14323 0.82991 0.14258 0.82701 0.14361 0.82399 0.14917 0.82020 0.15501 0.82298 0.16377 0.83533 0.17498
1 0.84284 0.27330 0.84407 0.27085 0.84341 0.27014 0.84152 0.26965 0.83765 0.27063 0.83801 0.27188 0.84013 0.27314 0.84284 0.27330
1 0.42591 0.28283 0.42638 0.28223 0.42608 0.28128 0.42488 0.28111 0.42375 0.28141 0.42388 0.28243 0.42485 0.28295 0.42591 0.28283
1 0.83358 0.20731 0.83545 0.20728 0.83695 0.20666 0.83772 0.20579 0.83828 0.20462 0.83752 0.20355 0.83688 0.20288 0.83548 0.20300 0.83365 0.20367 0.83348 0.20472 0.83322 0.20599 0.83358 0.20731
4 0.39053 0.42378 0.42034 0.42397 0.43969 0.42007 0.44858 0.40854 0.45512 0.39370 0.45041 0.37924 0.44597 0.37260 0.42269 0.36303 0.41119 0.35932 0.37508 0.35981 0.37353 0.38080 0.37510 0.39800 0.38347 0.41616 0.39053 0.42378
4 0.39416 0.35922 0.40489 0.35551 0.41822 0.35629 0.42659 0.36195 0.43339 0.36313 0.44176 0.35863 0.45169 0.34848 0.45535 0.33949 0.45457 0.33344 0.44437 0.32269 0.43234 0.31996 0.41770 0.31742 0.40698 0.31722 0.39626 0.31722 0.38292 0.31331 0.38031 0.32914 0.37769 0.34281 0.37508 0.35981 0.39416 0.35922
4 0.79763 0.12337 0.81267 0.12450 0.82966 0.13150 0.83925 0.13037 0.84603 0.12727 0.84710 0.12076 0.84710 0.11083 0.84143 0.10009 0.83402 0.09162 0.82727 0.08365 0.81550 0.07567 0.80417 0.06818 0.79785 0.06493 0.79371 0.06411 0.78935 0.06721 0.78695 0.07209 0.79175 0.08234 0.79153 0.08999 0.79066 0.09488 0.78240 0.09975 0.77105 0.10318 0.75862 0.10220 0.75601 0.10285 0.75274 0.10904 0.76734 0.11620 0.78238 0.12223 0.79763 0.12337
4 0.80039 0.32697 0.81556 0.33693 0.82890 0.33967 0.83413 0.33986 0.83857 0.33537 0.84903 0.32912 0.85766 0.32385 0.86995 0.32599 0.88119 0.32755 0.89009 0.32228 0.89453 0.31427 0.89636 0.30529 0.89113 0.30236 0.89270 0.29415 0.89113 0.28282 0.88616 0.27716 0.87466 0.27247 0.86237 0.27696 0.85400 0.28009 0.83726 0.28810 0.82680 0.29513 0.81478 0.29454 0.80484 0.29337 0.79124 0.30060 0.78653 0.30861 0.78836 0.31564 0.80039 0.32697
4 0.68388 0.05451 0.68388 0.05793 0.68868 0.06704 0.69107 0.07323 0.68911 0.08560 0.68606 0.08804 0.69107 0.09179 0.69739 0.09748 0.70197 0.10057 0.71548 0.10318 0.72463 0.10220 0.74163 0.10123 0.75993 0.10220 0.77105 0.10318 0.78238 0.09992 0.79066 0.09488 0.79175 0.08234 0.78586 0.06948 0.78020 0.06118 0.76712 0.05125 0.75775 0.04490 0.74533 0.03937 0.73553 0.03465 0.72245 0.03156 0.70589 0.03400 0.69478 0.03937 0.68759 0.04865 0.68388 0.05451
4 0.78436 0.20789 0.79482 0.21824 0.80894 0.22625 0.82254 0.22567 0.82986 0.22293 0.84634 0.22547 0.86412 0.22547 0.87432 0.22059 0.88425 0.20594 0.88687 0.19285 0.88321 0.18269 0.87667 0.17644 0.86360 0.16960 0.85538 0.17888 0.85104 0.18367 0.83745 0.18367 0.82725 0.18191 0.81391 0.17840 0.80764 0.17488 0.79613 0.17878 0.78123 0.18699 0.77730 0.19617 0.78436 0.20789
4 0.77390 0.26044 0.78358 0.27118 0.78881 0.27568 0.79299 0.27978 0.80215 0.28954 0.80685 0.29384 0.82240 0.29562 0.83213 0.29273 0.84294 0.28505 0.85810 0.27821 0.87196 0.27392 0.88556 0.26552 0.88608 0.25809 0.88530 0.24872 0.88242 0.24461 0.88164 0.23367 0.87955 0.22489 0.87510 0.21824 0.86412 0.22547 0.84634 0.22547 0.82986 0.22293 0.82463 0.22625 0.80528 0.22586 0.79509 0.22586 0.77730 0.23192 0.77129 0.23602 0.77181 0.25087 0.77390 0.26044
4 0.57732 0.09748 0.58430 0.10237 0.59388 0.10057 0.60325 0.09716 0.62134 0.09293 0.64335 0.09032 0.65599 0.08951 0.66514 0.08967 0.67473 0.08967 0.68388 0.08723 0.68911 0.08560 0.69107 0.07323 0.68868 0.06704 0.68388 0.05793 0.67538 0.04832 0.67255 0.04312 0.65817 0.03563 0.64509 0.03351 0.63224 0.03481 0.61393 0.03693 0.60369 0.03937 0.58909 0.04246 0.57776 0.05044 0.57209 0.06151 0.56926 0.07860 0.56948 0.08332 0.57732 0.09748
4 0.41927 0.25022 0.43025 0.25237 0.44646 0.24963 0.45666 0.24671 0.47680 0.24241 0.48883 0.23752 0.49772 0.22815 0.50216 0.21701 0.50059 0.20783 0.49432 0.20178 0.48595 0.19670 0.46947 0.19690 0.46163 0.19260 0.44803 0.19084 0.43287 0.19279 0.42110 0.19553 0.41535 0.19924 0.40645 0.21682 0.40227 0.23284 0.40515 0.24065 0.41927 0.25022
4 0.38397 0.30667 0.38684 0.31312 0.39626 0.31722 0.40698 0.31722 0.41770 0.31742 0.43234 0.31996 0.44725 0.32308 0.45745 0.32230 0.46738 0.31507 0.47131 0.30726 0.47261 0.29964 0.48046 0.29320 0.48595 0.27894 0.48647 0.26897 0.48490 0.26116 0.48150 0.25530 0.47653 0.24983 0.46451 0.24573 0.45849 0.24651 0.44646 0.24963 0.43025 0.25237 0.41927 0.25022 0.40515 0.24065 0.40227 0.23694 0.40070 0.24123 0.39469 0.26194 0.39181 0.27913 0.38658 0.29222 0.38397 0.30667
4 0.48987 0.11290 0.49458 0.12247 0.50373 0.12833 0.51550 0.12872 0.53014 0.12696 0.54452 0.12384 0.55707 0.11876 0.56257 0.11348 0.56727 0.10841 0.57355 0.10469 0.57747 0.09903 0.56832 0.08262 0.55943 0.07578 0.54505 0.06739 0.53642 0.06426 0.52700 0.06309 0.51184 0.07403 0.49745 0.08692 0.49092 0.10450 0.48987 0.11290
