4 0.63391 0.60298 0.64434 0.61460 0.65475 0.62342 0.66841 0.63312 0.67816 0.63573 0.69065 0.63676 0.70492 0.63408 0.71845 0.62981 0.73207 0.62232 0.74054 0.61670 0.75157 0.60155 0.76559 0.57234 0.77416 0.55189 0.78640 0.49899 0.79382 0.46987 0.79838 0.44416 0.79338 0.42240 0.78333 0.40067 0.76116 0.39241 0.73294 0.39228 0.71703 0.39822 0.69886 0.40682 0.68815 0.41788 0.67087 0.44482 0.65432 0.46035 0.64080 0.46462 0.63508 0.47005 0.63179 0.47799 0.61720 0.52376 0.61824 0.55746 0.61920 0.57118 0.62044 0.57523 0.62413 0.58457 0.62719 0.59050 0.63391 0.60298
4 0.24476 0.46758 0.25685 0.45526 0.26908 0.44549 0.28085 0.39845 0.28527 0.37103 0.26985 0.31772 0.26180 0.28997 0.25029 0.26580 0.24063 0.25970 0.22563 0.26572 0.21539 0.29610 0.20838 0.32383 0.19937 0.36056 0.19427 0.42645 0.19681 0.46226 0.20360 0.48064 0.21170 0.48632 0.22223 0.48764 0.23618 0.48084 0.24476 0.46758
4 0.39286 0.76648 0.39786 0.76225 0.41566 0.66117 0.42655 0.64366 0.42470 0.63899 0.41741 0.63007 0.40596 0.62515 0.38465 0.61944 0.36794 0.61681 0.36046 0.61295 0.33718 0.60161 0.32600 0.60000 0.31835 0.60399 0.31459 0.61227 0.31118 0.63364 0.30680 0.67889 0.29842 0.72029 0.29157 0.75884 0.28864 0.79288 0.33293 0.81682 0.34634 0.82598 0.35375 0.82146 0.37124 0.79227 0.39286 0.76648
4 0.78446 0.88854 0.78849 0.86878 0.79446 0.85227 0.79927 0.82710 0.80408 0.78893 0.80555 0.75311 0.80150 0.73066 0.79579 0.72310 0.78125 0.70945 0.77218 0.70285 0.76368 0.69268 0.74639 0.69222 0.72855 0.69812 0.71296 0.71298 0.68905 0.73721 0.67173 0.75996 0.66575 0.76207 0.65494 0.80096 0.65584 0.82070 0.65627 0.86678 0.65823 0.88402 0.66197 0.88595 0.67674 0.88573 0.71660 0.88573 0.75107 0.88708 0.78446 0.88854
4 0.85563 0.88398 0.88438 0.87637 0.89097 0.86189 0.89324 0.82164 0.89037 0.78466 0.88489 0.75022 0.87076 0.72787 0.86147 0.72352 0.84339 0.72889 0.82353 0.73657 0.80453 0.74680 0.80431 0.78806 0.80057 0.82513 0.79539 0.84881 0.79939 0.85267 0.80424 0.87068 0.80942 0.88600 0.81063 0.88725 0.83393 0.88699 0.85563 0.88398
3 0.54499 0.51744 0.56518 0.52633 0.57448 0.52534 0.57839 0.52639 0.58357 0.53474 0.58872 0.53960 0.59732 0.53881 0.60058 0.53504 0.60832 0.52783 0.61335 0.51989 0.61733 0.50626 0.59515 0.48793 0.57096 0.48068 0.54080 0.47530 0.49926 0.46301 0.47425 0.46366 0.45626 0.46581 0.44590 0.46110 0.43418 0.45912 0.42301 0.46348 0.42289 0.48318 0.43040 0.49370 0.44713 0.49624 0.46828 0.50037 0.49367 0.49711 0.51095 0.50483 0.52177 0.50657 0.54499 0.51744
4 0.52489 0.76054 0.53165 0.73821 0.54672 0.69350 0.54477 0.69066 0.54462 0.68690 0.54119 0.67949 0.53621 0.67351 0.52198 0.66738 0.50331 0.66052 0.49415 0.65713 0.48305 0.65091 0.47064 0.64665 0.46090 0.64544 0.45316 0.63965 0.44329 0.63608 0.43466 0.63794 0.42737 0.64202 0.41614 0.66084 0.40929 0.69939 0.39458 0.78320 0.39059 0.83272 0.39280 0.84031 0.43398 0.84993 0.47187 0.85730 0.51044 0.79567 0.51508 0.79273 0.52489 0.76054
4 0.23314 0.59640 0.23324 0.57096 0.22737 0.54875 0.22179 0.54145 0.21458 0.53630 0.20651 0.53833 0.18981 0.54546 0.18517 0.54873 0.16334 0.58705 0.15034 0.62355 0.14278 0.63474 0.13516 0.65011 0.14337 0.66359 0.15447 0.68236 0.16708 0.70251 0.17419 0.71312 0.18377 0.72149 0.19601 0.71090 0.21163 0.69575 0.22225 0.66313 0.22605 0.64093 0.23314 0.59640
4 0.18574 0.43018 0.19500 0.42062 0.20052 0.35786 0.21199 0.30723 0.19448 0.28046 0.18480 0.24474 0.17744 0.22068 0.16377 0.21552 0.14018 0.27544 0.13455 0.31209 0.12447 0.38717 0.12480 0.40934 0.12889 0.43000 0.14387 0.43653 0.15075 0.43586 0.17349 0.42439 0.17760 0.43402 0.18574 0.43018
4 0.89797 0.60549 0.91377 0.57398 0.94096 0.51440 0.94858 0.49463 0.95720 0.46536 0.96453 0.44087 0.97080 0.41748 0.96154 0.40293 0.94969 0.39371 0.91371 0.39800 0.88586 0.41236 0.84095 0.43840 0.80344 0.47152 0.79173 0.47767 0.78471 0.51246 0.79547 0.54460 0.80820 0.57075 0.81368 0.60519 0.82125 0.63182 0.82847 0.64676 0.84248 0.65515 0.85374 0.65214 0.86892 0.64460 0.88149 0.62800 0.89797 0.60549
4 0.65507 0.80193 0.66822 0.75716 0.67288 0.74124 0.67422 0.73045 0.67327 0.71813 0.67005 0.70845 0.66264 0.69856 0.64921 0.68800 0.63257 0.68076 0.61924 0.67997 0.61035 0.67991 0.59701 0.67773 0.57914 0.68084 0.56380 0.68322 0.54790 0.69196 0.53585 0.72541 0.52057 0.77378 0.51818 0.78846 0.52402 0.80999 0.52904 0.84615 0.52885 0.86421 0.54679 0.86948 0.57013 0.87480 0.59562 0.87792 0.61809 0.88069 0.62933 0.86188 0.64430 0.83200 0.65507 0.80193
4 0.30587 0.68236 0.31018 0.64173 0.30334 0.62968 0.28634 0.59634 0.27985 0.58300 0.27115 0.57649 0.25746 0.57700 0.24489 0.58059 0.24000 0.58439 0.23245 0.59815 0.22632 0.62390 0.22610 0.63916 0.22201 0.66453 0.21069 0.69957 0.20383 0.72373 0.20361 0.73758 0.22854 0.76006 0.25375 0.77285 0.27045 0.74808 0.28258 0.73462 0.29680 0.72775 0.30587 0.68236
4 0.46713 0.50025 0.47696 0.49826 0.49472 0.49695 0.51039 0.50348 0.52521 0.50745 0.53689 0.51292 0.55132 0.51974 0.56736 0.52572 0.57731 0.52671 0.58403 0.53631 0.58852 0.53863 0.59801 0.53615 0.60802 0.52825 0.62169 0.51019 0.62970 0.48893 0.63493 0.46248 0.63006 0.41827 0.62360 0.39036 0.61433 0.35389 0.58634 0.31798 0.56857 0.31322 0.54307 0.31307 0.52050 0.31928 0.49352 0.33155 0.47046 0.34654 0.45479 0.37020 0.43934 0.40461 0.42608 0.44702 0.42267 0.46978 0.42330 0.48338 0.42914 0.49330 0.43660 0.49441 0.44968 0.49602 0.46713 0.50025
4 0.26600 0.50539 0.27218 0.52762 0.28234 0.54590 0.30413 0.55827 0.32473 0.56730 0.36647 0.57547 0.38761 0.57310 0.40393 0.56995 0.41246 0.56621 0.42027 0.55426 0.42341 0.54255 0.42936 0.52658 0.43333 0.50706 0.43517 0.49551 0.42866 0.49327 0.42272 0.48264 0.42350 0.46880 0.42667 0.44606 0.43337 0.42728 0.42585 0.41322 0.41066 0.37151 0.39696 0.33521 0.38281 0.30683 0.36690 0.28500 0.34693 0.27363 0.33436 0.27528 0.31795 0.28343 0.30398 0.30277 0.29252 0.32680 0.28506 0.36245 0.26908 0.44549 0.26554 0.46963 0.26807 0.48988 0.26600 0.50539
