4 0.34606 0.68430 0.35796 0.66595 0.36706 0.64900 0.37518 0.63840 0.38173 0.63713 0.38628 0.62152 0.38099 0.59394 0.37910 0.56910 0.38021 0.55188 0.37670 0.54499 0.37387 0.54001 0.36645 0.53750 0.35949 0.53613 0.34877 0.53501 0.33999 0.53583 0.33356 0.54086 0.32576 0.54922 0.32035 0.56104 0.31666 0.58081 0.31375 0.59947 0.31312 0.61747 0.31365 0.63813 0.31429 0.67005 0.31534 0.68285 0.32088 0.68905 0.33542 0.68806 0.34606 0.68430
1 0.22643 0.56968 0.23150 0.56798 0.23594 0.56834 0.23440 0.57246 0.23474 0.57456 0.23774 0.57634 0.23954 0.57285 0.24175 0.56917 0.24174 0.56562 0.23745 0.56485 0.23369 0.56095 0.23139 0.55920 0.22659 0.56509 0.21924 0.56442 0.21602 0.56472 0.21674 0.56809 0.21740 0.57312 0.22049 0.57218 0.22643 0.56968
4 0.44165 0.63359 0.44529 0.62959 0.45039 0.62676 0.45282 0.59307 0.45484 0.57100 0.45432 0.54995 0.44856 0.55013 0.44133 0.54950 0.43605 0.54294 0.42580 0.54295 0.41588 0.54036 0.41287 0.54063 0.40898 0.53036 0.39878 0.53563 0.39448 0.53698 0.39146 0.53763 0.38592 0.53856 0.38215 0.54631 0.37859 0.56233 0.37854 0.57809 0.38088 0.59694 0.38302 0.60752 0.38617 0.62452 0.39139 0.64722 0.39549 0.66576 0.40078 0.68621 0.40446 0.69535 0.41279 0.70052 0.42211 0.69146 0.42667 0.67548 0.43252 0.65842 0.43695 0.64619 0.44165 0.63359
4 0.50193 0.68374 0.51118 0.66980 0.51288 0.64959 0.51544 0.62641 0.51890 0.59913 0.52021 0.57590 0.52019 0.55489 0.52083 0.54365 0.51836 0.53568 0.51576 0.53146 0.51180 0.53019 0.51010 0.54290 0.50254 0.54451 0.49376 0.54533 0.47629 0.54397 0.47010 0.54225 0.45990 0.54790 0.45386 0.54881 0.45451 0.57324 0.45612 0.59168 0.45892 0.61880 0.46229 0.62981 0.46856 0.64354 0.47570 0.66856 0.48146 0.68265 0.48710 0.69298 0.49078 0.69498 0.49585 0.69328 0.50193 0.68374
4 0.55618 0.69420 0.56030 0.68165 0.56358 0.66638 0.57115 0.65012 0.57505 0.63862 0.57841 0.62861 0.57685 0.62292 0.58177 0.60395 0.58219 0.59196 0.58643 0.56358 0.58823 0.54788 0.56756 0.54528 0.54227 0.54590 0.52400 0.54601 0.52080 0.54477 0.52100 0.57481 0.52090 0.59207 0.52232 0.60863 0.52453 0.63123 0.52577 0.64591 0.52394 0.66236 0.52739 0.67112 0.53591 0.68493 0.54425 0.69915 0.54849 0.70095 0.55618 0.69420
4 0.71563 0.54801 0.73435 0.55654 0.74004 0.55111 0.74425 0.54525 0.74771 0.53224 0.75292 0.51178 0.75550 0.48109 0.75439 0.45553 0.75753 0.43012 0.75865 0.39788 0.75674 0.38805 0.75210 0.38488 0.74676 0.38733 0.74146 0.38864 0.73624 0.38771 0.72703 0.39377 0.71896 0.40250 0.71318 0.41055 0.70411 0.41962 0.69034 0.42702 0.69408 0.45605 0.69467 0.47484 0.69449 0.49435 0.69346 0.50970 0.69659 0.51319 0.69972 0.53094 0.70672 0.54545 0.71036 0.54858 0.71563 0.54801
4 0.26182 0.55639 0.27162 0.54935 0.27912 0.54179 0.28111 0.53469 0.27715 0.51544 0.27384 0.50251 0.27304 0.48380 0.27152 0.46941 0.27150 0.45768 0.27076 0.44984 0.26181 0.44475 0.25510 0.44212 0.24933 0.43736 0.24248 0.43017 0.23623 0.41866 0.23306 0.41420 0.23083 0.41565 0.22768 0.44790 0.22816 0.47550 0.23085 0.49406 0.23457 0.51178 0.23852 0.52321 0.24041 0.53523 0.24213 0.54006 0.24931 0.55400 0.25245 0.55932 0.26182 0.55639
4 0.63569 0.51926 0.63739 0.52202 0.64417 0.52785 0.64869 0.53368 0.65527 0.53436 0.66347 0.53521 0.66840 0.53662 0.67401 0.53772 0.68036 0.53793 0.68814 0.53010 0.69260 0.51404 0.69473 0.49610 0.69397 0.45779 0.68895 0.42113 0.69030 0.41667 0.68984 0.41260 0.68637 0.40032 0.68260 0.38803 0.67661 0.37881 0.66850 0.37898 0.66197 0.38551 0.65631 0.39297 0.64775 0.39717 0.64384 0.40604 0.63619 0.41884 0.62261 0.42224 0.62103 0.43182 0.61329 0.43505 0.61816 0.46235 0.61966 0.47952 0.61948 0.50203 0.61848 0.50767 0.62582 0.51801 0.62940 0.51859 0.63569 0.51926
4 0.80520 0.64383 0.80408 0.62221 0.80172 0.60618 0.79427 0.58684 0.78659 0.56780 0.77901 0.55816 0.77260 0.55074 0.76921 0.55218 0.75897 0.54682 0.75597 0.54328 0.75105 0.54686 0.74745 0.55455 0.74449 0.56164 0.74378 0.56412 0.74848 0.57273 0.75744 0.59087 0.76829 0.62034 0.79157 0.64023 0.80267 0.65063 0.80520 0.64383
4 0.75816 0.67691 0.76261 0.68082 0.76991 0.68076 0.77377 0.67777 0.77543 0.66594 0.77476 0.65528 0.77077 0.64420 0.77040 0.63105 0.76700 0.62092 0.76348 0.60828 0.75746 0.58962 0.75141 0.57783 0.74512 0.56698 0.74081 0.55901 0.73721 0.55450 0.73465 0.55629 0.71634 0.54940 0.71028 0.56170 0.71358 0.56870 0.71827 0.58356 0.72016 0.59520 0.72216 0.62154 0.72278 0.63939 0.73350 0.64290 0.74340 0.65794 0.75037 0.66725 0.75816 0.67691
4 0.51920 0.45068 0.51696 0.46093 0.51528 0.47932 0.51493 0.48932 0.51518 0.49402 0.51506 0.50934 0.51582 0.52344 0.51693 0.53349 0.51943 0.53952 0.52218 0.54431 0.52520 0.54723 0.53610 0.54573 0.55778 0.54555 0.57132 0.54602 0.57904 0.54567 0.58629 0.54717 0.59547 0.54687 0.60195 0.54647 0.60681 0.54445 0.61306 0.53454 0.61694 0.52322 0.61935 0.48499 0.61746 0.46225 0.61266 0.43674 0.60921 0.41711 0.60278 0.39730 0.59856 0.38683 0.59309 0.37632 0.58637 0.37170 0.57903 0.37301 0.56696 0.37228 0.56070 0.37237 0.55565 0.37376 0.55268 0.38116 0.54922 0.38480 0.54606 0.39188 0.54333 0.40429 0.54035 0.41795 0.53694 0.42597 0.53148 0.43328 0.52679 0.44219 0.52155 0.44889 0.51920 0.45068
4 0.28798 0.55525 0.29911 0.55617 0.31722 0.54330 0.32284 0.53702 0.32730 0.53282 0.33318 0.51955 0.33281 0.50926 0.33397 0.48137 0.33754 0.45645 0.33887 0.43511 0.32914 0.43507 0.31636 0.42328 0.30665 0.40242 0.30219 0.38549 0.29083 0.37050 0.28442 0.36812 0.27615 0.36783 0.26770 0.37544 0.26588 0.38624 0.26605 0.40211 0.26771 0.42106 0.26920 0.43219 0.27050 0.44070 0.27093 0.44897 0.27245 0.47477 0.27521 0.51014 0.28248 0.53854 0.28798 0.55525
2 0.43551 0.54356 0.44283 0.54869 0.45627 0.53640 0.46379 0.52165 0.46490 0.50405 0.46288 0.49760 0.46686 0.48385 0.46782 0.47075 0.46815 0.46137 0.46316 0.44656 0.46158 0.44162 0.46033 0.43445 0.45537 0.44028 0.45219 0.45256 0.45445 0.46690 0.45535 0.47669 0.45574 0.48721 0.44862 0.49747 0.44262 0.49764 0.43654 0.51394 0.43311 0.53334 0.43551 0.54356
4 0.83283 0.61204 0.82974 0.58566 0.82109 0.55421 0.81469 0.54385 0.80871 0.53613 0.79972 0.53582 0.79090 0.53739 0.78470 0.54318 0.78102 0.55543 0.78226 0.56298 0.78592 0.56537 0.80209 0.60384 0.80463 0.61706 0.81225 0.62108 0.82377 0.62787 0.83042 0.63073 0.83888 0.63215 0.83283 0.61204
4 0.77753 0.54492 0.77923 0.53935 0.78593 0.53357 0.79302 0.53119 0.79447 0.52562 0.79728 0.50958 0.79974 0.49652 0.80210 0.47897 0.80247 0.46133 0.80161 0.43578 0.80038 0.42786 0.79579 0.42319 0.78974 0.42448 0.78279 0.43025 0.77615 0.44127 0.76798 0.45300 0.76153 0.45878 0.75511 0.45630 0.75528 0.47996 0.75245 0.51101 0.74915 0.52666 0.75165 0.53388 0.75541 0.54077 0.75870 0.54689 0.76899 0.55325 0.77380 0.55154 0.77753 0.54492
4 0.33410 0.52658 0.33657 0.53552 0.33754 0.53764 0.34056 0.53566 0.35015 0.53469 0.36324 0.53802 0.37450 0.53893 0.37723 0.53538 0.38276 0.53609 0.38765 0.53548 0.39088 0.53742 0.39610 0.53734 0.39946 0.53537 0.40268 0.52793 0.40479 0.52226 0.40563 0.51812 0.40419 0.50947 0.40330 0.50032 0.40399 0.49044 0.40469 0.48030 0.40599 0.47305 0.40758 0.46711 0.40841 0.46322 0.41536 0.43330 0.41259 0.43506 0.40430 0.43384 0.39667 0.42543 0.39233 0.41842 0.38743 0.40321 0.38099 0.39081 0.37561 0.37778 0.37110 0.36980 0.36724 0.36654 0.36299 0.36326 0.35772 0.36465 0.35238 0.37215 0.34790 0.38459 0.34685 0.39780 0.34375 0.41203 0.34048 0.42690 0.33883 0.44096 0.33754 0.45721 0.33400 0.47577 0.33330 0.48747 0.33271 0.51167 0.33410 0.52658
4 0.67283 0.68488 0.67782 0.70319 0.68368 0.71435 0.69251 0.72435 0.70007 0.72868 0.71020 0.72497 0.71755 0.71772 0.71832 0.70148 0.71823 0.68021 0.71941 0.66430 0.72145 0.64779 0.72212 0.63435 0.72179 0.61370 0.71941 0.58673 0.71648 0.57505 0.71068 0.56203 0.70322 0.55488 0.69733 0.55030 0.68947 0.54877 0.67419 0.55637 0.66788 0.56397 0.65800 0.57833 0.65529 0.59606 0.65271 0.61630 0.64832 0.63460 0.64271 0.65192 0.64314 0.65757 0.65129 0.65691 0.66011 0.66097 0.66770 0.67062 0.67283 0.68488
4 0.43690 0.54477 0.44174 0.54932 0.45047 0.55025 0.45474 0.54727 0.46139 0.54782 0.47052 0.54313 0.48277 0.54449 0.49312 0.54673 0.50442 0.54556 0.51058 0.54203 0.51280 0.52646 0.51373 0.50554 0.51342 0.49083 0.51162 0.47075 0.51068 0.45570 0.51044 0.45069 0.50340 0.43730 0.49737 0.42490 0.49264 0.41128 0.48667 0.39700 0.47872 0.38609 0.47454 0.38031 0.46782 0.37570 0.46318 0.37115 0.45485 0.37086 0.44946 0.37599 0.44322 0.38172 0.43169 0.39539 0.42129 0.41880 0.41423 0.43576 0.40705 0.46835 0.40396 0.49107 0.40489 0.51206 0.40730 0.52685 0.41308 0.54018 0.42301 0.54241 0.43690 0.54477
4 0.23274 0.58980 0.23703 0.58170 0.23825 0.57536 0.24390 0.56392 0.24733 0.55879 0.24869 0.55583 0.24516 0.54933 0.23961 0.54350 0.23577 0.54600 0.22150 0.54625 0.20930 0.55896 0.19495 0.56859 0.18986 0.58568 0.18760 0.60024 0.18649 0.61747 0.18890 0.62731 0.21514 0.60683 0.22843 0.59866 0.23274 0.58980
2 0.33594 0.46250 0.33031 0.46186 0.32718 0.46458 0.32624 0.47063 0.32889 0.47767 0.33229 0.47996 0.33345 0.47979 0.33477 0.47527 0.33610 0.46598 0.33664 0.46317 0.33594 0.46250
4 0.31012 0.63200 0.31444 0.62990 0.31394 0.61562 0.31420 0.60099 0.31647 0.58606 0.31798 0.57147 0.31948 0.56439 0.32196 0.55772 0.32473 0.55031 0.32133 0.54006 0.31307 0.54727 0.29954 0.55506 0.28654 0.55498 0.28577 0.55533 0.28132 0.56118 0.27104 0.58334 0.26498 0.59927 0.25986 0.61673 0.25743 0.62903 0.25592 0.64362 0.25385 0.66006 0.25578 0.66914 0.26146 0.67121 0.26968 0.66512 0.28052 0.65574 0.29036 0.63882 0.29878 0.63423 0.31012 0.63200
4 0.28049 0.56341 0.28686 0.55274 0.28226 0.54132 0.27868 0.54345 0.26863 0.55211 0.26272 0.55640 0.25212 0.55904 0.24873 0.55592 0.23903 0.57585 0.23290 0.59365 0.22817 0.61450 0.22533 0.63129 0.22625 0.64071 0.23225 0.64092 0.24098 0.63447 0.25362 0.62365 0.26092 0.61527 0.26608 0.59631 0.27242 0.57964 0.28049 0.56341
4 0.63977 0.66228 0.64228 0.65487 0.65152 0.61952 0.65596 0.59266 0.65873 0.57774 0.65730 0.56155 0.65277 0.55501 0.64388 0.55170 0.63321 0.54945 0.62230 0.54644 0.61389 0.54389 0.60829 0.54372 0.60452 0.54694 0.59875 0.54749 0.59093 0.54671 0.58976 0.54787 0.58731 0.55272 0.58323 0.59167 0.58356 0.61715 0.58388 0.63668 0.58811 0.64433 0.59661 0.65890 0.60270 0.68295 0.60802 0.70115 0.61347 0.71133 0.62327 0.70732 0.63123 0.68488 0.63977 0.66228
