1 0.51567 0.41879 0.52458 0.42389 0.52991 0.42886 0.53340 0.43405 0.53566 0.43877 0.53632 0.43909 0.53618 0.43502 0.53211 0.42676 0.52845 0.42083 0.52305 0.41513 0.51684 0.41013 0.51103 0.40775 0.50073 0.40652 0.49574 0.40809 0.48313 0.41504 0.48008 0.41653 0.47797 0.41892 0.47594 0.42161 0.47821 0.42299 0.48270 0.42185 0.48608 0.42196 0.49107 0.42025 0.49508 0.41880 0.49915 0.41836 0.50278 0.41979 0.50765 0.41880 0.51567 0.41879
4 0.47705 0.63436 0.49037 0.63482 0.50031 0.62868 0.51264 0.61614 0.52082 0.60886 0.52976 0.60052 0.53616 0.58237 0.54006 0.55332 0.54274 0.52801 0.54532 0.50594 0.54473 0.48160 0.54245 0.46423 0.53873 0.44680 0.53691 0.43570 0.52829 0.41946 0.51595 0.40721 0.50055 0.40478 0.47988 0.41572 0.46880 0.42706 0.45374 0.45572 0.44203 0.49207 0.43064 0.56031 0.43138 0.58034 0.43227 0.59604 0.43763 0.60758 0.44402 0.61050 0.45682 0.61527 0.46546 0.62584 0.47705 0.63436
4 0.88059 0.55965 0.89925 0.54994 0.91166 0.52965 0.92230 0.50886 0.93512 0.50300 0.95237 0.48198 0.95902 0.46330 0.96060 0.42687 0.95912 0.40880 0.95803 0.39705 0.95491 0.38343 0.94913 0.37692 0.93618 0.36926 0.93042 0.35375 0.91531 0.35637 0.90417 0.34878 0.90232 0.34151 0.89902 0.33284 0.89255 0.32045 0.88336 0.32553 0.87852 0.34383 0.87487 0.35361 0.86955 0.35973 0.84574 0.37962 0.83929 0.41813 0.83598 0.43558 0.83788 0.45861 0.83641 0.47478 0.82598 0.49829 0.82706 0.52760 0.83442 0.54047 0.85396 0.55691 0.88059 0.55965
1 0.62652 0.50934 0.62738 0.51363 0.63079 0.51625 0.63511 0.52167 0.63850 0.52504 0.64343 0.52747 0.64718 0.53010 0.65125 0.53300 0.65672 0.53921 0.66250 0.54091 0.66590 0.53928 0.66837 0.53560 0.67140 0.53471 0.67302 0.53151 0.67637 0.52636 0.68088 0.52151 0.68436 0.51763 0.68688 0.51245 0.68658 0.51144 0.68876 0.50650 0.68913 0.50075 0.68542 0.50163 0.67855 0.49763 0.67450 0.49398 0.66875 0.49127 0.66314 0.48907 0.65986 0.48745 0.65740 0.48612 0.65571 0.48205 0.65272 0.48144 0.64987 0.48660 0.64405 0.49066 0.64131 0.49257 0.63838 0.49497 0.63487 0.49510 0.63129 0.49723 0.62663 0.50158 0.62472 0.50351 0.62561 0.50680 0.62652 0.50934
1 0.94625 0.42413 0.94738 0.42521 0.94714 0.42207 0.94583 0.41646 0.94645 0.41526 0.94718 0.41737 0.94964 0.42337 0.95092 0.41664 0.95255 0.41338 0.95483 0.41103 0.95277 0.40696 0.95078 0.41071 0.94898 0.40909 0.94648 0.40760 0.94526 0.40930 0.94197 0.41058 0.94184 0.41440 0.94273 0.41878 0.94345 0.42473 0.94399 0.42579 0.94625 0.42413
1 0.89229 0.45468 0.89237 0.45635 0.89314 0.46222 0.89508 0.46250 0.89713 0.45965 0.90038 0.45830 0.90242 0.45566 0.90100 0.45248 0.90010 0.45015 0.90187 0.44729 0.90383 0.44297 0.90472 0.43757 0.90232 0.44250 0.89902 0.44531 0.89281 0.44760 0.89117 0.45067 0.88338 0.45458 0.88088 0.45449 0.87728 0.45812 0.87417 0.46323 0.87240 0.46609 0.87174 0.46920 0.87568 0.46788 0.87918 0.46341 0.88194 0.45995 0.88534 0.45819 0.88848 0.45622 0.89229 0.45468
1 0.75852 0.61490 0.75929 0.61375 0.75999 0.61125 0.76031 0.60866 0.75897 0.60685 0.75847 0.60692 0.75780 0.60849 0.75780 0.61310 0.75852 0.61490
4 0.07136 0.47858 0.08575 0.45855 0.09596 0.44485 0.10632 0.42683 0.11281 0.39571 0.12112 0.36411 0.13606 0.32843 0.14498 0.30009 0.14632 0.28230 0.13753 0.26578 0.12559 0.25672 0.09038 0.25386 0.06532 0.25948 0.04733 0.26912 0.03239 0.29454 0.00980 0.31212 0.00606 0.31774 0.00552 0.33313 0.00590 0.35144 0.01138 0.38028 0.02821 0.43492 0.04513 0.46632 0.06155 0.48094 0.07136 0.47858
4 0.22890 0.62082 0.23839 0.62765 0.25133 0.62864 0.25906 0.62404 0.27374 0.61645 0.29089 0.61002 0.30766 0.59439 0.31443 0.57571 0.31462 0.53950 0.32081 0.52729 0.31433 0.49625 0.30113 0.45093 0.28414 0.42169 0.27078 0.41204 0.25476 0.41688 0.23647 0.43516 0.21679 0.46204 0.20410 0.48484 0.19409 0.49314 0.19068 0.50815 0.18515 0.52201 0.18250 0.53597 0.18175 0.54729 0.18298 0.56355 0.19537 0.58020 0.21513 0.60251 0.22313 0.61090 0.22890 0.62082
4 0.54651 0.59570 0.56037 0.60105 0.57471 0.60318 0.58715 0.59767 0.59738 0.59370 0.61208 0.60610 0.62843 0.61262 0.64082 0.60873 0.65453 0.59786 0.66864 0.57565 0.67661 0.55377 0.68315 0.52103 0.69866 0.49995 0.70807 0.47812 0.70975 0.44034 0.70518 0.41640 0.69798 0.39561 0.68480 0.38110 0.67008 0.36923 0.65981 0.36401 0.64475 0.36186 0.62871 0.35698 0.61732 0.35280 0.60694 0.35081 0.59331 0.35952 0.56996 0.38843 0.55720 0.41339 0.54284 0.43235 0.54391 0.46374 0.54562 0.48704 0.54439 0.52213 0.54061 0.55820 0.53802 0.58082 0.53783 0.58621 0.54651 0.59570
4 0.68521 0.63241 0.70534 0.64692 0.71353 0.64747 0.71942 0.64794 0.73886 0.63871 0.74648 0.63429 0.75353 0.62671 0.75807 0.62114 0.76415 0.62249 0.77197 0.62110 0.77812 0.61897 0.78895 0.60241 0.79920 0.59260 0.80894 0.58251 0.81380 0.57203 0.82521 0.52444 0.82589 0.49527 0.83689 0.47375 0.83821 0.45672 0.83246 0.43137 0.81051 0.42086 0.79637 0.43075 0.78680 0.44516 0.77655 0.44011 0.75734 0.42302 0.74040 0.42530 0.72444 0.44455 0.71112 0.46285 0.70917 0.47373 0.69928 0.49815 0.68561 0.51643 0.67620 0.55208 0.66718 0.57729 0.66750 0.58827 0.67211 0.60287 0.67713 0.61493 0.68521 0.63241
4 0.15421 0.57228 0.16373 0.56775 0.17205 0.54641 0.18771 0.52102 0.19445 0.49315 0.19238 0.46984 0.19298 0.45256 0.19790 0.43544 0.20161 0.41179 0.20053 0.39121 0.18818 0.37348 0.17043 0.37610 0.13755 0.38901 0.11501 0.39471 0.10303 0.42834 0.08621 0.45586 0.08560 0.47313 0.08684 0.48939 0.10088 0.52069 0.10818 0.53878 0.12087 0.55706 0.13566 0.56677 0.15421 0.57228
4 0.33387 0.59693 0.34168 0.61071 0.36045 0.63029 0.37356 0.63669 0.38735 0.63393 0.40837 0.62007 0.41989 0.61020 0.42087 0.59240 0.42443 0.58334 0.42895 0.56728 0.43363 0.54690 0.43313 0.53013 0.43822 0.49788 0.43880 0.48114 0.43358 0.47610 0.42873 0.48079 0.42681 0.46343 0.41923 0.44317 0.41535 0.43060 0.40531 0.41890 0.38905 0.40968 0.37557 0.41408 0.36229 0.42280 0.35072 0.43429 0.33964 0.45228 0.33502 0.47103 0.33042 0.48925 0.32679 0.50047 0.32361 0.51928 0.32236 0.53437 0.31553 0.56494 0.31788 0.58015 0.32368 0.58955 0.33387 0.59693
1 0.65101 0.43523 0.65020 0.43349 0.64923 0.43416 0.64949 0.43629 0.65048 0.43703 0.65097 0.43644 0.65101 0.43523
1 0.60196 0.54027 0.60049 0.54300 0.59952 0.54780 0.59940 0.55129 0.60018 0.55422 0.60068 0.55593 0.60125 0.55595 0.60193 0.55030 0.60185 0.54570 0.60243 0.54282 0.60196 0.54027
1 0.55799 0.52472 0.55942 0.52526 0.56127 0.52539 0.56344 0.52498 0.56437 0.52494 0.56599 0.52381 0.56404 0.52360 0.56072 0.52384 0.55875 0.52418 0.55717 0.52280 0.55607 0.52235 0.55434 0.52249 0.55358 0.52281 0.55470 0.52412 0.55586 0.52423 0.55799 0.52472
1 0.65200 0.44906 0.65121 0.44662 0.65014 0.44678 0.65027 0.45061 0.65097 0.45365 0.65225 0.45159 0.65200 0.44906
