1 0.52407 0.42087 0.53240 0.42687 0.53719 0.43237 0.54012 0.43791 0.54186 0.44284 0.54249 0.44322 0.54277 0.43916 0.53959 0.43052 0.53657 0.42424 0.53179 0.41801 0.52614 0.41238 0.52061 0.40941 0.51050 0.40711 0.50537 0.40815 0.49210 0.41374 0.48891 0.41490 0.48656 0.41706 0.48426 0.41952 0.48638 0.42114 0.49096 0.42046 0.49431 0.42093 0.49945 0.41975 0.50359 0.41872 0.50769 0.41872 0.51115 0.42052 0.51609 0.42004 0.52407 0.42087
4 0.46313 0.63122 0.47633 0.63308 0.48686 0.62801 0.50043 0.61683 0.50933 0.61044 0.51909 0.60309 0.52735 0.58570 0.53427 0.55722 0.53958 0.53233 0.54445 0.51065 0.54640 0.48637 0.54595 0.46886 0.54408 0.45114 0.54343 0.43991 0.53655 0.42285 0.52557 0.40939 0.51050 0.40536 0.48880 0.41408 0.47660 0.42420 0.45863 0.45113 0.44317 0.48605 0.42471 0.55273 0.42336 0.57272 0.42260 0.58843 0.42673 0.60047 0.43277 0.60404 0.44501 0.61013 0.45250 0.62154 0.46313 0.63122
4 0.87227 0.59910 0.89184 0.59140 0.90631 0.57252 0.91906 0.55295 0.93242 0.54846 0.95177 0.52936 0.96034 0.51148 0.96572 0.47541 0.96614 0.45729 0.96628 0.44549 0.96460 0.43162 0.95953 0.42454 0.94746 0.41557 0.94335 0.39954 0.92805 0.40057 0.91776 0.39185 0.91668 0.38443 0.91431 0.37546 0.90917 0.36246 0.89950 0.36656 0.89277 0.38425 0.88812 0.39360 0.88219 0.39913 0.85643 0.41642 0.84599 0.45404 0.84087 0.47105 0.84035 0.49416 0.83721 0.51008 0.82438 0.53237 0.82238 0.56164 0.82835 0.57520 0.84608 0.59360 0.87227 0.59910
1 0.62485 0.52251 0.62525 0.52687 0.62838 0.52983 0.63211 0.53567 0.63513 0.53938 0.63977 0.54231 0.64323 0.54532 0.64698 0.54863 0.65176 0.55537 0.65733 0.55767 0.66088 0.55640 0.66372 0.55301 0.66684 0.55244 0.66878 0.54942 0.67265 0.54466 0.67765 0.54030 0.68151 0.53680 0.68456 0.53192 0.68436 0.53088 0.68705 0.52620 0.68801 0.52052 0.68424 0.52100 0.67782 0.51630 0.67417 0.51225 0.66873 0.50896 0.66339 0.50618 0.66029 0.50423 0.65799 0.50265 0.65673 0.49842 0.65382 0.49751 0.65045 0.50234 0.64423 0.50577 0.64131 0.50738 0.63815 0.50947 0.63464 0.50923 0.63086 0.51097 0.62577 0.51480 0.62367 0.51653 0.62421 0.51990 0.62485 0.52251
1 0.95174 0.47119 0.95274 0.47238 0.95283 0.46924 0.95212 0.46352 0.95286 0.46239 0.95337 0.46457 0.95519 0.47079 0.95717 0.46423 0.95912 0.46116 0.96164 0.45906 0.96001 0.45479 0.95765 0.45832 0.95603 0.45652 0.95370 0.45478 0.95230 0.45634 0.94890 0.45727 0.94836 0.46106 0.94879 0.46551 0.94889 0.47149 0.94932 0.47260 0.95174 0.47119
1 0.89488 0.49593 0.89478 0.49760 0.89493 0.50353 0.89683 0.50400 0.89917 0.50138 0.90254 0.50038 0.90485 0.49796 0.90377 0.49465 0.90312 0.49224 0.90518 0.48958 0.90758 0.48550 0.90902 0.48022 0.90612 0.48487 0.90255 0.48732 0.89614 0.48894 0.89419 0.49183 0.88603 0.49490 0.88355 0.49455 0.87959 0.49779 0.87597 0.50255 0.87391 0.50521 0.87292 0.50823 0.87698 0.50733 0.88093 0.50324 0.88404 0.50010 0.88760 0.49870 0.89092 0.49706 0.89488 0.49593
1 0.74510 0.64129 0.74598 0.64023 0.74694 0.63782 0.74752 0.63528 0.74638 0.63334 0.74587 0.63335 0.74504 0.63485 0.74457 0.63943 0.74510 0.64129
4 0.07595 0.43389 0.09236 0.41547 0.10394 0.40292 0.11612 0.38608 0.12583 0.35581 0.13740 0.32525 0.15599 0.29132 0.16782 0.26407 0.17101 0.24652 0.16400 0.22917 0.15307 0.21891 0.11835 0.21239 0.09284 0.21536 0.07394 0.22306 0.05643 0.24678 0.03212 0.26191 0.02782 0.26711 0.02567 0.28236 0.02413 0.30061 0.02657 0.32986 0.03760 0.38596 0.05114 0.41895 0.06595 0.43522 0.07595 0.43389
4 0.21776 0.59182 0.22648 0.59960 0.23925 0.60194 0.24741 0.59818 0.26280 0.59216 0.28054 0.58756 0.29884 0.57377 0.30754 0.55590 0.31150 0.51991 0.31894 0.50841 0.31573 0.47687 0.30735 0.43042 0.29351 0.39956 0.28123 0.38856 0.26479 0.39170 0.24469 0.40797 0.22231 0.43265 0.20731 0.45399 0.19648 0.46120 0.19152 0.47577 0.18457 0.48898 0.18048 0.50259 0.17855 0.51377 0.17807 0.53007 0.18865 0.54792 0.20597 0.57217 0.21305 0.58135 0.21776 0.59182
4 0.53625 0.60004 0.54948 0.60681 0.56351 0.61042 0.57647 0.60624 0.58705 0.60336 0.60037 0.61724 0.61595 0.62543 0.62868 0.62285 0.64345 0.61347 0.65980 0.59286 0.67002 0.57193 0.67995 0.54006 0.69758 0.52071 0.70922 0.49999 0.71484 0.46259 0.71280 0.43830 0.70781 0.41687 0.69621 0.40106 0.68282 0.38773 0.67315 0.38146 0.65840 0.37775 0.64295 0.37122 0.63207 0.36587 0.62195 0.36281 0.60748 0.37005 0.58124 0.39636 0.56594 0.41985 0.54968 0.43720 0.54746 0.46852 0.54672 0.49188 0.54184 0.52665 0.53430 0.56213 0.52936 0.58435 0.52861 0.58970 0.53625 0.60004
4 0.67036 0.65104 0.68886 0.66758 0.69695 0.66898 0.70276 0.67007 0.72305 0.66292 0.73110 0.65932 0.73889 0.65252 0.74399 0.64745 0.74990 0.64943 0.75782 0.64887 0.76416 0.64739 0.77667 0.63205 0.78788 0.62337 0.79862 0.61435 0.80456 0.60444 0.82088 0.55830 0.82460 0.52936 0.83779 0.50911 0.84088 0.49231 0.83781 0.46650 0.81708 0.45375 0.80199 0.46211 0.79096 0.47544 0.78130 0.46935 0.76398 0.45034 0.74689 0.45083 0.72901 0.46831 0.71384 0.48512 0.71077 0.49574 0.69839 0.51899 0.68288 0.53575 0.66979 0.57021 0.65819 0.59435 0.65735 0.60529 0.66041 0.62029 0.66415 0.63281 0.67036 0.65104
4 0.14855 0.53574 0.15850 0.53223 0.16899 0.51188 0.18722 0.48826 0.19684 0.46125 0.19722 0.43785 0.19962 0.42073 0.20631 0.40421 0.21247 0.38108 0.21354 0.36050 0.20311 0.34158 0.18518 0.34233 0.15113 0.35173 0.12812 0.35504 0.11269 0.38724 0.09309 0.41285 0.09068 0.42996 0.09021 0.44626 0.10090 0.47886 0.10627 0.49761 0.11698 0.51712 0.13068 0.52832 0.14855 0.53574
4 0.32465 0.57903 0.33097 0.59355 0.34760 0.61499 0.35996 0.62272 0.37397 0.62142 0.39632 0.60983 0.40881 0.60122 0.41164 0.58362 0.41613 0.57498 0.42231 0.55948 0.42909 0.53971 0.43035 0.52298 0.43878 0.49143 0.44111 0.47485 0.43644 0.46928 0.43113 0.47345 0.43104 0.45598 0.42561 0.43503 0.42306 0.42213 0.41430 0.40945 0.39910 0.39858 0.38523 0.40154 0.37112 0.40883 0.35841 0.41904 0.34551 0.43578 0.33895 0.45395 0.33248 0.47158 0.32769 0.48236 0.32256 0.50074 0.31974 0.51561 0.30975 0.54530 0.31050 0.56068 0.31528 0.57062 0.32465 0.57903
1 0.65695 0.45137 0.65633 0.44956 0.65530 0.45012 0.65533 0.45226 0.65623 0.45310 0.65678 0.45257 0.65695 0.45137
1 0.59719 0.55071 0.59545 0.55327 0.59398 0.55794 0.59349 0.56140 0.59396 0.56440 0.59429 0.56615 0.59484 0.56623 0.59611 0.56068 0.59651 0.55610 0.59739 0.55329 0.59719 0.55071
1 0.55509 0.53064 0.55645 0.53133 0.55829 0.53166 0.56048 0.53147 0.56141 0.53153 0.56314 0.53058 0.56123 0.53016 0.55790 0.53005 0.55590 0.53019 0.55447 0.52865 0.55343 0.52808 0.55169 0.52805 0.55090 0.52829 0.55188 0.52970 0.55302 0.52993 0.55509 0.53064
1 0.65649 0.46523 0.65597 0.46272 0.65488 0.46277 0.65461 0.46659 0.65499 0.46969 0.65648 0.46777 0.65649 0.46523
