4 0.44071 0.63430 0.44674 0.64837 0.45652 0.66501 0.46302 0.68053 0.47639 0.69216 0.48615 0.68163 0.49593 0.65336 0.50309 0.63675 0.50380 0.61537 0.50482 0.59403 0.50482 0.55105 0.50482 0.52232 0.50482 0.51051 0.49880 0.49715 0.48937 0.49648 0.47838 0.50160 0.46830 0.50940 0.46058 0.51452 0.45181 0.51675 0.44827 0.51987 0.44304 0.52922 0.44081 0.53835 0.43730 0.59185 0.43888 0.62160 0.44071 0.63430
4 0.34340 0.31679 0.33916 0.34067 0.33758 0.37127 0.33652 0.38973 0.33784 0.41042 0.34076 0.43249 0.34657 0.45318 0.35240 0.46445 0.36377 0.47073 0.37356 0.46715 0.38572 0.46624 0.40054 0.46715 0.41165 0.46535 0.41668 0.45993 0.41826 0.45318 0.40530 0.44238 0.40213 0.43022 0.39895 0.40728 0.39921 0.37938 0.40133 0.35866 0.40372 0.33615 0.40530 0.32670 0.39393 0.30240 0.38017 0.27675 0.37462 0.27270 0.36853 0.27719 0.35927 0.28664 0.35424 0.29924 0.34869 0.30330 0.34340 0.31679
4 0.24895 0.33390 0.25293 0.37802 0.27250 0.44283 0.28177 0.45318 0.29022 0.44913 0.29631 0.44330 0.30504 0.45318 0.31403 0.45768 0.32276 0.45543 0.32885 0.44463 0.33233 0.42940 0.33573 0.41134 0.33573 0.39468 0.33838 0.36136 0.34048 0.34111 0.34208 0.32085 0.34022 0.31546 0.32276 0.29339 0.30504 0.26728 0.29260 0.23982 0.28229 0.21866 0.27118 0.20428 0.25954 0.21058 0.25001 0.23082 0.24843 0.26595 0.24895 0.29924 0.24895 0.33390
4 0.17753 0.42572 0.18283 0.44105 0.18918 0.44735 0.20928 0.44374 0.21986 0.43788 0.21986 0.43249 0.21754 0.40913 0.21747 0.36722 0.21728 0.33252 0.21374 0.32316 0.20478 0.30105 0.19791 0.29160 0.19288 0.29294 0.18467 0.29835 0.18071 0.30960 0.17648 0.32760 0.17594 0.35641 0.17780 0.40007 0.17753 0.42572
4 0.57775 0.61296 0.58058 0.61938 0.58679 0.63381 0.58982 0.64408 0.59584 0.66332 0.60113 0.67710 0.60640 0.68802 0.61488 0.69154 0.61978 0.69379 0.62808 0.69474 0.63656 0.68802 0.64202 0.66782 0.64805 0.64022 0.65202 0.61425 0.66162 0.57737 0.66633 0.55428 0.66351 0.52189 0.65842 0.49655 0.65031 0.49143 0.63128 0.49013 0.61582 0.49013 0.60338 0.49494 0.59264 0.50330 0.58378 0.52189 0.58208 0.52797 0.58096 0.57641 0.57775 0.61296
4 0.76280 0.47147 0.76306 0.47416 0.77153 0.48047 0.78952 0.48991 0.80169 0.48677 0.80619 0.48227 0.80804 0.46831 0.80962 0.44762 0.81412 0.41069 0.81677 0.37198 0.81597 0.34857 0.81360 0.32922 0.81068 0.32742 0.80698 0.33147 0.79640 0.34724 0.78503 0.37154 0.77974 0.40485 0.76703 0.46200 0.76280 0.47147
3 0.44063 0.45347 0.44805 0.44416 0.45431 0.43552 0.45391 0.42354 0.45938 0.40760 0.46173 0.43220 0.45783 0.45149 0.45860 0.45947 0.47267 0.45214 0.48361 0.45214 0.49339 0.46546 0.50160 0.46145 0.51215 0.46412 0.52387 0.44882 0.52661 0.40428 0.51919 0.36570 0.51059 0.37833 0.50081 0.37967 0.49105 0.38697 0.47306 0.39296 0.45547 0.39962 0.44219 0.41423 0.43632 0.43220 0.43281 0.45082 0.43711 0.45813 0.43750 0.45813 0.44063 0.45347
4 0.50688 0.52220 0.50462 0.58249 0.50745 0.60719 0.50990 0.63862 0.51932 0.68096 0.52630 0.69187 0.53760 0.69348 0.55249 0.68771 0.55626 0.67069 0.56455 0.64762 0.57461 0.61002 0.57997 0.58129 0.58284 0.54209 0.58058 0.51773 0.57793 0.50330 0.57228 0.49849 0.51329 0.50169 0.50990 0.50682 0.50745 0.51163 0.50688 0.52220
4 0.44207 0.22960 0.43229 0.24312 0.41880 0.27508 0.40716 0.32459 0.40186 0.37454 0.40318 0.42002 0.40582 0.44296 0.41826 0.45512 0.42382 0.45512 0.43466 0.45873 0.43758 0.45962 0.43836 0.45468 0.44393 0.44387 0.45080 0.43802 0.45530 0.43396 0.45530 0.41955 0.45742 0.40742 0.45979 0.40650 0.46007 0.42586 0.46033 0.43668 0.46007 0.45468 0.46191 0.45604 0.46403 0.45604 0.46958 0.45468 0.47435 0.45018 0.47647 0.44882 0.48916 0.45198 0.49154 0.45604 0.49631 0.46143 0.49842 0.46234 0.50054 0.45918 0.50398 0.45782 0.51007 0.45918 0.51746 0.46503 0.51984 0.45693 0.52514 0.43263 0.52461 0.39751 0.52029 0.36882 0.51720 0.33944 0.50927 0.30793 0.50106 0.27688 0.49445 0.25437 0.48572 0.24087 0.47620 0.22690 0.45398 0.22285 0.44207 0.22960
4 0.70039 0.39715 0.70908 0.40414 0.71548 0.40648 0.71959 0.42515 0.73056 0.46637 0.73880 0.47882 0.75662 0.48503 0.76713 0.46091 0.77993 0.40804 0.78771 0.33648 0.79000 0.28437 0.78131 0.25091 0.76759 0.24624 0.74976 0.25169 0.73148 0.28668 0.72051 0.31314 0.69537 0.34036 0.69263 0.34891 0.69720 0.39091 0.70039 0.39715
4 0.79187 0.60922 0.79753 0.60270 0.80342 0.59383 0.81314 0.58922 0.82241 0.57537 0.82331 0.55882 0.82377 0.53457 0.82309 0.51610 0.82038 0.50225 0.81607 0.49301 0.81132 0.48492 0.80725 0.48107 0.80228 0.48684 0.78848 0.48953 0.76247 0.47376 0.76813 0.51802 0.77174 0.58305 0.77876 0.60307 0.78373 0.61423 0.78690 0.61884 0.79187 0.60922
4 0.22065 0.44105 0.22647 0.45185 0.24393 0.45318 0.26245 0.44869 0.27012 0.43969 0.26509 0.42439 0.25240 0.37891 0.24817 0.33570 0.22885 0.29205 0.22436 0.29519 0.21907 0.31096 0.21695 0.33345 0.21801 0.41134 0.22065 0.44105
4 0.67153 0.61824 0.68093 0.67940 0.69304 0.70601 0.70164 0.71198 0.71453 0.70800 0.72039 0.69933 0.72508 0.66410 0.72906 0.57906 0.73042 0.54274 0.72853 0.51581 0.71893 0.47860 0.70742 0.46287 0.69687 0.46223 0.68669 0.46577 0.67312 0.48020 0.65974 0.49880 0.66685 0.55303 0.65708 0.59626 0.67153 0.61824
4 0.71162 0.46849 0.71910 0.47811 0.72882 0.51621 0.73063 0.54354 0.72927 0.57895 0.74058 0.60588 0.75030 0.62706 0.75483 0.63552 0.76433 0.63167 0.76907 0.61089 0.77202 0.58049 0.77089 0.55163 0.76817 0.51659 0.76410 0.48543 0.76275 0.47080 0.75686 0.48503 0.73921 0.47927 0.72927 0.46463 0.72542 0.44924 0.72181 0.44886 0.71954 0.45695 0.71411 0.46425 0.71162 0.46849
4 0.13441 0.37621 0.13600 0.40862 0.13838 0.42214 0.14869 0.43069 0.16959 0.43158 0.17780 0.43158 0.18018 0.42123 0.17806 0.39557 0.17568 0.36452 0.17620 0.32806 0.16827 0.30644 0.15874 0.28575 0.14791 0.27494 0.13997 0.27403 0.13441 0.28619 0.12991 0.30419 0.12965 0.32895 0.13257 0.35147 0.13441 0.37621
4 0.63334 0.43668 0.62777 0.45557 0.60688 0.46459 0.62487 0.47448 0.63704 0.47359 0.64048 0.48033 0.65524 0.47951 0.66798 0.47808 0.67618 0.47483 0.68492 0.46368 0.69259 0.44252 0.69709 0.41506 0.69682 0.39212 0.69550 0.38581 0.69285 0.35114 0.68969 0.32234 0.68280 0.29038 0.67539 0.26833 0.66164 0.26833 0.65132 0.27641 0.64075 0.30029 0.62937 0.32459 0.63572 0.35835 0.63783 0.40742 0.63334 0.43668
4 0.53084 0.30697 0.52581 0.32183 0.52291 0.33488 0.52291 0.35515 0.52212 0.37045 0.52026 0.38394 0.52979 0.39341 0.54355 0.40016 0.54961 0.40000 0.55903 0.40178 0.56911 0.40468 0.57526 0.40757 0.58181 0.41359 0.58457 0.42396 0.58640 0.44022 0.58692 0.45056 0.59137 0.45336 0.59412 0.46183 0.60254 0.46272 0.60835 0.46227 0.61814 0.45733 0.62607 0.45416 0.63322 0.43526 0.63692 0.40465 0.63560 0.35604 0.62449 0.30058 0.61814 0.26421 0.60967 0.24396 0.60094 0.23000 0.58878 0.21964 0.57979 0.21784 0.57238 0.21739 0.56365 0.22056 0.55438 0.23225 0.54593 0.25071 0.53904 0.28131 0.53084 0.30697
3 0.55588 0.36915 0.54709 0.34984 0.54380 0.33800 0.53720 0.32492 0.53062 0.34049 0.52805 0.35918 0.52329 0.37227 0.52329 0.38971 0.52878 0.39408 0.53647 0.39969 0.54600 0.40094 0.55514 0.39969 0.56211 0.40031 0.56869 0.40156 0.57749 0.40715 0.58297 0.41463 0.58700 0.43085 0.58700 0.44330 0.58810 0.44766 0.59287 0.45886 0.59798 0.44330 0.59213 0.41837 0.57455 0.39033 0.55588 0.36915
4 0.37075 0.69348 0.38080 0.70826 0.39084 0.70964 0.40250 0.69301 0.41064 0.66900 0.42042 0.64822 0.43182 0.63114 0.43698 0.61220 0.43725 0.58541 0.44077 0.54200 0.43941 0.52953 0.43508 0.51245 0.42694 0.50644 0.41961 0.50412 0.41281 0.50367 0.40740 0.49443 0.39410 0.49073 0.38215 0.48797 0.37048 0.48704 0.36288 0.49212 0.35720 0.51247 0.35257 0.54016 0.35636 0.59695 0.35800 0.63343 0.36043 0.65931 0.36342 0.67730 0.37075 0.69348
4 0.15720 0.54563 0.17133 0.54833 0.18407 0.54334 0.20877 0.51886 0.21501 0.50824 0.22045 0.47176 0.22505 0.45189 0.21936 0.43757 0.20715 0.44405 0.18760 0.44635 0.18190 0.44036 0.17783 0.42695 0.16291 0.42973 0.15368 0.43203 0.15368 0.43851 0.14878 0.47546 0.14961 0.51194 0.15236 0.53407 0.15720 0.54563
4 0.21380 0.56381 0.21825 0.57245 0.21983 0.59189 0.22459 0.61405 0.23317 0.63296 0.24301 0.61728 0.25444 0.59082 0.27538 0.56975 0.28079 0.52385 0.28682 0.50007 0.28555 0.49468 0.28999 0.48278 0.29698 0.47145 0.30555 0.46227 0.31190 0.45579 0.29983 0.44875 0.29380 0.45470 0.28903 0.45091 0.28237 0.45363 0.27030 0.44067 0.26618 0.44499 0.26079 0.45038 0.24268 0.45254 0.22491 0.45091 0.21983 0.47414 0.21475 0.51033 0.21285 0.53735 0.21380 0.56381
4 0.27729 0.69350 0.29094 0.70485 0.31157 0.69405 0.32427 0.67352 0.32935 0.64274 0.33952 0.61572 0.35471 0.59354 0.35411 0.56388 0.35315 0.54281 0.35475 0.52336 0.35538 0.51791 0.34948 0.50846 0.34215 0.49488 0.33571 0.48229 0.33030 0.46557 0.32605 0.45969 0.31819 0.45835 0.30999 0.45693 0.30586 0.45909 0.29602 0.47149 0.28809 0.48285 0.28459 0.50013 0.28522 0.50229 0.28110 0.52497 0.27801 0.58062 0.27507 0.61898 0.27221 0.64274 0.27190 0.66757 0.27729 0.69350
