4 0.38448 0.54358 0.39519 0.53877 0.40594 0.52020 0.40945 0.51025 0.41063 0.50183 0.41170 0.47653 0.41304 0.45936 0.41596 0.44753 0.41446 0.43812 0.40760 0.43707 0.39992 0.43506 0.39050 0.42551 0.37680 0.41027 0.36780 0.40042 0.35915 0.39464 0.34951 0.39760 0.34226 0.40716 0.33747 0.41865 0.33374 0.44140 0.33157 0.47013 0.33152 0.49701 0.33185 0.51359 0.33598 0.52773 0.34373 0.53755 0.35468 0.54306 0.36758 0.54423 0.38448 0.54358
4 0.76420 0.40228 0.76701 0.38951 0.76804 0.36521 0.77000 0.35578 0.74837 0.35721 0.74411 0.36029 0.73965 0.37551 0.73469 0.38444 0.73334 0.39297 0.72781 0.41717 0.72601 0.45226 0.71681 0.47745 0.72416 0.48481 0.72676 0.48775 0.73213 0.49092 0.73815 0.49175 0.74121 0.48891 0.74508 0.48174 0.74790 0.47202 0.75453 0.45169 0.75957 0.43260 0.76420 0.40228
4 0.32190 0.51386 0.32515 0.51367 0.33203 0.51062 0.33143 0.48940 0.33159 0.47063 0.33390 0.45043 0.33552 0.43144 0.33158 0.42479 0.31900 0.40945 0.30993 0.39881 0.30219 0.38600 0.29489 0.37588 0.28802 0.36893 0.28141 0.36589 0.27895 0.36683 0.27679 0.36971 0.27599 0.37798 0.27669 0.39384 0.27958 0.41486 0.28109 0.44000 0.28448 0.45981 0.29033 0.47844 0.29775 0.49125 0.30521 0.50138 0.31252 0.51077 0.32190 0.51386
4 0.52912 0.55245 0.54976 0.55919 0.56044 0.56350 0.58901 0.55987 0.60034 0.55594 0.60444 0.55039 0.61070 0.52086 0.61171 0.49161 0.60967 0.46532 0.60403 0.44496 0.59713 0.42458 0.59440 0.40915 0.58699 0.40339 0.57434 0.39754 0.56279 0.39997 0.55194 0.40541 0.54180 0.41311 0.53235 0.42458 0.52388 0.43681 0.51872 0.44610 0.51495 0.46141 0.51258 0.48238 0.51197 0.51726 0.51481 0.54095 0.51939 0.55079 0.52912 0.55245
2 0.47905 0.52398 0.48061 0.52213 0.48428 0.51948 0.48891 0.51705 0.49085 0.51730 0.49339 0.51546 0.50076 0.51559 0.50355 0.51543 0.50604 0.51631 0.50926 0.51532 0.51052 0.51493 0.51203 0.50765 0.51191 0.49867 0.51272 0.48429 0.51222 0.48094 0.51062 0.47695 0.50875 0.48046 0.50760 0.48253 0.49863 0.48654 0.49360 0.48750 0.48733 0.48781 0.48340 0.49003 0.48092 0.49646 0.47731 0.50433 0.47651 0.51037 0.47880 0.51458 0.47900 0.51897 0.47905 0.52398
4 0.46438 0.53827 0.47657 0.53129 0.48099 0.52210 0.48847 0.51709 0.50748 0.51666 0.51105 0.51516 0.51340 0.49988 0.51306 0.48361 0.51115 0.46201 0.49962 0.44180 0.48016 0.42239 0.45720 0.41198 0.44276 0.41673 0.43072 0.42465 0.42006 0.43853 0.41479 0.45376 0.41249 0.46623 0.41214 0.48623 0.41352 0.50251 0.41476 0.51504 0.41863 0.53230 0.42349 0.54051 0.43407 0.54320 0.45783 0.53944 0.46438 0.53827
4 0.28386 0.45809 0.28108 0.44049 0.27959 0.41413 0.27693 0.39872 0.26879 0.39029 0.26038 0.37869 0.25467 0.37054 0.24608 0.35966 0.24430 0.35939 0.24258 0.37374 0.24300 0.40593 0.24737 0.43478 0.25461 0.45782 0.26212 0.47454 0.26719 0.48194 0.27365 0.48449 0.28643 0.47862 0.28925 0.47501 0.28386 0.45809
4 0.64075 0.54764 0.65534 0.54265 0.67150 0.53392 0.67912 0.52731 0.68366 0.51088 0.68538 0.48390 0.68062 0.44142 0.67896 0.42188 0.67434 0.40004 0.66562 0.38376 0.65738 0.38324 0.64978 0.38873 0.63780 0.40128 0.62531 0.41494 0.61337 0.42561 0.60817 0.43678 0.60643 0.45063 0.60941 0.46606 0.61120 0.49273 0.60968 0.52197 0.61278 0.53102 0.61815 0.53825 0.62062 0.54017 0.62381 0.54360 0.62900 0.54744 0.64075 0.54764
4 0.25771 0.46617 0.25474 0.45978 0.24720 0.43551 0.24298 0.40715 0.24243 0.37350 0.24303 0.36668 0.23574 0.35607 0.23227 0.34991 0.23067 0.34817 0.22530 0.34906 0.22236 0.35925 0.22008 0.38700 0.22068 0.40871 0.22887 0.44226 0.23584 0.46213 0.23868 0.46730 0.24334 0.47055 0.24905 0.46919 0.25363 0.46707 0.25771 0.46617
4 0.72193 0.46389 0.72575 0.45180 0.72666 0.43427 0.72754 0.41807 0.73320 0.38667 0.73556 0.37140 0.73303 0.36143 0.71592 0.36159 0.70821 0.37474 0.70372 0.38313 0.69682 0.39713 0.68846 0.41152 0.68347 0.41557 0.67865 0.41765 0.68528 0.48308 0.68389 0.51140 0.68595 0.51370 0.69040 0.51692 0.69403 0.51519 0.69922 0.51078 0.70446 0.50232 0.71281 0.48805 0.72193 0.46389
