4 0.29685 0.31754 0.30191 0.31645 0.30596 0.31233 0.30871 0.30734 0.30784 0.29931 0.30495 0.29388 0.29757 0.29127 0.28903 0.28520 0.28310 0.28281 0.27977 0.28063 0.27890 0.28389 0.28266 0.29453 0.28715 0.30799 0.29178 0.31580 0.29685 0.31754
4 0.43954 0.28585 0.44287 0.28823 0.44518 0.29062 0.44793 0.29171 0.45126 0.29084 0.45285 0.28997 0.45690 0.29149 0.46095 0.29366 0.46313 0.29431 0.46588 0.29323 0.46848 0.29127 0.47137 0.29301 0.47413 0.29214 0.47789 0.29040 0.48093 0.28671 0.48208 0.28259 0.48252 0.27760 0.48310 0.27130 0.48281 0.26848 0.47962 0.26262 0.47586 0.25828 0.47340 0.25567 0.46703 0.25307 0.46139 0.25176 0.45560 0.24959 0.45169 0.25003 0.44764 0.25285 0.44243 0.26001 0.43983 0.26566 0.43809 0.27021 0.43737 0.27716 0.43809 0.28085 0.43954 0.28585
4 0.39875 0.31223 0.40016 0.32128 0.40156 0.32776 0.40387 0.33469 0.40689 0.33921 0.41081 0.34223 0.41533 0.34298 0.42046 0.34192 0.42327 0.33936 0.42508 0.33258 0.42759 0.32203 0.42980 0.31389 0.42970 0.31027 0.42960 0.30152 0.42960 0.29188 0.42860 0.28796 0.42699 0.28313 0.42558 0.28072 0.42156 0.28148 0.41664 0.28178 0.41332 0.28178 0.40970 0.28223 0.40347 0.28419 0.40126 0.28510 0.39734 0.28690 0.39654 0.29112 0.39714 0.29670 0.39835 0.30499 0.39875 0.31223
4 0.53911 0.29309 0.53802 0.30113 0.53643 0.30729 0.53793 0.30779 0.53986 0.30892 0.54220 0.30879 0.54438 0.30729 0.54606 0.30352 0.54782 0.29812 0.54907 0.29309 0.55083 0.28668 0.55217 0.28003 0.55276 0.27387 0.55242 0.26997 0.55192 0.27010 0.55025 0.27211 0.54723 0.27525 0.54455 0.27915 0.54212 0.28090 0.54112 0.28442 0.53953 0.29070 0.53911 0.29309
4 0.42970 0.31027 0.43282 0.32082 0.43533 0.33077 0.43754 0.33951 0.44025 0.34524 0.44407 0.35007 0.44940 0.34916 0.45352 0.34690 0.45573 0.34178 0.45774 0.32941 0.45945 0.31524 0.46126 0.30032 0.46146 0.29369 0.45302 0.28977 0.44809 0.29158 0.44508 0.29052 0.44327 0.28811 0.43975 0.28600 0.43624 0.28147 0.43020 0.28147 0.42970 0.28735 0.42950 0.29158 0.42920 0.30138 0.42970 0.31027
4 0.29502 0.32982 0.29946 0.33259 0.30968 0.33723 0.31269 0.33761 0.31545 0.33460 0.31864 0.32919 0.31973 0.32530 0.32056 0.31625 0.32056 0.31500 0.31621 0.31600 0.31035 0.30997 0.30884 0.30708 0.30616 0.31186 0.30222 0.31651 0.29628 0.31814 0.29427 0.32153 0.29192 0.32555 0.29201 0.32756 0.29502 0.32982
4 0.49786 0.29778 0.49988 0.30169 0.50220 0.30625 0.50958 0.31016 0.51580 0.31255 0.52072 0.31211 0.52449 0.31255 0.52608 0.30994 0.52767 0.30169 0.52970 0.29236 0.53045 0.28614 0.53027 0.27738 0.52868 0.27043 0.52608 0.26544 0.52159 0.26305 0.51783 0.26457 0.51146 0.27021 0.50625 0.27586 0.50220 0.27977 0.49829 0.28302 0.49598 0.28606 0.49641 0.29149 0.49786 0.29778
4 0.35071 0.34328 0.35704 0.34373 0.36126 0.34223 0.36669 0.33770 0.37111 0.33183 0.37443 0.32715 0.37493 0.32157 0.37372 0.31178 0.37242 0.30710 0.37071 0.30273 0.36940 0.29851 0.36800 0.29565 0.36498 0.29550 0.36327 0.30122 0.36126 0.30710 0.35955 0.31162 0.35393 0.31570 0.34629 0.31886 0.34468 0.31841 0.34388 0.31886 0.34358 0.32369 0.34438 0.33107 0.34770 0.33921 0.35071 0.34328
4 0.31074 0.30994 0.31407 0.31407 0.31624 0.31580 0.32130 0.31428 0.32767 0.31081 0.33114 0.30799 0.32984 0.30256 0.32622 0.29583 0.32058 0.28867 0.31696 0.28194 0.31320 0.27912 0.31001 0.27912 0.30698 0.27977 0.30553 0.28346 0.30495 0.28736 0.30582 0.29301 0.30784 0.30256 0.31074 0.30994
4 0.47834 0.30545 0.47744 0.31087 0.47553 0.31419 0.47453 0.31585 0.47724 0.31585 0.48005 0.31705 0.48648 0.32354 0.49151 0.32760 0.49583 0.33077 0.49915 0.33183 0.50367 0.33107 0.50578 0.32881 0.50628 0.32354 0.50638 0.31720 0.50598 0.31223 0.50467 0.30725 0.50176 0.30575 0.49854 0.29987 0.49764 0.29670 0.49643 0.28977 0.49553 0.28916 0.49091 0.28690 0.48689 0.28510 0.48377 0.28510 0.48257 0.28902 0.48096 0.29384 0.47955 0.29942 0.47834 0.30545
4 0.33114 0.30994 0.33418 0.31580 0.33722 0.31906 0.34041 0.31906 0.34142 0.31754 0.34663 0.31841 0.35155 0.31667 0.35994 0.31168 0.36371 0.30126 0.36588 0.29409 0.36559 0.29040 0.36081 0.28454 0.35444 0.27760 0.34808 0.27130 0.34402 0.26848 0.34055 0.26696 0.33606 0.26891 0.33172 0.27499 0.32970 0.28368 0.32825 0.29388 0.32941 0.30300 0.33114 0.30994
4 0.52790 0.30052 0.52650 0.30670 0.52650 0.30816 0.52741 0.30942 0.52901 0.31015 0.53090 0.31110 0.53292 0.31067 0.53411 0.30994 0.53620 0.30733 0.53697 0.30419 0.53795 0.30073 0.53871 0.29623 0.53941 0.29183 0.54053 0.28691 0.54206 0.28095 0.54248 0.27581 0.54192 0.27173 0.54053 0.27288 0.53641 0.27885 0.53369 0.28314 0.53090 0.28681 0.52985 0.29079 0.52894 0.29571 0.52790 0.30052
4 0.32182 0.33887 0.32274 0.34226 0.32760 0.34339 0.32911 0.34301 0.33405 0.33774 0.34008 0.33020 0.34251 0.32543 0.34334 0.32229 0.34351 0.31826 0.34108 0.31764 0.34008 0.31952 0.33731 0.31927 0.33422 0.31575 0.33095 0.31010 0.33045 0.30884 0.32676 0.31135 0.32249 0.31374 0.32090 0.31575 0.32006 0.32229 0.31931 0.33070 0.32090 0.33497 0.32182 0.33887
