4 0.51855 0.50016 0.52749 0.49969 0.54039 0.50443 0.55069 0.50498 0.56635 0.50580 0.58487 0.50238 0.59544 0.49324 0.60235 0.47795 0.60582 0.46091 0.60687 0.42747 0.60484 0.40796 0.60051 0.36923 0.59460 0.34795 0.58907 0.32762 0.58080 0.31561 0.56759 0.30803 0.55798 0.30315 0.54556 0.30281 0.53205 0.30961 0.52469 0.32018 0.52007 0.33215 0.50751 0.35684 0.49673 0.39228 0.49166 0.41737 0.48779 0.43751 0.48623 0.46717 0.48638 0.48220 0.48992 0.49083 0.49413 0.49575 0.50506 0.49758 0.51855 0.50016
4 0.53480 0.53245 0.53928 0.50519 0.52631 0.50090 0.51923 0.50053 0.49412 0.49606 0.48795 0.49123 0.48628 0.48438 0.48345 0.48018 0.47840 0.48622 0.47477 0.49099 0.46560 0.49186 0.46370 0.51520 0.46744 0.54064 0.47319 0.55987 0.47523 0.57260 0.48372 0.58476 0.49946 0.58108 0.50733 0.57924 0.51868 0.56271 0.52952 0.54299 0.53480 0.53245
4 0.62002 0.55134 0.62685 0.52420 0.63142 0.50145 0.63064 0.49060 0.62678 0.48047 0.62017 0.47111 0.61108 0.46388 0.60619 0.46047 0.60300 0.47607 0.59606 0.49239 0.58572 0.50266 0.57241 0.50512 0.55852 0.50575 0.54033 0.50434 0.53952 0.50700 0.53524 0.53067 0.53810 0.54705 0.54386 0.57259 0.54386 0.57890 0.56142 0.57937 0.57609 0.58330 0.59048 0.57954 0.60085 0.57513 0.61318 0.57217 0.62002 0.55134
4 0.36618 0.57635 0.36971 0.55400 0.37807 0.53641 0.38485 0.52324 0.38609 0.51248 0.38556 0.49037 0.38578 0.47325 0.38028 0.46846 0.36925 0.46608 0.36728 0.46507 0.36251 0.44634 0.36457 0.43293 0.35947 0.43987 0.34862 0.44697 0.33817 0.44642 0.33150 0.45103 0.30949 0.44537 0.30488 0.46225 0.30515 0.48931 0.31005 0.51842 0.31487 0.53625 0.32030 0.55501 0.32420 0.57100 0.33757 0.57395 0.35373 0.57525 0.36444 0.57716 0.36618 0.57635
4 0.38003 0.46880 0.39002 0.47527 0.39578 0.48183 0.39957 0.48579 0.40868 0.48658 0.41378 0.48778 0.42767 0.49164 0.43614 0.49115 0.44461 0.49096 0.44701 0.48984 0.45591 0.49030 0.46342 0.49038 0.46725 0.48902 0.47372 0.49092 0.47793 0.48676 0.48083 0.48065 0.48465 0.47491 0.48619 0.45464 0.48807 0.43220 0.48807 0.40967 0.48507 0.39073 0.48205 0.36772 0.47740 0.34462 0.47343 0.32626 0.46294 0.30693 0.45470 0.29836 0.44448 0.29187 0.43242 0.28905 0.42069 0.28875 0.41125 0.29420 0.39634 0.31001 0.38770 0.32709 0.37700 0.34750 0.37142 0.36442 0.36605 0.38167 0.36472 0.40258 0.36537 0.42608 0.36317 0.44569 0.36440 0.45358 0.36663 0.46465 0.37052 0.46673 0.38003 0.46880
4 0.30074 0.52199 0.30649 0.51553 0.30554 0.48843 0.30549 0.46364 0.30886 0.44443 0.30393 0.43516 0.30019 0.42279 0.29660 0.40097 0.29364 0.39946 0.28371 0.41472 0.27224 0.43350 0.26358 0.43755 0.25883 0.45082 0.25364 0.45957 0.24315 0.46623 0.24147 0.49183 0.23602 0.52490 0.23686 0.54749 0.23831 0.55207 0.26167 0.55780 0.27502 0.56121 0.27772 0.56135 0.28186 0.54669 0.29022 0.52910 0.30074 0.52199
4 0.62702 0.48143 0.63538 0.47874 0.64598 0.47366 0.65455 0.46253 0.66215 0.44727 0.66783 0.42848 0.67281 0.40964 0.67557 0.39288 0.67663 0.37259 0.67121 0.34602 0.66595 0.33009 0.65948 0.32349 0.65375 0.32100 0.64286 0.32262 0.63627 0.33198 0.62597 0.34928 0.61792 0.37296 0.60623 0.40334 0.60453 0.40888 0.60674 0.42496 0.60586 0.45966 0.61082 0.46368 0.61852 0.46909 0.62588 0.47636 0.62702 0.48143
4 0.19952 0.39761 0.19953 0.36161 0.20013 0.35006 0.19376 0.33721 0.18601 0.32397 0.18110 0.31902 0.17544 0.32842 0.16625 0.34265 0.15678 0.35311 0.15780 0.36944 0.15943 0.38768 0.16300 0.41354 0.16812 0.43228 0.17374 0.44165 0.17874 0.44473 0.18649 0.44012 0.19411 0.43364 0.20379 0.41912 0.19952 0.39761
4 0.22527 0.50406 0.23698 0.48709 0.24104 0.47423 0.24129 0.46298 0.23669 0.46048 0.22779 0.44965 0.21480 0.43950 0.20589 0.42236 0.20420 0.42227 0.19565 0.43715 0.18397 0.45997 0.17588 0.47893 0.17251 0.49814 0.17147 0.51791 0.17476 0.52620 0.18452 0.53347 0.19370 0.53891 0.20822 0.51984 0.22527 0.50406
4 0.76474 0.51634 0.75770 0.48931 0.75276 0.47064 0.74873 0.45615 0.74275 0.47350 0.73872 0.48606 0.73223 0.49698 0.72531 0.50000 0.71469 0.49832 0.70786 0.49420 0.70283 0.48267 0.70060 0.47692 0.69625 0.47932 0.69619 0.48571 0.69213 0.51479 0.69322 0.52086 0.70022 0.53249 0.70875 0.54721 0.71611 0.56263 0.71742 0.56457 0.72982 0.56447 0.75078 0.56219 0.76145 0.55749 0.76648 0.55287 0.76632 0.53446 0.76474 0.51634
4 0.69520 0.45276 0.70015 0.47024 0.70268 0.48477 0.70781 0.49443 0.71552 0.49953 0.72562 0.49943 0.73182 0.49756 0.73888 0.48385 0.74720 0.45956 0.75391 0.43455 0.75845 0.41069 0.76092 0.39485 0.76418 0.37750 0.75403 0.36945 0.73613 0.35724 0.72891 0.35155 0.72164 0.35148 0.71449 0.36237 0.70668 0.37260 0.69455 0.38449 0.68249 0.39513 0.67425 0.40002 0.67015 0.42015 0.67534 0.42856 0.68405 0.43715 0.69076 0.44345 0.69520 0.45276
4 0.32641 0.44783 0.33218 0.44970 0.33983 0.44697 0.34928 0.44590 0.35463 0.44242 0.36046 0.43866 0.36458 0.43168 0.36550 0.41858 0.36472 0.40226 0.36566 0.38416 0.36965 0.37091 0.37274 0.36105 0.36366 0.34179 0.35100 0.31452 0.34088 0.29709 0.33363 0.28763 0.32649 0.28507 0.31672 0.28330 0.30628 0.28995 0.30258 0.30228 0.29725 0.32329 0.29266 0.34809 0.29101 0.35270 0.29589 0.38958 0.29780 0.40689 0.30028 0.42236 0.30405 0.43539 0.31110 0.44421 0.32128 0.44725 0.32641 0.44783
4 0.43422 0.58758 0.44029 0.57482 0.44784 0.56621 0.45235 0.55112 0.45700 0.53333 0.46232 0.50927 0.46572 0.48961 0.46261 0.49080 0.44643 0.48995 0.44289 0.49292 0.42536 0.49201 0.39998 0.48617 0.38800 0.47608 0.38855 0.49774 0.38947 0.51897 0.39433 0.53590 0.39905 0.55554 0.40313 0.56792 0.40676 0.58253 0.41003 0.58451 0.41998 0.58818 0.43111 0.58877 0.43422 0.58758
4 0.69030 0.45392 0.68167 0.44445 0.67333 0.43590 0.66678 0.43195 0.66229 0.44659 0.65482 0.46018 0.64498 0.47363 0.62775 0.47994 0.63087 0.49137 0.63172 0.50088 0.62620 0.52899 0.61687 0.56501 0.62413 0.57486 0.63540 0.57274 0.65302 0.57187 0.67093 0.57190 0.68182 0.57067 0.68714 0.54661 0.69213 0.51577 0.69585 0.48351 0.69475 0.46587 0.69030 0.45392
4 0.80715 0.40317 0.79432 0.39536 0.78737 0.38824 0.78022 0.38486 0.76931 0.39405 0.76009 0.40334 0.75838 0.40926 0.75387 0.43607 0.74988 0.45313 0.75693 0.46365 0.76915 0.47781 0.78180 0.48899 0.78731 0.49153 0.79645 0.48375 0.80335 0.46495 0.81056 0.44016 0.81407 0.42157 0.81650 0.40742 0.80715 0.40317
4 0.25893 0.45024 0.26375 0.43891 0.27280 0.43188 0.28253 0.41642 0.28969 0.40521 0.29671 0.39682 0.29421 0.37728 0.29073 0.34955 0.28446 0.33044 0.27050 0.30561 0.25900 0.29217 0.24938 0.27852 0.24356 0.27321 0.22830 0.28211 0.21440 0.29202 0.21074 0.29465 0.20560 0.30315 0.20334 0.33277 0.19996 0.36138 0.19927 0.39703 0.20423 0.41889 0.21493 0.43855 0.22841 0.45021 0.23700 0.46099 0.24409 0.46449 0.25235 0.45929 0.25893 0.45024
