4 0.31181 0.56098 0.32458 0.55279 0.33276 0.54579 0.34256 0.54998 0.35232 0.55353 0.35431 0.55187 0.36087 0.55371 0.36625 0.55249 0.37183 0.55032 0.37537 0.54387 0.37577 0.53665 0.37831 0.52588 0.37794 0.51870 0.37822 0.51430 0.37580 0.51255 0.36945 0.50506 0.36664 0.49581 0.36630 0.49927 0.35477 0.49644 0.34442 0.49666 0.33314 0.49381 0.31993 0.49357 0.31844 0.49490 0.30245 0.49104 0.29722 0.48004 0.29475 0.48737 0.29295 0.49248 0.29100 0.49978 0.29435 0.51932 0.29485 0.52869 0.29647 0.53987 0.30080 0.54841 0.30342 0.55390 0.30692 0.55654 0.31181 0.56098
4 0.38446 0.51465 0.39627 0.51359 0.40406 0.51145 0.41316 0.51010 0.41908 0.50979 0.42561 0.50749 0.42937 0.50382 0.43295 0.49667 0.43415 0.49205 0.43607 0.48760 0.42626 0.48572 0.41553 0.48324 0.40800 0.47690 0.40509 0.46922 0.40385 0.45929 0.40426 0.45014 0.40583 0.44223 0.40946 0.43269 0.40663 0.43001 0.40163 0.42397 0.39664 0.42119 0.38736 0.42255 0.38292 0.42713 0.37705 0.43504 0.37215 0.44443 0.37018 0.45497 0.36651 0.48103 0.36591 0.48671 0.36652 0.49494 0.37030 0.50518 0.37453 0.51060 0.37940 0.51426 0.38446 0.51465
4 0.30305 0.49131 0.30909 0.49316 0.31820 0.49551 0.32115 0.49362 0.32584 0.49381 0.33357 0.49384 0.34489 0.49580 0.35466 0.49641 0.36665 0.49893 0.36614 0.48409 0.36742 0.47424 0.36941 0.46088 0.37120 0.45035 0.37312 0.44242 0.36731 0.43447 0.36422 0.42354 0.35811 0.41321 0.35393 0.40560 0.34915 0.39999 0.34582 0.39820 0.33978 0.39961 0.33148 0.40243 0.32444 0.40889 0.31917 0.41460 0.31427 0.42051 0.31024 0.42941 0.30835 0.43451 0.30500 0.44273 0.30153 0.44856 0.29801 0.45679 0.29754 0.47182 0.29822 0.48135 0.30305 0.49131
4 0.50149 0.84153 0.50465 0.84005 0.50622 0.82484 0.50652 0.80996 0.50528 0.79437 0.50359 0.78690 0.50053 0.78209 0.49211 0.78203 0.48322 0.78092 0.47909 0.78036 0.47632 0.78102 0.47283 0.78042 0.46310 0.77989 0.45785 0.78277 0.45313 0.78720 0.45130 0.79355 0.45031 0.79934 0.45220 0.81072 0.45447 0.82103 0.45718 0.83159 0.45838 0.83805 0.46769 0.83860 0.48065 0.83896 0.49169 0.83969 0.50149 0.84153
4 0.58449 0.49308 0.59011 0.49409 0.59593 0.49531 0.60162 0.49762 0.60729 0.49949 0.61720 0.49984 0.62385 0.49993 0.63092 0.49760 0.63533 0.49237 0.63830 0.48048 0.63878 0.46915 0.63653 0.45709 0.63090 0.44217 0.62565 0.42788 0.62276 0.42064 0.61812 0.41111 0.61390 0.40611 0.60716 0.40429 0.60051 0.40442 0.59302 0.40894 0.58840 0.41679 0.58411 0.42419 0.57935 0.43270 0.57463 0.44229 0.57254 0.44697 0.57631 0.46047 0.57796 0.46799 0.57860 0.47339 0.57774 0.48430 0.57782 0.48930 0.58449 0.49308
4 0.49701 0.49788 0.50054 0.50009 0.51275 0.50314 0.52735 0.50390 0.53950 0.50587 0.55550 0.50590 0.56256 0.50684 0.57181 0.50505 0.57588 0.49701 0.57816 0.48559 0.57834 0.47188 0.57673 0.46175 0.57215 0.44634 0.56944 0.43583 0.56590 0.41971 0.56111 0.40714 0.55573 0.39720 0.54822 0.39108 0.53910 0.38851 0.52852 0.38906 0.52002 0.39146 0.51109 0.39954 0.50101 0.41637 0.49642 0.42835 0.49287 0.43941 0.49301 0.45244 0.49271 0.46376 0.49134 0.47535 0.49239 0.48508 0.49456 0.49236 0.49701 0.49788
4 0.63763 0.48834 0.63993 0.49104 0.64535 0.49163 0.65221 0.48866 0.66095 0.49081 0.66889 0.49474 0.67732 0.49452 0.68078 0.49868 0.68729 0.49943 0.69221 0.49721 0.69841 0.49211 0.70005 0.48224 0.69942 0.46684 0.69581 0.44942 0.68955 0.43280 0.68134 0.42018 0.67341 0.41299 0.66430 0.40716 0.65739 0.40578 0.65021 0.40595 0.64502 0.40991 0.63990 0.41844 0.63652 0.42601 0.63194 0.43473 0.62980 0.43832 0.63382 0.44985 0.63618 0.45733 0.63854 0.46460 0.63873 0.47154 0.63836 0.48178 0.63763 0.48834
4 0.41626 0.48342 0.42900 0.48645 0.44366 0.48829 0.46045 0.49306 0.47675 0.49547 0.48222 0.49692 0.48646 0.49561 0.48956 0.48610 0.49282 0.46245 0.49366 0.44089 0.49163 0.41578 0.48624 0.40215 0.47900 0.39079 0.47085 0.38296 0.46117 0.37651 0.45110 0.37638 0.44127 0.37755 0.43456 0.38334 0.43037 0.38921 0.42581 0.39814 0.41915 0.41175 0.41331 0.42380 0.40888 0.43533 0.40554 0.44355 0.40360 0.45800 0.40466 0.46794 0.40898 0.47837 0.41626 0.48342
4 0.45431 0.83852 0.45662 0.83318 0.45319 0.81719 0.45092 0.80270 0.45056 0.79594 0.45271 0.78748 0.44347 0.78822 0.43546 0.78760 0.42489 0.78763 0.41823 0.78824 0.40920 0.79289 0.40607 0.79488 0.40350 0.79945 0.40206 0.80891 0.40450 0.81844 0.40692 0.82353 0.41163 0.82693 0.42031 0.83195 0.43076 0.83793 0.43856 0.83856 0.44515 0.83665 0.44943 0.84008 0.45431 0.83852
4 0.55147 0.84021 0.55299 0.82813 0.55631 0.80918 0.55726 0.79843 0.55763 0.78902 0.55648 0.78360 0.55588 0.78024 0.55258 0.77911 0.50252 0.77887 0.50253 0.78304 0.50501 0.79335 0.50693 0.81359 0.50615 0.82745 0.50577 0.84078 0.51042 0.84315 0.52166 0.84360 0.53283 0.84275 0.55147 0.84021
4 0.67412 0.53625 0.68408 0.54512 0.69185 0.54941 0.69656 0.54865 0.70289 0.54597 0.70727 0.53895 0.71067 0.52573 0.71156 0.50977 0.71067 0.49678 0.71053 0.49000 0.70752 0.48208 0.70237 0.47426 0.69989 0.47230 0.70025 0.48324 0.69854 0.49168 0.69484 0.49526 0.68878 0.49897 0.67990 0.49839 0.67709 0.49410 0.66916 0.49504 0.66076 0.49131 0.65224 0.48915 0.64525 0.49160 0.63934 0.49008 0.63714 0.48915 0.63547 0.49029 0.63520 0.49343 0.63066 0.49732 0.62953 0.50051 0.63003 0.51405 0.63337 0.52431 0.63417 0.53548 0.63996 0.54300 0.64671 0.54422 0.65377 0.54306 0.65984 0.53961 0.66649 0.53066 0.66963 0.52867 0.67412 0.53625
4 0.66217 0.77340 0.65365 0.77123 0.64877 0.77279 0.64486 0.77639 0.64062 0.78209 0.63766 0.78720 0.63798 0.78927 0.64460 0.78788 0.65330 0.79760 0.65619 0.79510 0.66075 0.79147 0.66658 0.78751 0.67408 0.78242 0.66911 0.77825 0.66217 0.77340
4 0.60549 0.82955 0.61201 0.82634 0.61356 0.81896 0.61375 0.80617 0.60896 0.79703 0.60467 0.79334 0.60027 0.79174 0.59535 0.78835 0.58675 0.78489 0.57540 0.78235 0.56588 0.78181 0.56041 0.78444 0.55774 0.79110 0.55678 0.80159 0.55533 0.81497 0.55288 0.82996 0.55107 0.84075 0.55860 0.84036 0.57749 0.83859 0.58820 0.83724 0.59757 0.83492 0.60549 0.82955
4 0.65244 0.79764 0.65259 0.79633 0.64755 0.79085 0.64478 0.78735 0.63838 0.78873 0.63263 0.79007 0.62631 0.78884 0.62191 0.78724 0.61726 0.78905 0.61335 0.79265 0.60953 0.79807 0.61333 0.80465 0.61384 0.81845 0.61234 0.82687 0.61666 0.82299 0.62300 0.82032 0.63060 0.81731 0.64062 0.81078 0.64571 0.80504 0.65244 0.79764
