4 0.59758 0.35149 0.59925 0.36306 0.60300 0.37869 0.60362 0.38900 0.60696 0.39869 0.60946 0.41401 0.61467 0.42745 0.61863 0.43777 0.63634 0.44558 0.64759 0.44839 0.65301 0.44746 0.65447 0.44464 0.66030 0.41995 0.66072 0.40557 0.65926 0.35743 0.65864 0.33899 0.65822 0.31836 0.65197 0.29991 0.64780 0.29272 0.63488 0.29210 0.62800 0.29366 0.62425 0.30616 0.61842 0.31898 0.61217 0.32961 0.60487 0.34399 0.59758 0.35149
4 0.32368 0.45153 0.32716 0.46351 0.33341 0.46638 0.34383 0.46013 0.35477 0.45466 0.36033 0.44502 0.36814 0.43330 0.37248 0.42392 0.37127 0.41480 0.36918 0.39657 0.37022 0.37468 0.35772 0.36114 0.34261 0.34343 0.33237 0.33483 0.32177 0.33170 0.31760 0.34447 0.31465 0.37208 0.31639 0.39943 0.32003 0.42939 0.32368 0.45153
4 0.51047 0.37150 0.51068 0.39338 0.51172 0.40525 0.51339 0.40838 0.52318 0.40963 0.53506 0.40995 0.55465 0.41182 0.57278 0.41463 0.58883 0.41651 0.59716 0.41588 0.60029 0.41120 0.60300 0.39619 0.60300 0.37431 0.59529 0.32961 0.59174 0.30929 0.58987 0.29304 0.58570 0.28460 0.55444 0.28929 0.53152 0.28960 0.52360 0.29054 0.52151 0.29616 0.51693 0.31398 0.51610 0.32742 0.51235 0.35337 0.51047 0.37150
4 0.53102 0.57435 0.52885 0.58593 0.53295 0.58611 0.54332 0.58720 0.56262 0.58793 0.57685 0.58774 0.58143 0.58792 0.58155 0.58394 0.58215 0.57254 0.58432 0.55861 0.58601 0.54722 0.58855 0.53202 0.59180 0.51357 0.59192 0.50652 0.58915 0.50163 0.58432 0.49765 0.57854 0.49765 0.57649 0.49566 0.57106 0.49693 0.56274 0.49639 0.55176 0.49982 0.54477 0.50290 0.53934 0.50525 0.53681 0.50815 0.53814 0.51628 0.53416 0.54487 0.53102 0.57435
4 0.62605 0.57381 0.62569 0.58286 0.62726 0.58575 0.63281 0.58520 0.63872 0.58448 0.65246 0.58249 0.66332 0.57779 0.67405 0.57381 0.68346 0.57562 0.68635 0.57725 0.68635 0.57290 0.68635 0.56404 0.68478 0.55301 0.68273 0.54668 0.67863 0.53962 0.67176 0.53130 0.65994 0.51972 0.65162 0.51375 0.64523 0.51032 0.64185 0.51068 0.63691 0.51140 0.62991 0.52045 0.63003 0.52895 0.62774 0.55283 0.62605 0.57381
4 0.32379 0.58253 0.33150 0.58190 0.34963 0.57753 0.36088 0.57440 0.36630 0.57127 0.37026 0.56971 0.37235 0.56033 0.37297 0.54908 0.37297 0.54314 0.37089 0.53751 0.36630 0.53564 0.35963 0.53532 0.35109 0.53783 0.34734 0.53876 0.34130 0.54033 0.33671 0.54626 0.33108 0.55940 0.32733 0.56784 0.32504 0.57721 0.32379 0.58253
4 0.36970 0.38276 0.36953 0.40021 0.37092 0.41767 0.37509 0.43824 0.37925 0.44033 0.38898 0.43538 0.39714 0.42782 0.40409 0.41376 0.41312 0.39683 0.42354 0.38380 0.43083 0.37312 0.43691 0.36140 0.44438 0.34343 0.44368 0.33014 0.43622 0.31738 0.42823 0.30982 0.41381 0.30696 0.39054 0.30982 0.38377 0.31086 0.37856 0.31581 0.37491 0.32675 0.37179 0.34473 0.37057 0.36270 0.36970 0.38276
4 0.42778 0.53282 0.42799 0.54908 0.42778 0.56190 0.42715 0.56909 0.42715 0.57471 0.43966 0.57753 0.45779 0.57753 0.46550 0.57815 0.47342 0.57627 0.47821 0.56565 0.47800 0.53970 0.47842 0.52845 0.47863 0.50594 0.47800 0.49500 0.47988 0.49156 0.48363 0.49031 0.48760 0.48675 0.48613 0.48062 0.47800 0.47781 0.46529 0.47562 0.45841 0.47562 0.45195 0.47812 0.44507 0.48125 0.43862 0.48562 0.43320 0.49219 0.42924 0.49844 0.42632 0.50250 0.42632 0.50813 0.42674 0.51751 0.42778 0.53282
4 0.68623 0.57634 0.68913 0.57851 0.69757 0.58177 0.70673 0.58322 0.71638 0.58376 0.72241 0.58231 0.71940 0.57128 0.71542 0.56115 0.71035 0.54848 0.70673 0.54251 0.70348 0.53890 0.69757 0.53926 0.69359 0.53799 0.68973 0.53763 0.68635 0.54016 0.68273 0.54649 0.68466 0.55283 0.68635 0.56314 0.68623 0.57634
4 0.66114 0.40650 0.65968 0.41932 0.66572 0.42808 0.67073 0.43870 0.67656 0.45027 0.68531 0.45902 0.69677 0.46590 0.70303 0.45621 0.70886 0.45121 0.71365 0.42432 0.71678 0.38900 0.71699 0.36087 0.71720 0.34368 0.71491 0.33211 0.70949 0.31679 0.70386 0.31367 0.69740 0.31523 0.68385 0.33367 0.67677 0.34149 0.67073 0.35305 0.65905 0.35868 0.66010 0.38775 0.66114 0.40650
4 0.47760 0.49473 0.47844 0.51599 0.47781 0.53912 0.47802 0.56600 0.47781 0.58038 0.48927 0.58226 0.51678 0.58570 0.52949 0.58631 0.52970 0.58288 0.53449 0.54256 0.53616 0.52662 0.53803 0.51505 0.53751 0.50948 0.53659 0.50483 0.53416 0.50182 0.52788 0.49855 0.52202 0.49604 0.51457 0.49617 0.50795 0.49679 0.50259 0.49303 0.49547 0.48876 0.49070 0.48624 0.48760 0.48687 0.48365 0.48879 0.47968 0.49192 0.47760 0.49473
2 0.39832 0.40369 0.39658 0.41758 0.39528 0.42257 0.39803 0.41932 0.40150 0.40673 0.40657 0.39609 0.41525 0.38350 0.42321 0.37873 0.42379 0.36961 0.41945 0.35702 0.41597 0.35246 0.40483 0.35159 0.40034 0.35289 0.39745 0.35724 0.39484 0.36592 0.39557 0.37721 0.39701 0.39001 0.39832 0.40369
2 0.60668 0.39888 0.60910 0.39979 0.61201 0.39481 0.61482 0.38712 0.61824 0.38215 0.62487 0.37868 0.62789 0.37491 0.62829 0.37009 0.62638 0.36466 0.62075 0.36225 0.61482 0.36677 0.61151 0.36828 0.60698 0.36768 0.60548 0.37129 0.60337 0.37552 0.60337 0.37748 0.60357 0.38938 0.60668 0.39888
4 0.59216 0.50688 0.59144 0.51411 0.58830 0.53275 0.58469 0.55409 0.58203 0.57001 0.58119 0.58267 0.58710 0.58774 0.60254 0.58756 0.62062 0.58629 0.62436 0.58484 0.62629 0.56440 0.62931 0.53944 0.62991 0.52659 0.63052 0.51683 0.62943 0.51212 0.62545 0.50832 0.62316 0.50796 0.62038 0.50688 0.61568 0.50326 0.60893 0.50109 0.60712 0.49910 0.60519 0.50000 0.59458 0.49838 0.58517 0.49711 0.58445 0.49802 0.58963 0.50217 0.59216 0.50688
4 0.37130 0.56315 0.36985 0.57221 0.38006 0.57034 0.39360 0.57065 0.41069 0.57315 0.41965 0.57596 0.42632 0.57565 0.42757 0.55158 0.42674 0.52814 0.42653 0.51282 0.42528 0.50876 0.42111 0.50532 0.41757 0.50313 0.41132 0.50407 0.40548 0.50625 0.39965 0.50907 0.39423 0.51438 0.38839 0.52157 0.38402 0.53126 0.38026 0.53751 0.37610 0.54251 0.37255 0.55158 0.37130 0.56315
