4 0.27138 0.56837 0.27538 0.58113 0.27839 0.58563 0.28639 0.58413 0.29814 0.58225 0.30564 0.57512 0.31215 0.56575 0.31890 0.55074 0.32065 0.54549 0.31740 0.52298 0.31565 0.49898 0.31490 0.47722 0.31465 0.46897 0.29614 0.45246 0.27789 0.43446 0.26588 0.42095 0.25713 0.41833 0.25463 0.42733 0.25438 0.46222 0.25638 0.48960 0.26288 0.53424 0.27138 0.56837
1 0.60707 0.46295 0.60398 0.46150 0.60263 0.46411 0.60205 0.46788 0.60195 0.47324 0.60379 0.47730 0.60640 0.48078 0.60920 0.47962 0.60997 0.47281 0.61239 0.46890 0.61432 0.46977 0.61654 0.46962 0.61886 0.47107 0.61905 0.46745 0.61644 0.46440 0.61490 0.46324 0.61075 0.46411 0.60707 0.46295
2 0.60611 0.49696 0.60511 0.50272 0.60711 0.50122 0.60806 0.49070 0.60946 0.48439 0.61746 0.48168 0.62348 0.47567 0.62829 0.47117 0.62789 0.46306 0.62549 0.45404 0.62068 0.45524 0.61545 0.45855 0.61165 0.46275 0.60784 0.46005 0.60277 0.45664 0.59759 0.46866 0.59843 0.47643 0.60344 0.49070 0.60611 0.49696
2 0.34698 0.51996 0.34866 0.53042 0.35010 0.54124 0.34986 0.55097 0.35251 0.54448 0.35900 0.53186 0.36741 0.51095 0.37318 0.50554 0.38039 0.49545 0.38207 0.48535 0.37727 0.47922 0.37438 0.47129 0.37294 0.46335 0.36549 0.46840 0.35563 0.46912 0.34698 0.47309 0.34361 0.48030 0.33977 0.49076 0.34385 0.50266 0.34674 0.50806 0.34698 0.51996
1 0.35343 0.50423 0.35354 0.50237 0.35331 0.50179 0.35265 0.50138 0.35207 0.50371 0.35211 0.50516 0.35280 0.50516 0.35343 0.50423
1 0.34508 0.50192 0.34643 0.49772 0.34797 0.49322 0.34817 0.48989 0.34865 0.48511 0.35116 0.47989 0.35599 0.47917 0.36150 0.48134 0.36449 0.48424 0.36459 0.48815 0.36585 0.49148 0.36845 0.49453 0.37038 0.49337 0.37280 0.48975 0.37386 0.48583 0.37415 0.48134 0.37328 0.47729 0.37232 0.47424 0.37029 0.47120 0.36546 0.47091 0.36227 0.47236 0.35734 0.47424 0.35415 0.47482 0.35106 0.47627 0.34865 0.47758 0.34652 0.48453 0.34343 0.49018 0.34382 0.49670 0.34469 0.50105 0.34508 0.50192
4 0.38974 0.74578 0.39165 0.77417 0.39982 0.77704 0.41683 0.77991 0.42778 0.78381 0.44323 0.78485 0.45261 0.78720 0.45209 0.78199 0.45191 0.76506 0.45105 0.74135 0.44792 0.72442 0.44688 0.70202 0.44549 0.68431 0.44653 0.66373 0.45070 0.65565 0.45747 0.64810 0.45730 0.64419 0.45348 0.63898 0.44844 0.63403 0.44115 0.63403 0.43316 0.63325 0.42187 0.63325 0.40780 0.63742 0.39843 0.64341 0.39026 0.64966 0.38558 0.66190 0.38697 0.68874 0.38957 0.72989 0.38974 0.74578
4 0.51738 0.75542 0.51495 0.79892 0.52190 0.80179 0.53527 0.80075 0.55108 0.79840 0.56532 0.79580 0.57817 0.79189 0.57539 0.77991 0.57626 0.77053 0.57643 0.74995 0.58008 0.72729 0.58268 0.70749 0.58598 0.68040 0.58928 0.66008 0.58789 0.65044 0.58320 0.64784 0.57053 0.64862 0.55681 0.64940 0.54187 0.65253 0.52867 0.65930 0.52086 0.66816 0.52034 0.68795 0.51756 0.71530 0.51738 0.75542
4 0.69834 0.64154 0.70146 0.64498 0.70334 0.64248 0.70709 0.63592 0.70917 0.63029 0.71147 0.62654 0.71626 0.62279 0.72814 0.62404 0.73397 0.62373 0.73564 0.62122 0.73939 0.62310 0.74710 0.63560 0.75544 0.65436 0.76231 0.67499 0.76502 0.68531 0.76794 0.69562 0.77544 0.70125 0.78420 0.70719 0.79170 0.70656 0.79524 0.69718 0.79399 0.68312 0.79107 0.65686 0.78461 0.63029 0.77836 0.61341 0.77107 0.60435 0.76252 0.59278 0.75627 0.58934 0.75023 0.59341 0.74377 0.59341 0.73314 0.59809 0.72210 0.60622 0.71605 0.61028 0.71293 0.60935 0.71063 0.60591 0.70751 0.60497 0.70313 0.60653 0.70000 0.60872 0.69625 0.61341 0.69209 0.62560 0.69104 0.63248 0.69209 0.63529 0.69834 0.64154
4 0.44549 0.66477 0.44653 0.67076 0.44549 0.68378 0.44653 0.69342 0.44723 0.70567 0.44792 0.72442 0.45105 0.74188 0.45139 0.74787 0.45191 0.76480 0.45226 0.77261 0.45278 0.78616 0.45573 0.78616 0.46390 0.78902 0.47414 0.79241 0.49203 0.79527 0.50749 0.79866 0.51513 0.80022 0.51495 0.78798 0.51548 0.76792 0.51600 0.75151 0.51548 0.71999 0.51825 0.70254 0.51999 0.68900 0.52034 0.67284 0.51686 0.66607 0.50731 0.66112 0.49759 0.65904 0.48630 0.65930 0.47866 0.65956 0.46911 0.65122 0.46199 0.64549 0.45695 0.64731 0.45365 0.65175 0.45157 0.65435 0.44549 0.66477
4 0.32844 0.69968 0.32809 0.70723 0.32514 0.72234 0.32375 0.73745 0.32497 0.74943 0.32862 0.74943 0.33886 0.74891 0.34685 0.74943 0.35935 0.75725 0.36873 0.76115 0.38314 0.77001 0.38523 0.75725 0.38766 0.74839 0.39009 0.73354 0.38887 0.72130 0.38749 0.70124 0.38610 0.68040 0.38592 0.66816 0.38384 0.66295 0.38071 0.65826 0.37863 0.65305 0.36960 0.65565 0.35744 0.65904 0.34859 0.66399 0.34164 0.67102 0.33435 0.68613 0.33226 0.68769 0.32844 0.69968
4 0.65041 0.77287 0.66847 0.76610 0.68358 0.75542 0.69695 0.74708 0.71102 0.74344 0.71658 0.73901 0.71414 0.70723 0.71414 0.68248 0.71171 0.66190 0.70824 0.65591 0.70025 0.64471 0.69278 0.63637 0.68844 0.63299 0.68150 0.63065 0.67872 0.62908 0.67316 0.62960 0.66482 0.62413 0.66013 0.62257 0.65579 0.62257 0.64798 0.62908 0.64468 0.63247 0.63947 0.63846 0.63982 0.64549 0.63877 0.66164 0.63652 0.68717 0.63513 0.70749 0.63461 0.72338 0.63495 0.74031 0.63825 0.75568 0.64086 0.77365 0.65041 0.77287
4 0.59241 0.79007 0.61116 0.78485 0.63148 0.77913 0.63426 0.77652 0.63356 0.73666 0.63600 0.69030 0.63895 0.66138 0.63982 0.64653 0.63843 0.63611 0.63652 0.63455 0.62957 0.63325 0.62471 0.63169 0.61933 0.62700 0.60977 0.62674 0.60109 0.62960 0.59397 0.63143 0.58685 0.63091 0.57782 0.63351 0.56983 0.63533 0.56462 0.63924 0.56184 0.64862 0.57140 0.64862 0.58285 0.64836 0.58824 0.65122 0.58945 0.65826 0.57782 0.74500 0.57730 0.76063 0.57904 0.78069 0.58355 0.78798 0.59241 0.79007
4 0.27235 0.74865 0.27443 0.75672 0.28068 0.75646 0.28885 0.75725 0.29857 0.75620 0.31021 0.75386 0.32045 0.75099 0.32445 0.74969 0.32410 0.73145 0.32566 0.71921 0.32723 0.71166 0.32827 0.70540 0.32844 0.69890 0.33174 0.68848 0.32931 0.68457 0.32775 0.67753 0.32549 0.67415 0.32063 0.67232 0.31229 0.67128 0.30170 0.67493 0.29562 0.67779 0.28711 0.68483 0.28207 0.69629 0.27790 0.70801 0.27374 0.72807 0.27270 0.74057 0.27235 0.74865
4 0.31565 0.50835 0.32090 0.54661 0.32290 0.55412 0.32565 0.56537 0.32965 0.56837 0.33590 0.56537 0.35066 0.55374 0.35616 0.54212 0.36566 0.51623 0.37066 0.50874 0.38017 0.49673 0.38367 0.48585 0.38792 0.47497 0.39392 0.46334 0.39792 0.44796 0.40167 0.43221 0.40017 0.42658 0.38367 0.41645 0.37116 0.40370 0.35941 0.39620 0.34440 0.39470 0.33190 0.39282 0.32340 0.39432 0.31815 0.40933 0.31540 0.44646 0.31489 0.46898 0.31565 0.50835
4 0.71400 0.68099 0.71400 0.70595 0.71581 0.72278 0.71943 0.72622 0.72703 0.73508 0.73149 0.73997 0.73668 0.74195 0.74295 0.73870 0.74874 0.73870 0.75839 0.73400 0.76586 0.73273 0.76864 0.73092 0.76924 0.72477 0.76924 0.70758 0.76731 0.69528 0.76068 0.66996 0.75260 0.64825 0.74186 0.62745 0.73909 0.62328 0.73668 0.62184 0.73499 0.62401 0.72944 0.62347 0.72390 0.62401 0.71618 0.62365 0.71171 0.62654 0.70918 0.63197 0.70653 0.63613 0.70448 0.64192 0.70146 0.64572 0.70544 0.65223 0.71147 0.66254 0.71400 0.68099
4 0.48295 0.51998 0.48420 0.53911 0.48720 0.54437 0.49345 0.54474 0.50845 0.54549 0.52571 0.54474 0.54296 0.54136 0.55647 0.54174 0.58147 0.54061 0.58973 0.53911 0.59448 0.53049 0.59697 0.51285 0.59448 0.48622 0.58873 0.45884 0.58498 0.41870 0.57922 0.38119 0.57398 0.36545 0.56022 0.37032 0.53371 0.37594 0.51170 0.37969 0.50095 0.38119 0.49295 0.38795 0.48745 0.40670 0.48420 0.45622 0.48145 0.49372 0.48295 0.51998
4 0.67475 0.48210 0.68075 0.49523 0.68650 0.50535 0.69401 0.52036 0.70051 0.52786 0.70676 0.53386 0.72026 0.52974 0.73252 0.51773 0.73827 0.47609 0.74027 0.44159 0.74077 0.39245 0.74352 0.36731 0.73952 0.34068 0.73152 0.33318 0.72127 0.33618 0.71276 0.34556 0.70326 0.36169 0.69126 0.38569 0.67750 0.40595 0.66825 0.41683 0.67100 0.45021 0.67150 0.47685 0.67475 0.48210
4 0.60498 0.50123 0.60498 0.51586 0.60998 0.52974 0.61623 0.54512 0.62424 0.55037 0.63699 0.55037 0.64974 0.54812 0.66050 0.54286 0.66800 0.53461 0.67100 0.50423 0.67175 0.48247 0.67075 0.45059 0.66725 0.41345 0.66625 0.38382 0.66125 0.36394 0.65350 0.34893 0.63974 0.34593 0.62374 0.34893 0.61748 0.36056 0.61498 0.37782 0.60073 0.41833 0.59473 0.43108 0.58848 0.44308 0.59623 0.47272 0.60248 0.48922 0.60598 0.49635 0.60498 0.50123
4 0.24069 0.72546 0.23913 0.73745 0.23895 0.74396 0.24607 0.74995 0.25545 0.75412 0.25875 0.75568 0.26500 0.75725 0.26587 0.75308 0.26917 0.74708 0.27299 0.73979 0.27490 0.72077 0.27837 0.70645 0.27976 0.70254 0.28289 0.69446 0.28428 0.69108 0.28619 0.68691 0.28827 0.68431 0.29817 0.67545 0.30078 0.67441 0.30825 0.67284 0.31658 0.67128 0.32387 0.67284 0.32735 0.67493 0.32856 0.68274 0.33134 0.68900 0.33412 0.68509 0.33915 0.67519 0.34141 0.67102 0.33985 0.66529 0.33672 0.66269 0.33065 0.66034 0.32300 0.65878 0.31780 0.65669 0.31172 0.65852 0.30477 0.65852 0.29800 0.65669 0.29435 0.65305 0.29001 0.65070 0.28272 0.65044 0.27612 0.65148 0.27125 0.65383 0.26344 0.65956 0.25788 0.66477 0.25215 0.67154 0.24920 0.67884 0.24625 0.68717 0.24295 0.69942 0.24104 0.71114 0.24069 0.72546
