4 0.68884 0.64289 0.70310 0.63463 0.71260 0.62521 0.72289 0.60682 0.72985 0.58284 0.73225 0.55998 0.73111 0.54730 0.72483 0.53525 0.71769 0.52812 0.70830 0.51815 0.70109 0.50651 0.69331 0.50024 0.68443 0.49752 0.67364 0.49696 0.66424 0.49872 0.65727 0.49971 0.64901 0.50829 0.64417 0.52607 0.64303 0.53637 0.64161 0.54621 0.64311 0.56342 0.64604 0.58205 0.64853 0.60337 0.65370 0.61942 0.65698 0.63717 0.66163 0.64597 0.67206 0.65329 0.67915 0.65005 0.68884 0.64289
4 0.24762 0.34892 0.25450 0.35032 0.25918 0.35057 0.26426 0.34979 0.27421 0.34588 0.29470 0.33313 0.31128 0.32225 0.32589 0.30893 0.33527 0.29247 0.34180 0.27403 0.34157 0.25863 0.33903 0.23737 0.32928 0.22434 0.32079 0.21711 0.31034 0.21395 0.28957 0.21547 0.27851 0.22063 0.25846 0.23158 0.24232 0.24091 0.23372 0.24568 0.22979 0.25434 0.22582 0.26039 0.22355 0.27044 0.22288 0.28319 0.22404 0.29760 0.22660 0.31521 0.22986 0.32268 0.23477 0.33181 0.23970 0.34068 0.24762 0.34892
4 0.33753 0.65516 0.34061 0.66409 0.34762 0.66978 0.35003 0.67554 0.35480 0.68017 0.35932 0.68541 0.36514 0.69386 0.37071 0.69916 0.37802 0.69891 0.38304 0.69480 0.38819 0.68818 0.39366 0.67532 0.39676 0.66500 0.40187 0.65008 0.40548 0.63306 0.40691 0.61372 0.40812 0.58655 0.40733 0.57368 0.40308 0.55937 0.39915 0.55071 0.39143 0.54655 0.38234 0.54889 0.37308 0.55435 0.36130 0.56407 0.34952 0.57378 0.34360 0.58317 0.33558 0.59684 0.32799 0.61021 0.32499 0.61976 0.32385 0.62940 0.32639 0.63674 0.33219 0.64549 0.33753 0.65516
4 0.45151 0.74196 0.46395 0.74552 0.47391 0.74702 0.48085 0.74063 0.48823 0.72614 0.49097 0.70825 0.49166 0.68936 0.48990 0.67123 0.48584 0.65705 0.47922 0.63416 0.47348 0.61178 0.46571 0.59379 0.45682 0.58566 0.44621 0.58736 0.43363 0.59797 0.42594 0.61289 0.41139 0.63827 0.40435 0.64647 0.39676 0.66500 0.38913 0.69230 0.38944 0.70698 0.39437 0.72073 0.40005 0.72618 0.41928 0.73425 0.43203 0.73762 0.45151 0.74196
4 0.77163 0.43358 0.77908 0.43487 0.78948 0.43136 0.79401 0.42528 0.79973 0.41928 0.80576 0.41328 0.81439 0.40337 0.81914 0.38739 0.82049 0.37304 0.82210 0.35374 0.82124 0.34152 0.81528 0.32904 0.80766 0.31962 0.79250 0.31072 0.77827 0.29555 0.77622 0.29454 0.77239 0.29298 0.76312 0.29205 0.75401 0.29382 0.74071 0.29538 0.73058 0.29936 0.72082 0.30786 0.71412 0.32103 0.71101 0.33439 0.70996 0.34876 0.71444 0.36658 0.72156 0.38543 0.73137 0.39902 0.74540 0.41237 0.75995 0.42711 0.77163 0.43358
4 0.50796 0.74520 0.53556 0.74620 0.54545 0.74672 0.55857 0.74290 0.58051 0.73728 0.58598 0.73036 0.59105 0.71395 0.58889 0.68048 0.58476 0.65636 0.57670 0.63792 0.57123 0.62186 0.55901 0.60273 0.55007 0.59551 0.54083 0.59412 0.53522 0.59788 0.52430 0.61129 0.51686 0.62712 0.51145 0.63856 0.50385 0.65168 0.49696 0.66845 0.49166 0.68936 0.49097 0.70825 0.48823 0.72614 0.48934 0.73927 0.49530 0.74589 0.49966 0.74882 0.50796 0.74520
4 0.63978 0.70163 0.65104 0.69320 0.66222 0.67485 0.66516 0.66464 0.66508 0.65472 0.66163 0.64597 0.65565 0.63394 0.65057 0.61610 0.64551 0.60366 0.63796 0.59876 0.63247 0.59442 0.62568 0.58640 0.61894 0.57748 0.61034 0.57522 0.60255 0.57482 0.59502 0.58659 0.58828 0.60607 0.58504 0.63926 0.58476 0.65636 0.58889 0.68048 0.59105 0.71395 0.59659 0.72280 0.60592 0.72825 0.61525 0.72243 0.62162 0.71555 0.63237 0.71115 0.63978 0.70163
4 0.29827 0.58161 0.30290 0.58874 0.30740 0.59461 0.30960 0.60036 0.31332 0.60494 0.31796 0.60800 0.32575 0.60684 0.32917 0.60514 0.33475 0.59823 0.34018 0.59038 0.34462 0.58122 0.35013 0.56774 0.36022 0.53853 0.36509 0.52126 0.36908 0.50080 0.37114 0.47744 0.36988 0.46954 0.36455 0.45987 0.36050 0.45340 0.35482 0.45029 0.34397 0.45034 0.33188 0.45003 0.31950 0.45037 0.30426 0.46329 0.29780 0.46702 0.29365 0.47056 0.29078 0.47354 0.28614 0.47862 0.28220 0.48999 0.27950 0.50175 0.27862 0.51453 0.27924 0.53053 0.28031 0.54592 0.28364 0.56206 0.28768 0.56854 0.29211 0.57565 0.29827 0.58161
4 0.74360 0.53263 0.75357 0.52594 0.76384 0.51340 0.77304 0.49856 0.77780 0.48213 0.77865 0.46595 0.77900 0.44794 0.77571 0.44191 0.77163 0.43358 0.74931 0.41798 0.73581 0.40601 0.72621 0.39424 0.71582 0.39189 0.70565 0.39090 0.69518 0.39577 0.68687 0.39939 0.67938 0.40721 0.67088 0.42920 0.66940 0.44039 0.67102 0.45535 0.67490 0.46727 0.67825 0.47782 0.68442 0.48625 0.69364 0.49395 0.70036 0.50332 0.70830 0.51815 0.71769 0.52812 0.72483 0.53525 0.73223 0.53744 0.74360 0.53263
4 0.29076 0.46887 0.30539 0.46479 0.31950 0.45037 0.34407 0.42192 0.35698 0.40257 0.36472 0.38568 0.36636 0.36142 0.36353 0.33963 0.35693 0.32793 0.34866 0.32046 0.33948 0.31674 0.32657 0.31552 0.32225 0.31529 0.31128 0.32225 0.29470 0.33313 0.27421 0.34588 0.26022 0.35401 0.25526 0.36236 0.25138 0.37337 0.25005 0.39208 0.24979 0.40694 0.25299 0.42223 0.25947 0.43797 0.26458 0.44533 0.27127 0.45541 0.27963 0.46774 0.29076 0.46887
