4 0.24468 0.63838 0.24001 0.64715 0.23579 0.65373 0.23440 0.65720 0.24771 0.65338 0.26513 0.65457 0.28067 0.65476 0.29158 0.65765 0.29757 0.65519 0.30712 0.64996 0.31415 0.65164 0.32242 0.65566 0.32982 0.66494 0.33960 0.67219 0.34673 0.68020 0.35017 0.68376 0.36488 0.68314 0.37421 0.67900 0.38232 0.67343 0.39327 0.66492 0.39934 0.65359 0.40301 0.64249 0.40376 0.63072 0.40240 0.62170 0.39687 0.60913 0.39018 0.59857 0.38403 0.59216 0.37917 0.58990 0.37241 0.58983 0.36737 0.59119 0.36190 0.59526 0.35570 0.59953 0.34993 0.60090 0.34240 0.59759 0.31147 0.59452 0.30623 0.59859 0.30218 0.60173 0.29662 0.60075 0.28939 0.60141 0.27859 0.60450 0.27141 0.60788 0.26381 0.61471 0.25764 0.62060 0.25200 0.62884 0.24468 0.63838
1 0.38581 0.59321 0.39016 0.59000 0.39663 0.58867 0.41143 0.58650 0.42164 0.58650 0.42555 0.58486 0.42269 0.58074 0.41897 0.57993 0.41155 0.58006 0.40297 0.58021 0.39672 0.58050 0.39434 0.57723 0.38942 0.57436 0.38454 0.57340 0.38263 0.57031 0.37750 0.56900 0.37585 0.56729 0.37510 0.56383 0.36772 0.56639 0.36705 0.56779 0.37081 0.57086 0.37645 0.57528 0.37537 0.57930 0.37154 0.58580 0.37113 0.58912 0.37668 0.58850 0.38394 0.59202 0.38581 0.59321
1 0.26440 0.62317 0.26656 0.62516 0.26730 0.62749 0.26702 0.62950 0.26891 0.62701 0.27023 0.62481 0.26923 0.62323 0.26536 0.62287 0.26440 0.62317
1 0.28638 0.62493 0.28834 0.62635 0.29164 0.62716 0.29285 0.63033 0.29350 0.63438 0.28658 0.63624 0.28505 0.63670 0.28584 0.63828 0.28992 0.63951 0.29767 0.64053 0.30345 0.63956 0.30595 0.63850 0.30841 0.63585 0.31206 0.63492 0.31574 0.63500 0.31995 0.63275 0.32181 0.62837 0.32328 0.62458 0.32886 0.62303 0.33929 0.62242 0.34779 0.62227 0.35318 0.62130 0.35802 0.62194 0.36286 0.62200 0.37079 0.62273 0.37505 0.62338 0.37696 0.62190 0.37477 0.61861 0.37181 0.61446 0.36269 0.61244 0.35671 0.61312 0.35116 0.61627 0.34752 0.61792 0.34518 0.61695 0.34513 0.61391 0.34624 0.61099 0.34524 0.60941 0.33901 0.60677 0.33188 0.60791 0.32414 0.60688 0.31464 0.60502 0.30980 0.60510 0.30709 0.60472 0.30575 0.60518 0.30229 0.60625 0.30195 0.60901 0.30392 0.61100 0.30532 0.61402 0.30421 0.61680 0.30059 0.61990 0.29635 0.62027 0.29074 0.61993 0.28631 0.62044 0.28519 0.62278 0.28638 0.62493
4 0.29018 0.71669 0.29878 0.72870 0.30747 0.72898 0.32053 0.73049 0.33664 0.72500 0.34336 0.71163 0.34724 0.70223 0.34525 0.68750 0.34100 0.67629 0.33186 0.66668 0.32598 0.66135 0.32121 0.65384 0.31190 0.65118 0.30696 0.64996 0.29780 0.65555 0.29146 0.65761 0.28012 0.65455 0.24680 0.65318 0.23587 0.65706 0.21543 0.66350 0.20515 0.67127 0.19720 0.68032 0.19445 0.68862 0.19400 0.69600 0.20619 0.69775 0.22506 0.70111 0.24389 0.70186 0.26359 0.70260 0.27728 0.70736 0.29018 0.71669
4 0.17610 0.37469 0.19317 0.37752 0.20188 0.37919 0.21119 0.37512 0.21940 0.36742 0.22981 0.36724 0.24166 0.36938 0.24832 0.37265 0.25812 0.37716 0.26822 0.37829 0.27928 0.37549 0.28926 0.36985 0.29541 0.36427 0.30214 0.35165 0.30402 0.33963 0.30451 0.32816 0.30286 0.31334 0.30239 0.30605 0.29698 0.29468 0.29611 0.28480 0.29382 0.27285 0.29125 0.26508 0.28429 0.26416 0.26869 0.26599 0.25834 0.27008 0.24624 0.27342 0.23413 0.27624 0.22659 0.28236 0.22652 0.29825 0.22059 0.31633 0.21138 0.32613 0.20182 0.33594 0.19016 0.34448 0.17986 0.35143 0.16720 0.36208 0.15820 0.36406 0.16345 0.36657 0.17610 0.37469
4 0.00000 0.31148 0.01060 0.32475 0.03259 0.32362 0.05758 0.32243 0.08193 0.31338 0.10769 0.29905 0.12912 0.29455 0.14644 0.28336 0.15566 0.26707 0.15895 0.25501 0.15871 0.24113 0.15435 0.22057 0.15517 0.21043 0.14213 0.20841 0.12569 0.21245 0.10425 0.21657 0.09234 0.22166 0.07914 0.23914 0.05843 0.25639 0.04054 0.26345 0.02724 0.27494 0.00627 0.27756 0.00000 0.27891 0.00000 0.31148
4 0.24393 0.78410 0.26850 0.77847 0.28828 0.77708 0.29936 0.77506 0.31090 0.75975 0.30326 0.74008 0.29496 0.72225 0.28683 0.71431 0.27558 0.70643 0.26543 0.70192 0.22652 0.70182 0.19514 0.69559 0.19379 0.69770 0.18070 0.70418 0.16902 0.71116 0.15918 0.72514 0.15281 0.73776 0.14950 0.74771 0.16111 0.75611 0.18064 0.76020 0.21101 0.76853 0.22606 0.77530 0.24393 0.78410
4 0.31896 0.59565 0.34240 0.59796 0.35041 0.60053 0.35524 0.60063 0.36500 0.59322 0.37072 0.58932 0.37795 0.58920 0.38355 0.59217 0.39043 0.59911 0.39713 0.61003 0.40366 0.62475 0.40371 0.62746 0.41411 0.62891 0.42329 0.63002 0.43126 0.63042 0.43440 0.63037 0.43809 0.62071 0.43593 0.60754 0.43765 0.59557 0.43775 0.58743 0.44358 0.57593 0.44535 0.56703 0.44547 0.55979 0.43941 0.55827 0.42056 0.55643 0.41067 0.55660 0.40001 0.55389 0.38770 0.55338 0.38210 0.55040 0.37411 0.54855 0.36953 0.54863 0.36110 0.54987 0.35153 0.55419 0.34054 0.56017 0.33126 0.56740 0.32746 0.57108 0.32272 0.57568 0.31774 0.58084 0.31395 0.58470 0.31096 0.59326 0.31195 0.59433 0.31896 0.59565
4 0.08394 0.34868 0.09447 0.35475 0.11210 0.35027 0.12222 0.35296 0.12788 0.35886 0.14358 0.36223 0.15648 0.36487 0.16685 0.36208 0.17886 0.35354 0.19565 0.34048 0.21140 0.32717 0.22230 0.31500 0.22720 0.29746 0.22446 0.27953 0.22015 0.27127 0.22207 0.26212 0.22024 0.25642 0.20908 0.25427 0.19416 0.25505 0.18478 0.25521 0.16778 0.25603 0.15745 0.26168 0.15006 0.27588 0.13811 0.28807 0.12748 0.29582 0.10704 0.29904 0.09464 0.30499 0.07712 0.31623 0.05675 0.32362 0.06360 0.33757 0.07448 0.34416 0.08394 0.34868
4 0.34175 0.38951 0.35449 0.38330 0.37163 0.37050 0.38687 0.34808 0.38649 0.32621 0.38770 0.31576 0.38368 0.30411 0.37349 0.29751 0.35958 0.29697 0.33921 0.30410 0.32053 0.30834 0.30291 0.31385 0.30489 0.32815 0.30343 0.34381 0.29815 0.35953 0.29514 0.36610 0.29831 0.36917 0.30923 0.37758 0.31908 0.38470 0.33030 0.39075 0.34175 0.38951
