4 0.28669 0.60452 0.29179 0.58504 0.29807 0.57768 0.29453 0.56642 0.27709 0.56105 0.25717 0.55256 0.24455 0.55407 0.23237 0.56689 0.21283 0.65157 0.20136 0.71736 0.20023 0.72770 0.21208 0.73925 0.22871 0.75107 0.23875 0.72660 0.25557 0.68762 0.27059 0.66016 0.27916 0.63871 0.28669 0.60452
4 0.46552 0.73305 0.46451 0.67936 0.46248 0.65586 0.46577 0.63669 0.46272 0.62289 0.45511 0.61679 0.44309 0.61973 0.43049 0.61662 0.42085 0.61409 0.40666 0.61463 0.39733 0.61282 0.38338 0.61209 0.37602 0.62056 0.37268 0.65359 0.36277 0.70911 0.36528 0.75054 0.37362 0.78914 0.36804 0.82239 0.38801 0.83287 0.41157 0.84076 0.42421 0.81878 0.44994 0.76567 0.46552 0.73305
4 0.36759 0.66845 0.36755 0.64599 0.36483 0.62829 0.35877 0.61193 0.34793 0.60652 0.34123 0.59795 0.33356 0.58986 0.32170 0.58293 0.31037 0.58006 0.29934 0.57792 0.29192 0.58440 0.27966 0.63617 0.27692 0.68648 0.27777 0.75004 0.27839 0.77855 0.28302 0.78870 0.29955 0.79653 0.31975 0.76282 0.34444 0.72866 0.36034 0.70798 0.36759 0.66845
4 0.74186 0.48187 0.76999 0.48624 0.77772 0.48609 0.79690 0.45350 0.82158 0.39446 0.83018 0.36532 0.83636 0.33351 0.82752 0.31858 0.81589 0.30862 0.80396 0.30960 0.78723 0.32396 0.76368 0.35075 0.74870 0.36929 0.73813 0.38595 0.72813 0.41097 0.72159 0.42951 0.70895 0.45676 0.71465 0.47273 0.72575 0.47984 0.74186 0.48187
4 0.53517 0.44114 0.54438 0.43908 0.55682 0.43545 0.56445 0.43583 0.57554 0.44294 0.58669 0.44786 0.60468 0.44970 0.62259 0.44438 0.64043 0.42804 0.65516 0.39568 0.66074 0.36320 0.66516 0.33104 0.65706 0.29535 0.65359 0.27542 0.65054 0.26657 0.61649 0.26435 0.55900 0.25813 0.54682 0.25852 0.54220 0.26532 0.53228 0.28430 0.52046 0.30732 0.51356 0.31643 0.50586 0.36171 0.49988 0.40567 0.49902 0.41761 0.50257 0.42765 0.51134 0.43541 0.52249 0.44033 0.53517 0.44114
4 0.44182 0.41749 0.45562 0.41632 0.46911 0.41675 0.48655 0.41573 0.49598 0.40876 0.50151 0.40103 0.50826 0.35502 0.51407 0.31378 0.50840 0.29012 0.50578 0.26209 0.50293 0.25219 0.48778 0.25089 0.47015 0.24912 0.44500 0.24258 0.42835 0.23769 0.40942 0.23126 0.39671 0.22493 0.38194 0.26884 0.35788 0.33790 0.35144 0.36911 0.35295 0.38591 0.36255 0.39878 0.37737 0.40937 0.38986 0.40739 0.40459 0.41466 0.42448 0.41798 0.44182 0.41749
4 0.52825 0.79080 0.54423 0.75165 0.55808 0.72793 0.56114 0.70541 0.56639 0.66483 0.56920 0.64359 0.56918 0.63236 0.56380 0.62603 0.54374 0.62279 0.52853 0.62181 0.51258 0.62003 0.49919 0.61875 0.48367 0.61706 0.47739 0.62442 0.47167 0.64708 0.46529 0.66631 0.46802 0.69985 0.46757 0.73609 0.47435 0.77372 0.48440 0.80803 0.49229 0.82409 0.50337 0.82823 0.51408 0.81842 0.52825 0.79080
4 0.28173 0.42467 0.29592 0.41203 0.29343 0.38898 0.29308 0.36250 0.30257 0.30987 0.29334 0.28001 0.28158 0.24801 0.27797 0.22695 0.27473 0.21531 0.26145 0.21383 0.24340 0.21418 0.24068 0.21992 0.23987 0.22670 0.23182 0.27190 0.22173 0.33322 0.21988 0.36918 0.22490 0.40372 0.23187 0.41883 0.24228 0.41811 0.25015 0.42294 0.25807 0.42558 0.27581 0.42683 0.28173 0.42467
4 0.62990 0.78877 0.64610 0.73711 0.65960 0.67899 0.66190 0.64906 0.66161 0.62787 0.65589 0.61884 0.64106 0.61572 0.61987 0.61844 0.60550 0.61763 0.58459 0.63007 0.57010 0.64574 0.56757 0.65648 0.56268 0.68392 0.56243 0.71689 0.56319 0.74015 0.57228 0.75908 0.57977 0.78167 0.59015 0.81208 0.59581 0.82374 0.61465 0.81288 0.62990 0.78877
4 0.73454 0.63452 0.72959 0.62828 0.71243 0.62824 0.69576 0.62566 0.67812 0.62356 0.66231 0.62114 0.66005 0.62598 0.66372 0.64783 0.65916 0.68260 0.65454 0.70415 0.65022 0.72180 0.65701 0.75482 0.66714 0.80235 0.68346 0.81807 0.69774 0.82612 0.71078 0.82470 0.72345 0.79348 0.73020 0.74065 0.73601 0.69490 0.73958 0.66521 0.73454 0.63452
1 0.74532 0.29463 0.74300 0.28925 0.74147 0.28490 0.73965 0.28159 0.73804 0.28017 0.73663 0.27941 0.73497 0.27822 0.73524 0.27938 0.73610 0.28213 0.73909 0.28702 0.74072 0.29423 0.74240 0.30033 0.74402 0.30680 0.74522 0.30949 0.74644 0.30912 0.74673 0.30634 0.74665 0.30214 0.74655 0.29843 0.74532 0.29463
2 0.74653 0.31736 0.74744 0.31414 0.74781 0.29550 0.74438 0.28761 0.74172 0.28305 0.73727 0.27900 0.73209 0.27502 0.72831 0.27258 0.72542 0.27287 0.72093 0.27412 0.71888 0.27882 0.72202 0.28454 0.72387 0.29255 0.72449 0.29735 0.72734 0.29875 0.73190 0.30516 0.73633 0.31155 0.74091 0.31350 0.74417 0.31201 0.74343 0.31803 0.74653 0.31736
4 0.65923 0.46911 0.67352 0.47299 0.69212 0.47165 0.69920 0.46918 0.71043 0.45485 0.72316 0.42706 0.73570 0.38712 0.74313 0.34510 0.74749 0.31513 0.74802 0.29542 0.74276 0.28285 0.72921 0.27141 0.71838 0.27426 0.70220 0.29147 0.67620 0.32328 0.66293 0.34437 0.65624 0.39204 0.64155 0.42605 0.63074 0.43826 0.63318 0.45029 0.64123 0.45791 0.65411 0.46151 0.65923 0.46911
4 0.79396 0.60830 0.76688 0.60040 0.74615 0.61420 0.72689 0.60913 0.70766 0.61067 0.70161 0.62138 0.71572 0.62809 0.73057 0.63098 0.73742 0.64551 0.73995 0.66648 0.73661 0.69950 0.74967 0.72515 0.76136 0.74657 0.76910 0.76789 0.77414 0.78274 0.79081 0.76947 0.80015 0.73497 0.80818 0.69823 0.81054 0.64982 0.80858 0.62369 0.79396 0.60830
4 0.83444 0.48116 0.84191 0.48426 0.86651 0.47473 0.87411 0.46961 0.88032 0.46971 0.88636 0.46318 0.89643 0.44533 0.90094 0.42970 0.89873 0.41276 0.90362 0.38950 0.90663 0.36643 0.90448 0.34730 0.90170 0.33520 0.88995 0.32961 0.88190 0.33135 0.87617 0.33629 0.86551 0.34963 0.85105 0.36552 0.83712 0.37493 0.82444 0.38732 0.81102 0.42048 0.79924 0.44900 0.80082 0.45976 0.81154 0.47065 0.82370 0.47412 0.83444 0.48116
4 0.34550 0.43179 0.36357 0.42374 0.37619 0.41354 0.38112 0.40515 0.37000 0.40574 0.35918 0.39538 0.35110 0.37840 0.35187 0.36314 0.36172 0.32379 0.37275 0.28026 0.37533 0.26700 0.36139 0.23678 0.35548 0.22187 0.35046 0.21375 0.33930 0.21268 0.32489 0.23959 0.30802 0.29244 0.29739 0.33770 0.29315 0.36328 0.29333 0.39633 0.29630 0.41122 0.30364 0.42255 0.32013 0.43016 0.32962 0.43420 0.34550 0.43179
