4 0.19039 0.62196 0.20375 0.63330 0.22884 0.63979 0.24784 0.64031 0.27819 0.64897 0.31297 0.64304 0.32876 0.62469 0.33846 0.59820 0.33525 0.55985 0.31985 0.53825 0.29560 0.51015 0.26807 0.48799 0.24985 0.47722 0.21386 0.47722 0.19120 0.49448 0.18433 0.51124 0.17826 0.54907 0.18309 0.57820 0.18633 0.60794 0.19039 0.62196
4 0.80660 0.91366 0.83371 0.95526 0.87738 0.97577 0.90772 0.98335 0.94336 0.96985 0.96479 0.94660 0.97691 0.91742 0.97815 0.88180 0.97571 0.83531 0.96398 0.79753 0.95305 0.78077 0.93243 0.77428 0.91865 0.78134 0.88305 0.79644 0.84826 0.79912 0.83734 0.80619 0.82035 0.82995 0.80903 0.85747 0.80456 0.88505 0.80660 0.91366
4 0.40846 0.35727 0.44487 0.35082 0.49869 0.33840 0.51811 0.33350 0.52822 0.30490 0.52378 0.25521 0.51043 0.23902 0.49100 0.23144 0.45703 0.23361 0.42100 0.24763 0.39591 0.26603 0.37567 0.28598 0.38378 0.31191 0.39510 0.33948 0.40846 0.35727
4 0.56988 0.34593 0.59822 0.35407 0.62452 0.35567 0.66135 0.34866 0.67672 0.31892 0.67915 0.28273 0.66297 0.24871 0.63100 0.24438 0.59741 0.23737 0.56220 0.23845 0.55695 0.23794 0.53672 0.25572 0.52942 0.26871 0.52822 0.30330 0.53873 0.32650 0.56988 0.34593
4 0.34819 0.47397 0.35625 0.45938 0.36112 0.43345 0.36799 0.40052 0.36154 0.36541 0.35062 0.33567 0.33201 0.31948 0.30490 0.31407 0.27938 0.32758 0.25714 0.36433 0.23529 0.40160 0.23166 0.44691 0.30232 0.47062 0.34819 0.47397
4 0.70664 0.68515 0.72768 0.70624 0.75765 0.72082 0.78351 0.70675 0.82440 0.67871 0.84784 0.65278 0.85595 0.62304 0.85795 0.57552 0.84340 0.54258 0.82846 0.53768 0.77058 0.53876 0.75317 0.55119 0.73093 0.57928 0.71193 0.61335 0.70263 0.64139 0.70664 0.68515
4 0.12726 0.75160 0.15803 0.76943 0.19158 0.79103 0.21425 0.78727 0.25108 0.78294 0.26444 0.74727 0.26846 0.70567 0.25351 0.67273 0.22961 0.64629 0.20413 0.63387 0.17946 0.61335 0.15154 0.61655 0.14224 0.62304 0.13012 0.63979 0.12930 0.67113 0.12645 0.71057 0.12606 0.73376 0.12726 0.75160
4 0.71151 0.45990 0.71637 0.47830 0.73012 0.50748 0.76127 0.53985 0.79444 0.53665 0.81591 0.53175 0.83695 0.49015 0.83127 0.44804 0.81954 0.41186 0.80575 0.38000 0.79324 0.36541 0.76695 0.36000 0.74266 0.36650 0.71676 0.37783 0.70988 0.39670 0.71151 0.42752 0.71151 0.45990
4 0.62494 0.46748 0.65162 0.48479 0.67429 0.48799 0.69008 0.48046 0.71031 0.46696 0.71313 0.44856 0.71070 0.42155 0.71070 0.40268 0.70583 0.38485 0.69409 0.37402 0.66741 0.36108 0.64355 0.35624 0.62938 0.35299 0.61602 0.36969 0.59985 0.39670 0.58892 0.41510 0.59498 0.44046 0.62494 0.46748
4 0.43718 0.48155 0.45865 0.49124 0.47726 0.48423 0.48127 0.44964 0.47726 0.42052 0.46510 0.40103 0.44892 0.39026 0.39108 0.39186 0.37247 0.39562 0.36154 0.43830 0.35830 0.46531 0.37649 0.48098 0.43718 0.48155
4 0.80336 0.77701 0.81672 0.79376 0.84058 0.79861 0.88185 0.79696 0.92471 0.77887 0.92934 0.75619 0.93687 0.71165 0.93201 0.67490 0.92270 0.65005 0.90533 0.63711 0.87456 0.63113 0.85595 0.63711 0.84745 0.65330 0.82641 0.67814 0.80780 0.69005 0.80131 0.70083 0.79649 0.71758 0.79282 0.73650 0.79568 0.75918 0.80336 0.77701
4 0.03139 0.84072 0.03703 0.87639 0.06050 0.89041 0.08154 0.91098 0.09571 0.94067 0.11390 0.95361 0.13174 0.95093 0.16085 0.93309 0.17703 0.90773 0.20656 0.87474 0.21344 0.83103 0.20089 0.79644 0.15398 0.76835 0.12510 0.74639 0.12355 0.71701 0.09610 0.70783 0.07185 0.71974 0.06375 0.73268 0.05243 0.75325 0.04351 0.78402 0.03139 0.79804 0.03139 0.84072
