4 0.32473 0.51350 0.32517 0.54228 0.32692 0.59751 0.32998 0.62162 0.33698 0.63873 0.35055 0.65274 0.37112 0.65895 0.38993 0.66596 0.42188 0.66985 0.45688 0.67296 0.47351 0.67140 0.48839 0.66284 0.49452 0.63795 0.49758 0.60684 0.49670 0.54073 0.49846 0.44115 0.48795 0.41627 0.46301 0.36727 0.43894 0.32605 0.41356 0.31127 0.37943 0.30893 0.36411 0.31671 0.35361 0.33538 0.34442 0.37194 0.33567 0.41939 0.33085 0.44972 0.32473 0.51350
4 0.72370 0.77535 0.74953 0.77625 0.76093 0.75690 0.77055 0.73124 0.77283 0.69433 0.77157 0.65426 0.77055 0.60880 0.77157 0.58810 0.75865 0.60115 0.73510 0.61195 0.71434 0.61826 0.69661 0.62501 0.68623 0.62501 0.67280 0.61465 0.66571 0.59305 0.66318 0.62681 0.67027 0.66462 0.68623 0.70648 0.70674 0.75284 0.72370 0.77535
4 0.24027 0.60140 0.26040 0.61073 0.30285 0.62473 0.31248 0.62084 0.32385 0.60684 0.32779 0.59595 0.32604 0.57262 0.32473 0.51972 0.32779 0.48394 0.33173 0.43805 0.33567 0.41783 0.32473 0.38749 0.30766 0.33771 0.28753 0.30660 0.26390 0.28715 0.24421 0.28638 0.22277 0.30193 0.21270 0.34316 0.20177 0.39761 0.19783 0.44972 0.19739 0.49872 0.19826 0.53373 0.20614 0.55862 0.21183 0.57417 0.22058 0.58506 0.24027 0.60140
4 0.48338 0.79606 0.49908 0.80101 0.51782 0.78480 0.53048 0.75960 0.53631 0.72989 0.54188 0.68623 0.54239 0.67497 0.52289 0.67272 0.51048 0.66867 0.50389 0.66147 0.49984 0.63626 0.49782 0.61240 0.49503 0.63986 0.48769 0.66462 0.47350 0.67317 0.44919 0.67407 0.45451 0.70198 0.46338 0.74609 0.47350 0.77355 0.48338 0.79606
4 0.66912 0.57884 0.66605 0.59362 0.67262 0.61307 0.68531 0.62551 0.68837 0.62551 0.71025 0.62084 0.73301 0.61307 0.75751 0.60140 0.77283 0.58506 0.78508 0.56406 0.78946 0.52750 0.78989 0.48472 0.78902 0.43494 0.77983 0.37271 0.77020 0.31516 0.75751 0.28404 0.74220 0.27860 0.72688 0.28015 0.70938 0.29882 0.68793 0.33071 0.67174 0.38050 0.66124 0.41083 0.66299 0.44428 0.66605 0.50728 0.66912 0.57884
4 0.92905 0.41239 0.93474 0.35949 0.93824 0.30504 0.93955 0.25760 0.93255 0.23737 0.92161 0.22337 0.90586 0.24593 0.88660 0.29960 0.87654 0.31205 0.87479 0.31516 0.87785 0.35327 0.87566 0.39994 0.86954 0.44350 0.87129 0.44816 0.88791 0.47928 0.90192 0.48317 0.91417 0.46761 0.92905 0.41239
4 0.14475 0.68584 0.15932 0.68852 0.18669 0.67647 0.21206 0.63763 0.21683 0.61665 0.22060 0.58763 0.21206 0.57513 0.19925 0.53808 0.17765 0.55772 0.16057 0.57022 0.14048 0.56710 0.12667 0.54656 0.12517 0.54880 0.11989 0.59120 0.12517 0.62379 0.13421 0.66441 0.14475 0.68584
4 0.10024 0.45050 0.10900 0.49807 0.12387 0.53995 0.14138 0.56562 0.16019 0.56795 0.17770 0.55628 0.19826 0.53684 0.19739 0.48317 0.19783 0.43339 0.20570 0.39761 0.20702 0.36183 0.19783 0.33460 0.18339 0.30115 0.16807 0.27627 0.15625 0.25682 0.14575 0.24593 0.13131 0.23426 0.11862 0.23660 0.11162 0.25604 0.10462 0.28793 0.09937 0.35560 0.09674 0.40694 0.10024 0.45050
4 0.37753 0.78705 0.39044 0.79335 0.41070 0.78435 0.42134 0.76050 0.42716 0.72584 0.43602 0.69207 0.43856 0.67182 0.42286 0.67137 0.38892 0.66732 0.35094 0.65381 0.33549 0.63941 0.33422 0.64031 0.34157 0.68082 0.35043 0.72404 0.36512 0.76635 0.37753 0.78705
4 0.23723 0.77850 0.25926 0.80281 0.27775 0.80146 0.29649 0.78705 0.31320 0.74069 0.32409 0.68893 0.33321 0.63986 0.32916 0.61915 0.32637 0.60250 0.32359 0.60835 0.31397 0.62186 0.30358 0.62771 0.25445 0.60970 0.23647 0.60025 0.22077 0.58540 0.22077 0.58900 0.22178 0.65472 0.22356 0.69973 0.22989 0.74294 0.23723 0.77850
4 0.59734 0.78345 0.61025 0.78795 0.62418 0.78165 0.62925 0.77355 0.63026 0.77085 0.63988 0.74474 0.64520 0.71818 0.64951 0.68937 0.65254 0.66327 0.65584 0.64031 0.63735 0.66192 0.61329 0.66867 0.58493 0.67497 0.56923 0.67677 0.55631 0.67632 0.56644 0.70693 0.57581 0.73664 0.58544 0.76680 0.59734 0.78345
4 0.50940 0.41394 0.49933 0.43883 0.49845 0.46217 0.49714 0.51583 0.49758 0.59440 0.49889 0.63795 0.50546 0.66051 0.51158 0.66751 0.52734 0.67373 0.57722 0.67529 0.61879 0.66751 0.63849 0.66051 0.65643 0.64262 0.66212 0.62318 0.66562 0.59517 0.66824 0.58273 0.66387 0.46528 0.65730 0.41705 0.65118 0.37738 0.63849 0.34549 0.62054 0.32682 0.60085 0.32138 0.57197 0.32916 0.54878 0.34705 0.53653 0.36572 0.52777 0.38050 0.51815 0.39605 0.50940 0.41394
4 0.84728 0.66237 0.85362 0.63626 0.85539 0.60700 0.85741 0.57729 0.85412 0.53723 0.85336 0.53138 0.83943 0.55298 0.82019 0.56109 0.80601 0.55253 0.78929 0.52823 0.78499 0.56424 0.77283 0.58765 0.77437 0.61028 0.79183 0.63626 0.81614 0.65967 0.83716 0.67632 0.84728 0.66237
4 0.78902 0.43416 0.78989 0.50184 0.78946 0.52906 0.80433 0.55317 0.82052 0.56250 0.84153 0.55239 0.85461 0.52681 0.86822 0.44894 0.87479 0.39605 0.87654 0.35249 0.87391 0.30893 0.86866 0.27627 0.86297 0.25060 0.85816 0.23271 0.84109 0.22570 0.82753 0.24048 0.81571 0.26304 0.80258 0.30271 0.78464 0.33071 0.77677 0.35016 0.78902 0.43416
