4 0.36565 0.65436 0.38421 0.66201 0.41600 0.66702 0.45087 0.67135 0.46755 0.67037 0.48271 0.66234 0.48970 0.63768 0.49385 0.60669 0.49529 0.54059 0.50052 0.44114 0.49088 0.41590 0.46766 0.36606 0.44505 0.32402 0.42020 0.30836 0.38617 0.30484 0.37059 0.31208 0.35945 0.33037 0.34898 0.36659 0.33858 0.41370 0.33271 0.44385 0.32436 0.50738 0.32380 0.53616 0.32362 0.59141 0.32584 0.61561 0.33224 0.63296 0.34531 0.64743 0.36565 0.65436
4 0.76659 0.61818 0.76833 0.59752 0.75496 0.61012 0.73105 0.62009 0.71008 0.62566 0.69213 0.63179 0.68175 0.63143 0.66870 0.62062 0.66236 0.59878 0.65865 0.63243 0.66442 0.67046 0.67890 0.71285 0.69779 0.75990 0.71396 0.78299 0.73974 0.78479 0.75180 0.76585 0.76232 0.74054 0.76588 0.70373 0.76602 0.66365 0.76659 0.61818
4 0.32361 0.56650 0.32415 0.51360 0.32846 0.47794 0.33400 0.43222 0.33864 0.41215 0.32876 0.38145 0.31344 0.33110 0.29441 0.29930 0.27148 0.27904 0.25182 0.27758 0.22985 0.29238 0.21835 0.33323 0.20552 0.38726 0.19977 0.43921 0.19762 0.48816 0.19727 0.52317 0.20427 0.54832 0.20942 0.56407 0.21778 0.57526 0.23689 0.59227 0.25668 0.60230 0.29862 0.61777 0.30837 0.61423 0.32023 0.60063 0.32455 0.58988 0.32361 0.56650
4 0.53625 0.67635 0.51684 0.67341 0.50458 0.66893 0.49826 0.66150 0.49509 0.63617 0.49389 0.61226 0.49015 0.63960 0.48195 0.66409 0.46748 0.67214 0.44315 0.67219 0.44749 0.70027 0.45481 0.74466 0.46398 0.77246 0.47306 0.79530 0.48858 0.80079 0.50787 0.78525 0.52140 0.76050 0.52826 0.73101 0.53535 0.68757 0.53625 0.67635
4 0.72892 0.62113 0.75382 0.61032 0.76969 0.59453 0.78267 0.57397 0.78832 0.53759 0.79025 0.49485 0.79111 0.44507 0.78410 0.38256 0.77649 0.32470 0.76489 0.29316 0.74977 0.28719 0.73441 0.28821 0.71627 0.30625 0.69373 0.33737 0.67581 0.38656 0.66425 0.41651 0.66484 0.45000 0.66570 0.51307 0.66626 0.58469 0.66268 0.59936 0.66857 0.61902 0.68082 0.63190 0.68388 0.63201 0.70591 0.62811 0.72892 0.62113
4 0.91448 0.26025 0.89336 0.31321 0.88287 0.32530 0.88101 0.32835 0.88274 0.36655 0.87893 0.41311 0.87128 0.45643 0.87287 0.46115 0.88840 0.49283 0.90226 0.49720 0.91505 0.48208 0.93185 0.42741 0.93938 0.37475 0.94477 0.32046 0.94774 0.27309 0.94145 0.25263 0.93101 0.23825 0.91448 0.26025
4 0.20961 0.56504 0.19810 0.52756 0.17583 0.54644 0.15833 0.55833 0.13836 0.55451 0.12527 0.53351 0.12369 0.53568 0.11694 0.57788 0.12107 0.61063 0.12869 0.65155 0.13848 0.67333 0.15295 0.67651 0.18072 0.66542 0.20743 0.62750 0.21293 0.60669 0.21771 0.57783 0.20961 0.56504
4 0.19716 0.52628 0.19816 0.47262 0.20033 0.42288 0.20946 0.38740 0.21202 0.35169 0.20378 0.32416 0.19052 0.29023 0.17608 0.26482 0.16495 0.24497 0.15483 0.23372 0.14081 0.22156 0.12805 0.22345 0.12037 0.24264 0.11226 0.27426 0.10465 0.34171 0.10023 0.39292 0.10221 0.43658 0.10931 0.48442 0.12271 0.52680 0.13930 0.55306 0.15803 0.55605 0.17593 0.54500 0.19716 0.52628
4 0.43260 0.66957 0.41692 0.66857 0.38315 0.66334 0.34566 0.64852 0.33072 0.63358 0.32943 0.63444 0.33535 0.67518 0.34270 0.71868 0.35591 0.76148 0.36758 0.78260 0.38027 0.78935 0.40083 0.78106 0.41229 0.75759 0.41933 0.72316 0.42936 0.68973 0.43260 0.66957
4 0.32843 0.63396 0.32510 0.61312 0.32290 0.59638 0.31991 0.60213 0.30983 0.61529 0.29924 0.62078 0.25078 0.60107 0.23314 0.59099 0.21796 0.57560 0.21784 0.57920 0.21655 0.64491 0.21676 0.68996 0.22157 0.73337 0.22767 0.76916 0.24884 0.79422 0.26737 0.79352 0.28660 0.77978 0.30492 0.73403 0.31761 0.68267 0.32843 0.63396
4 0.63750 0.72312 0.64280 0.69448 0.64675 0.66849 0.65084 0.64567 0.63162 0.66661 0.60734 0.67252 0.57877 0.67783 0.56302 0.67908 0.55012 0.67818 0.55918 0.70913 0.56751 0.73914 0.57607 0.76962 0.58739 0.78668 0.60014 0.79163 0.61428 0.78582 0.61962 0.77790 0.62073 0.77523 0.63125 0.74948 0.63750 0.72312
4 0.49985 0.66060 0.50573 0.66781 0.52126 0.67458 0.57106 0.67788 0.61288 0.67156 0.63280 0.66525 0.65135 0.64800 0.65772 0.62876 0.66219 0.60090 0.66525 0.58855 0.66498 0.47102 0.66010 0.42259 0.65536 0.38273 0.64379 0.35042 0.62651 0.33114 0.60702 0.32501 0.57789 0.33177 0.55409 0.34884 0.54119 0.36707 0.53193 0.38154 0.52176 0.39675 0.51239 0.41432 0.50147 0.43885 0.49977 0.46214 0.49659 0.51572 0.49429 0.59425 0.49408 0.63783 0.49985 0.66060
4 0.83738 0.56480 0.81786 0.57223 0.80399 0.56318 0.78813 0.53831 0.78257 0.57415 0.76961 0.59711 0.77036 0.61979 0.78689 0.64636 0.81037 0.67060 0.83080 0.68798 0.84141 0.67439 0.84864 0.64852 0.85144 0.61934 0.85450 0.58972 0.85261 0.54957 0.85205 0.54369 0.83738 0.56480
4 0.85346 0.53917 0.86978 0.46182 0.87819 0.40919 0.88146 0.36572 0.88035 0.32210 0.87625 0.28927 0.87145 0.26342 0.86727 0.24537 0.85046 0.23778 0.83638 0.25207 0.82379 0.27421 0.80929 0.31339 0.79038 0.34075 0.78183 0.35991 0.79114 0.44429 0.78965 0.51195 0.78827 0.53914 0.80229 0.56376 0.81815 0.57365 0.83949 0.56428 0.85346 0.53917
