4 0.51119 0.52011 0.52053 0.52082 0.53163 0.52289 0.53827 0.52020 0.54937 0.52227 0.56021 0.52274 0.58186 0.51767 0.59657 0.51534 0.60948 0.50946 0.61555 0.49921 0.61846 0.47687 0.61631 0.44385 0.61257 0.41436 0.59697 0.35668 0.58758 0.32261 0.56820 0.26826 0.55196 0.22982 0.54142 0.21180 0.52232 0.20388 0.50388 0.21173 0.49284 0.23918 0.48793 0.26839 0.48445 0.31052 0.48130 0.34109 0.47772 0.36900 0.48133 0.40343 0.49028 0.45998 0.49832 0.50684 0.50028 0.51145 0.50413 0.51630 0.51119 0.52011
4 0.51810 0.83840 0.51962 0.79942 0.52035 0.75874 0.52132 0.74218 0.52052 0.71770 0.51671 0.69369 0.51251 0.65744 0.50677 0.61961 0.50405 0.61048 0.49829 0.60441 0.48874 0.60219 0.47913 0.60385 0.47310 0.60480 0.46055 0.60697 0.44933 0.60766 0.44345 0.60890 0.43708 0.61003 0.43197 0.61227 0.42971 0.61492 0.42729 0.62113 0.42711 0.63132 0.43354 0.66220 0.44400 0.70885 0.45302 0.74799 0.46660 0.79004 0.47520 0.81192 0.48818 0.83721 0.49765 0.84847 0.50850 0.84904 0.51810 0.83840
4 0.67023 0.73104 0.66891 0.70163 0.66549 0.66389 0.66191 0.60566 0.65957 0.58279 0.65672 0.56638 0.65170 0.55897 0.64349 0.55571 0.63670 0.55815 0.62858 0.56354 0.61722 0.56625 0.60639 0.57070 0.59806 0.57476 0.59091 0.57817 0.58487 0.58049 0.58213 0.58913 0.58169 0.59604 0.58654 0.61532 0.59308 0.67444 0.59492 0.69739 0.59680 0.70439 0.60728 0.72688 0.62737 0.76791 0.63767 0.79408 0.64771 0.82028 0.65516 0.82685 0.66204 0.81528 0.66543 0.80107 0.66671 0.77353 0.66769 0.75058 0.67023 0.73104
4 0.64431 0.49241 0.66564 0.49504 0.67465 0.49362 0.68570 0.49351 0.69527 0.48980 0.70356 0.48193 0.70555 0.47122 0.70653 0.45411 0.70667 0.43167 0.70310 0.39942 0.69375 0.36371 0.67495 0.30325 0.66622 0.27729 0.64984 0.24379 0.64088 0.22607 0.63006 0.21794 0.61759 0.21882 0.61093 0.22534 0.60713 0.23633 0.60680 0.25170 0.60731 0.27240 0.60783 0.28927 0.60604 0.30323 0.59807 0.32090 0.59167 0.32902 0.59650 0.35177 0.60161 0.36846 0.61346 0.41417 0.61651 0.44704 0.61890 0.47182 0.61997 0.47275 0.62346 0.48313 0.63099 0.48795 0.64431 0.49241
4 0.30095 0.74990 0.29637 0.70468 0.29263 0.67640 0.29439 0.64790 0.29328 0.64086 0.28260 0.62942 0.27217 0.62648 0.25549 0.63306 0.24536 0.63664 0.23628 0.64923 0.23006 0.67056 0.23342 0.70809 0.23885 0.76104 0.24667 0.80574 0.25275 0.82315 0.26134 0.84477 0.26804 0.86142 0.27569 0.86546 0.28598 0.86514 0.28779 0.83926 0.28705 0.80197 0.29059 0.78238 0.29936 0.76049 0.30095 0.74990
4 0.19943 0.43472 0.20610 0.46876 0.21258 0.49189 0.21939 0.51542 0.22742 0.53055 0.23232 0.54208 0.23842 0.54978 0.24243 0.55734 0.25200 0.55948 0.26072 0.55627 0.26792 0.54510 0.27250 0.54164 0.27838 0.53342 0.28486 0.52419 0.28391 0.51978 0.28082 0.51162 0.27593 0.49370 0.27128 0.46755 0.26882 0.43422 0.26691 0.40763 0.26531 0.37644 0.26568 0.35131 0.26531 0.34408 0.26126 0.33468 0.25448 0.31937 0.24246 0.29849 0.23026 0.27170 0.21973 0.26835 0.20790 0.27296 0.19953 0.28158 0.19423 0.30156 0.19223 0.31965 0.19456 0.34571 0.19502 0.36478 0.19770 0.39626 0.19943 0.43472
4 0.24317 0.85355 0.24097 0.82568 0.24434 0.81202 0.24677 0.80638 0.23957 0.76093 0.23280 0.70884 0.23037 0.66788 0.23628 0.64923 0.24376 0.63820 0.25200 0.63427 0.24764 0.62774 0.23820 0.61939 0.22808 0.61378 0.21778 0.61869 0.20572 0.63108 0.20064 0.65028 0.19809 0.68546 0.20174 0.72951 0.20966 0.77485 0.21653 0.80658 0.22408 0.83557 0.23175 0.85142 0.23646 0.86249 0.24068 0.86116 0.24317 0.85355
4 0.79021 0.46383 0.79694 0.46167 0.80228 0.44879 0.80553 0.43625 0.80654 0.40382 0.80176 0.35809 0.79340 0.30145 0.78652 0.27355 0.77724 0.22853 0.76731 0.20659 0.76459 0.21468 0.76236 0.23363 0.76008 0.25422 0.75502 0.27471 0.74857 0.28448 0.74719 0.29126 0.75942 0.34128 0.76646 0.37024 0.76937 0.39057 0.77111 0.41709 0.77068 0.43958 0.76889 0.45354 0.77021 0.45606 0.78216 0.45964 0.79021 0.46383
4 0.27082 0.46626 0.27561 0.49330 0.27819 0.50474 0.28505 0.52052 0.28715 0.52565 0.30054 0.54222 0.31035 0.54431 0.32325 0.54318 0.32719 0.53891 0.33398 0.53646 0.34273 0.53508 0.35567 0.52938 0.36429 0.52392 0.36773 0.51973 0.36911 0.50903 0.36610 0.49492 0.36132 0.47927 0.35830 0.45696 0.35275 0.41545 0.34831 0.34370 0.34447 0.33245 0.33795 0.32528 0.32443 0.30464 0.31226 0.28606 0.29901 0.27038 0.28856 0.26429 0.28252 0.26661 0.27636 0.27306 0.27057 0.29311 0.26724 0.31096 0.26547 0.33539 0.26494 0.36601 0.26651 0.39858 0.26963 0.43773 0.27082 0.46626
4 0.18367 0.52153 0.17647 0.50034 0.17040 0.46849 0.16467 0.43066 0.16158 0.39013 0.16113 0.35010 0.16119 0.34234 0.15650 0.33215 0.15041 0.32126 0.14186 0.32717 0.13439 0.34795 0.13216 0.38568 0.13261 0.42252 0.14021 0.45914 0.14778 0.49076 0.15901 0.53091 0.16743 0.55008 0.17513 0.55661 0.19019 0.54329 0.18367 0.52153
4 0.37382 0.75548 0.37646 0.74653 0.36903 0.70899 0.35541 0.66258 0.33927 0.63300 0.32902 0.61951 0.32014 0.61238 0.31285 0.60829 0.30317 0.61245 0.29992 0.61756 0.29397 0.63359 0.29353 0.64482 0.29256 0.66663 0.29279 0.67972 0.29674 0.70469 0.30267 0.76544 0.30814 0.80460 0.31418 0.83581 0.32107 0.86293 0.32896 0.87547 0.34142 0.89121 0.35223 0.88490 0.36072 0.85928 0.36660 0.80782 0.36883 0.77530 0.37382 0.75548
4 0.42895 0.84257 0.43854 0.83317 0.44345 0.79892 0.44617 0.75780 0.44649 0.72953 0.43928 0.68868 0.43129 0.65143 0.42519 0.62465 0.41717 0.61670 0.40936 0.61400 0.39631 0.61234 0.38361 0.61063 0.36905 0.61120 0.35794 0.61341 0.35430 0.62207 0.35367 0.63530 0.35523 0.65211 0.35925 0.67051 0.36419 0.69007 0.36938 0.71353 0.37816 0.74561 0.38228 0.76464 0.38885 0.79445 0.40599 0.83045 0.41476 0.84153 0.42895 0.84257
4 0.86064 0.70982 0.87460 0.71253 0.88450 0.71096 0.89933 0.69385 0.90337 0.67079 0.90784 0.64657 0.90961 0.61894 0.90738 0.58539 0.90167 0.55129 0.89193 0.51893 0.87794 0.48888 0.85140 0.47667 0.84375 0.48280 0.83855 0.49074 0.83366 0.49096 0.82312 0.49045 0.81016 0.49797 0.80349 0.51215 0.80451 0.51472 0.81457 0.52188 0.82424 0.53466 0.83135 0.54819 0.83726 0.56805 0.85099 0.65666 0.85131 0.70529 0.85588 0.70893 0.86064 0.70982
4 0.80773 0.66688 0.80390 0.62328 0.79815 0.59183 0.79033 0.56025 0.78250 0.54965 0.77612 0.54337 0.75735 0.53813 0.74705 0.54113 0.72751 0.54560 0.72618 0.54854 0.73065 0.56378 0.73985 0.61382 0.74570 0.65072 0.75727 0.66712 0.76896 0.69398 0.78249 0.72602 0.78993 0.75036 0.79480 0.76007 0.80334 0.76055 0.80632 0.75187 0.80830 0.72877 0.80918 0.70356 0.80773 0.66688
4 0.73805 0.46662 0.75166 0.47103 0.75771 0.46843 0.76155 0.45962 0.76868 0.45028 0.77289 0.42829 0.77103 0.39522 0.76290 0.35550 0.75131 0.30757 0.74090 0.26710 0.72818 0.22373 0.71822 0.19577 0.70899 0.18411 0.69953 0.18068 0.68789 0.19073 0.68357 0.20618 0.68169 0.22343 0.68065 0.24602 0.67747 0.27059 0.67263 0.28667 0.67227 0.29602 0.68457 0.33290 0.69533 0.36784 0.70221 0.39573 0.70830 0.43032 0.70685 0.44641 0.71425 0.45234 0.72362 0.45906 0.73805 0.46662
4 0.41064 0.54369 0.43190 0.54196 0.44674 0.53852 0.45613 0.53375 0.47273 0.52784 0.48788 0.52052 0.49427 0.51623 0.49720 0.51139 0.49930 0.51105 0.49184 0.47177 0.47544 0.37209 0.46955 0.36209 0.45727 0.33505 0.44294 0.30286 0.43132 0.27025 0.42167 0.25592 0.41283 0.24091 0.39700 0.23030 0.37668 0.23023 0.36642 0.23733 0.35667 0.24762 0.34891 0.26854 0.34827 0.30528 0.34725 0.33771 0.35384 0.41815 0.36052 0.47780 0.36741 0.50186 0.37218 0.51259 0.37635 0.52724 0.38204 0.53400 0.38648 0.53877 0.40002 0.54264 0.41064 0.54369
4 0.84685 0.62741 0.84027 0.58744 0.83717 0.56788 0.83167 0.55097 0.82317 0.53455 0.81342 0.52151 0.80268 0.51683 0.79401 0.51228 0.78194 0.51054 0.77017 0.51879 0.76103 0.53391 0.75895 0.53697 0.77523 0.54260 0.79083 0.56018 0.80109 0.60230 0.80493 0.62813 0.80674 0.64607 0.80795 0.67960 0.80902 0.70906 0.81598 0.71570 0.82069 0.73091 0.82519 0.74797 0.83403 0.75204 0.83886 0.75173 0.84484 0.74258 0.85010 0.70939 0.85103 0.67643 0.85093 0.65639 0.84685 0.62741
4 0.59072 0.70453 0.59269 0.67004 0.58635 0.61544 0.58225 0.59604 0.57727 0.58725 0.57025 0.58308 0.55784 0.58465 0.53863 0.58898 0.51322 0.59754 0.50735 0.60205 0.50501 0.61010 0.50924 0.63677 0.51607 0.67670 0.52143 0.70730 0.52505 0.72040 0.53090 0.73633 0.54111 0.76844 0.55495 0.80727 0.56399 0.83683 0.57543 0.84914 0.58660 0.85330 0.59357 0.84718 0.59446 0.81878 0.59364 0.77152 0.59318 0.73786 0.59072 0.70453
4 0.75385 0.78798 0.75295 0.75804 0.75105 0.71687 0.74700 0.67513 0.74362 0.63601 0.73583 0.59168 0.72947 0.56124 0.72636 0.54806 0.71959 0.54092 0.71200 0.53666 0.70417 0.53744 0.69818 0.53520 0.69143 0.53308 0.68092 0.53793 0.67004 0.55014 0.66385 0.55477 0.65936 0.56687 0.65877 0.57608 0.66120 0.60441 0.66478 0.63027 0.67039 0.66083 0.68169 0.68684 0.69331 0.71326 0.70154 0.73611 0.70949 0.76037 0.71725 0.78831 0.72256 0.80570 0.73133 0.81570 0.74108 0.81416 0.74959 0.80643 0.75385 0.78798
4 0.20023 0.43505 0.19790 0.40580 0.19523 0.36794 0.19471 0.34523 0.19280 0.32184 0.19359 0.30576 0.19253 0.30228 0.18691 0.30728 0.17597 0.30946 0.16675 0.31596 0.16203 0.33309 0.16035 0.34840 0.16188 0.38233 0.16229 0.40597 0.16409 0.43348 0.17005 0.46627 0.17629 0.50083 0.18991 0.54151 0.19745 0.55353 0.20269 0.56227 0.20558 0.56273 0.21148 0.55632 0.22246 0.54957 0.23123 0.54180 0.22804 0.53137 0.21904 0.51502 0.20941 0.48008 0.20023 0.43505
