4 0.36856 0.44794 0.37232 0.43529 0.37602 0.42591 0.38059 0.42095 0.38436 0.41761 0.37927 0.38589 0.37709 0.35572 0.37633 0.34707 0.36152 0.33007 0.34834 0.31915 0.34318 0.31727 0.33020 0.32448 0.30493 0.33917 0.28836 0.35153 0.28704 0.35934 0.28956 0.38150 0.29365 0.40604 0.30121 0.42498 0.30510 0.43140 0.32040 0.46615 0.32722 0.47641 0.33767 0.48218 0.35520 0.47343 0.36238 0.46544 0.36856 0.44794
4 0.76031 0.30649 0.75144 0.29145 0.74464 0.28485 0.73626 0.28245 0.72900 0.28353 0.72297 0.28776 0.72075 0.30258 0.71673 0.32078 0.71612 0.32791 0.72446 0.35180 0.73634 0.38026 0.74414 0.41300 0.74486 0.43516 0.74977 0.43907 0.75530 0.43875 0.76317 0.43635 0.77003 0.43016 0.77147 0.42542 0.77277 0.42304 0.77271 0.40767 0.77032 0.37348 0.76572 0.33320 0.76031 0.30649
4 0.77749 0.54232 0.76962 0.53482 0.75630 0.53086 0.74320 0.53813 0.73568 0.55269 0.74073 0.55594 0.75297 0.57565 0.76894 0.61442 0.77354 0.63367 0.78510 0.64771 0.79756 0.66611 0.80770 0.66966 0.81165 0.66150 0.80975 0.64403 0.80525 0.61890 0.80050 0.60011 0.79423 0.57880 0.78489 0.55539 0.77749 0.54232
4 0.31988 0.64671 0.32350 0.63798 0.32517 0.61812 0.32950 0.60336 0.33302 0.59621 0.34026 0.59038 0.33711 0.58346 0.33469 0.57634 0.32690 0.57338 0.32067 0.57816 0.31392 0.58579 0.29767 0.57733 0.29066 0.57532 0.28317 0.57345 0.27399 0.57785 0.26336 0.58264 0.25984 0.58591 0.25690 0.58942 0.25643 0.60119 0.25791 0.62798 0.25861 0.64993 0.25898 0.67158 0.26542 0.68888 0.27916 0.69763 0.29134 0.70252 0.30147 0.68233 0.30816 0.66384 0.31988 0.64671
4 0.56209 0.72356 0.56293 0.70159 0.56266 0.67836 0.56040 0.64673 0.55710 0.63247 0.55328 0.62690 0.54729 0.62396 0.54171 0.62219 0.53567 0.62175 0.52641 0.61988 0.51580 0.61865 0.51021 0.61797 0.50338 0.61778 0.49934 0.61855 0.49429 0.61913 0.49050 0.62092 0.48895 0.62134 0.48586 0.62748 0.48419 0.64347 0.48536 0.65558 0.48805 0.67428 0.49121 0.69479 0.49500 0.71086 0.50433 0.71768 0.52333 0.71608 0.54261 0.72140 0.55146 0.72447 0.56209 0.72356
4 0.62429 0.63738 0.62122 0.62914 0.61550 0.62712 0.60970 0.62641 0.59794 0.62600 0.57832 0.62607 0.57184 0.62846 0.56428 0.63243 0.55880 0.63454 0.55804 0.63733 0.56099 0.64593 0.56178 0.66093 0.56247 0.67077 0.56289 0.68522 0.56367 0.69537 0.56312 0.70458 0.56864 0.71475 0.57280 0.72302 0.58311 0.72123 0.60441 0.71617 0.61733 0.71368 0.62764 0.71512 0.62859 0.69934 0.62747 0.67019 0.62555 0.64934 0.62429 0.63738
4 0.38857 0.69433 0.40020 0.68073 0.40384 0.65762 0.40541 0.63739 0.40690 0.62845 0.40210 0.61925 0.39538 0.61251 0.38750 0.60724 0.37985 0.59997 0.37835 0.59727 0.37346 0.58770 0.36809 0.58603 0.36108 0.58403 0.35451 0.58462 0.34383 0.58632 0.34089 0.58983 0.33393 0.59480 0.32974 0.59942 0.32738 0.60704 0.32541 0.61805 0.32615 0.62756 0.32530 0.64760 0.32750 0.66642 0.33052 0.68736 0.33392 0.70198 0.33600 0.70686 0.34383 0.71098 0.36186 0.70770 0.37365 0.70532 0.38254 0.70371 0.38857 0.69433
4 0.66105 0.70455 0.67229 0.70542 0.68079 0.70574 0.68760 0.70618 0.68800 0.70283 0.68822 0.69242 0.68671 0.67146 0.68547 0.64591 0.68251 0.62761 0.67992 0.61956 0.67710 0.61708 0.67210 0.61616 0.66678 0.61526 0.65809 0.61538 0.65305 0.61511 0.64460 0.61738 0.63554 0.61980 0.62979 0.62167 0.62363 0.62526 0.62272 0.62908 0.62122 0.63076 0.62425 0.63642 0.62783 0.67074 0.62899 0.69923 0.63335 0.70906 0.63703 0.71390 0.63940 0.71391 0.64516 0.71205 0.65031 0.70873 0.66105 0.70455
4 0.75088 0.57261 0.74526 0.56441 0.73988 0.55641 0.73508 0.55527 0.73022 0.55657 0.72144 0.56809 0.71232 0.57970 0.70428 0.58860 0.69845 0.59637 0.71050 0.59233 0.71993 0.59196 0.72765 0.60068 0.73362 0.62362 0.73741 0.64580 0.73827 0.66579 0.73966 0.67837 0.74232 0.68628 0.74840 0.69220 0.75858 0.69595 0.77710 0.69126 0.78564 0.68357 0.78079 0.66411 0.77424 0.63431 0.76821 0.61381 0.75771 0.58669 0.75088 0.57261
4 0.46995 0.47339 0.47459 0.47448 0.47980 0.47075 0.48195 0.46598 0.48378 0.45197 0.48085 0.42713 0.47095 0.38551 0.46110 0.34761 0.45580 0.33132 0.45080 0.31728 0.44406 0.30604 0.43227 0.29568 0.41882 0.29183 0.41046 0.29081 0.40235 0.29531 0.39563 0.29805 0.38781 0.30946 0.38359 0.31805 0.38018 0.32502 0.37625 0.34285 0.37862 0.37950 0.37868 0.38554 0.38423 0.41667 0.38720 0.42892 0.39325 0.44687 0.39959 0.45776 0.40824 0.46802 0.41718 0.47355 0.42855 0.47656 0.44310 0.47639 0.45395 0.47628 0.45882 0.47358 0.46995 0.47339
4 0.72372 0.69830 0.73553 0.69676 0.73978 0.68645 0.73801 0.66508 0.73731 0.64504 0.73376 0.62307 0.72837 0.60159 0.72427 0.59837 0.71862 0.59207 0.70829 0.59241 0.70202 0.59517 0.69729 0.59967 0.69092 0.60273 0.68166 0.60710 0.67643 0.61173 0.67560 0.61735 0.67751 0.61711 0.67996 0.61888 0.68266 0.62760 0.68573 0.64511 0.68701 0.67740 0.68868 0.69502 0.69345 0.70480 0.70188 0.70605 0.72372 0.69830
4 0.61658 0.48601 0.62316 0.48425 0.62926 0.48126 0.63312 0.48293 0.63675 0.48126 0.64458 0.48256 0.65625 0.48032 0.66521 0.47792 0.67930 0.47009 0.68953 0.46353 0.69182 0.45933 0.69222 0.45293 0.68860 0.43209 0.68252 0.40844 0.67598 0.38183 0.66819 0.36267 0.65337 0.32288 0.64734 0.30875 0.64185 0.29671 0.63789 0.29096 0.63351 0.28593 0.62884 0.28112 0.62337 0.28194 0.61993 0.28141 0.61347 0.28327 0.60583 0.28444 0.60284 0.28454 0.59790 0.28667 0.59436 0.28948 0.59189 0.29275 0.59075 0.29557 0.58748 0.30168 0.58389 0.30893 0.58050 0.31888 0.57715 0.33422 0.57573 0.35790 0.57523 0.37574 0.58123 0.39464 0.58787 0.41943 0.59655 0.45531 0.59848 0.47064 0.60418 0.48030 0.60777 0.48502 0.61658 0.48601
4 0.70131 0.45876 0.71074 0.45711 0.71796 0.45517 0.72789 0.45396 0.73875 0.44612 0.74460 0.43758 0.74392 0.41338 0.73734 0.38379 0.72365 0.34856 0.70764 0.31192 0.69276 0.28891 0.68195 0.27962 0.67065 0.28149 0.66227 0.28779 0.65644 0.30503 0.65393 0.32022 0.65437 0.32620 0.66658 0.35805 0.67669 0.38205 0.68090 0.40211 0.68925 0.43325 0.69143 0.44573 0.69202 0.45515 0.69466 0.45706 0.70131 0.45876
4 0.57499 0.48858 0.59327 0.48311 0.59798 0.47735 0.59699 0.45473 0.59185 0.43094 0.57846 0.38560 0.56398 0.34660 0.54869 0.31622 0.53318 0.29428 0.52285 0.29052 0.50690 0.28780 0.49408 0.28751 0.48747 0.28602 0.47501 0.29169 0.46262 0.31039 0.45787 0.31585 0.45696 0.33101 0.46093 0.34579 0.47083 0.38508 0.48103 0.42661 0.48344 0.45300 0.48612 0.46533 0.48868 0.47489 0.49240 0.48182 0.49919 0.48513 0.50546 0.48764 0.51293 0.48424 0.52740 0.48549 0.53966 0.48562 0.56034 0.48862 0.57499 0.48858
4 0.43256 0.70778 0.44740 0.71002 0.46306 0.71243 0.47558 0.71567 0.48388 0.70801 0.48502 0.69489 0.48723 0.67605 0.48527 0.65521 0.48201 0.63822 0.47426 0.62477 0.46874 0.61576 0.46342 0.60942 0.45800 0.60466 0.45147 0.60058 0.44543 0.60026 0.43228 0.59951 0.42789 0.60147 0.42272 0.60440 0.41504 0.60957 0.41066 0.61929 0.40787 0.62819 0.40536 0.63430 0.40417 0.64821 0.40375 0.66308 0.40531 0.67276 0.41263 0.69526 0.41864 0.70414 0.42285 0.70922 0.43256 0.70778
