4 0.36949 0.44566 0.37347 0.43307 0.37733 0.42375 0.38199 0.41888 0.38581 0.41561 0.38128 0.38380 0.37963 0.35359 0.37902 0.34493 0.36451 0.32767 0.35152 0.31653 0.34639 0.31456 0.33329 0.32154 0.30777 0.33579 0.29098 0.34786 0.28952 0.35565 0.29166 0.37785 0.29532 0.40245 0.30255 0.42153 0.30633 0.42800 0.32102 0.46303 0.32766 0.47340 0.33801 0.47935 0.35568 0.47090 0.36300 0.46305 0.36949 0.44566
4 0.76365 0.31106 0.75504 0.29587 0.74836 0.28916 0.74002 0.28661 0.73274 0.28756 0.72664 0.29168 0.72416 0.30646 0.71982 0.32459 0.71909 0.33171 0.72701 0.35574 0.73839 0.38440 0.74562 0.41727 0.74595 0.43945 0.75080 0.44344 0.75633 0.44321 0.76424 0.44095 0.77121 0.43488 0.77273 0.43017 0.77407 0.42781 0.77428 0.41244 0.77249 0.37821 0.76859 0.33786 0.76365 0.31106
4 0.77670 0.54716 0.76897 0.53952 0.75572 0.53533 0.74250 0.54237 0.73472 0.55680 0.73971 0.56013 0.75162 0.58005 0.76690 0.61910 0.77116 0.63843 0.78248 0.65266 0.79461 0.67128 0.80470 0.67501 0.80878 0.66691 0.80719 0.64942 0.80313 0.62421 0.79870 0.60534 0.79281 0.58393 0.78388 0.56035 0.77670 0.54716
4 0.31735 0.64355 0.32112 0.63488 0.32313 0.61505 0.32772 0.60037 0.33137 0.59328 0.33871 0.58758 0.33568 0.58060 0.33338 0.57345 0.32565 0.57035 0.31934 0.57501 0.31245 0.58253 0.29635 0.57379 0.28938 0.57166 0.28192 0.56965 0.27267 0.57389 0.26196 0.57849 0.25838 0.58171 0.25537 0.58516 0.25470 0.59693 0.25571 0.62374 0.25603 0.64569 0.25602 0.66735 0.26216 0.68476 0.27574 0.69374 0.28784 0.69885 0.29832 0.67884 0.30533 0.66046 0.31735 0.64355
4 0.55818 0.72461 0.55941 0.70266 0.55954 0.67942 0.55783 0.64777 0.55478 0.63345 0.55105 0.62780 0.54512 0.62476 0.53957 0.62290 0.53353 0.62235 0.52432 0.62032 0.51373 0.61890 0.50815 0.61813 0.50132 0.61782 0.49727 0.61852 0.49221 0.61901 0.48839 0.62074 0.48684 0.62112 0.48364 0.62722 0.48169 0.64317 0.48265 0.65530 0.48501 0.67404 0.48781 0.69460 0.49132 0.71074 0.50053 0.71772 0.51955 0.71646 0.53874 0.72211 0.54753 0.72533 0.55818 0.72461
4 0.62187 0.63953 0.61894 0.63124 0.61326 0.62911 0.60747 0.62830 0.59572 0.62769 0.57611 0.62742 0.56959 0.62969 0.56195 0.63353 0.55645 0.63555 0.55564 0.63833 0.55843 0.64697 0.55896 0.66198 0.55948 0.67184 0.55965 0.68629 0.56025 0.69645 0.55953 0.70565 0.56489 0.71592 0.56890 0.72426 0.57924 0.72265 0.60062 0.71796 0.61358 0.71569 0.62387 0.71732 0.62509 0.70155 0.62448 0.67238 0.62293 0.65151 0.62187 0.63953
4 0.38519 0.69236 0.39706 0.67896 0.40110 0.65591 0.40303 0.63572 0.40467 0.62680 0.40004 0.61752 0.39343 0.61066 0.38564 0.60526 0.37812 0.59786 0.37667 0.59513 0.37195 0.58548 0.36661 0.58372 0.35964 0.58159 0.35305 0.58207 0.34235 0.58358 0.33934 0.58704 0.33231 0.59188 0.32803 0.59643 0.32553 0.60401 0.32338 0.61498 0.32395 0.62451 0.32275 0.64452 0.32462 0.66339 0.32727 0.68437 0.33042 0.69905 0.33242 0.70397 0.34018 0.70822 0.35825 0.70526 0.37008 0.70308 0.37900 0.70163 0.38519 0.69236
4 0.65746 0.70733 0.66868 0.70840 0.67717 0.70886 0.68397 0.70942 0.68443 0.70608 0.68484 0.69567 0.68369 0.67470 0.68290 0.64912 0.68025 0.63077 0.67781 0.62268 0.67503 0.62016 0.67005 0.61914 0.66474 0.61815 0.65605 0.61812 0.65102 0.61777 0.64253 0.61988 0.63343 0.62215 0.62764 0.62392 0.62142 0.62740 0.62045 0.63121 0.61892 0.63286 0.62185 0.63857 0.62483 0.67294 0.62550 0.70145 0.62969 0.71136 0.63327 0.71626 0.63565 0.71632 0.64143 0.71455 0.64664 0.71132 0.65746 0.70733
4 0.74957 0.57698 0.74410 0.56868 0.73886 0.56059 0.73408 0.55936 0.72920 0.56058 0.72022 0.57195 0.71090 0.58340 0.70270 0.59215 0.69674 0.59981 0.70885 0.59599 0.71829 0.59578 0.72586 0.60463 0.73143 0.62768 0.73483 0.64992 0.73534 0.66993 0.73651 0.68252 0.73903 0.69048 0.74501 0.69651 0.75512 0.70043 0.77372 0.69606 0.78240 0.68853 0.77788 0.66898 0.77186 0.63908 0.76618 0.61848 0.75615 0.59118 0.74957 0.57698
4 0.47042 0.47287 0.47504 0.47404 0.48032 0.47040 0.48254 0.46567 0.48463 0.45170 0.48213 0.42680 0.47295 0.38502 0.46377 0.34695 0.45875 0.33057 0.45400 0.31645 0.44745 0.30509 0.43585 0.29453 0.42246 0.29045 0.41413 0.28928 0.40594 0.29364 0.39917 0.29625 0.39115 0.30753 0.38678 0.31604 0.38325 0.32296 0.37902 0.34071 0.38074 0.37740 0.38070 0.38344 0.38570 0.41466 0.38846 0.42696 0.39420 0.44502 0.40034 0.45601 0.40881 0.46642 0.41765 0.47211 0.42897 0.47532 0.44353 0.47540 0.45437 0.47548 0.45928 0.47286 0.47042 0.47287
4 0.72022 0.70218 0.73206 0.70084 0.73649 0.69061 0.73509 0.66921 0.73475 0.64916 0.73158 0.62713 0.72656 0.60556 0.72252 0.60227 0.71698 0.59587 0.70664 0.59603 0.70032 0.59868 0.69552 0.60310 0.68910 0.60604 0.67976 0.61025 0.67445 0.61480 0.67352 0.62040 0.67544 0.62019 0.67786 0.62200 0.68040 0.63076 0.68317 0.64833 0.68389 0.68063 0.68525 0.69828 0.68985 0.70814 0.69825 0.70954 0.72022 0.70218
4 0.61681 0.48805 0.62342 0.48640 0.62957 0.48352 0.63340 0.48526 0.63705 0.48365 0.64487 0.48509 0.65658 0.48305 0.66557 0.48081 0.67979 0.47323 0.69014 0.46684 0.69250 0.46268 0.69301 0.45629 0.68975 0.43539 0.68409 0.41164 0.67801 0.38492 0.67056 0.36562 0.65644 0.32559 0.65066 0.31135 0.64538 0.29921 0.64151 0.29340 0.63723 0.28829 0.63264 0.28340 0.62715 0.28413 0.62373 0.28354 0.61724 0.28528 0.60958 0.28632 0.60658 0.28637 0.60161 0.28841 0.59802 0.29116 0.59550 0.29439 0.59430 0.29719 0.59093 0.30323 0.58721 0.31042 0.58365 0.32031 0.58003 0.33559 0.57820 0.35924 0.57739 0.37707 0.58305 0.39608 0.58926 0.42097 0.59732 0.45700 0.59898 0.47236 0.60451 0.48212 0.60802 0.48690 0.61681 0.48805
4 0.70200 0.46228 0.71145 0.46079 0.71871 0.45898 0.72866 0.45795 0.73966 0.45029 0.74565 0.44186 0.74539 0.41765 0.73934 0.38795 0.72625 0.35249 0.71089 0.31558 0.69642 0.29231 0.68577 0.28283 0.67443 0.28450 0.66595 0.29066 0.65982 0.30779 0.65705 0.32293 0.65738 0.32892 0.66903 0.36098 0.67872 0.38515 0.68259 0.40528 0.69039 0.43657 0.69235 0.44908 0.69278 0.45851 0.69538 0.46046 0.70200 0.46228
4 0.57518 0.48989 0.59355 0.48474 0.59835 0.47906 0.59776 0.45643 0.59305 0.43255 0.58045 0.38698 0.56664 0.34775 0.55189 0.31709 0.53676 0.29489 0.52650 0.29095 0.51060 0.28795 0.49779 0.28744 0.49121 0.28583 0.47865 0.29128 0.46594 0.30976 0.46109 0.31514 0.45992 0.33028 0.46362 0.34513 0.47284 0.38458 0.48231 0.42630 0.48426 0.45272 0.48673 0.46509 0.48912 0.47470 0.49272 0.48169 0.49945 0.48512 0.50567 0.48774 0.51321 0.48447 0.52764 0.48597 0.53991 0.48631 0.56053 0.48967 0.57518 0.48989
4 0.42894 0.70658 0.44374 0.70907 0.45936 0.71175 0.47182 0.71522 0.48025 0.70770 0.48163 0.69460 0.48415 0.67580 0.48256 0.65493 0.47960 0.63789 0.47209 0.62430 0.46673 0.61520 0.46151 0.60876 0.45618 0.60391 0.44972 0.59972 0.44369 0.59929 0.43056 0.59831 0.42613 0.60019 0.42091 0.60304 0.41314 0.60807 0.40859 0.61771 0.40564 0.62656 0.40303 0.63263 0.40160 0.64651 0.40092 0.66137 0.40231 0.67108 0.40924 0.69371 0.41508 0.70269 0.41921 0.70784 0.42894 0.70658
