4 0.29702 0.35413 0.29574 0.39356 0.29541 0.43461 0.29862 0.46054 0.30375 0.46972 0.31626 0.46972 0.32909 0.46756 0.34224 0.46702 0.35314 0.46648 0.37656 0.46540 0.38425 0.46270 0.39997 0.46162 0.41216 0.46162 0.42338 0.45676 0.43525 0.44595 0.44102 0.43677 0.44711 0.42543 0.44872 0.41787 0.44615 0.39842 0.44615 0.34440 0.44679 0.29147 0.44711 0.25690 0.44776 0.23313 0.43717 0.22503 0.42819 0.21801 0.41665 0.20828 0.41119 0.19478 0.40029 0.18560 0.38650 0.17642 0.37784 0.16993 0.36437 0.16507 0.34930 0.16237 0.33454 0.17155 0.32171 0.18452 0.31305 0.20828 0.30664 0.24502 0.30183 0.28337 0.29958 0.32334 0.29702 0.35413
4 0.53997 0.73500 0.55200 0.77416 0.56403 0.80477 0.57712 0.82728 0.58995 0.83493 0.60733 0.83763 0.62390 0.82458 0.63165 0.80567 0.63726 0.78317 0.64234 0.75436 0.64127 0.71520 0.63886 0.69584 0.63298 0.67604 0.62684 0.63597 0.62256 0.60942 0.61641 0.58826 0.61107 0.58151 0.60599 0.57881 0.59957 0.57746 0.58995 0.57971 0.58354 0.58331 0.57632 0.58691 0.56456 0.58691 0.55842 0.58916 0.55227 0.59141 0.54211 0.59546 0.53783 0.59861 0.53062 0.59771 0.52474 0.59996 0.51939 0.60446 0.51512 0.60807 0.51245 0.61617 0.51164 0.63327 0.51592 0.65533 0.52474 0.68999 0.53997 0.73500
4 0.37855 0.79757 0.39592 0.83133 0.40687 0.85474 0.41650 0.86509 0.42852 0.86689 0.43440 0.86374 0.44055 0.84438 0.44509 0.82008 0.44884 0.80388 0.45472 0.78632 0.44403 0.75616 0.43387 0.71745 0.42585 0.68009 0.42184 0.65578 0.41917 0.63687 0.42318 0.62022 0.41730 0.61527 0.40928 0.61347 0.39913 0.61257 0.39298 0.61752 0.39592 0.61302 0.38710 0.61032 0.36892 0.61257 0.36278 0.61122 0.35209 0.61167 0.34781 0.61707 0.34300 0.62607 0.34300 0.63958 0.34834 0.67289 0.35663 0.71835 0.36251 0.74626 0.37855 0.79757
4 0.17960 0.32820 0.18089 0.38654 0.18441 0.43893 0.18954 0.46324 0.19724 0.47188 0.20558 0.47674 0.21617 0.47728 0.22258 0.47620 0.23316 0.47782 0.24503 0.47782 0.25529 0.47512 0.26235 0.47242 0.27453 0.47296 0.28384 0.47512 0.29314 0.47188 0.30148 0.46594 0.29859 0.45730 0.29570 0.44001 0.29538 0.40220 0.29827 0.34063 0.30180 0.28121 0.30404 0.26554 0.29442 0.24826 0.28095 0.23367 0.26363 0.21909 0.25048 0.20234 0.23733 0.18344 0.23220 0.17534 0.22386 0.17425 0.20686 0.18020 0.20141 0.18776 0.19404 0.19856 0.18730 0.22935 0.18185 0.27472 0.17960 0.32820
4 0.84788 0.31826 0.84692 0.33068 0.85302 0.33771 0.86905 0.34905 0.88701 0.35823 0.90080 0.35985 0.91203 0.35985 0.91812 0.35499 0.92710 0.35067 0.94089 0.32853 0.94923 0.30962 0.95084 0.29612 0.95276 0.27613 0.95244 0.24264 0.95148 0.21239 0.95019 0.18268 0.94442 0.16864 0.93223 0.14271 0.92454 0.13299 0.91267 0.13893 0.90080 0.14757 0.87547 0.17728 0.86456 0.18862 0.85173 0.20267 0.84628 0.21023 0.84788 0.24372 0.84853 0.29612 0.84788 0.31826
4 0.44808 0.23421 0.44679 0.27419 0.44679 0.30983 0.44519 0.37087 0.44551 0.39842 0.44872 0.41787 0.45225 0.42813 0.45738 0.43407 0.46604 0.43515 0.48175 0.43515 0.48881 0.43569 0.49651 0.43731 0.50901 0.43569 0.52954 0.42921 0.54141 0.42651 0.55456 0.42057 0.56450 0.41247 0.57027 0.39626 0.57220 0.37412 0.57604 0.33738 0.57540 0.29309 0.57188 0.24772 0.56257 0.21153 0.55103 0.18398 0.54076 0.16453 0.52280 0.15427 0.49875 0.15481 0.48464 0.15535 0.47277 0.16075 0.46572 0.17858 0.46123 0.19964 0.45577 0.21855 0.44808 0.23421
4 0.76995 0.64254 0.77072 0.66912 0.77649 0.68467 0.78496 0.69958 0.79458 0.71060 0.80420 0.72227 0.81575 0.73523 0.84654 0.75468 0.86270 0.75533 0.87425 0.75338 0.88695 0.73977 0.89426 0.73004 0.89542 0.69634 0.89349 0.65810 0.88887 0.58744 0.88233 0.53883 0.87155 0.51031 0.85539 0.49799 0.83923 0.48827 0.82152 0.48244 0.80228 0.49022 0.78688 0.49929 0.77495 0.50836 0.76341 0.51938 0.75763 0.52587 0.74994 0.54077 0.75956 0.56217 0.76572 0.58550 0.76995 0.64254
4 0.88849 0.58485 0.89042 0.60818 0.89272 0.61208 0.89811 0.63476 0.90427 0.65291 0.91581 0.66458 0.93698 0.66847 0.95507 0.67106 0.96469 0.66652 0.96739 0.66263 0.97431 0.62828 0.98124 0.58485 0.98778 0.53429 0.98894 0.50772 0.98817 0.49540 0.98316 0.47985 0.97547 0.46429 0.96662 0.45781 0.94083 0.44808 0.92351 0.44484 0.91466 0.44679 0.90388 0.45327 0.88618 0.46170 0.87348 0.47207 0.85808 0.48438 0.84885 0.49151 0.87155 0.50901 0.88271 0.54013 0.88849 0.58485
4 0.72885 0.34936 0.72525 0.36075 0.73901 0.37348 0.76441 0.39059 0.78704 0.39759 0.79858 0.39292 0.80874 0.39059 0.81983 0.37892 0.82906 0.36725 0.83876 0.35403 0.84384 0.34237 0.84708 0.33070 0.84939 0.27625 0.84800 0.23891 0.84662 0.20858 0.83830 0.18291 0.83045 0.16502 0.81660 0.14946 0.79997 0.14324 0.78842 0.14402 0.76533 0.15957 0.75610 0.17824 0.75101 0.18524 0.74224 0.19302 0.72746 0.20391 0.72331 0.22491 0.72746 0.26925 0.73208 0.32058 0.72885 0.34936
4 0.43280 0.71385 0.44483 0.75841 0.46060 0.80297 0.47984 0.84348 0.49641 0.86194 0.50710 0.86644 0.52073 0.85789 0.52768 0.84393 0.53329 0.82098 0.53570 0.78992 0.53864 0.75751 0.53971 0.73590 0.53008 0.70575 0.52394 0.68954 0.51512 0.65398 0.51164 0.63327 0.51271 0.61167 0.50362 0.60581 0.49721 0.60536 0.48866 0.60672 0.47904 0.60942 0.47636 0.61032 0.46755 0.60852 0.44884 0.61167 0.44456 0.61437 0.43628 0.61302 0.42799 0.61527 0.42532 0.61662 0.42211 0.62157 0.41890 0.63732 0.42157 0.65533 0.42612 0.68234 0.43280 0.71385
4 0.57700 0.34333 0.58053 0.36817 0.58887 0.38330 0.60041 0.39787 0.61132 0.40220 0.63826 0.41301 0.65302 0.41409 0.66809 0.41247 0.67867 0.40977 0.69118 0.40112 0.70433 0.39194 0.71459 0.37574 0.72550 0.36331 0.72903 0.34765 0.73255 0.32118 0.72903 0.27905 0.72454 0.23799 0.71940 0.20775 0.71235 0.18182 0.70497 0.16723 0.69760 0.15643 0.68765 0.14239 0.67803 0.13483 0.67098 0.12672 0.66296 0.12240 0.65366 0.11646 0.64147 0.12132 0.62287 0.14455 0.60812 0.16507 0.60106 0.18020 0.58919 0.20234 0.58150 0.22125 0.57572 0.23313 0.57412 0.25312 0.57700 0.29417 0.57700 0.34333
4 0.14208 0.38870 0.14721 0.43839 0.15298 0.45676 0.15908 0.45946 0.17030 0.46216 0.17640 0.45838 0.18313 0.46054 0.18826 0.45514 0.18313 0.42867 0.18089 0.38546 0.17896 0.34387 0.18025 0.30443 0.18313 0.26284 0.18602 0.23799 0.17287 0.20775 0.16453 0.19154 0.16004 0.17480 0.14913 0.16453 0.14625 0.16939 0.13983 0.19532 0.13855 0.23367 0.13823 0.30065 0.14208 0.38870
4 0.67335 0.78709 0.69529 0.80977 0.71607 0.81107 0.74070 0.80199 0.75417 0.78320 0.76687 0.76570 0.76841 0.74236 0.76995 0.69958 0.76918 0.63736 0.76533 0.58744 0.75840 0.56217 0.74955 0.54207 0.73878 0.53559 0.72531 0.53559 0.71030 0.53559 0.69413 0.53300 0.67758 0.53753 0.66257 0.54855 0.64641 0.56022 0.62948 0.57513 0.62216 0.58874 0.62139 0.60171 0.63332 0.67560 0.64756 0.73004 0.66373 0.76570 0.67335 0.78709
4 0.31416 0.79082 0.32298 0.80747 0.33046 0.82683 0.33982 0.85159 0.34784 0.85609 0.35585 0.85204 0.36280 0.83763 0.36441 0.82098 0.36815 0.79667 0.37243 0.77912 0.36280 0.74761 0.35532 0.70890 0.34944 0.67964 0.34222 0.63867 0.34276 0.62742 0.34944 0.61437 0.33741 0.60627 0.30721 0.59501 0.29625 0.59186 0.29091 0.59591 0.27861 0.60536 0.27835 0.62697 0.27968 0.65758 0.28236 0.67379 0.28690 0.69764 0.29893 0.73905 0.30614 0.76606 0.31416 0.79082
