4 0.41345 0.81460 0.41433 0.79751 0.40567 0.79190 0.39079 0.77530 0.36980 0.77417 0.33721 0.77049 0.31699 0.75845 0.29073 0.75878 0.27712 0.76944 0.26263 0.76452 0.24333 0.76729 0.22720 0.78801 0.22032 0.81512 0.21358 0.83289 0.21444 0.88426 0.21781 0.92476 0.22101 0.94193 0.27796 0.95538 0.37750 0.96879 0.40214 0.96142 0.41848 0.92750 0.41859 0.88783 0.41345 0.81460
4 0.20973 0.78614 0.19156 0.75782 0.17626 0.73189 0.15748 0.70432 0.13843 0.69232 0.11030 0.69962 0.08323 0.71315 0.07004 0.73314 0.04240 0.77935 0.03224 0.82662 0.02594 0.88718 0.06810 0.91125 0.13365 0.93340 0.18253 0.94048 0.21699 0.90531 0.21415 0.83369 0.21975 0.81355 0.20973 0.78614
4 0.60609 1.00000 0.62190 0.97226 0.62312 0.93651 0.62469 0.84629 0.62142 0.79956 0.60418 0.78449 0.58846 0.78265 0.56041 0.78526 0.54340 0.78963 0.53069 0.78320 0.51782 0.78531 0.49966 0.78887 0.49078 0.79651 0.47517 0.78844 0.46064 0.78509 0.45300 0.78806 0.44411 0.79570 0.43784 0.78779 0.42674 0.78839 0.42142 0.79217 0.41354 0.80916 0.41753 0.88158 0.42135 0.93065 0.42786 0.95877 0.45616 0.97483 0.51492 0.98442 0.57658 0.99560 0.60130 1.00000 0.60609 1.00000
4 0.91212 0.72529 0.89736 0.73514 0.87568 0.74020 0.85464 0.74216 0.83387 0.76203 0.82076 0.77814 0.83721 0.80489 0.83574 0.85541 0.82657 0.91362 0.85033 0.95604 0.86747 0.97655 0.89544 0.97860 0.92882 0.97141 0.96502 0.97048 0.99196 0.96487 0.99587 0.74109 0.97242 0.71311 0.95945 0.72066 0.94821 0.72980 0.94190 0.72347 0.92677 0.72088 0.91212 0.72529
3 0.32210 0.38513 0.32220 0.34625 0.31226 0.34762 0.31198 0.39662 0.31887 0.46988 0.32565 0.51667 0.32041 0.54925 0.32188 0.56561 0.33186 0.56191 0.33290 0.53546 0.33343 0.50514 0.32627 0.44744 0.32210 0.38513
4 0.33920 0.57206 0.35654 0.58170 0.37201 0.57824 0.43274 0.58863 0.47625 0.58285 0.49462 0.57292 0.50708 0.54138 0.51145 0.49105 0.51162 0.44157 0.51016 0.40514 0.51104 0.39488 0.48301 0.35612 0.40266 0.30619 0.35895 0.28300 0.32520 0.29175 0.30939 0.31481 0.27829 0.29187 0.22687 0.26857 0.19863 0.28208 0.18210 0.30701 0.17033 0.33947 0.17238 0.38245 0.18049 0.43954 0.19235 0.48175 0.21696 0.51579 0.22231 0.52989 0.25477 0.55565 0.28820 0.56650 0.32807 0.56813 0.33920 0.57206
4 1.00000 0.19536 0.97296 0.17798 0.93213 0.17647 0.92143 0.18795 0.89877 0.21558 0.86463 0.28237 0.85737 0.31521 0.85698 0.33777 0.86197 0.35263 0.86560 0.37836 0.87394 0.40185 0.88779 0.41065 0.90463 0.41561 0.91750 0.41350 0.93023 0.41993 0.94284 0.43261 0.95681 0.43442 0.96674 0.43380 0.97925 0.41925 0.98744 0.41706 1.00000 0.41419 1.00000 0.19536
4 0.09963 0.45865 0.11521 0.44865 0.12527 0.43391 0.13732 0.42570 0.15017 0.41101 0.15825 0.38966 0.16466 0.38323 0.16246 0.34867 0.14752 0.32226 0.12570 0.28921 0.08833 0.26334 0.05088 0.24310 0.02169 0.23045 0.00560 0.23016 0.00331 0.30582 0.00077 0.45176 0.00992 0.46363 0.02801 0.47047 0.03227 0.46681 0.06066 0.48506 0.09033 0.47064 0.09963 0.45865
4 0.71850 0.58272 0.73151 0.57284 0.74772 0.58013 0.77482 0.56583 0.79713 0.55688 0.82528 0.51535 0.83858 0.48914 0.84357 0.47055 0.84742 0.45039 0.84757 0.40839 0.84424 0.36555 0.84352 0.33987 0.84450 0.31655 0.82545 0.27185 0.80421 0.21860 0.78060 0.20029 0.74458 0.19110 0.69423 0.20189 0.66653 0.21774 0.61849 0.26280 0.56858 0.31327 0.52857 0.36625 0.52690 0.39502 0.53297 0.41533 0.53360 0.44647 0.53657 0.50954 0.54357 0.54312 0.55473 0.57209 0.56738 0.58242 0.59767 0.58607 0.65022 0.58386 0.71850 0.58272
4 0.80817 0.96464 0.82533 0.91747 0.83454 0.85773 0.83486 0.80562 0.81901 0.77811 0.80760 0.76314 0.78470 0.77130 0.76242 0.77712 0.73167 0.76804 0.70879 0.77464 0.66452 0.77075 0.64588 0.76888 0.63002 0.77481 0.62571 0.78797 0.61677 0.79871 0.62800 0.85725 0.63102 0.91797 0.64117 0.97106 0.65652 0.99543 0.69498 0.99767 0.73939 0.99377 0.79206 0.98457 0.80817 0.96464
