4 0.50454 0.63502 0.50779 0.62033 0.50526 0.59036 0.49967 0.54244 0.49289 0.51292 0.48862 0.51187 0.47474 0.50611 0.46630 0.49575 0.46321 0.49093 0.45173 0.49300 0.43879 0.49811 0.42290 0.50551 0.41026 0.51323 0.40634 0.53244 0.40631 0.55945 0.41085 0.58976 0.41078 0.62915 0.41863 0.63427 0.43614 0.63321 0.44814 0.63188 0.46819 0.63265 0.48697 0.63308 0.50454 0.63502
4 0.64472 0.47522 0.66893 0.46759 0.69308 0.45682 0.70904 0.44168 0.71343 0.41775 0.71148 0.37501 0.70314 0.32744 0.69438 0.29022 0.67965 0.25536 0.67159 0.24155 0.64985 0.25228 0.62123 0.26539 0.61295 0.27318 0.59588 0.27663 0.59360 0.28342 0.58717 0.31145 0.57832 0.35483 0.58067 0.38630 0.58842 0.45189 0.59468 0.46619 0.59931 0.47331 0.60391 0.47863 0.61410 0.47665 0.62583 0.47735 0.64472 0.47522
4 0.41172 0.62840 0.41084 0.58931 0.40622 0.56045 0.40591 0.53090 0.41016 0.51512 0.40858 0.50714 0.40202 0.50818 0.38683 0.50937 0.37370 0.51083 0.36114 0.50920 0.35532 0.50561 0.34928 0.52419 0.34662 0.54856 0.34287 0.58126 0.34480 0.60956 0.34643 0.62031 0.35869 0.62779 0.38175 0.63047 0.39373 0.63395 0.40401 0.63377 0.41172 0.62840
4 0.77650 0.41871 0.79247 0.42281 0.80954 0.41522 0.82106 0.36883 0.82443 0.32016 0.82194 0.27062 0.81807 0.23520 0.81332 0.22313 0.81196 0.20079 0.80212 0.19464 0.78898 0.20411 0.77440 0.22381 0.76826 0.24385 0.76537 0.26431 0.76902 0.28758 0.77547 0.32247 0.78026 0.35545 0.77107 0.40632 0.77650 0.41871
4 0.23483 0.37683 0.21484 0.34655 0.20827 0.34229 0.19795 0.34587 0.19397 0.35955 0.19946 0.41391 0.21178 0.46911 0.23090 0.50475 0.24011 0.51188 0.25610 0.49848 0.26554 0.48179 0.26855 0.46812 0.26658 0.45818 0.25285 0.40520 0.23483 0.37683
4 0.70704 0.44390 0.69227 0.45841 0.66939 0.46744 0.66167 0.47020 0.66645 0.48588 0.66856 0.57776 0.67382 0.60693 0.68661 0.60783 0.71615 0.59306 0.72462 0.59029 0.72819 0.55120 0.72960 0.51704 0.72872 0.48104 0.72578 0.45595 0.72044 0.45117 0.70704 0.44390
4 0.51438 0.51171 0.53952 0.50632 0.55442 0.49930 0.56336 0.49465 0.57974 0.48626 0.58595 0.48075 0.58801 0.46090 0.58736 0.44110 0.58065 0.38360 0.57589 0.35172 0.56576 0.32263 0.55570 0.29714 0.54706 0.28379 0.53600 0.28713 0.51351 0.28978 0.49180 0.28565 0.48424 0.28308 0.47190 0.28195 0.46155 0.29158 0.45221 0.30750 0.44607 0.33417 0.44341 0.37114 0.44190 0.38827 0.45043 0.44620 0.45820 0.47847 0.46634 0.49679 0.47732 0.50650 0.48854 0.51216 0.49937 0.51287 0.51438 0.51171
4 0.75716 0.42509 0.76947 0.40731 0.77716 0.38287 0.77994 0.35266 0.77315 0.30820 0.76350 0.27191 0.75536 0.23603 0.74846 0.21905 0.73103 0.21890 0.72374 0.23208 0.71448 0.25205 0.70636 0.26930 0.70159 0.28829 0.69857 0.30500 0.70410 0.32922 0.71118 0.37277 0.71264 0.42226 0.72140 0.42481 0.73794 0.42542 0.75716 0.42509
4 0.66262 0.61050 0.66694 0.57141 0.66752 0.51812 0.66667 0.48400 0.66068 0.47060 0.64697 0.47421 0.62499 0.47760 0.61120 0.47671 0.60015 0.47465 0.59613 0.47397 0.58867 0.47711 0.58497 0.48017 0.58229 0.49898 0.58287 0.53198 0.58633 0.57244 0.58794 0.59304 0.59731 0.61352 0.60257 0.62768 0.63001 0.62157 0.64248 0.61910 0.65747 0.61697 0.66262 0.61050
4 0.58354 0.55598 0.58045 0.50839 0.58032 0.48663 0.56320 0.49518 0.54731 0.50334 0.53337 0.50808 0.51217 0.51258 0.49816 0.51358 0.50173 0.54615 0.50759 0.58019 0.51619 0.61381 0.52450 0.63129 0.53611 0.63634 0.55437 0.63528 0.57135 0.63235 0.58178 0.61304 0.58539 0.59009 0.58354 0.55598
4 0.33231 0.39857 0.32888 0.38113 0.31262 0.35796 0.29803 0.33539 0.28214 0.32129 0.26951 0.31670 0.25346 0.32235 0.24654 0.33817 0.25054 0.38781 0.26658 0.45818 0.28717 0.51410 0.30654 0.53596 0.33392 0.52642 0.34151 0.51878 0.35173 0.49484 0.34421 0.48215 0.33596 0.44009 0.33231 0.39857
4 0.42222 0.50161 0.43655 0.49641 0.44391 0.48773 0.44907 0.47323 0.45024 0.45430 0.44837 0.43318 0.44517 0.40487 0.44178 0.38287 0.42819 0.36150 0.41167 0.32802 0.38845 0.30592 0.37028 0.29768 0.35676 0.29792 0.34467 0.31073 0.33745 0.32752 0.33185 0.35147 0.32990 0.37717 0.33271 0.40053 0.33676 0.44323 0.34309 0.47868 0.35242 0.49698 0.36226 0.50941 0.37520 0.51054 0.40370 0.50779 0.42222 0.50161
