4 0.36989 0.70413 0.37009 0.71975 0.37843 0.72107 0.39410 0.71869 0.41276 0.72054 0.42387 0.71948 0.43816 0.72186 0.45086 0.72345 0.46277 0.72504 0.47349 0.72425 0.48460 0.72080 0.48559 0.71049 0.48897 0.69222 0.49075 0.67714 0.48996 0.66021 0.48559 0.64486 0.48341 0.63772 0.47785 0.63031 0.47230 0.62449 0.46178 0.63295 0.45166 0.63587 0.43955 0.63613 0.43300 0.63349 0.42903 0.63719 0.41732 0.63878 0.39212 0.64275 0.38339 0.64275 0.38160 0.63984 0.37625 0.64248 0.37228 0.65307 0.37049 0.67582 0.37029 0.68800 0.36989 0.70413
4 0.60892 0.70827 0.62310 0.71637 0.63829 0.71637 0.65618 0.71277 0.68184 0.70242 0.69197 0.70198 0.71493 0.70557 0.72539 0.69792 0.72911 0.68667 0.72742 0.66506 0.72505 0.65066 0.71830 0.63760 0.70784 0.63085 0.69838 0.62770 0.69265 0.61960 0.68961 0.61330 0.68454 0.61330 0.68353 0.61510 0.67205 0.63130 0.64741 0.64346 0.63154 0.64615 0.62378 0.63940 0.60960 0.64391 0.60757 0.64660 0.60656 0.66461 0.60352 0.68982 0.60014 0.69837 0.60892 0.70827
4 0.52047 0.53678 0.52486 0.57549 0.53566 0.61060 0.54849 0.62230 0.57111 0.63085 0.57854 0.63535 0.58968 0.63850 0.59677 0.63895 0.60858 0.64391 0.61972 0.64075 0.62411 0.63850 0.63424 0.64480 0.64842 0.64210 0.67070 0.63175 0.68285 0.61645 0.69028 0.59439 0.69568 0.55658 0.69872 0.52102 0.70142 0.48681 0.69737 0.44945 0.68961 0.42469 0.67678 0.40128 0.66057 0.38508 0.63795 0.37068 0.60926 0.37293 0.58124 0.38373 0.56065 0.40444 0.54647 0.42469 0.53363 0.44270 0.52047 0.47195 0.51642 0.49311 0.52047 0.53678
4 0.30137 0.49086 0.30171 0.54983 0.30947 0.59439 0.32297 0.62005 0.34323 0.63715 0.36923 0.64526 0.38172 0.63940 0.38644 0.64300 0.39590 0.64255 0.41818 0.63986 0.42999 0.63760 0.43236 0.63535 0.44383 0.63760 0.46207 0.63625 0.47760 0.62185 0.48975 0.59124 0.49448 0.54758 0.49448 0.48141 0.49245 0.45530 0.48300 0.41704 0.46409 0.39543 0.43843 0.38193 0.41244 0.37653 0.38948 0.37338 0.36754 0.38103 0.33547 0.40218 0.31757 0.42964 0.30475 0.45755 0.30137 0.49086
4 0.15253 0.49641 0.15507 0.51742 0.16829 0.54443 0.17729 0.56468 0.19500 0.57744 0.21527 0.58306 0.22399 0.58081 0.23835 0.57441 0.25634 0.56580 0.27069 0.55193 0.27688 0.53167 0.28785 0.50616 0.29095 0.49229 0.29517 0.47803 0.27660 0.43902 0.26619 0.41389 0.24481 0.38163 0.23299 0.36812 0.21527 0.35912 0.19473 0.35912 0.18038 0.37225 0.17138 0.39738 0.16097 0.43527 0.15675 0.45552 0.15253 0.49641
4 0.49234 0.72610 0.50722 0.72742 0.53501 0.72054 0.54731 0.71551 0.57648 0.71922 0.60070 0.72318 0.59950 0.70784 0.59970 0.69964 0.60308 0.69170 0.60506 0.68270 0.60645 0.65994 0.60764 0.64354 0.60109 0.63825 0.59117 0.63375 0.58442 0.63746 0.57430 0.62793 0.56458 0.62634 0.55088 0.62264 0.54692 0.61708 0.54017 0.62211 0.53302 0.62238 0.52965 0.61999 0.52508 0.61946 0.51853 0.62052 0.51318 0.62264 0.50762 0.62555 0.49849 0.63851 0.49532 0.65015 0.49234 0.66074 0.49075 0.68191 0.49095 0.70598 0.49234 0.72610
4 0.11846 0.52943 0.12549 0.55787 0.13276 0.55912 0.14589 0.55694 0.15644 0.55318 0.16582 0.54068 0.15480 0.51505 0.15245 0.49160 0.15855 0.44784 0.14190 0.42596 0.11893 0.40158 0.10111 0.39751 0.09337 0.40627 0.09408 0.43628 0.09830 0.46691 0.10885 0.50724 0.11846 0.52943
4 0.75004 0.56558 0.76388 0.56558 0.77637 0.56423 0.78278 0.56108 0.79359 0.55928 0.80405 0.55073 0.81182 0.53678 0.81553 0.52958 0.82532 0.51157 0.82937 0.49131 0.82971 0.47150 0.82870 0.45620 0.82532 0.43910 0.82195 0.42694 0.81621 0.40489 0.80709 0.39768 0.79899 0.39363 0.77873 0.39453 0.76523 0.40309 0.75274 0.42019 0.73822 0.44990 0.72843 0.46520 0.71121 0.48681 0.70446 0.48771 0.70075 0.49536 0.71054 0.51832 0.72269 0.54622 0.73485 0.55838 0.75004 0.56558
4 0.16370 0.61840 0.15834 0.62793 0.15755 0.64910 0.15815 0.66497 0.17085 0.67159 0.18890 0.68693 0.20835 0.69196 0.22780 0.69673 0.23991 0.69487 0.24725 0.68852 0.24903 0.67000 0.25062 0.65571 0.25182 0.64248 0.24705 0.62846 0.23554 0.61285 0.22284 0.59168 0.21748 0.58374 0.19585 0.57766 0.17958 0.56628 0.17442 0.57633 0.17184 0.58745 0.16926 0.60279 0.16370 0.61840
4 0.72573 0.65066 0.72775 0.66011 0.72944 0.68802 0.72843 0.69342 0.73451 0.69612 0.74666 0.69432 0.76118 0.68937 0.77266 0.68532 0.78380 0.67856 0.79156 0.67316 0.79426 0.66416 0.79291 0.62410 0.78785 0.59304 0.78278 0.56243 0.77738 0.56378 0.76219 0.56513 0.74936 0.56513 0.73923 0.58269 0.73248 0.59394 0.72404 0.61150 0.71594 0.62095 0.71023 0.62600 0.70654 0.63010 0.71797 0.63850 0.72573 0.65066
4 0.24785 0.68032 0.24646 0.69726 0.25975 0.69831 0.27603 0.70228 0.28813 0.70731 0.30381 0.70890 0.32723 0.71154 0.34429 0.71657 0.36989 0.71234 0.37029 0.69434 0.37069 0.67106 0.37267 0.65280 0.36791 0.64328 0.36315 0.64248 0.34112 0.63640 0.33080 0.62555 0.32743 0.62158 0.32286 0.62078 0.31314 0.61761 0.30718 0.61417 0.29905 0.61655 0.29607 0.62158 0.28952 0.62396 0.28019 0.62634 0.26888 0.62740 0.26035 0.63428 0.25420 0.64089 0.25062 0.65042 0.25003 0.66100 0.24785 0.68032
