4 0.11364 0.42395 0.12253 0.43774 0.12769 0.44245 0.14672 0.44751 0.16454 0.45015 0.18352 0.45067 0.20523 0.44381 0.21558 0.43828 0.22553 0.42862 0.23645 0.41363 0.24370 0.39638 0.24818 0.37471 0.25048 0.35594 0.24842 0.34073 0.23936 0.35050 0.22055 0.36089 0.20780 0.35886 0.19757 0.35353 0.18376 0.34775 0.17906 0.34173 0.17669 0.33645 0.16935 0.33464 0.15658 0.32537 0.15018 0.31098 0.14733 0.29974 0.14646 0.28467 0.14716 0.27160 0.14525 0.26003 0.13477 0.25920 0.12309 0.26321 0.11260 0.28958 0.10650 0.31468 0.10325 0.32880 0.10055 0.35568 0.10207 0.37536 0.10541 0.38756 0.10948 0.41346 0.11364 0.42395
4 0.83575 0.90925 0.84210 0.92409 0.85221 0.93531 0.86512 0.93599 0.87434 0.92986 0.88212 0.92311 0.89255 0.92439 0.90309 0.91979 0.92123 0.90750 0.93342 0.88950 0.94773 0.86405 0.95527 0.83957 0.95897 0.81191 0.96207 0.76694 0.96145 0.73013 0.95893 0.71123 0.95191 0.69948 0.94276 0.69518 0.92158 0.69530 0.91103 0.69265 0.90537 0.69195 0.90126 0.70324 0.89591 0.71483 0.88960 0.73174 0.87650 0.74238 0.85163 0.74794 0.83537 0.74005 0.82296 0.72537 0.81089 0.72026 0.79997 0.72300 0.79501 0.72647 0.79186 0.74468 0.78904 0.76520 0.78651 0.79074 0.78755 0.82170 0.78823 0.85308 0.79269 0.87585 0.80062 0.89496 0.82211 0.90713 0.83575 0.90925
4 0.31433 0.22818 0.31823 0.23093 0.32729 0.23839 0.33671 0.24045 0.34218 0.24521 0.35284 0.24697 0.36352 0.24375 0.37330 0.24041 0.38850 0.23729 0.39903 0.23767 0.40892 0.23345 0.41192 0.22384 0.41600 0.21028 0.41789 0.19736 0.41263 0.20080 0.40543 0.20037 0.39937 0.19554 0.39732 0.18758 0.39582 0.18014 0.39804 0.16454 0.40432 0.14536 0.40970 0.13604 0.40362 0.12395 0.39777 0.10510 0.39609 0.09174 0.39286 0.07864 0.38795 0.06942 0.37917 0.06698 0.37193 0.07426 0.36307 0.07997 0.35264 0.09593 0.34145 0.11814 0.32523 0.15424 0.31532 0.16844 0.30286 0.20093 0.30130 0.21116 0.30270 0.21950 0.30659 0.22723 0.31433 0.22818
4 0.83701 0.55038 0.85596 0.54175 0.87545 0.51845 0.88425 0.49194 0.88915 0.47251 0.89433 0.45500 0.89978 0.43111 0.90108 0.40822 0.90239 0.39137 0.89859 0.36898 0.89203 0.36289 0.88651 0.35654 0.88141 0.35705 0.87567 0.35861 0.86779 0.36331 0.86560 0.37703 0.85607 0.39929 0.83669 0.42374 0.82679 0.43045 0.81720 0.43683 0.79398 0.44533 0.77267 0.44649 0.76229 0.44484 0.74861 0.43107 0.74522 0.44841 0.74434 0.47816 0.74682 0.49698 0.75506 0.51198 0.76395 0.52781 0.76966 0.53872 0.77639 0.55163 0.78760 0.55679 0.81698 0.55549 0.83701 0.55038
4 0.67387 0.26961 0.68430 0.28313 0.69633 0.28370 0.70450 0.29105 0.71463 0.30454 0.72037 0.31931 0.72925 0.32584 0.73911 0.32433 0.75279 0.32374 0.76072 0.32562 0.76914 0.32847 0.77735 0.32313 0.78625 0.31470 0.79137 0.29764 0.79394 0.27664 0.79502 0.26045 0.79194 0.23875 0.78933 0.21077 0.78709 0.18963 0.78750 0.17154 0.77344 0.15802 0.76205 0.14982 0.75045 0.13842 0.73131 0.12927 0.72015 0.13651 0.71185 0.15727 0.70209 0.18509 0.69679 0.19124 0.70280 0.21375 0.69841 0.23226 0.68890 0.23835 0.67107 0.24069 0.67026 0.25465 0.67387 0.26961
4 0.14957 0.30863 0.15526 0.32384 0.16859 0.33591 0.17912 0.33630 0.17882 0.34125 0.18412 0.34734 0.20374 0.35746 0.22161 0.35965 0.24031 0.35016 0.25154 0.33748 0.26031 0.32268 0.27077 0.30401 0.27572 0.28829 0.28013 0.27704 0.28089 0.27079 0.26949 0.27256 0.25384 0.26702 0.24638 0.25884 0.24223 0.24835 0.23926 0.22577 0.23983 0.20634 0.23813 0.18572 0.23578 0.17772 0.22439 0.16952 0.21268 0.15901 0.20884 0.15582 0.20611 0.15593 0.20290 0.15737 0.20001 0.15882 0.19323 0.16479 0.17895 0.17029 0.16586 0.17594 0.16116 0.18217 0.15231 0.21237 0.14673 0.23572 0.14699 0.25571 0.14527 0.26729 0.14661 0.27607 0.14728 0.29520 0.14957 0.30863
4 0.40735 0.20196 0.41442 0.20102 0.42165 0.19873 0.43268 0.19510 0.44546 0.19440 0.45216 0.19159 0.45693 0.19218 0.46552 0.18870 0.47586 0.18815 0.48057 0.18919 0.49124 0.19095 0.49558 0.18513 0.50093 0.17354 0.50229 0.15512 0.50449 0.13226 0.50605 0.12202 0.50213 0.10476 0.49898 0.08850 0.49578 0.07269 0.49248 0.05777 0.48839 0.05409 0.47781 0.05415 0.46193 0.05538 0.44955 0.05522 0.44001 0.06402 0.42805 0.08750 0.41877 0.11629 0.41285 0.13008 0.40720 0.14163 0.40179 0.15366 0.39684 0.16938 0.39522 0.18006 0.39931 0.19599 0.40735 0.20196
4 0.03952 0.56613 0.04660 0.57353 0.04910 0.59452 0.05274 0.61510 0.06717 0.63646 0.08065 0.64193 0.10217 0.63804 0.12321 0.62919 0.13676 0.62814 0.14965 0.63244 0.15835 0.63841 0.16678 0.63182 0.17635 0.62484 0.18189 0.61517 0.18929 0.59921 0.19229 0.59251 0.20282 0.57475 0.21008 0.54517 0.21292 0.53681 0.21721 0.51665 0.21953 0.48592 0.21745 0.46444 0.21491 0.44671 0.21297 0.43885 0.20523 0.44280 0.18153 0.44969 0.15267 0.44832 0.12568 0.44065 0.11432 0.42674 0.10869 0.41353 0.10689 0.39862 0.10325 0.37804 0.09107 0.37382 0.07765 0.37381 0.06293 0.39322 0.05247 0.41044 0.04373 0.42842 0.03755 0.45813 0.03416 0.48275 0.03243 0.50866 0.03423 0.53827 0.03952 0.56613
4 0.50816 0.21071 0.52052 0.20860 0.53907 0.20770 0.55721 0.20767 0.57037 0.20883 0.57898 0.21260 0.58808 0.21236 0.59421 0.20677 0.59785 0.20177 0.59870 0.17512 0.59320 0.14360 0.58766 0.11979 0.58120 0.09360 0.57504 0.07970 0.56339 0.06874 0.54928 0.06792 0.53792 0.07423 0.52842 0.08758 0.51989 0.10286 0.50947 0.11881 0.50545 0.12693 0.50164 0.17272 0.49680 0.18755 0.49643 0.19793 0.50004 0.20790 0.50816 0.21071
4 0.77078 0.32929 0.76244 0.32751 0.75124 0.32424 0.74001 0.32551 0.73093 0.33989 0.73111 0.35692 0.73169 0.37476 0.73596 0.40363 0.74327 0.41586 0.75270 0.43554 0.76320 0.44438 0.77333 0.44601 0.79306 0.44540 0.82002 0.43511 0.83209 0.42714 0.84836 0.40949 0.85673 0.39880 0.86466 0.37937 0.86910 0.35761 0.87178 0.32960 0.87192 0.30996 0.86988 0.28968 0.86549 0.26798 0.85905 0.25472 0.84867 0.24286 0.83029 0.23040 0.82288 0.23743 0.81459 0.24548 0.80087 0.25249 0.79488 0.25818 0.79391 0.27847 0.79060 0.29922 0.78677 0.31198 0.78410 0.31732 0.77847 0.32419 0.77078 0.32929
1 0.81552 0.84841 0.81792 0.84695 0.81916 0.84448 0.81992 0.84299 0.81936 0.83995 0.81527 0.84190 0.81349 0.84588 0.81552 0.84841
4 0.58703 0.22584 0.58756 0.23135 0.58921 0.23518 0.59876 0.23862 0.60789 0.24064 0.61060 0.23825 0.62070 0.24222 0.63250 0.24457 0.64661 0.24540 0.66425 0.24212 0.67809 0.24019 0.68900 0.23745 0.69922 0.23054 0.70323 0.21516 0.69607 0.18979 0.68917 0.16718 0.68455 0.15799 0.67750 0.12674 0.67368 0.11358 0.66577 0.09673 0.65948 0.08644 0.64714 0.07857 0.63801 0.08153 0.62760 0.08751 0.62070 0.09936 0.60966 0.12522 0.60146 0.14280 0.59535 0.15566 0.59818 0.17687 0.59874 0.20188 0.59380 0.20762 0.58548 0.21386 0.58703 0.22584
4 0.29467 0.26522 0.30574 0.25389 0.31358 0.24170 0.31944 0.23335 0.31465 0.23049 0.30599 0.22716 0.30181 0.21939 0.30058 0.20971 0.30556 0.19128 0.31597 0.16807 0.32615 0.15163 0.33813 0.12544 0.33926 0.11877 0.33367 0.10765 0.32243 0.09085 0.31767 0.08528 0.29865 0.08748 0.28264 0.09232 0.26543 0.10200 0.26117 0.10465 0.25110 0.12019 0.24442 0.13026 0.23556 0.13597 0.23688 0.15972 0.23641 0.17825 0.24032 0.20549 0.23876 0.22072 0.24094 0.24729 0.24539 0.25781 0.25375 0.26610 0.26960 0.27484 0.28177 0.27180 0.29467 0.26522
4 0.00000 0.80173 0.01262 0.81480 0.02577 0.81696 0.04040 0.81603 0.04621 0.82491 0.05390 0.83021 0.06505 0.82505 0.07176 0.81771 0.08302 0.80875 0.09260 0.81047 0.10606 0.80722 0.11781 0.79724 0.12740 0.77828 0.13735 0.75338 0.14079 0.73421 0.14687 0.70829 0.14788 0.68828 0.14952 0.67488 0.15147 0.65607 0.14769 0.63655 0.13647 0.62756 0.12399 0.62875 0.09583 0.63944 0.07980 0.64291 0.06723 0.63593 0.05173 0.61443 0.04819 0.59604 0.04586 0.58541 0.03372 0.57793 0.01858 0.57716 0.00987 0.57718 0.00000 0.58837 0.00000 0.80173
4 0.75257 0.66113 0.75695 0.68207 0.76266 0.70454 0.77093 0.71599 0.77839 0.72416 0.78692 0.72612 0.79456 0.72297 0.81084 0.72089 0.82213 0.72500 0.83608 0.73941 0.85121 0.74671 0.87597 0.74204 0.88953 0.73010 0.89415 0.71706 0.90162 0.70301 0.90465 0.69069 0.90958 0.68494 0.91800 0.67056 0.92748 0.64995 0.93521 0.62641 0.94001 0.60705 0.94357 0.58299 0.94190 0.55966 0.93977 0.54987 0.94048 0.53182 0.93465 0.52022 0.93168 0.50988 0.92660 0.48975 0.92003 0.48169 0.91535 0.47794 0.90371 0.47424 0.89588 0.47646 0.88690 0.48306 0.88393 0.49494 0.87591 0.51845 0.85870 0.54037 0.83930 0.55069 0.81662 0.55561 0.78653 0.55691 0.77606 0.55109 0.77152 0.54373 0.76835 0.54243 0.76267 0.53947 0.75928 0.54495 0.75544 0.55898 0.75197 0.57489 0.74995 0.58643 0.74787 0.60341 0.75015 0.61684 0.75251 0.62711 0.75089 0.64278 0.75257 0.66113
