4 0.29419 0.59263 0.29455 0.58586 0.29764 0.54522 0.30165 0.53112 0.29692 0.52453 0.28770 0.51854 0.27567 0.51806 0.26448 0.51575 0.25266 0.51256 0.24361 0.52008 0.23543 0.54379 0.23241 0.56912 0.23152 0.59527 0.23305 0.61323 0.23637 0.62213 0.24715 0.62985 0.26113 0.62622 0.27603 0.61443 0.28529 0.60420 0.29419 0.59263
4 0.45718 0.50925 0.48364 0.50757 0.50706 0.50450 0.52075 0.50252 0.52879 0.49623 0.52891 0.47821 0.52522 0.42279 0.52282 0.38272 0.51967 0.35693 0.51419 0.34323 0.50718 0.32884 0.49604 0.29657 0.48622 0.28040 0.47909 0.27690 0.46540 0.27174 0.45257 0.26994 0.44404 0.26911 0.43604 0.26939 0.42441 0.27317 0.41603 0.28398 0.40583 0.32149 0.40153 0.35580 0.39920 0.41819 0.40336 0.47284 0.40680 0.49261 0.41588 0.50168 0.43509 0.50739 0.45718 0.50925
4 0.77505 0.64791 0.77859 0.62031 0.77778 0.58836 0.77453 0.56415 0.76590 0.53202 0.75725 0.51656 0.74958 0.51187 0.74245 0.51392 0.73394 0.51106 0.72464 0.51139 0.71874 0.51430 0.71625 0.52024 0.71521 0.53378 0.71889 0.54447 0.72129 0.56150 0.72162 0.58807 0.72043 0.62279 0.73012 0.64227 0.74784 0.65966 0.76009 0.66644 0.76747 0.66303 0.77505 0.64791
4 0.21337 0.43496 0.21720 0.42994 0.21318 0.40832 0.20736 0.38487 0.20396 0.35196 0.20232 0.33363 0.20190 0.31450 0.20150 0.31001 0.19364 0.30015 0.18848 0.29545 0.18412 0.29260 0.18131 0.29795 0.17588 0.32179 0.17326 0.33990 0.17614 0.36494 0.18176 0.38990 0.18650 0.41075 0.19148 0.41733 0.19545 0.42358 0.20230 0.43347 0.20716 0.43630 0.21337 0.43496
4 0.54510 0.50464 0.57203 0.50219 0.60182 0.50228 0.62142 0.49747 0.63685 0.48792 0.64821 0.47664 0.65190 0.46750 0.64921 0.42631 0.64435 0.38744 0.63741 0.34640 0.63255 0.31466 0.61795 0.29078 0.60621 0.27692 0.59032 0.26622 0.57414 0.26866 0.56308 0.27430 0.55310 0.28253 0.54330 0.29564 0.53916 0.30591 0.52938 0.34116 0.52133 0.35421 0.52156 0.37521 0.52774 0.45908 0.52852 0.48157 0.53318 0.50017 0.54510 0.50464
4 0.80493 0.45728 0.81418 0.44982 0.82037 0.44097 0.82439 0.42695 0.82514 0.39840 0.82374 0.36541 0.82065 0.33437 0.81712 0.30484 0.81132 0.28215 0.80852 0.27361 0.80163 0.27686 0.79415 0.28463 0.78507 0.29695 0.78143 0.30759 0.78735 0.35505 0.78822 0.38017 0.78887 0.41317 0.78711 0.42712 0.78420 0.44411 0.78579 0.44669 0.79201 0.45285 0.79869 0.45787 0.80493 0.45728
4 0.57793 0.67821 0.58286 0.64741 0.58527 0.60454 0.58433 0.56899 0.58236 0.55554 0.58053 0.54615 0.56659 0.54258 0.53846 0.54537 0.52386 0.54858 0.51310 0.54986 0.50700 0.55592 0.50566 0.56047 0.50553 0.59110 0.50874 0.64009 0.51322 0.68227 0.51809 0.70147 0.53076 0.72039 0.54312 0.73032 0.55772 0.72711 0.56637 0.71690 0.57359 0.69998 0.57793 0.67821
4 0.78912 0.41316 0.78889 0.38502 0.78737 0.35580 0.78380 0.32515 0.78044 0.30049 0.77706 0.27546 0.77256 0.25423 0.76537 0.24172 0.75635 0.24128 0.74603 0.24689 0.73662 0.25661 0.72962 0.27111 0.72438 0.28594 0.71728 0.29782 0.71302 0.30472 0.71950 0.33265 0.72492 0.35873 0.72801 0.37551 0.73133 0.39904 0.73200 0.41816 0.72934 0.44941 0.73428 0.45487 0.74462 0.46426 0.75801 0.46792 0.76938 0.46415 0.78020 0.45851 0.78508 0.44070 0.78912 0.41316
4 0.24363 0.52053 0.25125 0.51531 0.27593 0.51670 0.28150 0.51290 0.26628 0.49857 0.24595 0.48397 0.22593 0.46935 0.20793 0.46998 0.18921 0.48415 0.17901 0.50162 0.17664 0.52828 0.17766 0.54896 0.18261 0.57040 0.19120 0.57551 0.20122 0.57876 0.21491 0.57513 0.22545 0.56755 0.23136 0.56465 0.23526 0.54740 0.24363 0.52053
4 0.34399 0.49252 0.36034 0.49495 0.37414 0.49597 0.38450 0.49185 0.39509 0.48698 0.40250 0.47696 0.40302 0.47019 0.39972 0.42601 0.39920 0.39675 0.40027 0.37007 0.40023 0.34755 0.39916 0.33107 0.38413 0.31621 0.37329 0.29970 0.36572 0.29057 0.35588 0.28116 0.34561 0.28077 0.33623 0.28448 0.32644 0.29795 0.32223 0.31349 0.31712 0.35345 0.31402 0.39372 0.31368 0.42714 0.31559 0.45297 0.31987 0.47534 0.32908 0.48816 0.34399 0.49252
4 0.36485 0.66403 0.35548 0.61076 0.35063 0.55778 0.35873 0.54038 0.35732 0.53458 0.34891 0.52586 0.34061 0.52030 0.32315 0.51910 0.30972 0.52138 0.30367 0.52879 0.29799 0.54656 0.29365 0.58589 0.29467 0.64936 0.29845 0.68031 0.30833 0.70519 0.32647 0.71717 0.34089 0.71757 0.34831 0.70650 0.35581 0.68912 0.36485 0.66403
4 0.50290 0.70515 0.50687 0.68970 0.51200 0.67330 0.50740 0.62752 0.50562 0.57669 0.50355 0.56010 0.50143 0.55116 0.49682 0.54817 0.48388 0.54727 0.45987 0.54766 0.44279 0.54871 0.43440 0.54900 0.42904 0.55054 0.42781 0.55824 0.42591 0.57272 0.42769 0.59788 0.43318 0.63462 0.43767 0.66869 0.44607 0.69407 0.46189 0.72595 0.47084 0.73285 0.48132 0.73203 0.49108 0.72763 0.50290 0.70515
4 0.68653 0.47759 0.70514 0.47318 0.71909 0.46407 0.72959 0.44944 0.73250 0.41818 0.73023 0.38898 0.72265 0.34383 0.71043 0.29509 0.70210 0.27849 0.68551 0.27644 0.66078 0.28481 0.64235 0.30160 0.63250 0.31320 0.63960 0.35912 0.64545 0.39758 0.65027 0.43532 0.65136 0.45930 0.65350 0.46335 0.65796 0.46920 0.66460 0.47310 0.67978 0.47783 0.68653 0.47759
4 0.24452 0.45301 0.25072 0.44417 0.25108 0.44002 0.24869 0.40745 0.24838 0.37706 0.25096 0.34357 0.25406 0.31756 0.25441 0.30629 0.24044 0.28576 0.22765 0.27081 0.21983 0.26170 0.21080 0.26127 0.20422 0.27351 0.20225 0.29572 0.20256 0.31898 0.20448 0.35232 0.21073 0.39527 0.21445 0.41578 0.21755 0.43294 0.22323 0.45225 0.23171 0.45872 0.23843 0.45773 0.24452 0.45301
4 0.70262 0.71484 0.71031 0.70286 0.71791 0.67107 0.72038 0.62999 0.72173 0.57410 0.71947 0.55256 0.71454 0.53156 0.70698 0.52146 0.69755 0.51819 0.68310 0.51690 0.67451 0.52035 0.66385 0.52477 0.65863 0.52991 0.65380 0.53774 0.65834 0.54749 0.65875 0.56774 0.65816 0.59389 0.65746 0.64255 0.65618 0.65746 0.65998 0.67174 0.66817 0.69127 0.67940 0.71205 0.69192 0.71792 0.70262 0.71484
4 0.25511 0.45527 0.26077 0.46964 0.26867 0.48107 0.27688 0.48394 0.28390 0.48730 0.29584 0.48508 0.30384 0.48210 0.30875 0.47652 0.31175 0.46786 0.31513 0.46143 0.31349 0.44032 0.31276 0.41062 0.31422 0.37499 0.31725 0.34155 0.31992 0.32344 0.32390 0.30844 0.31757 0.29920 0.30010 0.28044 0.28611 0.26652 0.27681 0.25828 0.27061 0.26120 0.26380 0.26415 0.26083 0.27491 0.25899 0.28698 0.25706 0.30319 0.25398 0.32244 0.25141 0.34205 0.24998 0.35861 0.24932 0.38266 0.24882 0.41120 0.24995 0.42918 0.25227 0.44561 0.25511 0.45527
4 0.42690 0.69565 0.43166 0.67701 0.43646 0.66828 0.43023 0.61040 0.42666 0.57675 0.42724 0.55916 0.42338 0.55164 0.41604 0.54784 0.39238 0.54101 0.37064 0.53771 0.36134 0.53804 0.35503 0.54637 0.35055 0.55553 0.35162 0.57756 0.35858 0.63092 0.36975 0.68413 0.37709 0.70504 0.39045 0.72665 0.40096 0.73529 0.40881 0.73636 0.41738 0.73246 0.42390 0.72142 0.42690 0.69565
4 0.65283 0.67334 0.65737 0.63985 0.65802 0.59839 0.65861 0.56369 0.65678 0.54574 0.65097 0.53423 0.64367 0.53133 0.62815 0.53413 0.60992 0.53656 0.60101 0.53958 0.58944 0.54359 0.58452 0.54871 0.58272 0.55733 0.58496 0.57842 0.58558 0.61353 0.58420 0.65142 0.59236 0.67005 0.60296 0.69850 0.61273 0.71168 0.62171 0.71947 0.63096 0.71780 0.64473 0.69930 0.65283 0.67334
4 0.81673 0.50862 0.80471 0.49103 0.79361 0.48286 0.77281 0.48043 0.76245 0.48485 0.75176 0.49693 0.75171 0.51268 0.76167 0.52271 0.76718 0.53423 0.76831 0.54094 0.77513 0.56412 0.77768 0.58566 0.78796 0.59611 0.80052 0.60332 0.81340 0.60243 0.82287 0.58993 0.83060 0.57030 0.83109 0.55001 0.82664 0.52585 0.81673 0.50862
