4 0.80665 0.44376 0.79553 0.44131 0.77423 0.44536 0.76243 0.44796 0.76204 0.45569 0.77286 0.47537 0.78286 0.49877 0.80009 0.51913 0.82189 0.53992 0.84030 0.54568 0.84818 0.54033 0.84809 0.51363 0.83093 0.48240 0.81738 0.45395 0.80665 0.44376
4 0.71179 0.59766 0.71539 0.54297 0.71083 0.49095 0.70344 0.46366 0.69444 0.45556 0.67315 0.45689 0.65052 0.45972 0.63388 0.46509 0.62100 0.47459 0.61661 0.50175 0.61704 0.52298 0.61689 0.54744 0.62084 0.58504 0.63273 0.60054 0.64878 0.60972 0.67228 0.62082 0.68767 0.62373 0.69694 0.62004 0.71179 0.59766
4 0.44563 0.62741 0.44934 0.61060 0.44256 0.59079 0.43396 0.54243 0.43055 0.52109 0.43275 0.50071 0.42007 0.49580 0.40336 0.48934 0.38681 0.48815 0.36361 0.49059 0.35068 0.49781 0.34235 0.51159 0.34176 0.52455 0.34141 0.55099 0.34639 0.57978 0.36090 0.60993 0.37504 0.63659 0.39216 0.65063 0.41090 0.65042 0.42583 0.64357 0.44563 0.62741
4 0.34121 0.51933 0.34934 0.49619 0.34175 0.48350 0.33379 0.47847 0.30831 0.48526 0.29831 0.48689 0.29013 0.48717 0.28250 0.49266 0.27607 0.50213 0.27360 0.52703 0.26745 0.56521 0.26830 0.59561 0.28169 0.61884 0.30110 0.62501 0.32547 0.61130 0.33587 0.59497 0.34639 0.57978 0.34176 0.54684 0.34121 0.51933
4 0.33750 0.45867 0.34016 0.44663 0.34203 0.42425 0.34458 0.39683 0.34450 0.38461 0.33758 0.36180 0.32574 0.33816 0.30492 0.31228 0.28224 0.29747 0.26746 0.29178 0.25715 0.29422 0.24276 0.31520 0.23511 0.33139 0.23052 0.35088 0.23052 0.38528 0.23362 0.42342 0.23820 0.44693 0.25091 0.46732 0.27436 0.46938 0.30302 0.47225 0.31256 0.46537 0.32602 0.46712 0.33226 0.46330 0.33750 0.45867
4 0.27338 0.50277 0.26711 0.50196 0.25255 0.49372 0.23519 0.49896 0.22214 0.50815 0.21502 0.51477 0.20347 0.55997 0.19694 0.59389 0.20359 0.62300 0.21822 0.62586 0.23732 0.60919 0.25044 0.58827 0.26019 0.57258 0.26949 0.55254 0.27514 0.51333 0.27338 0.50277
4 0.51445 0.48682 0.50293 0.48509 0.49045 0.49286 0.46325 0.49524 0.43275 0.50071 0.43736 0.56060 0.44594 0.60134 0.45687 0.62717 0.47657 0.63976 0.50551 0.64728 0.52698 0.63212 0.53352 0.61618 0.53190 0.56357 0.52620 0.52429 0.51445 0.48682
4 0.72573 0.44321 0.74902 0.43805 0.76932 0.43592 0.77433 0.42045 0.77576 0.38817 0.77073 0.34027 0.76332 0.30710 0.74301 0.28615 0.71432 0.28012 0.69993 0.28389 0.68680 0.29387 0.67424 0.30651 0.66249 0.32675 0.65842 0.35117 0.65920 0.37009 0.66061 0.38352 0.66622 0.41100 0.67179 0.42671 0.68018 0.43759 0.68754 0.43591 0.69265 0.43855 0.71008 0.44078 0.72573 0.44321
4 0.61609 0.52680 0.61288 0.49254 0.60567 0.47981 0.59731 0.47834 0.58347 0.47686 0.56662 0.47397 0.54422 0.47923 0.52676 0.48048 0.52253 0.49969 0.52978 0.53529 0.53375 0.58414 0.53336 0.60646 0.55285 0.63198 0.57613 0.63775 0.60984 0.62365 0.61636 0.60009 0.61836 0.56703 0.61609 0.52680
4 0.56662 0.47397 0.57595 0.47661 0.59575 0.47543 0.60942 0.47354 0.63283 0.46656 0.64474 0.46214 0.65709 0.44183 0.65849 0.41498 0.65817 0.36885 0.65322 0.33044 0.64292 0.29848 0.63115 0.28116 0.61282 0.27042 0.58822 0.26893 0.56500 0.27771 0.53733 0.29283 0.52443 0.31365 0.50761 0.34891 0.50609 0.38030 0.50700 0.41190 0.51322 0.44247 0.52231 0.46867 0.52882 0.47885 0.54085 0.47849 0.55527 0.47788 0.56373 0.47518 0.56662 0.47397
4 0.41658 0.49336 0.42787 0.50032 0.43275 0.50071 0.44737 0.49917 0.45529 0.49699 0.46030 0.49012 0.46325 0.49524 0.48573 0.49379 0.49999 0.48595 0.50353 0.47653 0.50692 0.45716 0.50360 0.41406 0.49878 0.37111 0.47820 0.32168 0.45629 0.30271 0.43476 0.29592 0.41278 0.30502 0.39785 0.30071 0.38055 0.29981 0.36401 0.30607 0.34777 0.32091 0.34439 0.33756 0.34433 0.37150 0.34841 0.40457 0.35243 0.43990 0.35811 0.46239 0.36625 0.47376 0.37136 0.48227 0.37887 0.48193 0.38812 0.48096 0.40317 0.48345 0.41658 0.49336
4 0.78522 0.57863 0.79223 0.56205 0.79241 0.53216 0.78333 0.50324 0.77228 0.47272 0.76144 0.45575 0.74629 0.44648 0.72951 0.44191 0.71858 0.44125 0.70600 0.44212 0.69884 0.44287 0.69656 0.44990 0.69513 0.45639 0.70175 0.46203 0.70830 0.48125 0.71199 0.51345 0.71497 0.53034 0.72329 0.55210 0.73766 0.56824 0.75099 0.58313 0.76745 0.59045 0.78522 0.57863
1 0.82045 0.39412 0.82861 0.39036 0.83448 0.37715 0.83967 0.36668 0.84267 0.35523 0.83583 0.34239 0.82862 0.33056 0.82265 0.32296 0.81751 0.32011 0.81161 0.32848 0.80789 0.33298 0.80448 0.33431 0.79763 0.34132 0.79024 0.35082 0.78479 0.35890 0.79005 0.36899 0.80019 0.37640 0.80987 0.38870 0.82045 0.39412
