4 0.34769 0.53405 0.35080 0.55194 0.35235 0.56672 0.36687 0.57528 0.37569 0.57139 0.41095 0.56828 0.41977 0.57372 0.42703 0.58772 0.43740 0.61495 0.43999 0.62117 0.45088 0.62506 0.46281 0.61261 0.47214 0.58306 0.47370 0.54805 0.47058 0.51227 0.46851 0.48116 0.45917 0.45938 0.44362 0.44460 0.42651 0.43838 0.40991 0.43683 0.39643 0.42749 0.38450 0.42593 0.37413 0.43371 0.36687 0.44616 0.36065 0.45394 0.35028 0.46716 0.34509 0.47805 0.34095 0.48972 0.34769 0.53405
4 0.37258 0.43605 0.38762 0.42438 0.41199 0.43838 0.43273 0.43916 0.45451 0.45394 0.46488 0.47416 0.47110 0.48583 0.48873 0.48738 0.50118 0.47960 0.51622 0.44849 0.51777 0.42283 0.51622 0.39871 0.50792 0.36527 0.50066 0.34504 0.49132 0.33337 0.46851 0.33571 0.42651 0.33882 0.40421 0.33026 0.38554 0.32637 0.37465 0.33104 0.36532 0.35749 0.36739 0.38549 0.36687 0.41971 0.37258 0.43605
4 0.41562 0.33182 0.43014 0.34037 0.48718 0.33493 0.51622 0.33337 0.53748 0.31082 0.54681 0.28437 0.54422 0.25170 0.53852 0.19570 0.52555 0.17237 0.51207 0.14047 0.49599 0.12880 0.47318 0.13270 0.46488 0.12258 0.45814 0.11558 0.44362 0.13581 0.42443 0.15992 0.41043 0.17003 0.40058 0.20426 0.39021 0.22603 0.38450 0.25403 0.39176 0.29448 0.39747 0.32715 0.41562 0.33182
4 0.33369 0.70051 0.33576 0.71607 0.33576 0.72073 0.36376 0.71607 0.38762 0.73318 0.38865 0.75029 0.41199 0.76196 0.42858 0.75729 0.44414 0.73162 0.44621 0.68729 0.44362 0.65228 0.43895 0.62039 0.42755 0.58850 0.41717 0.57217 0.40836 0.56672 0.39125 0.56906 0.37310 0.57139 0.35339 0.58539 0.34095 0.60095 0.33576 0.62973 0.32850 0.66395 0.33369 0.70051
4 0.23049 0.93464 0.24501 0.94086 0.26524 0.94241 0.27561 0.92452 0.28857 0.88407 0.30050 0.84518 0.30050 0.81718 0.29739 0.80163 0.28598 0.79774 0.26316 0.80163 0.24657 0.79540 0.23153 0.78918 0.21494 0.79851 0.20664 0.81563 0.20198 0.82574 0.20042 0.87008 0.20301 0.89963 0.21546 0.92608 0.23049 0.93464
4 0.36635 0.89574 0.37828 0.85996 0.38398 0.82263 0.39021 0.78451 0.38865 0.75496 0.38554 0.73084 0.36480 0.71373 0.33369 0.72385 0.30672 0.73862 0.28909 0.75184 0.28079 0.76585 0.27924 0.78607 0.27872 0.79774 0.29116 0.79929 0.29739 0.80474 0.30154 0.81641 0.29998 0.83196 0.29998 0.84985 0.31450 0.87085 0.32746 0.89885 0.34924 0.91052 0.36635 0.89574
1 0.43186 0.21240 0.43546 0.21540 0.43687 0.22412 0.43346 0.22502 0.42965 0.22141 0.42465 0.22051 0.41904 0.22141 0.41864 0.22412 0.42144 0.22562 0.42765 0.22742 0.43226 0.22923 0.43607 0.23133 0.44087 0.23644 0.44188 0.23854 0.44548 0.23073 0.45049 0.22502 0.45510 0.22081 0.46110 0.21630 0.46391 0.21300 0.46511 0.20819 0.46311 0.20819 0.45890 0.21330 0.45950 0.20429 0.46010 0.19707 0.45710 0.20309 0.45450 0.20789 0.44848 0.21300 0.44428 0.21721 0.44168 0.21961 0.43967 0.21721 0.43967 0.20999 0.43867 0.20489 0.43587 0.20399 0.43286 0.20639 0.43186 0.21240
2 0.42495 0.37693 0.44517 0.36604 0.46592 0.35049 0.47992 0.34971 0.49236 0.35049 0.50429 0.35671 0.49392 0.33415 0.48303 0.33571 0.44362 0.34193 0.42703 0.33960 0.40317 0.33104 0.39280 0.32793 0.38813 0.33104 0.40058 0.33960 0.41199 0.34737 0.41717 0.36604 0.42495 0.37693
1 0.41635 0.38243 0.41530 0.38249 0.41546 0.38418 0.41685 0.38483 0.41810 0.38558 0.41954 0.38587 0.42086 0.38668 0.42214 0.38773 0.42361 0.38849 0.42555 0.38797 0.42598 0.38715 0.42365 0.38651 0.42268 0.38540 0.42175 0.38435 0.42047 0.38365 0.41814 0.38349 0.41635 0.38243
1 0.44411 0.26981 0.44621 0.26957 0.44814 0.26655 0.44886 0.26292 0.44846 0.26039 0.44814 0.25604 0.44653 0.25194 0.44516 0.25194 0.44428 0.25169 0.44202 0.25399 0.44017 0.25882 0.44041 0.26316 0.44170 0.26787 0.44411 0.26981
