1 0.67204 0.35832 0.67220 0.35711 0.67236 0.35590 0.67246 0.35512 0.67220 0.35483 0.67230 0.35396 0.67220 0.35303 0.67136 0.35303 0.67081 0.35323 0.66964 0.35541 0.66977 0.35735 0.67116 0.35900 0.67204 0.35832
1 0.53167 0.35488 0.53187 0.35257 0.53254 0.34955 0.53220 0.34734 0.53140 0.34684 0.53066 0.34854 0.52992 0.34925 0.52979 0.34804 0.52999 0.34593 0.52852 0.34845 0.52778 0.35005 0.52831 0.35227 0.52865 0.35458 0.53073 0.35559 0.53167 0.35488
1 0.46683 0.33636 0.46761 0.33644 0.46789 0.33443 0.46828 0.33367 0.46873 0.33225 0.46867 0.33124 0.46789 0.33049 0.46722 0.33208 0.46694 0.33384 0.46588 0.33468 0.46683 0.33636
1 0.46264 0.34768 0.46342 0.34785 0.46448 0.34675 0.46526 0.34583 0.46493 0.34407 0.46470 0.34306 0.46510 0.34164 0.46493 0.34047 0.46398 0.33904 0.46314 0.33904 0.46196 0.34122 0.46191 0.34348 0.46202 0.34566 0.46264 0.34768
1 0.68019 0.37424 0.67996 0.37599 0.68061 0.37740 0.68100 0.37914 0.68100 0.38118 0.68132 0.38288 0.68229 0.38511 0.68310 0.38637 0.68355 0.38695 0.68446 0.38657 0.68572 0.38492 0.68666 0.38414 0.68753 0.38269 0.68808 0.38123 0.68850 0.37929 0.68892 0.37725 0.68941 0.37555 0.68944 0.37385 0.68928 0.37177 0.68892 0.36978 0.68827 0.36812 0.68756 0.36716 0.68685 0.36628 0.68614 0.36580 0.68478 0.36677 0.68404 0.36662 0.68349 0.36701 0.68226 0.36866 0.68096 0.37084 0.68080 0.37278 0.68019 0.37424
4 0.36404 0.54153 0.37954 0.54340 0.39855 0.54490 0.40830 0.54265 0.41680 0.53065 0.42205 0.51302 0.41730 0.46988 0.41630 0.45600 0.40905 0.44512 0.39179 0.43837 0.37804 0.44212 0.36904 0.44775 0.35579 0.46501 0.34804 0.48114 0.34754 0.49877 0.34954 0.52052 0.35654 0.53590 0.36404 0.54153
4 0.76241 0.49579 0.77005 0.50542 0.77387 0.51793 0.78516 0.51585 0.80495 0.51220 0.81884 0.50933 0.82631 0.50438 0.82909 0.49526 0.82926 0.48146 0.82857 0.47416 0.82335 0.45827 0.81693 0.43327 0.81033 0.42024 0.80495 0.41373 0.79957 0.41321 0.79575 0.41555 0.78967 0.41373 0.78255 0.40748 0.77630 0.40748 0.76936 0.41191 0.75980 0.42467 0.74904 0.43822 0.75217 0.44525 0.75460 0.45958 0.75703 0.48354 0.76241 0.49579
4 0.51515 0.43717 0.52158 0.44186 0.54137 0.44421 0.55665 0.44629 0.56724 0.44994 0.58530 0.44473 0.59937 0.43353 0.60770 0.41946 0.61430 0.39862 0.61760 0.37283 0.61638 0.35329 0.61395 0.34053 0.60110 0.33272 0.58079 0.32647 0.56082 0.32725 0.53356 0.33532 0.51689 0.35408 0.50873 0.37674 0.50699 0.39680 0.50890 0.41660 0.51151 0.42988 0.51515 0.43717
4 0.58756 0.51089 0.59277 0.51975 0.60093 0.52757 0.60631 0.53304 0.61308 0.53225 0.63184 0.53408 0.64781 0.52913 0.65458 0.52392 0.65788 0.50933 0.66049 0.49058 0.65753 0.46609 0.65180 0.45124 0.64000 0.44004 0.63010 0.43587 0.62038 0.43483 0.61031 0.43014 0.60180 0.43327 0.59068 0.44108 0.58478 0.44916 0.58131 0.46557 0.58009 0.48719 0.58218 0.50073 0.58756 0.51089
4 0.26903 0.51602 0.27028 0.52540 0.29378 0.52877 0.32203 0.53365 0.33129 0.52653 0.34179 0.52202 0.34379 0.50852 0.33879 0.48264 0.32603 0.45413 0.31853 0.44100 0.31103 0.42712 0.30628 0.42037 0.30128 0.40911 0.29403 0.41137 0.28928 0.41399 0.28078 0.42637 0.27378 0.46463 0.27103 0.49539 0.26903 0.51602
4 0.41618 0.43405 0.42834 0.44108 0.44205 0.44759 0.44813 0.44551 0.45230 0.43795 0.45681 0.42858 0.46115 0.42623 0.46792 0.42623 0.47209 0.43096 0.47459 0.43781 0.47574 0.44238 0.48251 0.44186 0.49380 0.43717 0.50022 0.42910 0.50387 0.40956 0.50595 0.39107 0.50595 0.37153 0.49710 0.35642 0.48338 0.33715 0.46706 0.32542 0.44848 0.31787 0.42903 0.32021 0.41618 0.32672 0.40472 0.33715 0.39917 0.34939 0.39708 0.36397 0.40021 0.39341 0.40594 0.41660 0.41618 0.43405
4 0.35558 0.41165 0.36965 0.41243 0.37954 0.40852 0.38753 0.39706 0.39083 0.38273 0.39430 0.36424 0.39569 0.35121 0.38822 0.34548 0.36965 0.32985 0.35749 0.31683 0.34499 0.31683 0.33266 0.31683 0.32641 0.31813 0.32276 0.32751 0.32016 0.33428 0.32294 0.36241 0.32832 0.38924 0.33978 0.40539 0.35558 0.41165
4 0.19502 0.48901 0.19327 0.50064 0.20027 0.50552 0.21027 0.51189 0.22502 0.51715 0.23877 0.51565 0.25552 0.51902 0.26077 0.50214 0.27053 0.48864 0.27453 0.45975 0.27978 0.43575 0.27177 0.42637 0.26553 0.41849 0.25728 0.40724 0.25002 0.40836 0.24077 0.41324 0.23202 0.41887 0.22627 0.41812 0.22152 0.41699 0.21727 0.41962 0.21352 0.42900 0.20927 0.45488 0.20602 0.46688 0.19927 0.47888 0.19502 0.48901
4 0.45323 0.54528 0.46923 0.55091 0.47698 0.54790 0.47848 0.54716 0.48723 0.53553 0.49123 0.51902 0.49673 0.50777 0.49948 0.49276 0.49923 0.47701 0.49874 0.46050 0.49748 0.44475 0.48898 0.44362 0.47323 0.44438 0.45848 0.44625 0.44348 0.44700 0.43322 0.45075 0.43072 0.46163 0.42997 0.47138 0.43048 0.49952 0.43673 0.52090 0.44423 0.53328 0.45323 0.54528
4 0.72542 0.39729 0.73376 0.41032 0.74574 0.42256 0.75685 0.41240 0.76206 0.40355 0.76831 0.38609 0.77196 0.37228 0.77578 0.35926 0.77769 0.34441 0.78012 0.32410 0.78169 0.31654 0.78359 0.31055 0.77023 0.30768 0.74956 0.30352 0.74279 0.30899 0.73029 0.31862 0.71831 0.33035 0.70459 0.34181 0.70199 0.34702 0.70233 0.36109 0.70633 0.37124 0.71588 0.38297 0.72542 0.39729
1 0.68035 0.35449 0.68058 0.35464 0.68132 0.35318 0.68155 0.35221 0.68177 0.35085 0.68161 0.35003 0.68132 0.34920 0.68080 0.34905 0.68077 0.35022 0.68100 0.35090 0.68051 0.35245 0.68035 0.35449
1 0.64680 0.39116 0.64892 0.39418 0.65071 0.39502 0.65177 0.39460 0.65295 0.39283 0.65412 0.39376 0.65563 0.39451 0.65736 0.39367 0.65792 0.39250 0.65971 0.39116 0.66184 0.38999 0.66390 0.38948 0.66485 0.38797 0.66647 0.38487 0.66782 0.38202 0.66793 0.37992 0.66787 0.37774 0.66681 0.37598 0.66547 0.37498 0.66463 0.37422 0.66250 0.37464 0.66044 0.37430 0.65887 0.37355 0.65753 0.37238 0.65563 0.37296 0.65423 0.37422 0.65272 0.37355 0.65149 0.37288 0.64993 0.37347 0.64814 0.37347 0.64630 0.37539 0.64423 0.37665 0.64266 0.37782 0.64188 0.37984 0.64216 0.38328 0.64395 0.38520 0.64551 0.38772 0.64680 0.39116
1 0.76828 0.34244 0.76761 0.34314 0.76513 0.34214 0.76178 0.34123 0.75842 0.34173 0.75608 0.34485 0.75560 0.34938 0.75346 0.34848 0.75125 0.35079 0.74796 0.35411 0.74575 0.35532 0.74306 0.35381 0.74112 0.35411 0.73917 0.35663 0.73837 0.35803 0.73850 0.36005 0.74058 0.36115 0.74119 0.36226 0.74025 0.36478 0.73884 0.36740 0.73636 0.37051 0.73575 0.37252 0.73589 0.37494 0.73710 0.37565 0.73904 0.37494 0.74072 0.37484 0.74286 0.37343 0.74481 0.37343 0.74635 0.37575 0.74810 0.37575 0.74890 0.37273 0.74883 0.37122 0.74957 0.37152 0.74930 0.37303 0.74964 0.37454 0.75172 0.37504 0.75225 0.37554 0.75380 0.37766 0.75614 0.37846 0.75701 0.37856 0.76057 0.37856 0.76124 0.37665 0.76218 0.37152 0.76299 0.37001 0.76392 0.36538 0.76560 0.36377 0.76493 0.36740 0.76486 0.37172 0.76292 0.37535 0.76312 0.37886 0.76567 0.37786 0.76748 0.37554 0.76875 0.37222 0.77030 0.37193 0.77010 0.37484 0.76882 0.38319 0.77405 0.36387 0.77573 0.35502 0.77694 0.34727 0.77768 0.33992 0.77768 0.33680 0.77593 0.33610 0.77331 0.33811 0.77184 0.33942 0.77003 0.33942 0.76828 0.34244
1 0.69517 0.33087 0.69559 0.33213 0.69643 0.33276 0.69704 0.33193 0.69727 0.33067 0.69724 0.32946 0.69698 0.32863 0.69643 0.32713 0.69595 0.32625 0.69530 0.32485 0.69472 0.32436 0.69407 0.32412 0.69355 0.32456 0.69290 0.32534 0.69349 0.32727 0.69375 0.32897 0.69449 0.32995 0.69517 0.33087
4 0.26564 0.41553 0.27258 0.42516 0.27710 0.42595 0.28179 0.42647 0.28752 0.41735 0.29429 0.40823 0.30175 0.39990 0.30766 0.39338 0.31165 0.37880 0.31755 0.36656 0.32172 0.36030 0.31964 0.33712 0.30592 0.33061 0.29533 0.32253 0.28717 0.31524 0.27172 0.31498 0.25036 0.31133 0.24029 0.31576 0.23959 0.32019 0.24602 0.35666 0.25088 0.38245 0.25887 0.40302 0.26564 0.41553
4 0.51081 0.51168 0.51637 0.52183 0.52487 0.52887 0.53547 0.53017 0.54571 0.53043 0.55561 0.52548 0.56881 0.50673 0.57193 0.49891 0.57228 0.48511 0.57106 0.47469 0.56811 0.46166 0.56394 0.44968 0.55509 0.44629 0.53321 0.44342 0.51359 0.44134 0.51029 0.44369 0.50769 0.44890 0.50404 0.45801 0.50282 0.47651 0.50421 0.49475 0.51081 0.51168
4 0.68393 0.47935 0.68688 0.49498 0.69487 0.51816 0.70476 0.52598 0.72143 0.52832 0.73741 0.52650 0.75442 0.52181 0.75824 0.51634 0.75911 0.50331 0.75651 0.48508 0.75460 0.46007 0.75130 0.44496 0.74505 0.43037 0.73949 0.41579 0.73150 0.41110 0.72369 0.40876 0.71466 0.41058 0.70650 0.41891 0.69851 0.43428 0.68601 0.45512 0.68306 0.46268 0.68393 0.47935
4 0.64469 0.40487 0.66743 0.40774 0.68254 0.40487 0.69174 0.39497 0.69782 0.38039 0.69955 0.36371 0.70146 0.34965 0.69747 0.33089 0.68827 0.31995 0.67872 0.30979 0.66292 0.31344 0.65215 0.32021 0.63948 0.33402 0.62871 0.34887 0.62992 0.36762 0.63114 0.38690 0.63496 0.39706 0.64469 0.40487
1 0.61431 0.36866 0.61590 0.36215 0.61532 0.35650 0.61474 0.34934 0.61373 0.34717 0.61083 0.34913 0.61083 0.35694 0.61055 0.36367 0.61373 0.37257 0.61431 0.36866
