4 0.35775 0.47353 0.36689 0.44619 0.37614 0.41458 0.38721 0.40545 0.40025 0.40082 0.40446 0.40383 0.40595 0.37312 0.41505 0.30976 0.40820 0.26874 0.40254 0.18667 0.40113 0.14365 0.39577 0.12165 0.38540 0.10426 0.37067 0.10186 0.34813 0.16037 0.32603 0.21808 0.31682 0.26256 0.30871 0.31316 0.30571 0.35830 0.30695 0.39959 0.30692 0.43303 0.31839 0.43338 0.34958 0.44180 0.35775 0.47353
4 0.58863 0.33315 0.58836 0.26280 0.58585 0.24024 0.58064 0.20025 0.57007 0.19142 0.56176 0.20083 0.55343 0.21368 0.53307 0.26814 0.50299 0.33872 0.49316 0.41230 0.50253 0.42272 0.50677 0.44203 0.50782 0.43871 0.51510 0.42918 0.52623 0.42606 0.55094 0.43638 0.57689 0.43825 0.58437 0.39359 0.58863 0.33315
4 0.73122 0.62169 0.73218 0.56605 0.73229 0.53519 0.72363 0.52142 0.70609 0.50585 0.69396 0.49858 0.67095 0.49530 0.65637 0.49463 0.64408 0.50877 0.64225 0.51287 0.63867 0.55365 0.62941 0.63844 0.61857 0.70504 0.63284 0.71855 0.64337 0.74109 0.65484 0.79118 0.66552 0.81888 0.67691 0.81665 0.69177 0.80792 0.70315 0.78254 0.71273 0.73123 0.72273 0.68255 0.73122 0.62169
4 0.16425 0.49693 0.16154 0.40660 0.16179 0.38433 0.14928 0.36072 0.14194 0.34108 0.13437 0.33343 0.12775 0.33016 0.12098 0.34145 0.11856 0.36778 0.11358 0.41185 0.11273 0.45978 0.11474 0.50030 0.12296 0.49173 0.13041 0.48394 0.14223 0.48089 0.15355 0.49924 0.16197 0.50870 0.16425 0.49693
4 0.23383 0.42535 0.23422 0.36193 0.23319 0.33524 0.21763 0.29415 0.21231 0.26187 0.20632 0.24923 0.19315 0.24185 0.18219 0.24669 0.17108 0.26611 0.16607 0.34362 0.16171 0.40833 0.16341 0.46511 0.16451 0.49781 0.17657 0.47593 0.19101 0.43800 0.20088 0.42703 0.21587 0.43032 0.22895 0.43855 0.23383 0.42535
4 0.60851 0.74772 0.62085 0.69328 0.63188 0.62155 0.63794 0.56387 0.64181 0.51711 0.63963 0.47486 0.62961 0.45408 0.61454 0.44821 0.59964 0.44407 0.58404 0.43986 0.57163 0.43855 0.55267 0.43656 0.53046 0.42565 0.51406 0.42907 0.50713 0.43864 0.49542 0.53345 0.48475 0.62838 0.48322 0.64623 0.49409 0.69539 0.49862 0.73188 0.50701 0.77478 0.51417 0.79955 0.52997 0.81836 0.54923 0.83410 0.56485 0.83146 0.57936 0.82269 0.59170 0.79483 0.60851 0.74772
4 0.66750 0.21967 0.65584 0.22445 0.64551 0.24308 0.62777 0.28581 0.60806 0.35063 0.59027 0.38392 0.58147 0.43445 0.62961 0.45408 0.63988 0.47574 0.64330 0.50955 0.66069 0.49337 0.66813 0.43583 0.67148 0.36415 0.67726 0.28930 0.67765 0.24903 0.66750 0.21967
4 0.26370 0.74149 0.27363 0.73653 0.29216 0.71275 0.31270 0.68318 0.32332 0.65514 0.33754 0.63262 0.34241 0.61942 0.34862 0.57033 0.35142 0.53375 0.35354 0.49367 0.35676 0.48286 0.35390 0.46370 0.34940 0.44350 0.33398 0.43759 0.31184 0.43269 0.29579 0.43615 0.28321 0.43311 0.27076 0.44209 0.26512 0.45265 0.25857 0.47511 0.25427 0.49953 0.24796 0.55289 0.24341 0.62273 0.24190 0.66031 0.24229 0.69636 0.24641 0.72681 0.25120 0.73760 0.26370 0.74149
4 0.14668 0.64087 0.15793 0.55372 0.16282 0.51050 0.15382 0.49669 0.14265 0.48351 0.12946 0.48298 0.12488 0.48679 0.11690 0.49967 0.10677 0.53634 0.10189 0.57613 0.09801 0.62632 0.09705 0.68196 0.09794 0.72321 0.10058 0.75779 0.11118 0.73318 0.12774 0.70834 0.13941 0.70013 0.14668 0.64087
4 0.09474 0.70787 0.09663 0.68320 0.09626 0.64028 0.10175 0.60141 0.10132 0.57564 0.09777 0.55297 0.08989 0.53842 0.08464 0.53530 0.07346 0.55213 0.06728 0.56777 0.06272 0.59130 0.05594 0.65577 0.05424 0.69847 0.05419 0.73877 0.05751 0.77685 0.06198 0.80733 0.06839 0.82258 0.07498 0.81299 0.08531 0.76776 0.09474 0.70787
4 0.29622 0.43533 0.30736 0.43222 0.30252 0.38540 0.30630 0.33949 0.31696 0.24800 0.32199 0.21337 0.31761 0.15888 0.31022 0.09979 0.30276 0.06470 0.29128 0.06779 0.27827 0.08871 0.26218 0.12904 0.24917 0.22629 0.23719 0.32365 0.23434 0.37738 0.23110 0.44135 0.24828 0.46031 0.25893 0.47172 0.27043 0.43863 0.28373 0.43145 0.29622 0.43533
4 0.74523 0.53484 0.75992 0.44805 0.77266 0.33020 0.78026 0.27783 0.77837 0.24933 0.76818 0.23025 0.75629 0.22728 0.73113 0.27095 0.70245 0.36140 0.67593 0.42465 0.66726 0.46404 0.66069 0.49337 0.69412 0.50031 0.72174 0.51950 0.73388 0.54994 0.73817 0.55553 0.74523 0.53484
4 0.78594 0.83068 0.79374 0.72002 0.80257 0.63605 0.80167 0.59480 0.79467 0.54861 0.78712 0.53753 0.77046 0.54349 0.74818 0.55316 0.73309 0.55414 0.73054 0.61819 0.72441 0.66986 0.71203 0.73459 0.71683 0.74195 0.72611 0.77637 0.73389 0.82178 0.75129 0.87849 0.77187 0.88495 0.78594 0.83068
4 0.19116 0.67212 0.21600 0.64472 0.23313 0.62765 0.24332 0.62358 0.24795 0.55632 0.25179 0.51642 0.25763 0.47415 0.24881 0.45522 0.23120 0.43708 0.21700 0.42958 0.20452 0.42227 0.19101 0.43800 0.18283 0.45943 0.17301 0.48327 0.16234 0.50187 0.15670 0.56217 0.14531 0.66388 0.14160 0.71579 0.13892 0.74124 0.15188 0.73403 0.17250 0.70704 0.19116 0.67212
4 0.50416 0.32427 0.49943 0.24659 0.49636 0.18624 0.49395 0.15941 0.48702 0.14238 0.47346 0.14868 0.44967 0.19592 0.42629 0.27578 0.41360 0.33019 0.40576 0.37825 0.40384 0.40977 0.45695 0.41192 0.46116 0.41494 0.48032 0.41181 0.49342 0.41318 0.50416 0.32427
4 0.42753 0.76814 0.44712 0.73762 0.46455 0.68457 0.47462 0.66504 0.48150 0.64604 0.49099 0.56900 0.49765 0.51225 0.50296 0.47164 0.50547 0.44446 0.50193 0.42180 0.49591 0.41602 0.47618 0.41137 0.46168 0.41671 0.45169 0.41223 0.43677 0.41152 0.42082 0.41070 0.40910 0.40947 0.39919 0.40756 0.38772 0.40722 0.37639 0.41889 0.36725 0.44280 0.35512 0.48526 0.35057 0.55510 0.34503 0.63427 0.34528 0.68832 0.35283 0.74915 0.35913 0.77210 0.36915 0.79288 0.38422 0.79875 0.40840 0.78757 0.42753 0.76814
4 0.82532 0.41184 0.82823 0.38177 0.81949 0.36358 0.80798 0.36952 0.79699 0.39338 0.78070 0.44705 0.75552 0.47239 0.74535 0.53921 0.74046 0.55120 0.74843 0.54906 0.76812 0.53684 0.78855 0.53363 0.79671 0.54580 0.81001 0.50909 0.81576 0.47515 0.82532 0.41184
