3 0.57573 0.44805 0.58126 0.45130 0.58606 0.45238 0.59087 0.45346 0.59881 0.45130 0.61179 0.45274 0.62573 0.46320 0.63511 0.47077 0.64064 0.47293 0.64256 0.46140 0.63559 0.44661 0.62669 0.43255 0.61900 0.42642 0.60938 0.42209 0.60073 0.41849 0.59327 0.41849 0.58342 0.42462 0.57092 0.43652 0.56395 0.44842 0.56323 0.45094 0.57573 0.44805
3 0.66974 0.57472 0.69217 0.57035 0.71294 0.57222 0.73122 0.57596 0.75407 0.59652 0.77484 0.59590 0.78232 0.58282 0.77775 0.56101 0.76985 0.55229 0.75324 0.54356 0.73122 0.53982 0.71544 0.53296 0.70172 0.53110 0.68095 0.53110 0.66018 0.53048 0.64481 0.52923 0.61490 0.53733 0.61366 0.55852 0.62321 0.57596 0.64107 0.57908 0.66974 0.57472
3 0.45746 0.62705 0.46743 0.62643 0.48529 0.62767 0.51977 0.63142 0.54677 0.63515 0.57336 0.63889 0.59662 0.63328 0.60992 0.61708 0.61532 0.59652 0.61158 0.58344 0.60285 0.57534 0.58832 0.56412 0.58208 0.56599 0.57045 0.56662 0.55716 0.56911 0.54303 0.56786 0.53348 0.56786 0.52808 0.56475 0.50772 0.56412 0.49194 0.55976 0.48571 0.55789 0.47408 0.55789 0.45787 0.55415 0.43918 0.58095 0.43752 0.60151 0.44417 0.62145 0.45746 0.62705
4 0.49013 0.43058 0.49611 0.45970 0.50059 0.46642 0.50969 0.47409 0.54988 0.47314 0.56278 0.45194 0.59035 0.45523 0.61418 0.45650 0.63874 0.47538 0.65667 0.47538 0.66115 0.46306 0.69102 0.45746 0.71118 0.44962 0.73508 0.43730 0.74927 0.42386 0.76196 0.39810 0.76420 0.32641 0.76271 0.25249 0.76047 0.18080 0.73807 0.12480 0.64098 0.13600 0.56630 0.14832 0.52000 0.16512 0.49909 0.20880 0.48939 0.24689 0.48715 0.32417 0.49013 0.43058
4 0.46848 0.85845 0.48416 0.89093 0.52075 0.89765 0.54838 0.87861 0.57527 0.82260 0.59394 0.76324 0.60215 0.72404 0.61186 0.65459 0.61634 0.59747 0.61037 0.57619 0.58721 0.56275 0.55435 0.56387 0.52672 0.56275 0.49088 0.55939 0.47146 0.55603 0.45802 0.55379 0.43786 0.58067 0.43711 0.59747 0.43711 0.70163 0.43935 0.75764 0.45279 0.80916 0.46848 0.85845
4 0.63277 0.84837 0.64322 0.87749 0.67011 0.88533 0.69774 0.87301 0.71865 0.84612 0.74031 0.75428 0.75823 0.69715 0.77914 0.61987 0.78661 0.58515 0.77615 0.55043 0.74852 0.53922 0.70297 0.52914 0.65667 0.52691 0.62306 0.53250 0.61037 0.53810 0.60365 0.56723 0.61111 0.57507 0.61634 0.59187 0.61186 0.64675 0.59916 0.74868 0.62754 0.79684 0.63277 0.84837
4 0.00000 0.69706 0.02124 0.73255 0.03742 0.77362 0.04862 0.80162 0.06044 0.81842 0.08036 0.77175 0.11085 0.71855 0.13885 0.68588 0.15006 0.62521 0.15130 0.58414 0.15628 0.54027 0.15006 0.52534 0.14321 0.50293 0.13885 0.47960 0.13326 0.45813 0.12952 0.42826 0.10836 0.42360 0.07413 0.39933 0.06231 0.39746 0.04737 0.42360 0.02372 0.48240 0.01315 0.53374 0.00630 0.58227 0.00070 0.63268 0.00000 0.66837 0.00000 0.69706
4 0.17246 0.79042 0.18117 0.83335 0.19735 0.86136 0.21416 0.86042 0.24838 0.83335 0.28012 0.80069 0.30439 0.76802 0.31622 0.75309 0.31808 0.67561 0.30875 0.60094 0.29568 0.58134 0.27951 0.55988 0.26332 0.54774 0.24776 0.52347 0.22972 0.51040 0.21851 0.50947 0.21229 0.49733 0.20171 0.49080 0.18864 0.48333 0.17682 0.48800 0.16748 0.49920 0.15939 0.52907 0.15193 0.58134 0.15193 0.65788 0.15566 0.72041 0.17246 0.79042
4 0.86278 0.84500 0.87323 0.81028 0.88369 0.72852 0.88518 0.65571 0.88070 0.57619 0.87697 0.52355 0.85755 0.46866 0.82544 0.42610 0.79856 0.42274 0.78138 0.41154 0.77018 0.44514 0.75225 0.47538 0.73956 0.51122 0.72462 0.53139 0.77242 0.54818 0.78511 0.58627 0.77018 0.65347 0.75225 0.71396 0.75599 0.71956 0.76943 0.76772 0.79706 0.82260 0.83888 0.85733 0.86278 0.84500
4 0.76570 0.35665 0.76570 0.38577 0.77615 0.39810 0.79034 0.42274 0.81274 0.42722 0.88817 0.40594 0.90535 0.38690 0.92551 0.33985 0.93372 0.28497 0.93671 0.23345 0.93223 0.16064 0.92700 0.10576 0.92178 0.07775 0.91058 0.09568 0.87846 0.10016 0.85830 0.10800 0.83216 0.10688 0.80976 0.11920 0.78885 0.14944 0.76943 0.17744 0.76196 0.21105 0.76570 0.35665
4 0.03713 0.34951 0.07208 0.39790 0.10792 0.42342 0.16466 0.43820 0.17753 0.43598 0.19216 0.41984 0.20351 0.38046 0.19575 0.31994 0.20292 0.20838 0.17245 0.13311 0.14556 0.09682 0.11061 0.09144 0.07656 0.07935 0.06043 0.08069 0.03803 0.13042 0.03265 0.20031 0.02907 0.30515 0.03713 0.34951
4 0.30439 0.59721 0.31062 0.62987 0.31684 0.67655 0.31622 0.72602 0.31497 0.75495 0.32182 0.76802 0.33489 0.80162 0.35169 0.81656 0.37036 0.81656 0.39525 0.79975 0.41828 0.75682 0.43197 0.73068 0.43446 0.70548 0.43632 0.66161 0.43819 0.58414 0.45873 0.54867 0.46993 0.55334 0.47678 0.52814 0.47864 0.48800 0.47367 0.47493 0.46309 0.48427 0.40894 0.48240 0.34609 0.48240 0.30999 0.47400 0.30315 0.47867 0.29942 0.49267 0.30066 0.54494 0.30128 0.57854 0.30439 0.59721
4 0.20038 0.35553 0.21009 0.40258 0.21755 0.43058 0.23100 0.45298 0.27655 0.46978 0.35945 0.48434 0.43188 0.48434 0.46325 0.48322 0.47594 0.47650 0.48341 0.45522 0.48939 0.39586 0.48715 0.29169 0.47669 0.23120 0.46175 0.17856 0.45503 0.16512 0.41844 0.14608 0.35272 0.14160 0.30717 0.13600 0.25788 0.12256 0.24743 0.13040 0.23100 0.15280 0.21606 0.17296 0.20486 0.20432 0.19888 0.28609 0.20038 0.35553
4 0.94418 0.67923 0.96285 0.66355 0.96808 0.63667 0.97554 0.58403 0.97629 0.54483 0.97032 0.49218 0.96434 0.44962 0.95015 0.41266 0.93298 0.39138 0.90535 0.37569 0.89788 0.39362 0.88220 0.40594 0.82544 0.42498 0.86203 0.47090 0.87846 0.52691 0.88294 0.61875 0.89788 0.64451 0.91282 0.68035 0.92775 0.68595 0.94418 0.67923
