4 0.50614 0.13578 0.50818 0.12161 0.50619 0.09359 0.50518 0.07147 0.50685 0.04821 0.49734 0.03082 0.47349 0.02438 0.44234 0.03248 0.41180 0.04581 0.38731 0.06724 0.37495 0.08023 0.36332 0.09584 0.36045 0.10932 0.36273 0.12372 0.37027 0.14489 0.37871 0.16545 0.38593 0.17622 0.40153 0.17573 0.42571 0.18479 0.43529 0.19179 0.45254 0.19269 0.47111 0.17678 0.48628 0.15162 0.50614 0.13578
4 0.35347 0.20956 0.36475 0.18419 0.36155 0.16260 0.35180 0.13418 0.33547 0.10736 0.31561 0.09010 0.29763 0.08656 0.27900 0.09532 0.26694 0.11091 0.25327 0.13227 0.24538 0.15911 0.24555 0.18054 0.24520 0.20389 0.25333 0.23028 0.26582 0.24781 0.28323 0.26235 0.29450 0.27008 0.31630 0.26668 0.33815 0.25420 0.35029 0.23731 0.35347 0.20956
4 0.82986 1.00000 0.84275 0.99268 0.86412 0.98926 0.88198 0.98695 0.89708 0.98774 0.91253 0.97362 0.92131 0.95461 0.92415 0.93334 0.92993 0.90573 0.93142 0.87725 0.93224 0.85328 0.92939 0.82522 0.92213 0.79043 0.90694 0.77471 0.89573 0.77412 0.87289 0.78071 0.84842 0.79371 0.83076 0.80058 0.80712 0.80583 0.78791 0.80936 0.76934 0.82527 0.75923 0.84486 0.75753 0.87722 0.75928 0.90977 0.76685 0.93873 0.77768 0.96331 0.78623 0.99816 0.78884 1.00000 0.82986 1.00000
4 0.10454 0.91505 0.11257 0.91871 0.12012 0.93144 0.13534 0.93808 0.14997 0.94794 0.16228 0.94404 0.17567 0.92786 0.18370 0.90686 0.19218 0.88524 0.19795 0.85764 0.21067 0.82974 0.21119 0.80315 0.20456 0.77295 0.19064 0.75794 0.17374 0.75836 0.14887 0.74602 0.12413 0.73109 0.10540 0.71712 0.09409 0.71004 0.08514 0.69919 0.07834 0.69688 0.06363 0.70520 0.04975 0.71421 0.03673 0.74793 0.03148 0.79049 0.03008 0.82547 0.03114 0.85473 0.03634 0.88746 0.04433 0.90021 0.05324 0.91171 0.06814 0.91639 0.08848 0.91616 0.10454 0.91505
4 0.82703 0.80557 0.84626 0.79360 0.87319 0.78332 0.90108 0.77115 0.91174 0.75744 0.92594 0.70106 0.92716 0.67776 0.92981 0.62727 0.92676 0.59465 0.91278 0.57250 0.89408 0.55789 0.88702 0.55233 0.86757 0.56040 0.82994 0.56037 0.81366 0.57380 0.79793 0.57687 0.76900 0.59223 0.75269 0.61474 0.74982 0.65289 0.75470 0.68365 0.75786 0.70588 0.76031 0.74171 0.76333 0.76653 0.77963 0.79400 0.79275 0.80767 0.82703 0.80557
1 0.27277 0.30057 0.27195 0.31272 0.27342 0.31584 0.27415 0.31123 0.27451 0.30255 0.27603 0.29378 0.27550 0.28911 0.27515 0.28836 0.27355 0.28755 0.27277 0.30057
1 0.58730 0.15401 0.58801 0.16031 0.58907 0.16438 0.58980 0.15936 0.58878 0.15008 0.58808 0.14343 0.58731 0.14043 0.58701 0.14842 0.58730 0.15401
1 0.60416 0.12320 0.60339 0.12618 0.60299 0.12843 0.60359 0.12871 0.60452 0.12691 0.60543 0.12444 0.60581 0.12152 0.60622 0.12020 0.60558 0.11958 0.60416 0.12320
4 0.18572 0.76093 0.19880 0.75902 0.21275 0.74871 0.22565 0.72537 0.23342 0.69268 0.23895 0.66960 0.24549 0.64398 0.25006 0.62280 0.25203 0.57682 0.24237 0.55489 0.22639 0.53783 0.19901 0.51562 0.17833 0.49767 0.14893 0.48899 0.12719 0.49109 0.10972 0.50250 0.09066 0.51968 0.08100 0.54709 0.07366 0.57980 0.07460 0.62788 0.07869 0.65731 0.07997 0.69048 0.08935 0.70135 0.10504 0.71581 0.12615 0.73379 0.14426 0.74318 0.16111 0.75185 0.18572 0.76093
4 0.58182 0.20206 0.60610 0.18451 0.62308 0.16592 0.63521 0.14904 0.65175 0.11420 0.65088 0.08950 0.64785 0.06467 0.64127 0.04161 0.62549 0.02910 0.61186 0.02514 0.59488 0.01905 0.57403 0.02056 0.55153 0.02067 0.53839 0.02388 0.51774 0.02994 0.50837 0.04373 0.50626 0.05919 0.50531 0.07732 0.50785 0.11964 0.51055 0.13406 0.52332 0.14642 0.54362 0.15527 0.55574 0.17148 0.56908 0.19750 0.58182 0.20206
4 0.21934 0.52383 0.24086 0.50938 0.25294 0.48535 0.25695 0.45830 0.25044 0.43394 0.23967 0.41650 0.22600 0.41318 0.20388 0.40619 0.19766 0.39288 0.19483 0.37261 0.19452 0.35377 0.19015 0.33796 0.16590 0.33864 0.14757 0.34157 0.13259 0.35507 0.12408 0.36890 0.11807 0.40104 0.11334 0.44168 0.11318 0.46958 0.12458 0.48316 0.13695 0.49485 0.15454 0.48928 0.17848 0.50287 0.18473 0.49930 0.19964 0.52020 0.21934 0.52383
4 0.27474 0.42418 0.29093 0.42892 0.30601 0.42192 0.32348 0.40207 0.32888 0.38158 0.33373 0.34678 0.33482 0.32607 0.32260 0.30336 0.30033 0.27428 0.28362 0.26302 0.25981 0.24685 0.23938 0.24058 0.22298 0.24816 0.21364 0.26130 0.20499 0.27773 0.19385 0.30051 0.19312 0.32254 0.19479 0.34859 0.19615 0.37203 0.19958 0.39752 0.20942 0.40777 0.22607 0.41189 0.24675 0.41363 0.25846 0.41294 0.27474 0.42418
4 0.72469 0.10894 0.72614 0.08954 0.71982 0.06974 0.70998 0.05949 0.69960 0.05115 0.68995 0.05389 0.68185 0.05152 0.67084 0.04705 0.66137 0.05434 0.65101 0.06224 0.65037 0.06610 0.65029 0.08427 0.65142 0.10380 0.64919 0.11342 0.64203 0.13447 0.64126 0.14091 0.65219 0.16356 0.66070 0.17439 0.67536 0.18360 0.68979 0.18890 0.69716 0.18019 0.70153 0.16290 0.70629 0.15471 0.71483 0.14023 0.72288 0.12702 0.72469 0.10894
4 0.80162 0.25057 0.80755 0.22817 0.80965 0.19647 0.80669 0.17035 0.80275 0.13833 0.78796 0.11487 0.77115 0.10553 0.75330 0.10785 0.73610 0.11408 0.72019 0.12883 0.70792 0.14830 0.69521 0.17620 0.69107 0.19740 0.69362 0.23128 0.70232 0.25511 0.71478 0.27329 0.72940 0.28314 0.75469 0.28771 0.77647 0.27652 0.79075 0.26818 0.80162 0.25057
1 0.82181 0.69238 0.82273 0.69273 0.82402 0.69129 0.82385 0.68926 0.82293 0.68891 0.82235 0.68968 0.82180 0.69117 0.82181 0.69238
1 0.72583 0.16449 0.72473 0.16362 0.72411 0.16914 0.72360 0.17737 0.72337 0.18180 0.72360 0.18523 0.72451 0.18568 0.72539 0.18301 0.72587 0.17648 0.72601 0.17115 0.72596 0.16701 0.72583 0.16449
4 0.86800 0.56042 0.88487 0.55222 0.89381 0.53840 0.89745 0.51847 0.90070 0.48944 0.90255 0.47071 0.90347 0.44480 0.89719 0.42435 0.87876 0.40456 0.85574 0.39816 0.84376 0.39558 0.83857 0.41218 0.82936 0.42274 0.81024 0.43277 0.79795 0.43602 0.79025 0.44275 0.77261 0.45741 0.76070 0.47820 0.75675 0.51240 0.76034 0.53465 0.76898 0.55134 0.78304 0.56375 0.79760 0.57490 0.81283 0.57310 0.83163 0.56111 0.85326 0.56095 0.86800 0.56042
1 0.79103 0.76643 0.78983 0.76748 0.78961 0.76908 0.79054 0.77064 0.79204 0.77142 0.79351 0.77029 0.79414 0.76851 0.79300 0.76583 0.79103 0.76643
1 0.88012 0.51524 0.88042 0.51383 0.87874 0.51063 0.87571 0.50863 0.87291 0.50874 0.87161 0.51001 0.87289 0.51125 0.87487 0.51177 0.87665 0.51321 0.87837 0.51457 0.87977 0.51548 0.88012 0.51524
1 0.84248 0.78414 0.84333 0.78197 0.84266 0.77932 0.84220 0.77788 0.84083 0.77831 0.84084 0.78083 0.84163 0.78369 0.84248 0.78414
4 0.80579 0.43513 0.82633 0.43102 0.83630 0.42245 0.84508 0.40344 0.84467 0.38654 0.84592 0.36259 0.84893 0.34652 0.84746 0.32503 0.83980 0.28958 0.82605 0.27133 0.80668 0.26122 0.79400 0.26381 0.77604 0.27650 0.74718 0.29056 0.73166 0.31441 0.71314 0.34589 0.70717 0.36895 0.70451 0.40321 0.70940 0.42554 0.72460 0.44905 0.74480 0.45985 0.76813 0.46042 0.78384 0.44956 0.80579 0.43513
4 0.43794 0.22373 0.43899 0.20366 0.43247 0.18774 0.41437 0.17835 0.39940 0.17497 0.37813 0.17645 0.36538 0.18033 0.36152 0.18792 0.35264 0.20887 0.34907 0.22751 0.35239 0.25494 0.35967 0.27285 0.37514 0.29119 0.39510 0.30651 0.41100 0.30864 0.42764 0.29653 0.43112 0.27140 0.43503 0.24629 0.43794 0.22373
