4 0.47603 0.57031 0.50935 0.56317 0.52844 0.55069 0.52614 0.51142 0.51091 0.40377 0.50307 0.33172 0.49012 0.28362 0.46863 0.23150 0.43931 0.20163 0.41121 0.18988 0.39683 0.19570 0.38480 0.20833 0.37869 0.24457 0.37318 0.29392 0.36803 0.35033 0.37399 0.44391 0.37986 0.50403 0.38489 0.54905 0.39132 0.56043 0.40393 0.57307 0.42821 0.57415 0.47603 0.57031
4 0.84663 0.35241 0.83544 0.28584 0.82398 0.23756 0.81745 0.21301 0.81472 0.21132 0.80876 0.22422 0.80451 0.25516 0.79594 0.27954 0.79407 0.28483 0.80955 0.39043 0.81311 0.42345 0.81576 0.48194 0.85202 0.51096 0.85388 0.50566 0.85849 0.48583 0.85768 0.43826 0.84663 0.35241
4 0.24194 0.76536 0.22855 0.67675 0.23210 0.60736 0.21639 0.59002 0.20291 0.56632 0.18022 0.59040 0.17960 0.69594 0.18754 0.78928 0.19675 0.85609 0.20463 0.89162 0.21267 0.89977 0.22534 0.87184 0.23293 0.83947 0.24165 0.79987 0.24513 0.78727 0.24194 0.76536
4 0.68967 0.89291 0.69894 0.80456 0.69746 0.69827 0.69137 0.61181 0.68227 0.55817 0.67562 0.52856 0.65580 0.52288 0.65269 0.53848 0.64302 0.54980 0.61824 0.55284 0.59334 0.55895 0.59308 0.56506 0.59896 0.61707 0.60484 0.67313 0.61316 0.75730 0.62449 0.81675 0.64250 0.87741 0.65485 0.90429 0.66660 0.92211 0.67168 0.92250 0.68035 0.91535 0.68967 0.89291
4 0.79291 0.84069 0.79556 0.80081 0.79144 0.72628 0.78386 0.64000 0.77082 0.56656 0.76109 0.52415 0.75020 0.51332 0.74140 0.51541 0.72850 0.52917 0.68911 0.53603 0.68019 0.53712 0.67981 0.54630 0.68830 0.59495 0.69529 0.64785 0.69906 0.70314 0.71736 0.73740 0.73847 0.79464 0.75426 0.84137 0.76576 0.86126 0.77269 0.86852 0.78334 0.86924 0.79291 0.84069
4 0.14254 0.45596 0.13887 0.40947 0.13507 0.35477 0.13409 0.33259 0.11870 0.31629 0.10489 0.29861 0.09543 0.29743 0.09261 0.31245 0.09255 0.36879 0.09997 0.45298 0.10942 0.52047 0.11604 0.56485 0.12339 0.58683 0.13515 0.58774 0.14533 0.58062 0.15265 0.57150 0.14977 0.52902 0.14254 0.45596
4 0.20109 0.56368 0.19518 0.54117 0.18827 0.49061 0.18328 0.42150 0.17938 0.37550 0.17927 0.32340 0.16253 0.29518 0.14958 0.26649 0.14425 0.25728 0.13661 0.24906 0.13170 0.25460 0.13288 0.27276 0.13521 0.33726 0.14348 0.47005 0.14984 0.54744 0.15308 0.57098 0.15753 0.58733 0.16561 0.59902 0.17610 0.59632 0.18532 0.58604 0.19928 0.56602 0.20109 0.56368
4 0.60786 0.84516 0.61075 0.81134 0.61217 0.75742 0.60707 0.67489 0.59616 0.58192 0.59123 0.55819 0.55766 0.55927 0.53290 0.55419 0.51914 0.55690 0.50811 0.56535 0.51734 0.61594 0.53045 0.73500 0.54410 0.82155 0.55112 0.85415 0.56027 0.86723 0.57078 0.87506 0.58254 0.88477 0.59270 0.88150 0.60063 0.87647 0.60786 0.84516
4 0.64488 0.54856 0.65343 0.54041 0.65781 0.50235 0.65379 0.44910 0.64840 0.39297 0.63547 0.33676 0.62043 0.27573 0.60908 0.23657 0.59301 0.20811 0.57358 0.19732 0.55066 0.19912 0.53504 0.21118 0.52462 0.22462 0.51666 0.25400 0.50509 0.29902 0.50428 0.35388 0.51115 0.40983 0.52355 0.50261 0.52969 0.54039 0.53438 0.55807 0.55568 0.55951 0.59420 0.55783 0.63335 0.54896 0.64488 0.54856
4 0.80542 0.52885 0.81177 0.50271 0.81490 0.47495 0.80955 0.39448 0.79370 0.28184 0.77932 0.19334 0.76934 0.14894 0.75226 0.14090 0.73774 0.16195 0.72222 0.19529 0.70667 0.24892 0.71211 0.26042 0.72084 0.31107 0.73708 0.40237 0.74727 0.48123 0.74377 0.50600 0.75898 0.52745 0.77618 0.53650 0.79265 0.54360 0.80542 0.52885
4 0.37719 0.56419 0.38575 0.55604 0.38798 0.55373 0.38193 0.53318 0.37644 0.46389 0.37168 0.40870 0.36817 0.34321 0.37132 0.29922 0.36848 0.28436 0.35106 0.25304 0.32856 0.21321 0.31495 0.20474 0.29563 0.20305 0.28446 0.22268 0.27152 0.26483 0.26725 0.31606 0.26802 0.39608 0.27448 0.48147 0.28051 0.52231 0.28902 0.54662 0.29668 0.56393 0.32540 0.57663 0.35538 0.57092 0.37719 0.56419
4 0.44788 0.80395 0.44632 0.75446 0.43490 0.67778 0.42680 0.61590 0.42200 0.58505 0.41347 0.57697 0.39218 0.56336 0.38413 0.55928 0.36951 0.56716 0.34287 0.57144 0.33134 0.57996 0.32906 0.62283 0.33775 0.71404 0.35276 0.79535 0.36867 0.85526 0.38212 0.89924 0.39893 0.92557 0.41267 0.93098 0.43128 0.90233 0.44298 0.86236 0.44788 0.80395
4 0.73234 0.53173 0.74388 0.51105 0.74640 0.47829 0.74089 0.42522 0.72528 0.32675 0.71162 0.25642 0.69841 0.21444 0.67316 0.20132 0.65851 0.22542 0.64162 0.26806 0.62698 0.28406 0.62252 0.28866 0.63609 0.33770 0.64828 0.39603 0.65905 0.50423 0.65681 0.51059 0.66026 0.52639 0.67338 0.53086 0.70286 0.53332 0.73234 0.53173
4 0.26507 0.58505 0.28293 0.56663 0.28642 0.54593 0.27804 0.51045 0.27291 0.45226 0.26680 0.38608 0.26746 0.35051 0.26778 0.29165 0.26867 0.26620 0.24705 0.22524 0.21824 0.17909 0.20327 0.16369 0.19151 0.16209 0.17899 0.16667 0.17649 0.18726 0.17470 0.23412 0.17708 0.31496 0.18070 0.39767 0.18778 0.47995 0.19107 0.52315 0.20156 0.56344 0.21292 0.58639 0.23049 0.60248 0.24647 0.60154 0.26507 0.58505
4 0.52628 0.70103 0.51425 0.61125 0.50589 0.55954 0.47330 0.57267 0.45571 0.57280 0.44134 0.57051 0.42573 0.57445 0.42606 0.60991 0.44240 0.72249 0.46445 0.82423 0.49818 0.89412 0.51303 0.90852 0.52764 0.91281 0.54265 0.89170 0.54530 0.85183 0.53400 0.76803 0.52628 0.70103
4 0.83596 0.67518 0.83565 0.62756 0.83089 0.57237 0.82993 0.54409 0.82253 0.52066 0.81265 0.49754 0.80505 0.52585 0.79327 0.54454 0.78064 0.54000 0.76752 0.53148 0.76281 0.53408 0.77242 0.57955 0.78030 0.61914 0.78557 0.66210 0.78886 0.70530 0.81012 0.74325 0.82743 0.76952 0.83794 0.78547 0.84067 0.78311 0.83862 0.73367 0.83596 0.67518
4 0.35311 0.81458 0.34968 0.77849 0.33480 0.69007 0.32832 0.62089 0.32416 0.57881 0.31030 0.56835 0.29445 0.56218 0.28803 0.55080 0.27871 0.56918 0.26246 0.59247 0.24288 0.60502 0.23049 0.60654 0.22868 0.66963 0.23935 0.75655 0.26720 0.87684 0.28188 0.92676 0.30077 0.97413 0.31452 0.97142 0.33450 0.94565 0.33998 0.91658 0.34611 0.86411 0.35311 0.81458
