2 0.74059 0.41845 0.72090 0.44321 0.71969 0.46456 0.70773 0.47915 0.71489 0.49073 0.72517 0.50610 0.72896 0.49311 0.74020 0.48445 0.77496 0.46650 0.79949 0.45486 0.80405 0.44362 0.79738 0.41664 0.78230 0.40260 0.75972 0.39779 0.74059 0.41845
4 0.80798 0.50173 0.80848 0.48216 0.80929 0.45335 0.80277 0.42953 0.79714 0.41158 0.78363 0.40083 0.76222 0.39674 0.74731 0.41214 0.73333 0.42963 0.72067 0.44538 0.71792 0.46460 0.70741 0.47962 0.70880 0.50390 0.71577 0.52877 0.72898 0.53195 0.76294 0.52735 0.78327 0.51907 0.80356 0.51458 0.80798 0.50173
4 0.65158 0.58048 0.63933 0.55444 0.62720 0.54248 0.61011 0.54560 0.60218 0.54359 0.57737 0.53871 0.56614 0.53698 0.55808 0.54202 0.54839 0.55372 0.54292 0.58402 0.54212 0.61716 0.55228 0.64881 0.56977 0.67981 0.57892 0.69148 0.60851 0.68347 0.62857 0.67629 0.64995 0.64623 0.65545 0.60779 0.65158 0.58048
4 0.39356 0.55617 0.38886 0.53474 0.38369 0.50206 0.37214 0.48726 0.35145 0.46196 0.33834 0.44691 0.32650 0.43477 0.31596 0.43456 0.30774 0.44319 0.30344 0.45862 0.29888 0.47973 0.30124 0.52434 0.30466 0.55755 0.30982 0.57254 0.32051 0.58629 0.35212 0.58691 0.38124 0.58248 0.39352 0.57915 0.39709 0.57017 0.39356 0.55617
4 0.52624 0.64675 0.53119 0.62734 0.52631 0.59686 0.51818 0.57154 0.50678 0.55519 0.49956 0.56558 0.48546 0.57332 0.45339 0.57830 0.43400 0.58053 0.42449 0.59004 0.41887 0.61873 0.42005 0.64899 0.43174 0.67291 0.44939 0.69305 0.46558 0.69652 0.50330 0.69701 0.51736 0.69307 0.52437 0.67185 0.52624 0.64675
4 0.72987 0.58013 0.72205 0.54991 0.71133 0.52862 0.69519 0.50888 0.67736 0.50773 0.65417 0.50867 0.62874 0.51361 0.62226 0.52394 0.62152 0.54081 0.63593 0.54931 0.64660 0.56573 0.65113 0.58377 0.65591 0.60883 0.66096 0.63279 0.68026 0.65063 0.70132 0.66342 0.71582 0.64751 0.72522 0.61145 0.72987 0.58013
1 0.50036 0.47943 0.49798 0.45231 0.47384 0.42970 0.45008 0.40640 0.42197 0.40432 0.39974 0.42382 0.39521 0.43788 0.38446 0.47721 0.38643 0.51998 0.39152 0.55792 0.40625 0.57420 0.43837 0.57660 0.48072 0.57419 0.49973 0.56342 0.50495 0.53694 0.49773 0.51024 0.50036 0.47943
1 0.23849 0.50471 0.21990 0.49278 0.21634 0.50484 0.21617 0.51344 0.22374 0.51910 0.23617 0.52389 0.25590 0.56645 0.25906 0.56030 0.25471 0.54576 0.24740 0.52200 0.23849 0.50471
4 0.80365 0.51132 0.77456 0.52092 0.74832 0.52918 0.73343 0.53211 0.72751 0.53208 0.72520 0.54367 0.72673 0.56956 0.73708 0.58655 0.76340 0.60865 0.78681 0.62287 0.80725 0.62433 0.82807 0.60895 0.83007 0.58113 0.82478 0.55448 0.81431 0.52340 0.80365 0.51132
4 0.33957 0.61590 0.32984 0.58910 0.31823 0.58307 0.30857 0.56982 0.29852 0.56473 0.29153 0.57348 0.28440 0.58061 0.27331 0.60164 0.26430 0.65069 0.26008 0.69118 0.26060 0.71824 0.26765 0.73118 0.28534 0.73072 0.31219 0.72512 0.32034 0.70435 0.33342 0.67229 0.34188 0.64227 0.33957 0.61590
4 0.28110 0.50437 0.26082 0.48717 0.23866 0.46968 0.22200 0.46571 0.20888 0.47409 0.21300 0.50717 0.23075 0.53408 0.24657 0.57065 0.25622 0.58246 0.27287 0.57919 0.28338 0.58324 0.29623 0.57173 0.30223 0.55584 0.30073 0.52118 0.28110 0.50437
4 0.87730 0.41019 0.87052 0.39181 0.85788 0.37827 0.84291 0.38446 0.83043 0.39803 0.82328 0.41763 0.81058 0.43718 0.80618 0.45871 0.80895 0.48612 0.81939 0.49985 0.83257 0.51116 0.84581 0.51055 0.86368 0.48675 0.87312 0.46804 0.87484 0.43698 0.87730 0.41019
4 0.50008 0.47895 0.49770 0.45183 0.47356 0.42922 0.44980 0.40592 0.42169 0.40385 0.39946 0.42334 0.39493 0.43740 0.38418 0.47673 0.38615 0.51950 0.39124 0.55745 0.40597 0.57372 0.43809 0.57612 0.48044 0.57372 0.49945 0.56294 0.50467 0.53646 0.49745 0.50976 0.50008 0.47895
4 0.42058 0.60448 0.42476 0.58893 0.41901 0.57805 0.40405 0.57177 0.40112 0.57202 0.38831 0.58182 0.36673 0.58425 0.35647 0.58948 0.34895 0.60912 0.34604 0.63920 0.34954 0.66655 0.35845 0.69234 0.36684 0.71221 0.41169 0.70557 0.42109 0.68631 0.42297 0.66554 0.41983 0.63383 0.42058 0.60448
4 0.72186 0.43482 0.72357 0.41385 0.70370 0.38436 0.68155 0.36938 0.65718 0.36436 0.61715 0.37306 0.59277 0.38821 0.57995 0.40885 0.56785 0.43268 0.56055 0.44048 0.56258 0.46372 0.57063 0.49490 0.58398 0.51065 0.60507 0.52377 0.63188 0.51102 0.66240 0.50509 0.67576 0.50588 0.69866 0.48891 0.71588 0.46788 0.72186 0.43482
1 0.84369 0.44525 0.85723 0.43936 0.86183 0.43280 0.86598 0.42665 0.86685 0.41970 0.86191 0.41398 0.85905 0.42074 0.85432 0.42586 0.85011 0.42007 0.84414 0.41662 0.83792 0.41318 0.83312 0.41468 0.82904 0.42445 0.82267 0.43623 0.81884 0.44597 0.81970 0.45857 0.82389 0.46978 0.83222 0.47485 0.83304 0.47296 0.82647 0.46268 0.82433 0.44948 0.83164 0.43725 0.84369 0.44525
1 0.46653 0.49593 0.47098 0.49974 0.47523 0.50524 0.48238 0.51368 0.48747 0.51827 0.48278 0.50660 0.47832 0.49608 0.47667 0.48901 0.47552 0.48239 0.47617 0.47411 0.47537 0.46630 0.47113 0.46616 0.46098 0.46252 0.45852 0.45535 0.45133 0.44893 0.45494 0.46019 0.45653 0.47180 0.45645 0.48003 0.45494 0.48889 0.45615 0.49751 0.45476 0.50385 0.45510 0.51036 0.45550 0.50965 0.45850 0.50352 0.46249 0.49679 0.46653 0.49593
1 0.39314 0.51310 0.39700 0.51276 0.40072 0.50958 0.40065 0.50623 0.39748 0.49996 0.39593 0.49792 0.39294 0.49650 0.39111 0.50304 0.39314 0.51310
