4 0.51121 0.37180 0.52148 0.36961 0.53032 0.36428 0.54148 0.35424 0.55027 0.34509 0.55362 0.33555 0.54945 0.31957 0.54282 0.30640 0.53476 0.29738 0.52665 0.28568 0.51590 0.27838 0.50250 0.27547 0.48676 0.27843 0.46855 0.29381 0.46557 0.31707 0.46535 0.34128 0.47137 0.35879 0.48112 0.37819 0.49150 0.39094 0.49693 0.39362 0.50323 0.38116 0.51121 0.37180
4 0.80525 0.27236 0.80764 0.24271 0.80969 0.21505 0.80900 0.19257 0.80835 0.18350 0.79713 0.17400 0.78406 0.17026 0.77371 0.17208 0.76523 0.18270 0.75776 0.19809 0.75422 0.21150 0.75302 0.22748 0.75498 0.24393 0.76107 0.26296 0.76657 0.27560 0.77541 0.28714 0.78578 0.29261 0.79851 0.29719 0.80225 0.29793 0.80525 0.27236
4 0.61449 0.45020 0.62035 0.43208 0.62297 0.41312 0.62602 0.39981 0.62505 0.39043 0.61729 0.38518 0.59990 0.39118 0.59580 0.39473 0.58646 0.39289 0.57485 0.39842 0.55861 0.41223 0.53179 0.41716 0.52246 0.42374 0.52015 0.43574 0.52521 0.45115 0.53506 0.46862 0.55062 0.48410 0.56773 0.49120 0.58005 0.49625 0.58570 0.49275 0.59748 0.47721 0.60519 0.46177 0.61449 0.45020
4 0.63981 0.54645 0.64530 0.54221 0.64326 0.53382 0.63637 0.53145 0.62313 0.52813 0.61308 0.52413 0.60615 0.51678 0.60095 0.50677 0.59939 0.49943 0.60410 0.49153 0.61236 0.48709 0.62140 0.47788 0.63182 0.45956 0.63515 0.45118 0.63172 0.44347 0.62121 0.44570 0.61310 0.45088 0.60369 0.46554 0.59578 0.47642 0.58913 0.49087 0.57875 0.49615 0.56973 0.50420 0.56348 0.51090 0.56589 0.52343 0.56957 0.53836 0.57780 0.54582 0.59150 0.55134 0.60878 0.55803 0.62243 0.55973 0.62915 0.55523 0.63981 0.54645
4 0.71590 0.44859 0.71539 0.43297 0.71923 0.42334 0.72083 0.40804 0.71565 0.39687 0.70561 0.39057 0.69147 0.39741 0.67916 0.40923 0.66911 0.42210 0.65883 0.43387 0.64935 0.43857 0.64157 0.44406 0.63966 0.45674 0.64404 0.46655 0.65150 0.47877 0.66863 0.48356 0.68228 0.49370 0.68987 0.50052 0.69993 0.50337 0.70685 0.50343 0.71654 0.50329 0.72340 0.50068 0.72687 0.49419 0.72094 0.48433 0.71852 0.47296 0.71905 0.45981 0.71590 0.44859
4 0.65395 0.47709 0.64532 0.46896 0.64143 0.45905 0.64103 0.44878 0.64305 0.44260 0.65400 0.43643 0.65892 0.43309 0.65717 0.42847 0.64284 0.43804 0.63352 0.45191 0.62784 0.46731 0.62064 0.48034 0.61160 0.48955 0.60064 0.49571 0.59918 0.50446 0.60389 0.51458 0.61314 0.52565 0.62005 0.52687 0.63255 0.53035 0.64440 0.53320 0.65461 0.53793 0.65877 0.53705 0.66957 0.53130 0.68086 0.52430 0.68947 0.51787 0.68534 0.50685 0.68106 0.49396 0.67105 0.48535 0.65395 0.47709
4 0.77546 0.40525 0.78375 0.38891 0.79469 0.35859 0.79823 0.33675 0.80147 0.31228 0.80159 0.29845 0.78554 0.29151 0.77462 0.28463 0.76906 0.28734 0.76034 0.28958 0.75412 0.29282 0.74840 0.30439 0.74473 0.31361 0.74324 0.32581 0.74565 0.34678 0.74757 0.35941 0.74891 0.37293 0.75181 0.38420 0.75741 0.39490 0.76441 0.40376 0.77079 0.40854 0.77546 0.40525
4 0.80156 0.12512 0.79830 0.10856 0.78658 0.08229 0.77899 0.06703 0.77623 0.06608 0.77328 0.07745 0.76696 0.09221 0.76360 0.11248 0.76626 0.13224 0.77370 0.14677 0.78594 0.16104 0.79665 0.17295 0.80399 0.17983 0.80845 0.18156 0.80371 0.14844 0.80156 0.12512
4 0.72847 0.49692 0.73976 0.48263 0.74718 0.46342 0.75770 0.44315 0.76714 0.42504 0.77292 0.41614 0.76901 0.40738 0.76038 0.39925 0.75431 0.38750 0.74772 0.37816 0.74155 0.37679 0.73575 0.37841 0.72892 0.38715 0.72364 0.39479 0.72070 0.41344 0.71851 0.43078 0.71489 0.44382 0.71599 0.45624 0.72041 0.46259 0.71870 0.47138 0.71973 0.48344 0.72369 0.49487 0.72847 0.49692
4 0.54402 0.47707 0.53195 0.46238 0.52525 0.44770 0.52107 0.43286 0.52353 0.42160 0.53806 0.41658 0.56032 0.41186 0.57493 0.39879 0.57858 0.38229 0.57943 0.36945 0.57303 0.36698 0.55195 0.36647 0.53419 0.36948 0.51731 0.37307 0.50883 0.37525 0.50094 0.38268 0.49577 0.39682 0.49752 0.41831 0.50305 0.44551 0.50966 0.46098 0.51859 0.47174 0.52858 0.48265 0.54453 0.49153 0.55136 0.49238 0.56125 0.48836 0.55713 0.48464 0.54402 0.47707
