4 0.78254 0.56590 0.78739 0.55454 0.79251 0.53689 0.79599 0.52742 0.79984 0.51669 0.79573 0.51657 0.78326 0.51037 0.77936 0.52030 0.77431 0.52953 0.76826 0.53490 0.76144 0.53488 0.75862 0.55157 0.75270 0.57199 0.75085 0.57803 0.75430 0.59361 0.76051 0.60646 0.76448 0.61421 0.76778 0.61262 0.77102 0.60127 0.77690 0.58110 0.78254 0.56590
2 0.80843 0.37186 0.80729 0.37769 0.81018 0.39208 0.81228 0.39779 0.82048 0.39086 0.83537 0.38246 0.84154 0.37615 0.84049 0.35826 0.84193 0.34108 0.83689 0.34029 0.83070 0.34944 0.82092 0.36909 0.81255 0.37030 0.80843 0.37186
4 0.84092 0.37530 0.84072 0.35777 0.84259 0.33892 0.83763 0.33266 0.82895 0.34989 0.82375 0.36164 0.81916 0.36474 0.80914 0.36698 0.80571 0.36753 0.81207 0.40245 0.81016 0.43332 0.79657 0.47218 0.79037 0.49253 0.78395 0.50956 0.79561 0.51578 0.80903 0.51791 0.81524 0.51397 0.82469 0.50125 0.83231 0.47894 0.83667 0.45611 0.84293 0.43304 0.84442 0.40484 0.84358 0.38666 0.84092 0.37530
4 0.15698 0.44233 0.16012 0.44625 0.16543 0.44445 0.17713 0.44077 0.18757 0.43715 0.18939 0.43243 0.18967 0.39555 0.19087 0.36989 0.19518 0.35396 0.20604 0.33300 0.20804 0.32487 0.20025 0.30280 0.19631 0.29192 0.19194 0.28363 0.18848 0.27776 0.18557 0.27653 0.18458 0.27790 0.18247 0.28706 0.17941 0.30293 0.17047 0.32314 0.16118 0.34330 0.15450 0.35833 0.15168 0.37502 0.15239 0.38410 0.15280 0.40078 0.15278 0.41107 0.15256 0.42607 0.15698 0.44233
4 0.27787 0.47884 0.26781 0.48316 0.25818 0.47638 0.24995 0.46917 0.24857 0.45255 0.24388 0.43146 0.22963 0.43970 0.21561 0.44929 0.21181 0.45919 0.20871 0.50136 0.21099 0.52075 0.21410 0.52649 0.22093 0.54530 0.21879 0.56727 0.21988 0.57729 0.23027 0.57368 0.24614 0.55520 0.25940 0.53629 0.27000 0.52288 0.27521 0.51255 0.27812 0.49135 0.27787 0.47884
4 0.28174 0.47482 0.28719 0.46809 0.29065 0.46257 0.29740 0.45908 0.30378 0.45629 0.30584 0.45472 0.31382 0.41572 0.32345 0.37775 0.33139 0.35698 0.31755 0.34491 0.30088 0.32784 0.29141 0.30773 0.27948 0.29179 0.27183 0.28792 0.26373 0.29993 0.25714 0.31218 0.24960 0.33529 0.24634 0.35756 0.24441 0.38764 0.24453 0.43095 0.24999 0.45840 0.25143 0.46889 0.25915 0.47884 0.26823 0.48180 0.27750 0.47871 0.28174 0.47482
4 0.53800 0.52643 0.56159 0.52750 0.58170 0.53259 0.59443 0.53536 0.60953 0.53624 0.61645 0.53657 0.61798 0.53340 0.62447 0.51202 0.62876 0.48004 0.62931 0.44556 0.62825 0.41311 0.62419 0.38171 0.61729 0.35517 0.60393 0.34166 0.59008 0.33947 0.57509 0.34279 0.55970 0.35516 0.55116 0.36672 0.53934 0.38916 0.53021 0.40442 0.52328 0.42535 0.51767 0.45750 0.51408 0.48504 0.51135 0.49904 0.51302 0.50804 0.51593 0.52065 0.52121 0.52643 0.53800 0.52643
4 0.34076 0.52550 0.34874 0.51727 0.35276 0.50683 0.34211 0.50609 0.33504 0.50592 0.31700 0.50022 0.30579 0.49085 0.30398 0.47917 0.30571 0.45602 0.29122 0.46195 0.27863 0.47895 0.27725 0.50531 0.27498 0.52236 0.27638 0.54885 0.27840 0.56595 0.28193 0.57631 0.28871 0.57834 0.30108 0.56954 0.31898 0.55433 0.32866 0.53941 0.34076 0.52550
4 0.66217 0.53812 0.68932 0.53786 0.70062 0.53015 0.70861 0.50901 0.71427 0.48636 0.71679 0.47043 0.71633 0.44074 0.71235 0.41694 0.71080 0.39087 0.70745 0.37780 0.69949 0.36933 0.68963 0.36473 0.67990 0.36584 0.67065 0.37046 0.65952 0.38199 0.65057 0.39614 0.63908 0.41977 0.63329 0.44164 0.63025 0.46736 0.62789 0.49205 0.62507 0.50983 0.62355 0.51947 0.62667 0.52908 0.63624 0.53553 0.66217 0.53812
4 0.74624 0.51288 0.75112 0.51967 0.75824 0.53338 0.76776 0.53434 0.77458 0.52886 0.78015 0.51716 0.78973 0.49188 0.79601 0.47100 0.80366 0.45088 0.80932 0.43154 0.81182 0.40405 0.80581 0.36919 0.79985 0.34582 0.79613 0.32937 0.79521 0.31173 0.79451 0.29029 0.79056 0.28474 0.78414 0.28536 0.77668 0.29020 0.75908 0.31913 0.74672 0.35491 0.73326 0.38122 0.71712 0.40327 0.71405 0.42028 0.71762 0.46351 0.71768 0.47719 0.72307 0.49718 0.73472 0.51051 0.74624 0.51288
4 0.74834 0.58370 0.75027 0.57715 0.75875 0.55080 0.76032 0.53522 0.75768 0.53375 0.75081 0.52053 0.74649 0.51272 0.73433 0.51133 0.72287 0.49764 0.71888 0.49226 0.71498 0.51802 0.70544 0.54657 0.69875 0.56503 0.69880 0.57374 0.71344 0.59795 0.71986 0.60952 0.72646 0.61426 0.73044 0.61067 0.73815 0.59817 0.74834 0.58370
4 0.90487 0.46456 0.90153 0.45302 0.89286 0.45886 0.88040 0.45271 0.86341 0.45078 0.84672 0.45345 0.83606 0.46202 0.82732 0.49784 0.83733 0.50444 0.84435 0.50987 0.84939 0.51573 0.85674 0.53145 0.87813 0.53552 0.89246 0.52336 0.90024 0.50522 0.90636 0.49100 0.90487 0.46456
4 0.88762 0.31050 0.88017 0.29182 0.87318 0.28197 0.86657 0.29787 0.85483 0.30859 0.84918 0.32082 0.84224 0.33175 0.84148 0.33656 0.84323 0.33957 0.84140 0.35350 0.84097 0.37968 0.84478 0.38849 0.84503 0.41040 0.84225 0.43731 0.83687 0.45724 0.84767 0.45238 0.86314 0.45100 0.88189 0.45234 0.89408 0.45755 0.90090 0.45206 0.91261 0.42275 0.91294 0.40420 0.90741 0.37106 0.89848 0.33355 0.88762 0.31050
4 0.21313 0.52700 0.20853 0.50527 0.21004 0.48450 0.21171 0.45983 0.21659 0.44879 0.20939 0.44634 0.19632 0.45280 0.19163 0.45140 0.18916 0.44445 0.18296 0.44412 0.17452 0.46641 0.17307 0.50096 0.17681 0.53371 0.16905 0.56858 0.16581 0.58907 0.16881 0.59545 0.17935 0.58530 0.19590 0.55970 0.20695 0.53783 0.21313 0.52700
1 0.84512 0.33393 0.84261 0.34303 0.84178 0.35777 0.85439 0.35154 0.87600 0.34009 0.88588 0.33342 0.88669 0.31741 0.88427 0.30279 0.87946 0.29918 0.87177 0.30429 0.86353 0.31691 0.85467 0.33070 0.84512 0.33393
4 0.43000 0.51540 0.44164 0.51686 0.46040 0.51907 0.47441 0.52357 0.49174 0.52176 0.49762 0.51889 0.50092 0.51106 0.50630 0.50811 0.51123 0.50472 0.51202 0.49155 0.51753 0.45672 0.52001 0.43623 0.51825 0.41962 0.51685 0.39585 0.51492 0.37541 0.50882 0.35850 0.49822 0.34390 0.48887 0.33445 0.47924 0.32837 0.46681 0.32374 0.45420 0.32668 0.44465 0.33808 0.42805 0.37115 0.41376 0.40269 0.40825 0.42118 0.40180 0.45700 0.40026 0.47651 0.39951 0.49917 0.40358 0.50932 0.41345 0.50898 0.41896 0.50681 0.43000 0.51540
4 0.70094 0.55799 0.71150 0.52643 0.71673 0.50247 0.71837 0.49324 0.71426 0.48863 0.70813 0.51034 0.70141 0.53011 0.68737 0.53949 0.65710 0.53813 0.64210 0.53549 0.64048 0.53892 0.64271 0.56328 0.64872 0.58084 0.65337 0.59450 0.66154 0.60635 0.66950 0.61156 0.67644 0.61187 0.68040 0.61065 0.68740 0.59594 0.69783 0.57306 0.70094 0.55799
4 0.31566 0.50033 0.33691 0.50635 0.36979 0.50586 0.38750 0.50487 0.39643 0.49907 0.40029 0.48449 0.40205 0.45704 0.40647 0.43078 0.40689 0.41831 0.40169 0.38597 0.39181 0.35705 0.38644 0.34367 0.38637 0.32125 0.38149 0.30643 0.37311 0.29409 0.36437 0.29384 0.35179 0.29830 0.34305 0.30945 0.33827 0.32655 0.33545 0.34927 0.32962 0.36164 0.32224 0.38212 0.31472 0.41169 0.30804 0.44405 0.30527 0.45994 0.30447 0.47804 0.30637 0.49050 0.31566 0.50033
1 0.84162 0.47833 0.83637 0.46800 0.83359 0.47199 0.83145 0.48273 0.82795 0.49674 0.83033 0.49933 0.83600 0.50434 0.84765 0.51093 0.84840 0.50757 0.84855 0.49304 0.84162 0.47833
4 0.84770 0.53526 0.84656 0.51799 0.84156 0.50884 0.83323 0.50107 0.82729 0.49785 0.82222 0.50540 0.81703 0.51369 0.80904 0.51850 0.80301 0.51907 0.80174 0.52874 0.79314 0.54713 0.78585 0.56382 0.80464 0.57401 0.81770 0.58444 0.82988 0.59396 0.83830 0.59302 0.84280 0.58575 0.84762 0.55537 0.84770 0.53526
4 0.19174 0.44956 0.19474 0.45345 0.20013 0.45203 0.20983 0.44786 0.21758 0.44947 0.22344 0.44508 0.23467 0.43775 0.24365 0.43158 0.24434 0.39788 0.24505 0.36077 0.25049 0.32973 0.24173 0.30024 0.23317 0.27762 0.22645 0.26136 0.22250 0.25694 0.21863 0.26506 0.21756 0.28654 0.21506 0.31045 0.20783 0.32678 0.20532 0.33283 0.19494 0.35436 0.19090 0.37005 0.19011 0.40600 0.18912 0.43509 0.18853 0.44373 0.19174 0.44956
