4 0.45751 0.43210 0.46600 0.41993 0.46715 0.41661 0.46876 0.39551 0.46893 0.38253 0.46500 0.38405 0.45352 0.38114 0.44258 0.37921 0.43068 0.38108 0.42588 0.38354 0.42499 0.38537 0.42283 0.39446 0.42153 0.40261 0.42095 0.41551 0.42318 0.42362 0.42414 0.43261 0.42499 0.43738 0.43711 0.43820 0.44664 0.44098 0.45083 0.43797 0.45751 0.43210
4 0.71256 0.42799 0.70842 0.43705 0.70347 0.44596 0.69738 0.44594 0.68571 0.43727 0.67996 0.42092 0.67732 0.41569 0.67611 0.41971 0.67697 0.43785 0.67657 0.44783 0.67583 0.45775 0.68309 0.46458 0.68827 0.47555 0.69710 0.47631 0.70884 0.47309 0.71681 0.47106 0.71895 0.45318 0.72052 0.44235 0.71872 0.43145 0.71445 0.43070 0.71256 0.42799
4 0.70365 0.44560 0.70724 0.43926 0.71329 0.42563 0.71734 0.41128 0.72257 0.39695 0.72770 0.38317 0.72805 0.37257 0.72597 0.36633 0.72233 0.36367 0.71031 0.36650 0.70336 0.37391 0.68965 0.38307 0.67742 0.38844 0.67286 0.39095 0.66868 0.39131 0.66840 0.39824 0.67107 0.40845 0.67386 0.41261 0.67739 0.41525 0.68012 0.41978 0.68459 0.43306 0.68652 0.43744 0.69179 0.44222 0.69785 0.44586 0.70365 0.44560
4 0.67651 0.43090 0.67606 0.42145 0.67514 0.41467 0.67126 0.41068 0.67070 0.40655 0.66890 0.40072 0.66806 0.39818 0.66637 0.40376 0.66475 0.41027 0.66252 0.41961 0.66004 0.42101 0.65650 0.41910 0.65290 0.41884 0.65118 0.42257 0.64814 0.42516 0.64343 0.42856 0.64171 0.42899 0.63748 0.42898 0.63935 0.44235 0.64643 0.45351 0.64863 0.46768 0.65559 0.47423 0.66604 0.47626 0.67236 0.47645 0.67401 0.47307 0.67586 0.45925 0.67660 0.44506 0.67651 0.43090
4 0.46831 0.38270 0.46965 0.37896 0.47186 0.36930 0.46131 0.36004 0.45254 0.35029 0.44879 0.34275 0.44322 0.33595 0.43872 0.33172 0.43462 0.33100 0.42910 0.33346 0.42252 0.34394 0.41807 0.35955 0.41703 0.37603 0.41705 0.38265 0.42397 0.38466 0.43069 0.38109 0.44187 0.37909 0.45554 0.38124 0.46472 0.38391 0.46831 0.38270
1 0.57978 0.40190 0.58380 0.40151 0.58640 0.39954 0.58685 0.39301 0.59278 0.38413 0.59961 0.37740 0.60491 0.37217 0.61004 0.36624 0.61111 0.35937 0.60647 0.35370 0.60018 0.35017 0.59008 0.34905 0.58324 0.35027 0.57928 0.35354 0.57001 0.36050 0.56435 0.36700 0.56008 0.37286 0.56501 0.37527 0.56743 0.38077 0.56640 0.38742 0.56802 0.39343 0.57354 0.39727 0.57891 0.40043 0.57978 0.40190
4 0.53460 0.41184 0.53498 0.40292 0.53765 0.39069 0.53699 0.37999 0.53338 0.37459 0.52868 0.36954 0.52690 0.36525 0.52715 0.36001 0.52429 0.35609 0.51396 0.35610 0.50556 0.35673 0.49928 0.35774 0.49546 0.36024 0.49336 0.36542 0.49035 0.37389 0.48885 0.38526 0.48700 0.40054 0.48579 0.41699 0.48970 0.42456 0.49881 0.43436 0.51286 0.43526 0.52337 0.43420 0.53134 0.42740 0.53460 0.41184
4 0.42105 0.40296 0.42372 0.39021 0.42460 0.38441 0.41684 0.38283 0.41852 0.35888 0.41316 0.35969 0.41007 0.36202 0.40494 0.37191 0.39149 0.38585 0.38045 0.39404 0.37777 0.40525 0.37591 0.41661 0.37435 0.42625 0.37434 0.43507 0.37508 0.43807 0.39245 0.43716 0.40363 0.42657 0.41672 0.41389 0.42088 0.41109 0.42105 0.40296
4 0.60809 0.45502 0.61358 0.46187 0.61889 0.46574 0.62380 0.46587 0.62738 0.46026 0.63092 0.45353 0.63397 0.44489 0.63556 0.43452 0.63635 0.43006 0.63204 0.43114 0.62748 0.43034 0.62395 0.42769 0.61984 0.42237 0.61646 0.41553 0.61495 0.40810 0.61580 0.40127 0.61478 0.39577 0.61255 0.39170 0.60880 0.38902 0.60531 0.38877 0.60305 0.39094 0.60139 0.39506 0.59825 0.40553 0.59608 0.41580 0.59470 0.41831 0.59388 0.42496 0.59684 0.42952 0.60010 0.43635 0.60525 0.44644 0.60809 0.45502
4 0.74363 0.41683 0.74757 0.40779 0.75248 0.39727 0.75550 0.39082 0.75681 0.38407 0.75730 0.37663 0.75589 0.37528 0.75385 0.37290 0.75233 0.36951 0.74368 0.37790 0.73232 0.38967 0.72516 0.39760 0.72075 0.40196 0.71705 0.41160 0.71260 0.42753 0.71437 0.43078 0.71802 0.43142 0.71953 0.43022 0.72162 0.42967 0.72449 0.43072 0.72796 0.43372 0.72980 0.43460 0.73565 0.43141 0.73953 0.42474 0.74363 0.41683
4 0.34720 0.41582 0.35868 0.40594 0.36708 0.40147 0.37446 0.39484 0.36700 0.39396 0.35952 0.39397 0.35595 0.39025 0.35466 0.38473 0.35406 0.37295 0.35272 0.35816 0.35186 0.34941 0.34523 0.34384 0.34317 0.34435 0.33776 0.35420 0.33096 0.36799 0.32710 0.37547 0.32720 0.38452 0.32810 0.39460 0.33090 0.40193 0.33133 0.41148 0.33340 0.41493 0.33790 0.41903 0.34720 0.41582
4 0.59210 0.42171 0.59358 0.41132 0.59630 0.39857 0.59741 0.39160 0.59623 0.38496 0.59518 0.38294 0.58982 0.38733 0.58654 0.39262 0.58715 0.39916 0.58401 0.40228 0.57958 0.40205 0.57589 0.39901 0.57108 0.39761 0.56678 0.39336 0.56598 0.38790 0.56280 0.38660 0.55983 0.38479 0.55560 0.38680 0.54866 0.39145 0.54720 0.39910 0.54418 0.41289 0.54691 0.42072 0.55329 0.43121 0.56016 0.43757 0.57012 0.44043 0.57945 0.43950 0.58549 0.43524 0.59092 0.42976 0.59210 0.42171
4 0.37501 0.39455 0.38291 0.39197 0.38890 0.38774 0.39859 0.37887 0.40538 0.37107 0.40992 0.36261 0.41181 0.35475 0.40660 0.34589 0.39898 0.33635 0.39031 0.32503 0.38400 0.31863 0.37828 0.31551 0.37214 0.31389 0.36827 0.31374 0.36189 0.31632 0.35649 0.32489 0.35368 0.33312 0.35221 0.34821 0.35303 0.36369 0.35419 0.37633 0.35520 0.38788 0.35747 0.39225 0.35983 0.39425 0.36620 0.39458 0.37501 0.39455
4 0.62070 0.42422 0.62641 0.43057 0.63387 0.43163 0.63967 0.43011 0.64449 0.42765 0.65041 0.42362 0.65304 0.41976 0.65522 0.41938 0.65827 0.41966 0.66174 0.42027 0.66359 0.41806 0.66617 0.40529 0.66854 0.39554 0.66996 0.38562 0.67046 0.37910 0.66853 0.36884 0.66628 0.36590 0.66308 0.36559 0.65654 0.36672 0.64982 0.37342 0.64361 0.37639 0.63797 0.38252 0.63191 0.38832 0.62450 0.39159 0.61729 0.39743 0.61620 0.40080 0.61539 0.40727 0.61641 0.41533 0.62070 0.42422
