4 0.32381 0.61550 0.33121 0.60265 0.33911 0.59362 0.33927 0.57983 0.32789 0.56408 0.32276 0.55328 0.31944 0.54106 0.31517 0.53253 0.31225 0.52286 0.30846 0.51594 0.29711 0.51181 0.28778 0.51319 0.28061 0.52103 0.26805 0.54504 0.25902 0.56935 0.25598 0.58258 0.25825 0.59972 0.26079 0.61846 0.27353 0.62585 0.28710 0.62860 0.30590 0.62648 0.32381 0.61550
1 0.49102 0.51929 0.49168 0.51495 0.48986 0.51018 0.48616 0.50777 0.48510 0.50872 0.48457 0.51475 0.48498 0.51814 0.48637 0.51972 0.48742 0.52212 0.48794 0.52573 0.49009 0.52194 0.49102 0.51929
2 0.65602 0.47937 0.66281 0.47303 0.67119 0.47376 0.67466 0.47316 0.67888 0.46871 0.68141 0.45807 0.68244 0.45092 0.64536 0.45190 0.60987 0.45754 0.60102 0.46219 0.59976 0.46510 0.60085 0.47334 0.60472 0.49811 0.60968 0.50578 0.61927 0.52713 0.62385 0.52995 0.63208 0.53006 0.63550 0.52553 0.64459 0.51125 0.65112 0.48950 0.65602 0.47937
1 0.62444 0.49855 0.62097 0.49109 0.61775 0.48633 0.61762 0.48328 0.62058 0.47990 0.62249 0.47656 0.62185 0.47371 0.61553 0.48031 0.61183 0.48665 0.61022 0.49306 0.61158 0.49875 0.61215 0.50511 0.61390 0.50914 0.61650 0.50719 0.62097 0.50685 0.62328 0.50450 0.62444 0.49855
4 0.40913 0.58468 0.40582 0.55803 0.40334 0.54809 0.39727 0.54097 0.37772 0.53487 0.35975 0.53706 0.34595 0.53930 0.34192 0.54711 0.33947 0.57513 0.33941 0.60212 0.34078 0.63424 0.34978 0.65574 0.36362 0.66730 0.38329 0.65051 0.39658 0.62061 0.40849 0.59686 0.40913 0.58468
4 0.76388 0.48798 0.76848 0.46537 0.77169 0.44656 0.77214 0.43745 0.75771 0.43697 0.72949 0.44078 0.70927 0.44868 0.69804 0.45554 0.68580 0.46389 0.68452 0.47450 0.68668 0.48776 0.69338 0.49881 0.70093 0.50810 0.71654 0.53299 0.72234 0.53638 0.73511 0.53985 0.74742 0.53465 0.75483 0.51569 0.76388 0.48798
4 0.49481 0.55703 0.49167 0.54985 0.47931 0.54532 0.46000 0.54363 0.44514 0.54610 0.42429 0.54773 0.42092 0.55276 0.41791 0.57039 0.41644 0.60164 0.42106 0.63719 0.43240 0.65826 0.44725 0.67023 0.46411 0.66166 0.47586 0.64449 0.48758 0.61571 0.49364 0.58956 0.49481 0.55703
4 0.57059 0.61387 0.57212 0.59392 0.57433 0.57340 0.57193 0.56503 0.56929 0.55696 0.56215 0.55728 0.54435 0.55980 0.51515 0.55411 0.50821 0.55444 0.50081 0.55536 0.49862 0.58278 0.49758 0.60905 0.49999 0.62934 0.50563 0.65337 0.51411 0.66635 0.53206 0.67639 0.54673 0.66889 0.55806 0.65419 0.56664 0.63266 0.57059 0.61387
4 0.70124 0.67004 0.71459 0.66859 0.71962 0.65748 0.72086 0.64997 0.71523 0.62136 0.71135 0.59269 0.70193 0.56921 0.69133 0.55586 0.68423 0.55065 0.67952 0.54806 0.67336 0.54862 0.66935 0.55307 0.66467 0.56333 0.65738 0.57686 0.65000 0.58820 0.64825 0.59654 0.64995 0.60868 0.65476 0.62675 0.66560 0.64731 0.67635 0.66067 0.68944 0.66705 0.70124 0.67004
4 0.77842 0.54164 0.77117 0.53151 0.76029 0.53192 0.74810 0.53357 0.74479 0.53689 0.73607 0.54019 0.72303 0.53770 0.71930 0.53556 0.71087 0.53211 0.70310 0.53143 0.69777 0.53729 0.69152 0.54669 0.69004 0.55334 0.70198 0.56839 0.71122 0.59360 0.71544 0.62108 0.72601 0.64143 0.74275 0.66007 0.75177 0.66718 0.76480 0.66290 0.77550 0.65073 0.78063 0.62994 0.78684 0.61061 0.78572 0.59243 0.78116 0.56537 0.77842 0.54164
4 0.45596 0.54373 0.46371 0.52973 0.46793 0.51880 0.46931 0.49444 0.47142 0.48182 0.46899 0.45789 0.46205 0.44260 0.41787 0.43685 0.40013 0.42438 0.38357 0.42142 0.37174 0.42754 0.36666 0.44253 0.36156 0.46355 0.35362 0.49110 0.35536 0.50857 0.35735 0.51741 0.36336 0.52622 0.36999 0.53357 0.38089 0.53528 0.41250 0.54407 0.44648 0.54592 0.45596 0.54373
4 0.57306 0.55665 0.58610 0.54536 0.59244 0.53312 0.59604 0.51498 0.59716 0.49926 0.59437 0.48810 0.59306 0.46577 0.59348 0.45526 0.58126 0.45721 0.55966 0.46021 0.52799 0.45782 0.50952 0.45093 0.49341 0.45140 0.48771 0.45919 0.48548 0.48460 0.48383 0.51495 0.48545 0.53656 0.49060 0.54944 0.49706 0.55602 0.50740 0.55542 0.52690 0.55637 0.54215 0.55997 0.55789 0.55796 0.57306 0.55665
1 0.46153 0.44887 0.45776 0.44728 0.45302 0.44875 0.44919 0.46057 0.45133 0.47123 0.45699 0.48157 0.46330 0.48442 0.46631 0.48196 0.46950 0.47742 0.47001 0.46846 0.46854 0.45807 0.46479 0.45146 0.46153 0.44887
1 0.50429 0.46564 0.50207 0.46377 0.49833 0.46030 0.49648 0.45909 0.49286 0.45898 0.48992 0.46229 0.48793 0.46902 0.48790 0.47740 0.48873 0.48543 0.48990 0.49119 0.49326 0.48792 0.49805 0.48583 0.50045 0.48080 0.50391 0.47315 0.50457 0.46880 0.50429 0.46564
4 0.66972 0.53413 0.67822 0.51264 0.68085 0.50451 0.68337 0.49165 0.68495 0.47558 0.68536 0.46097 0.68313 0.45058 0.64538 0.45172 0.61057 0.45704 0.59856 0.46279 0.60073 0.47187 0.60185 0.48295 0.60476 0.49759 0.60944 0.50584 0.61518 0.51994 0.62047 0.53113 0.63085 0.53204 0.63832 0.53243 0.64250 0.53044 0.65580 0.53186 0.66972 0.53413
4 0.64444 0.62567 0.64779 0.60650 0.64862 0.59465 0.64997 0.58159 0.64986 0.57091 0.64811 0.56229 0.63979 0.55685 0.62350 0.55417 0.61249 0.55572 0.60037 0.55560 0.59125 0.55700 0.58475 0.56429 0.58161 0.57875 0.57628 0.59899 0.57881 0.60831 0.58421 0.62793 0.58812 0.65494 0.59893 0.67001 0.61328 0.67816 0.62625 0.67585 0.63775 0.65677 0.64444 0.62567
