4 0.60248 0.58937 0.59735 0.59401 0.59094 0.59550 0.58510 0.59920 0.58113 0.60051 0.56846 0.66350 0.56381 0.69237 0.56645 0.70948 0.57067 0.72504 0.57934 0.72120 0.59187 0.70568 0.59618 0.69922 0.59761 0.68556 0.59930 0.66761 0.60137 0.64020 0.60252 0.62348 0.60248 0.58937
4 0.35059 0.52599 0.35507 0.52559 0.35808 0.51425 0.36251 0.50090 0.36641 0.49829 0.36821 0.47733 0.37511 0.42711 0.37514 0.39992 0.36916 0.37814 0.34667 0.38095 0.32951 0.37915 0.31510 0.37806 0.30889 0.37569 0.30783 0.41270 0.30823 0.44728 0.30635 0.47471 0.30733 0.49424 0.31200 0.51891 0.32037 0.54094 0.32855 0.54180 0.33697 0.53664 0.34378 0.53131 0.35059 0.52599
4 0.28051 0.66201 0.28279 0.64181 0.28309 0.62134 0.28485 0.61253 0.28973 0.59709 0.29439 0.58259 0.29376 0.57906 0.29217 0.57289 0.28876 0.56581 0.28418 0.55813 0.28011 0.54727 0.27599 0.53590 0.27259 0.53245 0.26271 0.53370 0.25632 0.54058 0.25289 0.54058 0.24993 0.54338 0.24371 0.54812 0.23665 0.55350 0.23046 0.56220 0.22481 0.57600 0.22143 0.58895 0.21775 0.62238 0.21641 0.64311 0.22973 0.66033 0.24371 0.67608 0.25344 0.68585 0.25769 0.69026 0.26387 0.67939 0.27333 0.67103 0.28051 0.66201
4 0.48609 0.59765 0.49740 0.59754 0.51505 0.59853 0.52394 0.59644 0.53108 0.58424 0.53727 0.54647 0.54070 0.49848 0.54203 0.46279 0.54048 0.41988 0.54030 0.39094 0.53711 0.37334 0.52039 0.37115 0.48775 0.37074 0.46839 0.37259 0.46249 0.39226 0.45605 0.42094 0.45406 0.44750 0.45289 0.47975 0.44957 0.53250 0.44926 0.56226 0.45041 0.57829 0.45481 0.58965 0.46688 0.59810 0.48609 0.59765
4 0.55102 0.74962 0.55654 0.74087 0.56391 0.69606 0.56957 0.65832 0.57824 0.61727 0.58199 0.60005 0.57861 0.59762 0.57321 0.60068 0.56690 0.59846 0.56191 0.59535 0.54301 0.59543 0.54056 0.60035 0.53522 0.63502 0.52586 0.67341 0.52192 0.69942 0.51452 0.72143 0.50923 0.73486 0.50555 0.74691 0.50643 0.76151 0.51755 0.76630 0.53283 0.75910 0.55102 0.74962
4 0.47485 0.69343 0.48145 0.65372 0.48480 0.61729 0.48799 0.59846 0.47210 0.59989 0.46175 0.59466 0.45184 0.58533 0.44980 0.57476 0.44843 0.56477 0.44643 0.56767 0.44254 0.57710 0.43297 0.58749 0.42896 0.58655 0.42770 0.59160 0.42186 0.62414 0.41075 0.69757 0.41251 0.71537 0.41545 0.74728 0.41794 0.76049 0.43696 0.76146 0.45372 0.76322 0.45865 0.76011 0.46580 0.74273 0.47485 0.69343
4 0.56350 0.59628 0.57046 0.59917 0.57712 0.59728 0.58472 0.59981 0.59180 0.59580 0.59716 0.59464 0.60232 0.58784 0.60695 0.57063 0.61274 0.53281 0.61400 0.50359 0.61358 0.48067 0.61464 0.44754 0.61533 0.42559 0.61343 0.40726 0.61039 0.39010 0.60818 0.38038 0.59921 0.37943 0.58034 0.37659 0.56766 0.37439 0.55905 0.37565 0.55400 0.39108 0.54691 0.40674 0.54180 0.41700 0.54110 0.44671 0.54151 0.48691 0.53722 0.54690 0.52981 0.58670 0.53440 0.59107 0.54741 0.59589 0.56350 0.59628
4 0.51484 0.72302 0.52318 0.68970 0.53153 0.65173 0.53772 0.61819 0.54121 0.59421 0.52946 0.58624 0.52503 0.59613 0.52058 0.59929 0.51116 0.59675 0.49999 0.59713 0.49113 0.59620 0.48737 0.60202 0.48433 0.62397 0.47995 0.66340 0.47079 0.71372 0.46388 0.74719 0.46679 0.75631 0.47328 0.76372 0.48254 0.76314 0.49327 0.75546 0.50614 0.74127 0.51484 0.72302
4 0.43502 0.58451 0.44246 0.57709 0.44688 0.56762 0.45076 0.51536 0.45391 0.46432 0.45218 0.42312 0.45131 0.39886 0.45019 0.38449 0.44808 0.37003 0.44022 0.36618 0.42358 0.37090 0.40473 0.37367 0.38666 0.37479 0.38359 0.38095 0.37594 0.41727 0.36962 0.47359 0.36642 0.51168 0.36630 0.53584 0.36852 0.55507 0.37280 0.56804 0.38263 0.57813 0.40249 0.58497 0.42149 0.58654 0.43502 0.58451
4 0.61401 0.59943 0.63157 0.59739 0.63883 0.57830 0.64520 0.54831 0.64791 0.51493 0.65119 0.47987 0.65232 0.44416 0.65047 0.41763 0.65014 0.39774 0.64258 0.39867 0.63110 0.38883 0.62140 0.38522 0.61202 0.40150 0.61494 0.42167 0.61496 0.44066 0.61418 0.46346 0.61374 0.49839 0.61323 0.53200 0.60825 0.56213 0.60203 0.58868 0.60754 0.59185 0.61401 0.59943
4 0.20347 0.50923 0.20948 0.50770 0.21837 0.50561 0.22085 0.50333 0.22690 0.49356 0.23469 0.49075 0.24277 0.48659 0.24361 0.46898 0.24653 0.44123 0.24815 0.42197 0.24925 0.40568 0.24055 0.39440 0.23501 0.37612 0.23047 0.35406 0.22595 0.35100 0.21751 0.34881 0.20496 0.34922 0.19668 0.35310 0.19178 0.39014 0.19026 0.41416 0.18459 0.44508 0.18290 0.47080 0.18316 0.48482 0.18623 0.49686 0.19148 0.49999 0.19445 0.50482 0.19937 0.50793 0.20347 0.50923
4 0.22651 0.57103 0.23110 0.56252 0.23908 0.55220 0.23179 0.54316 0.22559 0.53496 0.21836 0.52700 0.20853 0.52453 0.20327 0.52634 0.19899 0.52892 0.19149 0.52993 0.18380 0.52949 0.17950 0.53047 0.17419 0.53135 0.17178 0.53506 0.16802 0.54365 0.16437 0.55766 0.16834 0.56780 0.18684 0.59816 0.20172 0.62455 0.21310 0.63941 0.21607 0.64153 0.21733 0.62475 0.22172 0.58780 0.22651 0.57103
4 0.27176 0.53324 0.27355 0.53343 0.27626 0.53069 0.28141 0.52389 0.28592 0.52135 0.29267 0.51083 0.29665 0.50175 0.30061 0.49483 0.30487 0.49269 0.30722 0.48948 0.30663 0.46827 0.30903 0.44348 0.30824 0.42224 0.30821 0.40713 0.30171 0.39608 0.29415 0.37586 0.29201 0.36743 0.27962 0.36441 0.26344 0.35709 0.25581 0.35672 0.24975 0.40098 0.24564 0.44200 0.24287 0.47797 0.24300 0.49395 0.24511 0.50842 0.24931 0.52225 0.25735 0.53216 0.26064 0.53725 0.26672 0.53314 0.27176 0.53324
4 0.16662 0.47977 0.16929 0.47653 0.17670 0.47254 0.18273 0.47297 0.18336 0.46376 0.18428 0.44490 0.18992 0.41798 0.19005 0.41121 0.18715 0.39065 0.17986 0.36786 0.17467 0.35390 0.15836 0.35566 0.13352 0.36170 0.13151 0.37019 0.13049 0.40065 0.12836 0.42926 0.12960 0.45288 0.13657 0.47641 0.13983 0.48918 0.14359 0.49232 0.14818 0.49280 0.15730 0.48952 0.16284 0.48559 0.16662 0.47977
4 0.32234 0.73038 0.33425 0.73702 0.33799 0.73742 0.34612 0.71069 0.35331 0.67427 0.35942 0.64014 0.35930 0.62124 0.35811 0.60193 0.35572 0.58826 0.35214 0.58015 0.34717 0.57409 0.34401 0.56687 0.34081 0.56263 0.33504 0.56022 0.33035 0.55985 0.32613 0.55929 0.32079 0.55803 0.31467 0.55989 0.30881 0.56317 0.30364 0.56442 0.29828 0.57405 0.29226 0.58871 0.28636 0.60877 0.28355 0.61957 0.28219 0.64581 0.28001 0.66657 0.27695 0.68633 0.27527 0.70234 0.28984 0.71167 0.30344 0.71820 0.32234 0.73038
4 0.37384 0.75618 0.39504 0.75840 0.40409 0.72428 0.41515 0.66308 0.42562 0.60213 0.42662 0.58724 0.41825 0.58696 0.40214 0.58557 0.38557 0.57933 0.37484 0.57071 0.37063 0.56277 0.36921 0.55633 0.36826 0.55473 0.36528 0.55771 0.36177 0.56304 0.35991 0.56884 0.35726 0.59404 0.35801 0.60821 0.35908 0.62871 0.35873 0.64666 0.35467 0.67471 0.35231 0.69845 0.35224 0.71913 0.35546 0.74045 0.35704 0.74812 0.37384 0.75618
