4 0.61286 0.69495 0.61647 0.68808 0.61647 0.67434 0.61628 0.65631 0.61547 0.62883 0.61487 0.61209 0.61126 0.57817 0.60665 0.58332 0.60042 0.58547 0.59501 0.58976 0.59120 0.59148 0.58518 0.65545 0.58357 0.68465 0.58799 0.70139 0.59380 0.71642 0.60203 0.71169 0.61286 0.69495
4 0.30778 0.51441 0.31500 0.53845 0.32564 0.55949 0.33386 0.55949 0.34169 0.55348 0.34791 0.54747 0.35413 0.54146 0.35854 0.54060 0.36035 0.52901 0.36336 0.51527 0.36697 0.51226 0.36657 0.49123 0.36817 0.44056 0.36536 0.41352 0.35714 0.39248 0.33507 0.39763 0.31781 0.39763 0.30337 0.39806 0.29695 0.39634 0.29975 0.43327 0.30377 0.46761 0.30477 0.49509 0.30778 0.51441
4 0.24797 0.68771 0.26352 0.70190 0.27422 0.71061 0.27890 0.71454 0.28392 0.70309 0.29245 0.69379 0.29865 0.68407 0.29880 0.66374 0.29696 0.64334 0.29780 0.63440 0.30103 0.61853 0.30415 0.60363 0.30315 0.60018 0.30092 0.59421 0.29679 0.58753 0.29144 0.58037 0.28625 0.57000 0.28097 0.55912 0.27723 0.55604 0.26753 0.55832 0.26190 0.56582 0.25849 0.56619 0.25583 0.56928 0.25015 0.57465 0.24368 0.58073 0.23844 0.59003 0.23426 0.60434 0.23225 0.61758 0.23209 0.65121 0.23292 0.67197 0.24797 0.68771
4 0.45103 0.48479 0.45324 0.53760 0.45605 0.56722 0.45887 0.58304 0.46443 0.59388 0.47732 0.60103 0.49638 0.59856 0.50761 0.59728 0.52527 0.59642 0.53389 0.59341 0.53971 0.58053 0.54192 0.54232 0.54032 0.49423 0.53791 0.45860 0.53189 0.41609 0.52868 0.38733 0.52366 0.37015 0.50681 0.36972 0.47431 0.37273 0.45525 0.37659 0.45143 0.39677 0.44802 0.42597 0.44882 0.45259 0.45103 0.48479
4 0.53759 0.71870 0.53373 0.73261 0.53133 0.74498 0.53373 0.75940 0.54529 0.76301 0.55974 0.75425 0.57683 0.74292 0.58140 0.73364 0.58405 0.68830 0.58574 0.65018 0.59007 0.60845 0.59200 0.59093 0.58839 0.58887 0.58333 0.59248 0.57683 0.59093 0.57153 0.58835 0.55275 0.59041 0.55083 0.59556 0.54914 0.63060 0.54385 0.66975 0.54264 0.69603 0.53759 0.71870
4 0.44176 0.75477 0.44562 0.76765 0.46464 0.76662 0.48149 0.76662 0.48606 0.76301 0.49136 0.74498 0.49521 0.69500 0.49762 0.65481 0.49714 0.61823 0.49834 0.59917 0.48269 0.60226 0.47186 0.59814 0.46102 0.58990 0.45790 0.57959 0.45549 0.56981 0.45380 0.57290 0.45091 0.58268 0.44249 0.59402 0.43839 0.59351 0.43767 0.59866 0.43526 0.63163 0.43189 0.70582 0.43550 0.72334 0.44176 0.75477
4 0.53530 0.44271 0.53991 0.48264 0.54192 0.54275 0.53871 0.58311 0.54373 0.58697 0.55717 0.59041 0.57322 0.58912 0.58044 0.59126 0.58686 0.58869 0.59469 0.59041 0.60131 0.58568 0.60652 0.58396 0.61094 0.57667 0.61375 0.55906 0.61555 0.52085 0.61375 0.49166 0.61094 0.46890 0.60853 0.43584 0.60693 0.41395 0.60311 0.39591 0.59830 0.37917 0.59509 0.36972 0.58606 0.36972 0.56700 0.36886 0.55416 0.36801 0.54573 0.37015 0.54232 0.38604 0.53690 0.40235 0.53289 0.41309 0.53530 0.44271
4 0.48992 0.74961 0.49377 0.75837 0.50099 0.76507 0.51014 0.76352 0.52001 0.75477 0.53133 0.73931 0.53807 0.72025 0.54288 0.68624 0.54722 0.64760 0.54986 0.61360 0.55083 0.58938 0.53831 0.58268 0.53494 0.59299 0.53085 0.59660 0.52122 0.59505 0.51014 0.59660 0.50123 0.59660 0.49810 0.60278 0.49738 0.62493 0.49714 0.66460 0.49329 0.71561 0.48992 0.74961
4 0.37078 0.54962 0.37499 0.56851 0.38061 0.58096 0.39145 0.58998 0.41191 0.59470 0.43097 0.59427 0.44421 0.59084 0.45083 0.58268 0.45424 0.57280 0.45264 0.52042 0.45043 0.46933 0.44441 0.42854 0.44100 0.40450 0.43839 0.39033 0.43478 0.37616 0.42656 0.37316 0.41050 0.37960 0.39205 0.38432 0.37419 0.38733 0.37178 0.39377 0.36797 0.43069 0.36757 0.48736 0.36837 0.52558 0.37078 0.54962
4 0.60973 0.45173 0.61294 0.48651 0.61595 0.51999 0.61415 0.55048 0.61074 0.57752 0.61656 0.58010 0.62378 0.58697 0.64103 0.58311 0.64625 0.56335 0.64946 0.53287 0.64866 0.49938 0.64826 0.46418 0.64565 0.42854 0.64103 0.40235 0.63862 0.38260 0.63120 0.38432 0.61876 0.37573 0.60873 0.37316 0.60111 0.39033 0.60612 0.41008 0.60813 0.42897 0.60973 0.45173
4 0.18158 0.50411 0.18331 0.51802 0.18762 0.52967 0.19317 0.53223 0.19663 0.53674 0.20185 0.53932 0.20606 0.54017 0.21188 0.53802 0.22050 0.53502 0.22273 0.53249 0.22773 0.52214 0.23518 0.51853 0.24278 0.51355 0.24177 0.49595 0.24177 0.46804 0.24137 0.44872 0.24077 0.43241 0.23094 0.42210 0.22351 0.40450 0.21669 0.38303 0.21188 0.38046 0.20325 0.37917 0.19081 0.38089 0.18299 0.38561 0.18198 0.42296 0.18299 0.44700 0.18058 0.47835 0.18158 0.50411
4 0.19882 0.63035 0.21637 0.65504 0.22925 0.66864 0.23242 0.67043 0.23192 0.65361 0.23242 0.61640 0.23543 0.59923 0.23911 0.59028 0.24597 0.57919 0.23777 0.57096 0.23075 0.56345 0.22273 0.55629 0.21269 0.55486 0.20765 0.55722 0.20366 0.56023 0.19631 0.56202 0.18862 0.56238 0.18444 0.56381 0.17925 0.56524 0.17725 0.56917 0.17441 0.57812 0.17223 0.59243 0.17725 0.60209 0.19882 0.63035
4 0.24378 0.52085 0.24739 0.53502 0.25301 0.54833 0.26204 0.55734 0.26585 0.56207 0.27147 0.55734 0.27648 0.55692 0.27829 0.55692 0.28070 0.55391 0.28511 0.54661 0.28932 0.54361 0.29494 0.53244 0.29795 0.52300 0.30116 0.51570 0.30517 0.51312 0.30718 0.50969 0.30437 0.48865 0.30417 0.46375 0.30116 0.44271 0.29955 0.42768 0.29193 0.41738 0.28230 0.39806 0.27929 0.38990 0.26665 0.38819 0.24980 0.38260 0.24217 0.38303 0.24077 0.42768 0.24097 0.46890 0.24197 0.50497 0.24378 0.52085
4 0.13609 0.51452 0.14067 0.52689 0.14474 0.52962 0.14936 0.52962 0.15808 0.52540 0.16318 0.52091 0.16633 0.51473 0.16864 0.51123 0.17560 0.50649 0.18165 0.50628 0.18131 0.49706 0.18025 0.47820 0.18304 0.45084 0.18247 0.44410 0.17743 0.42395 0.16780 0.40205 0.16118 0.38871 0.14515 0.39216 0.12107 0.40077 0.11996 0.40942 0.12213 0.43982 0.12301 0.46850 0.12670 0.49185 0.13609 0.51452
4 0.29863 0.66778 0.29863 0.68865 0.29765 0.70863 0.29765 0.72473 0.31312 0.73248 0.32733 0.73755 0.34739 0.74768 0.35993 0.75305 0.36369 0.75305 0.36899 0.72562 0.37233 0.68865 0.37484 0.65407 0.37275 0.63528 0.36955 0.61620 0.36573 0.60286 0.36133 0.59516 0.35575 0.58966 0.35185 0.58281 0.34823 0.57893 0.34224 0.57714 0.33754 0.57725 0.33328 0.57714 0.32783 0.57645 0.32195 0.57894 0.31646 0.58281 0.31145 0.58459 0.30712 0.59473 0.30267 0.60994 0.29890 0.63051 0.29723 0.64154 0.29863 0.66778
4 0.37484 0.66062 0.37372 0.68895 0.37386 0.71280 0.37595 0.73337 0.38139 0.75425 0.38376 0.76170 0.40131 0.76796 0.42263 0.76796 0.42806 0.73308 0.43266 0.67106 0.43670 0.60934 0.43614 0.59443 0.42778 0.59503 0.41162 0.59533 0.39448 0.59086 0.38292 0.58340 0.37790 0.57595 0.37581 0.56969 0.37470 0.56820 0.37205 0.57148 0.36912 0.57714 0.36787 0.58310 0.36787 0.60845 0.37010 0.62246 0.37331 0.64274 0.37484 0.66062
