4 0.60702 0.58388 0.60214 0.58879 0.59581 0.59061 0.59018 0.59461 0.58628 0.59613 0.57692 0.65970 0.57379 0.68877 0.57732 0.70572 0.58235 0.72103 0.59081 0.71674 0.60251 0.70059 0.60647 0.69392 0.60719 0.68020 0.60794 0.66218 0.60857 0.63470 0.60885 0.61795 0.60702 0.58388
4 0.35216 0.53377 0.35661 0.53314 0.35902 0.52166 0.36275 0.50810 0.36651 0.50528 0.36721 0.48426 0.37146 0.43375 0.37007 0.40659 0.36296 0.38515 0.34065 0.38914 0.32342 0.38824 0.30897 0.38791 0.30265 0.38586 0.30352 0.42288 0.30573 0.45739 0.30530 0.48488 0.30729 0.50433 0.31324 0.52872 0.32276 0.55028 0.33098 0.55071 0.33911 0.54512 0.34563 0.53945 0.35216 0.53377
4 0.28929 0.67328 0.29050 0.65298 0.28974 0.63252 0.29104 0.62363 0.29510 0.60796 0.29899 0.59324 0.29818 0.58974 0.29627 0.58366 0.29249 0.57677 0.28752 0.56935 0.28288 0.55872 0.27817 0.54758 0.27460 0.54431 0.26480 0.54607 0.25878 0.55327 0.25536 0.55346 0.25254 0.55641 0.24658 0.56147 0.23981 0.56721 0.23409 0.57622 0.22917 0.59029 0.22647 0.60341 0.22454 0.63698 0.22429 0.65775 0.23849 0.67426 0.25328 0.68925 0.26351 0.69850 0.26798 0.70268 0.27359 0.69150 0.28259 0.68266 0.28929 0.67328
4 0.49122 0.59824 0.50251 0.59754 0.52019 0.59761 0.52896 0.59506 0.53544 0.58250 0.53965 0.54445 0.54056 0.49635 0.54002 0.46064 0.53624 0.41787 0.53454 0.38898 0.53043 0.37157 0.51362 0.37026 0.48100 0.37156 0.46177 0.37442 0.45690 0.39437 0.45197 0.42335 0.45138 0.44997 0.45190 0.48225 0.45134 0.53510 0.45259 0.56483 0.45458 0.58077 0.45957 0.59189 0.47206 0.59970 0.49122 0.59824
4 0.56401 0.74660 0.56907 0.73758 0.57408 0.69245 0.57776 0.65446 0.58427 0.61301 0.58711 0.59562 0.58362 0.59337 0.57838 0.59671 0.57197 0.59483 0.56681 0.59197 0.54795 0.59305 0.54576 0.59809 0.54224 0.63299 0.53490 0.67182 0.53232 0.69800 0.52609 0.72037 0.52151 0.73406 0.51846 0.74628 0.52011 0.76081 0.53146 0.76502 0.54635 0.75703 0.56401 0.74660
4 0.48501 0.69448 0.48952 0.65448 0.49095 0.61792 0.49315 0.59895 0.47736 0.60122 0.46676 0.59654 0.45637 0.58773 0.45379 0.57728 0.45189 0.56738 0.45005 0.57038 0.44665 0.58000 0.43764 0.59088 0.43358 0.59015 0.43259 0.59526 0.42846 0.62806 0.42121 0.70197 0.42390 0.71965 0.42851 0.75137 0.43168 0.76443 0.45073 0.76440 0.46756 0.76528 0.47232 0.76192 0.47855 0.74419 0.48501 0.69448
4 0.56845 0.59283 0.57555 0.59535 0.58210 0.59311 0.58983 0.59524 0.59668 0.59087 0.60198 0.58942 0.60677 0.58237 0.61050 0.56493 0.61430 0.52687 0.61403 0.49762 0.61241 0.47475 0.61174 0.44161 0.61128 0.41966 0.60842 0.40145 0.60449 0.38448 0.60178 0.37488 0.59276 0.37440 0.57377 0.37255 0.56099 0.37102 0.55247 0.37273 0.54823 0.38841 0.54196 0.40442 0.53740 0.41493 0.53825 0.44464 0.54077 0.48475 0.53963 0.54488 0.53431 0.58502 0.53912 0.58914 0.55236 0.59327 0.56845 0.59283
4 0.52649 0.72194 0.53308 0.68823 0.53943 0.64987 0.54385 0.61605 0.54608 0.59192 0.53393 0.58458 0.53002 0.59469 0.52575 0.59808 0.51621 0.59603 0.50507 0.59700 0.49617 0.59653 0.49272 0.60254 0.49084 0.62462 0.48853 0.66423 0.48201 0.71496 0.47687 0.74874 0.48025 0.75769 0.48712 0.76476 0.49633 0.76369 0.50665 0.75546 0.51876 0.74062 0.52649 0.72194
4 0.43953 0.58779 0.44657 0.57999 0.45050 0.57031 0.45163 0.51791 0.45210 0.46678 0.44823 0.42573 0.44608 0.40155 0.44422 0.38726 0.44135 0.37292 0.43330 0.36949 0.41693 0.37508 0.39825 0.37883 0.38026 0.38090 0.37752 0.38720 0.37178 0.42387 0.36841 0.48045 0.36721 0.51865 0.36836 0.54279 0.37158 0.56187 0.37654 0.57460 0.38688 0.58417 0.40707 0.58996 0.42613 0.59052 0.43953 0.58779
4 0.61906 0.59333 0.63649 0.59037 0.64273 0.57092 0.64753 0.54065 0.64849 0.50717 0.64993 0.47199 0.64919 0.43626 0.64595 0.40987 0.64458 0.39002 0.63708 0.39135 0.62510 0.38212 0.61522 0.37902 0.60671 0.39577 0.61068 0.41576 0.61170 0.43473 0.61211 0.45754 0.61350 0.49243 0.61475 0.52603 0.61135 0.55638 0.60653 0.58321 0.61220 0.58609 0.61906 0.59333
4 0.20436 0.52473 0.21028 0.52289 0.21905 0.52034 0.22141 0.51794 0.22694 0.50786 0.23457 0.50465 0.24242 0.50007 0.24234 0.48244 0.24380 0.45457 0.24441 0.43526 0.24466 0.41893 0.23538 0.40813 0.22889 0.39016 0.22320 0.36837 0.21853 0.36554 0.20998 0.36380 0.19747 0.36487 0.18941 0.36917 0.18645 0.40643 0.18619 0.43048 0.18215 0.46166 0.18180 0.48744 0.18280 0.50142 0.18650 0.51328 0.19190 0.51613 0.19512 0.52081 0.20020 0.52366 0.20436 0.52473
4 0.23060 0.58525 0.23474 0.57650 0.24217 0.56579 0.23442 0.55714 0.22780 0.54927 0.22016 0.54170 0.21022 0.53975 0.20506 0.54184 0.20092 0.54464 0.19348 0.54604 0.18578 0.54600 0.18153 0.54720 0.17628 0.54836 0.17407 0.55219 0.17076 0.56097 0.16784 0.57515 0.17235 0.58506 0.19241 0.61441 0.20865 0.63999 0.22079 0.65424 0.22387 0.65619 0.22425 0.63937 0.22670 0.60224 0.23060 0.58525
4 0.27381 0.54514 0.27561 0.54523 0.27817 0.54236 0.28296 0.53530 0.28733 0.53252 0.29352 0.52167 0.29702 0.51239 0.30061 0.50527 0.30475 0.50291 0.30694 0.49958 0.30523 0.47843 0.30633 0.45355 0.30443 0.43238 0.30361 0.41729 0.29654 0.40660 0.28793 0.38680 0.28535 0.37850 0.27282 0.37613 0.25628 0.36967 0.24865 0.36970 0.24491 0.41422 0.24295 0.45539 0.24207 0.49146 0.24304 0.50741 0.24590 0.52175 0.25082 0.53534 0.25936 0.54481 0.26292 0.54973 0.26878 0.54530 0.27381 0.54514
4 0.16602 0.49725 0.16851 0.49387 0.17571 0.48950 0.18175 0.48961 0.18190 0.48038 0.18183 0.46150 0.18605 0.43432 0.18583 0.42755 0.18185 0.40717 0.17338 0.38480 0.16747 0.37113 0.15128 0.37374 0.12678 0.38107 0.12522 0.38966 0.12580 0.42012 0.12517 0.44881 0.12764 0.47233 0.13583 0.49546 0.13975 0.50804 0.14367 0.51099 0.14829 0.51123 0.15722 0.50747 0.16255 0.50326 0.16602 0.49725
4 0.33464 0.73936 0.34688 0.74537 0.35064 0.74557 0.35736 0.71846 0.36263 0.68171 0.36695 0.64730 0.36584 0.62844 0.36364 0.60921 0.36053 0.59569 0.35654 0.58778 0.35126 0.58199 0.34772 0.57494 0.34430 0.57088 0.33841 0.56878 0.33372 0.56864 0.32947 0.56831 0.32407 0.56733 0.31806 0.56951 0.31238 0.57309 0.30728 0.57461 0.30243 0.58451 0.29718 0.59946 0.29235 0.61981 0.29010 0.63074 0.29012 0.65701 0.28903 0.67785 0.28701 0.69775 0.28617 0.71383 0.30120 0.72238 0.31513 0.72818 0.33464 0.73936
4 0.38742 0.76243 0.40871 0.76354 0.41596 0.72899 0.42380 0.66730 0.43107 0.60588 0.43129 0.59096 0.42291 0.59112 0.40675 0.59057 0.38988 0.58521 0.37872 0.57716 0.37410 0.56945 0.37234 0.56309 0.37130 0.56155 0.36849 0.56468 0.36526 0.57019 0.36370 0.57607 0.36238 0.60138 0.36387 0.61550 0.36601 0.63591 0.36660 0.65385 0.36401 0.68208 0.36290 0.70591 0.36391 0.72656 0.36824 0.74769 0.37022 0.75526 0.38742 0.76243
