4 0.21029 0.47309 0.23440 0.45505 0.25184 0.43588 0.26312 0.41441 0.26465 0.39174 0.26001 0.36677 0.24846 0.34126 0.23684 0.32177 0.21443 0.31602 0.19709 0.30783 0.18939 0.29155 0.18794 0.27592 0.18907 0.26371 0.18139 0.25180 0.17170 0.24240 0.15806 0.24893 0.14509 0.25755 0.14038 0.27306 0.13567 0.28857 0.13323 0.31411 0.13367 0.36217 0.13349 0.39119 0.13623 0.42357 0.14196 0.45110 0.14956 0.46466 0.16342 0.47668 0.17700 0.48055 0.19407 0.48058 0.21029 0.47309
4 0.86572 0.78820 0.88307 0.80076 0.88998 0.80349 0.90687 0.79590 0.92214 0.77379 0.94057 0.75009 0.95470 0.73801 0.97035 0.73334 0.98024 0.72467 0.98211 0.70414 0.98288 0.67886 0.97997 0.64541 0.97322 0.60491 0.96581 0.56890 0.96092 0.54452 0.95230 0.52237 0.94468 0.50880 0.91831 0.51681 0.90299 0.51924 0.89587 0.53677 0.88449 0.54897 0.86985 0.55785 0.84845 0.56069 0.83791 0.57166 0.82950 0.57682 0.81419 0.58143 0.80430 0.58573 0.79391 0.59777 0.78436 0.60857 0.78215 0.62260 0.78418 0.63759 0.79530 0.66044 0.80693 0.67993 0.82181 0.70710 0.82718 0.72594 0.84492 0.76032 0.86572 0.78820
4 1.00000 0.73108 0.98198 0.72056 0.98100 0.72728 0.96910 0.73409 0.95429 0.73753 0.93900 0.75307 0.92788 0.76905 0.91659 0.78397 0.90604 0.79712 0.89115 0.80440 0.88365 0.80012 0.87816 0.80427 0.87146 0.82448 0.86997 0.86463 0.87885 0.88620 0.89690 0.91396 0.91543 0.93400 0.93425 0.92993 0.95129 0.92121 0.96019 0.91488 0.96716 0.90284 0.98042 0.91113 0.98950 0.91461 1.00000 0.90876 1.00000 0.73108
4 0.74925 0.22092 0.74653 0.19948 0.73824 0.17727 0.72302 0.15015 0.70039 0.12366 0.67794 0.10042 0.66475 0.09047 0.65167 0.08543 0.63211 0.08908 0.62222 0.09776 0.61633 0.10798 0.61877 0.11690 0.61564 0.13599 0.60954 0.15993 0.60123 0.16780 0.60032 0.17287 0.60703 0.19150 0.61446 0.19961 0.62082 0.21611 0.63095 0.23693 0.65106 0.25616 0.67157 0.26494 0.70229 0.26063 0.72043 0.25666 0.73788 0.24186 0.74925 0.22092
4 0.83601 0.40023 0.83601 0.36140 0.83410 0.32780 0.82533 0.28106 0.81434 0.24616 0.80095 0.21766 0.78583 0.19544 0.77024 0.18752 0.75609 0.19085 0.74612 0.20118 0.74933 0.22145 0.73872 0.24283 0.72177 0.25864 0.70912 0.26064 0.70763 0.26634 0.70345 0.29818 0.70193 0.32303 0.70658 0.35456 0.71929 0.37442 0.74165 0.39276 0.76233 0.40698 0.78509 0.41924 0.80691 0.41906 0.82630 0.41216 0.83601 0.40023
4 0.20058 0.62940 0.22338 0.62469 0.23767 0.61149 0.24495 0.58846 0.24757 0.57055 0.24759 0.54265 0.23771 0.51687 0.22560 0.50293 0.20924 0.48802 0.19989 0.47856 0.18691 0.48062 0.16575 0.47850 0.14807 0.46599 0.14355 0.45468 0.13746 0.45072 0.12545 0.44605 0.11220 0.44214 0.10630 0.44580 0.10134 0.46190 0.09770 0.47123 0.09875 0.49513 0.10023 0.51950 0.10502 0.54335 0.11173 0.56198 0.11628 0.58423 0.11831 0.59703 0.12940 0.60676 0.15141 0.61640 0.17589 0.61580 0.18766 0.62543 0.20058 0.62940
4 0.43929 0.07204 0.42641 0.04892 0.40545 0.02435 0.39062 0.02123 0.37215 0.02525 0.34263 0.04360 0.31968 0.05817 0.30574 0.08007 0.29249 0.11279 0.28790 0.14633 0.28769 0.16441 0.29333 0.18704 0.31169 0.20819 0.32345 0.21562 0.34128 0.22046 0.36779 0.23048 0.39085 0.22737 0.41298 0.21840 0.42502 0.20391 0.43547 0.18585 0.44599 0.16176 0.45201 0.13510 0.44812 0.10838 0.43929 0.07204
4 0.17922 0.98303 0.19494 0.98920 0.21017 0.98915 0.22032 0.96943 0.23526 0.94895 0.24362 0.93345 0.25015 0.90643 0.24334 0.86341 0.23597 0.84173 0.22724 0.85178 0.20999 0.85766 0.18862 0.84687 0.17852 0.83587 0.15895 0.82716 0.14623 0.82130 0.12571 0.81274 0.10974 0.80818 0.09606 0.80247 0.09352 0.79263 0.08883 0.78472 0.07842 0.79660 0.07668 0.81972 0.07432 0.83899 0.07486 0.86725 0.08068 0.89153 0.08373 0.91389 0.08376 0.92649 0.09246 0.95661 0.09572 0.96790 0.10115 0.98043 0.11123 0.98513 0.12250 0.98178 0.13448 0.97988 0.14839 0.97767 0.16384 0.96972 0.17020 0.97264 0.17922 0.98303
4 0.82709 0.57665 0.83823 0.56942 0.84812 0.56074 0.86835 0.55699 0.88381 0.54689 0.89628 0.53507 0.90341 0.52191 0.90395 0.50159 0.90071 0.47256 0.89784 0.45224 0.89562 0.42743 0.89233 0.41100 0.88230 0.39509 0.87062 0.38600 0.86095 0.38097 0.84571 0.38175 0.83532 0.38722 0.83635 0.40018 0.82381 0.41366 0.80616 0.42082 0.78809 0.41876 0.78411 0.42595 0.77448 0.43842 0.76270 0.46107 0.75785 0.48644 0.75765 0.50890 0.76577 0.52785 0.77949 0.55630 0.78734 0.56490 0.79853 0.57735 0.81220 0.58175 0.82709 0.57665
4 0.27205 0.31346 0.29293 0.30523 0.30106 0.29191 0.31917 0.27482 0.32347 0.26101 0.32132 0.23018 0.32070 0.21551 0.31086 0.20723 0.29759 0.19457 0.29064 0.18090 0.28719 0.16340 0.28625 0.15316 0.27415 0.14359 0.25416 0.13801 0.24334 0.14081 0.23122 0.15695 0.22068 0.17229 0.21006 0.19587 0.19608 0.23033 0.18839 0.25725 0.18802 0.27645 0.18998 0.29528 0.19734 0.30943 0.21284 0.31463 0.23659 0.32235 0.25672 0.31370 0.27205 0.31346
4 0.61524 0.13988 0.61977 0.11893 0.60779 0.08637 0.59147 0.05450 0.57185 0.03190 0.53817 0.01536 0.50567 0.00629 0.46730 0.01182 0.45360 0.02876 0.44682 0.05280 0.44289 0.07967 0.44729 0.10961 0.45192 0.13457 0.46870 0.15215 0.48099 0.17154 0.49302 0.18932 0.50878 0.20049 0.53137 0.20730 0.55243 0.20233 0.57488 0.19112 0.59566 0.17142 0.60812 0.15960 0.61524 0.13988
4 0.14172 0.81810 0.16456 0.83089 0.17890 0.83737 0.18591 0.84500 0.21218 0.85999 0.22956 0.85122 0.23835 0.83560 0.24886 0.80714 0.25221 0.77654 0.25181 0.75035 0.25361 0.73584 0.26353 0.70365 0.26479 0.67282 0.26183 0.65196 0.24829 0.63113 0.23395 0.62028 0.22363 0.62629 0.20033 0.62998 0.18432 0.62377 0.17472 0.61490 0.15257 0.61512 0.13399 0.60768 0.11998 0.59896 0.11427 0.58236 0.10852 0.57835 0.09578 0.57763 0.07979 0.57798 0.07234 0.59775 0.06890 0.62127 0.07363 0.65333 0.08088 0.69047 0.08178 0.71985 0.08529 0.76141 0.08959 0.78206 0.09379 0.79780 0.09746 0.80378 0.11538 0.80914 0.14172 0.81810
