4 0.55930 0.84513 0.56934 0.83130 0.57684 0.81865 0.57679 0.81448 0.57440 0.81199 0.57135 0.80016 0.57102 0.79052 0.56785 0.77973 0.56254 0.77114 0.54407 0.76976 0.52962 0.76895 0.52012 0.76997 0.51688 0.77771 0.51409 0.78724 0.51252 0.80037 0.51200 0.82022 0.51423 0.83967 0.51694 0.85492 0.52263 0.87079 0.52968 0.87929 0.53905 0.87932 0.54967 0.86677 0.55930 0.84513
2 0.43355 0.55086 0.43002 0.54847 0.42384 0.55292 0.42139 0.55868 0.41818 0.57838 0.41873 0.59375 0.42527 0.60881 0.43314 0.60164 0.43996 0.59339 0.44885 0.58654 0.44974 0.57485 0.44445 0.56461 0.43902 0.55625 0.43355 0.55086
4 0.50650 0.77486 0.50217 0.76857 0.49627 0.76523 0.48963 0.76427 0.48287 0.76462 0.47737 0.76882 0.47186 0.77302 0.46708 0.78136 0.46277 0.79176 0.46012 0.80077 0.45790 0.82462 0.45714 0.83014 0.45685 0.84111 0.46255 0.85046 0.47360 0.86267 0.48354 0.86345 0.49482 0.85347 0.51282 0.83240 0.51084 0.81142 0.51372 0.80004 0.51033 0.78510 0.50650 0.77486
4 0.87787 0.81602 0.87508 0.82061 0.87307 0.82478 0.86088 0.81655 0.84694 0.80893 0.83935 0.80646 0.83122 0.81367 0.82714 0.81857 0.82137 0.81445 0.81539 0.81293 0.81027 0.81789 0.80717 0.82510 0.80453 0.83097 0.80152 0.83322 0.81294 0.86236 0.82833 0.88112 0.84144 0.87625 0.85642 0.86712 0.87177 0.85536 0.88854 0.84092 0.90058 0.82881 0.89620 0.82263 0.88803 0.81680 0.87787 0.81602
4 0.58232 0.67182 0.59609 0.67292 0.60927 0.67275 0.62274 0.66813 0.63063 0.66302 0.63731 0.66137 0.64327 0.65584 0.64890 0.64720 0.65183 0.63688 0.65082 0.62753 0.64734 0.61754 0.64706 0.61208 0.64908 0.60102 0.64893 0.58824 0.64340 0.57888 0.62804 0.57395 0.60068 0.57173 0.57917 0.56869 0.57048 0.56862 0.56228 0.57114 0.55724 0.58418 0.56129 0.59858 0.56117 0.61945 0.55863 0.63054 0.55779 0.64441 0.55786 0.65562 0.56005 0.66099 0.56550 0.66565 0.57186 0.67106 0.58232 0.67182
4 0.63802 0.84363 0.63990 0.82291 0.63980 0.80779 0.63780 0.79615 0.63372 0.78463 0.62793 0.77684 0.62033 0.77411 0.60345 0.77343 0.58991 0.77336 0.58572 0.77619 0.58271 0.78834 0.58143 0.80354 0.57985 0.81327 0.57753 0.81862 0.57942 0.83808 0.58589 0.86226 0.59568 0.88340 0.61413 0.88113 0.62748 0.86428 0.63802 0.84363
2 0.51181 0.55705 0.50778 0.55484 0.49839 0.55594 0.49144 0.55947 0.48934 0.56335 0.48797 0.56992 0.48981 0.57616 0.49296 0.58068 0.49895 0.58187 0.50649 0.58193 0.51123 0.57655 0.51553 0.57044 0.51685 0.56508 0.51537 0.55973 0.51181 0.55705
4 0.53675 0.66524 0.54382 0.65708 0.54751 0.64881 0.54762 0.62497 0.54618 0.61715 0.55016 0.58602 0.54052 0.57713 0.52485 0.56418 0.50791 0.55470 0.49869 0.55590 0.49155 0.55968 0.47946 0.57251 0.47250 0.59071 0.46943 0.61153 0.46812 0.63445 0.47031 0.64842 0.47613 0.66002 0.48257 0.66375 0.49963 0.66993 0.52955 0.66859 0.53675 0.66524
4 0.68946 0.65603 0.69383 0.65997 0.69669 0.66165 0.70558 0.66223 0.71567 0.66274 0.72398 0.66230 0.73162 0.65903 0.74459 0.65157 0.75435 0.64220 0.75721 0.63396 0.75961 0.62340 0.76201 0.60632 0.75391 0.59083 0.74775 0.57263 0.74197 0.56172 0.72894 0.54831 0.71914 0.54335 0.70943 0.54360 0.69758 0.54604 0.68883 0.55798 0.68152 0.57741 0.67207 0.59590 0.66578 0.60510 0.66453 0.61429 0.66369 0.62477 0.66555 0.63692 0.67158 0.64967 0.67882 0.65527 0.68584 0.65648 0.68946 0.65603
4 0.46472 0.63307 0.46757 0.62791 0.46495 0.62147 0.46482 0.59926 0.46377 0.58710 0.45340 0.57606 0.44295 0.56347 0.43568 0.55195 0.43005 0.54787 0.42389 0.55351 0.42048 0.55995 0.41547 0.59151 0.41463 0.61128 0.41477 0.63380 0.41817 0.64709 0.42500 0.65424 0.43419 0.65470 0.44436 0.65010 0.45446 0.64393 0.46069 0.63954 0.46472 0.63307
4 0.77326 0.88687 0.79080 0.88361 0.80429 0.87611 0.81014 0.86511 0.80836 0.85112 0.80266 0.83499 0.79437 0.81612 0.78621 0.80272 0.77813 0.78775 0.77411 0.78040 0.77072 0.77875 0.76220 0.78181 0.75727 0.78702 0.74433 0.80179 0.73883 0.80938 0.73264 0.81727 0.72601 0.82648 0.72034 0.83747 0.72118 0.85022 0.72971 0.86411 0.74460 0.87976 0.77326 0.88687
4 0.72175 0.84131 0.71817 0.82272 0.70742 0.79981 0.69698 0.78601 0.68101 0.77276 0.66221 0.76853 0.65058 0.77175 0.64494 0.78013 0.64245 0.78887 0.63984 0.79865 0.64171 0.82777 0.64213 0.83896 0.64769 0.84911 0.66088 0.86224 0.67207 0.86713 0.68840 0.86732 0.70450 0.85995 0.71905 0.85267 0.72175 0.84131
4 0.82659 0.70571 0.83948 0.68677 0.84944 0.66486 0.85290 0.63468 0.85655 0.60501 0.84053 0.58420 0.82258 0.57288 0.80330 0.57259 0.78994 0.57616 0.78116 0.58418 0.76816 0.60104 0.76281 0.61827 0.76115 0.62958 0.76502 0.63381 0.76712 0.64074 0.77557 0.65308 0.78814 0.67433 0.79706 0.69212 0.80516 0.70761 0.80835 0.71214 0.81438 0.71470 0.81837 0.71449 0.82659 0.70571
4 0.45559 0.83361 0.45876 0.82146 0.45995 0.80417 0.46006 0.79608 0.45380 0.77632 0.44837 0.76878 0.44391 0.76640 0.43876 0.76745 0.43626 0.76941 0.43328 0.77557 0.42884 0.79015 0.42530 0.80207 0.42230 0.81110 0.41727 0.81788 0.41676 0.82469 0.42000 0.83678 0.42865 0.84624 0.43913 0.84074 0.45044 0.83466 0.45559 0.83361
