4 0.65333 0.57751 0.64287 0.54619 0.63886 0.53224 0.63346 0.52614 0.62628 0.52151 0.62197 0.52519 0.62066 0.52854 0.61683 0.53260 0.61048 0.55237 0.60804 0.56321 0.60650 0.57969 0.60215 0.58525 0.58348 0.65132 0.58413 0.65696 0.60188 0.67228 0.62235 0.68989 0.64379 0.70865 0.65314 0.71744 0.67620 0.71522 0.68395 0.71611 0.67852 0.68262 0.67153 0.65323 0.66287 0.61894 0.65333 0.57751
4 0.72520 0.40544 0.72763 0.40369 0.74189 0.37827 0.75035 0.37527 0.75920 0.40109 0.76709 0.41383 0.77679 0.42570 0.79032 0.42504 0.80011 0.41440 0.80995 0.38396 0.81759 0.34178 0.81738 0.30216 0.81587 0.28547 0.80478 0.28483 0.77889 0.27087 0.75510 0.25785 0.74081 0.25085 0.73097 0.24662 0.72030 0.27300 0.71142 0.29986 0.70847 0.33132 0.70779 0.35337 0.70505 0.37268 0.69928 0.39329 0.70351 0.40912 0.70670 0.41548 0.71485 0.41337 0.72520 0.40544
4 0.28282 0.39187 0.28997 0.37804 0.29877 0.37279 0.29570 0.34212 0.30190 0.29631 0.29195 0.26462 0.28130 0.23832 0.27407 0.22244 0.26454 0.21777 0.25041 0.21843 0.24244 0.22819 0.23996 0.26687 0.23807 0.32356 0.23814 0.35417 0.23957 0.37536 0.24335 0.39928 0.25270 0.41430 0.25932 0.41352 0.27229 0.41015 0.27836 0.40665 0.28282 0.39187
4 0.30887 0.62890 0.30913 0.61390 0.30067 0.58223 0.28887 0.57040 0.28610 0.55684 0.28310 0.54253 0.28171 0.53613 0.27525 0.51914 0.27033 0.51417 0.26592 0.50884 0.26111 0.51176 0.25150 0.53185 0.23761 0.59689 0.23105 0.62829 0.22824 0.63199 0.22382 0.65555 0.22029 0.67162 0.23081 0.67105 0.24880 0.67249 0.26380 0.67313 0.27029 0.67399 0.27550 0.67709 0.28501 0.66225 0.30060 0.64376 0.30887 0.62890
4 0.69957 0.39419 0.70632 0.36865 0.70845 0.33267 0.70722 0.31734 0.69974 0.29830 0.69773 0.27576 0.68902 0.25850 0.67859 0.25426 0.66247 0.26614 0.63597 0.28728 0.62897 0.29257 0.62488 0.30330 0.62656 0.34475 0.62637 0.39021 0.62301 0.41041 0.62737 0.41904 0.63874 0.42149 0.64475 0.42115 0.66055 0.42773 0.67804 0.42353 0.68778 0.41560 0.69957 0.39419
4 0.36065 0.61555 0.35700 0.52319 0.35701 0.50856 0.35907 0.50522 0.36491 0.50044 0.37170 0.49868 0.37698 0.49690 0.38229 0.49362 0.37258 0.49120 0.35835 0.48907 0.33413 0.48640 0.32713 0.48590 0.32609 0.48776 0.32160 0.48730 0.31729 0.49023 0.31145 0.49501 0.30604 0.50392 0.30200 0.52035 0.29979 0.54658 0.30080 0.56085 0.30234 0.57251 0.30695 0.59547 0.31647 0.62340 0.32171 0.63850 0.32670 0.65360 0.33055 0.64841 0.33764 0.64328 0.34047 0.63883 0.34413 0.62989 0.35301 0.62291 0.36065 0.61555
4 0.20390 0.57829 0.21720 0.54739 0.22990 0.52247 0.24207 0.49867 0.25051 0.48869 0.26033 0.48511 0.25407 0.47112 0.24470 0.46270 0.23394 0.46289 0.22050 0.47316 0.21098 0.48800 0.19931 0.51143 0.18918 0.53264 0.18387 0.55056 0.18457 0.56783 0.18160 0.59441 0.17822 0.61574 0.17917 0.61913 0.18580 0.61174 0.19915 0.59247 0.20390 0.57829
4 0.71389 0.52042 0.70539 0.50526 0.70071 0.50105 0.68767 0.50270 0.67956 0.50856 0.67133 0.52117 0.66615 0.53159 0.66013 0.56112 0.65796 0.57046 0.65217 0.57261 0.66523 0.62686 0.67278 0.65326 0.68739 0.66214 0.70338 0.67780 0.71685 0.69492 0.73132 0.69705 0.73793 0.67690 0.74144 0.64808 0.74368 0.61998 0.73772 0.58874 0.72686 0.55103 0.71389 0.52042
4 0.40819 0.41747 0.41663 0.41581 0.43490 0.41838 0.45172 0.41823 0.45568 0.41515 0.46120 0.40849 0.46757 0.40455 0.46872 0.40727 0.47570 0.40334 0.48055 0.40072 0.48719 0.39904 0.48916 0.38917 0.49435 0.36720 0.49313 0.33386 0.49507 0.30869 0.49112 0.27710 0.48653 0.26442 0.47703 0.24129 0.47054 0.23443 0.46388 0.23746 0.45252 0.23456 0.44142 0.23437 0.41551 0.22176 0.39519 0.21600 0.39120 0.22133 0.38511 0.24329 0.37531 0.27103 0.36725 0.31996 0.36364 0.35501 0.36481 0.39105 0.36969 0.40419 0.37466 0.41148 0.38667 0.41169 0.40461 0.41605 0.40819 0.41747
4 0.60532 0.54703 0.60263 0.54361 0.60080 0.53345 0.59546 0.52397 0.58409 0.51627 0.56336 0.51366 0.53265 0.51012 0.52137 0.51105 0.51830 0.51513 0.51998 0.51891 0.51720 0.57813 0.51195 0.62081 0.51851 0.63180 0.52545 0.65031 0.53965 0.66819 0.55465 0.68308 0.56574 0.67878 0.58111 0.65804 0.58988 0.62892 0.60161 0.58749 0.60560 0.55979 0.60532 0.54703
4 0.42533 0.62268 0.43425 0.61345 0.43316 0.57554 0.43434 0.53692 0.43374 0.51402 0.43712 0.50658 0.43421 0.50128 0.41149 0.49825 0.38303 0.49438 0.36593 0.49933 0.36112 0.50225 0.35702 0.50781 0.35905 0.56374 0.36037 0.61704 0.36478 0.63700 0.36611 0.64678 0.37451 0.66718 0.38075 0.68230 0.38341 0.68797 0.38815 0.68881 0.39576 0.68256 0.40579 0.66735 0.41543 0.64539 0.42533 0.62268
4 0.52512 0.42761 0.55423 0.42857 0.57822 0.43079 0.59139 0.43327 0.60337 0.43483 0.61480 0.43368 0.62103 0.42073 0.62693 0.39247 0.62714 0.34611 0.62463 0.30059 0.61959 0.26269 0.61205 0.24725 0.59465 0.24605 0.54900 0.24705 0.53196 0.24225 0.52265 0.24254 0.52042 0.24970 0.51112 0.26665 0.49756 0.30378 0.49339 0.33612 0.49433 0.36855 0.49063 0.39100 0.48909 0.41033 0.49048 0.41665 0.50033 0.42043 0.50744 0.42550 0.52512 0.42761
4 0.51672 0.57700 0.51837 0.53951 0.51893 0.52189 0.51829 0.51550 0.51260 0.51203 0.50633 0.51229 0.49534 0.51135 0.46568 0.50445 0.43894 0.50249 0.43347 0.51477 0.43338 0.57742 0.43400 0.61345 0.44203 0.62672 0.45072 0.64488 0.45793 0.66189 0.46718 0.67668 0.47657 0.68360 0.48554 0.68563 0.49777 0.67309 0.50624 0.64660 0.51202 0.61669 0.51672 0.57700
4 0.79029 0.47260 0.78361 0.48262 0.77868 0.49266 0.77079 0.50040 0.76327 0.51527 0.77060 0.52553 0.78025 0.57447 0.78199 0.58988 0.79525 0.60437 0.80860 0.61361 0.81639 0.61149 0.82940 0.58283 0.83605 0.56044 0.83512 0.52778 0.82543 0.49498 0.81578 0.47455 0.80387 0.46871 0.79029 0.47260
4 0.75962 0.50958 0.75567 0.50651 0.74893 0.50565 0.74551 0.50071 0.74255 0.49803 0.73679 0.49830 0.73132 0.49633 0.72504 0.49772 0.72175 0.49992 0.71440 0.50504 0.71104 0.51136 0.71415 0.51967 0.73774 0.58724 0.74345 0.61885 0.74444 0.63350 0.75647 0.64684 0.76571 0.66238 0.77515 0.66592 0.77938 0.65362 0.77727 0.63070 0.78215 0.60940 0.77974 0.57521 0.77521 0.54812 0.77010 0.52552 0.75962 0.50958
4 0.36966 0.40599 0.36420 0.39149 0.36275 0.35410 0.37075 0.29166 0.36157 0.28430 0.34754 0.26244 0.34576 0.24395 0.33839 0.23617 0.33001 0.23467 0.32362 0.23906 0.31772 0.25022 0.30641 0.27928 0.30244 0.29992 0.29602 0.34123 0.29932 0.37550 0.30439 0.39495 0.31446 0.40278 0.33306 0.40400 0.35280 0.40795 0.36420 0.40905 0.36966 0.40599
4 0.25720 0.52107 0.26187 0.51140 0.26742 0.50887 0.26983 0.51416 0.27549 0.51952 0.28125 0.53387 0.28382 0.54442 0.28574 0.53433 0.28390 0.52529 0.28150 0.50499 0.27495 0.49325 0.26730 0.48711 0.25780 0.48657 0.25051 0.48832 0.24156 0.49942 0.21695 0.54776 0.20363 0.57979 0.19938 0.59360 0.20008 0.61087 0.20008 0.63938 0.20105 0.65590 0.20643 0.66275 0.21332 0.65499 0.22336 0.63903 0.23107 0.62754 0.24720 0.54904 0.25097 0.53372 0.25720 0.52107
