4 0.65692 0.71474 0.67993 0.71211 0.68769 0.71286 0.68168 0.67948 0.67418 0.65022 0.66492 0.61608 0.65466 0.57482 0.64365 0.54369 0.63940 0.52981 0.63390 0.52381 0.62664 0.51930 0.62239 0.52306 0.62114 0.52643 0.61738 0.53056 0.61138 0.55044 0.60913 0.56132 0.60788 0.57782 0.60362 0.58345 0.58611 0.64984 0.58686 0.65547 0.60488 0.67047 0.62564 0.68773 0.64741 0.70611 0.65692 0.71474
4 0.70520 0.34976 0.70280 0.36912 0.69739 0.38982 0.70189 0.40558 0.70520 0.41188 0.71330 0.40963 0.72351 0.40153 0.72591 0.39973 0.73972 0.37407 0.74813 0.37092 0.75744 0.39658 0.76554 0.40918 0.77545 0.42088 0.78896 0.41998 0.79857 0.40918 0.80788 0.37857 0.81478 0.33626 0.81388 0.29665 0.81208 0.27999 0.80097 0.27954 0.77485 0.26604 0.75083 0.25344 0.73642 0.24668 0.72651 0.24263 0.71631 0.26919 0.70790 0.29620 0.70550 0.32771 0.70520 0.34976
4 0.23743 0.37992 0.24164 0.40378 0.25124 0.41863 0.25785 0.41773 0.27076 0.41413 0.27676 0.41053 0.28097 0.39568 0.28787 0.38172 0.29658 0.37632 0.29298 0.34571 0.29838 0.29980 0.28787 0.26829 0.27676 0.24218 0.26926 0.22643 0.25965 0.22193 0.24554 0.22282 0.23773 0.23273 0.23593 0.27144 0.23503 0.32816 0.23563 0.35877 0.23743 0.37992
4 0.25185 0.67685 0.26686 0.67722 0.27337 0.67798 0.27862 0.68098 0.28788 0.66597 0.30314 0.64722 0.31115 0.63221 0.31115 0.61721 0.30214 0.58570 0.29013 0.57407 0.28713 0.56057 0.28387 0.54631 0.28237 0.53994 0.27562 0.52306 0.27061 0.51818 0.26611 0.51293 0.26136 0.51593 0.25210 0.53619 0.23934 0.60145 0.23333 0.63296 0.23058 0.63672 0.22658 0.66035 0.22333 0.67648 0.23383 0.67573 0.25185 0.67685
4 0.62594 0.41683 0.63735 0.41908 0.64335 0.41863 0.65926 0.42494 0.67668 0.42043 0.68628 0.41233 0.69769 0.39072 0.70400 0.36507 0.70550 0.32906 0.70400 0.31375 0.69619 0.29485 0.69379 0.27234 0.68478 0.25524 0.67427 0.25118 0.65836 0.26334 0.63224 0.28494 0.62534 0.29035 0.62143 0.30115 0.62383 0.34256 0.62443 0.38802 0.62143 0.40828 0.62594 0.41683
4 0.32941 0.65660 0.33316 0.65134 0.34017 0.64609 0.34292 0.64159 0.34642 0.63259 0.35518 0.62546 0.36269 0.61796 0.35743 0.52568 0.35718 0.51105 0.35918 0.50768 0.36494 0.50280 0.37169 0.50092 0.37695 0.49905 0.38220 0.49567 0.37244 0.49342 0.35818 0.49155 0.33391 0.48930 0.32691 0.48892 0.32591 0.49080 0.32140 0.49042 0.31715 0.49342 0.31140 0.49830 0.30614 0.50730 0.30239 0.52381 0.30064 0.55006 0.30189 0.56432 0.30364 0.57595 0.30864 0.59883 0.31865 0.62659 0.32415 0.64159 0.32941 0.65660
4 0.18580 0.57332 0.18330 0.59995 0.18029 0.62133 0.18129 0.62471 0.18780 0.61721 0.20081 0.59770 0.20531 0.58345 0.21807 0.55232 0.23033 0.52718 0.24209 0.50317 0.25035 0.49305 0.26010 0.48930 0.25360 0.47542 0.24409 0.46717 0.23333 0.46754 0.22008 0.47804 0.21082 0.49305 0.19956 0.51668 0.18980 0.53806 0.18480 0.55607 0.18580 0.57332
4 0.73472 0.69298 0.74098 0.67273 0.74398 0.64384 0.74573 0.61571 0.73923 0.58457 0.72772 0.54706 0.71421 0.51668 0.70545 0.50167 0.70070 0.49755 0.68769 0.49942 0.67968 0.50543 0.67168 0.51818 0.66667 0.52868 0.66117 0.55832 0.65917 0.56769 0.65341 0.56995 0.66742 0.62396 0.67543 0.65022 0.69019 0.65885 0.70645 0.67423 0.72022 0.69110 0.73472 0.69298
4 0.36113 0.35742 0.36293 0.39343 0.36803 0.40648 0.37314 0.41368 0.38515 0.41368 0.40316 0.41773 0.40677 0.41908 0.41517 0.41728 0.43348 0.41953 0.45030 0.41908 0.45420 0.41593 0.45961 0.40918 0.46591 0.40513 0.46711 0.40783 0.47402 0.40378 0.47882 0.40108 0.48543 0.39928 0.48723 0.38937 0.49203 0.36732 0.49023 0.33401 0.49173 0.30880 0.48723 0.27729 0.48242 0.26469 0.47252 0.24173 0.46591 0.23498 0.45930 0.23813 0.44790 0.23543 0.43679 0.23543 0.41067 0.22328 0.39025 0.21787 0.38635 0.22328 0.38065 0.24533 0.37134 0.27324 0.36413 0.32230 0.36113 0.35742
4 0.55784 0.68210 0.56885 0.67760 0.58386 0.65660 0.59211 0.62734 0.60312 0.58570 0.60663 0.55794 0.60613 0.54519 0.60337 0.54181 0.60137 0.53168 0.59587 0.52231 0.58436 0.51480 0.56359 0.51255 0.53282 0.50955 0.52156 0.51068 0.51856 0.51480 0.52031 0.51855 0.51856 0.57782 0.51405 0.62059 0.52081 0.63146 0.52806 0.64984 0.54258 0.66748 0.55784 0.68210
4 0.38395 0.68435 0.38670 0.68998 0.39146 0.69073 0.39896 0.68435 0.40872 0.66897 0.41798 0.64684 0.42749 0.62396 0.43624 0.61458 0.43449 0.57670 0.43499 0.53806 0.43399 0.51518 0.43724 0.50768 0.43424 0.50243 0.41147 0.49980 0.38295 0.49642 0.36594 0.50167 0.36118 0.50468 0.35718 0.51030 0.36018 0.56619 0.36244 0.61946 0.36719 0.63934 0.36869 0.64909 0.37745 0.66935 0.38395 0.68435
4 0.49203 0.36867 0.48873 0.39117 0.48753 0.41053 0.48903 0.41683 0.49894 0.42043 0.50614 0.42538 0.52386 0.42719 0.55298 0.42764 0.57700 0.42944 0.59021 0.43169 0.60222 0.43304 0.61363 0.43169 0.61963 0.41863 0.62504 0.39028 0.62443 0.34391 0.62113 0.29845 0.61543 0.26064 0.60762 0.24533 0.59021 0.24443 0.54457 0.24623 0.52746 0.24173 0.51815 0.24218 0.51605 0.24938 0.50704 0.26649 0.49413 0.30385 0.49053 0.33626 0.49203 0.36867
4 0.47027 0.67722 0.47978 0.68398 0.48878 0.68585 0.50079 0.67310 0.50880 0.64647 0.51405 0.61646 0.51806 0.57670 0.51906 0.53919 0.51931 0.52156 0.51856 0.51518 0.51280 0.51180 0.50655 0.51218 0.49554 0.51143 0.46577 0.50505 0.43900 0.50355 0.43374 0.51593 0.43474 0.57857 0.43599 0.61458 0.44425 0.62771 0.45326 0.64572 0.46076 0.66260 0.47027 0.67722
4 0.83080 0.57707 0.83706 0.55457 0.83555 0.52193 0.82530 0.48930 0.81529 0.46904 0.80328 0.46341 0.78977 0.46754 0.78326 0.47767 0.77851 0.48780 0.77075 0.49567 0.76350 0.51068 0.77100 0.52080 0.78151 0.56957 0.78351 0.58495 0.79702 0.59920 0.81053 0.60821 0.81829 0.60595 0.83080 0.57707
4 0.78201 0.64872 0.77951 0.62584 0.78401 0.60445 0.78101 0.57032 0.77601 0.54331 0.77050 0.52080 0.75975 0.50505 0.75574 0.50205 0.74899 0.50130 0.74548 0.49642 0.74248 0.49380 0.73673 0.49417 0.73122 0.49230 0.72497 0.49380 0.72172 0.49605 0.71446 0.50130 0.71121 0.50768 0.71446 0.51593 0.73923 0.58308 0.74548 0.61458 0.74673 0.62921 0.75899 0.64234 0.76850 0.65772 0.77801 0.66110 0.78201 0.64872
4 0.29718 0.37902 0.30258 0.39838 0.31279 0.40603 0.33141 0.40693 0.35122 0.41053 0.36263 0.41143 0.36803 0.40828 0.36233 0.39388 0.36023 0.35652 0.36713 0.29395 0.35783 0.28674 0.34342 0.26514 0.34131 0.24668 0.33381 0.23903 0.32540 0.23768 0.31910 0.24218 0.31339 0.25344 0.30258 0.28269 0.29898 0.30340 0.29328 0.34481 0.29718 0.37902
4 0.20932 0.66785 0.21607 0.65997 0.22583 0.64384 0.23333 0.63221 0.24810 0.55344 0.25160 0.53806 0.25760 0.52531 0.26211 0.51555 0.26761 0.51293 0.27011 0.51818 0.27587 0.52343 0.28187 0.53768 0.28462 0.54819 0.28637 0.53806 0.28437 0.52906 0.28162 0.50880 0.27487 0.49718 0.26711 0.49117 0.25760 0.49080 0.25035 0.49267 0.24159 0.50392 0.21782 0.55269 0.20506 0.58495 0.20106 0.59883 0.20206 0.61608 0.20256 0.64459 0.20381 0.66110 0.20932 0.66785
