4 0.18949 0.33041 0.18185 0.31749 0.16810 0.30595 0.16342 0.30432 0.15731 0.30381 0.14600 0.30299 0.13327 0.30519 0.13166 0.30853 0.13731 0.33808 0.14933 0.37754 0.15843 0.39690 0.16778 0.40740 0.17728 0.40623 0.18734 0.39870 0.19680 0.38809 0.19314 0.36933 0.19066 0.34727 0.18949 0.33041
4 0.75280 0.58404 0.75900 0.57535 0.75595 0.56363 0.74272 0.51726 0.73293 0.49011 0.72115 0.47304 0.71553 0.47108 0.70286 0.46206 0.69814 0.46302 0.69100 0.46843 0.68787 0.47788 0.68174 0.50471 0.67639 0.54657 0.67135 0.57780 0.67056 0.60208 0.67692 0.60999 0.68222 0.61161 0.70425 0.61797 0.72317 0.60771 0.74056 0.59386 0.75280 0.58404
4 0.23390 0.47192 0.22205 0.45606 0.20659 0.41835 0.20151 0.41501 0.19542 0.41710 0.19005 0.41904 0.18376 0.42559 0.17837 0.43494 0.17639 0.50552 0.18116 0.53223 0.18167 0.53636 0.19074 0.54179 0.20413 0.55198 0.21591 0.55811 0.22648 0.54083 0.23486 0.49647 0.24051 0.47402 0.23390 0.47192
4 0.30145 0.50701 0.31383 0.50014 0.32458 0.49819 0.32805 0.50091 0.33512 0.49280 0.33318 0.48611 0.32374 0.47498 0.31473 0.46727 0.31129 0.47211 0.30746 0.47384 0.29938 0.47010 0.29778 0.46432 0.29340 0.45604 0.28715 0.44893 0.28323 0.44626 0.27331 0.45850 0.25709 0.47246 0.24065 0.47542 0.23451 0.49665 0.22991 0.52493 0.22665 0.54769 0.22721 0.56683 0.25462 0.58016 0.28468 0.59127 0.28953 0.57241 0.28814 0.54644 0.29418 0.52082 0.30145 0.50701
4 0.28842 0.43877 0.28504 0.42068 0.27977 0.37779 0.27453 0.34142 0.25866 0.31943 0.23911 0.29897 0.23152 0.29392 0.21644 0.29414 0.20423 0.29564 0.19019 0.30117 0.19027 0.33653 0.19425 0.37523 0.19950 0.39907 0.20883 0.42459 0.22335 0.45764 0.23282 0.47172 0.24358 0.47420 0.25669 0.47369 0.27203 0.45983 0.28842 0.43877
4 0.43073 0.46301 0.44934 0.46481 0.45602 0.46399 0.45988 0.46124 0.46241 0.45821 0.48511 0.45905 0.51071 0.45727 0.51696 0.45559 0.52045 0.45245 0.51902 0.44083 0.50861 0.39812 0.49398 0.36046 0.47701 0.31946 0.46139 0.30006 0.45256 0.29389 0.43615 0.29953 0.41463 0.30036 0.40414 0.30165 0.38954 0.29845 0.38250 0.31202 0.37764 0.33030 0.37542 0.35687 0.38188 0.42003 0.38769 0.45423 0.39000 0.45985 0.40097 0.45986 0.41269 0.46069 0.42186 0.45911 0.43073 0.46301
4 0.71473 0.47050 0.72081 0.47259 0.73355 0.49055 0.74342 0.51800 0.75922 0.57369 0.76734 0.57774 0.77646 0.57536 0.78615 0.56850 0.79076 0.56037 0.78455 0.52618 0.77238 0.48736 0.76484 0.46970 0.75129 0.44334 0.73898 0.42343 0.72938 0.41642 0.72097 0.41179 0.71044 0.41371 0.70039 0.42313 0.69493 0.43703 0.69333 0.45140 0.68875 0.46519 0.68254 0.47666 0.68371 0.48439 0.68581 0.48507 0.69057 0.46906 0.69817 0.46340 0.70313 0.46185 0.71473 0.47050
4 0.42928 0.63902 0.44494 0.64246 0.44990 0.63901 0.45703 0.61861 0.45718 0.57607 0.45024 0.54322 0.44625 0.51254 0.45000 0.50294 0.45418 0.49865 0.45289 0.48999 0.45106 0.48423 0.44715 0.48156 0.43208 0.47932 0.41332 0.47438 0.40400 0.47332 0.40061 0.47311 0.39579 0.47212 0.38451 0.46973 0.37232 0.46902 0.36548 0.47175 0.35953 0.47437 0.35185 0.47941 0.34937 0.48286 0.35023 0.48622 0.34684 0.48790 0.34899 0.49078 0.35785 0.51363 0.36499 0.53165 0.37268 0.55590 0.37632 0.57466 0.37945 0.60010 0.38334 0.61537 0.38877 0.62857 0.39681 0.63199 0.41505 0.63447 0.42928 0.63902
4 0.54478 0.46397 0.56266 0.46767 0.57060 0.46398 0.57641 0.45873 0.59061 0.45608 0.60991 0.44509 0.61810 0.44138 0.62081 0.43922 0.62572 0.43453 0.63243 0.43174 0.63904 0.42620 0.63359 0.38821 0.62505 0.34754 0.61367 0.31538 0.60681 0.29627 0.59858 0.26596 0.57040 0.27307 0.56063 0.27746 0.54852 0.28164 0.52554 0.28629 0.51271 0.30011 0.50471 0.31379 0.49667 0.32974 0.50586 0.35990 0.51458 0.40464 0.52195 0.44365 0.52451 0.44877 0.52897 0.45095 0.53303 0.45770 0.54478 0.46397
4 0.32104 0.45462 0.32812 0.45898 0.34728 0.46452 0.36479 0.46710 0.36943 0.46703 0.37471 0.46431 0.37922 0.45532 0.38348 0.44456 0.38316 0.43122 0.37922 0.39001 0.37223 0.34385 0.36430 0.33193 0.34550 0.31568 0.32465 0.29826 0.31696 0.29333 0.30970 0.30010 0.30771 0.30758 0.29969 0.31042 0.29762 0.30430 0.29562 0.30183 0.28645 0.33125 0.27727 0.37320 0.28505 0.42394 0.28860 0.43994 0.29367 0.44460 0.29683 0.44764 0.30378 0.44940 0.31026 0.45355 0.31541 0.45608 0.32104 0.45462
4 0.60777 0.64211 0.61394 0.61018 0.61930 0.58086 0.62242 0.54961 0.62472 0.50083 0.62530 0.49100 0.62277 0.48312 0.61799 0.47520 0.61256 0.47115 0.60802 0.46887 0.59687 0.47118 0.59016 0.46948 0.58276 0.46945 0.57692 0.47088 0.57211 0.47321 0.56640 0.47703 0.56325 0.47846 0.56116 0.47597 0.54897 0.47895 0.54400 0.48051 0.54386 0.48304 0.54029 0.49041 0.53842 0.51174 0.53833 0.55112 0.54272 0.59057 0.55116 0.61915 0.55795 0.63973 0.56696 0.65468 0.58367 0.65389 0.60103 0.64924 0.60777 0.64211
4 0.16696 0.40747 0.15433 0.40193 0.13943 0.39615 0.12077 0.40238 0.11289 0.41280 0.10754 0.42395 0.10713 0.43581 0.10757 0.44547 0.12027 0.47593 0.13083 0.49799 0.13915 0.50799 0.15254 0.51816 0.16179 0.52201 0.17623 0.50423 0.17822 0.43522 0.18804 0.42089 0.17964 0.41484 0.16696 0.40747
4 0.76520 0.25097 0.75712 0.23245 0.75021 0.22877 0.73177 0.23103 0.71796 0.23681 0.70741 0.25080 0.69720 0.28063 0.69015 0.29420 0.70092 0.34775 0.70075 0.38314 0.72039 0.40386 0.75603 0.41808 0.76409 0.41800 0.76845 0.40884 0.76903 0.39517 0.77768 0.37097 0.77577 0.34490 0.77300 0.31713 0.76966 0.28987 0.76520 0.25097
4 0.53538 0.62694 0.53700 0.59997 0.53887 0.58053 0.53912 0.56066 0.53756 0.54983 0.53879 0.50685 0.53691 0.48975 0.53519 0.48304 0.53102 0.48009 0.52388 0.48033 0.50447 0.48839 0.50150 0.49158 0.49683 0.49184 0.48801 0.49482 0.48043 0.49353 0.46724 0.49547 0.46106 0.49812 0.45473 0.49953 0.45047 0.50131 0.44638 0.51000 0.44672 0.52004 0.45085 0.54819 0.45971 0.58206 0.46952 0.61991 0.47492 0.63657 0.48432 0.64738 0.49399 0.65312 0.50807 0.65643 0.51803 0.65174 0.52778 0.64173 0.53538 0.62694
4 0.68739 0.39793 0.69850 0.39113 0.70112 0.37040 0.70038 0.34600 0.69000 0.29829 0.68610 0.27701 0.67355 0.25632 0.66589 0.24910 0.65825 0.24732 0.64702 0.25051 0.64037 0.25677 0.62513 0.27724 0.61705 0.29818 0.61323 0.31180 0.62473 0.34758 0.63504 0.39212 0.63897 0.41884 0.64343 0.42102 0.65111 0.42053 0.65991 0.41854 0.66667 0.41318 0.68739 0.39793
4 0.62350 0.59187 0.63755 0.60589 0.65061 0.61185 0.66942 0.60985 0.67070 0.60025 0.67157 0.57810 0.68249 0.48448 0.67977 0.45142 0.67762 0.44665 0.66848 0.43612 0.66265 0.43243 0.65494 0.42991 0.64776 0.42985 0.64415 0.42777 0.63973 0.42832 0.63320 0.43353 0.62565 0.44138 0.59409 0.45817 0.59116 0.46168 0.59082 0.46991 0.59908 0.47141 0.60823 0.46935 0.61443 0.47236 0.62235 0.48210 0.62544 0.49085 0.62523 0.51103 0.62210 0.55488 0.61883 0.58489 0.62350 0.59187
4 0.34264 0.61250 0.35618 0.61871 0.36594 0.61972 0.37484 0.61547 0.37968 0.60197 0.37644 0.57559 0.37275 0.55652 0.36536 0.53097 0.35379 0.50247 0.34551 0.48617 0.34297 0.48554 0.33933 0.48693 0.33676 0.48976 0.32694 0.50105 0.32321 0.49804 0.31170 0.50103 0.30296 0.50651 0.29498 0.51820 0.29127 0.52999 0.28769 0.54460 0.28934 0.56173 0.28984 0.57489 0.29260 0.59187 0.31649 0.60028 0.34264 0.61250
