4 0.69268 0.73788 0.71110 0.69952 0.71525 0.66737 0.71631 0.62152 0.71186 0.53796 0.70613 0.48138 0.69245 0.43000 0.68351 0.40857 0.67247 0.39142 0.66031 0.38468 0.64557 0.37914 0.62933 0.38172 0.61168 0.37821 0.59095 0.37283 0.57693 0.37190 0.54964 0.37465 0.52301 0.37832 0.50279 0.37787 0.49237 0.38206 0.48707 0.38971 0.48558 0.40212 0.49323 0.45918 0.51368 0.57959 0.52754 0.62622 0.55944 0.69047 0.60110 0.72876 0.63864 0.75274 0.65142 0.75465 0.67314 0.75751 0.68320 0.74804 0.69268 0.73788
4 1.00000 0.52469 0.99868 0.51133 0.99141 0.46540 0.97956 0.43365 0.96723 0.40564 0.95543 0.41729 0.94127 0.43665 0.93605 0.45582 0.93388 0.46473 0.93324 0.48562 0.93139 0.56235 0.94263 0.59481 0.94707 0.60695 0.95022 0.60645 0.97057 0.61484 0.98042 0.62490 0.99594 0.64812 1.00000 0.65159 1.00000 0.52469
4 0.09114 0.48374 0.08185 0.44546 0.05766 0.43095 0.04265 0.42232 0.02723 0.41559 0.01493 0.42855 0.00812 0.46937 0.00479 0.51637 0.01315 0.58047 0.02275 0.62298 0.04238 0.66757 0.06451 0.67812 0.06982 0.59840 0.07877 0.55969 0.09773 0.53895 0.09114 0.48374
4 0.67965 0.40378 0.68982 0.42404 0.69355 0.43576 0.69916 0.42393 0.70797 0.41707 0.71502 0.41595 0.70612 0.36313 0.69112 0.30899 0.67245 0.25862 0.65626 0.22063 0.63774 0.19485 0.62388 0.18337 0.60978 0.17876 0.59333 0.18639 0.58886 0.19530 0.57854 0.22473 0.57303 0.24566 0.57080 0.28566 0.57476 0.32924 0.57987 0.36991 0.60476 0.37508 0.62510 0.38188 0.65158 0.38361 0.66898 0.39043 0.67965 0.40378
4 0.80094 0.44837 0.82634 0.48714 0.83648 0.50914 0.84491 0.49933 0.83866 0.42850 0.82093 0.33396 0.80711 0.27471 0.78830 0.20496 0.77353 0.18177 0.75911 0.16771 0.74285 0.16676 0.73855 0.17369 0.73500 0.17899 0.71826 0.20671 0.70752 0.23348 0.70311 0.25969 0.69796 0.27783 0.69482 0.29519 0.69270 0.31558 0.70741 0.36794 0.71422 0.41425 0.75376 0.42577 0.80094 0.44837
4 0.28574 0.45747 0.29168 0.47147 0.29201 0.45139 0.29857 0.42674 0.30840 0.41337 0.33085 0.40194 0.33448 0.39808 0.31866 0.29821 0.30447 0.26699 0.28621 0.24166 0.26895 0.22996 0.25772 0.22714 0.24449 0.23120 0.23043 0.24459 0.22389 0.25678 0.21761 0.27550 0.21524 0.30672 0.21036 0.34161 0.21122 0.38348 0.21215 0.41614 0.22075 0.46072 0.25308 0.44838 0.27706 0.44655 0.28574 0.45747
4 0.83316 0.75343 0.84640 0.75188 0.85740 0.74029 0.85981 0.69671 0.85760 0.64018 0.84133 0.52736 0.83096 0.49838 0.81213 0.46253 0.80014 0.44967 0.78436 0.44123 0.76858 0.43279 0.75501 0.42619 0.73237 0.42103 0.72073 0.41849 0.71097 0.41566 0.70120 0.41885 0.69585 0.42353 0.69309 0.43654 0.69723 0.44846 0.70568 0.48158 0.71199 0.53965 0.71557 0.61291 0.71592 0.62324 0.73885 0.64641 0.75267 0.67485 0.77288 0.70118 0.80360 0.73295 0.82099 0.74551 0.83316 0.75343
4 0.93372 0.45481 0.91760 0.34088 0.90455 0.29701 0.89395 0.26861 0.88443 0.25918 0.87598 0.26052 0.85744 0.28533 0.83504 0.32224 0.82387 0.34697 0.83862 0.42995 0.84573 0.50321 0.87913 0.48916 0.89267 0.49358 0.90997 0.51162 0.93112 0.56406 0.93372 0.45481
4 0.48682 0.38947 0.49222 0.38133 0.50316 0.37777 0.52258 0.37880 0.58075 0.37277 0.57162 0.32865 0.56289 0.30223 0.54216 0.24399 0.53834 0.23001 0.52202 0.21482 0.50601 0.20323 0.48570 0.19323 0.47440 0.19957 0.46367 0.20948 0.45415 0.24061 0.44764 0.27719 0.44952 0.31608 0.45825 0.37623 0.46576 0.37640 0.47780 0.38315 0.48108 0.39038 0.48550 0.39971 0.48682 0.38947
4 0.12705 0.93142 0.12929 0.89011 0.14127 0.86065 0.15839 0.81699 0.17714 0.77779 0.18862 0.75393 0.17401 0.71135 0.15882 0.62713 0.15213 0.56440 0.11651 0.54090 0.09873 0.53663 0.08396 0.54842 0.07754 0.56046 0.07201 0.58969 0.06580 0.64974 0.06337 0.70446 0.06856 0.76349 0.08151 0.83940 0.09667 0.89134 0.10221 0.91173 0.10640 0.93233 0.11577 0.94187 0.12302 0.94387 0.12705 0.93142
4 0.37518 0.19414 0.35862 0.20716 0.34587 0.22394 0.33134 0.27000 0.32717 0.33081 0.33420 0.39751 0.38361 0.38313 0.45812 0.37734 0.44271 0.26384 0.42291 0.21174 0.40446 0.19661 0.39178 0.19151 0.37518 0.19414
4 1.00000 0.65866 0.99955 0.65733 0.98016 0.62555 0.96240 0.61308 0.94770 0.60868 0.94525 0.60907 0.95272 0.63357 0.96265 0.68947 0.96895 0.74962 0.97047 0.79096 0.97919 0.79386 1.00000 0.82352 1.00000 0.65866
4 0.17074 0.49030 0.18798 0.47510 0.21224 0.46535 0.21974 0.45432 0.21252 0.42330 0.21034 0.39740 0.20878 0.36811 0.18884 0.32730 0.16947 0.28771 0.15689 0.27395 0.13922 0.25969 0.12697 0.25769 0.11457 0.25966 0.10161 0.27024 0.09026 0.29829 0.08605 0.34227 0.08675 0.41238 0.09221 0.46139 0.09888 0.53515 0.11666 0.54283 0.15183 0.56548 0.15460 0.52698 0.15897 0.50595 0.17074 0.49030
4 0.48979 0.70308 0.50561 0.65411 0.50801 0.61671 0.50815 0.55920 0.50167 0.50667 0.48663 0.40589 0.48276 0.39132 0.47770 0.38276 0.46665 0.37598 0.45524 0.37648 0.43087 0.38034 0.38631 0.38240 0.33193 0.39930 0.31155 0.40908 0.29803 0.42728 0.29133 0.45163 0.29321 0.49795 0.30814 0.58930 0.32499 0.66066 0.33409 0.68600 0.35632 0.72422 0.36953 0.74339 0.39713 0.75713 0.42862 0.76631 0.46211 0.74132 0.48979 0.70308
4 0.96317 0.80612 0.97174 0.80148 0.96710 0.73167 0.96205 0.68762 0.95626 0.66120 0.95195 0.63399 0.94208 0.59398 0.92250 0.54130 0.90969 0.51107 0.89256 0.49409 0.88192 0.48976 0.87096 0.49150 0.84715 0.50128 0.83577 0.51457 0.84215 0.53051 0.85214 0.60167 0.85761 0.64838 0.85923 0.68695 0.88249 0.71225 0.90104 0.73612 0.92239 0.76555 0.94122 0.78717 0.95133 0.80034 0.96317 0.80612
4 0.31534 0.62597 0.30611 0.57939 0.29817 0.52631 0.29330 0.49558 0.29145 0.47224 0.28644 0.45808 0.27818 0.44678 0.26133 0.44551 0.23874 0.45460 0.22587 0.45507 0.20671 0.46834 0.19670 0.47229 0.18534 0.47645 0.16577 0.49294 0.15902 0.50582 0.15378 0.53106 0.15159 0.56685 0.16215 0.65102 0.17368 0.71219 0.20375 0.79406 0.22126 0.81412 0.24334 0.81929 0.26276 0.79889 0.28979 0.73318 0.31242 0.67762 0.31534 0.62597
