4 0.52891 0.69742 0.56407 0.74176 0.59740 0.77132 0.60972 0.77520 0.63072 0.78143 0.64214 0.77365 0.65309 0.76509 0.67729 0.73009 0.68642 0.69898 0.69464 0.65386 0.70331 0.57064 0.70651 0.51385 0.70103 0.46096 0.69555 0.43840 0.68733 0.41974 0.67638 0.41118 0.66268 0.40340 0.64625 0.40340 0.62935 0.39718 0.60972 0.38862 0.59603 0.38551 0.56863 0.38396 0.54176 0.38342 0.52186 0.37981 0.51091 0.38232 0.50448 0.38905 0.50107 0.40107 0.49970 0.45863 0.50107 0.58075 0.50746 0.62897 0.52891 0.69742
4 0.91633 0.62906 0.92235 0.66288 0.92484 0.67557 0.92803 0.67557 0.94681 0.68704 0.95497 0.69852 0.96666 0.72388 0.97234 0.73053 0.97872 0.70697 0.98474 0.67557 0.98758 0.64356 0.99077 0.58920 0.99077 0.54270 0.98403 0.50948 0.97624 0.47989 0.96277 0.48955 0.94575 0.50646 0.93760 0.52458 0.93405 0.53304 0.93015 0.55357 0.91633 0.62906
4 0.00939 0.54681 0.02180 0.59391 0.04200 0.60781 0.05973 0.52990 0.07462 0.49306 0.09659 0.47554 0.09872 0.41998 0.09553 0.38072 0.07391 0.36260 0.06044 0.35173 0.04626 0.34268 0.03208 0.35355 0.01896 0.39280 0.00833 0.43870 0.00656 0.50332 0.00939 0.54681
4 0.60055 0.34304 0.59923 0.38400 0.62301 0.39300 0.64203 0.40291 0.66792 0.40876 0.68404 0.41821 0.69250 0.43307 0.69937 0.45467 0.70121 0.46682 0.70861 0.45602 0.71839 0.45062 0.72552 0.45062 0.72499 0.39706 0.71865 0.34124 0.70808 0.28857 0.69804 0.24851 0.68378 0.22015 0.67189 0.20665 0.65868 0.19989 0.64124 0.20485 0.63543 0.21295 0.62063 0.24041 0.61191 0.26022 0.60346 0.29938 0.60055 0.34304
4 0.73028 0.31153 0.72446 0.32819 0.71918 0.34799 0.72552 0.40201 0.72499 0.44882 0.76224 0.46638 0.80531 0.49609 0.82433 0.53835 0.83091 0.56167 0.84077 0.55330 0.84568 0.48236 0.84296 0.38621 0.83857 0.32553 0.83091 0.25369 0.81995 0.22848 0.80790 0.21233 0.79199 0.20885 0.78666 0.21502 0.78232 0.21970 0.76145 0.24446 0.74666 0.26922 0.73820 0.29442 0.73028 0.31153
4 0.23871 0.29825 0.23300 0.33974 0.22882 0.37215 0.23034 0.41752 0.26420 0.41039 0.28817 0.41233 0.29503 0.42447 0.29870 0.43923 0.30217 0.41945 0.31252 0.39613 0.32431 0.38446 0.34828 0.37668 0.35246 0.37344 0.35246 0.27233 0.34333 0.23927 0.32925 0.21140 0.31404 0.19714 0.30338 0.19260 0.28969 0.19454 0.27371 0.20556 0.26534 0.21658 0.25621 0.23408 0.24898 0.26455 0.23871 0.29825
4 0.69399 0.65550 0.71301 0.68197 0.72220 0.71222 0.73805 0.74139 0.76342 0.77758 0.77864 0.79270 0.78942 0.80243 0.80273 0.80297 0.81541 0.79324 0.82461 0.75057 0.83127 0.69440 0.83285 0.58042 0.82714 0.55017 0.81415 0.51182 0.80432 0.49724 0.79005 0.48643 0.77578 0.47563 0.76342 0.46699 0.74186 0.45835 0.73076 0.45403 0.72157 0.44970 0.71142 0.45133 0.70540 0.45510 0.70064 0.46753 0.70286 0.47995 0.70603 0.51398 0.70318 0.57232 0.69525 0.64524 0.69399 0.65550
4 0.84540 0.48379 0.84097 0.55725 0.87616 0.54861 0.88884 0.55509 0.90311 0.57561 0.91579 0.63071 0.93545 0.52322 0.93735 0.40817 0.93132 0.36279 0.92530 0.33308 0.91737 0.32228 0.90881 0.32228 0.88662 0.34389 0.85872 0.37684 0.84382 0.39952 0.84540 0.48379
4 0.47892 0.31045 0.47812 0.37122 0.48552 0.37257 0.49635 0.38112 0.49847 0.38877 0.50137 0.39868 0.50428 0.38877 0.51088 0.38157 0.52224 0.37977 0.54127 0.38382 0.59965 0.38697 0.59754 0.34196 0.59305 0.31450 0.58169 0.25373 0.58010 0.23933 0.56637 0.22177 0.55236 0.20782 0.53387 0.19477 0.52172 0.19927 0.50956 0.20737 0.49530 0.23663 0.48314 0.27174 0.47892 0.31045
4 0.03357 0.76976 0.04042 0.82343 0.04270 0.84443 0.04361 0.86543 0.05137 0.87632 0.05822 0.87943 0.06416 0.86777 0.07283 0.82732 0.08927 0.80010 0.11301 0.75965 0.13766 0.72387 0.15272 0.70209 0.14496 0.65775 0.14314 0.57219 0.14633 0.50919 0.11483 0.48041 0.09794 0.47341 0.08150 0.48274 0.07329 0.49363 0.06324 0.52163 0.04772 0.57997 0.03676 0.63364 0.03266 0.69275 0.03357 0.76976
4 0.40332 0.36636 0.47783 0.37230 0.48036 0.25778 0.46895 0.20323 0.45310 0.18540 0.44137 0.17838 0.42456 0.17838 0.40618 0.18865 0.39096 0.20323 0.36940 0.24644 0.35577 0.30586 0.35228 0.37284 0.40332 0.36636
4 0.97234 0.94432 0.97482 0.90446 0.98191 0.81145 0.96879 0.73355 0.95461 0.69912 0.93901 0.68402 0.92519 0.67738 0.92271 0.67738 0.92625 0.70274 0.92732 0.75952 0.92413 0.81991 0.91916 0.86098 0.92732 0.86520 0.94504 0.90144 0.96028 0.92741 0.97234 0.94432
4 0.10327 0.39807 0.09832 0.47197 0.11468 0.48234 0.14588 0.51021 0.15463 0.47262 0.16224 0.45252 0.17631 0.43891 0.19572 0.42660 0.22121 0.42076 0.23034 0.41104 0.22805 0.37928 0.22996 0.35335 0.23300 0.32418 0.21968 0.28075 0.20675 0.23862 0.19648 0.22306 0.18126 0.20621 0.16947 0.20232 0.15691 0.20232 0.14245 0.21075 0.12685 0.23668 0.11582 0.27946 0.10555 0.34881 0.10327 0.39807
4 0.30704 0.65775 0.32302 0.69898 0.33306 0.71998 0.35817 0.73787 0.38784 0.75187 0.42482 0.73242 0.45815 0.69898 0.48143 0.65309 0.48965 0.61653 0.49878 0.55975 0.50061 0.50685 0.50152 0.40496 0.49997 0.38996 0.49632 0.38072 0.48646 0.37229 0.47512 0.37100 0.45044 0.37100 0.40611 0.36607 0.34975 0.37425 0.32810 0.38072 0.31189 0.39658 0.30146 0.41958 0.29608 0.46563 0.29653 0.55819 0.30201 0.63131 0.30704 0.65775
4 0.82556 0.74085 0.84458 0.76948 0.85916 0.79595 0.87565 0.82835 0.89087 0.85266 0.89880 0.86725 0.90958 0.87481 0.91877 0.87157 0.92511 0.80189 0.92701 0.75759 0.92543 0.73059 0.92543 0.70304 0.92194 0.66198 0.91084 0.60689 0.90292 0.57502 0.88865 0.55557 0.87882 0.54963 0.86772 0.54963 0.84268 0.55557 0.82936 0.56692 0.83317 0.58366 0.83190 0.65550 0.83000 0.70250 0.82556 0.74085
4 0.16140 0.74409 0.17555 0.76665 0.19655 0.77520 0.21892 0.75809 0.25590 0.69742 0.28695 0.64609 0.29791 0.59553 0.29608 0.54808 0.29653 0.49441 0.29653 0.46330 0.29836 0.43996 0.29562 0.42518 0.28923 0.41274 0.27280 0.40885 0.24905 0.41429 0.23627 0.41274 0.21527 0.42285 0.20477 0.42518 0.19290 0.42752 0.17099 0.44074 0.16231 0.45241 0.15318 0.47652 0.14542 0.51152 0.14268 0.59630 0.14451 0.65853 0.16140 0.74409
