4 0.56165 0.54615 0.56165 0.55177 0.57998 0.55365 0.60124 0.55271 0.62208 0.55427 0.63583 0.55396 0.64292 0.54865 0.65292 0.53927 0.66376 0.53614 0.67585 0.53645 0.68126 0.54021 0.69168 0.54240 0.70294 0.54583 0.70961 0.53427 0.71169 0.52364 0.70752 0.51270 0.70127 0.50801 0.69335 0.50551 0.68460 0.50395 0.67970 0.50338 0.66876 0.49801 0.66393 0.49315 0.65792 0.48894 0.64792 0.48738 0.63943 0.48857 0.63403 0.48883 0.62708 0.48519 0.62000 0.48519 0.61083 0.48675 0.60374 0.48957 0.59832 0.49425 0.58665 0.50551 0.57748 0.52145 0.56581 0.53583 0.56165 0.54615
2 0.52587 0.44657 0.51505 0.45323 0.50693 0.46077 0.50461 0.46816 0.50829 0.47265 0.51196 0.47250 0.51737 0.47395 0.52239 0.47047 0.52838 0.46569 0.53282 0.46120 0.53765 0.45773 0.54519 0.45236 0.55098 0.44845 0.55523 0.44685 0.56122 0.44685 0.56296 0.44685 0.56509 0.44439 0.55601 0.44193 0.54499 0.44120 0.53437 0.44251 0.52587 0.44657
1 0.55809 0.43045 0.56050 0.43190 0.56244 0.43487 0.56461 0.43714 0.56640 0.43918 0.56725 0.44017 0.56787 0.43848 0.56826 0.43685 0.56834 0.43499 0.56779 0.43324 0.56826 0.43150 0.56865 0.43033 0.56904 0.42841 0.56826 0.42771 0.56702 0.42829 0.56461 0.43045 0.56383 0.43091 0.56290 0.43085 0.56065 0.43027 0.55980 0.42876 0.55824 0.42742 0.55669 0.42823 0.55809 0.43045
1 0.51110 0.46828 0.51222 0.46953 0.51334 0.46978 0.51535 0.47045 0.51748 0.47096 0.51792 0.47054 0.51692 0.46861 0.51613 0.46802 0.51334 0.46727 0.51211 0.46743 0.51110 0.46828
4 0.61181 0.59031 0.61253 0.59248 0.63231 0.59719 0.64678 0.60171 0.67331 0.60786 0.70756 0.61835 0.72445 0.62197 0.72758 0.61890 0.73168 0.61184 0.73168 0.60714 0.73409 0.59972 0.73168 0.59520 0.73651 0.58796 0.73892 0.58127 0.73868 0.57385 0.73433 0.56698 0.72710 0.56191 0.71890 0.55847 0.71046 0.55178 0.70033 0.54473 0.69020 0.54274 0.68151 0.54020 0.67596 0.53713 0.67235 0.53659 0.66439 0.53659 0.65522 0.53803 0.64919 0.54129 0.64244 0.54943 0.63327 0.55576 0.62290 0.56625 0.61157 0.57620 0.61132 0.58633 0.61181 0.59031
4 0.87761 0.36644 0.88345 0.37894 0.90012 0.39551 0.91971 0.40363 0.94305 0.40676 0.96556 0.41020 0.97681 0.41114 0.98681 0.40708 0.99973 0.38894 0.99973 0.33987 0.98765 0.33424 0.93971 0.32893 0.89720 0.32674 0.87303 0.32705 0.86761 0.33924 0.86803 0.34987 0.87386 0.36050 0.87761 0.36644
4 0.92850 0.68420 0.95141 0.68691 0.96154 0.68239 0.96830 0.67135 0.96830 0.66593 0.96227 0.65833 0.95961 0.65435 0.95093 0.65110 0.94152 0.64874 0.93405 0.65146 0.92729 0.65471 0.91403 0.65598 0.90848 0.65887 0.90100 0.66032 0.89039 0.66159 0.87399 0.66249 0.86675 0.66557 0.85927 0.66973 0.85204 0.67787 0.86386 0.68004 0.88050 0.68112 0.92850 0.68420
4 0.50266 0.42080 0.51352 0.41392 0.53016 0.41102 0.54367 0.41229 0.55066 0.41718 0.55428 0.41953 0.58081 0.41682 0.58130 0.41030 0.58298 0.40180 0.58395 0.39529 0.57985 0.38895 0.56875 0.38136 0.56393 0.37068 0.55573 0.36019 0.54777 0.35603 0.53740 0.35404 0.51883 0.35567 0.50604 0.35278 0.49856 0.34862 0.49302 0.34391 0.48096 0.34228 0.47107 0.34409 0.46407 0.34608 0.45877 0.34934 0.45322 0.41808 0.47806 0.42224 0.49639 0.42604 0.50266 0.42080
4 0.49067 0.50205 0.50688 0.51420 0.52714 0.51420 0.55348 0.50748 0.56969 0.50618 0.58358 0.50791 0.58705 0.50552 0.59516 0.49684 0.60268 0.48989 0.61079 0.48729 0.62063 0.48512 0.62787 0.48490 0.63394 0.48946 0.64784 0.48794 0.65015 0.48251 0.65218 0.47340 0.65218 0.46905 0.64870 0.45994 0.64089 0.45234 0.63365 0.44756 0.62642 0.44583 0.62584 0.44105 0.62381 0.43845 0.61560 0.42843 0.60223 0.42110 0.58907 0.41685 0.57730 0.41712 0.55370 0.41922 0.54357 0.41217 0.52863 0.41105 0.51363 0.41407 0.50217 0.42145 0.49038 0.43345 0.48025 0.44843 0.47186 0.46775 0.47649 0.48664 0.49067 0.50205
4 0.81321 0.65960 0.83467 0.67009 0.84456 0.67479 0.85542 0.66629 0.86627 0.65327 0.87278 0.64295 0.88291 0.63120 0.88991 0.62197 0.89135 0.61292 0.88967 0.60533 0.88388 0.60207 0.87640 0.59990 0.86675 0.60099 0.85831 0.59990 0.84649 0.59863 0.83974 0.59773 0.82430 0.59936 0.80621 0.60171 0.79488 0.60262 0.78643 0.60442 0.77968 0.60877 0.77027 0.61781 0.76231 0.62703 0.76979 0.63174 0.77437 0.64133 0.78257 0.64512 0.81321 0.65960
