4 0.43463 0.33416 0.44278 0.33275 0.44822 0.33338 0.45359 0.33543 0.45797 0.33372 0.45867 0.33332 0.46098 0.32902 0.46602 0.33021 0.46949 0.32918 0.47244 0.32591 0.47330 0.32500 0.47713 0.32553 0.47878 0.31950 0.47697 0.30768 0.46587 0.26129 0.45794 0.23841 0.44991 0.22543 0.44681 0.22003 0.43621 0.21942 0.42188 0.22273 0.40131 0.22653 0.39942 0.23097 0.39732 0.24534 0.39685 0.25769 0.40060 0.27847 0.40537 0.29573 0.41085 0.31541 0.41456 0.32232 0.41848 0.32613 0.42200 0.33049 0.42889 0.33337 0.43463 0.33416
4 0.34333 0.36105 0.34852 0.36290 0.35470 0.35911 0.36143 0.35111 0.36384 0.34255 0.36320 0.33071 0.36084 0.31634 0.35812 0.30206 0.35054 0.27669 0.34676 0.26197 0.33856 0.25370 0.32593 0.25594 0.32046 0.25788 0.31670 0.26553 0.31136 0.28201 0.29871 0.29578 0.29284 0.30255 0.28492 0.31116 0.28513 0.31789 0.29057 0.33731 0.29525 0.35182 0.30548 0.35895 0.31285 0.36199 0.31966 0.36008 0.32464 0.36266 0.32883 0.36677 0.33242 0.36662 0.33447 0.36479 0.34333 0.36105
1 0.37544 0.24417 0.36833 0.24310 0.36119 0.24848 0.35484 0.25977 0.35311 0.27542 0.36093 0.28616 0.36773 0.29747 0.38587 0.30751 0.39010 0.30518 0.39267 0.28493 0.39014 0.26653 0.38120 0.24928 0.37544 0.24417
1 0.36191 0.69385 0.35918 0.69636 0.35703 0.69968 0.35597 0.69851 0.35637 0.69395 0.35428 0.69349 0.35202 0.69518 0.34890 0.69543 0.34779 0.69405 0.34827 0.69840 0.35134 0.70429 0.34396 0.69869 0.34536 0.70990 0.35218 0.72339 0.36255 0.74194 0.36738 0.75024 0.37290 0.75579 0.37507 0.75717 0.37591 0.75510 0.37739 0.75288 0.38210 0.75037 0.38552 0.74794 0.38802 0.74618 0.39197 0.74150 0.39137 0.73717 0.38597 0.72924 0.38322 0.72941 0.38102 0.73133 0.38395 0.72336 0.38632 0.71245 0.38363 0.70365 0.38046 0.69968 0.37621 0.69101 0.37040 0.68647 0.36530 0.67870 0.36035 0.67278 0.35403 0.66718 0.34802 0.66410 0.34528 0.66426 0.34172 0.66203 0.34066 0.65685 0.33679 0.65445 0.33210 0.65248 0.33069 0.65327 0.33191 0.65911 0.33434 0.66561 0.33757 0.67216 0.34154 0.67501 0.34517 0.67582 0.35207 0.68105 0.35804 0.68744 0.36157 0.68780 0.36282 0.69034 0.36191 0.69385
1 0.58599 0.69790 0.58761 0.69469 0.58839 0.68895 0.58490 0.68351 0.58526 0.67593 0.58404 0.67065 0.58214 0.67042 0.57920 0.67540 0.57823 0.68006 0.57847 0.68273 0.57590 0.68490 0.57431 0.68766 0.57326 0.69006 0.57238 0.68981 0.57118 0.69099 0.57081 0.69187 0.56878 0.69223 0.56667 0.69135 0.56483 0.69087 0.56341 0.69108 0.56076 0.69011 0.55747 0.69052 0.55845 0.69336 0.56234 0.69860 0.56767 0.70315 0.57530 0.70525 0.57676 0.70162 0.57983 0.70216 0.58288 0.70157 0.58599 0.69790
1 0.53197 0.30428 0.53383 0.29911 0.53400 0.29072 0.53177 0.27832 0.52650 0.26941 0.51834 0.26116 0.51489 0.26490 0.51062 0.26392 0.50601 0.26188 0.50045 0.26690 0.49841 0.27394 0.50070 0.28354 0.50284 0.28958 0.50474 0.29337 0.51256 0.30301 0.51603 0.30729 0.52006 0.31159 0.52439 0.31402 0.52744 0.31445 0.53197 0.30428
4 0.53889 0.76293 0.53226 0.76331 0.52703 0.76413 0.51848 0.76650 0.51678 0.77036 0.51554 0.77718 0.51757 0.77940 0.52588 0.81445 0.52587 0.82669 0.53431 0.82752 0.54333 0.82358 0.55366 0.81767 0.55962 0.80775 0.55957 0.78781 0.55766 0.77015 0.55452 0.76125 0.55018 0.75842 0.54443 0.76165 0.53889 0.76293
4 0.58083 0.70233 0.57880 0.70168 0.57696 0.70077 0.57432 0.70561 0.57132 0.71432 0.56885 0.72046 0.56722 0.72641 0.56573 0.73300 0.56649 0.74062 0.56797 0.74161 0.57991 0.73796 0.58413 0.74323 0.58720 0.75544 0.58790 0.76441 0.59598 0.76143 0.60311 0.74508 0.60666 0.73335 0.60415 0.71811 0.60250 0.70936 0.59716 0.69544 0.59463 0.69424 0.58891 0.69445 0.58604 0.69667 0.58083 0.70233
1 0.27754 0.32134 0.27088 0.33541 0.26710 0.34714 0.26256 0.35801 0.26281 0.36982 0.27151 0.37120 0.27872 0.37597 0.28484 0.38269 0.28770 0.38101 0.28514 0.37076 0.28684 0.35749 0.28761 0.33935 0.28762 0.32782 0.28539 0.32562 0.27754 0.32134
4 0.56576 0.55411 0.56713 0.55406 0.56746 0.55357 0.56791 0.55288 0.56687 0.55216 0.56463 0.55140 0.56271 0.55048 0.56094 0.54961 0.55952 0.55079 0.55854 0.55123 0.55869 0.55217 0.55934 0.55288 0.56015 0.55323 0.56117 0.55299 0.56181 0.55191 0.56431 0.55316 0.56576 0.55411
4 0.49428 0.25976 0.49354 0.25177 0.49210 0.24474 0.49153 0.23948 0.47641 0.23251 0.46909 0.22750 0.46158 0.23201 0.45858 0.23810 0.45809 0.23919 0.46608 0.26186 0.47462 0.29765 0.47687 0.30579 0.48070 0.30964 0.48678 0.31168 0.48957 0.31103 0.49237 0.30760 0.49568 0.30243 0.49771 0.29771 0.49878 0.29158 0.49890 0.28175 0.49721 0.27004 0.49428 0.25976
1 0.55990 0.64781 0.56087 0.65053 0.57020 0.65023 0.57729 0.65153 0.58598 0.64816 0.58703 0.65089 0.58956 0.65643 0.59150 0.65895 0.59331 0.65909 0.59801 0.66135 0.60047 0.65707 0.60219 0.64646 0.60045 0.64297 0.59893 0.63143 0.59900 0.62492 0.59491 0.61491 0.59073 0.60585 0.58858 0.59836 0.58515 0.59526 0.58108 0.59619 0.57872 0.59321 0.57786 0.59081 0.57703 0.58871 0.57588 0.58553 0.57346 0.58685 0.57273 0.58971 0.57270 0.59272 0.56965 0.59524 0.56527 0.59561 0.56146 0.59585 0.56015 0.59883 0.55889 0.59805 0.55589 0.59714 0.55505 0.59872 0.55324 0.59714 0.54924 0.60016 0.54760 0.60213 0.54830 0.60753 0.55361 0.61832 0.55321 0.62150 0.55365 0.62867 0.55566 0.63548 0.55706 0.63779 0.55754 0.64325 0.55990 0.64781
4 0.57518 0.73975 0.57003 0.74183 0.56527 0.74404 0.56121 0.75032 0.55823 0.75480 0.55342 0.75947 0.55460 0.76187 0.55726 0.76906 0.55978 0.78920 0.56021 0.80625 0.56806 0.80333 0.57545 0.79248 0.58000 0.78720 0.58370 0.78100 0.58738 0.77035 0.58738 0.76055 0.58596 0.75062 0.58448 0.74473 0.58008 0.73817 0.57518 0.73975
4 0.33390 0.64483 0.34335 0.64999 0.34982 0.65669 0.35575 0.65758 0.35531 0.64469 0.35009 0.62415 0.34324 0.60963 0.34070 0.60344 0.33436 0.59248 0.32986 0.58674 0.32378 0.58108 0.31910 0.58075 0.31422 0.58300 0.31094 0.58941 0.30733 0.59307 0.30074 0.58725 0.29730 0.58747 0.29286 0.58681 0.28882 0.58859 0.28574 0.59382 0.28635 0.60130 0.28989 0.60698 0.29647 0.62862 0.30580 0.64906 0.31512 0.66329 0.32172 0.67193 0.32356 0.66614 0.32260 0.65507 0.32662 0.64566 0.33390 0.64483
4 0.55112 0.57108 0.55754 0.57152 0.55981 0.57196 0.56472 0.56666 0.56928 0.56528 0.57305 0.56442 0.57758 0.56529 0.58074 0.56806 0.58539 0.57568 0.58727 0.58070 0.59299 0.57809 0.59687 0.57303 0.59443 0.55466 0.58971 0.53811 0.58720 0.52489 0.58166 0.50949 0.57499 0.50172 0.57231 0.49558 0.56443 0.49037 0.56056 0.49158 0.55413 0.50045 0.54769 0.50225 0.54240 0.50123 0.53854 0.50405 0.53487 0.50618 0.53275 0.51340 0.53215 0.52092 0.53365 0.53212 0.53382 0.54460 0.53474 0.55561 0.53633 0.56484 0.53850 0.57110 0.54248 0.57821 0.54389 0.57885 0.54706 0.57458 0.55112 0.57108
4 0.43165 0.82600 0.43695 0.82290 0.43773 0.81979 0.43615 0.80839 0.43513 0.80007 0.43488 0.79183 0.43706 0.78759 0.43941 0.78731 0.43469 0.77797 0.42933 0.77039 0.42301 0.76464 0.41627 0.76003 0.41334 0.75778 0.40990 0.75590 0.40562 0.75234 0.40078 0.75159 0.39800 0.75517 0.39784 0.76750 0.39936 0.77865 0.40062 0.78932 0.40204 0.79808 0.40243 0.80173 0.40737 0.81075 0.41480 0.81947 0.42157 0.82405 0.43165 0.82600
1 0.57447 0.67662 0.57710 0.67370 0.57916 0.67585 0.58093 0.67220 0.58319 0.66842 0.58565 0.66739 0.58595 0.66717 0.58438 0.66304 0.58290 0.65812 0.58142 0.65661 0.57837 0.65886 0.57464 0.65926 0.57210 0.65768 0.57052 0.65464 0.56921 0.65308 0.56655 0.65138 0.56496 0.65205 0.56383 0.65355 0.56307 0.65667 0.56258 0.66018 0.56263 0.66265 0.56354 0.66584 0.56543 0.66649 0.56673 0.66836 0.56762 0.67186 0.56972 0.67076 0.57068 0.67302 0.57275 0.67485 0.57447 0.67662
4 0.44993 0.83160 0.45909 0.83505 0.46552 0.83710 0.47739 0.83788 0.48402 0.83673 0.48456 0.83140 0.48229 0.81930 0.47813 0.80262 0.47517 0.79162 0.46514 0.78799 0.45982 0.78754 0.45551 0.78742 0.45218 0.78838 0.44990 0.78983 0.44706 0.78974 0.44501 0.78854 0.44420 0.79003 0.44262 0.79040 0.44019 0.79042 0.43806 0.78908 0.43705 0.78942 0.43521 0.79372 0.43513 0.80018 0.43526 0.80193 0.43731 0.81446 0.43847 0.82218 0.44115 0.82656 0.44319 0.82907 0.44993 0.83160
4 0.52223 0.80005 0.51725 0.77985 0.51472 0.77839 0.50985 0.77766 0.50614 0.77833 0.50174 0.77916 0.49746 0.78052 0.49371 0.78194 0.48795 0.78457 0.48459 0.78628 0.48203 0.78742 0.47758 0.79123 0.47611 0.79436 0.48187 0.81884 0.48538 0.83176 0.48851 0.83810 0.49501 0.84049 0.50250 0.84081 0.51392 0.83780 0.52270 0.83559 0.52616 0.82569 0.52553 0.81525 0.52223 0.80005
