4 0.45221 0.38069 0.45880 0.37810 0.46693 0.37450 0.47137 0.36959 0.47572 0.36332 0.47363 0.35542 0.47462 0.34364 0.47877 0.33121 0.48050 0.32572 0.48213 0.31275 0.47498 0.30910 0.46742 0.29844 0.46303 0.29245 0.45801 0.28499 0.45343 0.27815 0.45053 0.27487 0.44643 0.27107 0.44445 0.27065 0.44022 0.27188 0.43612 0.27607 0.43222 0.28110 0.43088 0.28561 0.43191 0.29409 0.42866 0.30671 0.42205 0.32182 0.42361 0.34026 0.42580 0.35484 0.42939 0.36545 0.43528 0.37150 0.44272 0.37734 0.44590 0.38015 0.45221 0.38069
3 0.66305 0.37858 0.66150 0.38411 0.65812 0.39378 0.66033 0.39850 0.66399 0.40168 0.67124 0.40402 0.67898 0.40221 0.68666 0.39718 0.69354 0.39145 0.69959 0.38341 0.70613 0.37043 0.70936 0.35700 0.71241 0.34886 0.71707 0.34293 0.71761 0.33505 0.71501 0.32598 0.71405 0.31539 0.70997 0.30706 0.70182 0.30186 0.69422 0.30212 0.68879 0.30361 0.68316 0.30616 0.67906 0.31300 0.66169 0.32636 0.65373 0.33186 0.65185 0.34158 0.65172 0.34395 0.65604 0.34673 0.66064 0.34904 0.66447 0.35145 0.66440 0.35623 0.66379 0.36089 0.66446 0.36663 0.66314 0.37460 0.66305 0.37858
1 0.69458 0.33685 0.69506 0.33510 0.69328 0.33318 0.68956 0.33115 0.68575 0.33312 0.68292 0.33205 0.67810 0.33057 0.67879 0.32578 0.68460 0.31284 0.69121 0.30746 0.69655 0.30598 0.70075 0.30471 0.70188 0.30249 0.69379 0.30202 0.68319 0.30561 0.67892 0.31286 0.65286 0.33214 0.65139 0.34369 0.66525 0.35249 0.66638 0.34565 0.66908 0.34422 0.67141 0.34918 0.67447 0.35230 0.67701 0.34806 0.67997 0.34283 0.68369 0.34285 0.68609 0.34028 0.69003 0.33819 0.69458 0.33685
2 0.71532 0.34495 0.71199 0.34904 0.71042 0.35643 0.71176 0.35724 0.71472 0.35575 0.71665 0.35376 0.71833 0.34853 0.71677 0.34526 0.71532 0.34495
4 0.69929 0.39106 0.70040 0.39840 0.70203 0.40629 0.70425 0.40765 0.70704 0.40713 0.71088 0.40462 0.71329 0.40735 0.71493 0.40925 0.72250 0.41286 0.72672 0.41376 0.73115 0.41137 0.73476 0.40546 0.74208 0.38662 0.75335 0.35284 0.75558 0.34754 0.75684 0.34160 0.75963 0.33664 0.76167 0.32775 0.75999 0.32385 0.76187 0.32092 0.76178 0.31690 0.75311 0.31772 0.74293 0.32266 0.72869 0.33783 0.71742 0.34276 0.71260 0.34840 0.70870 0.35711 0.70547 0.37085 0.70138 0.37974 0.69928 0.38440 0.69929 0.39106
4 0.47601 0.32059 0.47532 0.32229 0.47556 0.32373 0.47692 0.32510 0.47810 0.32412 0.47707 0.32282 0.47710 0.32113 0.47821 0.31905 0.47817 0.31720 0.47691 0.31894 0.47601 0.32059
4 0.41135 0.36508 0.41201 0.36016 0.41624 0.35627 0.42430 0.34946 0.42287 0.33397 0.42046 0.31775 0.41129 0.31207 0.40368 0.29900 0.39954 0.28827 0.39543 0.28633 0.38890 0.28681 0.38450 0.28268 0.37783 0.28206 0.37395 0.28256 0.36815 0.28586 0.36470 0.28965 0.36100 0.29819 0.35894 0.30787 0.36333 0.32185 0.36581 0.33330 0.36491 0.35175 0.36941 0.37321 0.37311 0.38598 0.38279 0.38750 0.39578 0.38947 0.40607 0.37302 0.41135 0.36508
4 0.66260 0.37854 0.66105 0.38407 0.65768 0.39374 0.65988 0.39847 0.66355 0.40164 0.67079 0.40398 0.67854 0.40217 0.68621 0.39714 0.69310 0.39141 0.69915 0.38338 0.70568 0.37039 0.70891 0.35696 0.71196 0.34882 0.71662 0.34289 0.71717 0.33501 0.71456 0.32594 0.71361 0.31535 0.70952 0.30702 0.70138 0.30183 0.69378 0.30208 0.68834 0.30358 0.68272 0.30612 0.67862 0.31297 0.66124 0.32632 0.65328 0.33182 0.65140 0.34154 0.65127 0.34391 0.65559 0.34669 0.66020 0.34900 0.66403 0.35141 0.66395 0.35619 0.66334 0.36085 0.66401 0.36659 0.66269 0.37457 0.66260 0.37854
1 0.54129 0.31628 0.53857 0.32603 0.54135 0.33093 0.54809 0.32235 0.55441 0.31368 0.56350 0.30945 0.56815 0.30458 0.55850 0.29497 0.55116 0.28632 0.54797 0.27717 0.54200 0.27235 0.53277 0.26747 0.52223 0.26153 0.51694 0.26071 0.51279 0.26122 0.50651 0.27021 0.49730 0.28474 0.48998 0.30122 0.48427 0.31110 0.47992 0.33052 0.48608 0.32828 0.49238 0.31405 0.49599 0.30480 0.50355 0.31289 0.51175 0.31031 0.51950 0.30780 0.52719 0.31067 0.53274 0.31693 0.53654 0.31604 0.54129 0.31628
3 0.47774 0.38795 0.47985 0.39399 0.48770 0.39619 0.50382 0.39935 0.51446 0.40081 0.53298 0.40075 0.54512 0.40227 0.54994 0.39557 0.55315 0.38933 0.55615 0.37878 0.55432 0.37227 0.55010 0.36818 0.54605 0.36412 0.54327 0.35500 0.54110 0.35188 0.54025 0.34877 0.53904 0.33760 0.53857 0.33189 0.55031 0.32188 0.56929 0.30541 0.56852 0.30285 0.56136 0.29653 0.55646 0.29203 0.55275 0.28911 0.54962 0.28072 0.54422 0.27239 0.53228 0.26638 0.52650 0.26249 0.52109 0.25948 0.51506 0.25766 0.50899 0.26490 0.50562 0.26924 0.50298 0.27454 0.49778 0.28302 0.48971 0.29968 0.48329 0.31030 0.48100 0.32020 0.47909 0.32831 0.47461 0.34228 0.47346 0.35481 0.47539 0.36348 0.47535 0.37785 0.47774 0.38795
1 0.39588 0.31265 0.39520 0.31066 0.39311 0.30713 0.38979 0.30889 0.38678 0.31118 0.38647 0.31265 0.38817 0.31548 0.39042 0.31673 0.39120 0.32229 0.39350 0.32432 0.39320 0.31902 0.39520 0.31528 0.39588 0.31265
4 0.56503 0.36952 0.56497 0.37244 0.56709 0.37848 0.56898 0.38021 0.56984 0.39131 0.57281 0.39860 0.57880 0.40334 0.58983 0.40382 0.60999 0.40491 0.61888 0.40573 0.63243 0.40595 0.63757 0.40038 0.64254 0.39212 0.64619 0.38117 0.64947 0.36749 0.65041 0.35864 0.64950 0.35312 0.64797 0.34880 0.64653 0.34849 0.64472 0.34012 0.64445 0.33606 0.64363 0.33456 0.64327 0.32383 0.64390 0.31997 0.65107 0.31644 0.65131 0.31089 0.64928 0.30354 0.64193 0.29372 0.63714 0.28871 0.63333 0.28177 0.62961 0.27353 0.62500 0.26855 0.62155 0.27235 0.61771 0.27712 0.60604 0.28050 0.60033 0.28514 0.59603 0.28849 0.59150 0.29472 0.58621 0.29652 0.58030 0.30033 0.57503 0.30560 0.57448 0.31614 0.57902 0.31790 0.58282 0.32137 0.58455 0.33186 0.58110 0.34364 0.57245 0.35592 0.57010 0.36341 0.56806 0.36590 0.56595 0.36785 0.56503 0.36952
3 0.56497 0.36971 0.56492 0.37263 0.56703 0.37867 0.56893 0.38040 0.56978 0.39151 0.57276 0.39880 0.57874 0.40353 0.58978 0.40401 0.60993 0.40510 0.61882 0.40593 0.63237 0.40614 0.63751 0.40058 0.64248 0.39231 0.64613 0.38137 0.64941 0.36769 0.65035 0.35883 0.64945 0.35331 0.64791 0.34899 0.64647 0.34869 0.64466 0.34031 0.64439 0.33626 0.64357 0.33475 0.64321 0.32403 0.64384 0.32017 0.65101 0.31663 0.65125 0.31109 0.64922 0.30373 0.64187 0.29391 0.63709 0.28890 0.63327 0.28197 0.62955 0.27372 0.62495 0.26874 0.62150 0.27254 0.61765 0.27732 0.60598 0.28069 0.60027 0.28534 0.59597 0.28869 0.59144 0.29491 0.58615 0.29671 0.58024 0.30052 0.57497 0.30579 0.57443 0.31633 0.57896 0.31809 0.58276 0.32156 0.58449 0.33205 0.58104 0.34383 0.57239 0.35611 0.57004 0.36360 0.56800 0.36610 0.56589 0.36805 0.56497 0.36971
1 0.62829 0.27189 0.62315 0.27034 0.61841 0.27673 0.60626 0.28093 0.59542 0.28926 0.59164 0.29370 0.59093 0.29909 0.59738 0.29753 0.60700 0.29188 0.60878 0.29272 0.61036 0.29814 0.61426 0.29881 0.62187 0.30259 0.63006 0.30417 0.63618 0.29746 0.63886 0.29002 0.63712 0.28841 0.63189 0.27913 0.62955 0.27417 0.62829 0.27189
4 0.47825 0.38782 0.48037 0.39387 0.48821 0.39607 0.50434 0.39923 0.51498 0.40069 0.53349 0.40063 0.54563 0.40214 0.55045 0.39545 0.55367 0.38921 0.55667 0.37866 0.55484 0.37215 0.55061 0.36805 0.54657 0.36400 0.54378 0.35488 0.54162 0.35176 0.54077 0.34865 0.53955 0.33747 0.53908 0.33177 0.55083 0.32176 0.56981 0.30529 0.56903 0.30272 0.56188 0.29641 0.55698 0.29191 0.55326 0.28899 0.55013 0.28060 0.54473 0.27226 0.53279 0.26626 0.52701 0.26237 0.52161 0.25935 0.51557 0.25754 0.50951 0.26477 0.50613 0.26912 0.50349 0.27441 0.49829 0.28290 0.49022 0.29956 0.48381 0.31018 0.48152 0.32008 0.47960 0.32819 0.47512 0.34215 0.47397 0.35469 0.47590 0.36336 0.47587 0.37773 0.47825 0.38782
