4 0.17133 0.41237 0.17115 0.43555 0.17281 0.45900 0.17428 0.46629 0.17815 0.47488 0.18128 0.47931 0.19104 0.48400 0.21260 0.48452 0.21923 0.48426 0.22494 0.48010 0.22807 0.47775 0.23212 0.47749 0.23599 0.47853 0.24207 0.48270 0.24686 0.48452 0.25257 0.48609 0.25743 0.49192 0.27626 0.50205 0.29536 0.50356 0.31021 0.49942 0.31896 0.49380 0.33010 0.48330 0.32745 0.46306 0.32957 0.43266 0.32931 0.40077 0.31207 0.39215 0.29403 0.37228 0.27281 0.35014 0.25902 0.34227 0.23991 0.33927 0.22188 0.33888 0.20650 0.34451 0.19296 0.35240 0.18460 0.36730 0.18183 0.37720 0.17723 0.38241 0.17336 0.38970 0.17133 0.41237
4 0.37833 0.60094 0.38518 0.62814 0.39381 0.64220 0.40707 0.64783 0.42475 0.64783 0.44398 0.63752 0.45879 0.61407 0.47847 0.58656 0.49991 0.56625 0.50278 0.53155 0.50610 0.51685 0.49615 0.51498 0.48974 0.50998 0.47869 0.50466 0.46719 0.49904 0.45254 0.47956 0.45095 0.47056 0.44553 0.47684 0.42422 0.48944 0.41626 0.49801 0.40892 0.50385 0.39717 0.51017 0.38602 0.51151 0.38275 0.51310 0.37678 0.53374 0.37413 0.56500 0.37568 0.58156 0.37833 0.60094
4 0.50912 0.61954 0.52071 0.65778 0.53827 0.67815 0.55548 0.68212 0.57515 0.67616 0.59763 0.65629 0.61695 0.61954 0.63064 0.59768 0.63907 0.58328 0.63907 0.54205 0.63626 0.53312 0.63416 0.52169 0.63135 0.52318 0.62818 0.52169 0.62292 0.51672 0.61308 0.51374 0.60606 0.50878 0.59938 0.50033 0.59728 0.49437 0.59412 0.48742 0.59025 0.47997 0.58182 0.46805 0.57585 0.46755 0.56637 0.47302 0.55618 0.48096 0.54494 0.49338 0.52598 0.51027 0.50631 0.51722 0.50245 0.53212 0.50034 0.56440 0.50561 0.60414 0.50912 0.61954
4 0.60400 0.31016 0.58915 0.33942 0.58066 0.36492 0.57111 0.40506 0.57588 0.42569 0.58039 0.45945 0.59816 0.48496 0.61631 0.50792 0.62053 0.51112 0.62639 0.51276 0.63605 0.51415 0.64043 0.51294 0.64315 0.51394 0.64846 0.51369 0.65489 0.51807 0.67747 0.51197 0.70373 0.50146 0.71143 0.49584 0.72026 0.47514 0.72593 0.45600 0.72680 0.44098 0.72257 0.40356 0.71965 0.38480 0.71037 0.34879 0.69578 0.31766 0.68702 0.30303 0.67668 0.29403 0.66288 0.28803 0.64591 0.28465 0.63158 0.28615 0.61673 0.29403 0.60400 0.31016
4 0.32780 0.46159 0.33067 0.48253 0.33532 0.48972 0.34261 0.49910 0.34548 0.50285 0.35300 0.50754 0.36750 0.51142 0.38032 0.51151 0.38554 0.51042 0.39383 0.51085 0.40274 0.50695 0.41487 0.49848 0.41900 0.49500 0.42345 0.48916 0.43021 0.48610 0.43804 0.48047 0.44465 0.47722 0.45033 0.47047 0.45064 0.47009 0.44798 0.45571 0.44533 0.44602 0.44069 0.41820 0.44157 0.40695 0.42544 0.39038 0.40797 0.36694 0.38587 0.34818 0.36774 0.34318 0.35448 0.34599 0.34498 0.35006 0.33863 0.35875 0.33333 0.38094 0.33023 0.40345 0.33023 0.43408 0.32780 0.46159
4 0.20037 0.56540 0.20943 0.58166 0.22402 0.59135 0.25430 0.60572 0.27950 0.61291 0.30846 0.61042 0.33764 0.59072 0.35952 0.56978 0.37477 0.55415 0.37632 0.53320 0.38185 0.51226 0.36814 0.51163 0.35178 0.50632 0.34582 0.50288 0.33101 0.48381 0.31885 0.49413 0.31089 0.49944 0.29542 0.50351 0.27707 0.50320 0.25673 0.49132 0.25231 0.48600 0.24170 0.48319 0.23640 0.47850 0.23242 0.47663 0.22844 0.47756 0.22247 0.48257 0.21938 0.48475 0.20589 0.48475 0.20413 0.48600 0.19771 0.50038 0.19352 0.52258 0.19396 0.53946 0.20037 0.56540
4 0.08795 0.56315 0.10541 0.56471 0.12552 0.56784 0.14475 0.56159 0.16907 0.54064 0.18211 0.53064 0.19338 0.53158 0.19360 0.51970 0.19847 0.49719 0.20156 0.48469 0.19095 0.48406 0.18145 0.48000 0.17482 0.46781 0.17216 0.45843 0.17194 0.44312 0.16376 0.43811 0.14254 0.43405 0.12110 0.43686 0.11115 0.44249 0.10496 0.44593 0.09612 0.44593 0.08242 0.43186 0.07667 0.42624 0.07115 0.42092 0.06031 0.42061 0.05280 0.42436 0.04550 0.43405 0.05103 0.47406 0.06363 0.51564 0.07844 0.55502 0.08795 0.56315
4 1.00000 0.50310 0.98346 0.50354 0.97741 0.50489 0.96913 0.50399 0.96308 0.50129 0.95290 0.51209 0.94844 0.51165 0.93285 0.58817 0.93953 0.60212 0.94749 0.62238 0.95131 0.64533 0.95831 0.65299 0.96722 0.65524 0.97486 0.64938 0.98632 0.61382 0.99714 0.56386 1.00000 0.53999 1.00000 0.50310
4 0.85919 0.29891 0.85155 0.32322 0.84582 0.34321 0.83665 0.37183 0.85117 0.41667 0.85804 0.45178 0.85652 0.47338 0.85461 0.48040 0.87218 0.50903 0.89364 0.51079 0.90617 0.51011 0.92885 0.51261 0.93920 0.51205 0.94801 0.51133 0.95373 0.50892 0.96347 0.50147 0.97454 0.50471 0.98180 0.50363 0.98982 0.49553 0.99135 0.47554 0.98638 0.44205 0.97493 0.38372 0.96614 0.34969 0.95010 0.31242 0.94169 0.29243 0.93062 0.27731 0.91648 0.27028 0.90120 0.26488 0.89204 0.26704 0.88134 0.27352 0.87218 0.28000 0.85919 0.29891
4 0.88255 0.62733 0.88510 0.65028 0.89051 0.66514 0.89879 0.67099 0.90675 0.67054 0.91661 0.65569 0.92362 0.63228 0.92807 0.60752 0.93189 0.59222 0.94780 0.51255 0.92635 0.51178 0.90181 0.51092 0.88523 0.51070 0.87555 0.51074 0.86250 0.57961 0.86728 0.58547 0.87491 0.59897 0.88255 0.62733
4 0.66717 0.68714 0.67560 0.70154 0.68824 0.71346 0.70018 0.71644 0.71704 0.70998 0.73180 0.69508 0.74725 0.67025 0.75990 0.62058 0.76692 0.58730 0.77043 0.51628 0.76938 0.50237 0.76657 0.49790 0.75990 0.49442 0.75252 0.48797 0.74584 0.47803 0.73987 0.47058 0.73320 0.47257 0.72020 0.47505 0.71353 0.49293 0.70545 0.50088 0.67806 0.51131 0.65523 0.51876 0.64926 0.51578 0.63907 0.54459 0.63837 0.57886 0.65102 0.63598 0.66717 0.68714
4 0.72187 0.37570 0.71965 0.38561 0.72601 0.43062 0.72760 0.44772 0.73652 0.46663 0.75307 0.48824 0.76612 0.49724 0.77378 0.49767 0.77980 0.49679 0.78630 0.48932 0.79139 0.49494 0.79690 0.49819 0.80352 0.49931 0.80826 0.50300 0.81272 0.50300 0.82039 0.49863 0.83207 0.49062 0.83805 0.49301 0.84467 0.49296 0.85050 0.48734 0.85687 0.47343 0.85741 0.45808 0.85582 0.44043 0.85209 0.42243 0.84229 0.39465 0.82850 0.35491 0.81138 0.31471 0.80030 0.29743 0.78961 0.28500 0.78273 0.28230 0.76936 0.28230 0.75880 0.29198 0.74797 0.30819 0.73588 0.33429 0.72888 0.35770 0.72187 0.37570
4 0.44148 0.41289 0.44170 0.42664 0.44591 0.44884 0.45210 0.47603 0.45276 0.48041 0.46072 0.49104 0.46757 0.49948 0.47530 0.50385 0.48658 0.50854 0.49078 0.51104 0.49697 0.51542 0.50802 0.51667 0.52526 0.51042 0.54140 0.49635 0.55400 0.48135 0.56173 0.46603 0.56903 0.46665 0.57588 0.46040 0.57875 0.44790 0.57389 0.41601 0.56991 0.39976 0.55533 0.37569 0.54339 0.35568 0.52349 0.33536 0.49896 0.32130 0.48813 0.32130 0.47729 0.32349 0.46646 0.33380 0.46072 0.34506 0.44922 0.37725 0.44458 0.40289 0.44148 0.41289
4 0.76952 0.58857 0.77617 0.59491 0.78308 0.61227 0.79152 0.64393 0.79306 0.65732 0.79933 0.67432 0.80598 0.68753 0.81404 0.69693 0.81967 0.69874 0.82824 0.69132 0.83706 0.67414 0.84845 0.64321 0.85753 0.59653 0.87480 0.51097 0.87160 0.50554 0.85510 0.47968 0.84947 0.48763 0.84576 0.49143 0.83962 0.49216 0.83527 0.49198 0.83246 0.48962 0.82760 0.49379 0.82478 0.49469 0.82184 0.49668 0.81788 0.49957 0.81199 0.50283 0.80790 0.50175 0.80495 0.50030 0.80291 0.49849 0.79549 0.49740 0.79088 0.49342 0.78705 0.49017 0.78564 0.48944 0.78372 0.49180 0.78065 0.49577 0.77796 0.49722 0.77054 0.49758 0.76901 0.49921 0.76760 0.50030 0.76978 0.50590 0.77016 0.51676 0.77042 0.54679 0.76952 0.58857
4 0.02394 0.34058 0.02739 0.35446 0.03243 0.37697 0.03375 0.39647 0.03508 0.40810 0.03826 0.41710 0.04330 0.41598 0.05312 0.41448 0.06320 0.40998 0.06850 0.41710 0.07725 0.42760 0.08468 0.43436 0.09556 0.44561 0.10511 0.44711 0.11306 0.44036 0.11996 0.43661 0.13004 0.43473 0.14118 0.43248 0.14887 0.43473 0.15577 0.43736 0.16161 0.43136 0.16611 0.42423 0.17036 0.41860 0.17169 0.39647 0.17256 0.38303 0.16638 0.37584 0.15444 0.35859 0.13932 0.32782 0.11572 0.29144 0.09980 0.27156 0.08627 0.26293 0.07115 0.25693 0.05391 0.25430 0.03375 0.26106 0.02871 0.28019 0.02580 0.29969 0.02394 0.34058
