1 0.36536 0.71137 0.36681 0.71555 0.36836 0.71726 0.37167 0.71757 0.37467 0.71679 0.37487 0.71385 0.37074 0.71044 0.36753 0.70780 0.36536 0.70858 0.36536 0.71137
4 0.46335 0.86134 0.46746 0.84287 0.46603 0.83243 0.46318 0.82467 0.45102 0.82092 0.44370 0.82012 0.43995 0.81824 0.43602 0.82092 0.43369 0.82520 0.43244 0.83430 0.43745 0.85277 0.45049 0.85679 0.46335 0.86134
4 0.38265 0.51677 0.38497 0.52046 0.38903 0.51894 0.39230 0.51681 0.39540 0.51330 0.39685 0.50722 0.40164 0.50114 0.40410 0.49680 0.40729 0.49115 0.40946 0.47639 0.40439 0.47314 0.39845 0.46792 0.39453 0.46228 0.39308 0.45990 0.38830 0.45946 0.38352 0.46163 0.37932 0.46684 0.37743 0.47162 0.37555 0.48550 0.37758 0.49528 0.38033 0.50852 0.38265 0.51677
4 0.50380 0.85124 0.50380 0.86286 0.50545 0.86975 0.50790 0.87416 0.51378 0.87513 0.52671 0.87297 0.53052 0.86555 0.53310 0.85038 0.53389 0.84113 0.53368 0.83457 0.53087 0.82973 0.52843 0.82908 0.52326 0.82812 0.51623 0.82693 0.51106 0.82639 0.50632 0.82736 0.50524 0.82887 0.50445 0.83296 0.50409 0.83834 0.50380 0.85124
4 0.59204 0.79974 0.59369 0.80454 0.60197 0.80423 0.60765 0.81182 0.61345 0.82127 0.61820 0.82003 0.62481 0.81051 0.63122 0.79880 0.63539 0.79063 0.64016 0.77907 0.63868 0.77217 0.63898 0.76876 0.63836 0.76458 0.63433 0.75916 0.63102 0.75823 0.62533 0.75962 0.62068 0.76504 0.61675 0.76071 0.61231 0.75652 0.60776 0.75637 0.60372 0.76272 0.59944 0.77625 0.59431 0.78890 0.59204 0.79974
4 0.45936 0.52484 0.46188 0.53027 0.46460 0.53328 0.46922 0.53464 0.48412 0.53253 0.49418 0.52937 0.50052 0.52650 0.50253 0.52545 0.50364 0.52183 0.50334 0.51836 0.50253 0.51324 0.50263 0.50902 0.50203 0.50419 0.50163 0.50057 0.50253 0.49771 0.50253 0.49243 0.50465 0.48640 0.50465 0.48143 0.49569 0.47027 0.48764 0.46243 0.48050 0.45957 0.47456 0.46138 0.46711 0.46575 0.46118 0.47057 0.45614 0.47947 0.45433 0.48535 0.45504 0.50208 0.45614 0.51550 0.45745 0.52198 0.45936 0.52484
4 0.40726 0.50409 0.40767 0.50853 0.41012 0.51396 0.41239 0.51645 0.41450 0.51931 0.41883 0.52217 0.42678 0.52248 0.43392 0.52172 0.43986 0.52006 0.44479 0.51569 0.44821 0.50996 0.44992 0.50635 0.45053 0.49609 0.45083 0.48871 0.44731 0.48494 0.43755 0.47499 0.43342 0.46775 0.42980 0.45931 0.42517 0.45524 0.42084 0.45403 0.41792 0.45434 0.41491 0.45645 0.41279 0.45961 0.41018 0.46971 0.40826 0.48358 0.40725 0.49625 0.40726 0.50409
4 0.60472 0.73856 0.60472 0.74909 0.60512 0.75590 0.60606 0.75885 0.60776 0.75637 0.61231 0.75652 0.61675 0.76071 0.62126 0.76582 0.62533 0.75962 0.63102 0.75823 0.63433 0.75916 0.63836 0.76458 0.64617 0.76287 0.65352 0.74676 0.65589 0.73329 0.65673 0.72554 0.65673 0.71718 0.65631 0.71052 0.65228 0.70122 0.64701 0.69735 0.63925 0.70169 0.63480 0.71439 0.63015 0.72121 0.62529 0.72120 0.62124 0.71609 0.62064 0.71036 0.61640 0.70572 0.61402 0.70835 0.60937 0.71935 0.60677 0.72740 0.60668 0.73236 0.60472 0.73856
4 0.55944 0.48703 0.55986 0.49427 0.56166 0.49571 0.56192 0.49820 0.56357 0.50111 0.56387 0.50489 0.56319 0.50693 0.56299 0.50898 0.56625 0.51303 0.57578 0.51937 0.58123 0.51841 0.58484 0.51762 0.58880 0.51780 0.59411 0.51645 0.59786 0.51351 0.60106 0.50859 0.60281 0.49962 0.60245 0.49346 0.60039 0.47556 0.59919 0.46633 0.59701 0.46054 0.59097 0.45602 0.58373 0.45132 0.58155 0.45059 0.57938 0.45277 0.57699 0.45660 0.57265 0.46926 0.56940 0.47541 0.56480 0.48102 0.55944 0.48703
4 0.54172 0.86082 0.54861 0.86437 0.55852 0.86523 0.56836 0.85630 0.57116 0.84974 0.57173 0.83866 0.57173 0.83005 0.56965 0.82327 0.56714 0.82016 0.56304 0.81887 0.55924 0.81962 0.55665 0.82102 0.55328 0.82091 0.54746 0.82263 0.54301 0.82414 0.53920 0.82704 0.53777 0.83307 0.53683 0.84705 0.53734 0.85393 0.54172 0.86082
4 0.57202 0.83134 0.57209 0.84285 0.57353 0.84995 0.57762 0.85415 0.58301 0.85490 0.59047 0.85071 0.59572 0.84802 0.60419 0.83844 0.60828 0.83091 0.60821 0.82016 0.60692 0.81209 0.60333 0.80488 0.60017 0.80413 0.59694 0.80596 0.59586 0.80682 0.59299 0.80746 0.59004 0.80972 0.58839 0.81295 0.58652 0.81617 0.58466 0.81596 0.58042 0.82231 0.57669 0.82489 0.57202 0.83134
4 0.51270 0.49605 0.51572 0.50374 0.51843 0.50992 0.52035 0.51278 0.52155 0.51535 0.52326 0.51761 0.52417 0.51806 0.52668 0.52424 0.53111 0.52921 0.53544 0.53102 0.54279 0.53087 0.54953 0.52861 0.55094 0.52454 0.55295 0.52303 0.55557 0.51730 0.55677 0.51128 0.55728 0.50178 0.55738 0.48640 0.55659 0.48073 0.55295 0.47510 0.54852 0.46907 0.54635 0.46635 0.53423 0.46108 0.52910 0.46108 0.52347 0.46288 0.51904 0.46560 0.51501 0.46937 0.50927 0.47826 0.50676 0.48263 0.50646 0.48655 0.50927 0.49138 0.51270 0.49605
1 0.41606 0.48066 0.41700 0.47898 0.41675 0.47382 0.41588 0.46969 0.41519 0.46904 0.41407 0.46930 0.41278 0.47188 0.41304 0.47536 0.41382 0.47859 0.41606 0.48066
1 0.45009 0.49266 0.45009 0.48815 0.44777 0.48569 0.44656 0.48647 0.44630 0.49163 0.44733 0.49460 0.44932 0.49654 0.45009 0.49266
4 0.60696 0.49400 0.61275 0.50381 0.61723 0.51186 0.62132 0.51552 0.62520 0.51627 0.62843 0.51487 0.63023 0.51250 0.63353 0.49583 0.62348 0.48454 0.61328 0.47464 0.60294 0.46646 0.60039 0.47556 0.60215 0.49067 0.60438 0.49228 0.60696 0.49400
4 0.47819 0.86517 0.49270 0.87353 0.49668 0.86795 0.49882 0.85485 0.49903 0.83933 0.49804 0.82966 0.49469 0.82557 0.48365 0.82483 0.47136 0.82594 0.46950 0.82855 0.46851 0.83784 0.46963 0.85754 0.47819 0.86517
2 0.57263 0.49572 0.57397 0.48944 0.57302 0.48638 0.57068 0.48376 0.56769 0.48205 0.56504 0.48115 0.56255 0.48346 0.55944 0.48703 0.55986 0.49427 0.56166 0.49571 0.56240 0.49893 0.56357 0.50111 0.56395 0.50162 0.56455 0.50483 0.56694 0.50662 0.56968 0.50580 0.57297 0.50154 0.57263 0.49572
2 0.61247 0.73043 0.61384 0.73508 0.61111 0.74363 0.61297 0.75106 0.61545 0.75757 0.61880 0.76259 0.62203 0.76556 0.62637 0.75887 0.63115 0.75775 0.63568 0.75422 0.63853 0.74567 0.64623 0.72987 0.64858 0.71742 0.64908 0.70831 0.64672 0.69883 0.63965 0.70329 0.63593 0.70998 0.63419 0.71742 0.63084 0.72114 0.62501 0.72169 0.62203 0.71779 0.62004 0.71091 0.61855 0.70868 0.61843 0.71612 0.61396 0.71816 0.61545 0.72802 0.61247 0.73043
2 0.61780 0.48991 0.62032 0.49465 0.62384 0.49518 0.62843 0.49357 0.63015 0.49228 0.62348 0.48454 0.61565 0.47701 0.61486 0.47711 0.61378 0.48045 0.61507 0.48443 0.61780 0.48636 0.61780 0.48991
1 0.37519 0.74398 0.37503 0.74157 0.37882 0.74314 0.38124 0.74314 0.38559 0.74096 0.38769 0.73879 0.38954 0.73698 0.38946 0.73384 0.38720 0.73493 0.38293 0.73782 0.37962 0.73722 0.37471 0.73553 0.37253 0.73275 0.36882 0.73130 0.36866 0.73167 0.36826 0.73505 0.36906 0.74084 0.37197 0.74724 0.37422 0.74736 0.37519 0.74398
1 0.50009 0.51609 0.50125 0.51768 0.50164 0.51609 0.50077 0.51174 0.50097 0.51072 0.50116 0.50913 0.50125 0.50725 0.49990 0.50667 0.49913 0.50449 0.49787 0.50145 0.49719 0.49942 0.49660 0.49855 0.49526 0.49710 0.49506 0.50362 0.49652 0.50986 0.49826 0.51275 0.50009 0.51609
1 0.51585 0.49479 0.51633 0.49667 0.51672 0.49841 0.51740 0.49449 0.51692 0.48942 0.51624 0.48711 0.51556 0.48566 0.51479 0.48247 0.51305 0.48073 0.51401 0.48551 0.51547 0.48812 0.51566 0.49218 0.51585 0.49479
1 0.62290 0.72310 0.62185 0.72395 0.62354 0.72781 0.62612 0.72975 0.63120 0.73168 0.63378 0.73156 0.63628 0.73168 0.63741 0.72999 0.63741 0.72842 0.63620 0.72600 0.63475 0.72491 0.63241 0.72613 0.62902 0.72516 0.62661 0.72371 0.62290 0.72310
2 0.49740 0.51190 0.49912 0.51680 0.50188 0.52055 0.50274 0.51667 0.50240 0.50699 0.50197 0.49666 0.50248 0.48982 0.50395 0.48440 0.50162 0.48143 0.49869 0.47988 0.49611 0.48092 0.49464 0.49034 0.49421 0.49899 0.49481 0.50596 0.49740 0.51190
2 0.51328 0.47908 0.51248 0.47680 0.51027 0.47825 0.50784 0.48302 0.50680 0.48556 0.50874 0.48971 0.51176 0.49438 0.51653 0.50497 0.51795 0.50356 0.51768 0.49651 0.51764 0.48920 0.51546 0.48297 0.51328 0.47908
