4 0.35921 0.65330 0.36347 0.65643 0.36687 0.65862 0.37353 0.66085 0.37739 0.65942 0.37848 0.65617 0.38115 0.65955 0.38587 0.66012 0.38923 0.65860 0.39837 0.65650 0.40216 0.65453 0.40588 0.64804 0.40963 0.63945 0.41313 0.62155 0.41554 0.60399 0.41348 0.58391 0.40574 0.56496 0.39869 0.54547 0.39795 0.53211 0.39687 0.52848 0.39159 0.52041 0.38540 0.51746 0.37682 0.51833 0.37130 0.52820 0.36502 0.54429 0.35817 0.56266 0.35285 0.59769 0.35097 0.61323 0.35018 0.63135 0.35194 0.64091 0.35542 0.64946 0.35921 0.65330
4 0.30676 0.65331 0.30849 0.65812 0.31062 0.65875 0.31264 0.66387 0.31560 0.67048 0.31900 0.67558 0.32345 0.67768 0.32914 0.67657 0.33308 0.67277 0.34024 0.66239 0.34701 0.65327 0.35281 0.64477 0.35018 0.63135 0.35091 0.61164 0.35463 0.58081 0.34426 0.56259 0.33923 0.54424 0.33783 0.53368 0.33601 0.52648 0.32987 0.53201 0.32437 0.53395 0.31531 0.53658 0.31011 0.53778 0.30909 0.54845 0.30647 0.56333 0.30465 0.57359 0.30405 0.57798 0.30559 0.58195 0.30234 0.59883 0.30249 0.62294 0.30475 0.63841 0.30571 0.64466 0.30676 0.65331
4 0.62789 0.70999 0.63064 0.70811 0.63228 0.70906 0.63377 0.70891 0.63575 0.70741 0.63738 0.70611 0.64165 0.70339 0.64339 0.70133 0.64505 0.69672 0.64885 0.68832 0.65130 0.68462 0.65658 0.67289 0.66543 0.64913 0.66883 0.63185 0.67166 0.61886 0.67656 0.60321 0.68238 0.58140 0.68317 0.57439 0.67725 0.56858 0.67222 0.56929 0.66219 0.57941 0.65410 0.59463 0.64494 0.60570 0.63303 0.61045 0.62631 0.60829 0.62453 0.61982 0.62199 0.62721 0.61882 0.63602 0.61963 0.63846 0.61713 0.64490 0.61372 0.65155 0.61207 0.65317 0.60977 0.64797 0.60930 0.64702 0.60920 0.64666 0.60887 0.64592 0.60917 0.64656 0.60890 0.64567 0.60284 0.64982 0.60409 0.65709 0.60645 0.66469 0.60972 0.67561 0.61067 0.68532 0.61127 0.69512 0.61218 0.69875 0.61418 0.70160 0.61658 0.70362 0.62009 0.70729 0.62423 0.71014 0.62622 0.71116 0.62789 0.70999
4 0.67711 0.69411 0.67651 0.69753 0.68283 0.70394 0.68748 0.70520 0.69208 0.70513 0.69600 0.70075 0.70157 0.69357 0.70417 0.69183 0.71474 0.65380 0.72361 0.62626 0.72657 0.60783 0.72426 0.60875 0.72207 0.61145 0.71819 0.61715 0.71357 0.62229 0.70932 0.62683 0.70508 0.63138 0.69980 0.63529 0.69373 0.65186 0.68057 0.68666 0.67711 0.69411
4 0.51005 0.63409 0.51163 0.63781 0.51705 0.64175 0.52364 0.64497 0.53242 0.64928 0.53427 0.65487 0.53777 0.65870 0.53888 0.66257 0.54244 0.66182 0.54813 0.66420 0.55436 0.66438 0.55750 0.66264 0.56115 0.65801 0.56271 0.65255 0.56544 0.64042 0.56699 0.62739 0.56904 0.60987 0.57181 0.59247 0.57162 0.58762 0.57001 0.57816 0.56521 0.56310 0.56436 0.55607 0.56330 0.54350 0.56233 0.53461 0.55379 0.53402 0.54239 0.53522 0.53122 0.53692 0.52408 0.53681 0.51638 0.54577 0.50885 0.55385 0.49730 0.56351 0.49665 0.58379 0.49325 0.61016 0.49657 0.61245 0.49797 0.61637 0.50125 0.62062 0.50702 0.63356 0.51005 0.63409
4 0.56693 0.62719 0.56538 0.64022 0.56548 0.65260 0.56910 0.65324 0.57142 0.65136 0.57469 0.65041 0.57906 0.64888 0.58220 0.65078 0.58725 0.64822 0.59035 0.64686 0.59252 0.64501 0.59594 0.64613 0.59775 0.64805 0.59886 0.64893 0.60278 0.64963 0.60881 0.64572 0.61201 0.65297 0.61366 0.65135 0.61707 0.64469 0.61957 0.63825 0.61876 0.63582 0.62192 0.62701 0.62447 0.61963 0.62626 0.60809 0.62641 0.59665 0.62775 0.58695 0.62623 0.57579 0.62419 0.57047 0.61952 0.56525 0.61205 0.56393 0.60709 0.56248 0.60356 0.56702 0.59683 0.57558 0.58908 0.58357 0.58232 0.58812 0.57793 0.58696 0.57256 0.58640 0.57175 0.59227 0.56898 0.60967 0.56693 0.62719
4 0.37383 0.71069 0.38014 0.71502 0.39039 0.71897 0.39775 0.72179 0.40852 0.72313 0.41047 0.70474 0.41378 0.68438 0.41417 0.67078 0.41162 0.67082 0.40519 0.66831 0.40305 0.66579 0.39628 0.66413 0.39405 0.66267 0.38840 0.66137 0.38407 0.65999 0.38082 0.66095 0.37885 0.66137 0.37770 0.66285 0.37543 0.66444 0.37278 0.66703 0.37013 0.66794 0.36752 0.67146 0.36696 0.67350 0.36431 0.67610 0.36443 0.67826 0.36335 0.68098 0.36053 0.68569 0.35840 0.69327 0.35750 0.70567 0.35659 0.71086 0.37383 0.71069
4 0.61769 0.72827 0.61359 0.73042 0.60947 0.73344 0.59681 0.75325 0.59660 0.76092 0.59651 0.76796 0.61152 0.76818 0.62646 0.76553 0.63650 0.76465 0.63444 0.74952 0.62935 0.73209 0.62589 0.72972 0.62262 0.72716 0.61769 0.72827
3 0.49015 0.63283 0.48873 0.62784 0.48413 0.62687 0.47901 0.62597 0.47181 0.62792 0.46906 0.63049 0.46526 0.63288 0.46428 0.63669 0.46729 0.64901 0.46811 0.65620 0.47155 0.64854 0.47581 0.64301 0.48068 0.63913 0.48693 0.63410 0.49015 0.63283
4 0.51317 0.69028 0.51366 0.68507 0.51089 0.68128 0.51101 0.67734 0.51053 0.67681 0.50658 0.67810 0.50513 0.68225 0.50308 0.67925 0.49775 0.67940 0.49175 0.68253 0.48858 0.68264 0.48665 0.68627 0.48158 0.68824 0.47848 0.68791 0.47252 0.69083 0.46864 0.69169 0.46708 0.69163 0.46168 0.69707 0.45540 0.73917 0.47099 0.74500 0.48263 0.74727 0.49768 0.74728 0.50354 0.74655 0.50426 0.73676 0.50622 0.72564 0.50840 0.71082 0.51059 0.69842 0.51317 0.69028
4 0.41750 0.66945 0.42567 0.67282 0.44488 0.67648 0.45602 0.67625 0.46420 0.67548 0.46847 0.66551 0.46869 0.65509 0.47258 0.64724 0.47831 0.64110 0.48815 0.63403 0.49086 0.63286 0.49325 0.61016 0.49665 0.58379 0.49724 0.55913 0.49251 0.55554 0.48851 0.54576 0.48394 0.53312 0.46832 0.53036 0.45028 0.52718 0.43785 0.52664 0.43633 0.53931 0.43108 0.55792 0.42605 0.57327 0.41955 0.58478 0.41586 0.60670 0.41196 0.62885 0.41074 0.63882 0.41078 0.65176 0.41407 0.66555 0.41750 0.66945
4 0.46008 0.67778 0.45260 0.67712 0.44488 0.67648 0.42567 0.67282 0.41750 0.66945 0.41417 0.67078 0.41378 0.68438 0.41047 0.70474 0.40852 0.72313 0.41908 0.72830 0.43780 0.73667 0.45510 0.74016 0.46226 0.69712 0.46422 0.68600 0.46395 0.67780 0.46008 0.67778
4 0.59187 0.72438 0.58994 0.72558 0.58700 0.72683 0.58372 0.72669 0.57981 0.72777 0.57380 0.72362 0.56239 0.73064 0.55685 0.73363 0.55217 0.76014 0.55836 0.76079 0.56748 0.76439 0.57905 0.76620 0.58808 0.76780 0.59651 0.76796 0.59688 0.74797 0.59546 0.72920 0.59407 0.72411 0.59187 0.72438
4 0.51222 0.75266 0.52909 0.75696 0.54141 0.76023 0.54557 0.76185 0.54865 0.76062 0.55217 0.76014 0.55924 0.72171 0.56242 0.71015 0.56407 0.69920 0.56367 0.69494 0.56224 0.69006 0.55814 0.68647 0.55344 0.68630 0.55062 0.68360 0.54800 0.68226 0.54563 0.68184 0.54256 0.67975 0.53941 0.67810 0.53517 0.67537 0.53178 0.67345 0.52761 0.67271 0.52084 0.67372 0.51357 0.67596 0.51059 0.68227 0.51336 0.68607 0.51287 0.69127 0.51029 0.69941 0.50811 0.71182 0.50592 0.72664 0.50396 0.73776 0.50346 0.74384 0.50344 0.75045 0.51222 0.75266
4 0.30166 0.61927 0.30234 0.59883 0.30392 0.58814 0.29670 0.57178 0.29138 0.55987 0.29098 0.55203 0.28630 0.53978 0.28295 0.53690 0.27564 0.53790 0.27249 0.55746 0.27003 0.59058 0.27361 0.64039 0.27480 0.64379 0.27884 0.65456 0.28442 0.65829 0.29052 0.65571 0.29780 0.65151 0.30344 0.63467 0.30166 0.61927
4 0.27228 0.57177 0.26907 0.56572 0.26164 0.55728 0.25724 0.54992 0.25230 0.54960 0.24803 0.58998 0.24435 0.61895 0.25100 0.63987 0.25585 0.64676 0.26197 0.64235 0.26976 0.63660 0.27369 0.62852 0.27131 0.60561 0.27003 0.59058 0.27228 0.57177
4 0.65030 0.68825 0.65320 0.70003 0.65669 0.70704 0.65894 0.70974 0.66656 0.70638 0.67401 0.69661 0.68057 0.68666 0.69427 0.64992 0.70223 0.63017 0.70560 0.61595 0.71212 0.58853 0.70786 0.58910 0.70152 0.59261 0.69196 0.60371 0.68661 0.61291 0.68090 0.61851 0.67543 0.62350 0.66974 0.62735 0.66497 0.65031 0.65658 0.67289 0.65030 0.68825
