4 0.45037 0.62870 0.45169 0.63684 0.45483 0.64787 0.46713 0.64588 0.47376 0.64461 0.48233 0.64606 0.49233 0.64371 0.50548 0.64009 0.50379 0.62019 0.50162 0.61459 0.49655 0.61151 0.48787 0.60500 0.48124 0.60012 0.47605 0.59740 0.46990 0.59723 0.46134 0.59722 0.45398 0.60030 0.45205 0.60699 0.45037 0.61531 0.45061 0.62001 0.45037 0.62870
4 0.62248 0.52278 0.62118 0.52982 0.61826 0.54177 0.63117 0.54955 0.64576 0.55643 0.65215 0.55498 0.66276 0.54666 0.66706 0.53687 0.67135 0.52258 0.67337 0.51102 0.67024 0.50361 0.66337 0.49691 0.65324 0.48823 0.64624 0.49854 0.63889 0.50704 0.62574 0.51808 0.62248 0.52278
4 0.49982 0.54309 0.50343 0.54613 0.51154 0.54960 0.52254 0.55264 0.53715 0.55329 0.54280 0.55199 0.54565 0.54944 0.54941 0.53571 0.55105 0.52268 0.54728 0.50987 0.53990 0.49642 0.52775 0.48752 0.52210 0.49099 0.51573 0.49946 0.50676 0.50836 0.50112 0.51161 0.49837 0.51574 0.49721 0.52681 0.49866 0.53115 0.49837 0.53701 0.49982 0.54309
4 0.51718 0.64011 0.53370 0.64120 0.54925 0.64031 0.56386 0.63778 0.56059 0.62510 0.55673 0.61099 0.55179 0.60086 0.54733 0.59470 0.54262 0.59018 0.54021 0.58946 0.53189 0.59470 0.52067 0.60031 0.51320 0.60339 0.51115 0.60755 0.50970 0.61623 0.50608 0.63088 0.50705 0.64156 0.51718 0.64011
4 0.55310 0.52435 0.55327 0.53555 0.55553 0.54102 0.56074 0.55588 0.56231 0.56004 0.56578 0.56707 0.57290 0.57229 0.58436 0.57619 0.59148 0.57645 0.60607 0.56629 0.61249 0.55457 0.61666 0.54676 0.62118 0.52982 0.62430 0.51446 0.62100 0.49362 0.61215 0.48476 0.60555 0.48085 0.59443 0.47929 0.58453 0.48137 0.57533 0.48892 0.56804 0.49674 0.55449 0.51472 0.55310 0.52435
4 0.46911 0.56706 0.48328 0.56800 0.48974 0.56393 0.49162 0.53299 0.49391 0.51236 0.48432 0.49767 0.47661 0.48735 0.45994 0.48454 0.44764 0.48672 0.43868 0.48922 0.43556 0.49297 0.44223 0.50861 0.44368 0.53392 0.44598 0.56018 0.46911 0.56706
4 0.27613 0.53071 0.27995 0.54347 0.28464 0.54940 0.29350 0.55077 0.30287 0.54139 0.30582 0.53045 0.30947 0.52420 0.30739 0.50883 0.30515 0.49656 0.30114 0.49268 0.29540 0.47939 0.28655 0.46350 0.28116 0.45230 0.27127 0.44657 0.26433 0.45049 0.26334 0.45751 0.26328 0.46220 0.26553 0.47548 0.27092 0.50649 0.27300 0.52133 0.27613 0.53071
4 0.27720 0.60624 0.29145 0.61749 0.30421 0.62124 0.30145 0.59686 0.29770 0.57961 0.29345 0.56948 0.28845 0.56535 0.28370 0.56460 0.27945 0.56910 0.27545 0.57510 0.27045 0.59048 0.26870 0.59911 0.27720 0.60624
1 0.45222 0.52873 0.45315 0.52543 0.45500 0.52456 0.45511 0.52021 0.45303 0.51447 0.45187 0.51360 0.45071 0.51291 0.44828 0.51395 0.44677 0.52143 0.44607 0.52734 0.44897 0.52908 0.45222 0.52873
1 0.47760 0.49726 0.47818 0.49413 0.47737 0.49117 0.47459 0.48978 0.47216 0.49065 0.47169 0.49239 0.47227 0.49691 0.47482 0.49848 0.47760 0.49726
1 0.44727 0.54763 0.44839 0.54495 0.44856 0.54227 0.44856 0.54067 0.44828 0.53900 0.44755 0.53682 0.44671 0.54043 0.44638 0.54361 0.44660 0.54696 0.44727 0.54763
4 0.34868 0.51829 0.35820 0.49851 0.36053 0.49025 0.35603 0.48949 0.34768 0.48674 0.33983 0.48198 0.33399 0.47747 0.33032 0.47397 0.32448 0.46896 0.31797 0.46521 0.31379 0.46921 0.31112 0.47572 0.30778 0.48248 0.30628 0.48624 0.30528 0.49425 0.30945 0.52630 0.31480 0.53331 0.34033 0.53582 0.34868 0.51829
2 0.49866 0.51683 0.49748 0.52682 0.49893 0.53126 0.49887 0.53682 0.49968 0.54069 0.50134 0.54383 0.50382 0.54497 0.50435 0.54545 0.50677 0.54150 0.50984 0.53545 0.51166 0.52763 0.51403 0.52126 0.51505 0.51658 0.51328 0.51239 0.51236 0.50957 0.51124 0.50691 0.50650 0.51030 0.50296 0.51158 0.49973 0.51481 0.49866 0.51683
2 0.47828 0.52298 0.48640 0.52298 0.49037 0.53299 0.49391 0.51236 0.48432 0.49767 0.47661 0.48735 0.45994 0.48454 0.45349 0.48641 0.45077 0.48641 0.44764 0.48672 0.43868 0.48922 0.43556 0.49297 0.44223 0.50861 0.44368 0.53392 0.44598 0.55800 0.44952 0.54362 0.46283 0.53420 0.46577 0.52486 0.47828 0.52298
