4 0.49735 0.64389 0.51037 0.63981 0.50798 0.61999 0.50562 0.61446 0.50045 0.61156 0.49154 0.60536 0.48474 0.60071 0.47947 0.59818 0.47331 0.59822 0.46476 0.59851 0.45751 0.60184 0.45582 0.60860 0.45442 0.61697 0.45483 0.62166 0.45489 0.63035 0.45650 0.63844 0.46002 0.64936 0.47224 0.64694 0.47882 0.64544 0.48743 0.64659 0.49735 0.64389
4 0.66429 0.54095 0.66825 0.53102 0.67203 0.51658 0.67365 0.50496 0.67026 0.49766 0.66316 0.49121 0.65273 0.48289 0.64610 0.49344 0.63905 0.50219 0.62629 0.51368 0.62320 0.51849 0.62214 0.52558 0.61965 0.53762 0.63282 0.54495 0.64764 0.55130 0.65398 0.54964 0.66429 0.54095
4 0.54734 0.54782 0.55063 0.53396 0.55181 0.52089 0.54760 0.50822 0.53975 0.49502 0.52729 0.48656 0.52177 0.49023 0.51571 0.49891 0.50705 0.50812 0.50152 0.51157 0.49892 0.51578 0.49815 0.52689 0.49975 0.53118 0.49966 0.53704 0.50132 0.54307 0.50504 0.54598 0.51326 0.54917 0.52436 0.55182 0.53899 0.55196 0.54459 0.55046 0.54734 0.54782
4 0.55528 0.59899 0.55060 0.59300 0.54575 0.58864 0.54331 0.58800 0.53518 0.59353 0.52416 0.59953 0.51680 0.60286 0.51489 0.60710 0.51375 0.61582 0.51065 0.63059 0.51198 0.64123 0.52206 0.63943 0.53861 0.63994 0.55412 0.63850 0.56863 0.63547 0.56492 0.62290 0.56057 0.60894 0.55528 0.59899
4 0.57538 0.56970 0.58697 0.57320 0.59409 0.57321 0.60832 0.56255 0.61433 0.55061 0.61822 0.54266 0.62214 0.52558 0.62473 0.51011 0.62070 0.48940 0.61155 0.48085 0.60482 0.47718 0.59365 0.47600 0.58383 0.47843 0.57490 0.48630 0.56788 0.49437 0.55497 0.51280 0.55392 0.52249 0.55448 0.53367 0.55693 0.53906 0.56265 0.55372 0.56436 0.55783 0.56808 0.56474 0.57538 0.56970
4 0.47618 0.48817 0.45942 0.48594 0.44721 0.48856 0.43834 0.49137 0.43535 0.49523 0.44256 0.51062 0.44490 0.53587 0.44811 0.56203 0.47147 0.56810 0.48566 0.56854 0.49197 0.56425 0.49277 0.53326 0.49434 0.51256 0.48425 0.49821 0.47618 0.48817
4 0.31043 0.53083 0.30781 0.51554 0.30515 0.50336 0.30100 0.49962 0.29481 0.48655 0.28540 0.47098 0.27963 0.45997 0.26954 0.45458 0.26274 0.45875 0.26200 0.46580 0.26210 0.47049 0.26482 0.48368 0.27128 0.51448 0.27388 0.52924 0.27734 0.53850 0.28160 0.55113 0.28650 0.55689 0.29539 0.55795 0.30444 0.54825 0.30700 0.53721 0.31043 0.53083
4 0.29086 0.57269 0.28608 0.57211 0.28199 0.57676 0.27820 0.58290 0.27374 0.59844 0.27230 0.60712 0.28104 0.61395 0.29568 0.62470 0.30856 0.62800 0.30495 0.60373 0.30060 0.58662 0.29600 0.57665 0.29086 0.57269
1 0.45119 0.51462 0.44880 0.51575 0.44755 0.52327 0.44706 0.52921 0.45002 0.53084 0.45325 0.53038 0.45406 0.52705 0.45588 0.52611 0.45585 0.52176 0.45356 0.51610 0.45237 0.51527 0.45119 0.51462
1 0.47218 0.49788 0.47478 0.49936 0.47752 0.49804 0.47799 0.49489 0.47708 0.49197 0.47425 0.49067 0.47185 0.49163 0.47144 0.49338 0.47218 0.49788
1 0.44815 0.54226 0.44793 0.54545 0.44827 0.54880 0.44897 0.54945 0.44999 0.54673 0.45006 0.54404 0.45001 0.54245 0.44967 0.54078 0.44887 0.53863 0.44815 0.54226
4 0.33331 0.48328 0.32952 0.47991 0.32350 0.47511 0.31686 0.47158 0.31283 0.47573 0.31039 0.48233 0.30729 0.48920 0.30592 0.49301 0.30520 0.50105 0.31049 0.53294 0.31607 0.53976 0.34168 0.54137 0.34941 0.52356 0.35823 0.50346 0.36028 0.49512 0.35575 0.49452 0.34731 0.49207 0.33930 0.48758 0.33331 0.48328
2 0.50538 0.54480 0.50594 0.54527 0.50822 0.54123 0.51107 0.53508 0.51262 0.52721 0.51476 0.52076 0.51562 0.51605 0.51370 0.51192 0.51269 0.50913 0.51147 0.50651 0.50686 0.51006 0.50336 0.51147 0.50025 0.51481 0.49924 0.51686 0.49841 0.52689 0.50002 0.53128 0.50016 0.53684 0.50110 0.54068 0.50287 0.54376 0.50538 0.54480
2 0.45942 0.48594 0.45304 0.48804 0.45033 0.48814 0.44721 0.48856 0.43834 0.49137 0.43535 0.49523 0.44256 0.51062 0.44490 0.53587 0.44803 0.55985 0.45107 0.54535 0.46404 0.53548 0.46666 0.52604 0.47909 0.52373 0.48722 0.52345 0.49152 0.53330 0.49434 0.51256 0.48425 0.49821 0.47618 0.48817 0.45942 0.48594
