4 0.63634 0.50927 0.63401 0.50947 0.62456 0.50719 0.61898 0.50412 0.61342 0.49486 0.61157 0.49090 0.60606 0.51219 0.60095 0.52259 0.59370 0.52938 0.59087 0.52757 0.58782 0.53027 0.58316 0.53392 0.55997 0.53651 0.55703 0.56155 0.56487 0.57595 0.56926 0.62032 0.57968 0.64178 0.59215 0.64943 0.60131 0.64269 0.60924 0.61320 0.62103 0.58140 0.62876 0.56467 0.63265 0.54207 0.63634 0.50927
4 0.76693 0.44152 0.77282 0.41649 0.77568 0.39416 0.77709 0.38073 0.77519 0.37487 0.76591 0.38899 0.75831 0.39912 0.75470 0.41195 0.75236 0.43795 0.74693 0.46431 0.73964 0.49297 0.74200 0.49925 0.74720 0.49527 0.75838 0.47494 0.76693 0.44152
4 0.21572 0.40063 0.21357 0.38042 0.21359 0.36345 0.20416 0.33832 0.19599 0.31558 0.19240 0.30427 0.18679 0.29311 0.18196 0.30317 0.17905 0.31644 0.17720 0.35321 0.17522 0.40317 0.17704 0.42410 0.17996 0.43459 0.18863 0.45022 0.20031 0.44918 0.20610 0.44904 0.21859 0.43073 0.21572 0.40063
4 0.48475 0.56835 0.48714 0.53691 0.48657 0.52227 0.47804 0.52929 0.46607 0.53067 0.43954 0.52713 0.43334 0.52874 0.41695 0.52726 0.41679 0.54310 0.42075 0.56569 0.42754 0.58723 0.42941 0.60960 0.43319 0.62539 0.44084 0.63298 0.45119 0.63497 0.46344 0.62178 0.47509 0.59132 0.48475 0.56835
4 0.70091 0.51364 0.70622 0.52287 0.71119 0.52830 0.71551 0.53026 0.72255 0.52308 0.73228 0.50939 0.74168 0.48699 0.74704 0.46229 0.75236 0.43795 0.75660 0.40483 0.75792 0.37555 0.75857 0.35978 0.76048 0.34640 0.75972 0.33689 0.75694 0.32981 0.75070 0.33179 0.74640 0.33436 0.74155 0.33988 0.72858 0.36039 0.71034 0.39280 0.69865 0.41307 0.69312 0.42267 0.69300 0.43812 0.69091 0.45850 0.68848 0.47876 0.69348 0.49098 0.69727 0.50760 0.70091 0.51364
4 0.33255 0.46610 0.34980 0.46225 0.36262 0.46473 0.36975 0.46624 0.37499 0.46188 0.38017 0.43414 0.38440 0.40818 0.39102 0.38587 0.38840 0.37013 0.37969 0.34771 0.37025 0.32032 0.36104 0.30992 0.35408 0.30429 0.34301 0.30199 0.33335 0.30777 0.32568 0.32092 0.31874 0.33678 0.31357 0.35246 0.31057 0.37138 0.30640 0.40149 0.30601 0.41955 0.30854 0.44094 0.31433 0.45287 0.31851 0.45859 0.33255 0.46610
4 0.69340 0.54053 0.69108 0.51238 0.68871 0.49667 0.68459 0.48567 0.68031 0.49767 0.67498 0.50963 0.66978 0.51655 0.65871 0.51652 0.65535 0.51504 0.65837 0.51520 0.65450 0.51313 0.65190 0.50909 0.64469 0.50833 0.64106 0.50456 0.63634 0.50927 0.63265 0.54207 0.62876 0.56467 0.63398 0.57955 0.63977 0.60581 0.64353 0.63713 0.64881 0.64900 0.65705 0.65439 0.67082 0.65018 0.68027 0.63684 0.68474 0.62298 0.69157 0.57957 0.69340 0.54053
4 0.17597 0.41758 0.17405 0.40229 0.17577 0.38361 0.17646 0.36030 0.16838 0.33908 0.16229 0.32524 0.15353 0.31527 0.14519 0.30610 0.14098 0.30075 0.13573 0.29567 0.13262 0.29648 0.12918 0.30290 0.12671 0.31207 0.12540 0.32928 0.12813 0.34881 0.13270 0.37230 0.13467 0.39664 0.14298 0.42279 0.15712 0.43898 0.16541 0.43910 0.17538 0.43034 0.17597 0.41758
4 0.83378 0.46099 0.84219 0.43359 0.85016 0.40803 0.85108 0.38964 0.84779 0.37307 0.83788 0.38372 0.82561 0.39753 0.81750 0.40535 0.81308 0.44260 0.80897 0.46970 0.80059 0.49447 0.80360 0.49931 0.81018 0.49887 0.82117 0.48758 0.83378 0.46099
4 0.21184 0.51793 0.21997 0.48937 0.22974 0.46822 0.23429 0.45648 0.22783 0.44901 0.22375 0.43907 0.22042 0.43058 0.21325 0.43842 0.20306 0.45501 0.19410 0.47715 0.18333 0.50498 0.17988 0.52634 0.17539 0.54896 0.17395 0.56555 0.17657 0.57216 0.18637 0.55645 0.20066 0.53532 0.21011 0.52862 0.21184 0.51793
4 0.32337 0.56496 0.33142 0.54001 0.34051 0.51381 0.34426 0.48388 0.34247 0.46649 0.33255 0.46610 0.31931 0.45998 0.31851 0.45859 0.31433 0.45287 0.30854 0.44094 0.30662 0.43149 0.29814 0.43947 0.29077 0.44159 0.28758 0.44895 0.28364 0.45488 0.27777 0.47055 0.27184 0.49256 0.26642 0.51824 0.26578 0.55302 0.26637 0.58477 0.27740 0.60901 0.29362 0.61253 0.31169 0.59858 0.32337 0.56496
4 0.80763 0.50162 0.79910 0.49658 0.79338 0.50805 0.78168 0.51888 0.77330 0.51008 0.76575 0.50778 0.76520 0.51300 0.77037 0.53316 0.77502 0.57023 0.77479 0.59397 0.78496 0.60485 0.79892 0.62517 0.81481 0.62948 0.81859 0.61027 0.82082 0.58184 0.81722 0.53959 0.80763 0.50162
4 0.13869 0.43013 0.13205 0.42446 0.12535 0.42783 0.11507 0.44530 0.10962 0.46555 0.10499 0.48091 0.10593 0.48915 0.11202 0.50020 0.12295 0.49954 0.13223 0.48875 0.14434 0.46044 0.15382 0.44123 0.14750 0.43242 0.13869 0.43013
4 0.77330 0.51008 0.78168 0.51888 0.79251 0.50908 0.80190 0.49159 0.80933 0.46635 0.81352 0.44076 0.81750 0.40535 0.81968 0.38219 0.82210 0.37113 0.81765 0.36802 0.81290 0.37016 0.80310 0.37969 0.79323 0.39223 0.78443 0.40413 0.77282 0.41649 0.76693 0.44152 0.75838 0.47494 0.75603 0.48300 0.76077 0.50009 0.76575 0.50778 0.77330 0.51008
4 0.40649 0.54926 0.41495 0.52616 0.39483 0.51952 0.38214 0.50865 0.37634 0.49446 0.37320 0.47414 0.36975 0.46624 0.36262 0.46473 0.34980 0.46225 0.34605 0.46687 0.34354 0.48788 0.34055 0.51924 0.34196 0.54021 0.34644 0.55788 0.34828 0.58342 0.35462 0.60355 0.36764 0.61171 0.38143 0.60682 0.39242 0.58263 0.40649 0.54926
4 0.49859 0.45337 0.49242 0.49535 0.49590 0.51721 0.49647 0.52142 0.49805 0.52309 0.50704 0.52366 0.51393 0.52514 0.52503 0.53196 0.54148 0.53332 0.56498 0.53466 0.58316 0.53392 0.58782 0.53027 0.59087 0.52757 0.59370 0.52938 0.60095 0.52259 0.60606 0.51219 0.61157 0.49090 0.61435 0.46441 0.61592 0.43515 0.61461 0.41653 0.61425 0.40556 0.61314 0.39224 0.60764 0.37280 0.60284 0.35382 0.59776 0.33518 0.59588 0.32442 0.58887 0.31690 0.58230 0.31243 0.57072 0.31499 0.56173 0.32159 0.55345 0.33090 0.54486 0.34810 0.53537 0.36898 0.52530 0.38829 0.51598 0.40277 0.50874 0.41182 0.50193 0.41676 0.49859 0.45337
4 0.54148 0.53332 0.52503 0.53196 0.51393 0.52514 0.50495 0.52254 0.49805 0.52309 0.49373 0.50868 0.49020 0.50786 0.48657 0.52227 0.48567 0.57392 0.49389 0.59334 0.49840 0.62504 0.50077 0.64838 0.51376 0.65110 0.52495 0.64232 0.53551 0.61356 0.55314 0.56064 0.55997 0.53651 0.54148 0.53332
4 0.19410 0.47715 0.20306 0.45501 0.20610 0.44904 0.20031 0.44918 0.18863 0.45022 0.17996 0.43459 0.17538 0.43034 0.16541 0.43910 0.15712 0.43898 0.15382 0.44123 0.14193 0.46533 0.13223 0.48875 0.12793 0.50957 0.12674 0.52665 0.12881 0.54135 0.13431 0.54645 0.15588 0.52789 0.17147 0.51731 0.18333 0.50498 0.19410 0.47715
4 0.77479 0.59397 0.77502 0.57023 0.77037 0.53316 0.76521 0.51527 0.76077 0.50009 0.75587 0.49165 0.75233 0.48713 0.74720 0.49527 0.74284 0.50085 0.74586 0.51512 0.74949 0.54040 0.75128 0.58320 0.74980 0.59964 0.75612 0.61615 0.76288 0.63308 0.76992 0.63797 0.77220 0.62576 0.77240 0.60956 0.77479 0.59397
4 0.25830 0.46206 0.27443 0.45207 0.27963 0.44809 0.28416 0.44328 0.29814 0.43947 0.30648 0.42941 0.30516 0.41569 0.30686 0.39475 0.31057 0.37138 0.31333 0.35470 0.30743 0.33672 0.30248 0.31923 0.29208 0.29853 0.28418 0.28751 0.27274 0.27914 0.26372 0.28121 0.25558 0.28451 0.24483 0.29356 0.23963 0.31187 0.22592 0.33947 0.21688 0.36568 0.21538 0.38476 0.21962 0.41613 0.22568 0.43261 0.23401 0.44669 0.24319 0.45746 0.24748 0.46206 0.25830 0.46206
4 0.23888 0.56785 0.25845 0.54818 0.26630 0.53950 0.26642 0.51824 0.27173 0.49073 0.26941 0.46967 0.26503 0.45971 0.25830 0.46206 0.24748 0.46206 0.24319 0.45746 0.23839 0.45193 0.22974 0.46822 0.21997 0.48937 0.21184 0.51793 0.20869 0.53933 0.20522 0.56657 0.20538 0.57655 0.20827 0.58636 0.21392 0.59284 0.22653 0.58194 0.23888 0.56785
4 0.74163 0.64631 0.74980 0.59964 0.75128 0.58320 0.74949 0.54040 0.74586 0.51512 0.73964 0.49297 0.73228 0.50939 0.72169 0.52331 0.72255 0.52308 0.71950 0.52619 0.71490 0.53223 0.71179 0.52857 0.71119 0.52830 0.70622 0.52287 0.70091 0.51364 0.69257 0.52460 0.69359 0.54357 0.69233 0.58191 0.69995 0.59553 0.71083 0.62119 0.72612 0.65034 0.73416 0.65759 0.74163 0.64631
4 0.40912 0.52469 0.43334 0.52874 0.43954 0.52713 0.46607 0.53067 0.47804 0.52929 0.48657 0.52227 0.49242 0.49535 0.49829 0.45146 0.50120 0.41895 0.49545 0.39232 0.49291 0.37583 0.49110 0.35716 0.48518 0.33692 0.47871 0.32191 0.46775 0.31133 0.46040 0.30716 0.44846 0.30591 0.44237 0.30640 0.43316 0.31034 0.42273 0.31867 0.40701 0.35096 0.39437 0.37792 0.38493 0.40559 0.37860 0.44906 0.37320 0.47414 0.37634 0.49446 0.38214 0.50865 0.39247 0.51803 0.40912 0.52469
4 0.62492 0.50739 0.63401 0.50947 0.64106 0.50456 0.64469 0.50833 0.65190 0.50909 0.65450 0.51313 0.66069 0.51643 0.66830 0.51572 0.67498 0.50963 0.68159 0.49222 0.68713 0.47772 0.69091 0.45850 0.69355 0.43577 0.69363 0.40636 0.69416 0.38454 0.69240 0.36776 0.68838 0.35338 0.68058 0.34388 0.67176 0.34409 0.66359 0.35002 0.65302 0.36211 0.64443 0.37441 0.63343 0.39060 0.62610 0.40530 0.61867 0.42337 0.61592 0.43515 0.61416 0.46627 0.61139 0.48786 0.61342 0.49486 0.61898 0.50412 0.62492 0.50739
