4 0.69934 0.52551 0.69041 0.52493 0.68022 0.53072 0.66779 0.52844 0.65802 0.52472 0.65472 0.52257 0.64854 0.50884 0.64737 0.51788 0.64318 0.54596 0.64386 0.59414 0.66486 0.60014 0.68813 0.60115 0.71743 0.59742 0.72089 0.56891 0.71777 0.50820 0.71587 0.51054 0.71376 0.52099 0.69934 0.52551
1 0.42630 0.35914 0.42265 0.36559 0.42263 0.37080 0.42629 0.37030 0.43014 0.36384 0.43655 0.35432 0.44033 0.35158 0.43940 0.34827 0.43646 0.34577 0.42630 0.35914
4 0.24822 0.48722 0.24120 0.48523 0.23695 0.49077 0.23315 0.51657 0.23092 0.56620 0.23223 0.58192 0.29232 0.58927 0.29268 0.51498 0.29446 0.49509 0.28172 0.48337 0.27934 0.48613 0.25776 0.48510 0.24822 0.48722
4 0.17822 0.38912 0.17592 0.35784 0.17423 0.33465 0.15886 0.31953 0.15215 0.31381 0.14690 0.31671 0.14283 0.32764 0.14370 0.37786 0.14584 0.43076 0.15230 0.44567 0.16150 0.47994 0.16803 0.47971 0.17793 0.47450 0.18479 0.45860 0.18838 0.45092 0.18494 0.42887 0.17822 0.38912
4 0.39429 0.48256 0.39103 0.43187 0.37877 0.39554 0.36214 0.37775 0.34283 0.36871 0.33121 0.36748 0.31703 0.37772 0.31225 0.39355 0.31220 0.43462 0.31165 0.46979 0.31484 0.49345 0.32755 0.50870 0.34313 0.52166 0.36187 0.52316 0.37980 0.52685 0.39347 0.51882 0.39429 0.48256
4 0.28633 0.46688 0.29635 0.45682 0.30670 0.43860 0.31077 0.41957 0.31027 0.38823 0.29402 0.36447 0.27686 0.34022 0.26158 0.32777 0.24712 0.32124 0.23546 0.31894 0.22880 0.32352 0.22520 0.33986 0.22393 0.37123 0.22990 0.42291 0.23511 0.46220 0.23851 0.46587 0.24176 0.48250 0.24667 0.48664 0.25844 0.48407 0.27718 0.48557 0.28546 0.47610 0.28633 0.46688
4 0.46143 0.53642 0.48013 0.53633 0.48924 0.52519 0.49867 0.52326 0.50343 0.50687 0.50987 0.48719 0.50803 0.46022 0.50450 0.41009 0.49750 0.38816 0.48510 0.35991 0.46921 0.34336 0.46147 0.33805 0.44918 0.33699 0.43269 0.34426 0.41589 0.36605 0.41139 0.38630 0.40441 0.40763 0.40094 0.46072 0.40058 0.50128 0.40791 0.52479 0.42489 0.52635 0.43517 0.50654 0.44467 0.51488 0.46143 0.53642
4 0.49875 0.52396 0.48889 0.52524 0.48089 0.53630 0.46184 0.53652 0.44293 0.51241 0.43534 0.50683 0.43048 0.51600 0.43043 0.52185 0.43460 0.55641 0.44193 0.59621 0.44656 0.61632 0.46744 0.61831 0.49152 0.62152 0.49802 0.61635 0.50035 0.59823 0.50208 0.54910 0.50137 0.52164 0.49875 0.52396
4 0.22513 0.38848 0.22278 0.37235 0.20936 0.35336 0.19797 0.33323 0.18837 0.31303 0.18177 0.31055 0.17556 0.31995 0.17663 0.35075 0.17969 0.39550 0.18892 0.45622 0.19494 0.47550 0.20812 0.47936 0.21911 0.47949 0.23148 0.46827 0.23475 0.46005 0.22959 0.43103 0.22513 0.38848
4 0.83110 0.38194 0.83032 0.34250 0.82710 0.31885 0.82319 0.30868 0.81863 0.31427 0.81198 0.33611 0.80115 0.35702 0.78725 0.37536 0.78213 0.43283 0.77779 0.46973 0.79228 0.47733 0.80438 0.47527 0.81969 0.46339 0.82683 0.42963 0.83110 0.38194
4 0.43000 0.51647 0.42587 0.52561 0.40753 0.52447 0.40110 0.50353 0.40050 0.47922 0.39436 0.47988 0.39371 0.51818 0.37995 0.52766 0.36036 0.52612 0.36474 0.55974 0.37127 0.59057 0.37860 0.60925 0.40091 0.61074 0.42494 0.61258 0.43137 0.59840 0.43585 0.56354 0.43370 0.55149 0.43103 0.52499 0.43000 0.51647
4 0.51269 0.49918 0.50470 0.50352 0.50280 0.51303 0.50552 0.57688 0.51066 0.62446 0.56905 0.61205 0.57346 0.53984 0.55626 0.54267 0.52941 0.53866 0.52514 0.52981 0.52225 0.48219 0.51604 0.48869 0.51269 0.49918
4 0.62505 0.53127 0.63330 0.50450 0.63269 0.46129 0.62771 0.41225 0.62259 0.37624 0.60786 0.34488 0.58644 0.31803 0.56817 0.32194 0.55243 0.32952 0.53998 0.34669 0.52833 0.37845 0.51816 0.41017 0.51670 0.43670 0.52296 0.47971 0.52523 0.52772 0.52856 0.53843 0.55308 0.54353 0.59405 0.53615 0.61411 0.54084 0.62505 0.53127
4 0.74498 0.49513 0.73328 0.47887 0.72428 0.47603 0.72071 0.47976 0.72116 0.48558 0.71819 0.50685 0.72103 0.56668 0.71789 0.60417 0.74086 0.61055 0.76185 0.60981 0.77422 0.59632 0.77449 0.56120 0.77403 0.51256 0.77208 0.50631 0.76090 0.50491 0.74498 0.49513
4 0.63365 0.50709 0.62632 0.53033 0.61478 0.54018 0.59436 0.53550 0.57694 0.53972 0.57511 0.54384 0.57333 0.58489 0.58647 0.60020 0.64217 0.59465 0.63999 0.56095 0.64420 0.54008 0.64426 0.52070 0.64277 0.49914 0.63508 0.47014 0.63319 0.47199 0.63365 0.50709
4 0.31651 0.49610 0.31057 0.47470 0.30329 0.47901 0.29314 0.51403 0.29153 0.58796 0.31076 0.59361 0.33594 0.59947 0.36245 0.60081 0.36011 0.52657 0.34284 0.52085 0.32587 0.50928 0.31651 0.49610
4 0.85652 0.38753 0.85678 0.35292 0.85185 0.33041 0.84711 0.30517 0.84129 0.29994 0.83206 0.31648 0.82868 0.33014 0.83133 0.38030 0.82684 0.43019 0.82369 0.45027 0.82655 0.45560 0.83807 0.46275 0.84685 0.45921 0.85096 0.43258 0.85652 0.38753
4 0.78179 0.43176 0.78739 0.37101 0.78497 0.35272 0.77402 0.33688 0.76243 0.33569 0.75282 0.34141 0.73986 0.36080 0.72700 0.39205 0.72095 0.41387 0.72203 0.45382 0.72865 0.47305 0.74511 0.49412 0.76180 0.50488 0.77220 0.50504 0.77637 0.48005 0.78179 0.43176
4 0.71369 0.52062 0.72110 0.48685 0.71991 0.43500 0.71394 0.38332 0.70441 0.35661 0.69010 0.34632 0.67361 0.35013 0.65780 0.36475 0.64238 0.39013 0.63338 0.41314 0.63148 0.43485 0.63673 0.46655 0.64601 0.50297 0.65562 0.52317 0.66918 0.52917 0.68019 0.52990 0.69101 0.52573 0.70048 0.52484 0.71369 0.52062
4 0.23696 0.49122 0.24184 0.48249 0.23917 0.47675 0.23003 0.47707 0.22288 0.47687 0.22002 0.47965 0.21205 0.47903 0.20803 0.48367 0.20019 0.50017 0.19415 0.52470 0.18996 0.54646 0.18945 0.56047 0.20081 0.56770 0.21264 0.57360 0.22319 0.57052 0.23150 0.55401 0.23263 0.51570 0.23696 0.49122
