4 0.22570 0.59020 0.22660 0.61495 0.22840 0.63071 0.23230 0.64106 0.23740 0.64736 0.24940 0.62441 0.26200 0.60775 0.27130 0.59650 0.27160 0.57489 0.27040 0.55644 0.27070 0.51097 0.27310 0.48307 0.27760 0.46506 0.27250 0.45876 0.26380 0.45291 0.25799 0.45220 0.25030 0.45471 0.24389 0.46101 0.23890 0.46821 0.22960 0.49747 0.22539 0.52538 0.22630 0.55734 0.22570 0.59020
4 0.50770 0.35286 0.51370 0.37086 0.53062 0.37673 0.54044 0.38187 0.55715 0.38378 0.57637 0.37883 0.58143 0.37807 0.59008 0.38551 0.60121 0.38624 0.61154 0.38148 0.61837 0.37673 0.62353 0.36881 0.62597 0.35211 0.62722 0.32022 0.62672 0.30522 0.62297 0.27183 0.61747 0.24032 0.61697 0.22945 0.62197 0.22082 0.62097 0.21669 0.61322 0.20244 0.60772 0.18968 0.60621 0.17806 0.60197 0.16868 0.58821 0.16718 0.55245 0.17393 0.52695 0.17956 0.52445 0.18443 0.51570 0.21594 0.50870 0.24032 0.50645 0.28496 0.50770 0.35286
4 0.18422 0.40201 0.19550 0.41426 0.20505 0.41947 0.21200 0.41504 0.22068 0.40488 0.22242 0.39863 0.21304 0.37310 0.20731 0.34549 0.20627 0.32543 0.20453 0.30563 0.19360 0.29287 0.18057 0.28036 0.16998 0.28036 0.16529 0.28375 0.16685 0.29235 0.17015 0.30954 0.17258 0.35773 0.17745 0.38638 0.18422 0.40201
4 0.26322 0.39825 0.26797 0.40350 0.27172 0.40762 0.28173 0.40425 0.28573 0.40125 0.29173 0.39599 0.30148 0.36111 0.30998 0.34348 0.31573 0.33335 0.31443 0.30634 0.31693 0.26193 0.31768 0.23293 0.31768 0.21789 0.30890 0.21185 0.29885 0.20319 0.29183 0.19077 0.28330 0.17911 0.28005 0.17157 0.27227 0.17194 0.25922 0.17307 0.24717 0.17307 0.24392 0.17948 0.23964 0.19415 0.23714 0.20319 0.23161 0.20660 0.22934 0.21635 0.22987 0.22202 0.23437 0.23519 0.24139 0.24801 0.24367 0.25477 0.24297 0.26171 0.24172 0.29022 0.24897 0.35023 0.25872 0.38849 0.26322 0.39825
4 0.39829 0.57746 0.40009 0.59501 0.40549 0.60762 0.40759 0.62382 0.41149 0.64318 0.41809 0.65263 0.42289 0.66749 0.43580 0.68054 0.45770 0.68144 0.46820 0.64768 0.48081 0.62112 0.48411 0.59231 0.47660 0.51399 0.47630 0.46807 0.47180 0.45998 0.46160 0.43702 0.45530 0.42351 0.45110 0.40821 0.44300 0.39966 0.43400 0.40191 0.42379 0.40956 0.41809 0.40866 0.40879 0.41046 0.38268 0.42081 0.37998 0.42577 0.37968 0.43702 0.37998 0.44782 0.38629 0.50364 0.39829 0.57746
4 0.71706 0.25511 0.71315 0.27544 0.70592 0.29306 0.69628 0.30164 0.69869 0.33552 0.70080 0.37483 0.69960 0.38476 0.70592 0.39832 0.71797 0.41187 0.73061 0.41955 0.74356 0.42542 0.74718 0.42407 0.75621 0.39290 0.76073 0.34411 0.76374 0.27363 0.76735 0.25330 0.77037 0.24336 0.76886 0.22439 0.76796 0.21761 0.76645 0.20587 0.75079 0.21174 0.73061 0.21851 0.72399 0.23613 0.71706 0.25511
4 0.79807 0.40555 0.79175 0.41187 0.78572 0.41820 0.80048 0.44440 0.81433 0.44891 0.83120 0.43988 0.84475 0.42316 0.85408 0.37438 0.85740 0.33552 0.85950 0.31655 0.86071 0.29848 0.85258 0.29396 0.84625 0.29577 0.83571 0.30660 0.82337 0.32965 0.81132 0.36037 0.80861 0.38115 0.79807 0.40555
4 0.63843 0.54545 0.63806 0.57689 0.64818 0.58556 0.66806 0.60833 0.67220 0.62425 0.69191 0.62026 0.69733 0.57852 0.69733 0.52648 0.69516 0.50913 0.69263 0.48419 0.68830 0.46088 0.68504 0.45058 0.67818 0.44245 0.66842 0.43106 0.65975 0.42781 0.65469 0.42727 0.65071 0.43757 0.64638 0.44787 0.64818 0.45437 0.64890 0.47226 0.64529 0.49774 0.64312 0.51455 0.63843 0.54545
4 0.21356 0.37414 0.22311 0.40071 0.23475 0.40540 0.25194 0.39993 0.26062 0.39263 0.26062 0.39081 0.25611 0.37779 0.24881 0.35330 0.24586 0.32803 0.24430 0.30745 0.24204 0.28766 0.23544 0.27854 0.22346 0.25744 0.21704 0.24389 0.21304 0.23869 0.20783 0.23530 0.20627 0.24051 0.20592 0.27125 0.20488 0.30954 0.20749 0.34731 0.21356 0.37414
4 0.31448 0.32135 0.31748 0.34798 0.32023 0.36036 0.32298 0.37011 0.33099 0.38174 0.34074 0.38062 0.36124 0.37011 0.38600 0.36261 0.39075 0.36149 0.39350 0.35173 0.38575 0.33598 0.38075 0.32022 0.37950 0.30034 0.38300 0.27971 0.38925 0.24258 0.39350 0.22045 0.39725 0.20319 0.39525 0.19494 0.38200 0.19043 0.37399 0.18256 0.36649 0.16530 0.34424 0.16455 0.33124 0.16568 0.32473 0.16493 0.32049 0.18143 0.31648 0.20470 0.31798 0.23958 0.31573 0.28909 0.31448 0.32135
4 0.38017 0.31722 0.38617 0.33823 0.39367 0.35173 0.39892 0.35698 0.40343 0.36223 0.41543 0.36974 0.43093 0.37086 0.43343 0.36824 0.43593 0.36786 0.43943 0.37386 0.44368 0.37574 0.45194 0.37461 0.45844 0.37011 0.46169 0.36486 0.46994 0.36674 0.47319 0.37424 0.48194 0.37836 0.48969 0.37649 0.49769 0.36824 0.50370 0.35736 0.50695 0.34085 0.50645 0.29434 0.50344 0.24333 0.49844 0.21444 0.49244 0.19006 0.48794 0.18256 0.46944 0.17543 0.43118 0.17243 0.40643 0.16905 0.39067 0.23282 0.38267 0.28009 0.38017 0.29772 0.38017 0.31722
4 0.79326 0.59173 0.79386 0.52421 0.78336 0.48325 0.76925 0.45804 0.75665 0.45174 0.74645 0.45849 0.75935 0.55662 0.76235 0.57372 0.77135 0.59803 0.78035 0.62054 0.79386 0.63269 0.79326 0.59173
4 0.51245 0.65604 0.51932 0.67122 0.53449 0.67664 0.54678 0.66417 0.54967 0.65387 0.56015 0.65821 0.56521 0.65387 0.56883 0.62677 0.56666 0.61701 0.57316 0.60400 0.57063 0.59099 0.56810 0.56984 0.57461 0.52973 0.57244 0.45491 0.57135 0.43811 0.56557 0.42998 0.55112 0.42293 0.54172 0.42564 0.52907 0.42564 0.52257 0.42943 0.50920 0.43106 0.49872 0.43323 0.49221 0.44678 0.48318 0.46413 0.47776 0.46521 0.47776 0.47606 0.47704 0.52322 0.48426 0.60671 0.49077 0.63869 0.51245 0.65604
4 0.18808 0.56780 0.18783 0.58655 0.18783 0.60193 0.18608 0.61881 0.18733 0.62331 0.20308 0.60643 0.21284 0.57942 0.22584 0.55129 0.22559 0.52766 0.22884 0.49727 0.23959 0.46839 0.24284 0.46164 0.23134 0.45414 0.21934 0.45076 0.21309 0.45301 0.20409 0.46126 0.19733 0.47289 0.18983 0.49315 0.18758 0.51790 0.18733 0.54154 0.18808 0.56780
4 0.58639 0.61701 0.61168 0.64194 0.62361 0.64303 0.64095 0.63219 0.64312 0.60617 0.63662 0.58556 0.63662 0.55792 0.64529 0.50804 0.64890 0.47281 0.64782 0.44787 0.64276 0.43757 0.63806 0.43269 0.62975 0.43052 0.62252 0.42998 0.61674 0.43106 0.60559 0.43690 0.59759 0.43914 0.59203 0.44277 0.58082 0.45394 0.57771 0.45697 0.57229 0.46630 0.57482 0.53352 0.56832 0.56876 0.57012 0.59045 0.58639 0.61701
4 0.62581 0.34817 0.62852 0.36082 0.63726 0.38928 0.64027 0.40238 0.64268 0.40780 0.65171 0.41278 0.65563 0.41232 0.66225 0.41684 0.66948 0.42000 0.67912 0.41639 0.68424 0.41594 0.68936 0.41278 0.69628 0.39651 0.70080 0.37483 0.70020 0.34727 0.69809 0.32694 0.69508 0.29622 0.69267 0.27092 0.70110 0.25737 0.70020 0.24427 0.69357 0.23026 0.68424 0.20858 0.67279 0.19006 0.65804 0.18328 0.65111 0.19051 0.63786 0.20767 0.62912 0.22123 0.61678 0.23930 0.62250 0.27137 0.62702 0.30525 0.62642 0.33823 0.62581 0.34817
4 0.79747 0.40419 0.80831 0.37934 0.81945 0.31565 0.82096 0.29983 0.82186 0.28944 0.82216 0.27499 0.81885 0.26279 0.80680 0.26234 0.79626 0.27002 0.78301 0.27905 0.76976 0.28447 0.76494 0.28538 0.76314 0.28718 0.76133 0.33417 0.75922 0.36444 0.75772 0.38522 0.76735 0.39154 0.77488 0.40555 0.79145 0.41142 0.79747 0.40419
4 0.36348 0.65218 0.36948 0.64858 0.37608 0.62787 0.38389 0.60897 0.39559 0.59996 0.39769 0.57611 0.39199 0.53245 0.38449 0.49778 0.38599 0.48383 0.38149 0.46493 0.37968 0.44467 0.37458 0.43927 0.36588 0.43522 0.34728 0.43251 0.33227 0.43972 0.32567 0.44512 0.31997 0.44782 0.31337 0.46493 0.31637 0.49869 0.33408 0.54820 0.33798 0.57206 0.34068 0.59996 0.34578 0.62427 0.35598 0.64633 0.36348 0.65218
4 0.71878 0.56543 0.72631 0.58937 0.73414 0.61060 0.74404 0.62754 0.75133 0.63224 0.75808 0.59791 0.75913 0.56899 0.75443 0.51045 0.74618 0.46093 0.74157 0.44083 0.73552 0.43017 0.72842 0.42109 0.72110 0.42199 0.71501 0.42452 0.70748 0.43175 0.70227 0.43866 0.69517 0.45181 0.68957 0.46559 0.69378 0.48817 0.69559 0.51483 0.70372 0.53561 0.71878 0.56543
4 0.27046 0.53470 0.27046 0.60177 0.27106 0.62922 0.27886 0.66928 0.28667 0.68144 0.29177 0.68099 0.30707 0.66523 0.31757 0.62967 0.32147 0.60852 0.32837 0.58376 0.33738 0.56981 0.33408 0.54820 0.32537 0.52569 0.31547 0.49823 0.31487 0.48023 0.31367 0.46132 0.31037 0.44647 0.30797 0.43927 0.30137 0.43027 0.29537 0.42486 0.28997 0.42937 0.28607 0.43612 0.27707 0.46718 0.27286 0.48203 0.27046 0.53470
