4 0.20667 0.56090 0.22477 0.59785 0.24653 0.60243 0.26421 0.58232 0.26986 0.57000 0.25295 0.54017 0.25014 0.50062 0.25214 0.45655 0.25498 0.40859 0.25295 0.36712 0.22358 0.32757 0.20867 0.29712 0.19860 0.27181 0.18733 0.25367 0.17579 0.25876 0.17246 0.28413 0.16800 0.33729 0.17326 0.41186 0.18614 0.50322 0.20667 0.56090
4 0.50782 0.58684 0.51144 0.61407 0.53842 0.62186 0.58270 0.62249 0.62860 0.62186 0.64590 0.60305 0.65635 0.56350 0.65274 0.46955 0.65235 0.40927 0.64751 0.34441 0.63463 0.30034 0.61330 0.28220 0.58028 0.28220 0.56298 0.29062 0.55291 0.31136 0.53519 0.34051 0.51747 0.42480 0.50660 0.51232 0.50782 0.58684
4 0.65635 0.54927 0.65919 0.59141 0.66842 0.59785 0.69179 0.60757 0.72481 0.59655 0.74733 0.58232 0.75698 0.54667 0.75621 0.45136 0.75540 0.38136 0.74856 0.34181 0.74291 0.30943 0.73407 0.30424 0.71958 0.31073 0.68737 0.34830 0.66000 0.40407 0.65112 0.43712 0.65635 0.54927
4 0.46916 0.76113 0.48365 0.76441 0.50902 0.71966 0.52712 0.68141 0.53923 0.65418 0.53439 0.63345 0.53277 0.62311 0.51425 0.61853 0.50982 0.60559 0.50498 0.59130 0.49333 0.59718 0.48446 0.61531 0.44744 0.62113 0.44582 0.64186 0.44302 0.66260 0.44744 0.71316 0.45547 0.74949 0.46916 0.76113
4 0.35684 0.75587 0.37095 0.75073 0.39551 0.72548 0.41803 0.68661 0.42810 0.66966 0.43856 0.64384 0.44060 0.61915 0.42368 0.61785 0.38302 0.60486 0.36572 0.58023 0.35684 0.58152 0.35000 0.59322 0.34074 0.59966 0.33632 0.60294 0.33674 0.65610 0.33954 0.70413 0.34277 0.73452 0.35684 0.75587
4 0.93010 0.68458 0.93210 0.64119 0.92688 0.57181 0.92446 0.54198 0.92203 0.54328 0.89186 0.52384 0.88260 0.51413 0.87333 0.50373 0.87053 0.50373 0.87010 0.51283 0.85400 0.56864 0.86810 0.63921 0.88379 0.66780 0.90232 0.69887 0.92003 0.70152 0.93010 0.68458
4 0.15677 0.54587 0.17933 0.55181 0.19905 0.54587 0.20067 0.54198 0.18737 0.50508 0.17288 0.41299 0.16726 0.33520 0.15358 0.30090 0.14390 0.27695 0.13586 0.27362 0.12456 0.27621 0.12337 0.33520 0.13505 0.45842 0.14512 0.50571 0.15677 0.54587
4 0.85081 0.74876 0.86207 0.72288 0.86488 0.65220 0.85723 0.59130 0.85161 0.57057 0.84635 0.57898 0.82102 0.59910 0.79646 0.59836 0.78197 0.59062 0.77390 0.58870 0.78197 0.66587 0.80007 0.69887 0.81498 0.72480 0.83109 0.74819 0.85081 0.74876
4 0.73849 0.77735 0.76705 0.79034 0.77874 0.76051 0.78074 0.71124 0.77712 0.65808 0.77228 0.60751 0.77109 0.58028 0.75498 0.56537 0.74814 0.58226 0.72197 0.59910 0.69460 0.60881 0.66039 0.59847 0.66200 0.62435 0.66684 0.65938 0.69902 0.70215 0.72035 0.75141 0.73849 0.77735
4 0.25379 0.53955 0.26990 0.57000 0.28239 0.59011 0.30975 0.59525 0.32828 0.59525 0.35000 0.59525 0.36088 0.57390 0.35684 0.51943 0.35403 0.44164 0.35323 0.41768 0.33190 0.36842 0.31298 0.32949 0.29807 0.30424 0.28319 0.29062 0.27151 0.28282 0.25902 0.28870 0.25421 0.30684 0.25379 0.37294 0.25502 0.42870 0.25137 0.50520 0.25379 0.53955
4 0.19582 0.74751 0.21032 0.73136 0.22884 0.70864 0.24010 0.67107 0.24253 0.64124 0.24091 0.60102 0.22723 0.59910 0.20790 0.56475 0.19705 0.54853 0.18095 0.55181 0.16807 0.55373 0.16884 0.57576 0.16523 0.62763 0.17126 0.68079 0.18818 0.72678 0.19582 0.74751
4 0.76344 0.37814 0.75698 0.38333 0.75698 0.48830 0.75698 0.55638 0.77993 0.58943 0.79807 0.59655 0.82263 0.59785 0.84597 0.57972 0.86165 0.53825 0.87010 0.51102 0.87133 0.44751 0.87414 0.32565 0.86610 0.27311 0.85926 0.24785 0.84677 0.22644 0.82625 0.23164 0.81337 0.26667 0.80088 0.32695 0.78197 0.35282 0.76344 0.37814
4 0.64428 0.74881 0.65032 0.71644 0.65312 0.68141 0.65312 0.62893 0.65193 0.60621 0.64590 0.60621 0.62898 0.62441 0.55291 0.62311 0.55410 0.63797 0.56175 0.68011 0.58147 0.72288 0.61249 0.75469 0.64428 0.74881
4 0.89832 0.42288 0.87737 0.49932 0.88905 0.52011 0.92165 0.54215 0.93975 0.53695 0.95828 0.48768 0.96109 0.39825 0.95709 0.30746 0.95467 0.22712 0.93814 0.23356 0.90916 0.27768 0.89467 0.31136 0.90032 0.38915 0.89832 0.42288
4 0.30733 0.66848 0.33109 0.62311 0.33232 0.59718 0.30856 0.59328 0.28277 0.59068 0.27032 0.57124 0.26347 0.58418 0.24856 0.59977 0.24253 0.60621 0.24214 0.67299 0.24295 0.72028 0.26347 0.73136 0.28761 0.70802 0.30733 0.66848
4 0.36007 0.52853 0.36491 0.57910 0.38102 0.60373 0.41361 0.61537 0.44502 0.61927 0.48246 0.61729 0.49895 0.58881 0.50460 0.53175 0.50018 0.43972 0.48649 0.36774 0.46877 0.32045 0.43818 0.28480 0.39793 0.27768 0.38021 0.29130 0.36449 0.35740 0.35968 0.41249 0.35765 0.46497 0.36007 0.52853
