1 0.58109 0.28219 0.58098 0.28566 0.57958 0.29297 0.57877 0.30201 0.57877 0.30879 0.57900 0.31662 0.58225 0.32357 0.58538 0.32775 0.58677 0.32931 0.58828 0.33261 0.58921 0.33035 0.58654 0.32722 0.58538 0.32305 0.58434 0.31835 0.58341 0.31679 0.58202 0.31488 0.58121 0.31331 0.58063 0.30983 0.58005 0.30566 0.58040 0.30166 0.58179 0.30166 0.58260 0.29784 0.58341 0.29575 0.58271 0.29331 0.58306 0.29036 0.58399 0.28705 0.58480 0.28392 0.58492 0.28184 0.58515 0.27853 0.58550 0.27540 0.58538 0.27436 0.58573 0.27227 0.58411 0.26897 0.58248 0.27488 0.58295 0.27801 0.58237 0.28149 0.58109 0.28219
1 0.69602 0.29943 0.69843 0.29617 0.70157 0.29364 0.70399 0.29183 0.70737 0.29327 0.71027 0.29496 0.71301 0.29605 0.71437 0.29557 0.71582 0.29714 0.71615 0.29871 0.71430 0.30233 0.71204 0.30547 0.71027 0.30752 0.70906 0.31006 0.71124 0.30945 0.71510 0.30547 0.71800 0.30354 0.72017 0.30100 0.72130 0.29750 0.72178 0.29581 0.71590 0.28579 0.70890 0.27637 0.70512 0.27492 0.70133 0.27866 0.69707 0.29074 0.69682 0.29279 0.69425 0.29593 0.69223 0.29822 0.69344 0.30112 0.69602 0.29943
1 0.42300 0.29810 0.42467 0.29659 0.42602 0.29718 0.42736 0.29890 0.42857 0.29950 0.42877 0.29718 0.42716 0.29619 0.42521 0.29295 0.42394 0.29145 0.42226 0.29035 0.42125 0.29005 0.41998 0.28985 0.41964 0.29115 0.42025 0.29347 0.42112 0.29538 0.42159 0.29790 0.42300 0.29810
1 0.45199 0.34932 0.45306 0.34861 0.45393 0.34861 0.45366 0.34690 0.45346 0.34409 0.45219 0.34358 0.44923 0.34529 0.44910 0.34841 0.44997 0.35093 0.45199 0.34932
1 0.72605 0.34351 0.72750 0.34315 0.72839 0.34447 0.72887 0.34846 0.72967 0.34363 0.73056 0.33976 0.73040 0.33566 0.73072 0.33204 0.73056 0.32515 0.72959 0.32153 0.72823 0.32177 0.72726 0.32237 0.72549 0.32322 0.72541 0.33119 0.72605 0.33385 0.72637 0.33976 0.72605 0.34351
1 0.66597 0.27658 0.66797 0.28420 0.66837 0.27538 0.66891 0.26474 0.66837 0.26073 0.66677 0.25752 0.66369 0.26073 0.66329 0.26554 0.66503 0.27076 0.66597 0.27658
1 0.67573 0.36746 0.67747 0.36766 0.67520 0.36325 0.67506 0.35542 0.67440 0.35181 0.67225 0.34760 0.67011 0.35462 0.66998 0.35944 0.67239 0.36567 0.67573 0.36746
4 0.48040 0.33608 0.48999 0.34452 0.50145 0.34733 0.51437 0.35202 0.53042 0.34577 0.53917 0.33827 0.55085 0.32326 0.55335 0.31545 0.55272 0.29263 0.55106 0.26012 0.54626 0.25043 0.51250 0.24230 0.49228 0.23793 0.48102 0.23730 0.47727 0.24199 0.47081 0.26324 0.47143 0.29294 0.47477 0.32264 0.48040 0.33608
1 0.65089 0.26903 0.65205 0.27057 0.65308 0.27036 0.65322 0.26882 0.65257 0.25729 0.65219 0.25680 0.64991 0.25688 0.64842 0.25722 0.64777 0.25820 0.64814 0.25883 0.64707 0.25827 0.64688 0.25834 0.64688 0.25995 0.64740 0.26281 0.64823 0.26533 0.64977 0.26771 0.65089 0.26903
4 0.38200 0.33630 0.39096 0.37037 0.39819 0.38190 0.40347 0.38944 0.41014 0.39350 0.41952 0.39350 0.42514 0.39319 0.43015 0.38475 0.44307 0.37256 0.45078 0.36068 0.45808 0.34630 0.45287 0.32525 0.44286 0.30629 0.43598 0.29285 0.43098 0.28316 0.42452 0.27222 0.41055 0.28253 0.39200 0.30285 0.38512 0.31754 0.38200 0.33630
2 0.64848 0.27206 0.64915 0.27324 0.65023 0.28291 0.65161 0.30030 0.65251 0.31660 0.65475 0.32114 0.65699 0.32248 0.65867 0.32030 0.65654 0.29811 0.65453 0.27190 0.65374 0.26232 0.65285 0.25425 0.65117 0.25022 0.64668 0.25005 0.64612 0.25711 0.64713 0.26400 0.64814 0.26635 0.64848 0.27206
4 0.59080 0.33998 0.59901 0.34028 0.61742 0.34601 0.62628 0.35122 0.64313 0.35226 0.65355 0.35018 0.65893 0.34549 0.66571 0.34288 0.67040 0.33637 0.67265 0.32465 0.67179 0.31188 0.67040 0.29521 0.66901 0.28245 0.67022 0.26500 0.67040 0.25432 0.66050 0.24702 0.64417 0.24364 0.62645 0.24364 0.61099 0.24650 0.59640 0.25353 0.58615 0.25953 0.58077 0.28037 0.57799 0.30641 0.57869 0.31735 0.59080 0.33998
4 0.67196 0.33298 0.66935 0.35122 0.66866 0.36320 0.67352 0.37024 0.68064 0.37336 0.68585 0.38170 0.68690 0.38743 0.69541 0.39967 0.70392 0.40670 0.71226 0.40957 0.71590 0.40540 0.72650 0.40983 0.73675 0.41061 0.74265 0.40801 0.75082 0.39342 0.75429 0.37883 0.75377 0.35565 0.74873 0.33820 0.73709 0.31631 0.72494 0.29860 0.71608 0.28479 0.70878 0.27620 0.70548 0.27437 0.70183 0.27698 0.69697 0.29000 0.68777 0.30016 0.67821 0.31735 0.67196 0.33298
1 0.65280 0.28854 0.65420 0.28707 0.65392 0.28274 0.65378 0.28043 0.65392 0.27799 0.65355 0.27637 0.65313 0.27568 0.65308 0.27505 0.65327 0.27421 0.65294 0.27344 0.65215 0.27351 0.65145 0.27372 0.65094 0.27330 0.65084 0.27275 0.65117 0.27197 0.65094 0.27163 0.64996 0.27163 0.64968 0.27233 0.64968 0.27393 0.65028 0.27917 0.65066 0.28448 0.65103 0.28840 0.65280 0.28854
1 0.68219 0.32764 0.68247 0.33619 0.68317 0.34162 0.68484 0.34245 0.68707 0.34016 0.69082 0.33432 0.69319 0.33244 0.69527 0.32847 0.69708 0.32367 0.69792 0.31616 0.69819 0.31345 0.69708 0.31115 0.69541 0.30782 0.68720 0.30990 0.68345 0.31407 0.68219 0.32367 0.68219 0.32764
2 0.69493 0.33009 0.70111 0.31557 0.70462 0.31006 0.70896 0.31232 0.71213 0.31156 0.71530 0.31357 0.71948 0.31357 0.72315 0.30781 0.72398 0.31883 0.72415 0.33034 0.72549 0.33285 0.72515 0.34587 0.72732 0.35438 0.72949 0.35363 0.73150 0.33435 0.73066 0.31482 0.72849 0.30505 0.71564 0.28527 0.70879 0.27626 0.70562 0.27450 0.70178 0.27801 0.69677 0.29078 0.68792 0.30030 0.67840 0.31657 0.67590 0.32383 0.67673 0.33034 0.67840 0.34687 0.68325 0.35013 0.68909 0.33886 0.69493 0.33009
1 0.38871 0.33986 0.38730 0.33754 0.38556 0.33483 0.38502 0.33302 0.38670 0.33100 0.38589 0.32899 0.38482 0.32648 0.38388 0.32567 0.38267 0.33261 0.38220 0.33553 0.38254 0.33734 0.38449 0.34117 0.38703 0.34348 0.38844 0.34368 0.38871 0.33986
1 0.42701 0.38846 0.42833 0.38636 0.42809 0.38495 0.42615 0.38689 0.42372 0.38814 0.42240 0.38927 0.42110 0.39073 0.42022 0.39174 0.42016 0.39251 0.42054 0.39308 0.42089 0.39320 0.42404 0.39162 0.42488 0.39186 0.42520 0.39045 0.42701 0.38846
1 0.39096 0.36363 0.39249 0.36489 0.39458 0.36405 0.39694 0.36760 0.39778 0.37281 0.39778 0.37762 0.39806 0.37970 0.40126 0.38471 0.40613 0.38846 0.40877 0.38742 0.40418 0.38075 0.39221 0.35508 0.39221 0.35988 0.39194 0.36155 0.39096 0.36363
