4 0.65331 0.29762 0.65868 0.29200 0.66167 0.28807 0.66409 0.28088 0.66602 0.26950 0.66617 0.25669 0.66534 0.25163 0.66151 0.24791 0.65346 0.24508 0.64393 0.24794 0.63580 0.25106 0.63058 0.26428 0.63019 0.27530 0.63120 0.28657 0.63209 0.29284 0.63469 0.29917 0.63877 0.30225 0.64554 0.30084 0.65331 0.29762
4 0.48112 0.28573 0.47448 0.27552 0.46867 0.27122 0.46037 0.27257 0.45607 0.27518 0.45356 0.27773 0.45006 0.28992 0.44917 0.30210 0.45092 0.31555 0.45698 0.31671 0.46743 0.31506 0.47440 0.31298 0.48412 0.30997 0.48880 0.30621 0.48533 0.29519 0.48112 0.28573
4 0.44995 0.41997 0.45626 0.41708 0.45870 0.40907 0.46617 0.40181 0.46964 0.39529 0.47080 0.38599 0.46720 0.37992 0.46349 0.37588 0.45615 0.37343 0.44647 0.36986 0.43443 0.36023 0.42631 0.36192 0.42278 0.37283 0.42148 0.37922 0.42320 0.38757 0.42197 0.39632 0.42260 0.40957 0.42533 0.41924 0.43598 0.42194 0.44311 0.42295 0.44995 0.41997
4 0.58038 0.32615 0.59007 0.32742 0.60203 0.32465 0.60705 0.32175 0.61507 0.31799 0.61992 0.31270 0.62530 0.30537 0.62746 0.29148 0.62870 0.27925 0.62635 0.26489 0.62241 0.25207 0.61681 0.24497 0.61097 0.23965 0.59870 0.23546 0.59061 0.23637 0.58579 0.23946 0.57815 0.24711 0.56813 0.26474 0.56262 0.27582 0.55975 0.28236 0.56048 0.29103 0.56158 0.30118 0.56788 0.31673 0.57467 0.32411 0.58038 0.32615
4 0.44412 0.33733 0.44891 0.33045 0.45295 0.32513 0.45443 0.32200 0.45344 0.31593 0.45031 0.31217 0.44470 0.30930 0.43745 0.29863 0.42662 0.29175 0.41961 0.28871 0.41372 0.29356 0.40937 0.29965 0.40664 0.30460 0.40999 0.31966 0.41417 0.33186 0.41842 0.34259 0.42267 0.34948 0.42696 0.34979 0.43170 0.34840 0.43429 0.34730 0.43722 0.34671 0.43968 0.34472 0.44412 0.33733
4 0.62849 0.36363 0.63331 0.37026 0.64055 0.37868 0.65121 0.37977 0.65847 0.37784 0.66226 0.37563 0.66355 0.36768 0.66280 0.35181 0.66039 0.33540 0.65898 0.32463 0.65646 0.31555 0.65468 0.31184 0.65101 0.30764 0.64547 0.30492 0.64128 0.30429 0.63517 0.30469 0.62818 0.30857 0.62275 0.31374 0.61994 0.31901 0.61805 0.32582 0.61891 0.33027 0.62266 0.34314 0.62569 0.35504 0.62849 0.36363
4 0.52072 0.34506 0.52706 0.34570 0.53520 0.34390 0.54585 0.34021 0.55921 0.33461 0.56357 0.32939 0.56717 0.32341 0.56775 0.31587 0.56457 0.30843 0.56107 0.29993 0.55983 0.28871 0.55847 0.28254 0.55366 0.27642 0.54773 0.27046 0.53880 0.26777 0.52609 0.26627 0.51890 0.26772 0.51303 0.27512 0.50500 0.28699 0.49992 0.29647 0.49620 0.30510 0.49669 0.31095 0.49924 0.32090 0.50219 0.33013 0.50753 0.33771 0.51377 0.34122 0.52072 0.34506
4 0.49665 0.38437 0.49382 0.37883 0.49007 0.37326 0.48518 0.37015 0.48039 0.37021 0.47785 0.37407 0.47389 0.38650 0.47090 0.39453 0.47007 0.40241 0.47223 0.41292 0.47881 0.41991 0.49022 0.42226 0.49714 0.41383 0.50069 0.40009 0.49879 0.39228 0.49665 0.38437
4 0.68845 0.26254 0.69160 0.26545 0.69679 0.26746 0.70075 0.26797 0.70301 0.26780 0.70566 0.26393 0.70825 0.25961 0.70677 0.25235 0.70360 0.24519 0.70023 0.23424 0.69866 0.22548 0.69020 0.22865 0.68283 0.23471 0.67793 0.23966 0.67114 0.24655 0.67050 0.25258 0.67121 0.25522 0.67741 0.25465 0.68006 0.25809 0.68526 0.26177 0.68845 0.26254
4 0.58369 0.40311 0.58335 0.39494 0.58303 0.38783 0.58472 0.37953 0.58332 0.37363 0.57707 0.34543 0.57435 0.33988 0.56930 0.33633 0.56489 0.33512 0.56023 0.33608 0.55773 0.33536 0.54590 0.33977 0.53808 0.34330 0.53698 0.34452 0.53451 0.35537 0.53674 0.36269 0.53857 0.37612 0.54242 0.38806 0.54630 0.39619 0.55527 0.40969 0.56169 0.40986 0.57135 0.40789 0.58227 0.40438 0.58369 0.40311
4 0.69609 0.36001 0.70322 0.36037 0.70374 0.36000 0.71076 0.35718 0.71468 0.35420 0.71689 0.33577 0.71483 0.31216 0.71245 0.30336 0.70718 0.29679 0.70069 0.29527 0.69675 0.29567 0.69043 0.29047 0.68616 0.28772 0.68218 0.28950 0.67870 0.29395 0.67681 0.30000 0.67390 0.31258 0.67224 0.32438 0.67078 0.33266 0.67060 0.33710 0.67739 0.34558 0.68969 0.35588 0.69609 0.36001
4 0.52726 0.41424 0.53486 0.41393 0.53841 0.41068 0.54273 0.39087 0.53865 0.37725 0.53606 0.36153 0.53397 0.35655 0.53055 0.35060 0.52650 0.34764 0.51912 0.34674 0.51095 0.34692 0.50658 0.34736 0.50451 0.35003 0.50237 0.35121 0.50143 0.35317 0.49721 0.35559 0.49376 0.36277 0.49373 0.37069 0.49643 0.38417 0.49826 0.39152 0.50094 0.39921 0.50411 0.40790 0.50907 0.41482 0.51248 0.41708 0.52726 0.41424
4 0.61045 0.39524 0.61919 0.39401 0.62472 0.39110 0.62633 0.38555 0.62624 0.37430 0.62750 0.36057 0.62507 0.35300 0.62299 0.34385 0.61880 0.33028 0.61815 0.32733 0.61642 0.32559 0.61106 0.32315 0.60684 0.32237 0.60063 0.32614 0.59719 0.32525 0.59269 0.32649 0.59177 0.32891 0.58927 0.33063 0.58458 0.33053 0.58024 0.33296 0.57800 0.33982 0.57785 0.34685 0.57973 0.35861 0.58302 0.37306 0.58639 0.38325 0.59036 0.38954 0.59681 0.40051 0.60454 0.39866 0.61045 0.39524
1 0.48160 0.28919 0.47980 0.28809 0.47811 0.28604 0.47648 0.28441 0.47547 0.28531 0.47477 0.28846 0.47442 0.29054 0.47397 0.29272 0.47452 0.29484 0.47625 0.29536 0.47846 0.29531 0.48049 0.29570 0.48223 0.29545 0.48238 0.29247 0.48160 0.28919
2 0.44432 0.31045 0.43490 0.30100 0.42806 0.29520 0.42630 0.29435 0.42140 0.29559 0.42164 0.30706 0.42429 0.32003 0.42755 0.32961 0.43167 0.33945 0.43394 0.34095 0.44027 0.33239 0.44463 0.32831 0.44898 0.32514 0.45048 0.31433 0.44432 0.31045
