4 0.66020 0.29560 0.65963 0.30691 0.65963 0.31324 0.66133 0.31987 0.66495 0.32349 0.67184 0.32304 0.67998 0.32093 0.68609 0.31610 0.68959 0.31264 0.69298 0.30585 0.69649 0.29485 0.69841 0.28218 0.69830 0.27706 0.69502 0.27284 0.68744 0.26892 0.67761 0.27043 0.66913 0.27239 0.66212 0.28475 0.66020 0.29560
4 0.48290 0.31251 0.49349 0.31232 0.50068 0.31124 0.51072 0.30961 0.51587 0.30654 0.51398 0.29514 0.51113 0.28519 0.50597 0.27415 0.50082 0.26909 0.49240 0.26927 0.48779 0.27126 0.48494 0.27343 0.47979 0.28501 0.47721 0.29695 0.47707 0.31051 0.48290 0.31251
4 0.43960 0.37797 0.43716 0.38648 0.43593 0.39968 0.43729 0.40963 0.44747 0.41379 0.45439 0.41578 0.46158 0.41379 0.46823 0.41180 0.47175 0.40420 0.48017 0.39805 0.48451 0.39208 0.48695 0.38304 0.48424 0.37653 0.48112 0.37200 0.47419 0.36856 0.46510 0.36368 0.45452 0.35247 0.44625 0.35301 0.44123 0.36332 0.43905 0.36947 0.43960 0.37797
4 0.59321 0.28672 0.58946 0.29280 0.58898 0.30148 0.58865 0.31168 0.59272 0.32796 0.59842 0.33621 0.60379 0.33903 0.61321 0.34163 0.62544 0.34055 0.63082 0.33838 0.63928 0.33577 0.64482 0.33122 0.65117 0.32470 0.65524 0.31125 0.65817 0.29931 0.65784 0.28476 0.65573 0.27152 0.65117 0.26371 0.64612 0.25763 0.63456 0.25177 0.62642 0.25155 0.62121 0.25394 0.61258 0.26045 0.60021 0.27651 0.59321 0.28672
4 0.44437 0.34018 0.44858 0.34109 0.45346 0.34036 0.45618 0.33964 0.45916 0.33946 0.46188 0.33783 0.46730 0.33114 0.47300 0.32499 0.47775 0.32028 0.47965 0.31739 0.47951 0.31124 0.47694 0.30708 0.47178 0.30346 0.46608 0.29188 0.45631 0.28356 0.44980 0.27958 0.44329 0.28356 0.43813 0.28899 0.43474 0.29351 0.43596 0.30889 0.43841 0.32155 0.44112 0.33277 0.44437 0.34018
4 0.64748 0.33264 0.64396 0.33746 0.64115 0.34395 0.64137 0.34847 0.64329 0.36173 0.64464 0.37395 0.64622 0.38284 0.65007 0.39008 0.65607 0.39942 0.66647 0.40198 0.67393 0.40108 0.67799 0.39942 0.68038 0.39173 0.68184 0.37590 0.68174 0.35932 0.68184 0.34847 0.68060 0.33912 0.67936 0.33520 0.67631 0.33053 0.67121 0.32706 0.66714 0.32586 0.66103 0.32540 0.65357 0.32827 0.64748 0.33264
4 0.52336 0.30647 0.52304 0.31233 0.52418 0.32254 0.52581 0.33209 0.53004 0.34034 0.53574 0.34468 0.54209 0.34945 0.54827 0.35097 0.55658 0.35032 0.56765 0.34815 0.58165 0.34446 0.58670 0.33990 0.59109 0.33447 0.59272 0.32709 0.59060 0.31928 0.58832 0.31038 0.58865 0.29909 0.58816 0.29280 0.58425 0.28606 0.57921 0.27934 0.57074 0.27543 0.55837 0.27217 0.55104 0.27261 0.54420 0.27912 0.53460 0.28976 0.52825 0.29844 0.52336 0.30647
4 0.48462 0.40990 0.49016 0.41774 0.50113 0.42166 0.50916 0.41427 0.51458 0.40116 0.51379 0.39316 0.51278 0.38503 0.51074 0.37914 0.50780 0.37312 0.50339 0.36935 0.49864 0.36874 0.49559 0.37221 0.48994 0.38397 0.48587 0.39151 0.48395 0.39920 0.48462 0.40990
4 0.70474 0.27284 0.70327 0.27872 0.70361 0.28143 0.70983 0.28173 0.71198 0.28550 0.71661 0.28987 0.71967 0.29108 0.72238 0.29439 0.72724 0.29711 0.73109 0.29816 0.73335 0.29831 0.73651 0.29485 0.73968 0.29093 0.73923 0.28354 0.73708 0.27600 0.73527 0.26470 0.73493 0.25580 0.72611 0.25776 0.71797 0.26274 0.71243 0.26696 0.70474 0.27284
4 0.55758 0.39505 0.56030 0.40364 0.56730 0.41827 0.57364 0.41932 0.58347 0.41872 0.59478 0.41676 0.59636 0.41570 0.59717 0.40756 0.59783 0.40047 0.60066 0.39249 0.60009 0.38645 0.59783 0.35766 0.59591 0.35178 0.59140 0.34757 0.58720 0.34575 0.58246 0.34605 0.58008 0.34500 0.56776 0.34771 0.55952 0.35013 0.55826 0.35118 0.55430 0.36158 0.55549 0.36914 0.55543 0.38269 0.55758 0.39505
4 0.69829 0.33861 0.69501 0.35007 0.69241 0.35806 0.69162 0.36243 0.69716 0.37177 0.70790 0.38368 0.71366 0.38866 0.72067 0.39001 0.72124 0.38971 0.72859 0.38790 0.73288 0.38549 0.73763 0.36755 0.73888 0.34389 0.73775 0.33484 0.73345 0.32760 0.72723 0.32519 0.72327 0.32504 0.71773 0.31901 0.71389 0.31570 0.70971 0.31690 0.70564 0.32082 0.70292 0.32655 0.69829 0.33861
4 0.51258 0.38480 0.51338 0.39234 0.51496 0.40033 0.51689 0.40937 0.52084 0.41691 0.52390 0.41962 0.53893 0.41887 0.54650 0.41962 0.55047 0.41689 0.55750 0.39788 0.55535 0.38382 0.55498 0.36790 0.55360 0.36267 0.55105 0.35630 0.54745 0.35281 0.54026 0.35090 0.53214 0.34993 0.52776 0.34977 0.52534 0.35212 0.52305 0.35299 0.52186 0.35480 0.51733 0.35661 0.51292 0.36324 0.51179 0.37108 0.51258 0.38480
4 0.59864 0.37108 0.59988 0.38585 0.60180 0.39641 0.60485 0.40319 0.60971 0.41495 0.61763 0.41419 0.62396 0.41163 0.63278 0.41163 0.63866 0.40952 0.64103 0.40425 0.64250 0.39309 0.64567 0.37967 0.64431 0.37183 0.64352 0.36249 0.64126 0.34847 0.64103 0.34545 0.63956 0.34349 0.63459 0.34033 0.63052 0.33897 0.62385 0.34184 0.62057 0.34048 0.61593 0.34108 0.61469 0.34334 0.61197 0.34470 0.60734 0.34395 0.60270 0.34575 0.59954 0.35224 0.59841 0.35917 0.59864 0.37108
1 0.50332 0.29329 0.50496 0.29405 0.50716 0.29430 0.50911 0.29497 0.51087 0.29497 0.51144 0.29204 0.51112 0.28868 0.50949 0.28734 0.50810 0.28508 0.50672 0.28323 0.50559 0.28399 0.50446 0.28700 0.50382 0.28902 0.50307 0.29111 0.50332 0.29329
2 0.45468 0.33150 0.45672 0.33331 0.46418 0.32571 0.46907 0.32227 0.47382 0.31974 0.47680 0.30925 0.47124 0.30455 0.46323 0.29387 0.45726 0.28718 0.45563 0.28609 0.45062 0.28664 0.44926 0.29803 0.45007 0.31124 0.45197 0.32119 0.45468 0.33150
