4 0.65682 0.30033 0.66229 0.29480 0.66535 0.29093 0.66788 0.28378 0.67002 0.27243 0.67039 0.25963 0.66965 0.25455 0.66588 0.25077 0.65788 0.24780 0.64831 0.25049 0.64013 0.25347 0.63468 0.26659 0.63409 0.27760 0.63491 0.28889 0.63568 0.29518 0.63817 0.30155 0.64221 0.30470 0.64900 0.30341 0.65682 0.30033
4 0.48486 0.28543 0.47840 0.27511 0.47267 0.27071 0.46434 0.27192 0.46000 0.27445 0.45744 0.27695 0.45373 0.28908 0.45263 0.30124 0.45415 0.31472 0.46018 0.31599 0.47067 0.31452 0.47767 0.31256 0.48744 0.30972 0.49218 0.30604 0.48890 0.29496 0.48486 0.28543
4 0.45136 0.41911 0.45771 0.41633 0.46029 0.40836 0.46789 0.40123 0.47147 0.39478 0.47279 0.38550 0.46931 0.37937 0.46566 0.37526 0.45837 0.37269 0.44875 0.36895 0.43688 0.35911 0.42873 0.36065 0.42501 0.37150 0.42360 0.37787 0.42518 0.38624 0.42379 0.39498 0.42419 0.40824 0.42675 0.41795 0.43735 0.42083 0.44446 0.42197 0.45136 0.41911
4 0.58340 0.32758 0.59306 0.32902 0.60508 0.32645 0.61015 0.32364 0.61823 0.32003 0.62317 0.31483 0.62868 0.30759 0.63108 0.29373 0.63253 0.28153 0.63043 0.26713 0.62672 0.25425 0.62124 0.24705 0.61549 0.24163 0.60331 0.23722 0.59520 0.23800 0.59032 0.24100 0.58255 0.24851 0.57223 0.26597 0.56652 0.27695 0.56354 0.28344 0.56412 0.29211 0.56504 0.30228 0.57106 0.31795 0.57772 0.32544 0.58340 0.32758
4 0.44697 0.33638 0.45187 0.32958 0.45601 0.32433 0.45755 0.32123 0.45666 0.31514 0.45360 0.31133 0.44804 0.30836 0.44097 0.29757 0.43026 0.29050 0.42331 0.28734 0.41733 0.29209 0.41288 0.29810 0.41006 0.30300 0.41315 0.31812 0.41712 0.33039 0.42118 0.34119 0.42531 0.34815 0.42960 0.34854 0.43436 0.34723 0.43696 0.34618 0.43990 0.34563 0.44240 0.34369 0.44697 0.33638
4 0.63085 0.36589 0.63555 0.37261 0.64265 0.38115 0.65329 0.38243 0.66058 0.38062 0.66441 0.37848 0.66584 0.37056 0.66536 0.35467 0.66324 0.33822 0.66201 0.32744 0.65965 0.31831 0.65794 0.31457 0.65434 0.31031 0.64886 0.30748 0.64467 0.30678 0.63855 0.30708 0.63150 0.31083 0.62598 0.31591 0.62308 0.32113 0.62108 0.32791 0.62185 0.33237 0.62538 0.34530 0.62820 0.35726 0.63085 0.36589
4 0.52343 0.34545 0.52975 0.34620 0.53791 0.34454 0.54864 0.34104 0.56208 0.33567 0.56654 0.33053 0.57024 0.32460 0.57096 0.31708 0.56790 0.30958 0.56455 0.30103 0.56350 0.28978 0.56225 0.28360 0.55755 0.27739 0.55172 0.27133 0.54284 0.26848 0.53017 0.26676 0.52295 0.26808 0.51695 0.27538 0.50872 0.28711 0.50347 0.29650 0.49960 0.30507 0.49999 0.31092 0.50237 0.32091 0.50515 0.33019 0.51036 0.33786 0.51654 0.34148 0.52343 0.34545
4 0.49867 0.38433 0.49593 0.37874 0.49228 0.37311 0.48744 0.36991 0.48266 0.36989 0.48005 0.37370 0.47587 0.38606 0.47275 0.39404 0.47178 0.40190 0.47376 0.41245 0.48021 0.41955 0.49157 0.42210 0.49864 0.41379 0.50243 0.40012 0.50067 0.39228 0.49867 0.38433
4 0.69257 0.26586 0.69567 0.26882 0.70082 0.27093 0.70477 0.27151 0.70703 0.27138 0.70975 0.26755 0.71241 0.26328 0.71106 0.25600 0.70801 0.24878 0.70484 0.23778 0.70342 0.22899 0.69490 0.23201 0.68743 0.23794 0.68245 0.24281 0.67553 0.24958 0.67479 0.25559 0.67546 0.25824 0.68167 0.25779 0.68426 0.26127 0.68939 0.26504 0.69257 0.26586
4 0.58537 0.40459 0.58518 0.39641 0.58497 0.38929 0.58681 0.38102 0.58551 0.37510 0.57976 0.34680 0.57713 0.34120 0.57214 0.33756 0.56776 0.33628 0.56308 0.33715 0.56059 0.33640 0.54870 0.34059 0.54081 0.34399 0.53969 0.34519 0.53703 0.35600 0.53913 0.36335 0.54073 0.37681 0.54436 0.38881 0.54810 0.39701 0.55684 0.41067 0.56326 0.41095 0.57295 0.40915 0.58393 0.40583 0.58537 0.40459
4 0.69850 0.36345 0.70563 0.36394 0.70615 0.36357 0.71322 0.36088 0.71719 0.35796 0.71972 0.33958 0.71807 0.31594 0.71585 0.30710 0.71070 0.30044 0.70423 0.29880 0.70029 0.29914 0.69405 0.29383 0.68983 0.29100 0.68583 0.29271 0.68227 0.29710 0.68027 0.30311 0.67714 0.31565 0.67528 0.32742 0.67368 0.33567 0.67342 0.34010 0.68006 0.34870 0.69217 0.35921 0.69850 0.36345
4 0.52875 0.41473 0.53636 0.41455 0.53997 0.41136 0.54463 0.39164 0.54078 0.37794 0.53847 0.36218 0.53647 0.35716 0.53315 0.35115 0.52916 0.34812 0.52179 0.34710 0.51362 0.34713 0.50924 0.34750 0.50713 0.35013 0.50497 0.35128 0.50400 0.35322 0.49973 0.35556 0.49616 0.36269 0.49599 0.37060 0.49845 0.38412 0.50016 0.39151 0.50270 0.39925 0.50572 0.40799 0.51056 0.41499 0.51393 0.41731 0.52875 0.41473
4 0.61227 0.39718 0.62102 0.39611 0.62660 0.39330 0.62831 0.38777 0.62841 0.37652 0.62992 0.36282 0.62762 0.35520 0.62569 0.34602 0.62174 0.33238 0.62115 0.32942 0.61945 0.32765 0.61413 0.32512 0.60992 0.32427 0.60365 0.32792 0.60023 0.32697 0.59570 0.32814 0.59474 0.33053 0.59221 0.33221 0.58752 0.33203 0.58314 0.33439 0.58079 0.34121 0.58051 0.34823 0.58219 0.36002 0.58522 0.37453 0.58842 0.38477 0.59227 0.39113 0.59853 0.40221 0.60630 0.40050 0.61227 0.39718
1 0.48528 0.28890 0.48350 0.28777 0.48185 0.28569 0.48025 0.28403 0.47922 0.28492 0.47846 0.28805 0.47808 0.29012 0.47759 0.29230 0.47811 0.29443 0.47982 0.29498 0.48204 0.29496 0.48405 0.29539 0.48580 0.29518 0.48601 0.29219 0.48528 0.28890
2 0.44763 0.30951 0.43839 0.29989 0.43165 0.29397 0.42990 0.29310 0.42498 0.29425 0.42502 0.30572 0.42744 0.31873 0.43054 0.32837 0.43449 0.33828 0.43673 0.33982 0.44321 0.33137 0.44764 0.32737 0.45204 0.32428 0.45373 0.31350 0.44763 0.30951
