4 0.46807 0.56778 0.46395 0.55201 0.46102 0.54198 0.45951 0.53204 0.45937 0.53111 0.45810 0.52888 0.45514 0.52627 0.45244 0.52352 0.44948 0.52134 0.44593 0.52211 0.44388 0.52169 0.44077 0.52388 0.43940 0.52505 0.43561 0.52565 0.43327 0.52475 0.43132 0.52220 0.43032 0.52034 0.42776 0.52117 0.42546 0.52270 0.42353 0.52524 0.42178 0.52668 0.42028 0.52925 0.41792 0.52867 0.41545 0.53001 0.41395 0.53035 0.41166 0.53284 0.41015 0.53530 0.40898 0.54270 0.40931 0.54922 0.41030 0.55860 0.41359 0.56687 0.42078 0.56722 0.43615 0.56924 0.45180 0.57121 0.46494 0.57252 0.46807 0.56778
4 0.50310 0.57696 0.51485 0.57777 0.51544 0.56648 0.51590 0.55229 0.51194 0.52888 0.50910 0.51737 0.50746 0.51293 0.50561 0.50979 0.50383 0.50765 0.50112 0.50770 0.49846 0.51016 0.49494 0.51148 0.49158 0.51226 0.49036 0.51309 0.48847 0.51187 0.48684 0.51123 0.48174 0.51166 0.47962 0.51276 0.47738 0.51413 0.47675 0.51550 0.47596 0.51588 0.47433 0.51360 0.47119 0.51307 0.46764 0.51364 0.46578 0.51317 0.46251 0.51445 0.46108 0.51557 0.46011 0.51699 0.45941 0.52270 0.45923 0.52642 0.45918 0.52770 0.45942 0.53351 0.46090 0.54180 0.46426 0.55335 0.46933 0.57251 0.47459 0.57308 0.48630 0.57529 0.50310 0.57696
4 0.45516 0.50808 0.46305 0.50702 0.46653 0.50591 0.47184 0.50782 0.47503 0.50787 0.47771 0.50708 0.47900 0.50522 0.47978 0.50400 0.48321 0.50327 0.48586 0.50304 0.48783 0.50162 0.48850 0.49969 0.48841 0.49677 0.49097 0.49985 0.49609 0.49977 0.50075 0.49757 0.50273 0.49469 0.50534 0.48805 0.50618 0.47949 0.50558 0.46951 0.50362 0.45792 0.50219 0.45118 0.49999 0.43651 0.49985 0.43177 0.49757 0.42664 0.48883 0.41465 0.48376 0.40960 0.47848 0.40713 0.47119 0.40499 0.46881 0.40464 0.46545 0.40425 0.44873 0.40196 0.43544 0.40901 0.42380 0.42111 0.41996 0.43618 0.42307 0.45584 0.42640 0.47454 0.43306 0.49345 0.44296 0.50507 0.44734 0.50730 0.45516 0.50808
4 0.68473 0.50769 0.68361 0.49139 0.68223 0.48263 0.67976 0.47478 0.67719 0.46621 0.67393 0.46032 0.66948 0.45608 0.66786 0.45743 0.66506 0.46136 0.66272 0.46429 0.65852 0.46093 0.65434 0.45921 0.64948 0.45778 0.64553 0.46445 0.64370 0.46602 0.64205 0.46097 0.63925 0.45720 0.63344 0.45519 0.63060 0.45729 0.62704 0.46262 0.62488 0.46900 0.63656 0.47338 0.64054 0.47384 0.64428 0.47509 0.64895 0.48296 0.65597 0.50419 0.65773 0.51069 0.66007 0.51160 0.66589 0.51745 0.67168 0.52166 0.67776 0.51612 0.68293 0.51018 0.68473 0.50769
4 0.61635 0.51796 0.61428 0.50876 0.61089 0.50050 0.60771 0.49661 0.60375 0.49321 0.60026 0.49193 0.59583 0.49125 0.59283 0.49089 0.58864 0.48872 0.58591 0.48806 0.58333 0.48883 0.57891 0.49128 0.57293 0.49443 0.56710 0.49535 0.56553 0.49587 0.56342 0.49854 0.56168 0.50251 0.56092 0.50494 0.56413 0.52440 0.56791 0.54980 0.57304 0.56218 0.57918 0.56780 0.58521 0.56575 0.59142 0.56568 0.60379 0.56207 0.61580 0.55614 0.61783 0.54812 0.61635 0.51796
4 0.39827 0.46192 0.40121 0.46313 0.40467 0.46243 0.40842 0.46108 0.41222 0.46002 0.41555 0.45537 0.41816 0.45129 0.42062 0.44815 0.41983 0.43805 0.41819 0.43282 0.41162 0.42348 0.40477 0.41556 0.39839 0.40741 0.39106 0.40094 0.38522 0.39942 0.37817 0.40436 0.36719 0.41083 0.35999 0.41487 0.35515 0.41899 0.35899 0.43167 0.36207 0.44079 0.36767 0.44922 0.37384 0.45602 0.38034 0.46110 0.38366 0.46088 0.38837 0.45845 0.39281 0.46019 0.39548 0.46160 0.39827 0.46192
4 0.56032 0.50331 0.55957 0.50101 0.55837 0.49965 0.55682 0.49887 0.55326 0.49833 0.54956 0.49921 0.54813 0.49980 0.54615 0.49902 0.54460 0.49888 0.54266 0.49933 0.54079 0.50016 0.53938 0.49885 0.53698 0.49780 0.53329 0.49794 0.53037 0.49921 0.52863 0.50089 0.52784 0.50146 0.52614 0.50032 0.52474 0.49966 0.52114 0.49970 0.51716 0.50094 0.51416 0.50319 0.51290 0.50525 0.51153 0.50926 0.51070 0.51663 0.50992 0.51800 0.51566 0.55156 0.51814 0.55721 0.52459 0.57249 0.52729 0.57719 0.54284 0.57363 0.55306 0.57109 0.56536 0.56933 0.56783 0.55099 0.56076 0.50485 0.56032 0.50331
4 0.65703 0.43605 0.65855 0.43214 0.66028 0.42317 0.66195 0.41634 0.66272 0.40706 0.66319 0.39844 0.66174 0.39058 0.66156 0.38496 0.65999 0.37956 0.65024 0.37455 0.64268 0.37757 0.63609 0.38091 0.62894 0.38845 0.62393 0.39474 0.61939 0.39882 0.61379 0.40199 0.61665 0.40658 0.62046 0.41391 0.62508 0.42127 0.63123 0.42991 0.63589 0.43619 0.63867 0.43896 0.64446 0.44017 0.64927 0.44033 0.65495 0.43958 0.65703 0.43605
4 0.52710 0.49535 0.52993 0.49670 0.53366 0.49677 0.53651 0.49619 0.53825 0.49516 0.54066 0.49341 0.54178 0.49292 0.54239 0.49229 0.54281 0.49171 0.54329 0.49257 0.54347 0.49371 0.54419 0.49462 0.54538 0.49520 0.54717 0.49496 0.54827 0.49433 0.54972 0.49364 0.55121 0.49571 0.55334 0.49812 0.55609 0.49856 0.55777 0.49906 0.56085 0.49847 0.56252 0.49718 0.56441 0.49536 0.56631 0.49520 0.56887 0.49533 0.57267 0.49473 0.57667 0.49283 0.57998 0.49049 0.58231 0.48833 0.58348 0.48677 0.58628 0.48208 0.58777 0.47814 0.58886 0.46715 0.58932 0.46022 0.58908 0.45225 0.58884 0.44643 0.58802 0.43920 0.58745 0.43075 0.58653 0.42443 0.58546 0.41812 0.58190 0.41196 0.57392 0.40268 0.56399 0.39766 0.55738 0.39475 0.54599 0.39391 0.53707 0.39533 0.52835 0.39909 0.52286 0.40358 0.51651 0.41210 0.51289 0.41853 0.50753 0.43019 0.50991 0.43750 0.51195 0.45037 0.51470 0.46001 0.51610 0.47041 0.51948 0.48207 0.52242 0.48856 0.52710 0.49535
4 0.40400 0.53139 0.39842 0.52392 0.39310 0.51993 0.38463 0.51732 0.37577 0.51784 0.36989 0.51679 0.36611 0.52069 0.36439 0.52645 0.36416 0.53704 0.36016 0.54602 0.36846 0.55306 0.38184 0.56171 0.40187 0.56601 0.41117 0.56652 0.41042 0.55895 0.40890 0.54292 0.40918 0.54002 0.40400 0.53139
4 0.36909 0.48374 0.37238 0.48200 0.37478 0.47857 0.37688 0.47320 0.38016 0.46627 0.38093 0.46081 0.37731 0.45787 0.36972 0.45174 0.36438 0.44435 0.36150 0.43901 0.35949 0.43276 0.35567 0.42985 0.35001 0.42755 0.34447 0.42659 0.34207 0.42880 0.33475 0.43714 0.33087 0.44157 0.32875 0.44557 0.33505 0.45769 0.34009 0.46834 0.34347 0.47422 0.34647 0.47970 0.35045 0.48364 0.35581 0.48661 0.36022 0.48683 0.36224 0.48544 0.36652 0.48354 0.36909 0.48374
4 0.63361 0.54802 0.64516 0.54620 0.65509 0.54023 0.65918 0.52987 0.65717 0.51096 0.65254 0.49411 0.64889 0.48260 0.64399 0.47477 0.63683 0.47352 0.63099 0.47133 0.62521 0.46877 0.61858 0.46780 0.61273 0.47470 0.61016 0.48324 0.60833 0.49250 0.60833 0.49708 0.61097 0.50143 0.61427 0.50915 0.61704 0.51896 0.62031 0.53035 0.62729 0.53895 0.63361 0.54802
