4 0.40224 0.54385 0.40419 0.55253 0.41124 0.55400 0.42611 0.55840 0.44125 0.56279 0.45402 0.56614 0.45786 0.56195 0.45626 0.54573 0.45493 0.53537 0.45500 0.52532 0.45500 0.52437 0.45409 0.52197 0.45158 0.51893 0.44935 0.51579 0.44677 0.51317 0.44314 0.51338 0.44118 0.51265 0.43776 0.51432 0.43623 0.51527 0.43239 0.51527 0.43022 0.51401 0.42869 0.51118 0.42799 0.50919 0.42534 0.50961 0.42283 0.51076 0.42052 0.51296 0.41857 0.51411 0.41668 0.51642 0.41445 0.51548 0.41180 0.51642 0.41027 0.51652 0.40761 0.51862 0.40573 0.52081 0.40343 0.52793 0.40273 0.53442 0.40224 0.54385
4 0.45468 0.52675 0.45485 0.53517 0.45635 0.54710 0.45837 0.56682 0.46347 0.56820 0.47470 0.57222 0.49103 0.57650 0.50250 0.57913 0.50485 0.56808 0.50753 0.55413 0.50727 0.53039 0.50627 0.51858 0.50535 0.51393 0.50401 0.51054 0.50258 0.50816 0.49990 0.50778 0.49689 0.50979 0.49320 0.51054 0.48977 0.51080 0.48843 0.51142 0.48675 0.50992 0.48525 0.50903 0.48014 0.50866 0.47788 0.50941 0.47545 0.51042 0.47461 0.51167 0.47378 0.51192 0.47252 0.50941 0.46950 0.50841 0.46590 0.50841 0.46414 0.50765 0.46071 0.50841 0.45912 0.50929 0.45795 0.51054 0.45635 0.51607 0.45560 0.51972 0.45535 0.52097 0.45468 0.52675
4 0.43093 0.42445 0.43093 0.44435 0.43129 0.46334 0.43491 0.48306 0.44287 0.49608 0.44685 0.49898 0.45445 0.50097 0.46240 0.50115 0.46602 0.50060 0.47097 0.50332 0.47410 0.50386 0.47687 0.50350 0.47844 0.50187 0.47941 0.50079 0.48290 0.50060 0.48556 0.50079 0.48773 0.49970 0.48870 0.49789 0.48906 0.49500 0.49111 0.49843 0.49617 0.49916 0.50112 0.49771 0.50353 0.49518 0.50715 0.48903 0.50932 0.48071 0.51028 0.47076 0.51016 0.45900 0.50980 0.45212 0.50992 0.43729 0.51052 0.43259 0.50907 0.42716 0.50232 0.41395 0.49810 0.40817 0.49328 0.40491 0.48640 0.40165 0.48411 0.40093 0.48085 0.40003 0.46470 0.39514 0.45047 0.40003 0.43708 0.41016 0.43093 0.42445
4 0.65412 0.53523 0.65629 0.53650 0.66112 0.54319 0.66618 0.54825 0.67305 0.54373 0.67908 0.53867 0.68125 0.53650 0.68270 0.52022 0.68270 0.51135 0.68150 0.50321 0.68029 0.49435 0.67800 0.48802 0.67426 0.48313 0.67245 0.48422 0.66907 0.48765 0.66630 0.49019 0.66268 0.48621 0.65882 0.48385 0.65424 0.48168 0.64930 0.48765 0.64725 0.48892 0.64640 0.48368 0.64423 0.47951 0.63880 0.47662 0.63567 0.47825 0.63133 0.48295 0.62819 0.48892 0.63905 0.49507 0.64290 0.49615 0.64640 0.49797 0.64978 0.50647 0.65340 0.52854 0.65412 0.53523
4 0.56760 0.57935 0.57387 0.57827 0.58002 0.57917 0.59281 0.57754 0.60559 0.57356 0.60885 0.56597 0.61210 0.53593 0.61150 0.52653 0.60945 0.51785 0.60692 0.51350 0.60354 0.50953 0.60028 0.50772 0.59602 0.50635 0.59312 0.50553 0.58932 0.50273 0.58672 0.50165 0.58405 0.50200 0.57930 0.50373 0.57291 0.50591 0.56700 0.50591 0.56537 0.50618 0.56287 0.50848 0.56053 0.51212 0.55940 0.51441 0.55952 0.53413 0.55928 0.55982 0.56242 0.57284 0.56760 0.57935
4 0.38227 0.43683 0.38790 0.44286 0.39122 0.44316 0.39624 0.44150 0.40036 0.44391 0.40277 0.44572 0.40548 0.44648 0.40820 0.44813 0.41172 0.44798 0.41564 0.44723 0.41955 0.44678 0.42358 0.44271 0.42679 0.43909 0.42970 0.43637 0.43051 0.42627 0.42970 0.42085 0.42468 0.41060 0.41915 0.40170 0.41413 0.39266 0.40790 0.38512 0.40237 0.38270 0.39463 0.38648 0.38277 0.39115 0.37503 0.39402 0.36961 0.39733 0.37142 0.41045 0.37302 0.41995 0.37725 0.42914 0.38227 0.43683
4 0.51488 0.58051 0.53080 0.57942 0.54129 0.57852 0.55371 0.57870 0.55902 0.56097 0.55926 0.51430 0.55906 0.51271 0.55868 0.51032 0.55770 0.50878 0.55630 0.50777 0.55287 0.50668 0.54908 0.50697 0.54757 0.50733 0.54574 0.50625 0.54423 0.50587 0.54224 0.50602 0.54026 0.50654 0.53908 0.50502 0.53687 0.50361 0.53321 0.50317 0.53012 0.50397 0.52814 0.50536 0.52727 0.50580 0.52577 0.50440 0.52449 0.50354 0.52093 0.50301 0.51681 0.50361 0.51349 0.50536 0.51192 0.50720 0.50994 0.51095 0.50797 0.51810 0.50698 0.51933 0.50740 0.55338 0.50897 0.55934 0.51295 0.57544 0.51488 0.58051
4 0.64058 0.45130 0.64420 0.45823 0.64651 0.46140 0.65204 0.46351 0.65676 0.46442 0.66249 0.46457 0.66510 0.46140 0.66722 0.45778 0.67033 0.44919 0.67304 0.44271 0.67525 0.43366 0.67706 0.42522 0.67686 0.41723 0.67757 0.41165 0.67686 0.40607 0.66802 0.39959 0.66008 0.40140 0.65305 0.40366 0.64480 0.41000 0.63887 0.41542 0.63375 0.41874 0.62772 0.42100 0.62983 0.42597 0.63244 0.43381 0.63586 0.44180 0.64058 0.45130
4 0.51957 0.43983 0.51957 0.45285 0.52077 0.46280 0.52053 0.47329 0.52204 0.48534 0.52393 0.49221 0.52749 0.49965 0.53008 0.50142 0.53375 0.50207 0.53666 0.50195 0.53854 0.50120 0.54119 0.49985 0.54237 0.49954 0.54307 0.49902 0.54358 0.49851 0.54392 0.49943 0.54392 0.50059 0.54448 0.50160 0.54557 0.50236 0.54738 0.50240 0.54856 0.50195 0.55010 0.50149 0.55125 0.50377 0.55297 0.50648 0.55563 0.50735 0.55721 0.50811 0.56034 0.50800 0.56219 0.50699 0.56435 0.50549 0.56624 0.50563 0.56875 0.50616 0.57260 0.50616 0.57685 0.50491 0.58048 0.50312 0.58312 0.50135 0.58452 0.49999 0.58802 0.49580 0.59010 0.49214 0.59290 0.48145 0.59445 0.47468 0.59545 0.46678 0.59612 0.46099 0.59645 0.45372 0.59721 0.44529 0.59728 0.43890 0.59722 0.43250 0.59467 0.42586 0.58824 0.41544 0.57922 0.40893 0.57314 0.40502 0.56202 0.40242 0.55298 0.40242 0.54378 0.40477 0.53766 0.40835 0.53006 0.41577 0.52548 0.42155 0.51836 0.43223 0.51957 0.43983
4 0.37364 0.54247 0.39275 0.54985 0.40186 0.55180 0.40230 0.54420 0.40331 0.52814 0.40403 0.52532 0.40027 0.51598 0.39593 0.50774 0.39130 0.50296 0.38334 0.49905 0.37451 0.49818 0.36887 0.49623 0.36453 0.49949 0.36192 0.50492 0.36004 0.51533 0.35468 0.52358 0.36178 0.53183 0.37364 0.54247
4 0.35154 0.45593 0.35485 0.46045 0.35968 0.46422 0.36400 0.46512 0.36621 0.46407 0.37073 0.46286 0.37325 0.46347 0.37676 0.46226 0.37968 0.45925 0.38259 0.45427 0.38691 0.44794 0.38852 0.44266 0.38541 0.43920 0.37887 0.43196 0.37475 0.42382 0.37274 0.41809 0.37174 0.41161 0.36842 0.40814 0.36320 0.40498 0.35787 0.40317 0.35515 0.40498 0.34661 0.41206 0.34209 0.41583 0.33938 0.41945 0.34370 0.43241 0.34702 0.44372 0.34943 0.45005 0.35154 0.45593
4 0.60745 0.51407 0.60938 0.51877 0.61143 0.52691 0.61263 0.53704 0.61408 0.54880 0.61963 0.55838 0.62445 0.56833 0.63615 0.56833 0.64688 0.56399 0.65255 0.55440 0.65352 0.53541 0.65159 0.51805 0.64978 0.50610 0.64616 0.49760 0.63929 0.49525 0.63386 0.49218 0.62855 0.48874 0.62216 0.48675 0.61530 0.49265 0.61143 0.50068 0.60817 0.50954 0.60745 0.51407
