4 0.17862 0.77855 0.18105 0.79618 0.18414 0.80818 0.19296 0.81306 0.20642 0.80480 0.21062 0.78905 0.21966 0.76354 0.22938 0.74966 0.23533 0.74103 0.24791 0.73916 0.25674 0.74666 0.27439 0.75304 0.27925 0.75492 0.28410 0.74516 0.28609 0.72865 0.28653 0.71590 0.28653 0.69902 0.28587 0.69190 0.28609 0.68027 0.28410 0.66639 0.28123 0.65139 0.27770 0.63525 0.27351 0.62813 0.26535 0.61800 0.24747 0.61837 0.21966 0.62438 0.19804 0.63188 0.18877 0.64988 0.18259 0.66864 0.17840 0.69039 0.17531 0.71103 0.17376 0.72903 0.17685 0.75642 0.17862 0.77855
1 0.18459 0.27997 0.18625 0.27932 0.18817 0.27650 0.18868 0.26868 0.18791 0.26608 0.18548 0.26694 0.18382 0.26868 0.18318 0.27606 0.18459 0.27997
1 0.18803 0.39499 0.18980 0.39303 0.19069 0.38278 0.19228 0.37328 0.19246 0.36634 0.19246 0.36031 0.19193 0.35579 0.19069 0.35383 0.18909 0.35564 0.18882 0.36469 0.18767 0.37750 0.18687 0.38730 0.18803 0.39499
1 0.21463 0.33711 0.21667 0.33651 0.21641 0.33410 0.21543 0.33184 0.21180 0.33184 0.20975 0.33275 0.21082 0.33666 0.21463 0.33711
4 0.24284 0.95785 0.25387 0.96648 0.27307 0.97810 0.29800 0.98898 0.30705 0.99348 0.30727 0.97023 0.30507 0.94547 0.30529 0.92184 0.30882 0.91208 0.31808 0.90308 0.31169 0.89558 0.29999 0.88208 0.28984 0.86745 0.27417 0.85244 0.26821 0.84794 0.26270 0.84494 0.25277 0.85620 0.24725 0.88920 0.24548 0.90346 0.24305 0.93684 0.24284 0.95785
4 0.68926 1.00000 0.69082 0.98624 0.68478 0.95221 0.68319 0.91872 0.67652 0.88361 0.66445 0.85606 0.65015 0.84634 0.64061 0.84688 0.62885 0.86038 0.62218 0.86417 0.61646 0.86741 0.61074 0.87659 0.60852 0.89225 0.60152 0.90360 0.59168 0.91710 0.58659 0.92845 0.58437 0.94087 0.58595 0.95005 0.59517 0.95869 0.60185 0.97706 0.60438 0.99974 0.64446 1.00000 0.68926 1.00000
4 0.12661 0.54207 0.12598 0.57394 0.12630 0.60743 0.13011 0.64470 0.13615 0.67603 0.14505 0.69710 0.15235 0.70250 0.16316 0.69925 0.17777 0.69277 0.18254 0.66900 0.18858 0.65010 0.19843 0.63174 0.21337 0.62633 0.22449 0.62309 0.24705 0.61823 0.26485 0.61823 0.27597 0.63012 0.28073 0.61931 0.28550 0.60040 0.28804 0.57610 0.28772 0.55341 0.28140 0.52500 0.27790 0.51592 0.27314 0.47995 0.26856 0.45921 0.26399 0.44106 0.25560 0.42615 0.25255 0.42226 0.24225 0.42097 0.20107 0.43263 0.18582 0.41967 0.17438 0.42161 0.16141 0.43847 0.15140 0.46213 0.15045 0.47077 0.14282 0.48103 0.13297 0.51128 0.12661 0.54207
4 0.74227 0.47558 0.73782 0.48800 0.73115 0.49664 0.72415 0.50690 0.71685 0.52851 0.71561 0.53251 0.71211 0.54661 0.71027 0.55973 0.71211 0.57313 0.71580 0.58442 0.72298 0.60440 0.72978 0.59787 0.75240 0.59754 0.77795 0.61002 0.79102 0.63287 0.80185 0.67057 0.82025 0.67430 0.83862 0.67840 0.86423 0.58301 0.88574 0.50291 0.88438 0.48038 0.87202 0.44927 0.85784 0.41659 0.83998 0.39169 0.82168 0.38705 0.79835 0.38548 0.77363 0.39093 0.75898 0.39714 0.75021 0.41238 0.74703 0.42858 0.74481 0.45127 0.74386 0.46693 0.74227 0.47558
4 0.71043 0.73605 0.72521 0.75180 0.73757 0.78894 0.75920 0.80094 0.77817 0.81407 0.79185 0.81519 0.80135 0.80019 0.80929 0.77318 0.81194 0.75367 0.80532 0.70379 0.80090 0.66740 0.79075 0.63177 0.77619 0.60813 0.75169 0.59688 0.72918 0.59800 0.72190 0.60738 0.70315 0.64902 0.69807 0.65202 0.69189 0.66028 0.68858 0.67078 0.68858 0.67903 0.69123 0.68991 0.69388 0.71016 0.69961 0.73792 0.71043 0.73605
4 0.63385 0.81970 0.63628 0.83283 0.64003 0.84970 0.64753 0.84670 0.65570 0.85195 0.66342 0.85721 0.67600 0.88234 0.68196 0.91310 0.71263 0.93260 0.72962 0.89472 0.75809 0.86996 0.75390 0.84070 0.73669 0.78744 0.72543 0.75255 0.71043 0.73530 0.69718 0.74055 0.68306 0.74392 0.66563 0.75367 0.65989 0.75218 0.65393 0.75443 0.65106 0.76080 0.64930 0.76680 0.64864 0.77468 0.63805 0.77881 0.63562 0.78556 0.63275 0.80132 0.63385 0.81970
4 0.20576 0.88099 0.20753 0.89637 0.21194 0.91550 0.21437 0.92671 0.21856 0.93838 0.22342 0.94738 0.23004 0.94513 0.24350 0.93013 0.24548 0.90162 0.24990 0.87161 0.25343 0.85435 0.26314 0.84498 0.26976 0.84873 0.28145 0.85961 0.29160 0.87048 0.30043 0.88286 0.31147 0.87724 0.31985 0.87161 0.31610 0.85886 0.31279 0.84085 0.31169 0.82697 0.31169 0.80934 0.30948 0.79771 0.30683 0.78984 0.30242 0.77783 0.29580 0.77446 0.29028 0.76621 0.27947 0.75495 0.26711 0.75045 0.25674 0.74633 0.24857 0.73920 0.23445 0.74107 0.21878 0.76621 0.21062 0.78758 0.20665 0.80559 0.20333 0.82472 0.20135 0.84347 0.20422 0.87086 0.20576 0.88099
4 0.09134 0.41459 0.09897 0.43674 0.11422 0.45186 0.13519 0.45672 0.15172 0.46158 0.15871 0.44484 0.16506 0.43350 0.17492 0.42053 0.18731 0.42053 0.20065 0.43404 0.21845 0.42702 0.23465 0.42216 0.24165 0.41891 0.24482 0.39569 0.24482 0.37624 0.24387 0.35733 0.23879 0.33843 0.23752 0.33357 0.23847 0.31412 0.24069 0.28711 0.23815 0.26443 0.22830 0.24714 0.20892 0.23364 0.19398 0.22608 0.17714 0.21906 0.16475 0.21473 0.14663 0.22230 0.13392 0.23472 0.11994 0.25741 0.10246 0.30332 0.09579 0.34167 0.08943 0.38272 0.09134 0.41459
4 0.80017 0.27496 0.79461 0.28847 0.78719 0.30242 0.78031 0.31817 0.77607 0.33663 0.77501 0.35193 0.77845 0.36814 0.78401 0.38749 0.80414 0.38615 0.83618 0.39110 0.85551 0.41450 0.86160 0.42980 0.87908 0.41765 0.89656 0.41720 0.91033 0.40640 0.92781 0.33753 0.93787 0.29477 0.93946 0.26776 0.93707 0.24705 0.92754 0.22905 0.91509 0.21419 0.90450 0.19394 0.89788 0.18899 0.89100 0.19619 0.87590 0.20384 0.86769 0.20519 0.86213 0.20204 0.85710 0.19169 0.85445 0.18223 0.84068 0.18403 0.82824 0.18629 0.81870 0.19078 0.81102 0.19664 0.80493 0.20654 0.80202 0.21735 0.80017 0.22860 0.80122 0.24210 0.80122 0.26056 0.80017 0.27496
4 0.34361 1.00000 0.36310 0.99877 0.36465 0.98940 0.37458 0.97777 0.39312 0.97589 0.38804 0.95638 0.38318 0.94251 0.36995 0.92450 0.35339 0.91287 0.34060 0.90575 0.32426 0.90500 0.31765 0.90349 0.30793 0.91362 0.30551 0.92038 0.30529 0.94513 0.30727 0.97026 0.30772 0.98864 0.32573 1.00000 0.34361 1.00000
1 0.73716 0.62164 0.73674 0.61810 0.73555 0.61663 0.73469 0.61672 0.73392 0.61857 0.73385 0.62025 0.73493 0.62143 0.73716 0.62164
