4 0.26434 0.80415 0.27176 0.78892 0.27630 0.77947 0.28843 0.77565 0.29832 0.78168 0.31675 0.78522 0.32184 0.78631 0.32511 0.77592 0.32449 0.75930 0.32293 0.74664 0.32029 0.72997 0.31852 0.72303 0.31692 0.71151 0.31279 0.69811 0.30761 0.68374 0.30160 0.66836 0.29634 0.66198 0.28669 0.65325 0.26910 0.65642 0.24257 0.66670 0.22239 0.67749 0.21605 0.69673 0.21288 0.71622 0.21214 0.73836 0.21232 0.75922 0.21361 0.77725 0.22094 0.80381 0.22615 0.82539 0.23131 0.84243 0.23623 0.85380 0.24571 0.85723 0.25772 0.84697 0.25940 0.83076 0.26434 0.80415
1 0.15153 0.32099 0.15205 0.32838 0.15405 0.33202 0.15559 0.33112 0.15704 0.32803 0.15632 0.32023 0.15516 0.31778 0.15290 0.31901 0.15153 0.32099
1 0.17316 0.40576 0.17163 0.40402 0.17034 0.40606 0.17149 0.41503 0.17235 0.42787 0.17310 0.43767 0.17544 0.44508 0.17689 0.44287 0.17616 0.43261 0.17625 0.42298 0.17534 0.41610 0.17440 0.41014 0.17316 0.40576
1 0.18883 0.38391 0.19267 0.38376 0.19459 0.38285 0.19395 0.38051 0.19263 0.37843 0.18904 0.37900 0.18716 0.38021 0.18883 0.38391
4 0.38401 1.00000 0.38320 0.99459 0.37715 0.97048 0.37367 0.94710 0.37563 0.93692 0.38338 0.92658 0.37589 0.92017 0.36222 0.90866 0.34991 0.89580 0.33209 0.88343 0.32550 0.87992 0.31958 0.87782 0.31153 0.89049 0.31125 0.92395 0.31173 0.93831 0.31456 0.97166 0.31762 0.99244 0.32987 0.99924 0.33174 1.00000 0.38401 1.00000
4 0.70247 0.81859 0.69315 0.82061 0.68365 0.83579 0.67765 0.84057 0.67250 0.84467 0.66829 0.85463 0.66854 0.87045 0.66341 0.88274 0.65580 0.89762 0.65255 0.90962 0.65229 0.92224 0.65530 0.93106 0.66575 0.93816 0.67522 0.95525 0.68128 0.97726 0.72090 0.97125 0.76515 0.96424 0.76454 0.95040 0.75325 0.91774 0.74644 0.88491 0.73436 0.85127 0.71812 0.82595 0.70247 0.81859
4 0.18831 0.75439 0.19848 0.74950 0.21190 0.74081 0.21289 0.71659 0.21589 0.69697 0.22275 0.67729 0.23666 0.66962 0.24713 0.66468 0.26866 0.65635 0.28624 0.65356 0.29908 0.66356 0.30210 0.65215 0.30385 0.63272 0.30256 0.60832 0.29869 0.58596 0.28800 0.55889 0.28313 0.55047 0.27280 0.51569 0.26503 0.49592 0.25767 0.47871 0.24705 0.46529 0.24343 0.46193 0.23306 0.46226 0.19421 0.48023 0.17712 0.46981 0.16612 0.47352 0.15595 0.49219 0.14977 0.51713 0.15018 0.52581 0.14425 0.53714 0.13925 0.56856 0.13779 0.59996 0.14215 0.63154 0.14770 0.66457 0.15730 0.70078 0.16816 0.73078 0.18025 0.75020 0.18831 0.75439
4 0.71679 0.51285 0.71702 0.52610 0.72094 0.53905 0.72635 0.54962 0.73657 0.56823 0.74226 0.56072 0.76456 0.55686 0.79174 0.56519 0.80822 0.58571 0.82482 0.62125 0.84357 0.62206 0.86236 0.62324 0.87273 0.52501 0.88145 0.44253 0.87658 0.42050 0.85950 0.39170 0.84039 0.36164 0.81885 0.33984 0.80005 0.33811 0.77677 0.34021 0.75320 0.34947 0.73970 0.35790 0.73342 0.37431 0.73282 0.39082 0.73417 0.41357 0.73568 0.42919 0.73546 0.43798 0.73301 0.45095 0.72778 0.46052 0.72247 0.47175 0.71864 0.49424 0.71804 0.49838 0.71679 0.51285
4 0.84459 0.74935 0.84822 0.72144 0.84778 0.70175 0.83344 0.65352 0.82339 0.61827 0.80779 0.58466 0.78970 0.56360 0.76375 0.55631 0.74169 0.56095 0.73597 0.57135 0.72396 0.61541 0.71941 0.61917 0.71460 0.62828 0.71297 0.63918 0.71426 0.64733 0.71858 0.65765 0.72436 0.67725 0.73437 0.70377 0.74476 0.70022 0.76183 0.71347 0.77985 0.74822 0.80308 0.75669 0.82388 0.76669 0.83757 0.76566 0.84459 0.74935
4 0.73364 0.85010 0.74434 0.87955 0.77769 0.89401 0.78855 0.85393 0.81279 0.82503 0.80407 0.79679 0.77874 0.74687 0.76216 0.71418 0.74464 0.69948 0.73239 0.70674 0.71897 0.71228 0.70327 0.72464 0.69737 0.72406 0.69184 0.72721 0.69000 0.73396 0.68920 0.74016 0.68978 0.74805 0.67996 0.75378 0.67862 0.76083 0.67825 0.77684 0.68221 0.79482 0.68667 0.80741 0.69301 0.82349 0.69995 0.81935 0.70884 0.82326 0.71729 0.82725 0.73364 0.85010
4 0.30299 0.98188 0.31394 0.96496 0.31144 0.93649 0.31111 0.90616 0.31190 0.88856 0.32002 0.87778 0.32715 0.88045 0.34040 0.88937 0.35213 0.89852 0.36278 0.90937 0.37280 0.90209 0.38020 0.89522 0.37450 0.88321 0.36842 0.86594 0.36516 0.85241 0.36240 0.83499 0.35840 0.82385 0.35455 0.81649 0.34831 0.80532 0.34125 0.80302 0.33451 0.79574 0.32207 0.78631 0.30916 0.78380 0.29827 0.78135 0.28909 0.77558 0.27543 0.77964 0.26389 0.80692 0.25917 0.82931 0.25806 0.84772 0.25778 0.86713 0.25876 0.88597 0.26587 0.91257 0.26898 0.92233 0.27313 0.93724 0.28048 0.95544 0.28464 0.96614 0.29060 0.97701 0.29681 0.98514 0.30299 0.98188
4 0.15878 0.48671 0.16649 0.47236 0.17873 0.47042 0.19402 0.48168 0.21050 0.47196 0.22575 0.46462 0.23214 0.46032 0.23165 0.43689 0.22861 0.41768 0.22471 0.39916 0.21673 0.38128 0.21471 0.37668 0.21261 0.35732 0.21058 0.33030 0.20452 0.30829 0.19209 0.29276 0.17083 0.28245 0.15490 0.27732 0.13716 0.27302 0.12425 0.27069 0.10754 0.28099 0.09693 0.29525 0.08667 0.31985 0.07659 0.36793 0.07600 0.40685 0.07614 0.44839 0.08301 0.47957 0.09401 0.50025 0.11144 0.51280 0.13292 0.51433 0.15000 0.51654 0.15428 0.49891 0.15878 0.48671
4 0.75440 0.32620 0.76292 0.34445 0.78258 0.33997 0.81501 0.33985 0.83776 0.35994 0.84617 0.37410 0.86153 0.35937 0.87872 0.35618 0.89063 0.34336 0.89712 0.27261 0.90037 0.22880 0.89772 0.20187 0.89212 0.18179 0.87989 0.16550 0.86527 0.15277 0.85164 0.13443 0.84433 0.13057 0.83866 0.13876 0.82495 0.14868 0.81705 0.15130 0.81106 0.14906 0.80447 0.13962 0.80038 0.13070 0.78706 0.13463 0.77512 0.13880 0.76641 0.14474 0.75974 0.15172 0.75527 0.16245 0.75408 0.17358 0.75401 0.18498 0.75717 0.19815 0.76006 0.21638 0.76127 0.23078 0.75789 0.24498 0.75275 0.25993 0.74841 0.27656 0.74711 0.29545 0.74846 0.31074 0.75440 0.32620
4 0.44566 1.00000 0.45086 0.99150 0.46888 0.98675 0.46081 0.96828 0.45385 0.95533 0.43795 0.93962 0.41979 0.93072 0.40603 0.92569 0.38978 0.92750 0.38301 0.92705 0.37500 0.93858 0.37366 0.94563 0.37732 0.97011 0.38321 0.99462 0.38420 1.00000 0.44566 1.00000
1 0.75104 0.58318 0.75327 0.58304 0.75230 0.57962 0.75090 0.57835 0.75006 0.57857 0.74959 0.58052 0.74978 0.58219 0.75104 0.58318
