4 0.44850 0.60888 0.44468 0.61722 0.44381 0.63519 0.45197 0.63805 0.45788 0.64743 0.45718 0.66176 0.46031 0.66463 0.46778 0.65915 0.47629 0.65290 0.48549 0.64743 0.49244 0.64014 0.49279 0.63102 0.49122 0.61930 0.49070 0.61018 0.48758 0.60289 0.48237 0.59872 0.47525 0.59585 0.46760 0.59325 0.46292 0.59168 0.45614 0.59637 0.44850 0.60888
1 0.49669 0.41359 0.49584 0.41650 0.49467 0.41988 0.49443 0.42352 0.49632 0.42564 0.49867 0.42418 0.49794 0.42140 0.49782 0.41674 0.49850 0.41365 0.49943 0.40977 0.49976 0.40747 0.49911 0.40353 0.49830 0.40184 0.49749 0.40068 0.49701 0.39832 0.49681 0.39723 0.49580 0.39662 0.49519 0.39735 0.49515 0.39930 0.49669 0.40263 0.49733 0.40916 0.49669 0.41359
4 0.46917 0.52057 0.47577 0.52812 0.48237 0.52682 0.49209 0.53307 0.50025 0.54220 0.50703 0.55209 0.51657 0.54975 0.52335 0.53777 0.53151 0.50495 0.53290 0.49610 0.52908 0.47264 0.52891 0.46378 0.52613 0.45337 0.52109 0.44372 0.51276 0.44060 0.50216 0.44295 0.49452 0.43722 0.48445 0.44242 0.47768 0.44893 0.47334 0.45883 0.46865 0.47863 0.46569 0.49427 0.46517 0.51067 0.46917 0.52057
4 0.47203 0.39548 0.47010 0.41483 0.47083 0.42695 0.47384 0.43654 0.47891 0.44178 0.48325 0.44413 0.48988 0.43907 0.49495 0.43871 0.50037 0.44233 0.50869 0.44178 0.51376 0.44125 0.52208 0.44577 0.52943 0.44195 0.53427 0.43185 0.53462 0.41718 0.53281 0.40380 0.53016 0.38643 0.52920 0.37142 0.52811 0.36364 0.52244 0.35242 0.51774 0.34790 0.50218 0.34971 0.49193 0.34953 0.48747 0.35097 0.48144 0.35478 0.47625 0.36454 0.47348 0.37576 0.47203 0.39548
4 0.46083 0.53802 0.45597 0.55235 0.45597 0.56173 0.45580 0.57527 0.45927 0.58674 0.46361 0.59090 0.47976 0.59794 0.48705 0.60158 0.49070 0.61044 0.49574 0.60653 0.50095 0.59742 0.50355 0.58465 0.50650 0.56928 0.50755 0.56199 0.50703 0.55365 0.50321 0.54636 0.49192 0.53282 0.48167 0.52682 0.47386 0.52812 0.46639 0.53073 0.46083 0.53802
4 0.42176 0.64066 0.41603 0.64848 0.41377 0.65577 0.41325 0.66749 0.41690 0.68234 0.42697 0.68650 0.43530 0.68416 0.45128 0.67270 0.45632 0.66697 0.45701 0.66098 0.45788 0.64770 0.45163 0.63728 0.44433 0.63545 0.43009 0.63883 0.42176 0.64066
1 0.47615 0.38684 0.47766 0.38483 0.47682 0.38295 0.47489 0.38219 0.47288 0.38420 0.47314 0.38747 0.47422 0.38810 0.47615 0.38684
1 0.50662 0.48900 0.50716 0.48900 0.50689 0.48835 0.50636 0.48720 0.50592 0.48615 0.50566 0.48570 0.50516 0.48575 0.50449 0.48605 0.50406 0.48635 0.50386 0.48710 0.50496 0.48895 0.50572 0.48915 0.50606 0.48875 0.50662 0.48900
1 0.50466 0.46965 0.50480 0.46890 0.50480 0.46810 0.50439 0.46740 0.50399 0.46730 0.50359 0.46870 0.50376 0.47025 0.50402 0.47060 0.50466 0.46965
1 0.49017 0.48646 0.49167 0.48686 0.49240 0.48651 0.49270 0.48581 0.49227 0.48516 0.49150 0.48516 0.49080 0.48461 0.49004 0.48521 0.48914 0.48516 0.48924 0.48586 0.49017 0.48646
1 0.49656 0.50580 0.49584 0.50736 0.49560 0.50868 0.49592 0.50862 0.49700 0.50706 0.49852 0.50424 0.49980 0.50196 0.50024 0.50052 0.50040 0.49926 0.50048 0.49806 0.50028 0.49758 0.49976 0.49716 0.49956 0.49962 0.49896 0.50160 0.49776 0.50400 0.49656 0.50580
1 0.50926 0.49605 0.50969 0.49520 0.50972 0.49435 0.50962 0.49365 0.50902 0.49395 0.50862 0.49380 0.50866 0.49310 0.50856 0.49255 0.50832 0.49255 0.50809 0.49325 0.50796 0.49325 0.50759 0.49295 0.50719 0.49205 0.50699 0.49240 0.50662 0.49325 0.50722 0.49470 0.50789 0.49615 0.50859 0.49625 0.50926 0.49605
1 0.50350 0.48104 0.50407 0.48169 0.50477 0.48199 0.50537 0.48174 0.50574 0.48089 0.50557 0.47989 0.50514 0.47869 0.50564 0.47844 0.50547 0.47764 0.50437 0.47859 0.50347 0.47974 0.50320 0.48069 0.50350 0.48104
1 0.50054 0.49166 0.50067 0.49076 0.50030 0.49006 0.49990 0.49026 0.49947 0.48941 0.49907 0.48996 0.49930 0.49111 0.49977 0.49201 0.50034 0.49231 0.50054 0.49166
1 0.49519 0.39426 0.49657 0.39391 0.49731 0.39335 0.49772 0.38962 0.49886 0.38886 0.50172 0.38997 0.50401 0.39128 0.50532 0.39072 0.50606 0.38871 0.50515 0.38760 0.50189 0.38699 0.49906 0.38638 0.49883 0.38508 0.49896 0.38356 0.49923 0.38128 0.49842 0.38048 0.49734 0.38128 0.49620 0.38437 0.49586 0.38775 0.49509 0.39007 0.49519 0.39426
1 0.51272 0.47670 0.51279 0.47555 0.51309 0.47470 0.51326 0.47400 0.51282 0.47385 0.51222 0.47430 0.51212 0.47495 0.51172 0.47375 0.51126 0.47430 0.51099 0.47600 0.51132 0.47710 0.51192 0.47715 0.51272 0.47670
1 0.50412 0.46225 0.50449 0.46125 0.50442 0.45950 0.50432 0.45845 0.50422 0.45810 0.50386 0.45740 0.50339 0.45890 0.50346 0.46110 0.50379 0.46170 0.50412 0.46225
