4 0.42963 0.65403 0.43800 0.65008 0.44755 0.64557 0.45763 0.64195 0.46584 0.63612 0.46792 0.62724 0.46862 0.61543 0.46985 0.60638 0.46817 0.59863 0.46385 0.59354 0.45741 0.58937 0.45041 0.58535 0.44610 0.58293 0.43856 0.58624 0.42867 0.59705 0.42333 0.60451 0.41905 0.62199 0.42651 0.62635 0.43052 0.63668 0.42710 0.65062 0.42963 0.65403
1 0.51297 0.42245 0.51374 0.41785 0.51501 0.41495 0.51666 0.41132 0.51742 0.40912 0.51753 0.40514 0.51706 0.40332 0.51649 0.40203 0.51647 0.39962 0.51648 0.39851 0.51560 0.39772 0.51487 0.39832 0.51446 0.40022 0.51533 0.40378 0.51472 0.41032 0.51324 0.41455 0.51185 0.41724 0.51005 0.42034 0.50912 0.42387 0.51058 0.42630 0.51316 0.42532 0.51297 0.42245
4 0.50677 0.55200 0.51572 0.54153 0.52999 0.51087 0.53304 0.50245 0.53377 0.47869 0.53529 0.46997 0.53455 0.45921 0.53144 0.44878 0.52386 0.44412 0.51301 0.44441 0.50660 0.43732 0.49572 0.44052 0.48783 0.44561 0.48168 0.45450 0.47330 0.47305 0.46742 0.48783 0.46378 0.50383 0.46581 0.51431 0.47085 0.52298 0.47757 0.52297 0.48593 0.53096 0.49220 0.54147 0.49696 0.55247 0.50677 0.55200
4 0.50169 0.43826 0.50673 0.43887 0.51137 0.44346 0.51964 0.44451 0.52472 0.44495 0.53202 0.45098 0.53997 0.44863 0.54664 0.43964 0.54979 0.42531 0.55057 0.41182 0.55128 0.39427 0.55320 0.37935 0.55361 0.37151 0.55019 0.35941 0.54644 0.35408 0.53082 0.35289 0.52079 0.35075 0.51614 0.35132 0.50949 0.35390 0.50254 0.36250 0.49767 0.37298 0.49249 0.39206 0.48690 0.41069 0.48530 0.42272 0.48643 0.43272 0.49040 0.43883 0.49422 0.44197 0.50169 0.43826
4 0.46144 0.59228 0.46791 0.59725 0.46980 0.60664 0.47549 0.60376 0.48234 0.59581 0.48733 0.58378 0.49316 0.56925 0.49558 0.56229 0.49666 0.55401 0.49430 0.54612 0.48580 0.53067 0.47689 0.52283 0.46897 0.52262 0.46114 0.52375 0.45429 0.52985 0.44679 0.54299 0.44500 0.55219 0.44225 0.56546 0.44347 0.57737 0.44693 0.58229 0.46144 0.59228
4 0.40135 0.66843 0.41922 0.66023 0.42526 0.65557 0.42708 0.64982 0.43047 0.63695 0.42632 0.62552 0.41951 0.62234 0.40489 0.62295 0.39635 0.62315 0.38924 0.62972 0.38563 0.63645 0.38288 0.64786 0.38363 0.66313 0.39272 0.66914 0.40135 0.66843
1 0.49605 0.38523 0.49818 0.38437 0.50005 0.38268 0.49958 0.38067 0.49783 0.37956 0.49548 0.38115 0.49510 0.38441 0.49605 0.38523
1 0.50778 0.48700 0.50707 0.48717 0.50659 0.48738 0.50625 0.48808 0.50697 0.49010 0.50769 0.49045 0.50809 0.49012 0.50860 0.49047 0.50912 0.49057 0.50899 0.48988 0.50868 0.48865 0.50846 0.48754 0.50828 0.48705 0.50778 0.48700
1 0.50936 0.47152 0.50956 0.47191 0.51036 0.47110 0.51065 0.47039 0.51080 0.46960 0.51053 0.46884 0.51016 0.46866 0.50950 0.46996 0.50936 0.47152
1 0.49391 0.48314 0.49304 0.48358 0.49217 0.48336 0.49213 0.48407 0.49293 0.48483 0.49433 0.48551 0.49512 0.48531 0.49555 0.48468 0.49524 0.48396 0.49449 0.48381 0.49391 0.48314
1 0.49943 0.50189 0.50014 0.50056 0.50053 0.49935 0.50084 0.49819 0.50074 0.49768 0.50031 0.49717 0.49964 0.49954 0.49867 0.50137 0.49704 0.50350 0.49552 0.50504 0.49451 0.50643 0.49402 0.50768 0.49435 0.50768 0.49571 0.50636 0.49774 0.50388 0.49943 0.50189
1 0.50981 0.49488 0.50982 0.49433 0.50959 0.49428 0.50923 0.49492 0.50910 0.49490 0.50880 0.49453 0.50857 0.49357 0.50831 0.49388 0.50779 0.49464 0.50810 0.49618 0.50848 0.49773 0.50915 0.49796 0.50984 0.49789 0.51043 0.49714 0.51062 0.49631 0.51066 0.49561 0.51001 0.49579 0.50965 0.49556 0.50981 0.49488
1 0.50911 0.48006 0.50965 0.47991 0.50964 0.47910 0.50838 0.47982 0.50727 0.48078 0.50683 0.48166 0.50706 0.48206 0.50749 0.48280 0.50812 0.48323 0.50876 0.48310 0.50928 0.48234 0.50930 0.48132 0.50911 0.48006
1 0.50101 0.49114 0.50130 0.49211 0.50180 0.49252 0.50212 0.49192 0.50242 0.49106 0.50219 0.49030 0.50176 0.49042 0.50150 0.48950 0.50100 0.48997 0.50101 0.49114
1 0.52468 0.39404 0.52607 0.39375 0.52719 0.39191 0.52651 0.39064 0.52342 0.38943 0.52076 0.38829 0.52078 0.38696 0.52120 0.38550 0.52190 0.38332 0.52126 0.38238 0.52004 0.38296 0.51833 0.38576 0.51736 0.38902 0.51616 0.39115 0.51545 0.39528 0.51688 0.39520 0.51771 0.39480 0.51882 0.39121 0.52009 0.39068 0.52268 0.39232 0.52468 0.39404
1 0.51668 0.47773 0.51652 0.47647 0.51595 0.47693 0.51537 0.47854 0.51548 0.47969 0.51606 0.47985 0.51693 0.47956 0.51722 0.47845 0.51768 0.47767 0.51797 0.47701 0.51758 0.47678 0.51690 0.47711 0.51668 0.47773
1 0.51117 0.46031 0.51081 0.46248 0.51103 0.46313 0.51125 0.46374 0.51180 0.46282 0.51207 0.46109 0.51217 0.46004 0.51214 0.45968 0.51191 0.45892 0.51117 0.46031
