4 0.75634 0.41685 0.76406 0.41698 0.76555 0.41698 0.76925 0.41677 0.77644 0.40427 0.78284 0.39285 0.78996 0.37103 0.79414 0.34668 0.79590 0.33139 0.77985 0.32638 0.76641 0.31841 0.75478 0.31242 0.74453 0.30577 0.73410 0.31985 0.72403 0.33337 0.72116 0.35737 0.71821 0.37240 0.71443 0.38086 0.72058 0.38696 0.72622 0.40127 0.73001 0.40559 0.74205 0.41198 0.75634 0.41685
4 0.45893 0.37564 0.46596 0.37953 0.48343 0.38484 0.49951 0.38506 0.51185 0.38635 0.51726 0.38617 0.52227 0.38111 0.52707 0.36242 0.53290 0.33304 0.53500 0.31245 0.53723 0.29028 0.53694 0.27318 0.53456 0.25616 0.52651 0.25418 0.51210 0.25192 0.48225 0.24451 0.45742 0.23683 0.44195 0.26390 0.42681 0.30010 0.41958 0.32732 0.41733 0.34762 0.41828 0.35228 0.42824 0.36346 0.43597 0.36596 0.44508 0.37051 0.45560 0.37573 0.45893 0.37564
4 0.28047 0.51498 0.29177 0.50243 0.29920 0.47869 0.30568 0.46780 0.31563 0.45879 0.32519 0.45584 0.32880 0.44587 0.32513 0.43512 0.31801 0.43360 0.30536 0.44127 0.29990 0.43896 0.29374 0.43151 0.28706 0.42511 0.27759 0.42348 0.26642 0.42839 0.26131 0.43421 0.25795 0.43618 0.24463 0.46786 0.23882 0.48542 0.23453 0.50138 0.23609 0.52625 0.23701 0.54447 0.24433 0.55753 0.24881 0.55887 0.26295 0.53158 0.28047 0.51498
4 0.42139 0.51713 0.42482 0.50099 0.42993 0.49095 0.42880 0.48649 0.41808 0.48229 0.40073 0.47707 0.38641 0.47441 0.37634 0.46997 0.36854 0.47023 0.36277 0.46939 0.36000 0.47263 0.35460 0.48261 0.35182 0.49429 0.35183 0.50963 0.35482 0.53481 0.35846 0.57930 0.36044 0.59659 0.37087 0.60917 0.38278 0.60633 0.39090 0.59617 0.40055 0.57598 0.40769 0.55218 0.41637 0.54214 0.42139 0.51713
4 0.33931 0.54206 0.34946 0.51814 0.35245 0.50688 0.35145 0.49478 0.35482 0.48170 0.36050 0.47178 0.36404 0.46851 0.35801 0.45974 0.35272 0.45707 0.34811 0.45268 0.32097 0.45763 0.31584 0.45922 0.30669 0.46725 0.29624 0.48420 0.29270 0.50224 0.29194 0.51703 0.28855 0.54277 0.28539 0.57585 0.28817 0.59638 0.29687 0.60590 0.30793 0.60288 0.32322 0.58274 0.33931 0.54206
4 0.73910 0.56475 0.73680 0.54642 0.72940 0.53552 0.71943 0.53181 0.71546 0.53203 0.70560 0.53366 0.69851 0.53881 0.69009 0.54342 0.68388 0.54635 0.67974 0.55027 0.67871 0.56682 0.67318 0.59574 0.67831 0.60563 0.68451 0.62319 0.69494 0.64218 0.70329 0.65834 0.71079 0.66392 0.71694 0.66124 0.72588 0.64157 0.73491 0.61952 0.73776 0.60122 0.73910 0.56475
4 0.36540 0.33126 0.37475 0.33298 0.38263 0.33678 0.39228 0.34096 0.40154 0.34214 0.40541 0.33949 0.41047 0.33418 0.41940 0.32622 0.42526 0.30350 0.43512 0.27950 0.42984 0.26639 0.41965 0.23653 0.41514 0.22465 0.40792 0.22366 0.38159 0.21912 0.36479 0.22034 0.35814 0.23411 0.35587 0.24481 0.35188 0.25967 0.34393 0.28542 0.34223 0.29730 0.34430 0.31186 0.34555 0.31958 0.35026 0.32564 0.35675 0.32915 0.36540 0.33126
4 0.82230 0.39378 0.82777 0.38210 0.83238 0.37098 0.83558 0.35946 0.83677 0.35147 0.82623 0.34281 0.81467 0.33779 0.80576 0.33397 0.80097 0.33423 0.79582 0.33892 0.79016 0.37025 0.78294 0.39311 0.77991 0.39815 0.78040 0.40210 0.78692 0.41088 0.79621 0.41916 0.80002 0.42158 0.80455 0.42254 0.80863 0.41977 0.81345 0.41352 0.81626 0.40930 0.81965 0.40231 0.82230 0.39378
4 0.32329 0.31645 0.34337 0.30660 0.34272 0.29607 0.34378 0.28618 0.34912 0.26788 0.35388 0.25424 0.35168 0.24418 0.35149 0.22657 0.34825 0.21949 0.33308 0.22078 0.31081 0.22245 0.29812 0.22188 0.29022 0.24444 0.28434 0.26236 0.28301 0.28711 0.28395 0.29823 0.28526 0.31156 0.28818 0.32310 0.28992 0.32560 0.29753 0.32482 0.30910 0.32195 0.32329 0.31645
4 0.75625 0.51407 0.74417 0.51374 0.73447 0.51615 0.72255 0.52320 0.71737 0.53030 0.72338 0.53277 0.73008 0.53567 0.73738 0.54681 0.73925 0.56255 0.73708 0.60427 0.74249 0.61500 0.75182 0.62594 0.76210 0.62780 0.77020 0.61418 0.77644 0.58483 0.77866 0.55686 0.77728 0.53068 0.77511 0.51520 0.76657 0.51690 0.75625 0.51407
4 0.65653 0.40115 0.67060 0.40031 0.67761 0.40116 0.68085 0.39993 0.69225 0.39884 0.70097 0.39750 0.70550 0.39367 0.71370 0.38199 0.71834 0.37179 0.72162 0.35523 0.72394 0.33143 0.72583 0.31554 0.72535 0.29562 0.70770 0.28995 0.69264 0.28611 0.67726 0.28029 0.67162 0.28228 0.65896 0.29749 0.64755 0.31616 0.64303 0.32574 0.64187 0.34403 0.64025 0.35870 0.63505 0.38316 0.63221 0.39183 0.63588 0.39325 0.64395 0.39848 0.65653 0.40115
4 0.24316 0.47088 0.25713 0.43742 0.26852 0.42719 0.27995 0.42386 0.28875 0.42727 0.29382 0.43142 0.28637 0.42025 0.27763 0.40957 0.26976 0.40176 0.26313 0.39651 0.25687 0.39518 0.24948 0.39630 0.23314 0.39896 0.21719 0.42778 0.20896 0.45250 0.20451 0.47341 0.20293 0.48227 0.20243 0.49022 0.20767 0.50476 0.21236 0.50652 0.22451 0.49837 0.23700 0.49143 0.24316 0.47088
4 0.56488 0.67339 0.57265 0.67185 0.58401 0.65828 0.59502 0.63665 0.61646 0.58635 0.62666 0.55976 0.62823 0.53879 0.62550 0.53022 0.62059 0.52412 0.61259 0.52481 0.60174 0.52330 0.59419 0.52383 0.58385 0.52190 0.57327 0.52205 0.56491 0.52346 0.56032 0.52462 0.55791 0.52917 0.55994 0.53519 0.55894 0.54377 0.55496 0.55570 0.54836 0.57214 0.55030 0.58054 0.55218 0.60571 0.55451 0.63950 0.55631 0.66118 0.55780 0.66976 0.56488 0.67339
4 0.54816 0.40209 0.56523 0.40699 0.57986 0.40819 0.59933 0.40881 0.60628 0.40645 0.61502 0.40735 0.62320 0.40621 0.63026 0.39749 0.63472 0.38470 0.64140 0.35096 0.64277 0.33400 0.64231 0.31280 0.64256 0.29880 0.64122 0.27358 0.63004 0.27249 0.62059 0.27144 0.60697 0.27365 0.59100 0.27058 0.58021 0.26765 0.56109 0.26422 0.55694 0.26622 0.54897 0.27922 0.53941 0.30084 0.53502 0.31333 0.53326 0.32861 0.52801 0.35914 0.52448 0.37692 0.52357 0.38472 0.52592 0.38649 0.52879 0.39286 0.54816 0.40209
4 0.50568 0.65815 0.51561 0.64161 0.53014 0.61700 0.54789 0.57337 0.55380 0.55626 0.55800 0.54623 0.55988 0.53545 0.55769 0.53019 0.55124 0.52748 0.53455 0.52527 0.52561 0.52257 0.51369 0.52030 0.50630 0.52006 0.49478 0.52267 0.49075 0.52608 0.48594 0.54290 0.48411 0.55343 0.48429 0.57690 0.48618 0.60207 0.48767 0.62130 0.48733 0.64625 0.49112 0.65665 0.49782 0.66207 0.50568 0.65815
4 0.28315 0.29034 0.28343 0.28028 0.28465 0.26190 0.28653 0.25404 0.29006 0.24520 0.29404 0.23034 0.28560 0.21949 0.27232 0.22359 0.26311 0.22509 0.25349 0.22758 0.24864 0.24066 0.24752 0.26439 0.24663 0.27539 0.24986 0.29525 0.25237 0.29897 0.25541 0.30122 0.26269 0.30197 0.27172 0.29936 0.27754 0.29634 0.28315 0.29034
4 0.48083 0.55912 0.48702 0.53780 0.49119 0.52111 0.49008 0.51661 0.48634 0.51182 0.48026 0.50734 0.45993 0.50088 0.44464 0.49497 0.43044 0.48982 0.42495 0.50011 0.41644 0.54304 0.41965 0.56103 0.41990 0.58319 0.41943 0.60972 0.42231 0.62338 0.42711 0.62999 0.43786 0.63095 0.45017 0.62265 0.46080 0.59987 0.47311 0.57506 0.48083 0.55912
4 0.67921 0.56640 0.68007 0.55167 0.67729 0.54043 0.67373 0.53381 0.66865 0.52954 0.66061 0.52942 0.65588 0.52735 0.65055 0.52516 0.64649 0.52483 0.64086 0.52602 0.63629 0.52612 0.63193 0.52333 0.62827 0.52202 0.62583 0.52283 0.62302 0.52729 0.62555 0.52996 0.62842 0.53883 0.62697 0.55929 0.61622 0.58843 0.62125 0.61826 0.62669 0.63646 0.63221 0.66107 0.63846 0.67545 0.64657 0.67424 0.65961 0.65571 0.66687 0.63222 0.66948 0.61120 0.67325 0.59150 0.67921 0.56640
