4 0.74992 0.39918 0.75763 0.39876 0.75911 0.39865 0.76279 0.39819 0.76909 0.38522 0.77467 0.37338 0.78025 0.35112 0.78273 0.32653 0.78342 0.31116 0.76705 0.30728 0.75309 0.30027 0.74107 0.29511 0.73039 0.28919 0.72096 0.30396 0.71186 0.31815 0.71067 0.34229 0.70878 0.35749 0.70560 0.36620 0.71215 0.37185 0.71878 0.38572 0.72287 0.38977 0.73532 0.39531 0.74992 0.39918
4 0.45035 0.37880 0.45764 0.38220 0.47544 0.38628 0.49150 0.38538 0.50389 0.38580 0.50928 0.38525 0.51392 0.37985 0.51740 0.36087 0.52118 0.33115 0.52183 0.31046 0.52251 0.28820 0.52103 0.27115 0.51747 0.25434 0.50929 0.25293 0.49477 0.25168 0.46447 0.24637 0.43917 0.24044 0.42562 0.26853 0.41305 0.30569 0.40773 0.33336 0.40690 0.35376 0.40818 0.35834 0.41889 0.36880 0.42677 0.37076 0.43618 0.37465 0.44704 0.37913 0.45035 0.37880
4 0.28205 0.53025 0.29245 0.51694 0.29820 0.49275 0.30390 0.48143 0.31320 0.47175 0.32253 0.46814 0.32544 0.45794 0.32103 0.44747 0.31382 0.44646 0.30174 0.45499 0.29613 0.45306 0.28947 0.44607 0.28236 0.44015 0.27279 0.43918 0.26199 0.44486 0.25730 0.45102 0.25408 0.45322 0.24301 0.48575 0.23844 0.50367 0.23527 0.51989 0.23857 0.54460 0.24075 0.56271 0.24897 0.57523 0.25353 0.57625 0.26572 0.54804 0.28205 0.53025
4 0.42278 0.52257 0.42508 0.50623 0.42947 0.49586 0.42803 0.49149 0.41704 0.48805 0.39937 0.48405 0.38490 0.48240 0.37455 0.47867 0.36679 0.47947 0.36097 0.47904 0.35843 0.48247 0.35374 0.49279 0.35178 0.50464 0.35287 0.51994 0.35760 0.54485 0.36434 0.58898 0.36752 0.60609 0.37880 0.61791 0.39049 0.61425 0.39787 0.60354 0.40609 0.58273 0.41156 0.55849 0.41952 0.54787 0.42278 0.52257
4 0.34264 0.55317 0.35109 0.52859 0.35329 0.51716 0.35144 0.50516 0.35390 0.49187 0.35887 0.48158 0.36218 0.47807 0.35555 0.46974 0.35008 0.46745 0.34518 0.46339 0.31845 0.47022 0.31344 0.47217 0.30487 0.48081 0.29563 0.49845 0.29336 0.51669 0.29363 0.53150 0.29205 0.55742 0.29120 0.59063 0.29541 0.61092 0.30475 0.61981 0.31557 0.61603 0.32943 0.59487 0.34264 0.55317
4 0.74304 0.54792 0.73946 0.52979 0.73132 0.51944 0.72112 0.51643 0.71717 0.51692 0.70745 0.51924 0.70074 0.52487 0.69266 0.53005 0.68667 0.53342 0.68281 0.53761 0.68293 0.55420 0.67944 0.58343 0.68525 0.59293 0.69265 0.61002 0.70438 0.62824 0.71384 0.64377 0.72171 0.64882 0.72766 0.64571 0.73520 0.62547 0.74267 0.60284 0.74424 0.58439 0.74304 0.54792
4 0.35396 0.34106 0.36341 0.34212 0.37153 0.34537 0.38145 0.34886 0.39077 0.34939 0.39445 0.34648 0.39912 0.34083 0.40747 0.33227 0.41174 0.30919 0.41990 0.28456 0.41372 0.27186 0.40147 0.24278 0.39614 0.23124 0.38887 0.23076 0.36228 0.22806 0.34561 0.23045 0.33994 0.24465 0.33842 0.25549 0.33548 0.27059 0.32934 0.29683 0.32847 0.30880 0.33156 0.32318 0.33335 0.33079 0.33846 0.33651 0.34518 0.33956 0.35396 0.34106
4 0.81410 0.37156 0.81875 0.35952 0.82257 0.34811 0.82495 0.33640 0.82559 0.32835 0.81448 0.32044 0.80259 0.31623 0.79344 0.31305 0.78868 0.31364 0.78387 0.31868 0.78040 0.35033 0.77480 0.37363 0.77212 0.37887 0.77289 0.38278 0.78001 0.39108 0.78985 0.39870 0.79382 0.40084 0.79841 0.40149 0.80228 0.39844 0.80665 0.39186 0.80916 0.38746 0.81206 0.38025 0.81410 0.37156
4 0.31092 0.32922 0.33026 0.31800 0.32887 0.30754 0.32925 0.29760 0.33330 0.27897 0.33709 0.26503 0.33420 0.25515 0.33278 0.23759 0.32905 0.23075 0.31401 0.23310 0.29191 0.23632 0.27921 0.23664 0.27290 0.25969 0.26829 0.27799 0.26869 0.30277 0.27041 0.31380 0.27263 0.32700 0.27636 0.33830 0.27827 0.34068 0.28580 0.33937 0.29714 0.33570 0.31092 0.32922
4 0.75661 0.49616 0.74453 0.49667 0.73503 0.49975 0.72363 0.50762 0.71895 0.51506 0.72512 0.51711 0.73200 0.51953 0.74007 0.53014 0.74303 0.54570 0.74378 0.58748 0.74992 0.59781 0.76000 0.60807 0.77037 0.60921 0.77751 0.59506 0.78168 0.56534 0.78195 0.53729 0.77875 0.51127 0.77550 0.49597 0.76710 0.49826 0.75661 0.49616
4 0.64925 0.39048 0.66323 0.38865 0.67029 0.38901 0.67343 0.38756 0.68472 0.38568 0.69333 0.38373 0.69759 0.37959 0.70494 0.36737 0.70887 0.35687 0.71098 0.34012 0.71164 0.31622 0.71242 0.30023 0.71055 0.28040 0.69255 0.27598 0.67725 0.27320 0.66150 0.26846 0.65602 0.27084 0.64445 0.28690 0.63437 0.30631 0.63053 0.31619 0.63065 0.33452 0.63005 0.34927 0.62657 0.37403 0.62434 0.38287 0.62810 0.38403 0.63652 0.38869 0.64925 0.39048
4 0.24175 0.48887 0.25335 0.45452 0.26400 0.44351 0.27517 0.43940 0.28419 0.44218 0.28954 0.44597 0.28133 0.43534 0.27186 0.42530 0.26347 0.41806 0.25649 0.41329 0.25015 0.41240 0.24286 0.41403 0.22674 0.41782 0.21284 0.44768 0.20635 0.47291 0.20338 0.49408 0.20241 0.50304 0.20247 0.51100 0.20872 0.52514 0.21352 0.52657 0.22507 0.51759 0.23705 0.50980 0.24175 0.48887
4 0.57682 0.66844 0.58446 0.66636 0.59485 0.65204 0.60432 0.62969 0.62220 0.57802 0.63052 0.55078 0.63062 0.52975 0.62730 0.52139 0.62198 0.51564 0.61404 0.51690 0.60312 0.51615 0.59562 0.51720 0.58517 0.51600 0.57463 0.51688 0.56639 0.51888 0.56189 0.52035 0.55980 0.52506 0.56224 0.53092 0.56185 0.53955 0.55871 0.55173 0.55327 0.56860 0.55579 0.57684 0.55943 0.60182 0.56411 0.63535 0.56742 0.65686 0.56950 0.66531 0.57682 0.66844
4 0.54121 0.39897 0.55858 0.40267 0.57326 0.40284 0.59272 0.40210 0.59950 0.39926 0.60828 0.39955 0.61636 0.39785 0.62280 0.38865 0.62635 0.37558 0.63065 0.34146 0.63084 0.32444 0.62891 0.30333 0.62818 0.28934 0.62508 0.26428 0.61385 0.26397 0.60435 0.26358 0.59092 0.26674 0.57478 0.26479 0.56381 0.26262 0.54449 0.26054 0.54050 0.26281 0.53345 0.27635 0.52542 0.29858 0.52191 0.31134 0.52123 0.32671 0.51812 0.35752 0.51584 0.37551 0.51547 0.38335 0.51794 0.38496 0.52124 0.39111 0.54121 0.39897
4 0.51670 0.65736 0.52545 0.64018 0.53823 0.61462 0.55289 0.56986 0.55760 0.55237 0.56109 0.54207 0.56221 0.53118 0.55966 0.52609 0.55303 0.52384 0.53623 0.52280 0.52712 0.52073 0.51507 0.51930 0.50768 0.51957 0.49638 0.52298 0.49259 0.52666 0.48896 0.54377 0.48788 0.55440 0.48969 0.57781 0.49333 0.60279 0.49616 0.62186 0.49756 0.64678 0.50206 0.65689 0.50913 0.66182 0.51670 0.65736
4 0.26905 0.30598 0.26863 0.29592 0.26856 0.27750 0.26989 0.26953 0.27280 0.26047 0.27573 0.24536 0.26655 0.23513 0.25360 0.24014 0.24451 0.24229 0.23508 0.24544 0.23116 0.25882 0.23170 0.28257 0.23158 0.29361 0.23618 0.31319 0.23895 0.31674 0.24214 0.31877 0.24946 0.31900 0.25828 0.31577 0.26387 0.31235 0.26905 0.30598
4 0.48500 0.56032 0.48969 0.53861 0.49268 0.52167 0.49126 0.51726 0.48720 0.51275 0.48082 0.50870 0.46009 0.50368 0.44443 0.49885 0.42990 0.49470 0.42514 0.50534 0.41965 0.54876 0.42410 0.56649 0.42590 0.58857 0.42728 0.61507 0.43111 0.62850 0.43635 0.63476 0.44715 0.63496 0.45885 0.62582 0.46786 0.60236 0.47841 0.57675 0.48500 0.56032
4 0.68340 0.55374 0.68323 0.53898 0.67968 0.52796 0.67567 0.52161 0.67030 0.51770 0.66227 0.51815 0.65740 0.51642 0.65194 0.51459 0.64787 0.51455 0.64233 0.51614 0.63778 0.51655 0.63323 0.51407 0.62950 0.51302 0.62711 0.51400 0.62462 0.51865 0.62734 0.52113 0.63082 0.52977 0.63079 0.55029 0.62211 0.58011 0.62921 0.60952 0.63590 0.62729 0.64312 0.65146 0.65036 0.66536 0.65837 0.66360 0.67008 0.64420 0.67569 0.62026 0.67682 0.59911 0.67922 0.57919 0.68340 0.55374
