4 0.67080 0.70121 0.67253 0.64351 0.67259 0.58389 0.66871 0.55935 0.62334 0.57310 0.57903 0.58066 0.54672 0.58250 0.52361 0.58670 0.52511 0.58975 0.53391 0.64960 0.53943 0.66514 0.56620 0.72051 0.59952 0.77648 0.61031 0.78462 0.62225 0.78710 0.63668 0.78810 0.65444 0.77161 0.66520 0.73874 0.67080 0.70121
4 0.41246 0.69930 0.39757 0.61044 0.38754 0.61400 0.36982 0.60762 0.31645 0.61541 0.28699 0.60695 0.27073 0.58919 0.26303 0.57662 0.29054 0.69630 0.32000 0.80254 0.33261 0.82811 0.34866 0.84197 0.36867 0.84734 0.38275 0.83592 0.39523 0.81950 0.40150 0.78701 0.40639 0.72783 0.41246 0.69930
4 0.88366 0.48167 0.86545 0.47996 0.85336 0.49107 0.83609 0.50299 0.82716 0.50834 0.82192 0.51901 0.84133 0.59010 0.85421 0.64056 0.85906 0.66604 0.89465 0.69519 0.94566 0.75995 0.97719 0.79434 0.99068 0.78170 0.98927 0.74452 0.97713 0.67819 0.95302 0.59800 0.92459 0.53688 0.90110 0.49663 0.88366 0.48167
4 0.29026 0.69602 0.26114 0.57134 0.25622 0.58919 0.25078 0.59858 0.24464 0.60611 0.22536 0.61048 0.20928 0.61959 0.19178 0.62236 0.17349 0.62263 0.15389 0.61983 0.13898 0.62088 0.14079 0.62716 0.16758 0.73710 0.19131 0.82522 0.21339 0.85913 0.23500 0.86949 0.25079 0.86109 0.26920 0.83323 0.28096 0.77887 0.29207 0.73839 0.29510 0.71887 0.29026 0.69602
4 0.51602 0.75935 0.52290 0.70813 0.52647 0.67703 0.53110 0.65806 0.52235 0.59564 0.52080 0.58586 0.50940 0.58175 0.49962 0.56825 0.49279 0.54837 0.49080 0.55188 0.49183 0.57268 0.48622 0.58350 0.48280 0.58823 0.46186 0.59429 0.43880 0.59703 0.42149 0.60387 0.40630 0.60446 0.39809 0.60803 0.39693 0.61141 0.40451 0.65031 0.41253 0.69917 0.42178 0.72004 0.43977 0.75502 0.45799 0.77538 0.47688 0.78924 0.48382 0.79908 0.49851 0.79357 0.50822 0.78337 0.51602 0.75935
4 0.82506 0.18932 0.80456 0.18217 0.82368 0.25097 0.85033 0.35259 0.86284 0.41676 0.86419 0.43639 0.88746 0.46105 0.90857 0.47945 0.92981 0.49498 0.95645 0.49643 0.98161 0.48489 0.99287 0.46704 0.99784 0.44702 0.93744 0.06566 0.92090 0.06452 0.89862 0.08317 0.87694 0.10928 0.85713 0.13982 0.84264 0.17803 0.82506 0.18932
4 0.00000 0.53231 0.01891 0.65060 0.02307 0.65088 0.04426 0.65130 0.07370 0.63341 0.09585 0.61015 0.10883 0.57666 0.10439 0.55295 0.09632 0.49091 0.07825 0.34351 0.06365 0.34393 0.04630 0.33440 0.01829 0.30576 0.00000 0.28683 0.00000 0.53231
4 0.28461 0.60431 0.31647 0.61502 0.34440 0.61125 0.37104 0.60965 0.38666 0.61309 0.40514 0.60622 0.42233 0.60415 0.43991 0.59678 0.46784 0.59301 0.48274 0.58804 0.49120 0.57358 0.49168 0.55024 0.48086 0.49251 0.45802 0.34059 0.44991 0.28937 0.43510 0.26022 0.41433 0.23201 0.38204 0.20825 0.34510 0.19113 0.32269 0.18089 0.28758 0.17792 0.26802 0.18561 0.25355 0.20234 0.23700 0.22137 0.22833 0.24637 0.22730 0.26557 0.22590 0.29794 0.23335 0.42474 0.24731 0.53344 0.26645 0.58225 0.28461 0.60431
4 0.20930 0.62178 0.22442 0.61230 0.24350 0.60613 0.25481 0.59725 0.26176 0.57016 0.24673 0.53080 0.23588 0.45613 0.22877 0.35566 0.22582 0.29076 0.22695 0.27011 0.21380 0.26117 0.20086 0.24432 0.17637 0.23481 0.15560 0.23337 0.13235 0.23784 0.10552 0.24445 0.08792 0.26299 0.08287 0.28978 0.07955 0.33677 0.08856 0.43378 0.10322 0.54487 0.10953 0.57508 0.12239 0.60719 0.13579 0.62082 0.15536 0.62087 0.17482 0.62330 0.19510 0.62167 0.20930 0.62178
4 0.15590 0.77443 0.17087 0.75411 0.13939 0.62206 0.13124 0.61655 0.12298 0.60737 0.10902 0.57631 0.10275 0.59602 0.09089 0.61746 0.06208 0.64121 0.04364 0.64961 0.01756 0.65023 0.03323 0.74914 0.04640 0.82598 0.07297 0.95484 0.09558 0.94937 0.11750 0.90620 0.14151 0.84664 0.15590 0.77443
4 0.49370 0.55517 0.49970 0.56896 0.50943 0.58113 0.52233 0.58778 0.54710 0.58111 0.58216 0.57943 0.62352 0.57232 0.68474 0.55383 0.70929 0.53300 0.72004 0.50915 0.72169 0.44998 0.71165 0.40252 0.69989 0.34457 0.67094 0.25370 0.65408 0.20912 0.63545 0.16558 0.61511 0.13572 0.58458 0.12119 0.54737 0.12708 0.52737 0.14159 0.50207 0.15599 0.48108 0.17538 0.46360 0.22067 0.45068 0.25391 0.44892 0.28726 0.46481 0.38019 0.48032 0.48925 0.49370 0.55517
4 0.74383 0.52075 0.76780 0.52286 0.78817 0.51766 0.80765 0.51458 0.82016 0.50866 0.84211 0.50059 0.85341 0.49136 0.86329 0.46967 0.86350 0.44011 0.86071 0.40445 0.84255 0.32070 0.82875 0.26186 0.80120 0.16253 0.78281 0.13132 0.76020 0.11980 0.74786 0.11651 0.73126 0.11979 0.70902 0.12856 0.67323 0.16508 0.65966 0.18232 0.66374 0.21580 0.67263 0.25902 0.70175 0.35285 0.72203 0.44742 0.72138 0.49740 0.73058 0.51432 0.74383 0.52075
4 0.82237 0.52090 0.81387 0.51358 0.76664 0.52106 0.74253 0.52015 0.72950 0.51198 0.72094 0.49752 0.71863 0.51273 0.70910 0.53496 0.67928 0.55616 0.67096 0.56535 0.68930 0.63175 0.72833 0.67440 0.76955 0.73087 0.81098 0.77628 0.84638 0.80218 0.88048 0.79520 0.87559 0.75503 0.86027 0.66452 0.84071 0.58730 0.82237 0.52090
