4 0.58513 0.64292 0.58064 0.62387 0.57796 0.61403 0.57463 0.61118 0.57149 0.61041 0.56747 0.61112 0.56353 0.61340 0.55878 0.61424 0.55646 0.61385 0.54499 0.61614 0.54206 0.61772 0.53932 0.62031 0.53671 0.62474 0.53647 0.62981 0.54187 0.65293 0.54884 0.69032 0.55361 0.70455 0.56273 0.71141 0.57300 0.71304 0.58425 0.70417 0.58610 0.69221 0.58329 0.67948 0.58555 0.66559 0.58513 0.64292
4 0.47604 0.53564 0.47904 0.54516 0.48291 0.55215 0.48477 0.55738 0.49084 0.56080 0.49655 0.56112 0.51538 0.55462 0.51876 0.55244 0.52166 0.53791 0.52061 0.51270 0.51772 0.49311 0.51291 0.47227 0.50642 0.44934 0.50106 0.43600 0.49440 0.43136 0.47772 0.43509 0.47233 0.43551 0.46388 0.43780 0.45393 0.43691 0.44013 0.43987 0.43263 0.44437 0.42859 0.44827 0.43107 0.47400 0.43415 0.49039 0.44255 0.52197 0.44510 0.52469 0.44980 0.52995 0.45436 0.53232 0.46203 0.53414 0.47171 0.53455 0.47409 0.53096 0.47604 0.53564
4 0.45334 0.69578 0.45659 0.67037 0.46048 0.65829 0.45845 0.64357 0.45674 0.62641 0.45265 0.61920 0.44922 0.61075 0.44625 0.60890 0.44188 0.60856 0.43515 0.61035 0.42962 0.61212 0.42479 0.61157 0.42165 0.61162 0.41863 0.61208 0.41673 0.61233 0.41433 0.61453 0.41296 0.61662 0.41243 0.61922 0.41227 0.62208 0.41271 0.62994 0.41439 0.63943 0.41824 0.65912 0.42415 0.69908 0.42999 0.70546 0.43596 0.71049 0.44677 0.71942 0.45028 0.72224 0.45222 0.70868 0.45334 0.69578
4 0.49788 0.68661 0.50136 0.67858 0.49820 0.65745 0.49645 0.64110 0.49532 0.63363 0.49766 0.62343 0.49685 0.61881 0.49033 0.61282 0.47609 0.60686 0.46479 0.60549 0.45902 0.60617 0.45485 0.60823 0.45430 0.61150 0.45669 0.62827 0.45854 0.64620 0.46075 0.66088 0.46296 0.67451 0.47005 0.69548 0.47706 0.70959 0.48426 0.71837 0.48897 0.71833 0.49127 0.70364 0.49788 0.68661
4 0.61995 0.60424 0.61420 0.60156 0.59858 0.60378 0.57957 0.60713 0.57624 0.60957 0.57760 0.61409 0.58722 0.65048 0.59423 0.66459 0.59762 0.68595 0.60194 0.69339 0.61221 0.69925 0.62683 0.69244 0.62643 0.66024 0.62331 0.61370 0.62259 0.60854 0.61995 0.60424
4 0.54122 0.65569 0.53670 0.63003 0.53511 0.62529 0.53183 0.62163 0.52150 0.62398 0.51141 0.62444 0.50319 0.62483 0.49730 0.62561 0.49541 0.63414 0.49670 0.65111 0.50387 0.68000 0.51274 0.70250 0.51944 0.71270 0.52823 0.72411 0.53636 0.72320 0.54276 0.71996 0.54903 0.70853 0.54770 0.69025 0.54122 0.65569
1 0.62920 0.45381 0.62984 0.45149 0.62931 0.44908 0.62870 0.44801 0.62783 0.44787 0.62741 0.44627 0.62626 0.44609 0.62527 0.44700 0.62384 0.45019 0.62302 0.45505 0.62454 0.45654 0.62622 0.45772 0.62771 0.45966 0.62894 0.46099 0.62939 0.45965 0.62863 0.45773 0.62828 0.45574 0.62920 0.45381
4 0.36249 0.57115 0.37009 0.56475 0.37452 0.55650 0.37553 0.55366 0.37948 0.55669 0.39296 0.55459 0.39867 0.55251 0.40153 0.55041 0.40286 0.54724 0.40311 0.53681 0.40212 0.52793 0.40010 0.52082 0.39736 0.50959 0.38606 0.47668 0.38218 0.48162 0.37739 0.48886 0.36638 0.49533 0.35089 0.49567 0.33893 0.49031 0.31900 0.47412 0.30976 0.47015 0.30820 0.47096 0.30856 0.47409 0.31249 0.48885 0.31583 0.50132 0.31953 0.51798 0.32561 0.53636 0.33198 0.54882 0.33463 0.56061 0.34514 0.57607 0.34840 0.57736 0.35475 0.57677 0.36249 0.57115
4 0.69044 0.48109 0.69446 0.47932 0.69703 0.47358 0.70230 0.46392 0.70575 0.44824 0.70413 0.43583 0.70259 0.42605 0.70170 0.41139 0.70186 0.39946 0.70178 0.39260 0.70169 0.39103 0.69955 0.38638 0.69595 0.38304 0.69098 0.38048 0.67808 0.38752 0.67232 0.39329 0.66774 0.40151 0.66088 0.40642 0.66361 0.43795 0.66522 0.46305 0.66570 0.47011 0.67356 0.47084 0.68021 0.47866 0.69044 0.48109
4 0.60258 0.44871 0.60504 0.45409 0.60786 0.46047 0.61160 0.46352 0.61370 0.46791 0.61734 0.47150 0.62013 0.47233 0.62181 0.47335 0.62583 0.47370 0.63044 0.47633 0.63272 0.47645 0.63446 0.47562 0.63766 0.47347 0.63949 0.47420 0.64555 0.48081 0.65134 0.48587 0.65416 0.49119 0.65904 0.49641 0.66466 0.49622 0.66563 0.48573 0.66544 0.46540 0.66438 0.44442 0.66330 0.43297 0.66092 0.40773 0.65916 0.39773 0.65717 0.38856 0.65655 0.37650 0.65770 0.37233 0.65299 0.37237 0.64678 0.37346 0.64248 0.37475 0.63905 0.38197 0.63515 0.39297 0.62773 0.40433 0.62123 0.41129 0.61319 0.41800 0.60249 0.42148 0.59596 0.42395 0.59887 0.42767 0.60086 0.44002 0.60258 0.44871
4 0.53530 0.54794 0.54023 0.54813 0.54667 0.54620 0.55088 0.54545 0.55271 0.54302 0.55714 0.54356 0.56600 0.54041 0.57930 0.53145 0.58055 0.52462 0.58125 0.51471 0.58014 0.49877 0.57860 0.48687 0.57462 0.46641 0.57044 0.45128 0.56458 0.43406 0.56336 0.42713 0.56127 0.42168 0.55672 0.40873 0.55440 0.40517 0.55020 0.40274 0.54541 0.40332 0.54102 0.40727 0.53544 0.41090 0.53054 0.41731 0.52912 0.42312 0.52319 0.44400 0.51864 0.46200 0.51437 0.47624 0.51885 0.49952 0.52092 0.51450 0.52113 0.52848 0.52363 0.53730 0.52727 0.54195 0.53142 0.54624 0.53530 0.54794
