4 0.68237 0.27563 0.68237 0.25891 0.68160 0.25154 0.67271 0.25004 0.66682 0.24682 0.66075 0.24582 0.65749 0.24487 0.65008 0.26102 0.64441 0.27073 0.64559 0.27989 0.64386 0.29368 0.64113 0.30500 0.63526 0.30958 0.64396 0.32177 0.65183 0.33105 0.65857 0.33630 0.66491 0.33930 0.66788 0.33936 0.67293 0.33120 0.67646 0.32457 0.67832 0.31212 0.68197 0.28989 0.68237 0.27563
4 0.53767 0.39387 0.54540 0.39310 0.55084 0.38541 0.55510 0.37626 0.55697 0.35259 0.55543 0.32995 0.55416 0.31961 0.54567 0.31585 0.54395 0.31311 0.53206 0.31081 0.52375 0.30939 0.51725 0.30755 0.51116 0.30567 0.51006 0.30347 0.50678 0.30485 0.50377 0.30771 0.50209 0.31093 0.50070 0.31416 0.49895 0.32498 0.49962 0.33494 0.49996 0.35702 0.50143 0.37623 0.50343 0.37952 0.50748 0.38882 0.51287 0.39796 0.52388 0.39598 0.53767 0.39387
4 0.40602 0.34834 0.40368 0.34055 0.39973 0.33058 0.39703 0.32542 0.39400 0.32165 0.39003 0.31833 0.38897 0.31398 0.38374 0.31791 0.37802 0.32060 0.37503 0.32055 0.37031 0.31876 0.36752 0.31314 0.36669 0.31328 0.36211 0.32744 0.35700 0.35414 0.35405 0.37499 0.35509 0.38677 0.36911 0.38763 0.38584 0.38684 0.39402 0.36206 0.39937 0.35704 0.40424 0.35016 0.40602 0.34834
4 0.44517 0.30154 0.45126 0.30187 0.45613 0.30418 0.46030 0.30336 0.46702 0.30170 0.47077 0.29998 0.47334 0.29735 0.47732 0.29920 0.48086 0.30060 0.48803 0.29850 0.49557 0.29216 0.49847 0.28798 0.50186 0.28135 0.50495 0.27427 0.50460 0.26022 0.50131 0.23586 0.49575 0.22261 0.48449 0.21194 0.47209 0.20726 0.45587 0.20809 0.43611 0.20752 0.42782 0.20604 0.42172 0.20616 0.41316 0.21136 0.40969 0.22311 0.40694 0.24402 0.40759 0.25785 0.41070 0.27575 0.41483 0.28585 0.42129 0.29064 0.42758 0.29610 0.43289 0.29842 0.44103 0.30057 0.44517 0.30154
4 0.59244 0.39021 0.60485 0.38838 0.60848 0.38640 0.61152 0.37550 0.61154 0.34614 0.60982 0.33813 0.60514 0.32968 0.59831 0.32325 0.59153 0.32127 0.58671 0.31606 0.58162 0.31255 0.57536 0.31271 0.56992 0.31773 0.56431 0.31987 0.55971 0.32090 0.55752 0.32551 0.55547 0.32993 0.55615 0.34053 0.55729 0.35300 0.55700 0.36990 0.55847 0.37754 0.56368 0.38469 0.56988 0.39130 0.57892 0.39109 0.59244 0.39021
4 0.52449 0.30955 0.54378 0.31272 0.54563 0.31535 0.55408 0.31948 0.55487 0.31795 0.56034 0.32050 0.56708 0.31856 0.57116 0.31681 0.57632 0.31110 0.57988 0.30431 0.58217 0.29702 0.58367 0.28969 0.58454 0.28403 0.58554 0.27642 0.58673 0.27179 0.58706 0.26818 0.58581 0.26123 0.58311 0.25319 0.58068 0.24464 0.58280 0.23668 0.58450 0.22817 0.58478 0.22200 0.58263 0.21653 0.57879 0.21066 0.57326 0.20671 0.56729 0.20441 0.56143 0.20495 0.55302 0.20855 0.54554 0.21393 0.53664 0.22314 0.52869 0.22915 0.51928 0.24745 0.51358 0.25671 0.51413 0.26662 0.51146 0.27647 0.51054 0.29812 0.51073 0.30438 0.51145 0.30550 0.52449 0.30955
4 0.38346 0.31822 0.38806 0.31458 0.39278 0.31033 0.40355 0.30835 0.40830 0.30828 0.41372 0.30512 0.41678 0.30130 0.41840 0.29715 0.41941 0.29268 0.41936 0.28943 0.41478 0.28579 0.41084 0.27535 0.40757 0.26724 0.39928 0.25734 0.38934 0.24741 0.38278 0.24482 0.37503 0.24530 0.37176 0.24912 0.36803 0.26206 0.36468 0.27655 0.36442 0.29126 0.36517 0.30133 0.36656 0.31095 0.37044 0.31892 0.37495 0.32055 0.37857 0.32014 0.38346 0.31822
4 0.49679 0.37613 0.49829 0.35640 0.49798 0.33252 0.49653 0.32467 0.49221 0.31483 0.48867 0.31064 0.48264 0.30772 0.47816 0.30764 0.47293 0.30820 0.46775 0.30702 0.46556 0.30725 0.46147 0.31017 0.45718 0.30992 0.45219 0.31024 0.44816 0.31297 0.44485 0.31661 0.44273 0.32222 0.44099 0.33065 0.44103 0.34520 0.44030 0.36169 0.44042 0.38014 0.44271 0.38974 0.45585 0.39149 0.46927 0.39367 0.48369 0.39697 0.49096 0.38689 0.49679 0.37613
4 0.42482 0.34424 0.42140 0.34557 0.42047 0.34540 0.41253 0.34480 0.40756 0.34579 0.40460 0.34992 0.39868 0.35787 0.39386 0.36227 0.39003 0.37490 0.38601 0.38613 0.40633 0.38664 0.43468 0.38884 0.44051 0.38012 0.44028 0.36370 0.44035 0.35380 0.43681 0.34924 0.43235 0.34483 0.42947 0.34432 0.42482 0.34424
4 0.34353 0.32325 0.34730 0.32610 0.34926 0.32645 0.35325 0.32218 0.35708 0.32178 0.35990 0.31967 0.36535 0.31496 0.36725 0.31267 0.36675 0.31142 0.36526 0.30211 0.36459 0.29327 0.36441 0.29172 0.36396 0.28242 0.35962 0.27089 0.35226 0.25466 0.35056 0.24565 0.34908 0.24191 0.33809 0.25085 0.32873 0.25472 0.32251 0.25615 0.32328 0.28295 0.32491 0.30806 0.32679 0.31847 0.33042 0.32348 0.33395 0.32788 0.33478 0.32790 0.33615 0.32637 0.33816 0.32362 0.34115 0.32367 0.34353 0.32325
4 0.34027 0.38412 0.34659 0.37680 0.35331 0.36762 0.35548 0.36413 0.35690 0.35375 0.36192 0.32839 0.36506 0.31897 0.36298 0.31726 0.35783 0.32163 0.35299 0.32210 0.34945 0.32613 0.34722 0.32609 0.34381 0.32325 0.33785 0.32388 0.33543 0.32774 0.33468 0.32829 0.33320 0.32770 0.32933 0.32225 0.32808 0.32297 0.32494 0.33276 0.32061 0.34662 0.31880 0.35829 0.31978 0.36555 0.32168 0.37042 0.32610 0.37272 0.32698 0.37924 0.33204 0.38026 0.33719 0.38314 0.34027 0.38412
4 0.60300 0.30122 0.60864 0.30198 0.61291 0.30451 0.61732 0.30704 0.62029 0.30732 0.62631 0.31121 0.63169 0.31152 0.63651 0.30873 0.64099 0.30478 0.64371 0.29368 0.64529 0.27988 0.64385 0.26894 0.64222 0.25977 0.63919 0.24634 0.63582 0.23513 0.63053 0.23147 0.62430 0.23047 0.61490 0.23276 0.60720 0.23976 0.59867 0.25165 0.59255 0.26157 0.58877 0.26552 0.58732 0.27151 0.58738 0.27687 0.58838 0.27889 0.58998 0.28940 0.59360 0.29503 0.59993 0.30049 0.60300 0.30122
4 0.61435 0.37344 0.62840 0.37875 0.63294 0.37898 0.63833 0.37768 0.64158 0.37480 0.64373 0.36369 0.64347 0.35502 0.64094 0.34041 0.63819 0.32659 0.63578 0.31680 0.63424 0.31042 0.63225 0.31163 0.62608 0.31105 0.62025 0.30755 0.61767 0.30750 0.60848 0.30192 0.60312 0.30136 0.59953 0.30053 0.59693 0.29844 0.59455 0.30467 0.59201 0.31027 0.59083 0.31643 0.59035 0.31947 0.59139 0.32164 0.59859 0.32329 0.60533 0.32969 0.61006 0.33837 0.61155 0.34641 0.61435 0.37344
2 0.39011 0.29658 0.38670 0.29299 0.38483 0.28682 0.38369 0.28123 0.38225 0.27842 0.37900 0.28003 0.37561 0.28295 0.37188 0.29050 0.37058 0.30162 0.37278 0.31039 0.37573 0.31862 0.37917 0.32016 0.38454 0.31747 0.38783 0.31381 0.39161 0.30998 0.39210 0.30330 0.39011 0.29658
