4 0.66208 0.33645 0.66505 0.33645 0.66996 0.32820 0.67337 0.32152 0.67501 0.30903 0.67828 0.28675 0.67843 0.27248 0.67813 0.25576 0.67724 0.24840 0.66832 0.24707 0.66238 0.24395 0.65628 0.24305 0.65302 0.24216 0.64588 0.25843 0.64038 0.26824 0.64172 0.27738 0.64024 0.29120 0.63771 0.30257 0.63192 0.30725 0.64083 0.31929 0.64885 0.32843 0.65569 0.33355 0.66208 0.33645
4 0.49746 0.35705 0.49927 0.37622 0.50132 0.37948 0.50554 0.38870 0.51109 0.39775 0.52206 0.39558 0.53581 0.39322 0.54353 0.39232 0.54884 0.38454 0.55294 0.37532 0.55438 0.35162 0.55245 0.32901 0.55101 0.31870 0.54245 0.31508 0.54068 0.31237 0.52875 0.31027 0.52042 0.30900 0.51388 0.30728 0.50777 0.30550 0.50663 0.30332 0.50337 0.30477 0.50042 0.30768 0.49879 0.31092 0.49746 0.31417 0.49590 0.32503 0.49674 0.33497 0.49746 0.35705
4 0.35313 0.38932 0.36717 0.38993 0.38388 0.38885 0.39163 0.36393 0.39689 0.35882 0.40163 0.35186 0.40339 0.35000 0.40091 0.34226 0.39678 0.33235 0.39400 0.32725 0.39090 0.32353 0.38688 0.32028 0.38574 0.31595 0.38058 0.31997 0.37491 0.32275 0.37192 0.32275 0.36717 0.32105 0.36428 0.31548 0.36345 0.31563 0.35912 0.32988 0.35447 0.35665 0.35190 0.37755 0.35313 0.38932
4 0.40680 0.27734 0.41111 0.28737 0.41765 0.29205 0.42404 0.29740 0.42939 0.29963 0.43756 0.30163 0.44172 0.30253 0.44781 0.30275 0.45272 0.30498 0.45688 0.30408 0.46357 0.30230 0.46728 0.30052 0.46980 0.29785 0.47382 0.29963 0.47738 0.30097 0.48452 0.29873 0.49195 0.29227 0.49477 0.28804 0.49804 0.28135 0.50101 0.27422 0.50042 0.26017 0.49670 0.23588 0.49091 0.22273 0.47947 0.21225 0.46698 0.20779 0.45078 0.20891 0.43102 0.20868 0.42270 0.20735 0.41661 0.20757 0.40814 0.21292 0.40487 0.22473 0.40249 0.24568 0.40338 0.25950 0.40680 0.27734
4 0.55472 0.35202 0.55472 0.36893 0.55633 0.37654 0.56165 0.38360 0.56797 0.39010 0.57701 0.38973 0.59051 0.38862 0.60289 0.38657 0.60648 0.38453 0.60933 0.37357 0.60883 0.34422 0.60698 0.33623 0.60215 0.32787 0.59521 0.32156 0.58840 0.31970 0.58348 0.31457 0.57833 0.31115 0.57208 0.31143 0.56673 0.31654 0.56116 0.31877 0.55658 0.31988 0.55447 0.32453 0.55249 0.32899 0.55336 0.33958 0.55472 0.35202
4 0.50934 0.25651 0.51005 0.26640 0.50755 0.27630 0.50702 0.29797 0.50732 0.30423 0.50805 0.30532 0.52116 0.30915 0.54051 0.31198 0.54240 0.31458 0.55092 0.31857 0.55169 0.31702 0.55720 0.31948 0.56390 0.31742 0.56795 0.31560 0.57302 0.30979 0.57646 0.30295 0.57862 0.29562 0.57999 0.28826 0.58075 0.28259 0.58163 0.27497 0.58273 0.27031 0.58300 0.26670 0.58163 0.25977 0.57879 0.25177 0.57621 0.24327 0.57819 0.23527 0.57974 0.22674 0.57992 0.22056 0.57767 0.21513 0.57373 0.20932 0.56813 0.20547 0.56212 0.20328 0.55627 0.20392 0.54792 0.20767 0.54054 0.21318 0.53180 0.22254 0.52396 0.22869 0.51487 0.24715 0.50934 0.25651
4 0.36080 0.29365 0.36173 0.30372 0.36328 0.31331 0.36730 0.32121 0.37184 0.32275 0.37545 0.32229 0.38030 0.32028 0.38485 0.31657 0.38949 0.31223 0.40022 0.31006 0.40497 0.30991 0.41033 0.30666 0.41333 0.30279 0.41487 0.29861 0.41580 0.29412 0.41570 0.29087 0.41106 0.28731 0.40693 0.27694 0.40352 0.26889 0.39506 0.25913 0.38495 0.24938 0.37834 0.24691 0.37060 0.24752 0.36740 0.25140 0.36390 0.26440 0.36080 0.27895 0.36080 0.29365
4 0.43833 0.38120 0.44079 0.39075 0.45396 0.39227 0.46742 0.39423 0.48189 0.39727 0.48898 0.38707 0.49463 0.37621 0.49578 0.35645 0.49506 0.33258 0.49347 0.32476 0.48898 0.31500 0.48537 0.31087 0.47929 0.30805 0.47480 0.30805 0.46959 0.30870 0.46438 0.30761 0.46220 0.30788 0.45816 0.31087 0.45387 0.31070 0.44888 0.31110 0.44490 0.31390 0.44166 0.31760 0.43963 0.32324 0.43804 0.33171 0.43833 0.34625 0.43790 0.36275 0.43833 0.38120
4 0.43842 0.38117 0.43791 0.36477 0.43780 0.35486 0.43419 0.35037 0.42965 0.34604 0.42676 0.34557 0.42212 0.34557 0.41871 0.34697 0.41778 0.34681 0.40984 0.34635 0.40488 0.34743 0.40200 0.35161 0.39622 0.35966 0.39147 0.36415 0.38786 0.37684 0.38404 0.38814 0.40437 0.38830 0.43275 0.39000 0.43842 0.38117
4 0.32737 0.32647 0.33098 0.33080 0.33180 0.33080 0.33314 0.32926 0.33510 0.32647 0.33810 0.32647 0.34047 0.32601 0.34429 0.32879 0.34625 0.32910 0.35017 0.32477 0.35399 0.32430 0.35678 0.32214 0.36214 0.31734 0.36400 0.31502 0.36348 0.31378 0.36183 0.30449 0.36101 0.29567 0.36080 0.29412 0.36018 0.28483 0.35564 0.27338 0.34800 0.25728 0.34615 0.24830 0.34460 0.24458 0.33376 0.25372 0.32447 0.25774 0.31828 0.25929 0.31952 0.28607 0.32158 0.31115 0.32365 0.32152 0.32737 0.32647
4 0.31746 0.36872 0.31945 0.37355 0.32390 0.37578 0.32490 0.38228 0.32997 0.38321 0.33517 0.38600 0.33827 0.38692 0.34446 0.37949 0.35102 0.37020 0.35313 0.36668 0.35437 0.35628 0.35895 0.33083 0.36192 0.32135 0.35982 0.31968 0.35474 0.32414 0.34991 0.32470 0.34644 0.32878 0.34421 0.32878 0.34075 0.32600 0.33480 0.32674 0.33245 0.33064 0.33170 0.33120 0.33022 0.33064 0.32626 0.32525 0.32502 0.32600 0.32205 0.33584 0.31796 0.34977 0.31635 0.36147 0.31746 0.36872
4 0.58332 0.27003 0.58347 0.27538 0.58451 0.27738 0.58630 0.28786 0.59001 0.29343 0.59643 0.29878 0.59952 0.29945 0.60517 0.30012 0.60948 0.30257 0.61393 0.30502 0.61691 0.30525 0.62300 0.30903 0.62838 0.30925 0.63315 0.30638 0.63756 0.30235 0.64009 0.29120 0.64143 0.27738 0.63979 0.26646 0.63801 0.25732 0.63474 0.24395 0.63117 0.23280 0.62582 0.22923 0.61958 0.22834 0.61022 0.23080 0.60264 0.23793 0.59432 0.24997 0.58837 0.26000 0.58466 0.26401 0.58332 0.27003
4 0.58719 0.31792 0.58827 0.32007 0.59549 0.32160 0.60234 0.32788 0.60722 0.33647 0.60885 0.34449 0.61212 0.37146 0.62627 0.37652 0.63081 0.37668 0.63617 0.37529 0.63937 0.37235 0.64133 0.36120 0.64092 0.35253 0.63813 0.33798 0.63514 0.32420 0.63256 0.31445 0.63091 0.30810 0.62895 0.30935 0.62276 0.30888 0.61688 0.30548 0.61430 0.30548 0.60501 0.30006 0.59964 0.29959 0.59603 0.29882 0.59340 0.29678 0.59113 0.30305 0.58868 0.30870 0.58761 0.31488 0.58719 0.31792
2 0.37258 0.32082 0.37605 0.32230 0.38138 0.31952 0.38460 0.31580 0.38831 0.31190 0.38868 0.30521 0.38658 0.29853 0.38311 0.29500 0.38113 0.28887 0.37989 0.28329 0.37840 0.28051 0.37518 0.28218 0.37184 0.28515 0.36825 0.29277 0.36713 0.30391 0.36949 0.31264 0.37258 0.32082
