4 0.28511 0.51075 0.28348 0.48681 0.28471 0.45786 0.28683 0.43985 0.28646 0.42839 0.28054 0.41808 0.27689 0.40772 0.27298 0.40258 0.27073 0.40340 0.26928 0.40968 0.26689 0.42222 0.26423 0.44884 0.26430 0.47229 0.26573 0.50457 0.26909 0.52822 0.27183 0.53573 0.27768 0.54240 0.28412 0.54333 0.29027 0.53723 0.28511 0.51075
4 0.68231 0.55784 0.67577 0.55533 0.66683 0.54461 0.65656 0.52941 0.64774 0.55470 0.64360 0.56115 0.64147 0.56273 0.63800 0.56309 0.63617 0.56503 0.63361 0.60446 0.63458 0.61758 0.65116 0.65030 0.66487 0.67633 0.67256 0.68707 0.68895 0.68003 0.68988 0.66201 0.68944 0.63650 0.68740 0.60540 0.68231 0.55784
4 0.54702 0.58569 0.54564 0.58571 0.53164 0.57996 0.52124 0.58142 0.51415 0.57298 0.51309 0.57219 0.51058 0.57744 0.51694 0.62321 0.52611 0.66109 0.53710 0.68408 0.55452 0.68688 0.56390 0.66668 0.57102 0.64699 0.57571 0.61697 0.57527 0.58181 0.56470 0.58330 0.54702 0.58569
4 0.44220 0.60178 0.44146 0.58442 0.43824 0.58231 0.43116 0.57440 0.42739 0.56578 0.42557 0.56126 0.42358 0.56303 0.41932 0.56809 0.41750 0.57138 0.41593 0.57271 0.41202 0.57256 0.40672 0.57570 0.39834 0.57649 0.38804 0.57515 0.38120 0.57332 0.38222 0.59870 0.38640 0.65552 0.39029 0.67954 0.40027 0.69544 0.41163 0.69980 0.42477 0.68958 0.43186 0.67252 0.43654 0.65073 0.43988 0.62635 0.44220 0.60178
4 0.71373 0.53786 0.70766 0.53672 0.70240 0.53368 0.69754 0.54158 0.69689 0.55222 0.69258 0.55605 0.68281 0.55779 0.68867 0.61865 0.69667 0.63508 0.70617 0.65430 0.71289 0.66887 0.72273 0.67120 0.72937 0.65764 0.73204 0.63133 0.73202 0.60632 0.72386 0.55707 0.71792 0.53935 0.71373 0.53786
4 0.71332 0.53687 0.71962 0.53989 0.72248 0.53640 0.72564 0.51446 0.72891 0.48689 0.72862 0.45813 0.72656 0.43566 0.72352 0.41664 0.72176 0.39947 0.71890 0.39077 0.71125 0.39434 0.70502 0.40758 0.69889 0.42707 0.70025 0.43330 0.70248 0.45327 0.70254 0.48078 0.70406 0.49639 0.70455 0.51264 0.70200 0.53363 0.70790 0.53696 0.71332 0.53687
4 0.53254 0.58019 0.54563 0.58522 0.56361 0.58377 0.57713 0.58089 0.58720 0.57534 0.59603 0.56408 0.59910 0.55181 0.59791 0.52803 0.59430 0.49320 0.58794 0.45842 0.58025 0.43342 0.57181 0.42306 0.56143 0.41537 0.54892 0.41521 0.53894 0.41688 0.53126 0.42114 0.52389 0.42878 0.51640 0.44391 0.51097 0.46202 0.51076 0.49316 0.51118 0.53179 0.51287 0.57116 0.51850 0.57819 0.52106 0.58189 0.53254 0.58019
4 0.60811 0.56271 0.59876 0.55454 0.59612 0.56266 0.58766 0.57531 0.57528 0.58233 0.57553 0.61695 0.59525 0.66194 0.60795 0.68308 0.61971 0.69017 0.62869 0.67725 0.63163 0.65661 0.63373 0.60760 0.63611 0.56483 0.61898 0.56878 0.60811 0.56271
4 0.61935 0.56857 0.63086 0.56653 0.64276 0.56176 0.64789 0.55454 0.65540 0.53213 0.65777 0.51743 0.65418 0.48503 0.64738 0.45363 0.64491 0.44130 0.64035 0.42337 0.63617 0.41331 0.62718 0.41384 0.62321 0.41579 0.61602 0.41966 0.61025 0.43252 0.60328 0.44877 0.59558 0.46654 0.59153 0.47824 0.59605 0.50780 0.59874 0.54715 0.59888 0.55540 0.60927 0.56351 0.61935 0.56857
4 0.44036 0.58565 0.45334 0.58918 0.45960 0.58969 0.46605 0.58896 0.48128 0.58963 0.48874 0.58700 0.49973 0.58368 0.50553 0.58201 0.50965 0.57913 0.51290 0.57250 0.51298 0.55500 0.51111 0.53127 0.50895 0.49098 0.50409 0.46355 0.49745 0.44147 0.48968 0.42597 0.47724 0.41775 0.46430 0.41704 0.45644 0.42030 0.44816 0.42388 0.43734 0.43658 0.43182 0.45481 0.42838 0.47237 0.42604 0.49367 0.42396 0.54186 0.42602 0.56402 0.43058 0.57488 0.44036 0.58565
4 0.74013 0.52753 0.73110 0.52633 0.72477 0.52509 0.72286 0.53548 0.71967 0.54184 0.72413 0.55707 0.73145 0.59791 0.73428 0.60506 0.74464 0.63145 0.75515 0.64882 0.76596 0.64908 0.76958 0.63281 0.77060 0.60578 0.76870 0.58240 0.76225 0.55685 0.75561 0.53761 0.74880 0.52602 0.74013 0.52753
4 0.26562 0.50254 0.26429 0.48599 0.26381 0.45817 0.26494 0.43940 0.26167 0.43164 0.25484 0.42207 0.24858 0.42155 0.24575 0.42660 0.24004 0.44609 0.23936 0.45454 0.24120 0.46451 0.24059 0.47765 0.24054 0.49829 0.24395 0.51448 0.25005 0.52970 0.25904 0.53142 0.26895 0.52624 0.26562 0.50254
4 0.33223 0.56939 0.32593 0.56613 0.31668 0.53815 0.30580 0.54510 0.29886 0.54897 0.29381 0.54606 0.29207 0.54684 0.28479 0.60249 0.28165 0.63743 0.28407 0.66178 0.29189 0.67965 0.30133 0.67611 0.31103 0.64405 0.32402 0.61456 0.32874 0.59834 0.32982 0.57432 0.33223 0.56939
4 0.34134 0.56651 0.35139 0.55758 0.35747 0.54747 0.36420 0.53922 0.36230 0.52581 0.36351 0.49953 0.36531 0.48293 0.36828 0.46224 0.35639 0.43775 0.34353 0.41765 0.33058 0.40412 0.32440 0.40298 0.31944 0.41740 0.31652 0.43933 0.31361 0.47169 0.31301 0.50687 0.31332 0.52449 0.31889 0.54595 0.32456 0.56055 0.32652 0.56552 0.33386 0.56789 0.34134 0.56651
4 0.67591 0.55503 0.68512 0.55768 0.69219 0.55662 0.69690 0.55154 0.69778 0.54246 0.70158 0.53301 0.70457 0.51357 0.70447 0.49607 0.70274 0.48015 0.70225 0.45234 0.69983 0.43268 0.69617 0.41461 0.69244 0.40342 0.68875 0.39505 0.68517 0.39292 0.68186 0.39454 0.67396 0.40781 0.66637 0.42639 0.65608 0.44595 0.64904 0.46046 0.65449 0.48631 0.65752 0.51658 0.65607 0.52880 0.65992 0.53499 0.66806 0.54704 0.67591 0.55503
4 0.28329 0.61137 0.29219 0.54781 0.29239 0.54480 0.28927 0.53810 0.28461 0.54344 0.27808 0.54205 0.27099 0.53692 0.26962 0.52982 0.26460 0.52916 0.25592 0.53306 0.24556 0.55575 0.23913 0.58888 0.23758 0.61442 0.23903 0.64028 0.24277 0.65409 0.24997 0.66522 0.25778 0.65421 0.27058 0.62772 0.27687 0.61598 0.28329 0.61137
4 0.40683 0.57523 0.41178 0.57222 0.41566 0.57265 0.41787 0.57085 0.41975 0.56756 0.42432 0.56205 0.42524 0.55809 0.42423 0.54498 0.42441 0.51997 0.42599 0.49117 0.42746 0.47958 0.42090 0.46188 0.41245 0.44358 0.40405 0.42809 0.39706 0.42165 0.39117 0.41862 0.38284 0.41877 0.37649 0.42513 0.37214 0.43865 0.36876 0.46028 0.36431 0.49162 0.36177 0.52543 0.36504 0.54570 0.37261 0.56120 0.38140 0.57256 0.38869 0.57499 0.39792 0.57627 0.40683 0.57523
4 0.37235 0.56082 0.36537 0.54781 0.36372 0.53921 0.35688 0.54871 0.35180 0.55817 0.34072 0.56812 0.33272 0.56826 0.33031 0.57355 0.32691 0.63702 0.32590 0.66517 0.32978 0.70075 0.33863 0.70659 0.35221 0.69660 0.36348 0.68290 0.37716 0.63539 0.38263 0.61916 0.38106 0.57229 0.37235 0.56082
4 0.30328 0.54638 0.30842 0.54264 0.31645 0.53684 0.31331 0.52406 0.31292 0.50192 0.31358 0.47013 0.31693 0.43255 0.31146 0.42822 0.30398 0.41625 0.29576 0.40426 0.29214 0.40563 0.28771 0.42082 0.28690 0.43386 0.28517 0.45395 0.28374 0.48185 0.28384 0.49722 0.28609 0.51698 0.29158 0.54294 0.29457 0.54523 0.29913 0.54750 0.30328 0.54638
4 0.50579 0.58172 0.49352 0.58532 0.48195 0.58891 0.46840 0.58915 0.46095 0.58980 0.45103 0.58893 0.44440 0.58748 0.44777 0.62129 0.45595 0.66179 0.46467 0.68378 0.47775 0.69684 0.48855 0.68858 0.50013 0.66545 0.51011 0.63010 0.51019 0.59493 0.50957 0.57905 0.50579 0.58172
