4 0.64285 0.53055 0.64462 0.53575 0.65053 0.54842 0.65490 0.55809 0.65987 0.57676 0.66600 0.57892 0.67298 0.58028 0.67397 0.58964 0.67549 0.59188 0.68745 0.59923 0.69125 0.59890 0.69578 0.59075 0.70811 0.56005 0.71759 0.53357 0.72288 0.51863 0.72358 0.50819 0.72671 0.49511 0.72720 0.48130 0.72274 0.46861 0.71698 0.45698 0.71036 0.45475 0.69877 0.46043 0.68846 0.47233 0.68109 0.47741 0.67128 0.47628 0.67129 0.49095 0.66867 0.50438 0.66252 0.50702 0.65557 0.50388 0.64961 0.50526 0.64922 0.51212 0.64852 0.51768 0.64285 0.51854 0.64285 0.53055
4 0.34197 0.42104 0.35091 0.43089 0.35530 0.43081 0.36262 0.42850 0.36583 0.43157 0.37112 0.43304 0.37589 0.43514 0.38304 0.43283 0.38610 0.43715 0.39320 0.44203 0.39656 0.44354 0.39972 0.44380 0.40389 0.44153 0.41125 0.44140 0.41757 0.44192 0.42127 0.44279 0.43021 0.44201 0.44002 0.44184 0.44995 0.43791 0.45322 0.43411 0.45714 0.41778 0.45803 0.39838 0.46138 0.38957 0.46253 0.36454 0.46011 0.34645 0.45203 0.32595 0.44474 0.31014 0.43542 0.29873 0.42364 0.28674 0.38868 0.28360 0.36624 0.28430 0.35352 0.28859 0.34321 0.30097 0.33595 0.32735 0.33179 0.35025 0.33115 0.37402 0.33543 0.39802 0.33775 0.41048 0.34197 0.42104
4 0.42558 0.84740 0.43679 0.83657 0.44191 0.82835 0.45252 0.75313 0.45163 0.73189 0.44944 0.72724 0.44805 0.71788 0.44553 0.70983 0.44265 0.70491 0.43736 0.70228 0.43042 0.70137 0.42705 0.70246 0.42456 0.70523 0.42245 0.70526 0.42080 0.70304 0.41584 0.70041 0.41147 0.69732 0.40927 0.69661 0.40720 0.69750 0.40483 0.69904 0.40280 0.70085 0.40085 0.70126 0.39997 0.69953 0.39907 0.69676 0.39770 0.69478 0.39364 0.69245 0.38847 0.69079 0.38503 0.69147 0.38101 0.69495 0.37812 0.70066 0.37561 0.70758 0.37200 0.72140 0.36990 0.74207 0.36860 0.77836 0.36979 0.81586 0.37525 0.83764 0.37960 0.84570 0.39562 0.84886 0.41864 0.85158 0.42558 0.84740
4 0.66230 0.50614 0.66869 0.50394 0.67053 0.49192 0.67227 0.46584 0.67176 0.45360 0.66767 0.42866 0.66175 0.40766 0.65514 0.39710 0.64953 0.39407 0.63433 0.40267 0.62089 0.41098 0.61201 0.41296 0.60379 0.41936 0.60010 0.42568 0.59744 0.43249 0.59655 0.44840 0.59906 0.46686 0.60016 0.47986 0.60348 0.48554 0.61503 0.49420 0.63239 0.50067 0.64078 0.50417 0.64884 0.50533 0.65612 0.50364 0.66230 0.50614
4 0.54685 0.86341 0.56193 0.85867 0.57345 0.85349 0.58324 0.83579 0.59383 0.81851 0.59199 0.78115 0.58989 0.77794 0.58881 0.77293 0.58680 0.76668 0.58219 0.75306 0.57878 0.74734 0.57330 0.73990 0.56902 0.73771 0.56571 0.73753 0.56234 0.73858 0.55940 0.73952 0.55623 0.73517 0.55225 0.72959 0.54968 0.72737 0.54635 0.72680 0.54223 0.72851 0.54077 0.73018 0.53688 0.73324 0.53426 0.73266 0.53190 0.73057 0.53003 0.72873 0.52719 0.72752 0.52483 0.72543 0.52147 0.72486 0.51682 0.72651 0.51177 0.73024 0.50923 0.73550 0.51590 0.73970 0.52134 0.74771 0.52349 0.75489 0.52794 0.77821 0.52821 0.79352 0.52061 0.83641 0.51875 0.84546 0.53215 0.86008 0.54685 0.86341
4 0.65768 0.56949 0.64672 0.56338 0.64578 0.56790 0.65141 0.60066 0.65599 0.63165 0.66534 0.64634 0.67515 0.64437 0.68795 0.63965 0.70202 0.64975 0.71453 0.65764 0.72393 0.66063 0.72982 0.65107 0.74084 0.62179 0.74826 0.59657 0.75249 0.57810 0.75932 0.54701 0.75403 0.53315 0.74750 0.52110 0.74400 0.52297 0.73741 0.53613 0.72680 0.55028 0.70924 0.55688 0.69860 0.58409 0.69204 0.59905 0.68877 0.59956 0.67472 0.59035 0.67253 0.58094 0.66007 0.57620 0.65768 0.56949
4 0.30399 0.71545 0.29952 0.70031 0.29771 0.69283 0.28949 0.68091 0.28566 0.67766 0.28088 0.67865 0.27361 0.68076 0.26617 0.68960 0.26024 0.70099 0.25020 0.73231 0.24279 0.77783 0.24434 0.80669 0.25138 0.81182 0.26653 0.79992 0.28046 0.77792 0.28739 0.76505 0.29094 0.73947 0.29492 0.72627 0.30399 0.71545
4 0.29772 0.42737 0.30914 0.43017 0.31921 0.42849 0.32381 0.42691 0.32587 0.42425 0.32719 0.41522 0.33251 0.40650 0.32951 0.39155 0.31943 0.35683 0.30902 0.32700 0.30319 0.31847 0.29590 0.31072 0.28748 0.31049 0.26902 0.32620 0.25936 0.35150 0.25078 0.37829 0.24897 0.39558 0.25231 0.41803 0.25909 0.43254 0.27111 0.43383 0.29437 0.42817 0.29772 0.42737
4 0.64974 0.84682 0.65343 0.83482 0.65140 0.80901 0.64924 0.79711 0.64075 0.75709 0.63552 0.74351 0.63140 0.73793 0.62151 0.73637 0.61350 0.73846 0.60750 0.74334 0.60514 0.74772 0.60158 0.76038 0.59799 0.77043 0.59530 0.77721 0.59220 0.78074 0.59414 0.80133 0.59865 0.82253 0.61175 0.84726 0.61956 0.85494 0.63822 0.84941 0.64974 0.84682
4 0.59213 0.37416 0.59665 0.37220 0.60132 0.35805 0.59809 0.32403 0.59130 0.29664 0.58525 0.28142 0.57173 0.27040 0.55899 0.26406 0.53533 0.26541 0.51449 0.26702 0.50506 0.26938 0.50227 0.28005 0.50277 0.29912 0.50685 0.31187 0.51715 0.31856 0.53830 0.33476 0.54780 0.34679 0.55703 0.35288 0.57492 0.36320 0.58486 0.36959 0.59213 0.37416
4 0.25880 0.53647 0.26672 0.50819 0.26776 0.49504 0.25703 0.49561 0.24695 0.49691 0.24552 0.49918 0.23495 0.49674 0.23012 0.50921 0.21882 0.51278 0.21162 0.49827 0.20427 0.46314 0.19590 0.45390 0.18513 0.45184 0.17549 0.47790 0.16462 0.50622 0.16941 0.53991 0.17413 0.55708 0.18064 0.56785 0.18760 0.56885 0.20034 0.56300 0.21221 0.56805 0.22856 0.57639 0.23824 0.57660 0.25072 0.55612 0.25880 0.53647
4 0.49583 0.72880 0.49267 0.72901 0.48935 0.72933 0.48725 0.73010 0.48403 0.73002 0.48316 0.72777 0.48265 0.72281 0.48090 0.71997 0.47958 0.71697 0.47719 0.71550 0.47360 0.71392 0.47104 0.71261 0.46877 0.71341 0.46550 0.71495 0.46114 0.72130 0.45605 0.73140 0.45273 0.73208 0.45282 0.75256 0.44981 0.77241 0.44244 0.82751 0.44586 0.83084 0.45222 0.84349 0.45661 0.85201 0.47184 0.85383 0.48562 0.85646 0.50437 0.85874 0.51453 0.85439 0.51942 0.84154 0.52397 0.81801 0.52780 0.79450 0.52752 0.77835 0.52488 0.76094 0.52335 0.75406 0.52177 0.75015 0.51585 0.74018 0.50967 0.73531 0.50648 0.73700 0.50405 0.73856 0.50101 0.73832 0.49844 0.73157 0.49583 0.72880
4 0.27377 0.45367 0.27595 0.44575 0.27322 0.43417 0.27152 0.43345 0.25931 0.43291 0.25143 0.41579 0.24854 0.39483 0.24905 0.37569 0.23921 0.36686 0.23263 0.36360 0.22610 0.36296 0.21211 0.38159 0.20173 0.40165 0.19844 0.41822 0.20515 0.46500 0.21244 0.49713 0.21903 0.51278 0.22991 0.50921 0.23516 0.49636 0.24406 0.49996 0.25062 0.49009 0.26245 0.46850 0.27377 0.45367
4 0.34833 0.82534 0.35729 0.80357 0.36161 0.79044 0.36917 0.74619 0.37060 0.72680 0.37125 0.72049 0.36802 0.70929 0.36408 0.70036 0.36099 0.69726 0.35665 0.69464 0.35342 0.69323 0.35089 0.69419 0.34860 0.69640 0.34640 0.69895 0.34358 0.69955 0.34146 0.69958 0.33913 0.70088 0.33662 0.70165 0.33416 0.70079 0.33110 0.69922 0.32616 0.70129 0.32250 0.70698 0.31943 0.71190 0.31727 0.71576 0.31541 0.71624 0.31273 0.71426 0.30694 0.71400 0.30371 0.71573 0.29853 0.72140 0.29435 0.72813 0.29053 0.74081 0.28811 0.76111 0.28698 0.77779 0.28837 0.79037 0.29044 0.80789 0.29904 0.82305 0.31009 0.83411 0.33036 0.83781 0.34243 0.83444 0.34833 0.82534
