4 0.66237 0.50985 0.65548 0.50660 0.64950 0.50787 0.64899 0.51472 0.64818 0.52027 0.64250 0.52103 0.64230 0.53304 0.64398 0.53827 0.64966 0.55104 0.65387 0.56078 0.65850 0.57953 0.66460 0.58180 0.67155 0.58328 0.67238 0.59266 0.67386 0.59493 0.68570 0.60248 0.68950 0.60223 0.69417 0.59415 0.70703 0.56367 0.71697 0.53736 0.72252 0.52251 0.72340 0.51209 0.72676 0.49907 0.72749 0.48526 0.72325 0.47250 0.71770 0.46078 0.71112 0.45843 0.69943 0.46390 0.68891 0.47562 0.68146 0.48057 0.67167 0.47927 0.67142 0.49394 0.66857 0.50733 0.66237 0.50985
4 0.34670 0.29826 0.33899 0.32452 0.33443 0.34734 0.33338 0.37110 0.33724 0.39516 0.33934 0.40767 0.34337 0.41830 0.35214 0.42830 0.35653 0.42830 0.36389 0.42611 0.36705 0.42924 0.37231 0.43080 0.37704 0.43299 0.38423 0.43080 0.38721 0.43517 0.39423 0.44017 0.39756 0.44174 0.40072 0.44205 0.40492 0.43986 0.41229 0.43986 0.41860 0.44049 0.42228 0.44143 0.43123 0.44080 0.44105 0.44080 0.45104 0.43705 0.45438 0.43330 0.45858 0.41705 0.45981 0.39766 0.46332 0.38891 0.46490 0.36390 0.46279 0.34577 0.45508 0.32514 0.44806 0.30920 0.43894 0.29764 0.42737 0.28544 0.39247 0.28169 0.37003 0.28200 0.35723 0.28607 0.34670 0.29826
4 0.36377 0.77602 0.36429 0.81354 0.36938 0.83542 0.37359 0.84354 0.38955 0.84698 0.41252 0.85011 0.41953 0.84604 0.43093 0.83542 0.43619 0.82729 0.44811 0.75227 0.44759 0.73101 0.44548 0.72632 0.44426 0.71695 0.44187 0.70885 0.43908 0.70388 0.43384 0.70116 0.42691 0.70013 0.42353 0.70116 0.42099 0.70388 0.41888 0.70388 0.41727 0.70163 0.41236 0.69891 0.40804 0.69575 0.40585 0.69500 0.40377 0.69585 0.40137 0.69735 0.39931 0.69913 0.39735 0.69950 0.39651 0.69775 0.39565 0.69497 0.39431 0.69297 0.39030 0.69056 0.38516 0.68881 0.38171 0.68944 0.37762 0.69285 0.37464 0.69850 0.37201 0.70538 0.36815 0.71913 0.36570 0.73976 0.36377 0.77602
4 0.60372 0.48735 0.61512 0.49620 0.63236 0.50298 0.64069 0.50662 0.64872 0.50793 0.65603 0.50636 0.66217 0.50897 0.66860 0.50688 0.67065 0.49490 0.67284 0.46885 0.67254 0.45661 0.66889 0.43160 0.66334 0.41050 0.65691 0.39982 0.65135 0.39670 0.63601 0.40503 0.62242 0.41311 0.61351 0.41493 0.60518 0.42118 0.60138 0.42743 0.59860 0.43420 0.59743 0.45010 0.59962 0.46859 0.60050 0.48162 0.60372 0.48735
4 0.51904 0.75526 0.52308 0.77866 0.52308 0.79397 0.51474 0.83672 0.51272 0.84573 0.52586 0.86058 0.54050 0.86418 0.55566 0.85969 0.56727 0.85472 0.57737 0.83719 0.58826 0.82010 0.58707 0.78272 0.58503 0.77946 0.58403 0.77444 0.58213 0.76816 0.57776 0.75446 0.57445 0.74867 0.56910 0.74115 0.56486 0.73888 0.56156 0.73865 0.55817 0.73963 0.55522 0.74052 0.55212 0.73612 0.54823 0.73047 0.54570 0.72820 0.54239 0.72757 0.53824 0.72922 0.53674 0.73085 0.53280 0.73385 0.53020 0.73323 0.52787 0.73109 0.52603 0.72922 0.52321 0.72796 0.52089 0.72583 0.51754 0.72520 0.51287 0.72677 0.50775 0.73041 0.50512 0.73562 0.51171 0.73995 0.51702 0.74805 0.51904 0.75526
4 0.69710 0.58754 0.69028 0.60239 0.68700 0.60284 0.67311 0.59339 0.67109 0.58394 0.65872 0.57898 0.65645 0.57223 0.64559 0.56593 0.64458 0.57043 0.64963 0.60329 0.65367 0.63435 0.66276 0.64920 0.67261 0.64740 0.68549 0.64290 0.69937 0.65326 0.71175 0.66136 0.72109 0.66451 0.72715 0.65506 0.73868 0.62597 0.74654 0.60089 0.75109 0.58249 0.75846 0.55153 0.75341 0.53757 0.74710 0.52542 0.74356 0.52722 0.73675 0.54027 0.72589 0.55423 0.70821 0.56053 0.69710 0.58754
4 0.24597 0.80743 0.26133 0.79580 0.27565 0.77405 0.28280 0.76130 0.28680 0.73579 0.29101 0.72266 0.30026 0.71200 0.29606 0.69678 0.29437 0.68927 0.28637 0.67721 0.28259 0.67389 0.27779 0.67479 0.27049 0.67678 0.26289 0.68549 0.25677 0.69678 0.24618 0.72791 0.23798 0.77330 0.23903 0.80218 0.24597 0.80743
4 0.25294 0.37396 0.25083 0.39121 0.25378 0.41372 0.26030 0.42835 0.27230 0.42985 0.29566 0.42460 0.29902 0.42385 0.31039 0.42685 0.32049 0.42535 0.32512 0.42385 0.32722 0.42122 0.32869 0.41222 0.33416 0.40359 0.33143 0.38859 0.32196 0.35370 0.31207 0.32369 0.30639 0.31507 0.29923 0.30719 0.29082 0.30681 0.27209 0.32219 0.26199 0.34732 0.25294 0.37396
4 0.58728 0.78230 0.58887 0.80292 0.59301 0.82420 0.60567 0.84916 0.61335 0.85698 0.63210 0.85177 0.64367 0.84938 0.64756 0.83744 0.64598 0.81161 0.64403 0.79967 0.63624 0.75951 0.63125 0.74583 0.62722 0.74019 0.61736 0.73845 0.60933 0.74041 0.60324 0.74518 0.60080 0.74952 0.59703 0.76212 0.59325 0.77210 0.59045 0.77883 0.58728 0.78230
4 0.52031 0.31889 0.54118 0.33546 0.55047 0.34765 0.55959 0.35390 0.57730 0.36453 0.58712 0.37110 0.59431 0.37578 0.59887 0.37390 0.60378 0.35984 0.60115 0.32577 0.59483 0.29826 0.58905 0.28294 0.57572 0.27169 0.56309 0.26512 0.53942 0.26606 0.51855 0.26731 0.50909 0.26950 0.50610 0.28013 0.50628 0.29920 0.51014 0.31201 0.52031 0.31889
4 0.18644 0.56339 0.19928 0.55776 0.21107 0.56301 0.22727 0.57164 0.23695 0.57201 0.24978 0.55176 0.25820 0.53225 0.26662 0.50412 0.26788 0.49099 0.25715 0.49137 0.24705 0.49249 0.24558 0.49474 0.23505 0.49212 0.23000 0.50450 0.21864 0.50787 0.21170 0.49324 0.20496 0.45798 0.19675 0.44860 0.18602 0.44635 0.17592 0.47224 0.16456 0.50037 0.16877 0.53413 0.17319 0.55138 0.17950 0.56226 0.18644 0.56339
4 0.51165 0.74042 0.50556 0.73544 0.50235 0.73708 0.49989 0.73859 0.49685 0.73830 0.49440 0.73151 0.49183 0.72869 0.48868 0.72884 0.48535 0.72911 0.48323 0.72984 0.48002 0.72971 0.47919 0.72744 0.47876 0.72247 0.47707 0.71960 0.47580 0.71658 0.47343 0.71507 0.46988 0.71343 0.46733 0.71207 0.46505 0.71283 0.46175 0.71431 0.45728 0.72059 0.45202 0.73059 0.44869 0.73122 0.44842 0.75170 0.44506 0.77149 0.43673 0.82646 0.44009 0.82984 0.44623 0.84260 0.45047 0.85120 0.46567 0.85329 0.47940 0.85615 0.49811 0.85876 0.50834 0.85459 0.51345 0.84183 0.51842 0.81838 0.52266 0.79494 0.52266 0.77878 0.52032 0.76133 0.51892 0.75443 0.51740 0.75050 0.51165 0.74042
4 0.21885 0.50787 0.22979 0.50450 0.23526 0.49174 0.24410 0.49549 0.25083 0.48574 0.26304 0.46436 0.27461 0.44973 0.27693 0.44185 0.27440 0.43022 0.27272 0.42947 0.26051 0.42872 0.25294 0.41147 0.25041 0.39046 0.25126 0.37133 0.24158 0.36233 0.23505 0.35895 0.22853 0.35820 0.21422 0.37658 0.20349 0.39646 0.19991 0.41297 0.20580 0.45986 0.21254 0.49212 0.21885 0.50787
4 0.28333 0.78663 0.28510 0.80418 0.29343 0.81949 0.30429 0.83074 0.32449 0.83479 0.33661 0.83164 0.34267 0.82264 0.35202 0.80103 0.35656 0.78798 0.36490 0.74387 0.36666 0.72451 0.36742 0.71821 0.36439 0.70696 0.36060 0.69795 0.35757 0.69480 0.35328 0.69210 0.35007 0.69064 0.34752 0.69156 0.34520 0.69372 0.34295 0.69624 0.34012 0.69679 0.33800 0.69679 0.33565 0.69804 0.33313 0.69877 0.33068 0.69787 0.32765 0.69624 0.32267 0.69823 0.31891 0.70385 0.31576 0.70871 0.31353 0.71254 0.31167 0.71299 0.30901 0.71096 0.30323 0.71060 0.29997 0.71227 0.29470 0.71785 0.29040 0.72451 0.28636 0.73712 0.28359 0.75737 0.28216 0.77403 0.28333 0.78663
