4 0.34901 0.48799 0.35811 0.47147 0.35858 0.46992 0.35528 0.46729 0.35142 0.46247 0.34925 0.45135 0.34835 0.43335 0.35163 0.41623 0.35996 0.39913 0.36634 0.39006 0.36246 0.38055 0.35351 0.37545 0.34234 0.37079 0.33318 0.36733 0.32328 0.36449 0.31833 0.36662 0.31363 0.40392 0.30447 0.44188 0.30168 0.46542 0.30475 0.48894 0.31241 0.50457 0.32663 0.51267 0.32966 0.51021 0.33466 0.50546 0.34355 0.49381 0.34901 0.48799
4 0.49730 0.51277 0.50127 0.51664 0.50662 0.51790 0.51586 0.51970 0.52471 0.51965 0.52854 0.51818 0.53492 0.51876 0.54372 0.52202 0.55309 0.52384 0.55795 0.52390 0.56906 0.52363 0.57469 0.51742 0.57832 0.51238 0.58150 0.50592 0.58406 0.49801 0.58571 0.48728 0.58574 0.47269 0.58569 0.45853 0.58588 0.44618 0.58496 0.43804 0.58463 0.42382 0.57517 0.42773 0.55484 0.42533 0.53279 0.41817 0.51753 0.41630 0.51055 0.43021 0.50418 0.44555 0.50376 0.45145 0.50089 0.46018 0.49865 0.46107 0.49681 0.47508 0.49433 0.48787 0.49114 0.50428 0.49332 0.50669 0.49730 0.51277
4 0.61951 0.53301 0.61036 0.52935 0.60649 0.53071 0.60154 0.53280 0.59873 0.53601 0.60433 0.54344 0.60678 0.55096 0.60608 0.55858 0.60328 0.56978 0.59668 0.58282 0.58368 0.60777 0.59013 0.61489 0.60642 0.62534 0.61800 0.63182 0.62849 0.60521 0.63490 0.58109 0.63781 0.56451 0.63715 0.54700 0.63433 0.53166 0.62986 0.53290 0.61951 0.53301
4 0.54607 0.56544 0.55407 0.54776 0.55603 0.54150 0.55638 0.53516 0.55378 0.52802 0.55164 0.52539 0.54772 0.52507 0.54470 0.52316 0.53614 0.52017 0.52802 0.51948 0.51488 0.51958 0.50276 0.51744 0.49741 0.52149 0.49515 0.52857 0.48738 0.56929 0.48762 0.58017 0.48978 0.58878 0.49973 0.58916 0.51188 0.58887 0.52172 0.59056 0.53132 0.59353 0.53692 0.58445 0.54607 0.56544
4 0.60637 0.55107 0.60481 0.54391 0.59850 0.53539 0.59114 0.52622 0.58908 0.52471 0.58592 0.52277 0.58461 0.51964 0.57862 0.51936 0.57444 0.51810 0.57036 0.52240 0.56611 0.52378 0.55999 0.52414 0.55498 0.52339 0.55277 0.52716 0.55568 0.53193 0.55628 0.53868 0.55459 0.54587 0.54314 0.57217 0.53932 0.58425 0.54051 0.59554 0.55421 0.59865 0.56512 0.60320 0.57382 0.60777 0.58092 0.61069 0.59126 0.59236 0.59981 0.57721 0.60419 0.56679 0.60629 0.55901 0.60637 0.55107
4 0.30177 0.46507 0.30481 0.44217 0.30984 0.41708 0.30248 0.40015 0.29582 0.38688 0.29103 0.38172 0.28593 0.37979 0.28149 0.38410 0.27438 0.41183 0.26787 0.44932 0.26745 0.47484 0.26905 0.49159 0.27272 0.50334 0.27754 0.51155 0.28689 0.50210 0.29878 0.49009 0.30423 0.48222 0.30177 0.46507
4 0.48767 0.50633 0.48441 0.50945 0.47891 0.50816 0.47123 0.50821 0.46474 0.50673 0.46209 0.50821 0.45665 0.50737 0.45125 0.50787 0.44551 0.50631 0.44478 0.50927 0.44745 0.51222 0.44776 0.51825 0.44320 0.55230 0.43638 0.57375 0.44328 0.58527 0.46072 0.58733 0.46931 0.58789 0.47759 0.57867 0.48555 0.56805 0.48932 0.55397 0.49591 0.52540 0.49733 0.52036 0.49339 0.51407 0.48767 0.50633
4 0.45113 0.50756 0.46141 0.50779 0.46525 0.50699 0.47179 0.50825 0.48044 0.50772 0.48456 0.50853 0.48804 0.50655 0.49191 0.50332 0.49963 0.46060 0.49831 0.45901 0.50039 0.44681 0.50191 0.43295 0.50254 0.41981 0.50132 0.41095 0.47022 0.40711 0.44360 0.40216 0.43444 0.39927 0.42507 0.41559 0.41132 0.44763 0.40706 0.46272 0.40640 0.47555 0.40890 0.48895 0.41165 0.49524 0.41712 0.49896 0.43373 0.50528 0.44352 0.50498 0.45113 0.50756
4 0.59793 0.52163 0.60371 0.52452 0.60730 0.52500 0.61098 0.53036 0.61802 0.53283 0.62780 0.53407 0.63555 0.53138 0.64150 0.52656 0.64715 0.51417 0.64898 0.50479 0.65063 0.49097 0.64948 0.46885 0.64875 0.45057 0.64892 0.42849 0.64088 0.42737 0.63673 0.42900 0.62762 0.42656 0.62019 0.42379 0.61094 0.42288 0.60494 0.42414 0.59527 0.44128 0.58769 0.45374 0.58590 0.45760 0.58571 0.47149 0.58549 0.49157 0.58363 0.50116 0.58450 0.50199 0.58963 0.50896 0.59405 0.51734 0.59793 0.52163
4 0.36467 0.48575 0.37164 0.48785 0.37531 0.48727 0.37904 0.49021 0.38319 0.49228 0.39245 0.49519 0.39714 0.49317 0.40183 0.49056 0.40466 0.48800 0.40768 0.48322 0.40667 0.47512 0.40718 0.46304 0.41136 0.44784 0.42086 0.42554 0.42269 0.42055 0.42430 0.40594 0.42395 0.39445 0.42344 0.39140 0.40777 0.38668 0.39717 0.38556 0.38574 0.38940 0.37488 0.38583 0.37077 0.38485 0.36036 0.39922 0.35092 0.41746 0.34812 0.43186 0.34898 0.45080 0.35200 0.46247 0.35404 0.46653 0.35876 0.47005 0.36063 0.47244 0.36084 0.47893 0.36467 0.48575
4 0.36765 0.57861 0.37210 0.57771 0.38282 0.56962 0.38371 0.54835 0.38483 0.51981 0.38602 0.51297 0.38975 0.50440 0.39326 0.50000 0.39680 0.49848 0.39639 0.49375 0.39299 0.49531 0.38658 0.49340 0.37997 0.49100 0.37582 0.48732 0.37078 0.48745 0.36455 0.48535 0.36076 0.47909 0.36025 0.47258 0.35895 0.47031 0.35326 0.48051 0.34807 0.48900 0.34533 0.49776 0.34115 0.51398 0.33860 0.52631 0.33604 0.53797 0.33458 0.54698 0.33299 0.56126 0.33123 0.57485 0.33057 0.58202 0.35243 0.58030 0.36765 0.57861
4 0.67639 0.55641 0.68173 0.55700 0.68840 0.54923 0.69678 0.53494 0.70207 0.51231 0.70478 0.48320 0.70443 0.46832 0.70167 0.44987 0.70221 0.43272 0.69450 0.43520 0.68212 0.43213 0.67146 0.43161 0.66173 0.43237 0.65807 0.44206 0.65268 0.45008 0.64869 0.45394 0.65019 0.47963 0.65072 0.49127 0.64730 0.51493 0.64695 0.52282 0.65388 0.53722 0.66865 0.55225 0.67639 0.55641
4 0.44314 0.55185 0.44593 0.53448 0.44761 0.51976 0.44717 0.51216 0.44391 0.50843 0.43850 0.50517 0.43150 0.50403 0.41657 0.49892 0.40957 0.49623 0.40503 0.49535 0.39903 0.49816 0.39370 0.49978 0.38986 0.50434 0.38623 0.51314 0.38464 0.52057 0.38366 0.55068 0.38360 0.56991 0.38403 0.57684 0.39479 0.57761 0.40835 0.57759 0.42333 0.58095 0.42758 0.58111 0.43600 0.57191 0.43965 0.56222 0.44314 0.55185
4 0.31449 0.58258 0.32331 0.58214 0.32971 0.58143 0.33521 0.54512 0.33748 0.53010 0.33456 0.53032 0.33148 0.52737 0.32782 0.52000 0.32586 0.51199 0.32310 0.50871 0.31960 0.50862 0.31608 0.50656 0.31212 0.50345 0.31037 0.50036 0.30677 0.49340 0.29571 0.50397 0.28940 0.51292 0.28357 0.52549 0.27700 0.54046 0.27181 0.55510 0.26849 0.56816 0.26522 0.58631 0.27619 0.58492 0.29514 0.58410 0.31449 0.58258
