4 0.35105 0.52748 0.35556 0.50917 0.35562 0.50755 0.35174 0.50586 0.34677 0.50221 0.34180 0.49203 0.33626 0.47487 0.33501 0.45748 0.33863 0.43881 0.34244 0.42840 0.33623 0.42022 0.32627 0.41761 0.31427 0.41600 0.30452 0.41503 0.29423 0.41485 0.29000 0.41819 0.29512 0.45543 0.29609 0.49447 0.29949 0.51792 0.30854 0.53985 0.31999 0.55297 0.33581 0.55711 0.33811 0.55395 0.34171 0.54806 0.34728 0.53451 0.35105 0.52748
4 0.50070 0.51304 0.50553 0.51575 0.51103 0.51558 0.52042 0.51492 0.52896 0.51258 0.53227 0.51018 0.53858 0.50908 0.54792 0.50995 0.55745 0.50928 0.56216 0.50809 0.57282 0.50495 0.57665 0.49750 0.57886 0.49169 0.58025 0.48463 0.58069 0.47632 0.57950 0.46553 0.57575 0.45143 0.57204 0.43776 0.56903 0.42579 0.56603 0.41816 0.56202 0.40451 0.55390 0.41074 0.53365 0.41368 0.51050 0.41247 0.49527 0.41462 0.49212 0.42986 0.48994 0.44633 0.49107 0.45213 0.49055 0.46130 0.48862 0.46275 0.49047 0.47676 0.49138 0.48975 0.49255 0.50643 0.49528 0.50819 0.50070 0.51304
4 0.62398 0.50095 0.61419 0.49978 0.61081 0.50210 0.60657 0.50540 0.60468 0.50923 0.61202 0.51496 0.61633 0.52159 0.61763 0.52912 0.61782 0.54067 0.61482 0.55497 0.60872 0.58244 0.61679 0.58765 0.63523 0.59352 0.64809 0.59679 0.65134 0.56837 0.65130 0.54341 0.64981 0.52665 0.64464 0.50990 0.63795 0.49581 0.63396 0.49817 0.62398 0.50095
4 0.56144 0.55129 0.56459 0.53213 0.56486 0.52559 0.56356 0.51937 0.55920 0.51314 0.55645 0.51116 0.55259 0.51187 0.54917 0.51080 0.54013 0.51013 0.53211 0.51156 0.51944 0.51506 0.50718 0.51613 0.50306 0.52143 0.50270 0.52885 0.50574 0.57020 0.50879 0.58065 0.51311 0.58840 0.52282 0.58620 0.53448 0.58277 0.54442 0.58185 0.55446 0.58224 0.55752 0.57202 0.56144 0.55129
4 0.61596 0.52180 0.61260 0.51529 0.60430 0.50869 0.59482 0.50173 0.59244 0.50081 0.58888 0.49975 0.58681 0.49707 0.58095 0.49835 0.57659 0.49822 0.57376 0.50342 0.57001 0.50586 0.56420 0.50779 0.55916 0.50836 0.55800 0.51258 0.56205 0.51643 0.56438 0.52279 0.56460 0.53018 0.56035 0.55855 0.55978 0.57121 0.56386 0.58180 0.57790 0.58125 0.58961 0.58283 0.59919 0.58499 0.60681 0.58598 0.61206 0.56559 0.61639 0.54875 0.61793 0.53755 0.61795 0.52949 0.61596 0.52180
4 0.29948 0.51756 0.29649 0.49466 0.29486 0.46913 0.28337 0.45468 0.27350 0.44358 0.26754 0.43984 0.26211 0.43929 0.25894 0.44460 0.25925 0.47323 0.26267 0.51113 0.26887 0.53588 0.27474 0.55165 0.28132 0.56205 0.28811 0.56874 0.29470 0.55718 0.30307 0.54250 0.30629 0.53350 0.29948 0.51756
4 0.48973 0.50930 0.48739 0.51316 0.48174 0.51334 0.47434 0.51538 0.46768 0.51563 0.46551 0.51774 0.46004 0.51834 0.45495 0.52022 0.44900 0.52020 0.44906 0.52324 0.45241 0.52540 0.45426 0.53115 0.45867 0.56522 0.45763 0.58770 0.46728 0.59704 0.48466 0.59452 0.49310 0.59284 0.49872 0.58179 0.50366 0.56947 0.50365 0.55489 0.50262 0.52559 0.50269 0.52036 0.49726 0.51530 0.48973 0.50930
4 0.45475 0.51995 0.46474 0.51751 0.46824 0.51574 0.47488 0.51528 0.48311 0.51253 0.48729 0.51223 0.49015 0.50942 0.49305 0.50530 0.48944 0.46203 0.48776 0.46085 0.48661 0.44852 0.48449 0.43474 0.48170 0.42188 0.47822 0.41364 0.44719 0.41798 0.42020 0.42009 0.41060 0.41967 0.40578 0.43785 0.40079 0.47237 0.40058 0.48805 0.40326 0.50061 0.40914 0.51291 0.41343 0.51827 0.41968 0.52044 0.43736 0.52225 0.44674 0.51942 0.45475 0.51995
4 0.60019 0.49555 0.60652 0.49685 0.61012 0.49638 0.61505 0.50060 0.62250 0.50117 0.63227 0.49983 0.63905 0.49523 0.64355 0.48903 0.64581 0.47560 0.64514 0.46607 0.64316 0.45229 0.63632 0.43122 0.63089 0.41376 0.62533 0.39238 0.61728 0.39338 0.61369 0.39603 0.60426 0.39603 0.59637 0.39528 0.58720 0.39679 0.58173 0.39957 0.57682 0.41863 0.57272 0.43262 0.57200 0.43681 0.57541 0.45028 0.58040 0.46973 0.58108 0.47947 0.58214 0.48005 0.58890 0.48546 0.59533 0.49240 0.60019 0.49555
4 0.36560 0.52126 0.37287 0.52148 0.37627 0.51997 0.38063 0.52185 0.38517 0.52278 0.39487 0.52319 0.39888 0.52002 0.40273 0.51629 0.40480 0.51308 0.40648 0.50769 0.40341 0.50012 0.40077 0.48832 0.40088 0.47256 0.40428 0.44856 0.40476 0.44327 0.40253 0.42874 0.39922 0.41773 0.39794 0.41491 0.38158 0.41441 0.37106 0.41607 0.36100 0.42274 0.34960 0.42210 0.34537 0.42222 0.33904 0.43880 0.33464 0.45886 0.33566 0.47349 0.34140 0.49157 0.34733 0.50205 0.35035 0.50545 0.35582 0.50762 0.35824 0.50945 0.36013 0.51566 0.36560 0.52126
4 0.39251 0.61019 0.39658 0.60817 0.40483 0.59758 0.40019 0.57680 0.39389 0.54895 0.39326 0.54203 0.39464 0.53279 0.39689 0.52763 0.39992 0.52524 0.39830 0.52078 0.39542 0.52316 0.38873 0.52298 0.38173 0.52238 0.37677 0.51990 0.37193 0.52132 0.36538 0.52091 0.36009 0.51584 0.35792 0.50968 0.35607 0.50782 0.35321 0.51915 0.35040 0.52870 0.35002 0.53787 0.35018 0.55461 0.35091 0.56718 0.35145 0.57912 0.35238 0.58819 0.35453 0.60240 0.35635 0.61598 0.35758 0.62308 0.37825 0.61576 0.39251 0.61019
4 0.68498 0.50883 0.69030 0.50803 0.69473 0.49879 0.69912 0.48282 0.69837 0.45959 0.69345 0.43077 0.68926 0.41649 0.68183 0.39938 0.67790 0.38268 0.67110 0.38707 0.65835 0.38731 0.64792 0.38957 0.63871 0.39282 0.63769 0.40312 0.63456 0.41226 0.63170 0.41703 0.63980 0.44145 0.64333 0.45256 0.64615 0.47630 0.64785 0.48401 0.65827 0.49612 0.67643 0.50682 0.68498 0.50883
4 0.45850 0.56480 0.45669 0.54730 0.45451 0.53265 0.45212 0.52542 0.44801 0.52266 0.44194 0.52091 0.43488 0.52162 0.41913 0.52055 0.41168 0.51976 0.40706 0.52008 0.40199 0.52435 0.39726 0.52730 0.39474 0.53270 0.39351 0.54214 0.39390 0.54973 0.40074 0.57906 0.40566 0.59765 0.40787 0.60424 0.41846 0.60220 0.43156 0.59867 0.44690 0.59803 0.45104 0.59709 0.45679 0.58603 0.45781 0.57573 0.45850 0.56480
4 0.34218 0.62778 0.35059 0.62507 0.35659 0.62273 0.35250 0.58623 0.35080 0.57114 0.34805 0.57210 0.34431 0.57005 0.33887 0.56388 0.33489 0.55665 0.33139 0.55420 0.32798 0.55502 0.32405 0.55394 0.31942 0.55195 0.31693 0.54943 0.31164 0.54364 0.30370 0.55671 0.29992 0.56699 0.29754 0.58064 0.29507 0.59680 0.29385 0.61229 0.29402 0.62575 0.29556 0.64413 0.30580 0.63995 0.32389 0.63426 0.34218 0.62778
