1 0.33809 0.44101 0.33720 0.44445 0.33509 0.44847 0.33139 0.45178 0.33038 0.45818 0.33041 0.46238 0.32812 0.46324 0.33119 0.46587 0.33374 0.46749 0.33697 0.46358 0.33916 0.45789 0.33940 0.45346 0.34238 0.44853 0.34424 0.44624 0.34581 0.44250 0.34364 0.44190 0.34345 0.43877 0.34743 0.43668 0.34929 0.43438 0.34808 0.43219 0.34557 0.43226 0.34163 0.43077 0.33847 0.42733 0.33742 0.42534 0.33652 0.42607 0.33380 0.42553 0.33199 0.42864 0.33006 0.42972 0.32705 0.43338 0.32847 0.43397 0.33235 0.43298 0.33361 0.43109 0.33604 0.43113 0.33766 0.43358 0.33860 0.43509 0.33809 0.44101
1 0.34935 0.41970 0.34893 0.41303 0.34824 0.40786 0.34768 0.40246 0.34711 0.39979 0.34635 0.39652 0.34402 0.39697 0.33920 0.40566 0.33605 0.41166 0.33542 0.41634 0.33563 0.41695 0.33902 0.41197 0.34413 0.40997 0.34588 0.41461 0.34452 0.41643 0.34710 0.41826 0.34935 0.41970
2 0.32348 0.52370 0.32529 0.53318 0.32709 0.53692 0.33156 0.53343 0.33382 0.52806 0.33594 0.52330 0.33629 0.50755 0.33699 0.50265 0.33796 0.49076 0.33490 0.48474 0.33483 0.47447 0.33916 0.46767 0.34915 0.46119 0.35224 0.45603 0.35145 0.41018 0.34739 0.38886 0.34035 0.39473 0.33169 0.39474 0.32760 0.39033 0.32570 0.38570 0.32208 0.38185 0.31659 0.38333 0.31060 0.40300 0.30888 0.42886 0.30396 0.45295 0.30639 0.46840 0.30817 0.47002 0.30859 0.48357 0.31119 0.49297 0.31495 0.49620 0.31873 0.50910 0.32348 0.52370
1 0.25787 0.44172 0.25951 0.44423 0.26143 0.44790 0.26106 0.45207 0.25954 0.45842 0.26018 0.46370 0.26077 0.46242 0.26216 0.45790 0.26271 0.45311 0.26288 0.44933 0.26366 0.44524 0.26424 0.44226 0.26328 0.43690 0.26243 0.42655 0.26072 0.42807 0.26114 0.42973 0.26187 0.43280 0.26197 0.43681 0.26192 0.44021 0.26056 0.44192 0.25953 0.43828 0.25744 0.43838 0.25787 0.44172
1 0.25069 0.44818 0.24962 0.44720 0.24824 0.45027 0.24801 0.45503 0.24788 0.45916 0.24897 0.46184 0.25014 0.46221 0.25030 0.45903 0.24998 0.45530 0.25068 0.45267 0.25089 0.45083 0.25069 0.44818
2 0.26246 0.42390 0.26155 0.41368 0.25999 0.41007 0.25645 0.40516 0.25450 0.40258 0.25196 0.40234 0.24986 0.40634 0.24740 0.41027 0.25047 0.43618 0.25146 0.44674 0.25191 0.46435 0.25473 0.48223 0.25828 0.47942 0.25991 0.46999 0.26276 0.45560 0.26454 0.44535 0.26427 0.43807 0.26246 0.42390
4 0.27210 0.54059 0.28132 0.54832 0.28805 0.55153 0.29785 0.55093 0.30652 0.54784 0.32483 0.53983 0.33192 0.53560 0.33605 0.52516 0.33772 0.50236 0.33908 0.49047 0.35295 0.45682 0.35198 0.41167 0.34644 0.37832 0.31328 0.36919 0.28746 0.36103 0.27373 0.36290 0.25887 0.38709 0.25083 0.40447 0.24726 0.40919 0.24981 0.43068 0.25135 0.44531 0.25144 0.46270 0.25551 0.48490 0.25844 0.50721 0.26383 0.52535 0.27210 0.54059
4 0.22624 0.57629 0.23603 0.55351 0.24673 0.53107 0.24756 0.52793 0.25496 0.52106 0.25869 0.51241 0.25642 0.50177 0.25530 0.48013 0.25120 0.46317 0.25084 0.44319 0.24972 0.42982 0.24341 0.40568 0.22899 0.39545 0.21505 0.38430 0.20806 0.37024 0.19687 0.35488 0.18479 0.34485 0.17371 0.34427 0.16519 0.34604 0.15788 0.35377 0.15280 0.36343 0.15136 0.38012 0.15444 0.41764 0.16087 0.51747 0.16843 0.53973 0.18082 0.56932 0.18760 0.57861 0.19423 0.58097 0.20145 0.58891 0.21257 0.59252 0.22171 0.58286 0.22624 0.57629
1 0.63809 0.47891 0.63890 0.47916 0.63959 0.47875 0.64000 0.47618 0.63925 0.47440 0.63842 0.47399 0.63761 0.47381 0.63824 0.47602 0.63809 0.47891
2 0.43034 0.43232 0.43599 0.43085 0.44182 0.43374 0.44890 0.43212 0.45642 0.44308 0.46215 0.45332 0.46614 0.45813 0.47423 0.46339 0.47912 0.46852 0.48342 0.47070 0.47762 0.35209 0.45841 0.33495 0.44401 0.31952 0.40692 0.30338 0.39429 0.29906 0.38333 0.29979 0.37418 0.31205 0.36484 0.34742 0.34673 0.37965 0.35244 0.41289 0.35459 0.45255 0.36192 0.45329 0.36703 0.45396 0.38089 0.46145 0.38984 0.46661 0.41386 0.46321 0.42113 0.46069 0.42319 0.44440 0.43034 0.43232
1 0.62427 0.42448 0.62577 0.42012 0.62377 0.41845 0.62174 0.41510 0.61961 0.41616 0.61794 0.42157 0.62223 0.42239 0.62427 0.42448
1 0.59996 0.40289 0.60026 0.39908 0.59808 0.39700 0.59574 0.39473 0.59340 0.39245 0.58840 0.39277 0.58546 0.39539 0.58435 0.40348 0.58430 0.41230 0.58430 0.41502 0.58642 0.41522 0.58846 0.41333 0.59071 0.41204 0.59488 0.41181 0.59609 0.41001 0.59827 0.40684 0.59996 0.40289
1 0.72544 0.49715 0.72832 0.49150 0.72919 0.48199 0.73225 0.47556 0.73410 0.46735 0.73445 0.45929 0.73356 0.45328 0.73240 0.44793 0.73085 0.44771 0.72671 0.45756 0.72379 0.45481 0.71930 0.45974 0.72040 0.46459 0.72350 0.46821 0.72470 0.47152 0.72378 0.47658 0.72348 0.48093 0.72257 0.48358 0.72544 0.49715
4 0.62567 0.80158 0.64687 0.79958 0.65815 0.79949 0.67908 0.79069 0.69664 0.78335 0.70392 0.77863 0.70476 0.73785 0.70295 0.71781 0.69931 0.70830 0.69436 0.69892 0.68974 0.69599 0.66253 0.68907 0.64152 0.68446 0.62745 0.68462 0.62470 0.68777 0.61997 0.69575 0.61608 0.70759 0.61460 0.71720 0.61450 0.72469 0.61515 0.73364 0.61472 0.75326 0.61316 0.78311 0.61618 0.80060 0.62567 0.80158
4 0.29274 0.74758 0.31786 0.75928 0.35282 0.77597 0.36735 0.78500 0.35893 0.74553 0.35534 0.71611 0.35737 0.69478 0.35786 0.68983 0.35131 0.68259 0.34429 0.67088 0.34144 0.66288 0.33688 0.65544 0.32960 0.65319 0.31608 0.65612 0.30834 0.66146 0.30157 0.67122 0.29219 0.68730 0.28697 0.69991 0.28349 0.71461 0.28016 0.73080 0.27977 0.74140 0.29274 0.74758
4 0.61291 0.52505 0.61603 0.50854 0.61735 0.49291 0.61636 0.47145 0.61538 0.46811 0.61243 0.46620 0.60952 0.46872 0.60632 0.46431 0.59794 0.45293 0.59314 0.45068 0.59019 0.44007 0.59298 0.42017 0.60017 0.40482 0.60311 0.39219 0.60720 0.37624 0.59931 0.34743 0.58589 0.31236 0.57384 0.30178 0.55889 0.29559 0.52816 0.29838 0.51036 0.30845 0.49533 0.32463 0.47829 0.35059 0.47899 0.36283 0.48057 0.38955 0.48035 0.40189 0.48073 0.41417 0.48407 0.42566 0.48686 0.43769 0.49167 0.44311 0.49778 0.44338 0.50153 0.44710 0.51195 0.45377 0.51443 0.45987 0.50977 0.46768 0.50720 0.47796 0.49716 0.48085 0.49369 0.49125 0.49073 0.49200 0.49082 0.50511 0.49031 0.51135 0.49326 0.51387 0.49763 0.52130 0.51349 0.52346 0.52419 0.52487 0.55183 0.52862 0.57488 0.53696 0.58604 0.53861 0.60763 0.53510 0.61291 0.52505
2 0.57513 0.40552 0.58027 0.42429 0.58721 0.44003 0.59302 0.45114 0.59020 0.44035 0.59293 0.42011 0.60040 0.40476 0.60727 0.37776 0.59989 0.34971 0.58619 0.31379 0.57314 0.30217 0.55916 0.29572 0.52782 0.29902 0.51027 0.30878 0.49605 0.32421 0.47891 0.35198 0.48139 0.38972 0.48142 0.41410 0.48752 0.43594 0.49117 0.44253 0.49757 0.44312 0.50158 0.44713 0.51205 0.45237 0.51514 0.45964 0.50839 0.47175 0.51706 0.46387 0.52540 0.45476 0.52799 0.44530 0.53227 0.42364 0.53507 0.40815 0.53815 0.39325 0.54263 0.38961 0.55216 0.38988 0.56330 0.39346 0.57513 0.40552
2 0.62664 0.39242 0.61682 0.39104 0.61060 0.38487 0.60687 0.38153 0.60358 0.39067 0.60273 0.40351 0.60555 0.42477 0.60504 0.43670 0.60624 0.45086 0.61309 0.46311 0.61758 0.46817 0.62315 0.47218 0.62973 0.47349 0.63359 0.47526 0.63398 0.47896 0.63660 0.48022 0.64273 0.47848 0.64777 0.47487 0.65338 0.46680 0.65639 0.45637 0.65815 0.43969 0.65300 0.42132 0.64675 0.40790 0.63805 0.39914 0.62664 0.39242
1 0.62685 0.39260 0.61703 0.39121 0.61081 0.38505 0.60708 0.38170 0.60379 0.39084 0.60294 0.40369 0.60576 0.42494 0.60526 0.43687 0.60645 0.45104 0.61330 0.46329 0.61779 0.46834 0.62336 0.47236 0.62995 0.47366 0.63380 0.47543 0.63419 0.47913 0.63681 0.48039 0.64294 0.47865 0.64798 0.47504 0.65359 0.46698 0.65660 0.45655 0.65837 0.43987 0.65321 0.42150 0.64696 0.40808 0.63827 0.39931 0.62685 0.39260
4 0.75457 0.75069 0.76249 0.74583 0.75687 0.72956 0.75022 0.71395 0.74264 0.69990 0.73851 0.69667 0.73196 0.69370 0.72244 0.68911 0.72006 0.68822 0.71421 0.68865 0.70967 0.68975 0.70622 0.69622 0.70225 0.70166 0.69912 0.70721 0.69933 0.70885 0.70205 0.71608 0.70375 0.72415 0.70496 0.74143 0.70486 0.76032 0.70359 0.77841 0.71131 0.77742 0.72018 0.77117 0.73085 0.76455 0.74469 0.75668 0.75457 0.75069
4 0.52419 0.67385 0.52300 0.67052 0.52009 0.66810 0.51249 0.66817 0.49994 0.67043 0.49024 0.66988 0.47608 0.67093 0.45829 0.67700 0.44889 0.68285 0.44817 0.68844 0.44585 0.68767 0.44352 0.69113 0.44230 0.69440 0.44209 0.70637 0.44325 0.73736 0.44861 0.78237 0.45126 0.80158 0.48851 0.79704 0.52306 0.79467 0.53103 0.79477 0.52998 0.75087 0.52646 0.68744 0.52419 0.67385
4 0.83116 0.60383 0.83858 0.60685 0.84463 0.60659 0.85137 0.61766 0.86232 0.60853 0.87337 0.58343 0.87685 0.52492 0.87558 0.47908 0.87246 0.44938 0.86737 0.42749 0.86171 0.41707 0.85386 0.41713 0.85052 0.42395 0.84072 0.44398 0.82622 0.46754 0.81785 0.47716 0.80530 0.48076 0.80870 0.50586 0.80826 0.53783 0.80716 0.55390 0.81658 0.57116 0.82185 0.58998 0.83116 0.60383
1 0.57492 0.40537 0.58005 0.42415 0.58699 0.43989 0.59280 0.45100 0.58998 0.44021 0.59271 0.41997 0.60018 0.40462 0.60705 0.37762 0.59967 0.34957 0.58597 0.31365 0.57292 0.30203 0.55894 0.29558 0.52761 0.29888 0.51005 0.30864 0.49583 0.32407 0.47869 0.35184 0.48118 0.38958 0.48120 0.41396 0.48730 0.43580 0.49095 0.44239 0.49735 0.44298 0.50136 0.44699 0.51183 0.45222 0.51492 0.45950 0.50817 0.47161 0.51685 0.46373 0.52518 0.45462 0.52778 0.44516 0.53205 0.42350 0.53485 0.40800 0.53794 0.39311 0.54241 0.38947 0.55194 0.38974 0.56309 0.39332 0.57492 0.40537
4 0.58995 0.79924 0.60786 0.80053 0.61285 0.79971 0.61462 0.76557 0.61518 0.72956 0.61373 0.71573 0.61184 0.69613 0.60991 0.68948 0.60862 0.68724 0.57527 0.67966 0.55692 0.67420 0.54397 0.67160 0.53314 0.67063 0.53188 0.67208 0.52934 0.67973 0.52751 0.69075 0.52801 0.71392 0.52987 0.75173 0.53169 0.76235 0.53419 0.78109 0.53702 0.79636 0.54995 0.79711 0.57713 0.79953 0.58995 0.79924
4 0.45118 0.79996 0.44777 0.77467 0.44346 0.73853 0.44225 0.69830 0.43884 0.68735 0.43117 0.67420 0.41405 0.66694 0.40671 0.66835 0.38621 0.67777 0.36105 0.68911 0.35876 0.69124 0.35516 0.70972 0.35614 0.72621 0.35994 0.75033 0.36770 0.78346 0.38083 0.79113 0.39997 0.79855 0.41537 0.80146 0.42762 0.80319 0.44400 0.80109 0.45118 0.79996
4 0.72245 0.53370 0.72534 0.52504 0.72751 0.50467 0.72111 0.47760 0.71737 0.47571 0.70673 0.44681 0.70588 0.44120 0.70810 0.43337 0.70586 0.42410 0.70834 0.40674 0.71310 0.39408 0.71358 0.38909 0.69451 0.37399 0.67697 0.36140 0.65902 0.36670 0.63960 0.37482 0.61755 0.37714 0.60662 0.38171 0.60391 0.38919 0.60257 0.40342 0.60615 0.42546 0.60638 0.43962 0.60781 0.45195 0.61496 0.46674 0.62120 0.47214 0.63251 0.47497 0.63390 0.47820 0.62540 0.49526 0.62001 0.50913 0.62330 0.51866 0.63570 0.53294 0.65216 0.54489 0.67044 0.55247 0.68679 0.55607 0.70350 0.55355 0.71611 0.54577 0.72245 0.53370
4 0.72350 0.53192 0.72906 0.53894 0.74008 0.55222 0.74650 0.56750 0.77461 0.58659 0.78182 0.59495 0.79047 0.59518 0.79585 0.58854 0.80141 0.57389 0.80628 0.55514 0.80836 0.51464 0.80635 0.48103 0.80542 0.44085 0.80364 0.40227 0.79891 0.37655 0.78781 0.36252 0.77652 0.35876 0.75958 0.37118 0.74811 0.38265 0.73870 0.39625 0.72188 0.41276 0.70630 0.42676 0.70611 0.43798 0.70700 0.44710 0.71036 0.45794 0.71769 0.47610 0.72082 0.47730 0.72750 0.50490 0.72675 0.51942 0.72350 0.53192
4 0.42398 0.52678 0.42989 0.52668 0.44023 0.52560 0.45572 0.52397 0.48294 0.52789 0.49005 0.51931 0.48920 0.50792 0.48890 0.49176 0.48815 0.48140 0.48437 0.47188 0.47763 0.35146 0.46268 0.33842 0.44512 0.32042 0.42796 0.31283 0.41485 0.30742 0.40342 0.30131 0.39369 0.29815 0.38272 0.29983 0.37543 0.31000 0.36381 0.34515 0.34646 0.37882 0.35258 0.41055 0.35402 0.46730 0.35717 0.49725 0.36843 0.53157 0.38010 0.53661 0.39147 0.53541 0.42059 0.52766 0.42398 0.52678
