4 0.80396 0.60783 0.83388 0.62635 0.84619 0.62699 0.86033 0.61610 0.87177 0.60151 0.89098 0.56321 0.89825 0.54270 0.90396 0.48126 0.90734 0.42536 0.90991 0.39295 0.90537 0.36861 0.90369 0.35390 0.89615 0.34615 0.89086 0.34728 0.88344 0.35266 0.86976 0.36297 0.85461 0.38025 0.84154 0.39590 0.82685 0.40802 0.81399 0.43157 0.81035 0.48678 0.80051 0.53510 0.78812 0.57645 0.77968 0.58824 0.80396 0.60783
4 0.15498 0.64864 0.16863 0.60617 0.16888 0.57930 0.17165 0.54102 0.17936 0.49237 0.14023 0.48355 0.12632 0.53450 0.11820 0.57194 0.10841 0.62682 0.10458 0.68331 0.10221 0.72362 0.09947 0.75010 0.10741 0.75529 0.12129 0.72993 0.13353 0.70102 0.15498 0.64864
4 0.53957 0.62645 0.55423 0.53112 0.54848 0.50659 0.54773 0.47812 0.54175 0.47057 0.53363 0.49612 0.52925 0.51456 0.52299 0.52712 0.51413 0.53227 0.50164 0.53197 0.48915 0.52712 0.46192 0.52753 0.44348 0.52225 0.43414 0.52313 0.42745 0.57641 0.42365 0.65849 0.43272 0.71191 0.44623 0.75106 0.45979 0.76502 0.47622 0.76920 0.49654 0.76533 0.51497 0.74856 0.52259 0.73087 0.53957 0.62645
4 0.70495 0.59675 0.72826 0.61553 0.74719 0.61590 0.76341 0.60338 0.77602 0.58832 0.78878 0.57458 0.79970 0.54022 0.80969 0.48865 0.81400 0.44535 0.81895 0.38642 0.81603 0.35183 0.80676 0.33199 0.79815 0.32406 0.78508 0.32593 0.74831 0.35292 0.72721 0.36861 0.71521 0.38443 0.70963 0.41964 0.70030 0.47394 0.69203 0.51004 0.67943 0.53889 0.67831 0.54593 0.68560 0.55758 0.70495 0.59675
4 0.57433 0.55243 0.59769 0.57320 0.61347 0.57504 0.63040 0.57181 0.63951 0.56735 0.66128 0.55439 0.68172 0.53597 0.69229 0.51074 0.70279 0.46515 0.71400 0.39670 0.72139 0.32700 0.72371 0.29390 0.72298 0.26622 0.71641 0.24549 0.70826 0.22779 0.69497 0.21715 0.67274 0.22151 0.64538 0.24211 0.61366 0.28565 0.59389 0.32518 0.56735 0.35904 0.55645 0.41638 0.54803 0.46952 0.54866 0.50702 0.55468 0.52897 0.57433 0.55243
4 0.76884 0.71082 0.77472 0.66909 0.77699 0.62482 0.77453 0.59884 0.77219 0.59519 0.76502 0.60127 0.74798 0.61433 0.72804 0.61576 0.70555 0.59645 0.69760 0.58206 0.68702 0.58432 0.68082 0.59122 0.67461 0.59811 0.67474 0.63882 0.65686 0.78627 0.66349 0.81357 0.68553 0.84266 0.70060 0.86277 0.71658 0.85873 0.73330 0.84301 0.75018 0.81484 0.76104 0.76011 0.76884 0.71082
4 0.40115 0.48740 0.40141 0.50277 0.40498 0.50931 0.41043 0.51309 0.42009 0.51639 0.42939 0.51852 0.43138 0.51981 0.43624 0.52000 0.44418 0.52125 0.45954 0.52644 0.48506 0.52779 0.49072 0.52731 0.50348 0.53163 0.51555 0.53216 0.52264 0.52685 0.52954 0.51272 0.53495 0.49017 0.54691 0.45715 0.55938 0.39741 0.56881 0.33512 0.56317 0.28776 0.56077 0.24484 0.55825 0.22478 0.55201 0.20330 0.54339 0.19387 0.53367 0.18839 0.51902 0.18870 0.50406 0.19551 0.48067 0.21872 0.46187 0.24987 0.44576 0.28472 0.43397 0.31304 0.42646 0.34204 0.41205 0.42376 0.40115 0.48740
4 0.32024 0.63747 0.32367 0.61447 0.33079 0.55217 0.33264 0.53385 0.33584 0.51499 0.31617 0.51377 0.29152 0.50797 0.28101 0.50099 0.25454 0.49604 0.25221 0.49871 0.24572 0.52768 0.23863 0.59378 0.23430 0.63715 0.23657 0.68688 0.24082 0.71604 0.25849 0.72188 0.26626 0.71817 0.28623 0.68943 0.30606 0.66029 0.32024 0.63747
4 0.39431 0.71371 0.41108 0.67699 0.41672 0.66214 0.42564 0.60120 0.42751 0.57787 0.43425 0.51922 0.41629 0.51506 0.40621 0.50953 0.40089 0.50265 0.40111 0.48641 0.40359 0.46988 0.38581 0.50695 0.37859 0.51565 0.36165 0.51888 0.33636 0.51487 0.33301 0.53141 0.32173 0.64184 0.32373 0.67300 0.32865 0.73416 0.33308 0.75455 0.34525 0.77222 0.36214 0.76703 0.37302 0.75825 0.38558 0.73661 0.39431 0.71371
4 1.00000 0.33979 0.99154 0.34550 0.96861 0.37272 0.94121 0.40513 0.92356 0.42202 0.91310 0.44202 0.90487 0.47091 0.89890 0.54084 0.89098 0.56321 0.88214 0.58215 0.90097 0.59235 0.91217 0.60463 0.93303 0.61581 0.95511 0.61012 0.97311 0.59787 0.98613 0.57565 1.00000 0.53808 1.00000 0.33979
4 0.17252 0.49083 0.20366 0.49248 0.21856 0.49287 0.23662 0.49179 0.23952 0.48503 0.23819 0.47038 0.24254 0.42907 0.25446 0.36533 0.26888 0.31117 0.27426 0.27724 0.26295 0.26102 0.25453 0.21965 0.25039 0.17896 0.24376 0.14707 0.23816 0.13634 0.23062 0.12858 0.21623 0.12958 0.19818 0.14904 0.18024 0.19082 0.17028 0.21681 0.15054 0.29309 0.13537 0.36812 0.12725 0.41475 0.12316 0.46594 0.12403 0.47199 0.14683 0.48479 0.17252 0.49083
4 0.25245 0.49561 0.28155 0.50087 0.29239 0.50850 0.31310 0.51375 0.33391 0.51376 0.34770 0.51660 0.36372 0.51914 0.37863 0.51494 0.38510 0.50874 0.40414 0.46910 0.41860 0.38936 0.43194 0.30748 0.42551 0.28807 0.41883 0.25420 0.40991 0.21604 0.40444 0.17908 0.40032 0.17055 0.38316 0.15208 0.37253 0.14777 0.35558 0.14640 0.33473 0.15819 0.31129 0.18861 0.28975 0.23245 0.27269 0.29406 0.25639 0.35776 0.24355 0.42267 0.23758 0.46963 0.23962 0.48898 0.25245 0.49561
4 0.12928 0.40194 0.14850 0.30130 0.15916 0.25705 0.17272 0.21063 0.17413 0.16951 0.17162 0.15073 0.16760 0.14616 0.16094 0.14445 0.15509 0.15600 0.14234 0.18810 0.12802 0.24621 0.11870 0.30970 0.10876 0.37704 0.10304 0.42929 0.10433 0.45574 0.11466 0.46657 0.12036 0.46288 0.12310 0.45478 0.12928 0.40194
4 0.21521 0.67363 0.22457 0.65460 0.23404 0.63749 0.24077 0.57361 0.24561 0.53108 0.25254 0.49800 0.25277 0.49652 0.23958 0.48911 0.23669 0.48865 0.23275 0.49221 0.20905 0.49111 0.19659 0.49104 0.17931 0.49210 0.17195 0.53460 0.16894 0.57895 0.16990 0.62353 0.17036 0.65133 0.17427 0.68271 0.17931 0.70288 0.18373 0.70965 0.19544 0.70240 0.20777 0.69257 0.21521 0.67363
4 0.59527 0.93060 0.62425 0.89975 0.64582 0.82441 0.66432 0.70764 0.67478 0.64157 0.67582 0.59605 0.67523 0.57234 0.66736 0.54983 0.65355 0.55709 0.62359 0.57203 0.59766 0.57501 0.57199 0.55205 0.55421 0.52875 0.54040 0.61871 0.53237 0.66942 0.52093 0.74163 0.52430 0.76736 0.53026 0.80139 0.53619 0.84170 0.53908 0.87602 0.54617 0.90313 0.56871 0.92403 0.59527 0.93060
4 0.85997 0.81319 0.87333 0.78184 0.87799 0.74320 0.87842 0.69208 0.87722 0.64661 0.87380 0.61981 0.86632 0.60944 0.86128 0.61586 0.84776 0.62750 0.83590 0.62628 0.79595 0.60420 0.78522 0.60972 0.77714 0.62157 0.77528 0.66327 0.76642 0.74456 0.77097 0.77350 0.78756 0.79778 0.80483 0.83399 0.82666 0.84138 0.84319 0.83613 0.85997 0.81319
