4 0.61605 0.56664 0.61013 0.57991 0.60723 0.59144 0.60630 0.59664 0.60316 0.60586 0.59980 0.61855 0.59817 0.62865 0.59852 0.64220 0.59852 0.66585 0.60444 0.67191 0.61442 0.70998 0.62139 0.72411 0.63115 0.72670 0.64160 0.71978 0.64868 0.71142 0.65239 0.69527 0.65263 0.66960 0.65193 0.64710 0.64891 0.60702 0.64763 0.59202 0.64415 0.57672 0.63950 0.56345 0.63091 0.55972 0.62360 0.55713 0.61930 0.56289 0.61605 0.56664
4 0.45222 0.66860 0.45348 0.67965 0.45716 0.69527 0.45909 0.71018 0.45996 0.71594 0.46654 0.71570 0.47206 0.71594 0.48028 0.71690 0.48551 0.71883 0.48928 0.72003 0.49131 0.71450 0.49315 0.70465 0.49451 0.69503 0.49441 0.67845 0.49480 0.64721 0.49489 0.63302 0.49422 0.61789 0.49122 0.60707 0.48618 0.60515 0.48154 0.60539 0.46954 0.60827 0.46538 0.60803 0.46113 0.60755 0.45571 0.60947 0.45339 0.61044 0.45261 0.61668 0.45242 0.62750 0.45242 0.64192 0.45261 0.65418 0.45222 0.66860
4 0.41846 0.59530 0.41410 0.59866 0.41139 0.60251 0.40830 0.61140 0.40588 0.62269 0.40462 0.64384 0.40433 0.68878 0.40549 0.70585 0.41865 0.70849 0.43626 0.71498 0.43887 0.71042 0.44303 0.69912 0.44680 0.68758 0.44961 0.67292 0.45126 0.65970 0.45213 0.64336 0.45116 0.61885 0.45019 0.61212 0.44874 0.60731 0.44593 0.60251 0.44090 0.59770 0.43635 0.59505 0.43094 0.59505 0.42774 0.59337 0.42484 0.59337 0.42068 0.59578 0.41846 0.59530
4 0.33126 0.39749 0.33382 0.40672 0.33707 0.40788 0.34183 0.40874 0.34334 0.40672 0.34636 0.40499 0.34996 0.40269 0.35495 0.39749 0.35692 0.40124 0.35924 0.40124 0.36644 0.39547 0.36818 0.39202 0.37051 0.38105 0.37411 0.36779 0.37678 0.35510 0.37585 0.33664 0.37573 0.32828 0.37260 0.32395 0.36633 0.31761 0.36110 0.31126 0.35379 0.29944 0.34926 0.29338 0.34009 0.29684 0.33440 0.30261 0.32883 0.30607 0.31988 0.31126 0.31524 0.32799 0.32163 0.35856 0.32604 0.37788 0.33126 0.39749
4 0.56175 0.69623 0.56649 0.71426 0.56891 0.72459 0.57220 0.72964 0.58033 0.72964 0.58507 0.73205 0.59213 0.72916 0.59581 0.71883 0.59755 0.69191 0.59804 0.66691 0.59862 0.64240 0.59745 0.62606 0.59513 0.61067 0.59155 0.60298 0.58700 0.59746 0.57820 0.59241 0.57346 0.59361 0.56843 0.59650 0.56137 0.60130 0.55440 0.60924 0.55304 0.61428 0.55372 0.63423 0.55343 0.66067 0.55624 0.67388 0.56175 0.69623
4 0.36095 0.66590 0.37182 0.67629 0.38519 0.69117 0.39216 0.69705 0.39522 0.68321 0.39954 0.67144 0.40484 0.66660 0.40432 0.64281 0.40317 0.62715 0.40163 0.61676 0.39704 0.59807 0.39425 0.58942 0.39258 0.57904 0.38923 0.57177 0.38477 0.56865 0.37934 0.56104 0.37433 0.55481 0.37056 0.55412 0.36485 0.55585 0.35956 0.56485 0.35607 0.58630 0.35245 0.61572 0.34994 0.65622 0.36095 0.66590
4 0.51076 0.69287 0.51241 0.70681 0.51560 0.71739 0.52102 0.72459 0.53147 0.72412 0.53698 0.72171 0.54279 0.71426 0.54569 0.70657 0.54879 0.69191 0.55179 0.67629 0.55343 0.65682 0.55372 0.63206 0.55295 0.61356 0.55033 0.60947 0.54608 0.60659 0.53447 0.60563 0.53273 0.60707 0.53089 0.60563 0.52895 0.60395 0.52131 0.60347 0.51879 0.60274 0.51434 0.60491 0.51270 0.60803 0.51134 0.61572 0.50989 0.63495 0.50979 0.67653 0.51076 0.69287
4 0.43530 0.38685 0.43379 0.38974 0.43367 0.39521 0.43216 0.39839 0.43332 0.40820 0.43599 0.41973 0.43855 0.42550 0.44424 0.43040 0.44923 0.43588 0.45306 0.43588 0.46177 0.43473 0.46815 0.43242 0.48023 0.42983 0.48197 0.42665 0.48580 0.42521 0.48836 0.42608 0.49335 0.42261 0.49672 0.41541 0.49811 0.40647 0.49834 0.39089 0.49776 0.36724 0.49521 0.35686 0.49358 0.34302 0.48940 0.33119 0.48267 0.32023 0.46908 0.31072 0.46084 0.30524 0.45248 0.30725 0.44598 0.31591 0.44040 0.32283 0.43785 0.32888 0.43495 0.33782 0.43587 0.35023 0.43634 0.36493 0.43564 0.38195 0.43530 0.38685
4 0.67054 0.38549 0.67488 0.38908 0.68138 0.38848 0.68403 0.39745 0.69414 0.39626 0.70136 0.38908 0.70545 0.36755 0.70738 0.34662 0.70786 0.32748 0.70088 0.32329 0.69221 0.32030 0.68692 0.33466 0.67849 0.35021 0.67464 0.36755 0.67054 0.38549
4 0.37759 0.37010 0.37922 0.38596 0.38630 0.40470 0.39152 0.41278 0.39907 0.41768 0.40836 0.41913 0.41521 0.41595 0.41788 0.41336 0.42159 0.41278 0.42380 0.41192 0.42728 0.40615 0.43007 0.39721 0.43193 0.38509 0.43274 0.37442 0.43193 0.36318 0.43193 0.35481 0.42845 0.34847 0.42171 0.34039 0.41753 0.32886 0.41057 0.31069 0.40615 0.30521 0.40081 0.30146 0.39849 0.30001 0.39350 0.29886 0.38653 0.29944 0.37980 0.30203 0.37654 0.31472 0.37585 0.33693 0.37666 0.35597 0.37759 0.37010
4 0.64023 0.40820 0.65056 0.41916 0.65811 0.42233 0.66217 0.41108 0.66972 0.38945 0.67726 0.35686 0.68086 0.33580 0.68307 0.32629 0.68237 0.31648 0.67146 0.30841 0.66078 0.30783 0.65242 0.30322 0.63767 0.31966 0.62502 0.33177 0.62351 0.36118 0.62618 0.37387 0.63163 0.39003 0.64023 0.40820
4 0.63924 0.51287 0.64213 0.51526 0.64839 0.51825 0.65538 0.53201 0.66380 0.53380 0.66982 0.53679 0.67801 0.53500 0.68956 0.54158 0.69317 0.55114 0.69751 0.58164 0.71653 0.59301 0.73049 0.54038 0.72303 0.49254 0.71388 0.44290 0.70931 0.43094 0.69438 0.44948 0.68475 0.45725 0.67367 0.44410 0.66476 0.44230 0.65971 0.45785 0.66308 0.48297 0.65923 0.48058 0.65489 0.47819 0.64598 0.47938 0.63900 0.48895 0.63756 0.49971 0.63924 0.51287
4 0.50740 0.40906 0.51030 0.42088 0.51483 0.42694 0.52563 0.42983 0.52969 0.43357 0.53805 0.43703 0.55129 0.43502 0.55698 0.43213 0.56069 0.42896 0.56615 0.42204 0.56859 0.41512 0.57172 0.39723 0.57323 0.37042 0.57114 0.34792 0.56754 0.32888 0.56336 0.31994 0.55640 0.31302 0.55082 0.31244 0.54026 0.31331 0.53155 0.31533 0.52516 0.32110 0.51761 0.33409 0.51390 0.34330 0.50810 0.36090 0.50682 0.39176 0.50740 0.40906
4 0.68343 0.67569 0.69063 0.66213 0.69562 0.64079 0.69783 0.61945 0.69887 0.59465 0.69434 0.56061 0.69109 0.54706 0.68749 0.54072 0.67739 0.53524 0.66938 0.53610 0.66322 0.53235 0.65591 0.53206 0.65138 0.52543 0.64790 0.51937 0.64186 0.51389 0.63792 0.51533 0.63339 0.52889 0.63060 0.54244 0.62874 0.55888 0.63977 0.56378 0.64465 0.57936 0.64743 0.59032 0.65034 0.62176 0.65115 0.63214 0.65788 0.64425 0.66613 0.67252 0.67402 0.68117 0.68343 0.67569
2 0.34155 0.40794 0.34281 0.40517 0.34894 0.40309 0.35187 0.39928 0.35382 0.39755 0.35577 0.39409 0.35437 0.37367 0.35869 0.35879 0.35995 0.34218 0.35953 0.31034 0.35326 0.29892 0.34950 0.29303 0.33988 0.29719 0.33501 0.30273 0.31996 0.31034 0.31884 0.32107 0.32247 0.34979 0.32943 0.39029 0.33375 0.40655 0.34155 0.40794
4 0.58229 0.41137 0.58716 0.41598 0.59193 0.41887 0.59494 0.41800 0.59970 0.41339 0.60342 0.40935 0.61433 0.40272 0.61840 0.39896 0.62025 0.39089 0.62258 0.38051 0.62374 0.35744 0.62478 0.33033 0.62455 0.31735 0.62014 0.30264 0.61387 0.30177 0.60284 0.30581 0.59390 0.31158 0.58600 0.32542 0.57869 0.34504 0.57346 0.36118 0.57288 0.38743 0.57416 0.39493 0.57648 0.39896 0.58229 0.41137
4 0.30263 0.39215 0.30665 0.38866 0.31046 0.38417 0.31467 0.38417 0.31848 0.38168 0.32510 0.37521 0.31768 0.34231 0.31186 0.33035 0.30464 0.32238 0.29641 0.32886 0.29019 0.33883 0.28277 0.35427 0.28799 0.37321 0.29059 0.37570 0.29742 0.38766 0.30263 0.39215
