4 0.41719 0.06714 0.40642 0.05888 0.39310 0.05298 0.38224 0.05140 0.36990 0.05580 0.36150 0.06458 0.35452 0.07660 0.34729 0.08962 0.34607 0.09587 0.34555 0.11818 0.34985 0.13773 0.36833 0.16209 0.39385 0.19282 0.39948 0.19596 0.41045 0.19815 0.42171 0.19362 0.42764 0.18401 0.43282 0.16659 0.43220 0.13908 0.42293 0.08771 0.41719 0.06714
4 0.30213 0.21154 0.28888 0.20721 0.28085 0.19529 0.27514 0.17852 0.27542 0.16927 0.27691 0.16456 0.27190 0.16132 0.26000 0.15866 0.24731 0.16470 0.23627 0.17173 0.22821 0.18362 0.22079 0.20271 0.21734 0.22395 0.21808 0.24255 0.22029 0.27548 0.22178 0.29236 0.22691 0.30828 0.23248 0.32063 0.23857 0.32400 0.26650 0.32511 0.28123 0.32949 0.29398 0.32375 0.30797 0.31906 0.32221 0.30862 0.33179 0.29455 0.33477 0.27783 0.33353 0.26123 0.32780 0.24193 0.31865 0.22481 0.30963 0.21688 0.30213 0.21154
4 0.73733 0.60966 0.74274 0.62320 0.75099 0.63697 0.76028 0.65681 0.76687 0.67348 0.77354 0.68190 0.78461 0.69457 0.79924 0.69976 0.81330 0.70002 0.82732 0.69481 0.83599 0.68871 0.85694 0.68136 0.87078 0.67343 0.87913 0.66374 0.88250 0.64486 0.88587 0.61730 0.88771 0.60006 0.88598 0.58163 0.87986 0.55208 0.87125 0.52572 0.86196 0.50587 0.84881 0.48488 0.83856 0.47343 0.82798 0.46524 0.81691 0.46125 0.81055 0.46146 0.80498 0.48347 0.79285 0.49932 0.77605 0.50777 0.76097 0.51728 0.74488 0.52286 0.73940 0.52977 0.73316 0.54945 0.73061 0.57154 0.73198 0.59141 0.73733 0.60966
4 0.23267 0.47084 0.25662 0.47530 0.26766 0.47395 0.28350 0.46643 0.29305 0.45218 0.30644 0.42950 0.30982 0.41062 0.30853 0.38642 0.30005 0.35732 0.28831 0.33917 0.28176 0.32992 0.26601 0.32464 0.25092 0.32548 0.23832 0.32313 0.23013 0.31817 0.22585 0.30430 0.22274 0.29525 0.21333 0.30239 0.20310 0.31699 0.19462 0.33632 0.19229 0.35592 0.19272 0.37733 0.19631 0.39772 0.20808 0.42993 0.21568 0.45053 0.22305 0.46294 0.23267 0.47084
4 0.63319 0.31699 0.63933 0.33967 0.65245 0.36570 0.65919 0.37457 0.67547 0.38221 0.68161 0.38935 0.69335 0.38682 0.71685 0.37491 0.73896 0.34999 0.74613 0.32495 0.74651 0.30980 0.74621 0.28563 0.74372 0.26459 0.73687 0.24477 0.72610 0.22519 0.71733 0.21348 0.70791 0.20325 0.69350 0.19757 0.68196 0.19778 0.68382 0.21527 0.68246 0.22831 0.67589 0.23770 0.66718 0.24015 0.65565 0.24218 0.64452 0.24643 0.63501 0.25816 0.62967 0.27282 0.63020 0.28963 0.63319 0.31699
4 0.27362 0.61927 0.29100 0.61126 0.29933 0.60522 0.30815 0.59185 0.31397 0.57445 0.31615 0.55807 0.31677 0.53853 0.31514 0.52206 0.31203 0.50585 0.30551 0.49481 0.30022 0.48355 0.29428 0.47430 0.28067 0.47062 0.27470 0.47129 0.26264 0.47494 0.24277 0.47312 0.23039 0.46920 0.22113 0.46131 0.21527 0.44825 0.21001 0.44004 0.19929 0.44688 0.19240 0.46257 0.18778 0.48243 0.18666 0.50777 0.19037 0.54178 0.19882 0.56809 0.21164 0.59326 0.22900 0.60962 0.26477 0.61664 0.27362 0.61927
4 0.83515 0.88266 0.85197 0.89341 0.86620 0.90324 0.88910 0.89829 0.91367 0.88207 0.93543 0.86726 0.94894 0.84706 0.95642 0.82380 0.95780 0.80573 0.95664 0.77668 0.95073 0.74664 0.94465 0.72075 0.92557 0.68343 0.91407 0.66489 0.90185 0.65607 0.88872 0.65245 0.88080 0.65247 0.87816 0.66345 0.87122 0.67244 0.85584 0.68201 0.83165 0.69176 0.81847 0.69820 0.80584 0.70088 0.79703 0.70107 0.79287 0.71551 0.78895 0.74683 0.78966 0.77504 0.79838 0.80550 0.80937 0.83327 0.82028 0.86060 0.83515 0.88266
4 0.57500 0.16279 0.58373 0.15109 0.58825 0.14553 0.59264 0.12603 0.59302 0.11302 0.58871 0.10096 0.57369 0.08335 0.56098 0.07130 0.54727 0.06198 0.53713 0.05488 0.52721 0.05377 0.51715 0.05555 0.50832 0.06186 0.49956 0.06499 0.50793 0.08129 0.51069 0.10652 0.51035 0.12022 0.51049 0.14623 0.51284 0.17153 0.51655 0.18896 0.52408 0.20287 0.53631 0.20865 0.55287 0.20414 0.55982 0.19435 0.56741 0.18095 0.57500 0.16279
4 0.28976 1.00000 0.29881 0.99432 0.30653 0.97620 0.31388 0.95014 0.31560 0.92965 0.31598 0.91168 0.31659 0.89062 0.31363 0.85801 0.30509 0.82828 0.29997 0.81509 0.28898 0.82046 0.27658 0.82074 0.25455 0.81243 0.22890 0.80668 0.22052 0.80815 0.20953 0.79333 0.20351 0.78220 0.19511 0.77492 0.18022 0.78555 0.16683 0.81038 0.16452 0.84050 0.16994 0.88563 0.17837 0.92338 0.19581 0.96182 0.20758 0.97955 0.24273 0.99887 0.24995 1.00000 0.28976 1.00000
4 0.35048 0.13889 0.34560 0.11722 0.34588 0.10320 0.34586 0.09590 0.33379 0.09105 0.32580 0.08897 0.31326 0.09467 0.30116 0.10283 0.29565 0.11238 0.28739 0.13034 0.28017 0.15542 0.27622 0.16786 0.27471 0.17606 0.27811 0.18816 0.28153 0.19676 0.28832 0.20762 0.30239 0.21181 0.31450 0.22047 0.32604 0.22954 0.33983 0.23695 0.35355 0.24151 0.36385 0.24350 0.37303 0.23681 0.37730 0.22621 0.38317 0.20550 0.38319 0.19597 0.37196 0.17192 0.35048 0.13889
4 0.73494 0.52073 0.74487 0.52172 0.75196 0.52047 0.76392 0.51745 0.78039 0.50540 0.79395 0.49935 0.80542 0.48316 0.81033 0.46264 0.81158 0.44551 0.81231 0.42892 0.80975 0.40058 0.80396 0.37464 0.79836 0.36191 0.78633 0.34209 0.77736 0.33270 0.76595 0.32329 0.75496 0.31974 0.74610 0.32130 0.74465 0.33207 0.73978 0.34939 0.71647 0.37452 0.69365 0.38677 0.67887 0.38938 0.67431 0.40847 0.67464 0.43629 0.67805 0.45214 0.68358 0.46625 0.69258 0.48615 0.70026 0.50033 0.71033 0.50907 0.72023 0.51509 0.73494 0.52073
4 0.50969 0.09844 0.50737 0.08171 0.49868 0.06483 0.48613 0.05244 0.46990 0.04324 0.45892 0.03978 0.44598 0.04079 0.43061 0.04605 0.42456 0.05854 0.42313 0.07561 0.42480 0.09468 0.42996 0.12519 0.43935 0.15560 0.44704 0.17043 0.46078 0.18832 0.47163 0.19466 0.47778 0.19231 0.49242 0.17576 0.50321 0.15894 0.51100 0.11789 0.50969 0.09844
4 0.20464 0.78429 0.21965 0.80754 0.24246 0.81099 0.26214 0.81590 0.27885 0.82064 0.29061 0.81903 0.29900 0.81580 0.30422 0.80364 0.31193 0.78902 0.31806 0.75709 0.32103 0.72343 0.32208 0.69049 0.31932 0.67193 0.31092 0.64446 0.30524 0.63099 0.29768 0.61975 0.29069 0.61184 0.28215 0.61525 0.27435 0.61853 0.26286 0.61675 0.25464 0.61477 0.24734 0.61225 0.23368 0.60971 0.22545 0.60621 0.21792 0.59953 0.20910 0.58925 0.19816 0.59346 0.18622 0.60928 0.17823 0.63164 0.17429 0.66547 0.17829 0.71695 0.18012 0.73453 0.18734 0.75535 0.19626 0.77282 0.20001 0.77825 0.20464 0.78429
4 0.67633 0.23671 0.68231 0.22742 0.68345 0.21488 0.68057 0.19162 0.67164 0.16349 0.66533 0.14495 0.65756 0.12163 0.65349 0.11412 0.64614 0.10353 0.62819 0.09162 0.61720 0.08807 0.60525 0.08423 0.58903 0.09138 0.58491 0.09612 0.58860 0.10106 0.59255 0.11070 0.59310 0.12387 0.58917 0.14512 0.57705 0.16280 0.56923 0.18931 0.56651 0.20671 0.57018 0.22754 0.57741 0.24089 0.58912 0.25026 0.61319 0.25195 0.63043 0.25120 0.64495 0.24544 0.66600 0.24036 0.67633 0.23671
