2 0.69275 0.44112 0.69133 0.43971 0.68802 0.44065 0.68342 0.43912 0.67080 0.43389 0.66401 0.43340 0.66007 0.43482 0.64976 0.44327 0.63636 0.45085 0.63071 0.45341 0.62833 0.45348 0.62678 0.45482 0.62622 0.45903 0.62700 0.46369 0.62727 0.46700 0.63290 0.47388 0.63995 0.47906 0.64590 0.48368 0.65580 0.48102 0.66529 0.47609 0.67737 0.47068 0.68225 0.46516 0.69023 0.44936 0.69290 0.44363 0.69275 0.44112
4 0.68305 0.47470 0.68224 0.46570 0.68753 0.45485 0.69298 0.44420 0.69382 0.44145 0.69178 0.43958 0.68840 0.44035 0.68380 0.43929 0.67869 0.43687 0.67096 0.43369 0.66380 0.43343 0.65987 0.43485 0.64920 0.44306 0.63521 0.45097 0.62511 0.45405 0.62453 0.46862 0.62518 0.47294 0.63179 0.48499 0.64246 0.50308 0.64621 0.50828 0.65238 0.51419 0.65917 0.51112 0.66775 0.50211 0.67840 0.48415 0.68305 0.47470
4 0.48917 0.49969 0.49227 0.49540 0.49225 0.48741 0.49534 0.47457 0.49534 0.46492 0.48532 0.46167 0.46882 0.45916 0.45960 0.45889 0.45127 0.46013 0.44709 0.46324 0.44474 0.47180 0.44286 0.48529 0.44458 0.49608 0.44665 0.51123 0.45099 0.52300 0.45627 0.53016 0.46305 0.53080 0.47207 0.52712 0.48078 0.51298 0.48917 0.49969
4 0.36454 0.43309 0.36838 0.42417 0.35705 0.42245 0.34056 0.41151 0.33397 0.40598 0.32783 0.40167 0.32043 0.40352 0.31874 0.40826 0.32058 0.41314 0.32120 0.41751 0.31887 0.43279 0.31803 0.44285 0.32273 0.46042 0.32933 0.47687 0.33257 0.48408 0.33709 0.48445 0.34679 0.47266 0.35430 0.46392 0.35728 0.45169 0.36454 0.43309
4 0.63335 0.54264 0.63676 0.53321 0.63988 0.51648 0.64180 0.50281 0.63282 0.48756 0.62490 0.47310 0.62100 0.46961 0.61361 0.48126 0.60579 0.49153 0.59986 0.49684 0.59678 0.50430 0.59338 0.51150 0.60221 0.52635 0.61205 0.54644 0.62156 0.54920 0.62990 0.54741 0.63335 0.54264
4 0.43838 0.48444 0.44328 0.47354 0.44452 0.46559 0.44443 0.45955 0.43746 0.45950 0.43155 0.46259 0.42303 0.46152 0.42270 0.45654 0.42231 0.45177 0.41771 0.44982 0.40745 0.44411 0.40237 0.45452 0.40371 0.46285 0.40545 0.47461 0.40428 0.49128 0.40520 0.50597 0.40758 0.51432 0.41329 0.51207 0.42233 0.50057 0.43132 0.48994 0.43838 0.48444
4 0.53184 0.52663 0.53910 0.51661 0.54336 0.50459 0.54934 0.48407 0.54994 0.47826 0.54145 0.47426 0.53229 0.46732 0.52373 0.46367 0.51359 0.46040 0.50569 0.46136 0.50288 0.46443 0.50090 0.47140 0.49863 0.48016 0.49871 0.48519 0.49572 0.49545 0.49401 0.51195 0.49835 0.52910 0.50272 0.53698 0.51411 0.53961 0.52492 0.53357 0.53184 0.52663
4 0.58906 0.51681 0.59124 0.50469 0.59446 0.49987 0.59795 0.49065 0.59924 0.48129 0.59817 0.47306 0.59612 0.46535 0.59105 0.46046 0.58417 0.45758 0.57867 0.45890 0.56785 0.46235 0.56237 0.46461 0.55835 0.46758 0.55016 0.47999 0.54727 0.49677 0.54854 0.51489 0.55557 0.53377 0.56008 0.54317 0.56820 0.54876 0.57382 0.54690 0.57941 0.53984 0.58520 0.52873 0.58906 0.51681
2 0.33631 0.45037 0.33883 0.45134 0.34072 0.45100 0.34363 0.45103 0.34641 0.45128 0.35033 0.45180 0.35300 0.45139 0.35717 0.45158 0.36296 0.43654 0.36464 0.43151 0.36828 0.42359 0.35752 0.42252 0.34350 0.41400 0.33888 0.40945 0.33296 0.40602 0.32880 0.40248 0.32602 0.40184 0.32064 0.40395 0.31875 0.40803 0.32056 0.41322 0.32118 0.41761 0.31876 0.43330 0.31871 0.43612 0.32304 0.43003 0.32694 0.42952 0.32967 0.43517 0.33164 0.44117 0.33348 0.44546 0.33631 0.45037
2 0.40048 0.43628 0.39410 0.43161 0.38891 0.43254 0.38974 0.44126 0.38575 0.44620 0.38237 0.44702 0.37326 0.45877 0.36947 0.45363 0.36613 0.44966 0.36223 0.45729 0.36029 0.46110 0.35558 0.45842 0.35179 0.48099 0.35155 0.49586 0.35541 0.50687 0.36499 0.50535 0.37943 0.48897 0.39261 0.47496 0.40294 0.46562 0.40214 0.45372 0.40673 0.44305 0.40048 0.43628
2 0.46545 0.52019 0.46630 0.51536 0.46593 0.50767 0.46249 0.50507 0.45849 0.50157 0.45362 0.49400 0.45029 0.48459 0.44541 0.48076 0.44333 0.48530 0.44386 0.49045 0.44544 0.50075 0.44741 0.51268 0.45084 0.52056 0.45452 0.52656 0.45699 0.52778 0.46263 0.52418 0.46545 0.52019
2 0.58294 0.51256 0.57540 0.51951 0.56784 0.52266 0.55998 0.52130 0.55527 0.52756 0.55383 0.53057 0.55980 0.54398 0.56809 0.54857 0.57471 0.54630 0.57913 0.54065 0.58507 0.52909 0.58894 0.51617 0.59030 0.50513 0.58294 0.51256
2 0.42198 0.49131 0.41698 0.48951 0.41250 0.48100 0.41097 0.47162 0.40600 0.47266 0.40550 0.47964 0.40509 0.49076 0.40518 0.50638 0.40784 0.51383 0.41312 0.51144 0.41844 0.50441 0.42490 0.49650 0.42709 0.49300 0.42198 0.49131
2 0.61497 0.54624 0.62141 0.54729 0.62713 0.54504 0.63140 0.54202 0.63385 0.53523 0.63640 0.52869 0.63802 0.52104 0.63405 0.52280 0.62898 0.52030 0.62442 0.51367 0.61850 0.50718 0.61162 0.50671 0.60647 0.50908 0.60246 0.50392 0.60116 0.49672 0.59912 0.49847 0.59705 0.50357 0.59364 0.51191 0.59470 0.51439 0.59951 0.51995 0.60515 0.52638 0.60869 0.53098 0.61105 0.54200 0.61497 0.54624
4 0.38162 0.48649 0.39335 0.47494 0.40400 0.46737 0.40232 0.45473 0.40750 0.44390 0.40279 0.43724 0.39470 0.43047 0.38656 0.43037 0.37522 0.42865 0.36884 0.42606 0.36286 0.43715 0.35705 0.45141 0.35323 0.46924 0.35095 0.48230 0.35109 0.49459 0.35305 0.50217 0.35616 0.50802 0.36459 0.50751 0.37457 0.49645 0.38162 0.48649
