4 0.71453 0.56802 0.72280 0.57554 0.73827 0.57946 0.75509 0.56869 0.76449 0.55298 0.77430 0.52506 0.78219 0.47892 0.78828 0.41492 0.78734 0.35846 0.78321 0.32005 0.77930 0.28554 0.77422 0.27433 0.75472 0.25809 0.74336 0.27001 0.71196 0.31237 0.68906 0.35179 0.68116 0.36902 0.68220 0.42289 0.68255 0.46506 0.67662 0.49923 0.68277 0.52150 0.69866 0.54062 0.70789 0.55497 0.71453 0.56802
4 0.44526 0.56731 0.47458 0.57211 0.49254 0.57166 0.50934 0.56954 0.52336 0.55976 0.53453 0.54448 0.54375 0.51561 0.54949 0.48176 0.55276 0.39702 0.55069 0.33425 0.54345 0.29779 0.53549 0.27319 0.52338 0.26304 0.50755 0.26356 0.47668 0.27708 0.45966 0.29432 0.44023 0.32823 0.43026 0.37004 0.42631 0.43098 0.42169 0.50217 0.42358 0.53520 0.42525 0.55688 0.43290 0.56417 0.44526 0.56731
4 0.26354 0.56474 0.28073 0.55994 0.28687 0.54934 0.28638 0.53743 0.28650 0.50771 0.29126 0.38032 0.28333 0.32005 0.27495 0.27274 0.26820 0.23953 0.26209 0.23175 0.24746 0.22422 0.22182 0.22710 0.19766 0.25707 0.19069 0.30871 0.18341 0.41277 0.18210 0.48515 0.18410 0.53224 0.18913 0.54485 0.20126 0.55446 0.24902 0.56261 0.26354 0.56474
4 0.20617 0.61166 0.20345 0.57642 0.20175 0.55529 0.18993 0.54569 0.18428 0.53306 0.16739 0.53787 0.16057 0.59385 0.15795 0.66888 0.16095 0.74844 0.16542 0.76859 0.17779 0.77119 0.19066 0.75975 0.20575 0.71920 0.21338 0.69244 0.21029 0.64152 0.20617 0.61166
4 0.13078 0.50930 0.12534 0.46479 0.12586 0.39779 0.12909 0.32277 0.13327 0.28130 0.12328 0.25393 0.11563 0.22934 0.10594 0.20198 0.09834 0.24549 0.09416 0.28696 0.09227 0.34095 0.09128 0.38685 0.09352 0.42693 0.09948 0.47416 0.10742 0.50795 0.11270 0.52218 0.12133 0.51870 0.13078 0.50930
4 0.50482 0.59181 0.50618 0.57024 0.47629 0.57298 0.43398 0.56556 0.42578 0.55663 0.42331 0.53168 0.41875 0.53152 0.41617 0.54440 0.40870 0.55819 0.42555 0.77227 0.43191 0.79898 0.44490 0.81024 0.46456 0.81309 0.47845 0.80709 0.48934 0.78261 0.50146 0.74033 0.50450 0.70531 0.50291 0.63769 0.50482 0.59181
4 0.57243 0.54932 0.59104 0.56650 0.60236 0.57517 0.61566 0.58088 0.62624 0.58087 0.64207 0.57504 0.65305 0.56267 0.66135 0.54869 0.66730 0.52901 0.67558 0.50184 0.68198 0.46639 0.68143 0.37773 0.67905 0.35009 0.67312 0.31097 0.66209 0.27869 0.65204 0.27023 0.64353 0.27188 0.61484 0.28385 0.58947 0.30512 0.56352 0.34313 0.55576 0.36502 0.55494 0.42337 0.55209 0.47894 0.55148 0.49621 0.55647 0.52325 0.56278 0.53585 0.57243 0.54932
4 0.92959 0.56712 0.94499 0.54694 0.95235 0.53188 0.95913 0.51185 0.94917 0.44890 0.93751 0.41291 0.92330 0.38449 0.90877 0.36506 0.89890 0.35751 0.88287 0.38127 0.87344 0.42644 0.87084 0.47184 0.86754 0.50820 0.86042 0.53813 0.87109 0.53715 0.88691 0.55572 0.90437 0.56354 0.91869 0.56719 0.92959 0.56712
4 0.93743 0.61011 0.92754 0.58004 0.91642 0.56776 0.89690 0.56059 0.88515 0.55748 0.87468 0.57009 0.87252 0.57974 0.86496 0.56975 0.85519 0.56238 0.84924 0.55839 0.83262 0.57294 0.82368 0.57641 0.81292 0.57117 0.80972 0.57593 0.81302 0.59442 0.81483 0.61232 0.81407 0.68634 0.81544 0.69935 0.83012 0.73176 0.84821 0.76212 0.86137 0.77717 0.86750 0.78441 0.89086 0.75982 0.91805 0.72996 0.93009 0.70714 0.94231 0.67947 0.94335 0.64977 0.93743 0.61011
4 0.72156 0.60093 0.72093 0.57551 0.71363 0.56660 0.70743 0.55288 0.69932 0.54124 0.68269 0.52120 0.67644 0.49991 0.66172 0.54696 0.65328 0.56234 0.64345 0.57388 0.62616 0.58139 0.61677 0.58052 0.61829 0.70678 0.63011 0.74547 0.64591 0.78656 0.66785 0.82561 0.67942 0.82827 0.69274 0.81666 0.70361 0.79272 0.71171 0.76111 0.71951 0.71166 0.72233 0.65717 0.72156 0.60093
4 0.25767 0.56481 0.22324 0.55820 0.20177 0.55475 0.21010 0.63827 0.21298 0.69512 0.21576 0.72008 0.22013 0.75159 0.22791 0.76375 0.24107 0.76151 0.25881 0.74105 0.26561 0.70291 0.26718 0.67540 0.26301 0.62931 0.25993 0.59569 0.25767 0.56481
4 0.61308 0.69559 0.61614 0.58273 0.60392 0.57582 0.58003 0.55617 0.57095 0.54727 0.56348 0.53668 0.55637 0.52243 0.55345 0.50433 0.54526 0.50718 0.54427 0.51390 0.53488 0.54330 0.52310 0.56094 0.50617 0.57132 0.50329 0.62689 0.50953 0.72764 0.52187 0.77401 0.53996 0.81302 0.56004 0.83102 0.57874 0.83437 0.59590 0.82200 0.60315 0.79793 0.61191 0.74743 0.61308 0.69559
4 0.81432 0.61825 0.81270 0.59495 0.80873 0.56940 0.80516 0.56712 0.78544 0.54859 0.77464 0.54443 0.76604 0.54683 0.76365 0.55432 0.75431 0.56912 0.73784 0.57936 0.73224 0.58295 0.72524 0.59189 0.72322 0.62371 0.72496 0.66971 0.72791 0.69846 0.73710 0.73986 0.75522 0.79562 0.77094 0.82428 0.78734 0.83350 0.79675 0.82518 0.80727 0.80284 0.81071 0.76513 0.81314 0.68684 0.81383 0.64958 0.81432 0.61825
4 0.82315 0.57634 0.83089 0.57402 0.84933 0.55780 0.85509 0.54957 0.86067 0.53614 0.86836 0.50398 0.87196 0.43211 0.87168 0.37762 0.86978 0.33799 0.86702 0.31260 0.85435 0.29918 0.84114 0.29094 0.83276 0.29065 0.81331 0.31462 0.79319 0.34764 0.78677 0.36428 0.78758 0.41425 0.78351 0.46794 0.77822 0.50665 0.77401 0.53117 0.78005 0.54630 0.80451 0.56661 0.82315 0.57634
4 0.34192 0.57505 0.36291 0.57470 0.38189 0.57969 0.39738 0.57158 0.40842 0.56007 0.41470 0.54570 0.42261 0.51949 0.42207 0.50001 0.42963 0.37056 0.42192 0.33030 0.41035 0.28719 0.39672 0.25969 0.38115 0.24402 0.36835 0.23600 0.35061 0.23917 0.31708 0.25907 0.30119 0.31365 0.29264 0.37551 0.29019 0.43704 0.28542 0.51254 0.28665 0.54717 0.29009 0.56189 0.30586 0.57163 0.32378 0.57225 0.34192 0.57505
4 0.18345 0.42034 0.18853 0.31836 0.18127 0.29109 0.17066 0.27288 0.15695 0.25619 0.14898 0.25807 0.14429 0.26169 0.13712 0.27549 0.12998 0.32335 0.12599 0.39401 0.12599 0.46373 0.13093 0.51363 0.13593 0.52732 0.14608 0.53253 0.17150 0.53613 0.18499 0.53281 0.18208 0.48569 0.18345 0.42034
4 0.32873 0.61918 0.32630 0.59315 0.32548 0.57312 0.30489 0.57078 0.29002 0.56107 0.28738 0.54963 0.28127 0.55915 0.26281 0.56553 0.25738 0.56426 0.26893 0.69492 0.27424 0.76915 0.27905 0.78823 0.29452 0.79796 0.31382 0.77648 0.32711 0.74397 0.33847 0.71464 0.33868 0.70006 0.33389 0.66314 0.32873 0.61918
4 0.41462 0.71946 0.41602 0.67952 0.41325 0.61943 0.40927 0.55929 0.39788 0.57187 0.38084 0.58100 0.36312 0.57498 0.34089 0.57582 0.32580 0.57259 0.32628 0.59369 0.32971 0.62623 0.33750 0.69029 0.34385 0.74348 0.35126 0.78373 0.36771 0.80052 0.38835 0.79259 0.39860 0.77782 0.40910 0.74684 0.41462 0.71946
