4 0.24203 0.46829 0.24864 0.48391 0.25715 0.49798 0.26411 0.49850 0.27524 0.49590 0.29054 0.48730 0.29576 0.48235 0.30462 0.47428 0.31175 0.46672 0.31523 0.45943 0.31314 0.44484 0.31193 0.42504 0.31106 0.40655 0.31158 0.39483 0.29941 0.38519 0.28289 0.37138 0.26742 0.36148 0.25055 0.35758 0.24446 0.36252 0.24064 0.36773 0.23925 0.37425 0.23803 0.40863 0.23890 0.44797 0.23907 0.45552 0.24203 0.46829
4 0.65057 0.65423 0.64973 0.66705 0.65244 0.67768 0.66976 0.68299 0.68562 0.69455 0.69730 0.70206 0.71546 0.71518 0.71859 0.68393 0.72276 0.64829 0.72234 0.60765 0.71859 0.59140 0.70356 0.57577 0.69668 0.56764 0.68750 0.56108 0.68332 0.55951 0.66872 0.55920 0.66329 0.56264 0.65912 0.57358 0.65912 0.58984 0.65704 0.61860 0.65057 0.65423
4 0.27605 0.65829 0.27730 0.67768 0.27855 0.69768 0.27855 0.70080 0.29253 0.69205 0.30234 0.68768 0.31465 0.68267 0.33134 0.67924 0.34615 0.67486 0.35304 0.66642 0.35241 0.65767 0.35011 0.60015 0.34740 0.59140 0.33968 0.57014 0.33551 0.56358 0.33008 0.55733 0.32236 0.55827 0.31715 0.55920 0.31360 0.55827 0.30734 0.56420 0.30025 0.57202 0.29816 0.57358 0.29482 0.57202 0.29086 0.57358 0.28710 0.57733 0.28544 0.58171 0.28126 0.59640 0.27876 0.61453 0.27667 0.63204 0.27605 0.65829
4 0.40638 0.36464 0.39887 0.39727 0.39787 0.41678 0.40087 0.46292 0.40323 0.48610 0.40503 0.50039 0.40648 0.50456 0.41059 0.50816 0.42939 0.51280 0.45876 0.51341 0.46179 0.51341 0.46470 0.51341 0.46950 0.51288 0.48062 0.51288 0.50656 0.51270 0.51317 0.51142 0.51794 0.50712 0.51925 0.50125 0.51820 0.49135 0.51890 0.46427 0.52010 0.42413 0.51958 0.40305 0.51302 0.37162 0.50358 0.35789 0.48728 0.33797 0.47822 0.33219 0.47146 0.32874 0.45621 0.32600 0.44219 0.32713 0.42641 0.33313 0.41389 0.34438 0.40638 0.36464
4 0.52411 0.38129 0.51985 0.40643 0.51910 0.44919 0.51885 0.49195 0.52010 0.50020 0.52286 0.50771 0.52787 0.51333 0.55365 0.51521 0.58345 0.51296 0.60248 0.51033 0.63027 0.50358 0.63277 0.49795 0.63603 0.47357 0.64003 0.44731 0.64179 0.41393 0.64154 0.38880 0.63503 0.35353 0.62426 0.33516 0.61525 0.32690 0.60273 0.31865 0.58495 0.31603 0.56642 0.32165 0.54314 0.34228 0.53112 0.36254 0.52411 0.38129
4 0.73999 0.38312 0.73060 0.39375 0.72455 0.40156 0.72184 0.40531 0.72309 0.42595 0.72288 0.45502 0.71934 0.47096 0.71746 0.47909 0.72163 0.48565 0.74396 0.49690 0.76232 0.49909 0.77859 0.49597 0.78519 0.48208 0.79195 0.46283 0.79300 0.40657 0.79194 0.37686 0.79152 0.36374 0.78902 0.35467 0.78590 0.35155 0.77630 0.34905 0.76420 0.35467 0.75105 0.36968 0.73999 0.38312
4 0.63471 0.66861 0.64702 0.67517 0.65077 0.65485 0.65724 0.61797 0.65954 0.58859 0.65870 0.57296 0.65745 0.56858 0.65495 0.56483 0.64368 0.56264 0.63367 0.56295 0.61155 0.56889 0.59695 0.57327 0.58025 0.57671 0.57984 0.57827 0.58338 0.58140 0.58443 0.58296 0.58422 0.58984 0.58025 0.66267 0.60717 0.66298 0.61760 0.66236 0.63471 0.66861
4 0.51807 0.67580 0.54353 0.66548 0.56127 0.65923 0.56940 0.66111 0.57984 0.66204 0.58255 0.61735 0.58401 0.58296 0.58025 0.57796 0.54833 0.58171 0.50764 0.58358 0.50577 0.58702 0.50347 0.59796 0.50493 0.63641 0.50430 0.67955 0.51807 0.67580
4 0.12713 0.62482 0.12651 0.63763 0.13214 0.64295 0.14111 0.64138 0.14967 0.63263 0.15280 0.62982 0.16135 0.62700 0.17158 0.61606 0.17721 0.59668 0.18848 0.57293 0.19473 0.56230 0.20245 0.55448 0.19015 0.55917 0.18430 0.55917 0.17867 0.55480 0.17158 0.55229 0.16365 0.55229 0.14946 0.56011 0.13715 0.58105 0.13110 0.60543 0.12713 0.62482
4 0.20823 0.61860 0.20344 0.63548 0.20385 0.66580 0.20531 0.69018 0.20803 0.71018 0.21283 0.72175 0.21721 0.72550 0.22826 0.72456 0.23974 0.70675 0.25143 0.68799 0.26123 0.66986 0.27020 0.65767 0.27605 0.64954 0.27625 0.63391 0.27750 0.62641 0.28064 0.59796 0.27145 0.58640 0.26311 0.57421 0.25560 0.56608 0.24788 0.56014 0.24558 0.55951 0.23932 0.55983 0.23494 0.56264 0.22847 0.56983 0.22054 0.58077 0.21700 0.58890 0.20823 0.61860
4 0.42690 0.65955 0.42878 0.68361 0.43691 0.68768 0.44818 0.69049 0.46320 0.69299 0.47551 0.69143 0.49095 0.68705 0.49930 0.68361 0.50347 0.67080 0.50493 0.63516 0.50326 0.59921 0.50472 0.58890 0.50159 0.58327 0.47614 0.58077 0.44714 0.57764 0.43211 0.57796 0.42919 0.58077 0.42815 0.59265 0.42773 0.62047 0.42690 0.65955
4 0.81999 0.65404 0.81978 0.62466 0.81728 0.59684 0.81290 0.58090 0.80392 0.56433 0.79391 0.55495 0.78410 0.54870 0.77596 0.54713 0.76845 0.54901 0.76094 0.55401 0.75614 0.56057 0.76595 0.56589 0.77889 0.58465 0.78535 0.60903 0.78786 0.64654 0.79537 0.65842 0.80455 0.66967 0.81811 0.67155 0.81999 0.65404
4 0.64154 0.41505 0.64079 0.43531 0.63903 0.45294 0.64254 0.47095 0.64612 0.48530 0.65066 0.49275 0.65772 0.49457 0.67361 0.49434 0.67944 0.49545 0.68268 0.49496 0.69343 0.49125 0.69579 0.49010 0.70621 0.48891 0.71000 0.48660 0.71120 0.48504 0.71441 0.48345 0.71860 0.47533 0.71959 0.47135 0.72268 0.45299 0.72259 0.42135 0.72150 0.39613 0.72110 0.37940 0.72060 0.36829 0.71990 0.36291 0.71565 0.35241 0.71164 0.34716 0.70438 0.34416 0.69762 0.34453 0.69086 0.34941 0.68535 0.35391 0.67383 0.37304 0.66282 0.39630 0.65230 0.40868 0.64154 0.41505
4 0.17747 0.46358 0.18000 0.47871 0.18432 0.49005 0.18973 0.50086 0.19334 0.50518 0.20740 0.50194 0.21533 0.49653 0.22254 0.49060 0.23264 0.48303 0.23480 0.47817 0.24057 0.46520 0.23877 0.45386 0.23840 0.43658 0.23840 0.40903 0.22510 0.40034 0.21177 0.38356 0.20127 0.36906 0.19514 0.36366 0.19117 0.36204 0.18505 0.36906 0.17711 0.39120 0.17567 0.42037 0.17639 0.43928 0.17747 0.46358
4 0.17221 0.61629 0.17206 0.62780 0.17235 0.64798 0.17308 0.65992 0.17511 0.66122 0.18482 0.65189 0.19206 0.64451 0.20351 0.63626 0.21177 0.60652 0.21655 0.58980 0.22060 0.58156 0.22857 0.56962 0.23509 0.56267 0.23394 0.55920 0.22930 0.55594 0.22321 0.55225 0.21756 0.55030 0.20974 0.55117 0.20220 0.55529 0.19525 0.56137 0.18858 0.57157 0.18163 0.58698 0.17685 0.59892 0.17221 0.61629
4 0.35241 0.65892 0.35387 0.67486 0.37140 0.67236 0.38079 0.67517 0.40353 0.67893 0.41751 0.68267 0.42731 0.68455 0.42752 0.66986 0.42669 0.65923 0.42773 0.59734 0.42857 0.58358 0.42523 0.57764 0.39998 0.57233 0.38600 0.56858 0.37787 0.56389 0.36868 0.56358 0.35596 0.56702 0.35241 0.57546 0.35095 0.59296 0.35095 0.61547 0.35241 0.65892
4 0.76520 0.72253 0.77246 0.71916 0.77922 0.70415 0.78423 0.67377 0.78723 0.64113 0.78548 0.60887 0.77897 0.58412 0.76695 0.56686 0.75459 0.56080 0.73686 0.56468 0.72552 0.57569 0.71011 0.58226 0.71863 0.59199 0.72213 0.60737 0.72313 0.63551 0.72338 0.64789 0.73715 0.66739 0.74667 0.69177 0.75643 0.71353 0.76520 0.72253
4 0.31453 0.45500 0.31818 0.47350 0.32184 0.48365 0.32792 0.49147 0.33540 0.49460 0.34583 0.49590 0.35557 0.49928 0.36935 0.49774 0.37413 0.49551 0.37998 0.49234 0.39246 0.48875 0.39712 0.48391 0.40130 0.47506 0.40112 0.46620 0.39904 0.44406 0.39677 0.40915 0.39399 0.39847 0.38287 0.38857 0.37452 0.38024 0.36722 0.36331 0.35765 0.35211 0.34948 0.34559 0.34096 0.34143 0.33349 0.34038 0.32531 0.34377 0.32010 0.34950 0.31662 0.35523 0.31280 0.37893 0.31088 0.40551 0.31227 0.43208 0.31453 0.45500
4 0.79284 0.41547 0.79222 0.43454 0.79222 0.46299 0.78846 0.47268 0.79576 0.49081 0.80766 0.49518 0.81955 0.50175 0.82477 0.50081 0.83249 0.49081 0.83750 0.47205 0.84229 0.44673 0.84334 0.41641 0.84146 0.39265 0.83603 0.37109 0.83249 0.36921 0.82143 0.38203 0.81162 0.39484 0.80161 0.40828 0.79284 0.41547
