2 0.77537 0.19420 0.78683 0.18992 0.79514 0.18827 0.80165 0.18905 0.80814 0.18960 0.81473 0.19182 0.82083 0.19412 0.82629 0.19723 0.82994 0.19818 0.83054 0.19348 0.82913 0.18252 0.82291 0.16423 0.81814 0.14186 0.81625 0.12757 0.81278 0.11180 0.80880 0.10048 0.80663 0.09665 0.80322 0.09471 0.79458 0.09495 0.78256 0.10149 0.76797 0.11204 0.76109 0.12028 0.75585 0.12950 0.75221 0.13754 0.75508 0.15169 0.75709 0.16960 0.76288 0.18310 0.76884 0.19245 0.77537 0.19420
4 0.75337 0.63945 0.75178 0.57606 0.75020 0.53882 0.74928 0.50361 0.74542 0.47093 0.73952 0.46540 0.71753 0.46001 0.71316 0.45497 0.70768 0.45503 0.69795 0.46135 0.69267 0.47057 0.68532 0.47302 0.67642 0.47215 0.66855 0.46830 0.65374 0.47746 0.64479 0.48931 0.64037 0.50478 0.64046 0.52102 0.65149 0.56824 0.65147 0.59935 0.65261 0.60484 0.67029 0.65254 0.67774 0.68471 0.68845 0.72703 0.71406 0.78617 0.72864 0.79592 0.73621 0.78731 0.75377 0.75955 0.76085 0.71615 0.75948 0.67252 0.75337 0.63945
4 0.42607 0.94695 0.43896 0.94230 0.44642 0.90945 0.44998 0.84887 0.44228 0.80189 0.44182 0.76732 0.43233 0.71282 0.42667 0.68817 0.42891 0.65463 0.42443 0.60195 0.42265 0.57629 0.41602 0.53128 0.41353 0.52868 0.41075 0.52201 0.40808 0.51643 0.40385 0.51326 0.39924 0.51014 0.39249 0.51008 0.38052 0.50611 0.37240 0.50066 0.35966 0.49980 0.32950 0.48990 0.31602 0.48944 0.30835 0.49387 0.30443 0.50408 0.30441 0.53165 0.31324 0.59226 0.32742 0.64976 0.32974 0.67063 0.34588 0.76962 0.36022 0.84647 0.36676 0.88371 0.39303 0.93321 0.40832 0.95085 0.42607 0.94695
4 0.88551 0.71771 0.88556 0.69721 0.88309 0.65515 0.88130 0.63985 0.87844 0.62470 0.87417 0.57087 0.86619 0.50626 0.86402 0.48042 0.85553 0.44344 0.84675 0.40439 0.84326 0.39781 0.83819 0.39155 0.81217 0.39794 0.79690 0.40355 0.77897 0.42734 0.76489 0.45477 0.75684 0.48346 0.74994 0.51766 0.75310 0.61828 0.76550 0.61796 0.77835 0.61827 0.78156 0.62913 0.79649 0.70407 0.81632 0.75924 0.84381 0.82465 0.85639 0.84903 0.87021 0.85628 0.88657 0.84762 0.89357 0.82190 0.89052 0.78981 0.88966 0.76024 0.88551 0.71771
4 0.06368 0.51762 0.07007 0.51156 0.09078 0.49197 0.09653 0.50035 0.10344 0.50970 0.10963 0.51569 0.12090 0.50188 0.12375 0.49505 0.12504 0.48602 0.11663 0.46417 0.10995 0.42581 0.10734 0.39083 0.11362 0.34875 0.10850 0.34826 0.09060 0.33028 0.07440 0.30358 0.06382 0.27488 0.05370 0.24429 0.04143 0.22862 0.03105 0.21884 0.02287 0.21455 0.01533 0.21116 0.01037 0.21963 0.00773 0.26595 0.00748 0.30061 0.00230 0.34445 0.00192 0.36783 0.00417 0.41770 0.00863 0.48069 0.01570 0.51037 0.02077 0.52019 0.03792 0.52393 0.06368 0.51762
4 0.52990 0.76796 0.52288 0.69395 0.52285 0.66576 0.52083 0.62787 0.51860 0.58860 0.51370 0.54335 0.51192 0.52805 0.49568 0.51408 0.46737 0.50533 0.44750 0.50459 0.43291 0.51017 0.43147 0.51815 0.42560 0.52322 0.42077 0.52531 0.41533 0.53091 0.42279 0.57874 0.42902 0.62311 0.43846 0.65641 0.45627 0.70763 0.47500 0.75235 0.48956 0.78564 0.50217 0.81285 0.51731 0.81638 0.52678 0.79526 0.52990 0.76796
4 0.31883 0.43780 0.32536 0.43217 0.33846 0.43209 0.35905 0.42449 0.38126 0.42843 0.41513 0.43722 0.42793 0.43719 0.43965 0.43378 0.44621 0.43050 0.44989 0.41761 0.45037 0.38633 0.44664 0.35328 0.43580 0.30002 0.42724 0.25646 0.42298 0.24351 0.42396 0.23749 0.41153 0.20330 0.39541 0.16670 0.37922 0.14482 0.36666 0.13363 0.35748 0.12903 0.34310 0.12869 0.32526 0.13415 0.30880 0.14941 0.30236 0.17742 0.29623 0.24660 0.29352 0.30765 0.29301 0.33658 0.29594 0.38565 0.30244 0.42538 0.30722 0.43767 0.31883 0.43780
2 0.73169 0.17712 0.73578 0.20381 0.73820 0.17913 0.74186 0.16335 0.73892 0.14364 0.73595 0.13205 0.72474 0.11804 0.71894 0.11268 0.71417 0.11465 0.71948 0.13923 0.72836 0.16655 0.73169 0.17712
1 0.86453 0.80563 0.86388 0.81081 0.86893 0.81374 0.87191 0.81526 0.87605 0.81516 0.88038 0.81116 0.88182 0.80441 0.88186 0.79664 0.88083 0.78757 0.88498 0.78577 0.88696 0.77846 0.88754 0.77182 0.88769 0.75773 0.88589 0.74755 0.88511 0.74112 0.88564 0.72794 0.88399 0.72065 0.88232 0.72841 0.88057 0.74102 0.87702 0.75414 0.87568 0.76161 0.87278 0.76687 0.87007 0.77356 0.87087 0.78193 0.86817 0.78328 0.86730 0.77977 0.86752 0.77149 0.86525 0.76428 0.86299 0.75805 0.85768 0.75686 0.85393 0.76151 0.85284 0.76627 0.85345 0.77153 0.85583 0.77677 0.85845 0.78028 0.85789 0.78788 0.85977 0.78786 0.86185 0.78927 0.86082 0.79887 0.86453 0.80563
2 0.01516 0.26315 0.00760 0.26338 0.00827 0.30059 0.00238 0.34208 0.00400 0.34898 0.00850 0.36554 0.01818 0.37884 0.02863 0.38366 0.03963 0.37080 0.04529 0.35240 0.04418 0.32908 0.04164 0.30638 0.03093 0.28734 0.02218 0.27139 0.01516 0.26315
1 0.26766 0.31484 0.26908 0.31747 0.27138 0.31371 0.27404 0.31252 0.27819 0.32791 0.28461 0.32742 0.28843 0.32405 0.29080 0.32007 0.29289 0.31554 0.28928 0.30553 0.28690 0.29900 0.28326 0.29546 0.28001 0.29168 0.27817 0.28607 0.27496 0.28187 0.26994 0.27813 0.26611 0.27402 0.26045 0.27097 0.25605 0.27017 0.24905 0.27480 0.25234 0.28100 0.25565 0.28074 0.25838 0.27935 0.26107 0.28281 0.26034 0.28655 0.26098 0.29333 0.26340 0.30088 0.26119 0.30826 0.26236 0.31437 0.26766 0.31484
1 0.24090 0.28080 0.24036 0.28592 0.23872 0.28615 0.23623 0.28630 0.23418 0.28962 0.23736 0.29362 0.24027 0.29422 0.24402 0.30078 0.24758 0.30007 0.25078 0.29821 0.25096 0.29353 0.25021 0.28676 0.24867 0.28173 0.24420 0.27972 0.24090 0.28080
1 0.18584 0.29505 0.18510 0.29853 0.18462 0.30011 0.18662 0.30623 0.18845 0.30934 0.18921 0.31159 0.19009 0.31417 0.19093 0.31203 0.19020 0.30808 0.19052 0.30417 0.18945 0.30027 0.18740 0.29685 0.18584 0.29505
1 0.18439 0.35304 0.18214 0.35133 0.17947 0.35221 0.17884 0.35079 0.17722 0.34545 0.17534 0.34387 0.17402 0.34321 0.17271 0.34626 0.17422 0.35144 0.17535 0.35515 0.17276 0.35349 0.17176 0.35380 0.16971 0.35662 0.16799 0.35737 0.16637 0.36012 0.16837 0.36759 0.17266 0.37136 0.17516 0.37304 0.17632 0.37321 0.17662 0.36913 0.17812 0.36740 0.18124 0.36848 0.18487 0.36140 0.18535 0.35611 0.18439 0.35304
1 0.83613 0.76372 0.84053 0.76553 0.84150 0.76175 0.84045 0.75511 0.84090 0.74850 0.84314 0.74478 0.84125 0.73850 0.83617 0.73364 0.83315 0.73357 0.82878 0.72570 0.82754 0.73388 0.82773 0.73967 0.83067 0.74726 0.83226 0.75408 0.83363 0.76116 0.83613 0.76372
1 0.20002 0.34051 0.20016 0.33527 0.19767 0.33310 0.19646 0.33192 0.19455 0.33135 0.19267 0.33228 0.19290 0.33394 0.19601 0.33552 0.19705 0.33858 0.19748 0.34542 0.19897 0.34605 0.20002 0.34051
1 0.14227 0.32876 0.13705 0.32027 0.13309 0.30458 0.13550 0.29405 0.13537 0.28242 0.13003 0.27566 0.12684 0.28071 0.12386 0.29253 0.12198 0.30153 0.11939 0.31257 0.11759 0.32301 0.11694 0.32820 0.11651 0.33675 0.11724 0.34732 0.12032 0.35586 0.12125 0.34724 0.12336 0.34257 0.12489 0.33921 0.12135 0.35426 0.12143 0.36104 0.12670 0.36103 0.13460 0.35822 0.14011 0.35186 0.14220 0.34526 0.14940 0.33843 0.15034 0.33078 0.14683 0.32812 0.14227 0.32876
1 0.10125 0.16171 0.09880 0.16569 0.09846 0.17132 0.09760 0.17775 0.09667 0.18006 0.09390 0.18360 0.09626 0.20486 0.09937 0.22068 0.10078 0.22630 0.10375 0.22419 0.10009 0.19365 0.10252 0.17608 0.10460 0.16851 0.10585 0.16227 0.10342 0.16019 0.10125 0.16171
1 0.25360 0.88469 0.25088 0.88022 0.24875 0.87627 0.24557 0.87227 0.24364 0.87193 0.24193 0.87460 0.24675 0.88808 0.25048 0.89746 0.25438 0.89691 0.26022 0.89528 0.26380 0.89094 0.26383 0.88446 0.25859 0.87772 0.25737 0.87870 0.25611 0.88393 0.25360 0.88469
1 0.03709 0.33220 0.03646 0.33768 0.03536 0.34474 0.03358 0.35190 0.03188 0.35904 0.03030 0.36398 0.02826 0.36309 0.02437 0.35656 0.02105 0.35467 0.01813 0.35373 0.01613 0.35132 0.01321 0.35661 0.01245 0.36110 0.01802 0.36975 0.02582 0.37742 0.03158 0.37745 0.03677 0.36964 0.03911 0.36089 0.04126 0.35385 0.04200 0.34667 0.04068 0.34096 0.03919 0.33409 0.03709 0.33220
1 0.78968 0.16551 0.79257 0.16462 0.79727 0.16323 0.80215 0.16400 0.80475 0.16193 0.80841 0.16385 0.81192 0.16917 0.81507 0.17455 0.81853 0.17504 0.81952 0.16956 0.81877 0.16069 0.81650 0.15349 0.81276 0.14383 0.81405 0.14049 0.81407 0.13079 0.81288 0.12149 0.80942 0.11203 0.80670 0.10611 0.80131 0.10080 0.79578 0.09988 0.79145 0.10218 0.78692 0.10743 0.78434 0.11143 0.78277 0.11723 0.77916 0.11750 0.77556 0.12140 0.77407 0.12597 0.77189 0.13817 0.76794 0.14940 0.76569 0.15481 0.76844 0.15563 0.77291 0.15792 0.77567 0.16505 0.77741 0.16578 0.78162 0.15912 0.78526 0.16176 0.78968 0.16551
2 0.52439 0.09267 0.51815 0.10763 0.52509 0.11068 0.55282 0.11332 0.57486 0.12934 0.58658 0.14781 0.59497 0.16122 0.59276 0.13990 0.58504 0.11282 0.57315 0.09487 0.55927 0.08324 0.55068 0.07589 0.52439 0.09267
4 0.13357 0.51604 0.14118 0.52432 0.14942 0.52966 0.15827 0.53107 0.16830 0.52740 0.17596 0.52043 0.18412 0.51881 0.18579 0.51269 0.19976 0.51073 0.20591 0.49855 0.21469 0.47965 0.22388 0.46363 0.22905 0.45160 0.23379 0.43821 0.23988 0.41821 0.24376 0.40241 0.24708 0.38627 0.24934 0.35356 0.24729 0.33176 0.24437 0.32186 0.23798 0.31981 0.23160 0.30693 0.22316 0.30311 0.20392 0.27866 0.19386 0.26653 0.18179 0.23683 0.16260 0.20642 0.14427 0.17931 0.12691 0.15884 0.11023 0.14835 0.09577 0.15643 0.09195 0.17807 0.10113 0.23635 0.10919 0.29822 0.11413 0.35289 0.10772 0.38972 0.11060 0.42801 0.11622 0.46256 0.12389 0.48458 0.12665 0.49691 0.13357 0.51604
2 0.94554 0.75579 0.95672 0.75260 0.96015 0.73615 0.95711 0.71548 0.94815 0.69456 0.94714 0.70335 0.94653 0.71399 0.94695 0.72097 0.94606 0.72758 0.94322 0.73231 0.93847 0.72540 0.93605 0.72412 0.93467 0.72729 0.93242 0.73518 0.94554 0.75579
1 0.15579 0.84607 0.13802 0.84307 0.11617 0.78787 0.10341 0.75653 0.10332 0.76799 0.10452 0.78255 0.10876 0.80364 0.11899 0.83574 0.12675 0.85633 0.13741 0.87487 0.15057 0.87957 0.16218 0.87180 0.17135 0.85865 0.17860 0.82736 0.18579 0.78054 0.19320 0.73982 0.20343 0.71466 0.20503 0.71206 0.19452 0.65730 0.19216 0.65693 0.18738 0.66680 0.18681 0.68530 0.18597 0.69748 0.18044 0.70930 0.17590 0.72911 0.15579 0.84607
4 0.94676 0.57077 0.93808 0.49650 0.93097 0.45848 0.91945 0.42024 0.89766 0.39955 0.88017 0.38759 0.86882 0.38495 0.85452 0.38950 0.84703 0.40497 0.86382 0.48064 0.86560 0.50584 0.87436 0.57755 0.87867 0.62698 0.89835 0.65136 0.91731 0.69874 0.93271 0.73644 0.94554 0.75584 0.95650 0.75260 0.95988 0.73601 0.95470 0.69603 0.94628 0.64547 0.94676 0.62081 0.94676 0.57077
4 0.24813 0.32042 0.24991 0.30950 0.25405 0.31107 0.25703 0.31395 0.25792 0.32024 0.25965 0.32565 0.25998 0.33225 0.26247 0.34397 0.26714 0.34403 0.26951 0.34084 0.27230 0.33547 0.27760 0.32954 0.28236 0.33027 0.28803 0.32616 0.29339 0.31972 0.29400 0.28763 0.29443 0.26892 0.28120 0.24719 0.27204 0.23083 0.26560 0.22484 0.25429 0.21730 0.24227 0.21967 0.22619 0.23215 0.21813 0.24385 0.21577 0.26225 0.22286 0.28000 0.22871 0.30406 0.23209 0.30802 0.23785 0.32016 0.24421 0.32267 0.24813 0.32042
4 0.77550 0.38568 0.78702 0.39670 0.79456 0.40225 0.80461 0.39999 0.83849 0.39073 0.85077 0.37874 0.85244 0.36503 0.85421 0.33789 0.85072 0.29368 0.84378 0.24868 0.83521 0.20273 0.82654 0.16510 0.81452 0.09674 0.80898 0.07919 0.79486 0.06625 0.77162 0.06247 0.76503 0.06459 0.75716 0.07265 0.74545 0.08965 0.73341 0.10372 0.72323 0.11033 0.71395 0.11494 0.71871 0.13632 0.73137 0.17950 0.73713 0.22364 0.73989 0.25887 0.73798 0.31088 0.73361 0.33609 0.74112 0.34920 0.74851 0.35800 0.76597 0.37353 0.77550 0.38568
4 0.54830 0.41006 0.57107 0.40737 0.59173 0.40251 0.60145 0.39572 0.60967 0.39456 0.61745 0.39398 0.62704 0.38966 0.63634 0.39276 0.64511 0.39543 0.64984 0.38943 0.65368 0.37828 0.65003 0.34699 0.64330 0.30697 0.63481 0.27280 0.62192 0.23824 0.61168 0.20866 0.60492 0.18514 0.59578 0.16166 0.59295 0.14153 0.58529 0.11292 0.57473 0.09532 0.55821 0.07932 0.55116 0.07607 0.53686 0.08368 0.52448 0.09280 0.49870 0.13119 0.48888 0.18007 0.48560 0.26739 0.48964 0.34112 0.49656 0.38290 0.50542 0.41218 0.51005 0.41637 0.51744 0.41830 0.52750 0.41391 0.54830 0.41006
4 0.28860 0.96038 0.30514 0.93278 0.31036 0.90490 0.31546 0.85466 0.31452 0.77769 0.31515 0.73027 0.32222 0.70239 0.33015 0.68575 0.32861 0.67070 0.32753 0.65050 0.32272 0.63506 0.31075 0.61554 0.30035 0.60088 0.28392 0.57873 0.26738 0.56290 0.25045 0.54335 0.24436 0.53437 0.23660 0.52070 0.23203 0.51354 0.22727 0.51030 0.21096 0.51014 0.19817 0.50948 0.18508 0.51225 0.18293 0.51840 0.18426 0.57708 0.18966 0.63739 0.20121 0.69768 0.20936 0.75252 0.21953 0.82488 0.23283 0.88832 0.24866 0.92596 0.27528 0.96344 0.28050 0.96805 0.28860 0.96038
4 0.71928 0.38753 0.72588 0.37458 0.72908 0.36353 0.73265 0.33687 0.73767 0.31002 0.73805 0.27887 0.73907 0.24975 0.73558 0.20924 0.73185 0.18008 0.72846 0.16642 0.72195 0.14613 0.71889 0.13737 0.71378 0.11406 0.68046 0.13217 0.66316 0.14450 0.65095 0.15399 0.63939 0.17328 0.64505 0.19793 0.64914 0.23482 0.65373 0.25184 0.66150 0.28892 0.66954 0.31748 0.68250 0.35241 0.69328 0.37705 0.70231 0.38921 0.71079 0.39225 0.71928 0.38753
4 0.17477 0.73130 0.18778 0.69625 0.19183 0.68861 0.18218 0.62777 0.17015 0.57080 0.16019 0.53897 0.15687 0.53096 0.14906 0.52951 0.14077 0.52413 0.13329 0.51623 0.12755 0.49938 0.12368 0.49533 0.12050 0.50186 0.11189 0.51332 0.10896 0.51642 0.09738 0.51055 0.08568 0.50586 0.07752 0.50861 0.07326 0.51626 0.06558 0.53575 0.05781 0.55428 0.05292 0.56218 0.04913 0.57430 0.04666 0.58928 0.04782 0.60142 0.06161 0.65532 0.07877 0.70450 0.10409 0.75961 0.13014 0.82521 0.14025 0.84500 0.15473 0.84650 0.15904 0.83812 0.16585 0.80323 0.16946 0.77163 0.17477 0.73130
4 0.61295 0.81439 0.62404 0.81795 0.63805 0.81461 0.64653 0.80592 0.64352 0.77192 0.64323 0.73344 0.65113 0.61882 0.65046 0.56506 0.64519 0.54263 0.64013 0.52425 0.63274 0.51813 0.61549 0.50590 0.58514 0.50471 0.55815 0.50611 0.54822 0.51330 0.54680 0.51828 0.54709 0.52914 0.54749 0.53318 0.55214 0.56252 0.56043 0.60396 0.57207 0.66164 0.58670 0.73934 0.59808 0.77763 0.60623 0.80170 0.61295 0.81439
1 0.20255 0.38678 0.21023 0.35821 0.21145 0.32712 0.20843 0.30202 0.20064 0.28642 0.18219 0.27086 0.16234 0.24174 0.14300 0.21992 0.12074 0.20980 0.10818 0.21450 0.10296 0.22800 0.10603 0.25702 0.11466 0.35103 0.11393 0.36389 0.10886 0.38571 0.11069 0.40411 0.11613 0.38862 0.12200 0.36521 0.13690 0.36459 0.15119 0.37584 0.16930 0.39979 0.17707 0.40263 0.19570 0.39412 0.20255 0.38678
