4 0.74036 0.23988 0.73438 0.25642 0.72788 0.26688 0.72086 0.26789 0.71197 0.26587 0.70752 0.26587 0.71325 0.31994 0.71597 0.38023 0.71744 0.43954 0.71477 0.48565 0.71231 0.50549 0.72360 0.51197 0.73386 0.51400 0.73879 0.51724 0.75254 0.51643 0.75788 0.51238 0.76486 0.50954 0.77040 0.50873 0.77574 0.50103 0.78025 0.47835 0.78292 0.45972 0.78497 0.43866 0.78703 0.41679 0.78846 0.38802 0.78851 0.33614 0.78424 0.28146 0.78184 0.24568 0.77233 0.19463 0.76020 0.19352 0.75148 0.20241 0.74464 0.22334 0.74036 0.23988
4 0.07228 0.45282 0.08055 0.47032 0.08824 0.47615 0.09947 0.47732 0.11395 0.47090 0.13287 0.45516 0.14440 0.44640 0.15799 0.43182 0.15445 0.41549 0.15149 0.37700 0.15297 0.34025 0.15474 0.29534 0.15977 0.26501 0.16036 0.24693 0.15415 0.23526 0.13405 0.21951 0.11425 0.19560 0.10243 0.18102 0.08706 0.17052 0.06105 0.16177 0.05336 0.16585 0.04854 0.17554 0.04804 0.18393 0.04804 0.20085 0.04656 0.21134 0.04775 0.25859 0.04775 0.33267 0.06252 0.43124 0.07228 0.45282
4 0.44654 0.22832 0.43200 0.25421 0.42171 0.27522 0.42349 0.34451 0.42526 0.39000 0.42668 0.42500 0.42597 0.46210 0.43058 0.48379 0.44300 0.51599 0.44974 0.52439 0.46712 0.53139 0.47953 0.52999 0.48520 0.52929 0.50046 0.53419 0.52103 0.53489 0.53309 0.53489 0.54337 0.52929 0.55685 0.53419 0.57399 0.53417 0.58264 0.53185 0.58763 0.52276 0.58766 0.51527 0.58783 0.47738 0.58673 0.46298 0.58506 0.41276 0.58261 0.35500 0.57600 0.29271 0.57208 0.25631 0.56828 0.23233 0.56290 0.21643 0.55129 0.19430 0.54288 0.17927 0.53500 0.17095 0.52670 0.16672 0.51758 0.16844 0.50861 0.17092 0.49797 0.17652 0.47811 0.18772 0.46286 0.20452 0.44654 0.22832
4 0.78423 0.26961 0.78849 0.33471 0.78884 0.37950 0.78636 0.42360 0.78246 0.46699 0.77643 0.50339 0.78353 0.50549 0.79097 0.50409 0.79736 0.50969 0.80658 0.51179 0.81119 0.50759 0.81580 0.48589 0.81899 0.45650 0.82254 0.38510 0.82396 0.33681 0.82466 0.26191 0.82431 0.20032 0.82218 0.18562 0.81012 0.21992 0.79913 0.25002 0.79275 0.26261 0.78423 0.26961
4 0.08014 0.67692 0.08812 0.72650 0.09580 0.76207 0.10615 0.76733 0.12566 0.76091 0.14192 0.75391 0.15965 0.73816 0.17679 0.72008 0.18329 0.71133 0.19216 0.66992 0.19009 0.63784 0.18980 0.57893 0.19600 0.53810 0.19866 0.51710 0.19275 0.51010 0.18034 0.52585 0.17177 0.52001 0.16586 0.50718 0.16054 0.49667 0.14517 0.48735 0.13039 0.48385 0.11945 0.48385 0.10763 0.48794 0.10053 0.49377 0.09137 0.49902 0.08605 0.50427 0.07896 0.52293 0.07512 0.54743 0.07364 0.58243 0.07512 0.62151 0.08014 0.67692
4 0.16027 0.26419 0.15465 0.30560 0.15229 0.36102 0.15258 0.38435 0.15613 0.42751 0.16382 0.44909 0.17505 0.46892 0.18628 0.48058 0.19485 0.49050 0.20372 0.49692 0.21731 0.50333 0.23049 0.50280 0.24575 0.49744 0.25367 0.49050 0.26904 0.48058 0.27524 0.47417 0.28411 0.46192 0.29298 0.45375 0.29653 0.43976 0.29830 0.43334 0.29682 0.41467 0.29682 0.38026 0.29653 0.33010 0.29712 0.30502 0.29800 0.27702 0.29889 0.25603 0.29682 0.23794 0.28677 0.21403 0.26845 0.17903 0.25012 0.15803 0.23712 0.14579 0.22559 0.13470 0.21229 0.12945 0.20283 0.12945 0.18805 0.16095 0.17239 0.19653 0.15968 0.22978 0.16027 0.26419
4 0.32517 0.71716 0.32664 0.74399 0.32990 0.76441 0.33344 0.78657 0.34201 0.80232 0.35384 0.82973 0.36743 0.83907 0.38458 0.84140 0.40408 0.82507 0.41354 0.79941 0.42329 0.75857 0.43659 0.69208 0.44458 0.63201 0.44990 0.57951 0.45078 0.55093 0.44723 0.53868 0.44339 0.52818 0.41443 0.51827 0.39315 0.51010 0.35679 0.50952 0.34822 0.51827 0.34349 0.53051 0.33640 0.55443 0.33255 0.60109 0.32812 0.66233 0.32517 0.71716
1 0.00000 0.44840 0.00011 0.45279 0.00436 0.45489 0.01465 0.45209 0.02813 0.44369 0.05225 0.42829 0.06076 0.41779 0.04799 0.33310 0.04728 0.23791 0.04090 0.22671 0.03628 0.22391 0.02493 0.22041 0.01323 0.21061 0.00011 0.20921 0.00000 0.21048 0.00000 0.44840
4 0.00000 0.54221 0.00046 0.68027 0.00224 0.68656 0.00614 0.69566 0.02387 0.68306 0.03912 0.66837 0.05934 0.65857 0.06892 0.64737 0.07459 0.61937 0.07388 0.58228 0.07565 0.54798 0.07814 0.52278 0.08239 0.51018 0.07175 0.50318 0.05898 0.49198 0.04444 0.47798 0.03522 0.47099 0.01890 0.46399 0.00578 0.46538 0.00000 0.46807 0.00000 0.54221
4 0.19571 0.75799 0.20132 0.80349 0.21167 0.81982 0.23531 0.83323 0.25039 0.83323 0.27403 0.82157 0.28733 0.79882 0.29679 0.77549 0.30980 0.75216 0.32014 0.73758 0.32487 0.71950 0.32960 0.63609 0.33669 0.55501 0.33521 0.54043 0.33196 0.52876 0.32280 0.51477 0.30832 0.50252 0.29147 0.49144 0.27492 0.48619 0.26192 0.48619 0.25482 0.48969 0.24595 0.49610 0.23236 0.50193 0.21403 0.51243 0.20310 0.52468 0.19630 0.53927 0.19009 0.58184 0.19098 0.63784 0.19571 0.75799
4 0.45699 0.84129 0.46231 0.84653 0.46940 0.85295 0.47502 0.85412 0.48270 0.85353 0.48950 0.84945 0.49600 0.83837 0.50517 0.81854 0.50930 0.80220 0.51581 0.77887 0.52260 0.74388 0.53206 0.70072 0.53709 0.66630 0.54595 0.60564 0.54743 0.57531 0.54530 0.55927 0.54341 0.55245 0.54031 0.54661 0.53543 0.54119 0.52937 0.53955 0.52523 0.54002 0.52048 0.54002 0.51439 0.53804 0.50774 0.53635 0.49745 0.53600 0.49095 0.53402 0.48276 0.53600 0.47933 0.53705 0.47505 0.53431 0.46890 0.53431 0.46222 0.53431 0.45743 0.53535 0.45350 0.53670 0.45078 0.53938 0.44854 0.54311 0.45060 0.55256 0.44992 0.57752 0.44575 0.61711 0.43931 0.67645 0.43650 0.70410 0.43559 0.72566 0.43985 0.74855 0.44546 0.78762 0.45019 0.82378 0.45699 0.84129
4 0.70408 0.81066 0.70833 0.78827 0.71614 0.74977 0.72678 0.67768 0.73600 0.60418 0.74096 0.55589 0.73954 0.53559 0.73493 0.51529 0.72607 0.51319 0.71188 0.50549 0.70833 0.52159 0.70266 0.53139 0.70337 0.54469 0.70301 0.56849 0.68563 0.68678 0.67286 0.75327 0.67748 0.76937 0.68422 0.79737 0.69379 0.80996 0.70408 0.81066
4 0.31283 0.18562 0.30361 0.21012 0.30148 0.22832 0.29829 0.27592 0.29651 0.34241 0.29687 0.39980 0.29935 0.44250 0.30290 0.46840 0.30857 0.48870 0.31496 0.49849 0.32170 0.50339 0.33659 0.50409 0.34014 0.50199 0.35610 0.50759 0.37206 0.50619 0.38448 0.50409 0.39547 0.50689 0.40753 0.50549 0.41427 0.49919 0.42136 0.48450 0.42420 0.46070 0.42633 0.42430 0.42384 0.36060 0.42207 0.31161 0.42171 0.26472 0.41391 0.23322 0.39902 0.18982 0.39050 0.16883 0.37738 0.14853 0.37029 0.13943 0.36142 0.13103 0.34794 0.13383 0.33198 0.14713 0.32240 0.16113 0.31283 0.18562
4 0.62459 0.22041 0.61253 0.23651 0.60367 0.25401 0.59586 0.27081 0.58629 0.28621 0.57742 0.30370 0.58290 0.35457 0.58408 0.38197 0.58592 0.41566 0.58664 0.44719 0.58707 0.46467 0.58824 0.47752 0.58805 0.51044 0.58783 0.51982 0.59282 0.52861 0.59745 0.53562 0.61592 0.53407 0.63042 0.53233 0.63523 0.53188 0.64481 0.53538 0.66042 0.53398 0.67637 0.53258 0.70262 0.53048 0.70794 0.52208 0.71255 0.50318 0.71539 0.48009 0.71681 0.45279 0.71787 0.43529 0.71645 0.40939 0.71610 0.38629 0.71539 0.36390 0.71468 0.35060 0.71291 0.31770 0.70865 0.27710 0.70652 0.25751 0.70440 0.23301 0.70085 0.21481 0.69482 0.20781 0.68879 0.19801 0.68170 0.18961 0.67425 0.18541 0.66574 0.18332 0.65368 0.18961 0.63843 0.20431 0.62459 0.22041
4 0.53049 0.70952 0.52376 0.74333 0.52943 0.76853 0.53759 0.78742 0.54468 0.82172 0.54752 0.84342 0.55355 0.84902 0.56703 0.84972 0.57483 0.84762 0.58086 0.83782 0.58618 0.81962 0.59647 0.78463 0.60888 0.73773 0.62023 0.68314 0.63193 0.61454 0.63548 0.58305 0.63548 0.56625 0.63442 0.55435 0.63052 0.55155 0.62706 0.54393 0.61952 0.53965 0.60321 0.54035 0.58973 0.53895 0.57421 0.54229 0.56534 0.54282 0.54823 0.54665 0.54504 0.55295 0.54787 0.57115 0.54610 0.60404 0.53723 0.66493 0.53049 0.70952
4 0.63499 0.82445 0.64583 0.82931 0.65445 0.81619 0.66233 0.78848 0.67416 0.74182 0.68475 0.68884 0.70251 0.56863 0.70351 0.54443 0.70167 0.53088 0.67112 0.53330 0.64376 0.53640 0.62716 0.54002 0.62945 0.54948 0.63406 0.55454 0.63610 0.58073 0.63048 0.62409 0.61975 0.68757 0.60938 0.73890 0.61553 0.76223 0.62071 0.79285 0.62514 0.81181 0.63499 0.82445
