4 0.74603 0.36821 0.73615 0.42775 0.72526 0.48607 0.71306 0.53061 0.70653 0.54951 0.71623 0.55820 0.72584 0.56231 0.72999 0.56651 0.74361 0.56857 0.74967 0.56572 0.75709 0.56440 0.76267 0.56476 0.76950 0.55834 0.77863 0.53709 0.78511 0.51942 0.79150 0.49925 0.79805 0.47828 0.80544 0.45045 0.81628 0.39971 0.82346 0.34534 0.82856 0.30984 0.82986 0.25793 0.81823 0.25432 0.80786 0.26120 0.79681 0.28025 0.78919 0.29554 0.77990 0.31047 0.77136 0.31935 0.76430 0.31888 0.75602 0.31505 0.75167 0.31413 0.74603 0.36821
4 0.16331 0.37364 0.17964 0.36220 0.17957 0.34549 0.18468 0.30723 0.19377 0.27159 0.20484 0.22803 0.21606 0.19940 0.22040 0.18184 0.21675 0.16914 0.20036 0.14956 0.18597 0.12205 0.17744 0.10533 0.16458 0.09186 0.14096 0.07790 0.13260 0.08029 0.12587 0.08877 0.12363 0.09687 0.12012 0.11342 0.11649 0.12338 0.10782 0.16984 0.09242 0.24230 0.08638 0.34179 0.09143 0.36492 0.09589 0.38376 0.10220 0.39106 0.11294 0.39454 0.12844 0.39128 0.15022 0.37981 0.16331 0.37364
4 0.43547 0.44753 0.43547 0.46972 0.44092 0.50379 0.44576 0.51340 0.46131 0.52387 0.47374 0.52508 0.47944 0.52557 0.49334 0.53354 0.51331 0.53850 0.52511 0.54101 0.53633 0.53767 0.54850 0.54526 0.56527 0.54881 0.57421 0.54834 0.58098 0.54049 0.58257 0.53316 0.59061 0.49613 0.59253 0.48182 0.60134 0.43235 0.61095 0.37535 0.61744 0.31304 0.62117 0.27662 0.62244 0.25238 0.62048 0.23571 0.61372 0.21164 0.60863 0.19519 0.60265 0.18542 0.59541 0.17956 0.58614 0.17934 0.57684 0.17990 0.56527 0.18317 0.54351 0.19000 0.52510 0.20325 0.50420 0.22314 0.48459 0.24545 0.47016 0.26385 0.45749 0.33200 0.44977 0.37687 0.44388 0.41140 0.43547 0.44753
4 0.77619 0.56432 0.78376 0.56450 0.78885 0.57130 0.79743 0.57528 0.80281 0.57213 0.81183 0.55186 0.82107 0.52377 0.83938 0.45468 0.85081 0.40773 0.86707 0.33462 0.87953 0.27430 0.88051 0.25948 0.86158 0.29052 0.84457 0.31768 0.83570 0.32867 0.82592 0.33374 0.81655 0.39830 0.80758 0.44219 0.79599 0.48481 0.78315 0.52644 0.76969 0.56079 0.77619 0.56432
4 0.11757 0.66220 0.13810 0.64807 0.14628 0.64086 0.16356 0.60220 0.16820 0.57039 0.18017 0.51271 0.19472 0.47406 0.20169 0.45408 0.19736 0.44600 0.18195 0.45882 0.17478 0.45133 0.17166 0.43755 0.16865 0.42616 0.15555 0.41385 0.14182 0.40736 0.13112 0.40508 0.11871 0.40662 0.11056 0.41085 0.10050 0.41408 0.09421 0.41811 0.08339 0.43489 0.07454 0.45805 0.06582 0.49198 0.05914 0.53051 0.05253 0.58576 0.05003 0.63591 0.05015 0.67231 0.05918 0.67960 0.07959 0.67738 0.09695 0.67391 0.11757 0.66220
4 0.18861 0.40204 0.19717 0.41578 0.20349 0.42727 0.21083 0.43538 0.22280 0.44449 0.23580 0.44671 0.25184 0.44463 0.26103 0.43950 0.27812 0.43299 0.28552 0.42801 0.29675 0.41787 0.30712 0.41172 0.31350 0.39877 0.31657 0.39286 0.31900 0.37430 0.32616 0.34063 0.33630 0.29151 0.34209 0.26710 0.34878 0.23990 0.35401 0.21955 0.35575 0.20143 0.35089 0.17595 0.34024 0.13790 0.32668 0.11355 0.31651 0.09887 0.30753 0.08563 0.29562 0.07773 0.28637 0.07577 0.26536 0.10350 0.24264 0.13505 0.22330 0.16493 0.21672 0.19871 0.20262 0.23805 0.18878 0.29176 0.18422 0.31464 0.17872 0.35760 0.18175 0.38031 0.18861 0.40204
4 0.29983 0.80410 0.31612 0.80994 0.33859 0.79802 0.35318 0.77489 0.37121 0.73697 0.39804 0.67470 0.41834 0.61760 0.43446 0.56736 0.44127 0.53958 0.44035 0.52686 0.43877 0.51580 0.41250 0.50007 0.39338 0.48766 0.35794 0.47953 0.34774 0.48631 0.34057 0.49730 0.32866 0.51922 0.31520 0.56407 0.29813 0.62305 0.28384 0.67607 0.27970 0.70262 0.27864 0.72326 0.27750 0.74568 0.28261 0.76287 0.28847 0.79214 0.29983 0.80410
1 0.08745 0.32826 0.09257 0.24277 0.11166 0.14951 0.10775 0.13723 0.10382 0.13353 0.09345 0.12775 0.08404 0.11573 0.07149 0.11163 0.07112 0.11285 0.02165 0.34557 0.02085 0.34989 0.02457 0.35282 0.03522 0.35223 0.05015 0.34681 0.07694 0.33676 0.08745 0.32826
4 0.00000 0.57771 0.01419 0.56887 0.03600 0.56349 0.04770 0.55452 0.05907 0.52832 0.06608 0.49188 0.07495 0.45870 0.08262 0.43457 0.08940 0.42314 0.08045 0.41407 0.07029 0.40046 0.05897 0.38375 0.05141 0.37499 0.03691 0.36475 0.02378 0.36339 0.01756 0.36481 0.00215 0.43733 0.00000 0.44762 0.00000 0.57771
4 0.22985 0.74807 0.24395 0.72722 0.26153 0.70710 0.27468 0.69499 0.28306 0.67829 0.30503 0.59769 0.32883 0.51986 0.33041 0.50529 0.32966 0.49320 0.32360 0.47760 0.31198 0.46261 0.29781 0.44827 0.28271 0.43969 0.26999 0.43699 0.26232 0.43894 0.25232 0.44337 0.23780 0.44625 0.21770 0.45270 0.20445 0.46241 0.19477 0.47526 0.17985 0.51562 0.16907 0.57058 0.14872 0.68909 0.14475 0.73476 0.15147 0.75288 0.17181 0.77092 0.18656 0.77405 0.21211 0.76756 0.22985 0.74807
4 0.42574 0.83014 0.43883 0.81265 0.44627 0.79753 0.45748 0.77607 0.47140 0.74325 0.48963 0.70300 0.50170 0.67038 0.52299 0.61289 0.53074 0.58353 0.53199 0.56739 0.53156 0.56032 0.52974 0.55397 0.52609 0.54766 0.52051 0.54480 0.51636 0.54440 0.51171 0.54341 0.50616 0.54020 0.50001 0.53716 0.49002 0.53468 0.48407 0.53139 0.47565 0.53163 0.47208 0.53194 0.46846 0.52837 0.46245 0.52709 0.45591 0.52570 0.45101 0.52573 0.44689 0.52623 0.44367 0.52829 0.44070 0.53147 0.44076 0.54114 0.43490 0.56542 0.42259 0.60327 0.40395 0.65998 0.39546 0.68644 0.39008 0.70734 0.38948 0.73061 0.38685 0.77000 0.38396 0.80635 0.38697 0.82488 0.39108 0.83112 0.39669 0.83887 0.40194 0.84119 0.40958 0.84221 0.41707 0.83963 0.42574 0.83014
4 0.72691 0.58461 0.72662 0.56380 0.71838 0.55990 0.70611 0.54942 0.69929 0.56443 0.69170 0.57284 0.68963 0.58599 0.68434 0.60920 0.64274 0.72129 0.61643 0.78367 0.61759 0.80038 0.61836 0.82917 0.62511 0.84348 0.63502 0.84630 0.64385 0.82528 0.65948 0.78925 0.68488 0.72094 0.70918 0.65097 0.72408 0.60476 0.72691 0.58461
4 0.31569 0.40204 0.31378 0.42811 0.31511 0.44914 0.31931 0.46005 0.32489 0.46625 0.33931 0.47003 0.34322 0.46871 0.35766 0.47751 0.37357 0.47946 0.38615 0.47999 0.39632 0.48501 0.40841 0.48615 0.41631 0.48139 0.42630 0.46848 0.43403 0.44580 0.44367 0.41064 0.45449 0.34782 0.46294 0.29952 0.47234 0.25358 0.47126 0.22115 0.46571 0.17560 0.46175 0.15330 0.45313 0.13071 0.44809 0.12034 0.44116 0.11028 0.42740 0.11022 0.40902 0.11991 0.39674 0.13161 0.38228 0.15358 0.36817 0.17562 0.36230 0.19298 0.34928 0.23887 0.33372 0.30354 0.32214 0.35976 0.31569 0.40204
4 0.61133 0.37498 0.60678 0.40203 0.60157 0.43537 0.59573 0.46635 0.59251 0.48354 0.59099 0.49636 0.58395 0.52852 0.58179 0.53764 0.58485 0.54729 0.58792 0.55510 0.60630 0.55743 0.62085 0.55874 0.62565 0.55930 0.63429 0.56471 0.64985 0.56659 0.66575 0.56854 0.69186 0.57194 0.69881 0.56483 0.70725 0.54730 0.71482 0.52530 0.72189 0.49890 0.72657 0.48200 0.73056 0.45637 0.73502 0.43371 0.73898 0.41165 0.74105 0.39850 0.74616 0.36595 0.75043 0.32536 0.75243 0.30574 0.75544 0.28134 0.75575 0.26280 0.75131 0.25470 0.74745 0.24386 0.74226 0.23417 0.73585 0.22852 0.72796 0.22469 0.71485 0.22835 0.69688 0.23955 0.68000 0.25243 0.66486 0.26567 0.65255 0.28094 0.64142 0.29575 0.62885 0.30882 0.61654 0.32409 0.61133 0.37498
4 0.47981 0.85252 0.49285 0.85601 0.50092 0.85558 0.50886 0.84725 0.51785 0.83056 0.53518 0.79846 0.55707 0.75517 0.57953 0.70413 0.60524 0.63947 0.61525 0.60940 0.61875 0.59297 0.62018 0.58110 0.61695 0.57756 0.61515 0.56939 0.60867 0.56363 0.59256 0.56092 0.57967 0.55676 0.56380 0.55680 0.55501 0.55547 0.53748 0.55566 0.53305 0.56115 0.53204 0.57954 0.52346 0.61135 0.50213 0.66907 0.48626 0.71128 0.47265 0.74295 0.47296 0.76878 0.47701 0.78896 0.47682 0.82398 0.47508 0.84579 0.47981 0.85252
4 0.68381 0.60924 0.68983 0.58577 0.69084 0.57214 0.66046 0.56815 0.63305 0.56550 0.61606 0.56558 0.61633 0.57532 0.61979 0.58122 0.61634 0.60727 0.60183 0.64851 0.57813 0.70837 0.55732 0.75642 0.55849 0.78052 0.55718 0.81155 0.55758 0.83101 0.56459 0.84542 0.57418 0.85243 0.58534 0.84139 0.59881 0.81593 0.62007 0.77274 0.64145 0.72312 0.68381 0.60924
