4 0.46438 0.41170 0.47479 0.40562 0.48633 0.39749 0.49497 0.39270 0.50790 0.38145 0.52859 0.36982 0.53121 0.36178 0.53414 0.34658 0.53990 0.29042 0.54289 0.24195 0.54295 0.21186 0.54110 0.18361 0.53946 0.16699 0.53670 0.15646 0.53174 0.15233 0.51892 0.17056 0.50669 0.19472 0.49245 0.23691 0.48053 0.28141 0.47416 0.30530 0.47233 0.33089 0.47158 0.35213 0.46748 0.38932 0.46342 0.40973 0.46438 0.41170
4 0.25335 0.55784 0.25982 0.54458 0.26458 0.53411 0.26948 0.51965 0.26875 0.51102 0.26858 0.49731 0.27011 0.47276 0.27117 0.45413 0.26593 0.44518 0.26080 0.43868 0.25513 0.43204 0.25006 0.42877 0.24262 0.42811 0.23803 0.43501 0.23376 0.44521 0.23233 0.45611 0.22872 0.49421 0.22739 0.50875 0.22640 0.53866 0.22619 0.57520 0.23607 0.58047 0.24136 0.57656 0.24799 0.56897 0.25335 0.55784
4 0.27482 0.53505 0.27679 0.53639 0.28018 0.53603 0.28347 0.53323 0.28802 0.52592 0.29275 0.52308 0.29418 0.52424 0.29787 0.52154 0.30262 0.51629 0.30515 0.51250 0.30709 0.50816 0.31179 0.50370 0.31586 0.49787 0.31965 0.49119 0.32358 0.48292 0.32763 0.47187 0.33174 0.45882 0.33279 0.45345 0.33156 0.44229 0.33153 0.42741 0.33156 0.41173 0.33181 0.39290 0.33080 0.37737 0.32865 0.35833 0.32483 0.34371 0.32224 0.33221 0.31858 0.32848 0.31274 0.32542 0.30606 0.32858 0.29659 0.33547 0.28867 0.35400 0.28261 0.37540 0.27739 0.40788 0.27213 0.45200 0.26933 0.49030 0.26880 0.51027 0.26936 0.52529 0.27126 0.53337 0.27482 0.53505
4 0.36894 0.71629 0.37242 0.69946 0.37832 0.66314 0.38129 0.63855 0.37865 0.63186 0.36638 0.63443 0.34819 0.64518 0.33298 0.65666 0.32911 0.66293 0.32165 0.68882 0.31741 0.71792 0.31701 0.74315 0.31857 0.76283 0.32214 0.77096 0.33432 0.75953 0.34778 0.74760 0.35324 0.74413 0.36278 0.73928 0.36894 0.71629
4 0.18579 0.75948 0.19325 0.74164 0.18476 0.74113 0.17505 0.74554 0.16597 0.74971 0.16101 0.75692 0.15329 0.77349 0.14449 0.79381 0.13945 0.80422 0.14541 0.81374 0.15425 0.81916 0.16109 0.82569 0.16465 0.82698 0.17477 0.80538 0.17917 0.78316 0.18579 0.75948
4 0.20311 0.60844 0.21082 0.59709 0.21882 0.58461 0.22616 0.56956 0.22658 0.54715 0.22661 0.52745 0.22758 0.50799 0.22735 0.50030 0.22456 0.49478 0.21794 0.48790 0.20963 0.48382 0.20418 0.48206 0.19726 0.48676 0.19215 0.49635 0.18901 0.51124 0.18887 0.53654 0.18666 0.56212 0.18467 0.58736 0.18603 0.60900 0.18903 0.61539 0.19294 0.61756 0.20311 0.60844
4 0.44877 0.57387 0.42653 0.58844 0.42219 0.59411 0.42220 0.60859 0.41601 0.65481 0.41117 0.68738 0.41065 0.71571 0.42992 0.69784 0.44630 0.68263 0.45801 0.63633 0.47239 0.55683 0.46054 0.56218 0.44877 0.57387
4 0.56387 0.34984 0.57157 0.34372 0.58088 0.31789 0.58902 0.27891 0.59411 0.25043 0.59915 0.22274 0.60159 0.18877 0.60298 0.14690 0.60189 0.13054 0.59669 0.14332 0.59045 0.16548 0.58429 0.19652 0.57942 0.21661 0.57876 0.22328 0.57469 0.26208 0.56604 0.30253 0.56075 0.32895 0.55744 0.34220 0.56387 0.34984
4 0.50154 0.54269 0.49784 0.53886 0.48587 0.54263 0.47901 0.54528 0.47225 0.54890 0.46640 0.55369 0.46381 0.55788 0.46406 0.55892 0.47222 0.55660 0.46857 0.57886 0.45844 0.63469 0.45596 0.64806 0.45726 0.65844 0.45882 0.66860 0.46876 0.65712 0.47891 0.64680 0.48858 0.63721 0.49806 0.60500 0.50566 0.57798 0.50776 0.56401 0.50495 0.55317 0.50154 0.54269
4 0.41449 0.66953 0.42296 0.60772 0.42180 0.59145 0.39376 0.60739 0.38237 0.61428 0.37996 0.61993 0.37843 0.63206 0.38117 0.63899 0.37556 0.68136 0.37247 0.70074 0.37871 0.71550 0.37903 0.73017 0.39645 0.72200 0.40301 0.72156 0.41037 0.69004 0.41449 0.66953
4 0.30865 0.75562 0.31682 0.74157 0.31770 0.71931 0.32142 0.69045 0.32870 0.66412 0.33178 0.65853 0.33209 0.63613 0.33082 0.63312 0.32645 0.63240 0.31557 0.63905 0.30820 0.64558 0.30255 0.65527 0.29902 0.66174 0.29383 0.66145 0.29042 0.66541 0.28463 0.68240 0.27662 0.71337 0.26941 0.73651 0.26079 0.77778 0.25594 0.81918 0.26526 0.81347 0.28112 0.80170 0.29045 0.79161 0.29766 0.77567 0.30865 0.75562
4 0.20521 0.80620 0.21218 0.79118 0.21910 0.76007 0.22951 0.72648 0.23401 0.71420 0.23106 0.71213 0.22695 0.70507 0.22149 0.70203 0.21576 0.70630 0.21030 0.71332 0.20289 0.72286 0.19969 0.72709 0.19762 0.73059 0.18550 0.76141 0.17898 0.78324 0.17374 0.81242 0.17311 0.82600 0.17133 0.83695 0.17570 0.84105 0.18141 0.84550 0.18463 0.84697 0.19360 0.82877 0.20521 0.80620
4 0.39260 0.45576 0.39778 0.45242 0.40556 0.44857 0.42023 0.43949 0.42865 0.43059 0.44436 0.42234 0.45628 0.41432 0.46315 0.41082 0.46789 0.38768 0.47172 0.35159 0.47325 0.31723 0.47481 0.28114 0.47471 0.25333 0.47369 0.23918 0.47057 0.22682 0.46552 0.21804 0.45871 0.21054 0.44960 0.21059 0.44152 0.21726 0.43114 0.23320 0.42313 0.25205 0.41727 0.27143 0.40859 0.30458 0.39732 0.34809 0.39451 0.36186 0.38753 0.43133 0.38935 0.44974 0.39260 0.45576
4 0.33716 0.46754 0.34120 0.47112 0.34371 0.47303 0.35711 0.46768 0.36424 0.46464 0.38118 0.44964 0.38355 0.44388 0.38755 0.42992 0.38995 0.40784 0.39260 0.37715 0.39376 0.36007 0.38966 0.33299 0.38609 0.31135 0.38162 0.29817 0.37685 0.28830 0.37154 0.28746 0.36387 0.28989 0.35676 0.30114 0.34847 0.32610 0.34195 0.34811 0.33684 0.37482 0.33313 0.40284 0.33169 0.42034 0.33148 0.44055 0.33311 0.46025 0.33716 0.46754
4 0.23462 0.81353 0.24499 0.79400 0.25278 0.77953 0.25858 0.77260 0.26297 0.76699 0.26933 0.73574 0.27541 0.71615 0.27405 0.69905 0.27116 0.68326 0.26990 0.68160 0.26935 0.67276 0.26495 0.67266 0.26061 0.67326 0.25710 0.67439 0.25264 0.67931 0.24156 0.69832 0.22978 0.72588 0.21923 0.75910 0.21142 0.79569 0.20719 0.81842 0.20426 0.84650 0.20604 0.85566 0.21183 0.85308 0.22375 0.83695 0.23462 0.81353
4 0.15078 0.64692 0.15667 0.64422 0.17279 0.62532 0.18372 0.61137 0.18603 0.60708 0.18482 0.58802 0.18637 0.55992 0.18499 0.55055 0.17785 0.53835 0.16940 0.53346 0.16192 0.53159 0.15314 0.53496 0.14581 0.54147 0.13596 0.55708 0.13187 0.57550 0.13109 0.60450 0.12718 0.63410 0.12661 0.65132 0.12557 0.67538 0.12845 0.67679 0.13947 0.66842 0.14885 0.65270 0.15078 0.64692
4 0.53747 0.35090 0.54336 0.34513 0.54789 0.34425 0.55471 0.33992 0.55926 0.33261 0.56423 0.31093 0.57410 0.26273 0.57918 0.22218 0.57993 0.20709 0.58039 0.18509 0.57943 0.16877 0.57686 0.15606 0.57412 0.14976 0.57208 0.14643 0.57005 0.14995 0.56496 0.17039 0.55643 0.20284 0.54849 0.22780 0.54323 0.24257 0.54144 0.26585 0.53996 0.29080 0.53765 0.31275 0.53476 0.34218 0.53612 0.35056 0.53747 0.35090
