4 0.42823 0.29261 0.42783 0.31733 0.43224 0.34261 0.43665 0.36340 0.44167 0.40048 0.44267 0.42126 0.44408 0.42294 0.45270 0.41452 0.46193 0.40384 0.46916 0.39710 0.47899 0.38306 0.49624 0.36677 0.49684 0.35834 0.49601 0.34288 0.48802 0.28700 0.47919 0.23924 0.47197 0.21003 0.46334 0.18307 0.45772 0.16734 0.45250 0.15779 0.44669 0.15498 0.43866 0.17576 0.43264 0.20217 0.42903 0.24655 0.42823 0.29261
4 0.23761 0.57444 0.24388 0.60370 0.25252 0.63920 0.26338 0.64193 0.26756 0.63686 0.27216 0.62789 0.27467 0.61580 0.27773 0.60136 0.27982 0.59005 0.28108 0.57483 0.27829 0.56664 0.27481 0.55338 0.27035 0.52919 0.26687 0.51085 0.25962 0.50344 0.25307 0.49837 0.24597 0.49330 0.24025 0.49135 0.23287 0.49252 0.23008 0.50032 0.22841 0.51124 0.22967 0.52216 0.23538 0.56001 0.23761 0.57444
4 0.26171 0.46447 0.26728 0.50855 0.27383 0.54639 0.27815 0.56590 0.28233 0.58033 0.28613 0.58772 0.28999 0.58848 0.29223 0.58930 0.29543 0.58814 0.29794 0.58462 0.30058 0.57643 0.30449 0.57253 0.30616 0.57331 0.30908 0.56980 0.31243 0.56356 0.31396 0.55927 0.31480 0.55458 0.31828 0.54912 0.32081 0.54248 0.32288 0.53508 0.32469 0.52610 0.32594 0.51440 0.32678 0.50075 0.32650 0.49529 0.32260 0.48475 0.31898 0.47032 0.31521 0.45510 0.31089 0.43677 0.30616 0.42194 0.29947 0.40400 0.29223 0.39073 0.28693 0.38020 0.28247 0.37747 0.27606 0.37591 0.27035 0.38059 0.26282 0.38956 0.25962 0.40946 0.25892 0.43170 0.26171 0.46447
4 0.38754 0.79892 0.39297 0.80594 0.40203 0.79190 0.41220 0.77707 0.41666 0.77239 0.42474 0.76537 0.42516 0.74157 0.42446 0.72440 0.42140 0.68773 0.41833 0.66316 0.41415 0.65730 0.40287 0.66276 0.38782 0.67759 0.37584 0.69242 0.37361 0.69944 0.37263 0.72636 0.37556 0.75562 0.38127 0.78019 0.38754 0.79892
4 0.23184 0.89021 0.24173 0.89333 0.24995 0.89801 0.25371 0.89840 0.25831 0.87499 0.25720 0.85236 0.25789 0.82779 0.26082 0.80867 0.25246 0.81023 0.24410 0.81686 0.23630 0.82310 0.23323 0.83130 0.22975 0.84924 0.22613 0.87109 0.22376 0.88240 0.23184 0.89021
4 0.20696 0.61072 0.21100 0.63608 0.21517 0.66105 0.22173 0.68172 0.22618 0.68719 0.23050 0.68836 0.23816 0.67704 0.24290 0.66417 0.24764 0.65012 0.25112 0.63374 0.24611 0.61189 0.24137 0.59278 0.23761 0.57366 0.23552 0.56625 0.23148 0.56157 0.22340 0.55650 0.21434 0.55454 0.20863 0.55416 0.20305 0.56040 0.20041 0.57093 0.20096 0.58614 0.20696 0.61072
4 0.46549 0.73092 0.47987 0.70892 0.49207 0.69019 0.49224 0.64244 0.48696 0.56182 0.47676 0.56988 0.46816 0.58406 0.45011 0.60358 0.44726 0.61014 0.45077 0.62418 0.45596 0.67053 0.45914 0.70330 0.46549 0.73092
4 0.50851 0.20582 0.50948 0.21245 0.51491 0.25107 0.51631 0.29242 0.51756 0.31934 0.51756 0.33300 0.52564 0.33885 0.53163 0.33104 0.53442 0.30374 0.53289 0.26394 0.53094 0.23508 0.52912 0.20699 0.52328 0.17344 0.51450 0.13247 0.50948 0.11687 0.50753 0.13052 0.50683 0.15354 0.50837 0.18514 0.50851 0.20582
4 0.51505 0.64754 0.52212 0.63590 0.52352 0.60236 0.52436 0.57429 0.52301 0.56023 0.51766 0.55039 0.51182 0.54105 0.50730 0.53823 0.49660 0.54478 0.49058 0.54901 0.48490 0.55416 0.48038 0.56023 0.47888 0.56492 0.47938 0.56586 0.48674 0.56164 0.48858 0.58412 0.49226 0.64074 0.49309 0.65432 0.49686 0.66407 0.50083 0.67355 0.50770 0.66001 0.51505 0.64754
4 0.42482 0.72563 0.43445 0.73844 0.43830 0.75260 0.45323 0.74046 0.45949 0.73844 0.45901 0.70608 0.45805 0.68518 0.45130 0.62316 0.44625 0.60766 0.42289 0.62990 0.41351 0.63934 0.41254 0.64541 0.41399 0.65754 0.41832 0.66361 0.42314 0.70608 0.42482 0.72563
4 0.33510 0.82740 0.34040 0.86875 0.34807 0.86095 0.36061 0.84569 0.36723 0.83364 0.37036 0.81644 0.37617 0.79432 0.38070 0.77871 0.37617 0.75690 0.37280 0.72799 0.37350 0.70068 0.37513 0.69452 0.37001 0.67271 0.36805 0.67010 0.36363 0.67045 0.35469 0.67954 0.34911 0.68766 0.34598 0.69842 0.34413 0.70556 0.33901 0.70654 0.33666 0.71120 0.33515 0.72909 0.33487 0.76108 0.33348 0.78526 0.33510 0.82740
4 0.26169 0.89540 0.26261 0.90646 0.26784 0.90938 0.27446 0.91231 0.27794 0.91296 0.28224 0.89312 0.28804 0.86842 0.29118 0.85216 0.29036 0.82030 0.29234 0.78519 0.29373 0.77219 0.29036 0.77089 0.28468 0.76504 0.27864 0.76341 0.27411 0.76894 0.27051 0.77706 0.26563 0.78812 0.26354 0.79300 0.26238 0.79690 0.25809 0.82973 0.25704 0.85249 0.25902 0.88207 0.26169 0.89540
4 0.36442 0.29823 0.36402 0.33250 0.36362 0.37744 0.36423 0.39148 0.37426 0.46058 0.38048 0.47800 0.38509 0.48306 0.38930 0.47856 0.39592 0.47294 0.40796 0.46058 0.41398 0.44991 0.42722 0.43811 0.43685 0.42744 0.44267 0.42238 0.44167 0.39879 0.43665 0.36284 0.42983 0.32913 0.42261 0.29374 0.41579 0.26677 0.41137 0.25329 0.40536 0.24205 0.39833 0.23475 0.38991 0.22913 0.38108 0.23138 0.37486 0.23981 0.36864 0.25778 0.36543 0.27801 0.36442 0.29823
4 0.30990 0.39086 0.31140 0.41801 0.31458 0.44610 0.31742 0.46342 0.32210 0.48308 0.32846 0.50181 0.33414 0.50790 0.33893 0.51040 0.34183 0.51164 0.35353 0.50321 0.35972 0.49853 0.37253 0.47988 0.37343 0.47372 0.37393 0.45921 0.37092 0.43720 0.36608 0.40678 0.36307 0.38992 0.35253 0.36464 0.34384 0.34451 0.33631 0.33281 0.32929 0.32438 0.32394 0.32485 0.31709 0.32906 0.31291 0.34170 0.31090 0.36792 0.30990 0.39086
4 0.29152 0.85672 0.29292 0.87980 0.29687 0.90776 0.30081 0.91621 0.30581 0.91231 0.31347 0.89378 0.31835 0.86842 0.32369 0.84696 0.32775 0.83103 0.33170 0.82290 0.33460 0.81640 0.33321 0.78454 0.33437 0.76406 0.32891 0.74780 0.32229 0.73318 0.32067 0.73188 0.31800 0.72342 0.31370 0.72440 0.30964 0.72602 0.30650 0.72798 0.30337 0.73383 0.29721 0.75496 0.29245 0.78454 0.29025 0.81933 0.29152 0.85672
4 0.17070 0.72030 0.17431 0.73716 0.17913 0.76075 0.18225 0.76142 0.19092 0.75064 0.19622 0.73311 0.19670 0.72704 0.20176 0.72300 0.21283 0.70076 0.22005 0.68458 0.22126 0.67986 0.21548 0.66166 0.21018 0.63402 0.20657 0.62525 0.19670 0.61514 0.18731 0.61244 0.17961 0.61244 0.17190 0.61784 0.16636 0.62592 0.16059 0.64345 0.16107 0.66232 0.16733 0.69064 0.17070 0.72030
4 0.47966 0.23976 0.48357 0.26278 0.48816 0.28735 0.49123 0.30920 0.49555 0.33846 0.49889 0.34626 0.50028 0.34626 0.50460 0.33924 0.50878 0.33729 0.51436 0.33144 0.51700 0.32324 0.51659 0.30100 0.51450 0.25185 0.50962 0.21128 0.50669 0.19645 0.50182 0.17500 0.49694 0.15939 0.49137 0.14769 0.48719 0.14223 0.48440 0.13950 0.48329 0.14340 0.48329 0.16446 0.48287 0.19801 0.48120 0.22415 0.47966 0.23976
