4 0.11856 0.43785 0.11333 0.45067 0.11100 0.46350 0.11129 0.48916 0.11100 0.50840 0.11449 0.52223 0.12817 0.53506 0.13631 0.54249 0.16221 0.54924 0.17647 0.55430 0.20120 0.55869 0.21517 0.55599 0.23204 0.54755 0.24747 0.53709 0.25678 0.52325 0.26085 0.50907 0.25998 0.48949 0.25358 0.47160 0.24252 0.45135 0.23234 0.44021 0.21924 0.43447 0.19829 0.42502 0.18520 0.41760 0.17358 0.41305 0.17003 0.41318 0.15581 0.41557 0.14184 0.42063 0.12642 0.42772 0.11856 0.43785
4 0.77589 0.37577 0.77414 0.39906 0.77763 0.42067 0.78374 0.43653 0.79829 0.45274 0.81517 0.46623 0.82593 0.46759 0.84456 0.46489 0.86493 0.45949 0.87657 0.45408 0.88530 0.44632 0.89228 0.43484 0.89693 0.42370 0.89722 0.39940 0.89955 0.38590 0.89897 0.37038 0.89140 0.35383 0.88355 0.34270 0.87365 0.33021 0.86202 0.32312 0.85241 0.31772 0.84194 0.31535 0.83408 0.31468 0.82128 0.32177 0.80527 0.33054 0.79393 0.33797 0.78316 0.35248 0.77589 0.37577
4 0.40634 0.08481 0.40634 0.09663 0.41012 0.12025 0.41653 0.14118 0.42613 0.16481 0.43690 0.18405 0.44679 0.20093 0.45406 0.21780 0.46105 0.22894 0.47152 0.23705 0.48491 0.23535 0.49393 0.22455 0.50731 0.19485 0.51633 0.17932 0.52768 0.15941 0.53466 0.14253 0.53932 0.12532 0.54048 0.10405 0.53961 0.08582 0.53757 0.07097 0.53263 0.06118 0.49916 0.05612 0.46803 0.05207 0.43428 0.05409 0.42293 0.05814 0.41594 0.06456 0.41012 0.07232 0.40634 0.08481
4 0.22244 0.21173 0.21720 0.23198 0.21604 0.25257 0.22070 0.27417 0.22914 0.29308 0.24339 0.29780 0.25823 0.30725 0.27307 0.31704 0.29897 0.31097 0.32428 0.30759 0.33854 0.29240 0.34349 0.27822 0.34320 0.25966 0.33883 0.23705 0.33360 0.22118 0.32138 0.20937 0.30799 0.19114 0.30246 0.18135 0.29635 0.17595 0.28850 0.16987 0.27889 0.16582 0.26813 0.16616 0.25474 0.17257 0.24252 0.18405 0.23234 0.19316 0.22244 0.21173
4 0.54310 0.10709 0.54397 0.11755 0.54543 0.12937 0.55445 0.14726 0.56842 0.17527 0.57540 0.19147 0.58500 0.21409 0.59490 0.22793 0.60043 0.23097 0.61061 0.22692 0.62079 0.21612 0.63127 0.20363 0.64145 0.18776 0.65251 0.17257 0.65979 0.15232 0.66822 0.12599 0.67259 0.10878 0.67346 0.09764 0.67142 0.07941 0.66066 0.06118 0.64611 0.05376 0.62225 0.04937 0.60450 0.04566 0.58588 0.04566 0.57104 0.04633 0.55620 0.04700 0.54950 0.05308 0.54659 0.05781 0.54368 0.06962 0.54281 0.09055 0.54310 0.10709
4 0.08773 0.56742 0.08249 0.57512 0.07760 0.59618 0.07656 0.60671 0.07656 0.62453 0.07167 0.64276 0.06678 0.66099 0.06818 0.67678 0.07062 0.69136 0.08075 0.70433 0.09262 0.71607 0.10414 0.72174 0.10868 0.72093 0.12614 0.72417 0.13557 0.72741 0.14674 0.73592 0.16385 0.74443 0.17572 0.74362 0.18864 0.74038 0.20226 0.73106 0.21239 0.72255 0.22251 0.70149 0.23124 0.68164 0.23892 0.67071 0.24695 0.65450 0.24940 0.63425 0.24730 0.61886 0.23927 0.60306 0.22880 0.58565 0.21623 0.57390 0.20540 0.56580 0.19947 0.56175 0.18829 0.55810 0.17293 0.55365 0.16594 0.55081 0.15652 0.54757 0.13417 0.54271 0.11811 0.54473 0.10693 0.55284 0.08773 0.56742
4 0.17821 0.30860 0.16687 0.32615 0.15901 0.34843 0.15668 0.36329 0.15523 0.37881 0.16425 0.39839 0.17414 0.41088 0.19451 0.42202 0.21808 0.43417 0.23903 0.43788 0.25794 0.43653 0.27511 0.43147 0.29082 0.42134 0.30130 0.40885 0.30595 0.39738 0.30712 0.38219 0.30188 0.36228 0.29577 0.34641 0.28442 0.32919 0.27657 0.32210 0.26638 0.31232 0.24339 0.29881 0.22390 0.29105 0.19625 0.29679 0.17821 0.30860
2 0.24116 0.23863 0.24579 0.23814 0.25042 0.23603 0.25393 0.23196 0.25505 0.22430 0.25393 0.21975 0.25140 0.21600 0.24986 0.21535 0.24467 0.22121 0.24270 0.22610 0.24158 0.23537 0.24116 0.23863
4 0.34378 0.10911 0.33592 0.11283 0.32865 0.11857 0.31905 0.12667 0.31119 0.13612 0.30421 0.14321 0.29984 0.15131 0.29752 0.16076 0.30246 0.17764 0.30915 0.19215 0.32428 0.21139 0.35949 0.24244 0.37695 0.24785 0.39558 0.25156 0.40780 0.24278 0.41420 0.21814 0.41827 0.19418 0.41449 0.16852 0.40896 0.14455 0.40285 0.12734 0.39325 0.11148 0.37957 0.10101 0.37171 0.09966 0.36444 0.10034 0.35600 0.10473 0.34989 0.10810 0.34378 0.10911
2 0.80877 0.24751 0.81284 0.24987 0.81488 0.24852 0.82419 0.25493 0.82768 0.25628 0.82390 0.24380 0.81837 0.23300 0.81313 0.22962 0.80702 0.22590 0.80207 0.22523 0.80411 0.22894 0.80120 0.23502 0.80527 0.24447 0.80877 0.24751
4 0.05805 0.76589 0.05456 0.78088 0.06329 0.79992 0.07272 0.82260 0.08284 0.84812 0.08598 0.86675 0.09681 0.88052 0.10728 0.88822 0.11881 0.89106 0.13382 0.89268 0.14674 0.88944 0.16071 0.89227 0.17886 0.89187 0.19947 0.88295 0.21309 0.86756 0.22391 0.85136 0.22915 0.83435 0.23438 0.80802 0.23194 0.78048 0.21623 0.76103 0.19632 0.74443 0.18864 0.74038 0.17676 0.74442 0.16331 0.74482 0.14596 0.73592 0.13492 0.72742 0.10810 0.72108 0.09855 0.72458 0.09192 0.72660 0.07900 0.73308 0.06853 0.74969 0.05805 0.76589
4 0.73311 0.24447 0.72933 0.26270 0.72758 0.28396 0.72875 0.30118 0.73078 0.31265 0.74242 0.32717 0.75785 0.33054 0.77880 0.33088 0.80411 0.33021 0.82186 0.32075 0.83845 0.31164 0.84368 0.30556 0.85096 0.29341 0.85329 0.27249 0.85241 0.25392 0.84979 0.23873 0.84427 0.22185 0.83787 0.21342 0.82943 0.20329 0.82128 0.19553 0.81080 0.18911 0.80004 0.18337 0.79305 0.18371 0.78171 0.18607 0.77064 0.19316 0.76076 0.20532 0.74824 0.22118 0.73980 0.23164 0.73311 0.24447
4 0.66095 0.17257 0.65717 0.19654 0.65891 0.21173 0.67230 0.23873 0.68132 0.24886 0.69296 0.24852 0.71042 0.24042 0.73020 0.23535 0.74009 0.23063 0.75755 0.20937 0.76774 0.19654 0.77240 0.18742 0.77763 0.17494 0.77909 0.15705 0.77530 0.14962 0.76512 0.13780 0.75581 0.12869 0.74533 0.12194 0.73719 0.11789 0.71769 0.11249 0.70896 0.10979 0.70052 0.10878 0.69005 0.11316 0.68103 0.12160 0.67317 0.13409 0.66677 0.15435 0.66095 0.17257
4 0.81924 0.67450 0.82273 0.68598 0.83030 0.70117 0.83670 0.71838 0.84689 0.73121 0.85852 0.74741 0.87685 0.75213 0.88995 0.75450 0.90246 0.75213 0.92312 0.74572 0.93709 0.73897 0.95280 0.72851 0.96008 0.71838 0.96357 0.71028 0.96764 0.70319 0.97462 0.69340 0.97637 0.67923 0.97142 0.66100 0.96648 0.64581 0.96298 0.63771 0.96386 0.63163 0.96240 0.61577 0.95309 0.59822 0.94727 0.58944 0.93331 0.58269 0.92283 0.57965 0.91963 0.57999 0.91759 0.58303 0.89257 0.59146 0.86493 0.60024 0.84310 0.59754 0.83263 0.61442 0.82303 0.63265 0.81837 0.65526 0.81924 0.67450
4 0.79946 0.53206 0.80149 0.54455 0.80819 0.56176 0.81982 0.57931 0.83437 0.59113 0.84339 0.59687 0.86435 0.60058 0.90392 0.58775 0.91672 0.58336 0.92254 0.57526 0.92952 0.56244 0.93214 0.53712 0.93505 0.52767 0.93650 0.51586 0.93214 0.49999 0.92370 0.48514 0.91759 0.47737 0.91177 0.46927 0.90333 0.46320 0.89170 0.45611 0.87977 0.45274 0.86522 0.45949 0.84543 0.46455 0.81808 0.46826 0.81313 0.47366 0.80557 0.49796 0.80149 0.52125 0.79946 0.53206
