4 0.62533 0.64218 0.62280 0.62165 0.61308 0.60729 0.58975 0.60934 0.57010 0.60954 0.55615 0.60283 0.55422 0.60456 0.54780 0.61483 0.54782 0.63714 0.55751 0.63995 0.55870 0.65145 0.56445 0.67844 0.55934 0.72995 0.56270 0.77192 0.60768 0.77454 0.62211 0.76303 0.61814 0.67065 0.62533 0.64218
4 0.40067 0.53656 0.41134 0.53600 0.41648 0.52912 0.42720 0.51286 0.42357 0.44361 0.41857 0.37031 0.40436 0.31982 0.38747 0.27358 0.37534 0.23536 0.37159 0.21902 0.36415 0.19298 0.36080 0.18983 0.35322 0.19438 0.34531 0.24769 0.34173 0.31732 0.33926 0.36952 0.34144 0.43304 0.34199 0.47684 0.34477 0.49652 0.35040 0.51027 0.35935 0.51558 0.37762 0.53282 0.40067 0.53656
4 0.34063 0.40664 0.33888 0.36788 0.32297 0.29599 0.31833 0.25157 0.31298 0.22126 0.30516 0.21011 0.29620 0.22134 0.28775 0.23666 0.28239 0.27248 0.28681 0.37888 0.29388 0.47521 0.30262 0.54253 0.31286 0.55026 0.33056 0.54024 0.34235 0.52228 0.34485 0.49817 0.34177 0.47270 0.34063 0.40664
4 0.85410 0.35390 0.84824 0.28989 0.83947 0.25610 0.82901 0.22077 0.81781 0.27932 0.81571 0.30066 0.81359 0.38286 0.81065 0.50701 0.81678 0.52795 0.82743 0.53196 0.83607 0.50510 0.84164 0.47880 0.84955 0.44844 0.85410 0.35390
4 0.44364 0.60243 0.43412 0.58640 0.43047 0.57749 0.42059 0.58215 0.41444 0.59157 0.41233 0.60656 0.41022 0.62155 0.41915 0.70374 0.42704 0.76035 0.44791 0.76669 0.48970 0.78021 0.48513 0.69862 0.48321 0.65077 0.48880 0.63065 0.48546 0.61100 0.46626 0.61447 0.44364 0.60243
4 0.81078 0.50102 0.81251 0.41250 0.81612 0.28831 0.80975 0.22747 0.80506 0.17648 0.79742 0.15207 0.78908 0.14756 0.78219 0.14875 0.77432 0.16404 0.76812 0.22800 0.76193 0.36382 0.76576 0.41197 0.76645 0.51078 0.77608 0.54003 0.78530 0.55031 0.79521 0.55723 0.80243 0.55685 0.80673 0.52853 0.81078 0.50102
4 0.57339 0.60276 0.58052 0.60650 0.59165 0.60343 0.60166 0.60128 0.60854 0.60009 0.61325 0.60147 0.61887 0.59293 0.61746 0.58803 0.63396 0.57724 0.64300 0.57262 0.64695 0.57727 0.65471 0.58113 0.66282 0.59807 0.66617 0.60118 0.66810 0.59942 0.67394 0.58922 0.68083 0.59381 0.68327 0.57963 0.68459 0.54400 0.68398 0.49940 0.67968 0.43928 0.66777 0.33908 0.65887 0.29077 0.65105 0.24655 0.63925 0.20336 0.61898 0.17547 0.60150 0.17310 0.59088 0.18026 0.57602 0.20585 0.56415 0.26103 0.55964 0.32407 0.55353 0.38390 0.54734 0.41481 0.55850 0.58368 0.56275 0.60412 0.56779 0.60634 0.57339 0.60276
4 0.66063 0.59818 0.63955 0.62655 0.62998 0.63699 0.62635 0.63964 0.62022 0.66064 0.61910 0.67226 0.62755 0.76191 0.64345 0.75613 0.67242 0.73475 0.69162 0.71475 0.69705 0.65825 0.69339 0.62705 0.68239 0.59373 0.67496 0.59000 0.66691 0.60198 0.66063 0.59818
4 0.43151 0.55646 0.43547 0.59345 0.44172 0.60222 0.46549 0.61419 0.48881 0.60636 0.49862 0.60585 0.50160 0.61313 0.51648 0.61564 0.53878 0.61035 0.55246 0.60631 0.55529 0.58880 0.55613 0.56066 0.54663 0.41238 0.53149 0.33879 0.51214 0.26210 0.49889 0.22477 0.48720 0.21133 0.46856 0.20899 0.45205 0.21397 0.43853 0.23783 0.42914 0.27388 0.42309 0.31305 0.42241 0.37177 0.42314 0.40232 0.42573 0.48484 0.43151 0.55646
3 0.61796 0.58772 0.64616 0.57382 0.65645 0.58155 0.64992 0.53506 0.64186 0.54238 0.62280 0.54200 0.61590 0.54374 0.61510 0.59751 0.61796 0.58772
4 0.72714 0.55004 0.73369 0.54806 0.74701 0.55397 0.75602 0.54357 0.76478 0.51559 0.76617 0.48290 0.76496 0.40257 0.75460 0.31219 0.74364 0.24664 0.73529 0.20328 0.72591 0.17319 0.71884 0.14875 0.71276 0.14329 0.70542 0.15772 0.69690 0.23256 0.68940 0.29910 0.67778 0.35344 0.67175 0.36531 0.67920 0.43021 0.68526 0.51836 0.70164 0.55469 0.71127 0.56741 0.71682 0.56300 0.72714 0.55004
4 0.50082 0.61812 0.48563 0.60982 0.48948 0.63359 0.48280 0.64965 0.48485 0.69995 0.49048 0.77407 0.51805 0.77592 0.56055 0.77535 0.55948 0.72168 0.56391 0.67930 0.55693 0.63998 0.53661 0.63856 0.51535 0.62480 0.50082 0.61812
4 0.69426 0.59393 0.69223 0.60477 0.69167 0.61639 0.69496 0.62943 0.69697 0.65662 0.69483 0.70963 0.71120 0.69636 0.72919 0.68632 0.74156 0.67411 0.74847 0.66216 0.74332 0.61368 0.73047 0.58377 0.71492 0.57963 0.70417 0.58432 0.69426 0.59393
