4 0.06441 0.67426 0.05943 0.65863 0.04907 0.63318 0.04385 0.62768 0.03489 0.61940 0.02739 0.61367 0.02400 0.61480 0.02673 0.62366 0.03174 0.64779 0.04020 0.67710 0.04948 0.69324 0.05928 0.70513 0.06532 0.70833 0.07165 0.70495 0.07647 0.69964 0.07401 0.69410 0.06441 0.67426
4 0.43299 0.62140 0.43789 0.59192 0.44080 0.57751 0.43831 0.56520 0.43055 0.52829 0.39757 0.53761 0.37416 0.54173 0.35097 0.54376 0.35061 0.54669 0.35664 0.56747 0.36143 0.58393 0.37033 0.60385 0.37794 0.62602 0.38773 0.64292 0.39870 0.65349 0.41198 0.65795 0.42553 0.65539 0.43055 0.64394 0.43299 0.62140
4 0.59019 0.58502 0.59241 0.56622 0.59630 0.55171 0.60120 0.53366 0.60594 0.51527 0.60186 0.48434 0.58582 0.48319 0.58015 0.48368 0.57408 0.47643 0.57459 0.48825 0.56412 0.49811 0.54015 0.50560 0.52346 0.51070 0.51465 0.51374 0.51759 0.54444 0.52543 0.55591 0.53583 0.57846 0.54319 0.59903 0.55325 0.62286 0.56599 0.62904 0.57281 0.62550 0.57953 0.61788 0.58606 0.60208 0.59019 0.58502
4 0.09816 0.70931 0.09908 0.70418 0.10253 0.70197 0.10569 0.69696 0.09944 0.68845 0.09321 0.67805 0.08967 0.66675 0.08458 0.65260 0.08135 0.64314 0.07898 0.63118 0.07304 0.61669 0.06292 0.61070 0.05459 0.60609 0.04537 0.60280 0.03964 0.60561 0.04485 0.62353 0.05008 0.63457 0.05998 0.65911 0.06468 0.67379 0.07055 0.68686 0.07601 0.69834 0.07777 0.70447 0.08507 0.70663 0.09446 0.70894 0.09816 0.70931
4 0.22431 0.55492 0.23129 0.56448 0.24185 0.56896 0.25811 0.57500 0.26838 0.57419 0.28700 0.56919 0.30528 0.55686 0.31646 0.54976 0.32010 0.54344 0.32464 0.53411 0.31996 0.52870 0.31495 0.51432 0.31050 0.49657 0.30846 0.46819 0.30872 0.45256 0.29910 0.44014 0.28875 0.42661 0.27904 0.41707 0.26583 0.41137 0.25723 0.41232 0.24877 0.41243 0.23700 0.41922 0.22712 0.42940 0.22104 0.44102 0.21694 0.45315 0.21473 0.47196 0.21356 0.49224 0.21474 0.51174 0.21879 0.53734 0.22431 0.55492
4 0.74886 0.49763 0.73809 0.48156 0.72337 0.47777 0.71451 0.47228 0.70805 0.48020 0.70276 0.48580 0.69837 0.49534 0.69282 0.50072 0.69465 0.51370 0.69630 0.53844 0.69673 0.55546 0.69935 0.55879 0.71833 0.58555 0.73926 0.61030 0.75495 0.63417 0.76582 0.63840 0.77468 0.63700 0.77590 0.60534 0.77533 0.57312 0.77210 0.54557 0.75860 0.50689 0.74886 0.49763
4 0.67880 0.46900 0.68628 0.46617 0.69549 0.46389 0.71037 0.46974 0.72116 0.47746 0.74110 0.48250 0.74641 0.48495 0.75046 0.47774 0.75745 0.46146 0.76204 0.45417 0.76678 0.44440 0.77059 0.43395 0.77452 0.41733 0.77505 0.40167 0.76632 0.37762 0.75572 0.35388 0.74554 0.33621 0.73086 0.30737 0.71931 0.28624 0.71112 0.27769 0.69876 0.27391 0.69200 0.27785 0.68104 0.29148 0.67063 0.31035 0.66599 0.33282 0.66594 0.35497 0.66225 0.37483 0.65647 0.39010 0.66550 0.41779 0.66763 0.43468 0.66942 0.45982 0.67880 0.46900
4 0.21948 0.70190 0.22320 0.69639 0.22148 0.67107 0.22187 0.64246 0.22257 0.62612 0.20125 0.61374 0.19642 0.61845 0.17133 0.62783 0.16544 0.62384 0.16541 0.62778 0.15917 0.64846 0.15535 0.66580 0.15781 0.66885 0.15701 0.68866 0.15994 0.71133 0.16678 0.73584 0.17750 0.76416 0.18455 0.78174 0.19390 0.78075 0.19777 0.75750 0.20558 0.73018 0.21948 0.70190
4 0.69493 0.51266 0.69244 0.50034 0.68709 0.48560 0.67847 0.47261 0.66931 0.46135 0.66810 0.47959 0.65122 0.49046 0.63533 0.49544 0.60197 0.48678 0.60723 0.51999 0.61578 0.55841 0.64148 0.60848 0.66282 0.62929 0.67870 0.63457 0.69193 0.62837 0.69637 0.61496 0.69623 0.58299 0.69619 0.55511 0.69493 0.51266
4 0.14426 0.60484 0.15827 0.61738 0.17191 0.62752 0.18620 0.62280 0.19669 0.61827 0.20697 0.60721 0.22002 0.59120 0.22925 0.57867 0.23604 0.56780 0.22772 0.56209 0.22104 0.54757 0.21797 0.53165 0.21479 0.51329 0.21371 0.49311 0.20708 0.48703 0.20152 0.48299 0.19462 0.47055 0.18707 0.45739 0.17916 0.44716 0.17043 0.44034 0.16480 0.43590 0.15155 0.42816 0.14224 0.42635 0.13358 0.43388 0.12757 0.44426 0.12490 0.46191 0.12390 0.47806 0.12364 0.50230 0.12317 0.52698 0.12225 0.55050 0.12745 0.57469 0.13232 0.58991 0.14426 0.60484
4 0.46300 0.52204 0.48340 0.51963 0.53637 0.50714 0.55975 0.49933 0.56818 0.49390 0.57389 0.48848 0.57268 0.46530 0.56697 0.43790 0.56063 0.41512 0.55248 0.39304 0.54322 0.36908 0.53385 0.34965 0.51950 0.32978 0.50440 0.31904 0.49130 0.31579 0.47988 0.31964 0.46670 0.32789 0.45437 0.34501 0.44388 0.37374 0.43723 0.40596 0.43576 0.43982 0.43979 0.46010 0.44477 0.48638 0.44726 0.51592 0.44928 0.52175 0.46300 0.52204
4 0.82894 0.54339 0.82385 0.54748 0.81605 0.54831 0.80379 0.54000 0.78332 0.52642 0.80019 0.55697 0.80914 0.57893 0.81880 0.61923 0.83449 0.63192 0.85309 0.63717 0.86265 0.63197 0.86829 0.61918 0.86429 0.60259 0.85714 0.58158 0.84990 0.56181 0.84310 0.54648 0.83236 0.53219 0.82894 0.54339
4 0.14296 0.67589 0.15276 0.66443 0.15594 0.66290 0.15696 0.65351 0.16030 0.64444 0.16207 0.63835 0.16554 0.62857 0.16575 0.62273 0.15621 0.61569 0.14359 0.60368 0.13315 0.59098 0.12797 0.57984 0.12585 0.56787 0.12273 0.54820 0.11289 0.54361 0.09927 0.53244 0.09172 0.52646 0.08510 0.52785 0.08468 0.53236 0.08623 0.53929 0.08699 0.54840 0.08747 0.56438 0.09066 0.58165 0.09954 0.60895 0.10814 0.63732 0.12315 0.66160 0.12995 0.67146 0.13970 0.67982 0.14296 0.67589
4 0.51489 0.54117 0.51585 0.51273 0.48137 0.51942 0.45990 0.52200 0.44523 0.52432 0.43048 0.52789 0.43138 0.53185 0.43978 0.57276 0.44447 0.58514 0.45894 0.60745 0.47956 0.63576 0.48416 0.63545 0.49225 0.63129 0.50174 0.61871 0.50573 0.59553 0.51147 0.56099 0.51489 0.54117
4 0.41670 0.53183 0.44586 0.52434 0.44695 0.51392 0.44475 0.48966 0.43872 0.45165 0.41916 0.40062 0.40395 0.37883 0.38137 0.36231 0.36638 0.35567 0.35686 0.35430 0.33630 0.36084 0.32536 0.37119 0.31855 0.38170 0.31304 0.40390 0.30862 0.44848 0.30832 0.46903 0.30999 0.49337 0.31544 0.51917 0.32379 0.53219 0.33232 0.53946 0.34927 0.54456 0.39213 0.53900 0.41670 0.53183
4 0.82646 0.41895 0.82156 0.40701 0.81140 0.40329 0.80413 0.41265 0.80103 0.41724 0.80136 0.44179 0.79853 0.48776 0.79229 0.51049 0.79124 0.51598 0.78726 0.52194 0.78330 0.52626 0.79370 0.53323 0.80568 0.54158 0.81856 0.54692 0.82349 0.54696 0.82778 0.54300 0.83337 0.52817 0.83472 0.50048 0.83382 0.47233 0.83180 0.44230 0.82646 0.41895
4 0.13190 0.69755 0.13414 0.69673 0.13513 0.68802 0.13949 0.67855 0.13301 0.67460 0.12251 0.66225 0.10704 0.63552 0.10040 0.61260 0.09398 0.59202 0.09059 0.58163 0.08457 0.57855 0.07884 0.57638 0.07491 0.57652 0.07043 0.57819 0.06815 0.58377 0.07070 0.59689 0.07282 0.61625 0.07743 0.62739 0.07927 0.63303 0.08414 0.65077 0.09381 0.67890 0.11231 0.70374 0.11727 0.70509 0.12341 0.70293 0.13190 0.69755
4 0.80073 0.41360 0.79663 0.39292 0.79107 0.38026 0.78782 0.37012 0.78369 0.36298 0.77379 0.35922 0.76671 0.36280 0.76155 0.36649 0.76626 0.37723 0.77492 0.40087 0.77515 0.41437 0.77195 0.43045 0.76805 0.44379 0.75792 0.46098 0.75235 0.47416 0.74707 0.48566 0.74102 0.48375 0.73942 0.48400 0.75206 0.50168 0.76058 0.51059 0.77479 0.52433 0.78109 0.52784 0.78733 0.52235 0.79111 0.51518 0.79842 0.48532 0.80088 0.45253 0.80132 0.43114 0.80073 0.41360
4 0.29574 0.65931 0.30288 0.64637 0.29213 0.60132 0.28406 0.59177 0.26518 0.57409 0.25942 0.57500 0.23615 0.56688 0.22691 0.58310 0.22198 0.63900 0.22202 0.67443 0.22475 0.70205 0.22701 0.72876 0.23216 0.74467 0.24369 0.75121 0.25825 0.73955 0.27115 0.71537 0.28255 0.68994 0.29574 0.65931
4 0.84984 0.53377 0.85860 0.52869 0.86233 0.52113 0.86259 0.49689 0.86062 0.45168 0.86032 0.43081 0.85590 0.41839 0.85257 0.41810 0.84674 0.42271 0.83872 0.43423 0.83205 0.44390 0.83392 0.46780 0.83429 0.49604 0.83362 0.51255 0.83345 0.52529 0.83320 0.53230 0.83964 0.53497 0.84984 0.53377
4 0.17209 0.75074 0.16789 0.73664 0.16081 0.71267 0.15605 0.68882 0.15709 0.66847 0.15288 0.66471 0.14450 0.67391 0.13950 0.67962 0.13537 0.68668 0.13552 0.69797 0.13280 0.71809 0.13539 0.74277 0.13908 0.76188 0.14216 0.77517 0.14578 0.79182 0.14973 0.79808 0.15743 0.79489 0.16380 0.77715 0.16881 0.76110 0.17209 0.75074
4 0.57283 0.46281 0.57359 0.47623 0.57965 0.48347 0.58719 0.48268 0.59697 0.48401 0.60873 0.48747 0.62334 0.49172 0.63517 0.49559 0.64183 0.49453 0.65375 0.48691 0.66893 0.47917 0.66936 0.45942 0.66827 0.43703 0.66530 0.41823 0.65697 0.39330 0.65163 0.37856 0.64193 0.35878 0.63558 0.34625 0.62345 0.33013 0.61418 0.32339 0.60287 0.32272 0.58962 0.33056 0.58040 0.35007 0.57265 0.37016 0.56896 0.38141 0.56272 0.39552 0.55763 0.40658 0.56369 0.42407 0.56742 0.44070 0.57283 0.46281
4 0.79960 0.55665 0.79270 0.54421 0.78318 0.52727 0.78171 0.52832 0.77554 0.52561 0.76086 0.51235 0.77219 0.54418 0.77623 0.57143 0.77730 0.60407 0.79081 0.62202 0.80183 0.63463 0.81004 0.64850 0.81715 0.65886 0.81831 0.64719 0.81785 0.63045 0.81478 0.60592 0.80965 0.58213 0.80528 0.57011 0.79960 0.55665
4 0.13504 0.69706 0.12806 0.70063 0.12036 0.70382 0.11238 0.70311 0.10627 0.69768 0.10296 0.70165 0.09910 0.70423 0.09750 0.71482 0.09470 0.74479 0.09565 0.77564 0.10149 0.80425 0.11172 0.80460 0.12144 0.79764 0.13145 0.78621 0.14067 0.77196 0.13556 0.74176 0.13168 0.71728 0.13504 0.69706
