1 0.14737 0.40004 0.15075 0.40300 0.15764 0.39959 0.16413 0.39576 0.17356 0.38393 0.17621 0.39010 0.17893 0.39425 0.18839 0.39336 0.19430 0.38871 0.19870 0.37995 0.20405 0.36757 0.20616 0.35427 0.20026 0.35284 0.19463 0.34981 0.18648 0.34264 0.17575 0.32686 0.16598 0.30747 0.15732 0.27961 0.15327 0.26649 0.14877 0.28944 0.14459 0.30956 0.13755 0.32917 0.13477 0.33840 0.12907 0.37832 0.12697 0.39730 0.13082 0.39865 0.13968 0.39734 0.14181 0.39498 0.14737 0.40004
1 0.79247 0.44873 0.80294 0.45329 0.81103 0.45274 0.81535 0.46297 0.82287 0.46660 0.83189 0.47616 0.83908 0.47725 0.84278 0.48074 0.84729 0.49771 0.84802 0.50110 0.85634 0.48205 0.85579 0.50977 0.85616 0.53583 0.86447 0.54117 0.87387 0.51545 0.88148 0.49218 0.90113 0.48950 0.91822 0.48674 0.91840 0.46716 0.92058 0.44354 0.92242 0.43343 0.92173 0.41055 0.92099 0.39052 0.91883 0.37440 0.91989 0.36476 0.92047 0.34823 0.92464 0.34207 0.92245 0.33418 0.91640 0.33103 0.91158 0.32161 0.90497 0.31365 0.90015 0.31054 0.88444 0.31630 0.87694 0.32040 0.86960 0.32762 0.85760 0.34847 0.83924 0.37758 0.82938 0.38875 0.81971 0.38665 0.80890 0.39215 0.79575 0.40346 0.78814 0.40235 0.78670 0.41911 0.78926 0.43097 0.79247 0.44873
1 0.09906 0.44839 0.11213 0.42924 0.12731 0.40036 0.13095 0.36687 0.13481 0.33759 0.14458 0.31132 0.15322 0.26680 0.14951 0.25126 0.13840 0.23476 0.12253 0.21249 0.09794 0.18643 0.08119 0.16903 0.06577 0.16429 0.06037 0.18721 0.05545 0.21645 0.04996 0.25198 0.04436 0.30081 0.04633 0.38632 0.05520 0.42655 0.06590 0.45494 0.07801 0.46307 0.09906 0.44839
1 0.41288 0.36488 0.41350 0.37750 0.41709 0.37623 0.42460 0.37439 0.42792 0.37031 0.43004 0.36057 0.43147 0.35992 0.43144 0.37113 0.43656 0.38672 0.43673 0.40213 0.44084 0.41628 0.44934 0.42638 0.45861 0.42460 0.46687 0.42139 0.47503 0.42098 0.48247 0.41073 0.48322 0.39955 0.48644 0.38846 0.48543 0.36671 0.48739 0.36117 0.48888 0.33882 0.47901 0.32727 0.46843 0.30588 0.45734 0.28869 0.45032 0.27654 0.43928 0.26845 0.42287 0.26157 0.41572 0.26343 0.41053 0.25974 0.40375 0.25110 0.40038 0.24608 0.39487 0.24168 0.39098 0.24155 0.38687 0.24771 0.39213 0.26960 0.39499 0.27881 0.39410 0.29419 0.39450 0.31311 0.39776 0.33143 0.39838 0.34406 0.40302 0.35333 0.40830 0.35421 0.41199 0.35995 0.41288 0.36488
1 0.23290 0.67184 0.24676 0.67232 0.25267 0.67195 0.24283 0.66635 0.23325 0.66193 0.21959 0.65562 0.20163 0.65441 0.18686 0.66323 0.17345 0.66685 0.16748 0.67714 0.15815 0.69083 0.15189 0.70111 0.15465 0.72338 0.16215 0.72014 0.17473 0.70914 0.19832 0.68923 0.23290 0.67184
1 0.72205 0.84638 0.72794 0.85323 0.73518 0.85525 0.74697 0.85742 0.75157 0.85308 0.75174 0.83394 0.75074 0.81435 0.74695 0.79565 0.74278 0.78475 0.74068 0.78273 0.73766 0.77852 0.73007 0.77220 0.72240 0.76821 0.71275 0.76436 0.70208 0.75851 0.69433 0.75414 0.68641 0.75445 0.68407 0.75632 0.67579 0.75564 0.67906 0.76103 0.68254 0.76624 0.68624 0.77340 0.69154 0.78287 0.69868 0.80237 0.70303 0.81621 0.70742 0.82379 0.71513 0.83207 0.72205 0.84638
4 0.48567 0.55262 0.48389 0.50306 0.48445 0.45848 0.49081 0.44694 0.49559 0.44374 0.49970 0.42371 0.50047 0.41365 0.48832 0.39642 0.48343 0.40037 0.48273 0.41051 0.47515 0.42111 0.46573 0.42253 0.44931 0.42674 0.44196 0.41788 0.43956 0.41741 0.41510 0.42412 0.40683 0.42972 0.40359 0.43717 0.40490 0.48512 0.40792 0.53229 0.41028 0.57439 0.41029 0.61053 0.41979 0.64280 0.43652 0.66271 0.45592 0.65498 0.47366 0.63375 0.48424 0.61059 0.48567 0.55262
4 0.55693 0.69432 0.56000 0.67931 0.56513 0.63511 0.57412 0.58197 0.58215 0.49789 0.58494 0.46232 0.58107 0.45746 0.57953 0.45234 0.57429 0.44607 0.55605 0.44005 0.53360 0.43756 0.52143 0.43847 0.51822 0.44242 0.51352 0.44022 0.50966 0.44281 0.49534 0.44486 0.48769 0.45270 0.48555 0.48464 0.48626 0.52884 0.48967 0.59543 0.49328 0.64772 0.49730 0.69326 0.51157 0.70786 0.53275 0.71468 0.54686 0.70508 0.55693 0.69432
1 0.19782 0.76524 0.20176 0.77889 0.20983 0.79240 0.22235 0.79255 0.23194 0.78276 0.24162 0.77071 0.25394 0.75200 0.26715 0.73642 0.27603 0.72688 0.28705 0.71685 0.29353 0.71483 0.30326 0.71319 0.29568 0.71040 0.28843 0.70592 0.27583 0.70407 0.26714 0.70433 0.26033 0.71169 0.24958 0.71779 0.24198 0.71556 0.23288 0.71524 0.22272 0.71685 0.21534 0.72025 0.20547 0.72976 0.20054 0.73635 0.19735 0.75031 0.19782 0.76524
1 0.56361 0.37211 0.57524 0.36327 0.58703 0.34958 0.60631 0.34685 0.60921 0.34112 0.60498 0.33562 0.60445 0.32976 0.60903 0.33235 0.61394 0.33349 0.62501 0.32561 0.62655 0.30962 0.62314 0.29442 0.61702 0.27806 0.60667 0.26612 0.60275 0.25869 0.60083 0.24306 0.59437 0.23797 0.58302 0.23904 0.57270 0.23868 0.56323 0.24224 0.55120 0.24863 0.54226 0.25804 0.53322 0.27767 0.52953 0.29164 0.53109 0.30337 0.52835 0.31835 0.52589 0.33237 0.52898 0.34950 0.54334 0.36119 0.55710 0.36847 0.56361 0.37211
1 0.61514 0.65556 0.61782 0.65700 0.62073 0.66656 0.62402 0.66532 0.62864 0.66008 0.63447 0.65961 0.63532 0.66943 0.63879 0.67766 0.64093 0.68010 0.64229 0.68015 0.64129 0.66964 0.63973 0.66047 0.63674 0.65327 0.62769 0.63843 0.62008 0.63141 0.61467 0.62007 0.60952 0.60132 0.60806 0.59418 0.60513 0.59002 0.60081 0.58649 0.59899 0.58001 0.59902 0.56920 0.59556 0.56064 0.58853 0.56141 0.58220 0.57165 0.57635 0.59239 0.57311 0.59701 0.56514 0.62476 0.56044 0.66175 0.55945 0.68535 0.55473 0.69803 0.55165 0.70299 0.54807 0.71739 0.55228 0.74354 0.55889 0.74512 0.57374 0.73078 0.58229 0.72061 0.58001 0.73201 0.58046 0.74385 0.58366 0.75004 0.58540 0.74908 0.58720 0.74138 0.58940 0.70296 0.59032 0.69117 0.59248 0.68313 0.59674 0.66403 0.59811 0.64922 0.60048 0.63512 0.60241 0.64835 0.60643 0.64579 0.61286 0.64737 0.61514 0.65556
1 0.69082 0.54697 0.69397 0.52714 0.69322 0.49939 0.69917 0.49814 0.71410 0.50012 0.73177 0.50122 0.73710 0.49655 0.74915 0.47557 0.76066 0.47694 0.77969 0.47420 0.78556 0.46809 0.78839 0.45067 0.78991 0.43516 0.78776 0.42633 0.78693 0.40782 0.78676 0.39858 0.79197 0.35499 0.79616 0.33373 0.80124 0.31494 0.79594 0.29774 0.78884 0.28971 0.78038 0.28552 0.77502 0.29117 0.76944 0.30994 0.76061 0.33055 0.75035 0.34964 0.73798 0.36575 0.72838 0.38000 0.71251 0.39063 0.70052 0.39605 0.67925 0.40650 0.67107 0.40816 0.66562 0.40942 0.66285 0.41808 0.67020 0.44022 0.67677 0.46331 0.67607 0.51144 0.67801 0.51929 0.68308 0.50098 0.68589 0.50497 0.68891 0.50994 0.68742 0.51767 0.68825 0.54299 0.69082 0.54697
4 0.61181 0.39078 0.61419 0.40099 0.62060 0.40831 0.62869 0.41130 0.63706 0.40652 0.64846 0.39780 0.66022 0.39855 0.66138 0.37022 0.66372 0.36692 0.66745 0.35793 0.67271 0.35406 0.67887 0.33908 0.68433 0.32126 0.68891 0.29863 0.68182 0.28379 0.67229 0.27299 0.66580 0.26803 0.65980 0.26884 0.65658 0.27784 0.65082 0.30095 0.64671 0.31600 0.64461 0.32707 0.64086 0.33674 0.63367 0.34189 0.62508 0.34835 0.62016 0.35223 0.61226 0.36817 0.60983 0.37923 0.61181 0.39078
1 0.31972 0.42606 0.32885 0.44879 0.33560 0.45813 0.34073 0.45340 0.34779 0.44384 0.35887 0.43092 0.36251 0.41775 0.36766 0.41232 0.37652 0.40213 0.38352 0.38416 0.38728 0.35768 0.38840 0.34582 0.38866 0.32831 0.38455 0.31416 0.37039 0.30386 0.36118 0.29374 0.35403 0.27528 0.34589 0.25468 0.33632 0.23474 0.32970 0.23171 0.31845 0.22921 0.31510 0.23400 0.30907 0.24429 0.30386 0.26162 0.30213 0.27066 0.29461 0.28301 0.28918 0.30663 0.29125 0.32841 0.29255 0.35227 0.29610 0.36220 0.29731 0.38816 0.30797 0.40743 0.31972 0.42606
