1 0.16472 0.35194 0.16765 0.35533 0.17494 0.35292 0.18190 0.35003 0.19289 0.33963 0.19465 0.34611 0.19678 0.35060 0.20627 0.35103 0.21276 0.34725 0.21834 0.33918 0.22536 0.32767 0.22930 0.31479 0.22366 0.31256 0.21850 0.30877 0.21143 0.30053 0.20301 0.28342 0.19602 0.26286 0.19132 0.23406 0.18915 0.22051 0.18150 0.24261 0.17455 0.26195 0.16485 0.28039 0.16081 0.28914 0.14961 0.32788 0.14489 0.34638 0.14852 0.34826 0.15747 0.34819 0.15991 0.34615 0.16472 0.35194
1 0.79676 0.48993 0.80649 0.49591 0.81458 0.49648 0.81743 0.50722 0.82438 0.51186 0.83198 0.52258 0.83894 0.52466 0.84213 0.52863 0.84423 0.54606 0.84448 0.54952 0.85537 0.53182 0.85097 0.55919 0.84770 0.58505 0.85519 0.59150 0.86808 0.56733 0.87886 0.54535 0.89868 0.54543 0.91600 0.54507 0.91890 0.52571 0.92435 0.50262 0.92758 0.49287 0.93008 0.47012 0.93213 0.45018 0.93224 0.43391 0.93462 0.42452 0.93750 0.40822 0.94248 0.40270 0.94141 0.39459 0.93586 0.39062 0.93240 0.38063 0.92697 0.37183 0.92263 0.36808 0.90626 0.37159 0.89827 0.37461 0.89000 0.38074 0.87521 0.39971 0.85297 0.42598 0.84166 0.43568 0.83238 0.43225 0.82090 0.43619 0.80631 0.44556 0.79892 0.44341 0.79517 0.45980 0.79606 0.47190 0.79676 0.48993
1 0.11015 0.39310 0.12575 0.37595 0.14480 0.34946 0.15307 0.31680 0.16097 0.28834 0.17430 0.26369 0.18905 0.22080 0.18754 0.20490 0.17883 0.18702 0.16622 0.16276 0.14549 0.13352 0.13133 0.11396 0.11672 0.10712 0.10818 0.12907 0.09924 0.15735 0.08886 0.19176 0.07652 0.23934 0.06657 0.32429 0.06975 0.36536 0.07639 0.39497 0.08725 0.40470 0.11015 0.39310
1 0.43254 0.35407 0.43140 0.36666 0.43512 0.36590 0.44281 0.36512 0.44668 0.36154 0.45012 0.35220 0.45164 0.35175 0.45004 0.36284 0.45294 0.37899 0.45097 0.39427 0.45307 0.40886 0.46008 0.42005 0.46951 0.41958 0.47814 0.41755 0.48628 0.41827 0.49507 0.40916 0.49736 0.39819 0.50210 0.38766 0.50412 0.36598 0.50684 0.36077 0.51142 0.33884 0.50326 0.32603 0.49575 0.30338 0.48716 0.28481 0.48191 0.27180 0.47209 0.26225 0.45680 0.25316 0.44946 0.25400 0.44484 0.24963 0.43933 0.24013 0.43669 0.23469 0.43185 0.22957 0.42801 0.22889 0.42308 0.23442 0.42524 0.25683 0.42680 0.26635 0.42378 0.28145 0.42154 0.30024 0.42222 0.31884 0.42107 0.33144 0.42437 0.34126 0.42948 0.34287 0.43234 0.34906 0.43254 0.35407
1 0.21158 0.63299 0.22524 0.63540 0.23115 0.63585 0.22218 0.62894 0.21330 0.62323 0.20066 0.61508 0.18304 0.61138 0.16719 0.61806 0.15341 0.61977 0.14607 0.62914 0.13492 0.64139 0.12729 0.65071 0.12693 0.67315 0.13480 0.67098 0.14879 0.66183 0.17492 0.64541 0.21158 0.63299
1 0.67168 0.87391 0.67656 0.88152 0.68345 0.88452 0.69482 0.88831 0.69998 0.88466 0.70282 0.86572 0.70455 0.84619 0.70340 0.82714 0.70079 0.81577 0.69899 0.81347 0.69659 0.80888 0.68995 0.80157 0.68291 0.79655 0.67389 0.79140 0.66414 0.78412 0.65707 0.77871 0.64918 0.77792 0.64661 0.77944 0.63850 0.77762 0.64099 0.78341 0.64371 0.78905 0.64638 0.79666 0.65031 0.80678 0.65466 0.82708 0.65705 0.84139 0.66033 0.84950 0.66682 0.85878 0.67168 0.87391
4 0.47849 0.55012 0.48362 0.50079 0.49039 0.45672 0.49828 0.44618 0.50347 0.44367 0.51032 0.42441 0.51248 0.41456 0.50285 0.39580 0.49746 0.39903 0.49535 0.40898 0.48637 0.41842 0.47685 0.41851 0.46000 0.42040 0.45395 0.41061 0.45164 0.40980 0.42649 0.41304 0.41752 0.41743 0.41328 0.42436 0.40789 0.47203 0.40433 0.51916 0.40080 0.56118 0.39578 0.59697 0.40070 0.63025 0.41449 0.65229 0.43478 0.64734 0.45530 0.62878 0.46901 0.60732 0.47849 0.55012
4 0.52933 0.70035 0.53446 0.68592 0.54569 0.64286 0.56199 0.59149 0.58164 0.50934 0.58936 0.47451 0.58620 0.46916 0.58538 0.46387 0.58107 0.45694 0.56385 0.44843 0.54196 0.44284 0.52978 0.44205 0.52605 0.44551 0.52171 0.44269 0.51752 0.44471 0.50306 0.44475 0.49439 0.45145 0.48783 0.48278 0.48238 0.52665 0.47649 0.59306 0.47278 0.64535 0.47043 0.69100 0.48253 0.70744 0.50256 0.71715 0.51787 0.70960 0.52933 0.70035
1 0.16385 0.72061 0.16585 0.73467 0.17196 0.74917 0.18434 0.75107 0.19520 0.74270 0.20645 0.73212 0.22126 0.71531 0.23652 0.70172 0.24663 0.69350 0.25895 0.68510 0.26564 0.68400 0.27551 0.68374 0.26838 0.67991 0.26183 0.67447 0.24961 0.67088 0.24097 0.66993 0.23320 0.67628 0.22171 0.68082 0.21449 0.67755 0.20552 0.67597 0.19523 0.67615 0.18745 0.67849 0.17636 0.68653 0.17056 0.69237 0.16546 0.70575 0.16385 0.72061
1 0.58080 0.38220 0.59353 0.37507 0.60712 0.36316 0.62659 0.36314 0.63026 0.35786 0.62684 0.35182 0.62712 0.34595 0.63130 0.34916 0.63601 0.35097 0.64806 0.34471 0.65181 0.32908 0.65056 0.31356 0.64677 0.29650 0.63818 0.28325 0.63533 0.27534 0.63561 0.25960 0.62992 0.25366 0.61853 0.25313 0.60836 0.25134 0.59849 0.25354 0.58569 0.25820 0.57553 0.26628 0.56384 0.28445 0.55824 0.29778 0.55815 0.30961 0.55335 0.32406 0.54897 0.33760 0.54965 0.35500 0.56223 0.36857 0.57485 0.37770 0.58080 0.38220
1 0.59237 0.67007 0.59482 0.67187 0.59638 0.68174 0.59980 0.68097 0.60511 0.67643 0.61095 0.67677 0.61042 0.68662 0.61272 0.69525 0.61449 0.69796 0.61584 0.69820 0.61631 0.68765 0.61604 0.67835 0.61408 0.67081 0.60718 0.65486 0.60062 0.64684 0.59684 0.63486 0.59435 0.61557 0.59390 0.60830 0.59158 0.60377 0.58779 0.59968 0.58689 0.59301 0.58843 0.58231 0.58620 0.57335 0.57913 0.57313 0.57143 0.58240 0.56275 0.60212 0.55890 0.60624 0.54714 0.63261 0.53734 0.66859 0.53307 0.69181 0.52663 0.70372 0.52290 0.70820 0.51735 0.72196 0.51788 0.74845 0.52420 0.75093 0.54090 0.73880 0.55079 0.72991 0.54695 0.74089 0.54574 0.75267 0.54804 0.75925 0.54990 0.75855 0.55276 0.75117 0.56028 0.71342 0.56284 0.70188 0.56610 0.69422 0.57297 0.67590 0.57639 0.66142 0.58070 0.64779 0.58076 0.66116 0.58510 0.65919 0.59125 0.66165 0.59237 0.67007
1 0.68243 0.57307 0.68831 0.55387 0.69142 0.52629 0.69749 0.52588 0.71200 0.52992 0.72935 0.53347 0.73527 0.52958 0.75012 0.51048 0.76133 0.51344 0.78056 0.51338 0.78723 0.50814 0.79244 0.49129 0.79611 0.47614 0.79521 0.46710 0.79697 0.44865 0.79809 0.43948 0.80931 0.39703 0.81642 0.37657 0.82407 0.35867 0.82121 0.34089 0.81530 0.33195 0.80750 0.32662 0.80140 0.33147 0.79327 0.34929 0.78165 0.36846 0.76883 0.38595 0.75435 0.40017 0.74286 0.41296 0.72567 0.42127 0.71303 0.42497 0.69051 0.43235 0.68219 0.43286 0.67661 0.43336 0.67267 0.44154 0.67686 0.46449 0.68015 0.48827 0.67277 0.53583 0.67360 0.54387 0.68116 0.52645 0.68339 0.53080 0.68569 0.53614 0.68313 0.54358 0.68044 0.56877 0.68243 0.57307
4 0.62592 0.40740 0.62686 0.41785 0.63218 0.42599 0.63978 0.43007 0.64873 0.42650 0.66124 0.41945 0.67278 0.42183 0.67787 0.39394 0.68065 0.39100 0.68559 0.38262 0.69134 0.37952 0.69952 0.36554 0.70741 0.34865 0.71510 0.32688 0.71014 0.31120 0.70221 0.29918 0.69647 0.29337 0.69041 0.29333 0.68598 0.30180 0.67705 0.32388 0.67089 0.33821 0.66727 0.34888 0.66221 0.35793 0.65438 0.36204 0.64497 0.36723 0.63956 0.37039 0.62952 0.38507 0.62556 0.39568 0.62592 0.40740
1 0.33177 0.40169 0.33764 0.42547 0.34303 0.43566 0.34876 0.43169 0.35709 0.42321 0.36985 0.41195 0.37530 0.39941 0.38115 0.39476 0.39134 0.38589 0.40078 0.36908 0.40818 0.34338 0.41095 0.33178 0.41364 0.31449 0.41154 0.29990 0.39895 0.28773 0.39123 0.27643 0.38673 0.25715 0.38154 0.23562 0.37483 0.21454 0.36869 0.21062 0.35790 0.20658 0.35391 0.21085 0.34651 0.22021 0.33895 0.23664 0.33597 0.24535 0.32681 0.25653 0.31815 0.27917 0.31717 0.30103 0.31513 0.32484 0.31726 0.33516 0.31485 0.36104 0.32273 0.38161 0.33177 0.40169
