4 0.59780 0.67158 0.60135 0.66349 0.59924 0.64782 0.59654 0.63686 0.59266 0.62669 0.58780 0.61985 0.58435 0.61802 0.57590 0.61853 0.57087 0.61905 0.55771 0.61983 0.55263 0.62293 0.54954 0.63255 0.54994 0.63907 0.55073 0.64458 0.55698 0.66706 0.57221 0.67939 0.58208 0.68792 0.59208 0.68085 0.59780 0.67158
2 0.48807 0.61233 0.48858 0.60657 0.49309 0.60622 0.49561 0.60370 0.49680 0.59490 0.49776 0.58600 0.50048 0.58252 0.50305 0.57831 0.50716 0.57942 0.50786 0.58416 0.51133 0.59136 0.51533 0.59386 0.52033 0.59677 0.52213 0.59517 0.52809 0.59207 0.52922 0.59549 0.53178 0.59648 0.53424 0.59992 0.53450 0.59635 0.53301 0.58934 0.52219 0.58203 0.51628 0.57626 0.50830 0.57231 0.49721 0.57238 0.48956 0.57383 0.48290 0.57985 0.47544 0.58021 0.46858 0.58533 0.46569 0.59282 0.46834 0.60049 0.46981 0.60598 0.47307 0.61078 0.47678 0.62053 0.48039 0.62892 0.48266 0.63576 0.48346 0.63040 0.48362 0.62060 0.48578 0.61495 0.48807 0.61233
1 0.64138 0.58096 0.64417 0.58357 0.64558 0.58541 0.64857 0.58844 0.65000 0.58844 0.65098 0.58732 0.65314 0.58502 0.65532 0.58135 0.65503 0.57425 0.65353 0.56815 0.65130 0.56435 0.64831 0.56087 0.64491 0.56113 0.64148 0.55988 0.63676 0.55783 0.63262 0.55749 0.62887 0.56286 0.62711 0.56995 0.62434 0.57558 0.62570 0.57529 0.62677 0.57552 0.62835 0.57717 0.62966 0.57857 0.63235 0.57830 0.63425 0.57957 0.63551 0.58068 0.63846 0.58067 0.64138 0.58096
4 0.69139 0.61492 0.69795 0.61848 0.70379 0.61944 0.70633 0.61762 0.71102 0.60280 0.71219 0.58867 0.71138 0.56474 0.71128 0.55685 0.70800 0.54305 0.70228 0.53687 0.69078 0.53246 0.68077 0.53010 0.67293 0.54707 0.66355 0.55592 0.65606 0.56542 0.65521 0.57220 0.66425 0.58162 0.66921 0.58505 0.67444 0.59634 0.67990 0.60387 0.68689 0.61189 0.69139 0.61492
4 0.34974 0.74191 0.36117 0.73992 0.37241 0.73775 0.38180 0.73665 0.39259 0.73302 0.40187 0.72927 0.40627 0.71236 0.40941 0.69438 0.41156 0.68637 0.40470 0.67985 0.39964 0.67626 0.39322 0.67257 0.38800 0.68232 0.38607 0.68595 0.37995 0.68863 0.37451 0.68693 0.37086 0.68504 0.36835 0.68868 0.36595 0.68364 0.36148 0.68215 0.35870 0.68164 0.35576 0.68381 0.35202 0.68993 0.34861 0.69687 0.34669 0.71015 0.34445 0.72750 0.34233 0.74193 0.34974 0.74191
1 0.58067 0.57341 0.58647 0.57767 0.58791 0.58348 0.59282 0.58838 0.59816 0.59717 0.60147 0.60318 0.60285 0.60487 0.60637 0.60275 0.60486 0.59804 0.60331 0.59409 0.60284 0.58900 0.60207 0.58443 0.60448 0.57660 0.60241 0.57307 0.59426 0.56396 0.59026 0.56100 0.58280 0.56182 0.57821 0.55944 0.56662 0.56144 0.55986 0.56608 0.55211 0.57231 0.54780 0.57597 0.54635 0.58162 0.54785 0.58817 0.55091 0.59683 0.55500 0.59932 0.55932 0.59566 0.56288 0.58987 0.56569 0.58392 0.57000 0.57736 0.57749 0.57378 0.58067 0.57341
4 0.46790 0.70413 0.46518 0.69079 0.46180 0.67832 0.45835 0.67246 0.45238 0.66677 0.44569 0.65830 0.43736 0.65018 0.43145 0.64484 0.42740 0.64184 0.42126 0.64463 0.41688 0.65453 0.41245 0.67507 0.41121 0.69860 0.41081 0.71626 0.41276 0.72428 0.42498 0.72022 0.44555 0.71346 0.45512 0.70959 0.46790 0.70413
4 0.74091 0.55265 0.73487 0.54822 0.72797 0.54650 0.72237 0.54731 0.71847 0.55297 0.71446 0.56285 0.71255 0.56746 0.71160 0.57097 0.71238 0.59103 0.71658 0.59319 0.72110 0.59770 0.72537 0.60302 0.72992 0.60562 0.73456 0.60628 0.73795 0.60226 0.73978 0.59208 0.74099 0.57519 0.74143 0.56262 0.74091 0.55265
4 0.64598 0.66463 0.64301 0.64951 0.63850 0.63178 0.63533 0.62423 0.63088 0.61546 0.62686 0.60862 0.62233 0.60628 0.61767 0.60452 0.61051 0.60476 0.60654 0.60506 0.60274 0.60733 0.59944 0.61078 0.59667 0.61613 0.59647 0.62039 0.59609 0.62377 0.59689 0.63385 0.59920 0.64472 0.60210 0.65839 0.60591 0.66307 0.61695 0.66494 0.62709 0.67011 0.63538 0.67055 0.64217 0.66800 0.64598 0.66463
4 0.50432 0.69309 0.50882 0.68316 0.51013 0.67207 0.50641 0.65345 0.50170 0.64163 0.49514 0.63606 0.48857 0.63563 0.48295 0.63682 0.48025 0.63795 0.47487 0.63964 0.47042 0.64113 0.46639 0.64346 0.46397 0.64764 0.46211 0.65096 0.46095 0.65817 0.46077 0.66480 0.46208 0.67496 0.46458 0.68615 0.46742 0.69892 0.46997 0.70460 0.47847 0.70317 0.48911 0.70090 0.50123 0.69979 0.50432 0.69309
4 0.71365 0.66087 0.71803 0.66708 0.73359 0.66725 0.74433 0.66717 0.74831 0.66632 0.74616 0.65964 0.74330 0.64852 0.73897 0.64193 0.73051 0.63091 0.72313 0.61746 0.72013 0.61315 0.71608 0.60961 0.71148 0.60693 0.70960 0.60788 0.70659 0.61786 0.70361 0.61996 0.69790 0.61898 0.68710 0.61248 0.68386 0.60932 0.68244 0.61182 0.68092 0.61617 0.67823 0.62023 0.68212 0.62874 0.68811 0.64194 0.69265 0.65178 0.69529 0.65561 0.69982 0.65447 0.70747 0.65650 0.71365 0.66087
4 0.75956 0.61578 0.75175 0.60733 0.74303 0.60149 0.73838 0.59963 0.73811 0.60254 0.73472 0.60590 0.73220 0.60578 0.73129 0.60839 0.73141 0.61034 0.72819 0.61036 0.72465 0.60892 0.72235 0.60985 0.72085 0.61038 0.71973 0.61128 0.71958 0.61197 0.72068 0.61372 0.72487 0.62030 0.73015 0.62995 0.74163 0.64531 0.74820 0.64655 0.75692 0.65371 0.76433 0.65961 0.77210 0.66301 0.77743 0.66254 0.78055 0.65858 0.78428 0.65405 0.78276 0.64624 0.77429 0.63398 0.75956 0.61578
4 0.64644 0.65647 0.65804 0.66042 0.66239 0.66132 0.67373 0.66056 0.69220 0.66176 0.69881 0.66237 0.69207 0.65080 0.67849 0.62145 0.67159 0.61028 0.66547 0.60147 0.65971 0.59577 0.65666 0.59294 0.65376 0.59081 0.65017 0.59097 0.64681 0.59320 0.64541 0.59753 0.64279 0.60303 0.64135 0.60664 0.64018 0.61146 0.64062 0.61815 0.64097 0.62265 0.63965 0.63026 0.63919 0.63384 0.64325 0.64891 0.64644 0.65647
4 0.40041 0.64925 0.40218 0.64155 0.40482 0.63166 0.40620 0.62560 0.40628 0.61692 0.40534 0.61247 0.39707 0.60845 0.38550 0.60137 0.37535 0.59754 0.36566 0.59449 0.36149 0.59716 0.35279 0.60921 0.34034 0.61962 0.33708 0.62520 0.34003 0.63700 0.34558 0.64973 0.35447 0.66522 0.36145 0.67506 0.37464 0.68690 0.38001 0.68841 0.38593 0.68562 0.39339 0.67223 0.39829 0.65946 0.40041 0.64925
4 0.33752 0.68148 0.34073 0.67881 0.34244 0.67586 0.34782 0.67288 0.35095 0.66702 0.35331 0.66378 0.35197 0.66115 0.34589 0.65038 0.34121 0.64513 0.33766 0.63994 0.32772 0.63487 0.32496 0.63821 0.31324 0.65352 0.30366 0.66502 0.29902 0.67150 0.30264 0.67989 0.30645 0.68488 0.31021 0.68912 0.31515 0.69127 0.31805 0.69004 0.32172 0.69247 0.32499 0.69299 0.32963 0.69323 0.33355 0.68965 0.33752 0.68148
4 0.54862 0.63917 0.54636 0.63488 0.54392 0.62862 0.54097 0.62449 0.53723 0.62419 0.53006 0.62553 0.52074 0.63227 0.51430 0.63877 0.51216 0.64252 0.50824 0.64537 0.50619 0.64837 0.50910 0.66609 0.51128 0.67748 0.52175 0.68188 0.52745 0.68854 0.53241 0.69298 0.53927 0.69354 0.54768 0.69285 0.55089 0.69125 0.55318 0.67794 0.55620 0.66615 0.55399 0.65524 0.54862 0.63917
2 0.43727 0.60809 0.44240 0.60876 0.44630 0.60705 0.44928 0.61213 0.45528 0.61965 0.45839 0.62250 0.45560 0.61562 0.45477 0.60964 0.45547 0.60048 0.45860 0.59454 0.45658 0.59190 0.45164 0.59492 0.44769 0.59357 0.44240 0.59008 0.43813 0.58725 0.43399 0.58505 0.43016 0.58498 0.42739 0.58711 0.42329 0.59128 0.41825 0.59587 0.41469 0.60190 0.41431 0.60703 0.41694 0.62010 0.41932 0.62575 0.42205 0.63243 0.42476 0.63273 0.42651 0.62994 0.42881 0.63385 0.42900 0.62435 0.43203 0.61514 0.43576 0.61061 0.43727 0.60809
