4 0.51994 0.64642 0.51957 0.65197 0.52100 0.67526 0.53333 0.69048 0.54122 0.70088 0.55247 0.69604 0.55999 0.68816 0.56515 0.68099 0.56634 0.66523 0.56597 0.65394 0.56430 0.64319 0.56096 0.63548 0.55797 0.63297 0.54960 0.63172 0.54457 0.63118 0.53154 0.62922 0.52592 0.63118 0.52089 0.63995 0.51994 0.64642
2 0.45222 0.61307 0.45402 0.62203 0.45481 0.62919 0.45671 0.62412 0.45890 0.61456 0.46219 0.60948 0.46498 0.60740 0.46667 0.60187 0.47116 0.60247 0.47415 0.60052 0.47714 0.59217 0.47993 0.58365 0.48332 0.58082 0.48671 0.57723 0.49049 0.57917 0.49019 0.58395 0.49209 0.59172 0.49548 0.59500 0.49976 0.59888 0.50186 0.59769 0.50833 0.59590 0.50873 0.59948 0.51102 0.60098 0.51272 0.60485 0.51372 0.60142 0.51372 0.59425 0.50465 0.58485 0.50006 0.57798 0.49308 0.57245 0.48222 0.57022 0.47443 0.57005 0.46667 0.57455 0.45930 0.57335 0.45153 0.57693 0.44714 0.58365 0.44814 0.59172 0.44843 0.59739 0.45063 0.60277 0.45222 0.61307
1 0.60950 0.60217 0.61049 0.60381 0.61318 0.60411 0.61478 0.60575 0.61577 0.60710 0.61867 0.60769 0.62145 0.60858 0.62365 0.61172 0.62464 0.61382 0.62694 0.61740 0.62833 0.61770 0.62953 0.61680 0.63212 0.61500 0.63501 0.61187 0.63620 0.60485 0.63600 0.59858 0.63461 0.59440 0.63242 0.59037 0.62903 0.58993 0.62594 0.58798 0.62175 0.58500 0.61777 0.58380 0.61298 0.58828 0.60979 0.59485 0.60591 0.59978 0.60730 0.59978 0.60830 0.60023 0.60950 0.60217
4 0.63681 0.60289 0.64370 0.61398 0.64783 0.61837 0.65060 0.63050 0.65437 0.63900 0.65954 0.64830 0.66332 0.65220 0.66899 0.65705 0.67450 0.65920 0.67737 0.65795 0.68503 0.64443 0.68912 0.63085 0.69330 0.60728 0.69485 0.59954 0.69450 0.58535 0.69020 0.57812 0.67986 0.57142 0.67056 0.56703 0.65937 0.58200 0.64834 0.58870 0.63905 0.59644 0.63681 0.60289
4 0.32069 0.64980 0.31577 0.65502 0.31098 0.66110 0.30635 0.67368 0.30055 0.69018 0.29548 0.70386 0.30273 0.70538 0.31432 0.70582 0.32577 0.70603 0.33519 0.70690 0.34649 0.70560 0.35634 0.70386 0.36417 0.68823 0.37098 0.67130 0.37475 0.66392 0.36939 0.65610 0.36518 0.65155 0.35968 0.64660 0.35254 0.65505 0.34990 0.65820 0.34336 0.65955 0.33838 0.65675 0.33521 0.65415 0.33200 0.65719 0.33069 0.65176 0.32664 0.64938 0.32403 0.64829 0.32069 0.64980
1 0.53315 0.60858 0.53813 0.60590 0.54282 0.60098 0.54681 0.59575 0.55239 0.59022 0.56046 0.58828 0.56365 0.58858 0.56843 0.59395 0.56863 0.59993 0.57242 0.60575 0.57581 0.61545 0.57780 0.62203 0.57880 0.62397 0.58268 0.62262 0.58219 0.61770 0.58149 0.61352 0.58209 0.60844 0.58229 0.60381 0.58627 0.59665 0.58498 0.59276 0.57890 0.58216 0.57561 0.57843 0.56813 0.57768 0.56415 0.57440 0.55239 0.57395 0.54481 0.57708 0.53594 0.58157 0.53096 0.58425 0.52837 0.58947 0.52847 0.59620 0.52966 0.60530 0.53315 0.60858
4 0.37186 0.67580 0.36780 0.69300 0.36803 0.70123 0.38083 0.69980 0.40236 0.69748 0.41253 0.69568 0.42616 0.69300 0.42628 0.67938 0.42556 0.66648 0.42341 0.66003 0.41875 0.65322 0.41396 0.64355 0.40750 0.63387 0.40284 0.62743 0.39950 0.62365 0.39291 0.62510 0.38657 0.63387 0.37796 0.65304 0.37186 0.67580
4 0.70294 0.65111 0.70734 0.65272 0.71149 0.64950 0.71539 0.63992 0.72009 0.62365 0.72313 0.61145 0.72470 0.60159 0.71971 0.59600 0.71332 0.59288 0.70767 0.59251 0.70269 0.59724 0.69671 0.60607 0.69388 0.61018 0.69222 0.61341 0.68882 0.63320 0.69247 0.63618 0.69596 0.64153 0.69903 0.64763 0.70294 0.65111
4 0.56694 0.67615 0.56969 0.68153 0.58010 0.68565 0.58895 0.69282 0.59696 0.69497 0.60414 0.69389 0.60856 0.69138 0.60880 0.67597 0.60808 0.65770 0.60654 0.64965 0.60402 0.64015 0.60150 0.63262 0.59756 0.62940 0.59337 0.62670 0.58632 0.62545 0.58237 0.62492 0.57818 0.62635 0.57424 0.62903 0.57041 0.63370 0.56933 0.63782 0.56825 0.64104 0.56694 0.65107 0.56694 0.66218 0.56694 0.67615
4 0.42665 0.67472 0.42677 0.68780 0.42808 0.69389 0.43670 0.69425 0.44758 0.69425 0.45966 0.69568 0.46409 0.68977 0.47054 0.68099 0.47413 0.67042 0.47437 0.65143 0.47222 0.63889 0.46696 0.63208 0.46062 0.63029 0.45488 0.63029 0.45201 0.63082 0.44639 0.63137 0.44172 0.63190 0.43729 0.63333 0.43407 0.63692 0.43155 0.63978 0.42892 0.64660 0.42737 0.65304 0.42653 0.66325 0.42665 0.67472
4 0.65138 0.66379 0.65449 0.67795 0.65688 0.68852 0.65867 0.69282 0.66333 0.69263 0.67039 0.69622 0.67553 0.70178 0.67852 0.70876 0.69372 0.71217 0.70424 0.71432 0.70830 0.71432 0.70759 0.70733 0.70711 0.69586 0.70424 0.68852 0.69826 0.67597 0.69383 0.66128 0.69180 0.65645 0.68857 0.65215 0.68463 0.64857 0.68259 0.64910 0.67757 0.65824 0.67422 0.65967 0.66884 0.65752 0.65963 0.64892 0.65712 0.64516 0.65520 0.64731 0.65281 0.65125 0.64934 0.65465 0.65138 0.66379
4 0.73226 0.71602 0.73757 0.71667 0.74145 0.71345 0.74603 0.70979 0.74618 0.70183 0.74044 0.68807 0.72982 0.66722 0.72394 0.65733 0.71662 0.64980 0.71245 0.64701 0.71159 0.64980 0.70757 0.65238 0.70513 0.65174 0.70370 0.65410 0.70341 0.65604 0.70025 0.65540 0.69710 0.65325 0.69466 0.65368 0.69308 0.65389 0.69179 0.65453 0.69150 0.65518 0.69222 0.65712 0.69494 0.66443 0.69810 0.67496 0.70614 0.69237 0.71231 0.69495 0.71934 0.70377 0.72537 0.71108 0.73226 0.71602
4 0.61394 0.63817 0.61298 0.64480 0.61239 0.64928 0.60952 0.65645 0.60832 0.65985 0.60916 0.67543 0.61071 0.68350 0.62124 0.68977 0.62530 0.69156 0.63655 0.69317 0.65437 0.69819 0.66070 0.70016 0.65652 0.68744 0.64934 0.65591 0.64492 0.64355 0.64075 0.63365 0.63631 0.62688 0.63392 0.62348 0.63152 0.62080 0.62797 0.62020 0.62423 0.62169 0.62196 0.62563 0.61825 0.63047 0.61610 0.63370 0.61394 0.63817
4 0.32808 0.64243 0.33852 0.65675 0.34346 0.65935 0.34983 0.65785 0.35991 0.64630 0.36736 0.63483 0.37156 0.62528 0.37489 0.61812 0.37953 0.60900 0.38214 0.60335 0.38402 0.59488 0.38402 0.59033 0.37677 0.58468 0.36692 0.57535 0.35779 0.56949 0.34895 0.56450 0.34432 0.56623 0.33330 0.57622 0.31895 0.58382 0.31461 0.58859 0.31504 0.60075 0.31782 0.61435 0.32330 0.63135 0.32808 0.64243
4 0.27942 0.64866 0.28251 0.64806 0.28560 0.65120 0.28869 0.65239 0.29318 0.65358 0.29776 0.65090 0.30334 0.64373 0.30703 0.64179 0.30932 0.63925 0.31520 0.63746 0.31949 0.63238 0.32246 0.62970 0.32170 0.62685 0.31799 0.61505 0.31450 0.60895 0.31211 0.60313 0.30344 0.59610 0.30005 0.59880 0.28540 0.61133 0.27364 0.62059 0.26776 0.62597 0.26956 0.63492 0.27225 0.64060 0.27504 0.64553 0.27942 0.64866
4 0.49817 0.69748 0.50654 0.69855 0.51001 0.69765 0.51502 0.68511 0.52043 0.67420 0.52053 0.66307 0.51862 0.64623 0.51731 0.64158 0.51622 0.63495 0.51420 0.63029 0.51060 0.62922 0.50330 0.62903 0.49279 0.63370 0.48513 0.63871 0.48226 0.64193 0.47784 0.64390 0.47521 0.64642 0.47437 0.66435 0.47413 0.67595 0.48346 0.68243 0.48765 0.69013 0.49158 0.69550 0.49817 0.69748
2 0.39881 0.61418 0.40110 0.61182 0.40254 0.61612 0.40469 0.60687 0.40957 0.59849 0.41417 0.59483 0.41617 0.59268 0.42105 0.59440 0.42521 0.59355 0.42708 0.59913 0.43139 0.60773 0.43383 0.61118 0.43253 0.60387 0.43296 0.59785 0.43555 0.58903 0.43985 0.58387 0.43842 0.58086 0.43296 0.58280 0.42938 0.58065 0.42493 0.57613 0.42134 0.57248 0.41775 0.56947 0.41402 0.56860 0.41086 0.57011 0.40598 0.57333 0.40010 0.57678 0.39536 0.58193 0.39393 0.58688 0.39378 0.60021 0.39493 0.60623 0.39622 0.61333 0.39881 0.61418
