4 0.41328 0.33459 0.41280 0.34141 0.41280 0.34507 0.41352 0.35158 0.41360 0.35396 0.42134 0.35412 0.42876 0.35745 0.43755 0.35856 0.44328 0.35825 0.44561 0.35539 0.44852 0.35078 0.44924 0.34348 0.44916 0.33316 0.44892 0.32443 0.44844 0.31728 0.44690 0.31522 0.44239 0.31601 0.43868 0.31697 0.43408 0.31681 0.42699 0.31712 0.41796 0.31617 0.41675 0.31712 0.41489 0.32093 0.41409 0.32443 0.41385 0.32983 0.41328 0.33459
4 0.45164 0.35028 0.45310 0.35635 0.45595 0.36230 0.46138 0.36164 0.46973 0.36175 0.48193 0.36076 0.48619 0.35944 0.48753 0.35514 0.48826 0.34764 0.48826 0.33926 0.48736 0.32989 0.48608 0.32581 0.48507 0.32272 0.48311 0.31985 0.47734 0.31985 0.46900 0.32051 0.46245 0.32095 0.45909 0.32095 0.45556 0.32051 0.45478 0.32018 0.45360 0.32018 0.45304 0.32040 0.45231 0.32173 0.45147 0.32702 0.45080 0.33771 0.45080 0.34676 0.45164 0.35028
2 0.40019 0.35405 0.40358 0.35342 0.40672 0.35247 0.41003 0.35342 0.40915 0.34786 0.40922 0.33992 0.40971 0.33532 0.40922 0.33325 0.40277 0.33325 0.39947 0.33881 0.39963 0.34532 0.40019 0.35405
4 0.48865 0.34113 0.49022 0.35172 0.49106 0.35536 0.49565 0.35679 0.50310 0.35668 0.51021 0.35536 0.51710 0.35326 0.52477 0.35028 0.52735 0.34984 0.52751 0.34576 0.52706 0.33827 0.52606 0.33209 0.52415 0.32581 0.52174 0.32018 0.51895 0.31610 0.51732 0.31489 0.51312 0.31544 0.51027 0.31599 0.50461 0.31599 0.49750 0.31643 0.49145 0.31853 0.49028 0.32140 0.48904 0.32625 0.48820 0.33132 0.48832 0.33661 0.48865 0.34113
4 0.55831 0.31587 0.55343 0.32227 0.55622 0.32959 0.56005 0.34102 0.56191 0.34925 0.56644 0.34765 0.57677 0.35131 0.58408 0.35565 0.58861 0.35520 0.59024 0.34536 0.59198 0.33462 0.59372 0.32090 0.59361 0.31061 0.59152 0.30261 0.58850 0.29918 0.58501 0.29598 0.57770 0.29712 0.57015 0.30238 0.56353 0.30878 0.55831 0.31587
1 0.40874 0.27106 0.40665 0.27952 0.40688 0.28729 0.41199 0.29529 0.42047 0.30215 0.42476 0.30650 0.43219 0.30764 0.43846 0.30330 0.44276 0.29781 0.44682 0.29302 0.44717 0.28043 0.44624 0.27220 0.44369 0.26717 0.43660 0.26214 0.42604 0.25985 0.41988 0.25940 0.41466 0.26557 0.40874 0.27106
4 0.32354 0.36647 0.32714 0.37264 0.33480 0.37150 0.33921 0.36921 0.34455 0.35823 0.34734 0.34680 0.35117 0.33743 0.35524 0.33103 0.35860 0.32714 0.35977 0.32074 0.35338 0.31068 0.34421 0.29810 0.33515 0.28827 0.32621 0.28210 0.32215 0.28141 0.31913 0.28462 0.31657 0.29102 0.31622 0.31411 0.31773 0.33263 0.32006 0.35458 0.32354 0.36647
4 0.38264 0.33949 0.38310 0.34932 0.38287 0.35458 0.39193 0.35275 0.40087 0.35389 0.40679 0.35275 0.41027 0.35366 0.40923 0.34726 0.40934 0.34017 0.40992 0.33172 0.40957 0.32348 0.40795 0.31731 0.40609 0.31365 0.40029 0.31205 0.39518 0.31251 0.39042 0.31319 0.38438 0.31502 0.38299 0.31800 0.38264 0.32577 0.38287 0.33057 0.38194 0.33492 0.38264 0.33949
4 0.52949 0.34866 0.53433 0.34802 0.53860 0.34707 0.54102 0.34612 0.54393 0.34707 0.54852 0.34786 0.55191 0.34866 0.55465 0.34834 0.56158 0.34866 0.55989 0.34135 0.55610 0.32928 0.55312 0.32166 0.55126 0.31531 0.54884 0.31087 0.54511 0.31046 0.54214 0.31287 0.53925 0.31674 0.53622 0.31960 0.52981 0.32833 0.52941 0.33024 0.52869 0.33278 0.52925 0.33659 0.52990 0.34199 0.52949 0.34866
2 0.49144 0.35534 0.49403 0.35602 0.49481 0.35466 0.49412 0.34411 0.49239 0.33697 0.49127 0.33509 0.48833 0.33340 0.48859 0.33782 0.48910 0.34326 0.49040 0.35228 0.49144 0.35534
2 0.53429 0.34794 0.53628 0.34740 0.53581 0.34480 0.53530 0.34021 0.53441 0.33752 0.53235 0.33531 0.52936 0.33599 0.53002 0.34212 0.52967 0.34863 0.53429 0.34794
