4 0.64850 0.38504 0.65322 0.38478 0.65575 0.38302 0.66164 0.37911 0.66178 0.37371 0.66196 0.36545 0.66080 0.35571 0.66038 0.33232 0.65765 0.32376 0.64899 0.30788 0.64223 0.30179 0.63095 0.33093 0.62354 0.34032 0.62396 0.35042 0.62272 0.35618 0.62405 0.37640 0.61811 0.38736 0.60498 0.40025 0.61232 0.40633 0.61921 0.40885 0.62447 0.41030 0.62901 0.40597 0.63029 0.40218 0.63275 0.39751 0.63645 0.39152 0.64243 0.37967 0.64458 0.38179 0.64850 0.38504
4 0.54130 0.72022 0.54545 0.71430 0.54785 0.70246 0.54815 0.69264 0.54802 0.69045 0.54382 0.67945 0.54338 0.67476 0.54004 0.66475 0.53579 0.65855 0.52990 0.65307 0.52536 0.65172 0.51331 0.65399 0.50384 0.65686 0.49765 0.65949 0.49453 0.65987 0.49291 0.66178 0.48833 0.66301 0.48748 0.66491 0.48697 0.67102 0.48827 0.67944 0.49324 0.70429 0.49649 0.70782 0.50001 0.71863 0.50397 0.72747 0.50973 0.73572 0.52118 0.73308 0.53033 0.72772 0.54130 0.72022
4 0.24091 0.41784 0.24535 0.40746 0.25067 0.39933 0.24535 0.39145 0.24318 0.38530 0.23977 0.37131 0.23433 0.36936 0.21675 0.36283 0.19880 0.35786 0.18425 0.35408 0.18360 0.35522 0.17959 0.36427 0.17789 0.37451 0.17988 0.38071 0.19109 0.41087 0.20335 0.43760 0.21319 0.45380 0.21842 0.45727 0.22545 0.45811 0.23192 0.45810 0.23537 0.45385 0.23654 0.44693 0.23669 0.43237 0.24091 0.41784
4 0.43140 0.68682 0.42869 0.68010 0.42537 0.67350 0.42154 0.66857 0.41690 0.66623 0.41406 0.66671 0.40990 0.66870 0.40512 0.66911 0.40206 0.67033 0.39624 0.67288 0.39237 0.67890 0.39040 0.68483 0.38761 0.69163 0.38711 0.69670 0.38599 0.70073 0.38604 0.70482 0.38410 0.70698 0.38378 0.70893 0.38834 0.72704 0.39456 0.74562 0.39977 0.75485 0.40850 0.75488 0.41860 0.74639 0.42697 0.73488 0.43243 0.72404 0.43892 0.71775 0.43540 0.70249 0.43140 0.68682
4 0.38456 0.71449 0.38290 0.70839 0.37845 0.70568 0.37504 0.70033 0.37038 0.69371 0.36644 0.69018 0.35910 0.68027 0.35325 0.67264 0.34956 0.66707 0.34407 0.66000 0.34000 0.65901 0.33618 0.66021 0.33322 0.66411 0.32937 0.67655 0.32601 0.69849 0.32659 0.71248 0.32770 0.72249 0.33473 0.73209 0.35457 0.74195 0.36933 0.74752 0.38033 0.73889 0.38325 0.72442 0.38456 0.71449
4 0.28937 0.40998 0.29746 0.40330 0.30396 0.39672 0.30983 0.39002 0.31334 0.38092 0.31078 0.36895 0.30619 0.35691 0.28354 0.34128 0.27140 0.33125 0.26472 0.32317 0.25650 0.31972 0.25078 0.32185 0.24130 0.33900 0.23877 0.36017 0.23952 0.37123 0.24338 0.38879 0.24786 0.39604 0.25325 0.40201 0.26083 0.40882 0.27179 0.41458 0.28236 0.41347 0.28937 0.40998
4 0.59159 0.68467 0.60073 0.67759 0.59650 0.66369 0.59273 0.65738 0.58742 0.64885 0.58136 0.64204 0.57538 0.63726 0.56536 0.63524 0.55865 0.63600 0.54983 0.63769 0.54498 0.63949 0.54289 0.64322 0.54178 0.64896 0.54187 0.65714 0.54337 0.66586 0.54502 0.67352 0.54510 0.68000 0.55003 0.68690 0.55713 0.69878 0.56428 0.70363 0.57847 0.69454 0.59159 0.68467
4 0.49020 0.70847 0.49122 0.69633 0.48821 0.67915 0.48408 0.66963 0.48082 0.66440 0.47705 0.66031 0.45877 0.66282 0.44819 0.66475 0.44203 0.66754 0.43763 0.67180 0.43560 0.67610 0.43335 0.68637 0.43388 0.69532 0.43766 0.71172 0.44166 0.72516 0.44814 0.74043 0.45498 0.74810 0.47026 0.74798 0.48135 0.74202 0.48775 0.73245 0.49020 0.70847
4 0.57159 0.35181 0.57308 0.35387 0.56884 0.35457 0.56670 0.35667 0.56694 0.35770 0.57011 0.36364 0.58013 0.37970 0.58515 0.38449 0.59308 0.39443 0.59908 0.40042 0.60203 0.39960 0.60423 0.39913 0.60974 0.39459 0.61213 0.39189 0.61484 0.39018 0.61811 0.38754 0.62347 0.37673 0.62354 0.37260 0.62294 0.35645 0.62384 0.35088 0.62375 0.33638 0.62400 0.32982 0.62300 0.31560 0.62163 0.30362 0.61940 0.29477 0.61607 0.28912 0.61157 0.28695 0.60525 0.28614 0.59835 0.28645 0.59075 0.29526 0.57916 0.30339 0.56821 0.31329 0.56307 0.31734 0.56086 0.32156 0.56151 0.32758 0.55993 0.34155 0.56323 0.34582 0.57159 0.35181
4 0.42341 0.33867 0.43277 0.33838 0.44013 0.33989 0.44757 0.33737 0.45144 0.33327 0.46019 0.33124 0.47178 0.32670 0.47709 0.32280 0.47864 0.31736 0.47813 0.30732 0.47519 0.29891 0.46447 0.29069 0.45362 0.28277 0.44481 0.28026 0.43371 0.27908 0.42248 0.28167 0.41433 0.28542 0.40875 0.29339 0.40228 0.30532 0.39522 0.32165 0.39111 0.33249 0.39803 0.34426 0.40602 0.35364 0.40719 0.35177 0.41124 0.35457 0.41482 0.35268 0.41875 0.34455 0.42341 0.33867
4 0.55444 0.35186 0.55892 0.34611 0.55955 0.34162 0.56088 0.33392 0.56077 0.32526 0.55958 0.31592 0.55632 0.30705 0.55476 0.29939 0.55118 0.29085 0.54287 0.27566 0.53396 0.26837 0.52179 0.26342 0.51030 0.26313 0.50555 0.26690 0.49952 0.27899 0.49512 0.29551 0.49328 0.30583 0.49003 0.31085 0.48677 0.32016 0.48471 0.32251 0.48611 0.32860 0.48964 0.33608 0.49185 0.34653 0.49727 0.35436 0.50410 0.35787 0.51369 0.36207 0.52299 0.36500 0.53514 0.36380 0.54442 0.36059 0.55052 0.35571 0.55444 0.35186
4 0.59767 0.65940 0.59768 0.66268 0.60080 0.66880 0.60719 0.67103 0.61125 0.67052 0.62372 0.65695 0.63259 0.63980 0.63880 0.62824 0.63872 0.62512 0.62877 0.60889 0.62342 0.60286 0.62092 0.60130 0.61734 0.60097 0.61311 0.60310 0.60930 0.60883 0.60685 0.61352 0.60442 0.61965 0.60269 0.62603 0.60141 0.63117 0.59940 0.63819 0.59815 0.64575 0.59775 0.65468 0.59767 0.65940
4 0.33188 0.66849 0.33277 0.66434 0.33594 0.65967 0.34085 0.65854 0.34540 0.66143 0.35419 0.67393 0.36250 0.68433 0.35999 0.67505 0.35565 0.66744 0.34901 0.65788 0.34712 0.65610 0.34401 0.64958 0.34213 0.64666 0.33957 0.64418 0.33709 0.64347 0.33365 0.64367 0.33106 0.64565 0.32867 0.64908 0.32677 0.65248 0.32634 0.65552 0.32394 0.65146 0.32123 0.64900 0.31938 0.64785 0.31618 0.64800 0.31101 0.64828 0.30691 0.64940 0.30434 0.65322 0.30126 0.65102 0.29748 0.65072 0.29352 0.65198 0.29128 0.65348 0.28722 0.66550 0.28496 0.68129 0.28528 0.68590 0.30369 0.70480 0.31312 0.71445 0.32425 0.72345 0.32690 0.72136 0.32573 0.69947 0.32902 0.67851 0.33188 0.66849
4 0.33648 0.39777 0.34348 0.39856 0.35158 0.39455 0.36591 0.39846 0.37414 0.39763 0.38463 0.39441 0.39272 0.39040 0.39584 0.38567 0.39555 0.37745 0.39362 0.37255 0.39234 0.36616 0.39088 0.35634 0.39268 0.34763 0.39200 0.33603 0.37964 0.32070 0.36875 0.30825 0.35715 0.29970 0.34690 0.29698 0.33283 0.29943 0.31985 0.31098 0.31061 0.32568 0.30597 0.33423 0.30748 0.35206 0.31078 0.36895 0.31538 0.38366 0.31924 0.38999 0.32248 0.39271 0.32863 0.39504 0.33648 0.39777
4 0.25290 0.63997 0.26388 0.65714 0.27581 0.67360 0.28462 0.68216 0.28531 0.67954 0.28689 0.66636 0.29132 0.65278 0.29814 0.64948 0.30185 0.65035 0.30380 0.65162 0.30711 0.64913 0.31260 0.64811 0.31999 0.64813 0.32419 0.65110 0.32625 0.65284 0.32883 0.64880 0.33117 0.64456 0.33371 0.64275 0.33889 0.64278 0.33745 0.63253 0.33414 0.62220 0.33186 0.61633 0.32611 0.60583 0.32236 0.60399 0.31761 0.60262 0.31361 0.60527 0.30851 0.61039 0.30624 0.61338 0.30391 0.61047 0.29272 0.60443 0.28649 0.60143 0.28038 0.60137 0.27353 0.60689 0.26891 0.60771 0.26403 0.60736 0.25929 0.61165 0.25611 0.62027 0.25503 0.63160 0.25290 0.63997
