2 0.46088 0.04261 0.45392 0.04199 0.44490 0.04317 0.43371 0.04819 0.42865 0.05790 0.42846 0.08566 0.43368 0.11352 0.44138 0.12424 0.46538 0.11617 0.47650 0.10335 0.47540 0.08316 0.47212 0.06072 0.46688 0.04876 0.46088 0.04261
1 0.60525 0.10406 0.60710 0.10021 0.60818 0.10017 0.60818 0.09710 0.60462 0.09836 0.60159 0.09943 0.60071 0.10059 0.60017 0.10503 0.59836 0.10858 0.59804 0.11037 0.59843 0.11068 0.60122 0.10888 0.60428 0.10402 0.60525 0.10406
4 0.32791 0.28254 0.33208 0.28727 0.34468 0.28271 0.35582 0.27218 0.36709 0.25790 0.37268 0.23181 0.37668 0.21741 0.37699 0.20463 0.36990 0.17373 0.35804 0.14222 0.34990 0.11700 0.34802 0.10618 0.33928 0.10648 0.32473 0.10549 0.30836 0.10982 0.28234 0.12424 0.27210 0.13210 0.26298 0.14330 0.25589 0.16232 0.25183 0.18949 0.25309 0.20408 0.25792 0.22043 0.25902 0.22339 0.26329 0.22362 0.27042 0.22712 0.28525 0.23636 0.29972 0.24937 0.31871 0.27010 0.32791 0.28254
2 0.65470 0.12400 0.64432 0.11342 0.63398 0.11002 0.62790 0.10899 0.61991 0.11927 0.61474 0.13228 0.62640 0.14376 0.63742 0.16058 0.65034 0.17232 0.65974 0.17888 0.66682 0.19051 0.67029 0.18820 0.67493 0.17772 0.67126 0.16221 0.66486 0.14023 0.65470 0.12400
1 0.59712 0.11314 0.59641 0.11430 0.59640 0.11575 0.59678 0.11574 0.59843 0.11374 0.59973 0.11241 0.59926 0.11129 0.59757 0.11216 0.59712 0.11314
2 0.73394 0.29408 0.74157 0.27379 0.74185 0.25783 0.73745 0.23922 0.73411 0.22714 0.72812 0.21702 0.72679 0.20863 0.72200 0.20879 0.71752 0.21208 0.71223 0.20976 0.70216 0.20823 0.70843 0.22053 0.71012 0.23298 0.70904 0.24396 0.71353 0.25913 0.71910 0.28709 0.72130 0.29640 0.72187 0.30670 0.72064 0.31331 0.72725 0.30557 0.73394 0.29408
4 0.46415 0.18031 0.47165 0.16578 0.47938 0.14337 0.48425 0.12518 0.48397 0.10267 0.48069 0.07351 0.47655 0.05526 0.47537 0.04292 0.46589 0.02936 0.45498 0.02524 0.44500 0.02596 0.43484 0.02894 0.42299 0.04062 0.41995 0.05386 0.41925 0.06965 0.42377 0.09164 0.42889 0.12374 0.42981 0.14285 0.43180 0.15667 0.43738 0.17336 0.44560 0.18658 0.45330 0.19195 0.46415 0.18031
4 0.79386 0.46343 0.81218 0.44328 0.81848 0.43030 0.81934 0.41900 0.81927 0.40287 0.81737 0.38417 0.81272 0.36556 0.80414 0.34935 0.79429 0.33243 0.78772 0.32327 0.77542 0.31507 0.77059 0.31298 0.76432 0.31245 0.72686 0.33628 0.69532 0.35052 0.69105 0.34992 0.68038 0.37394 0.67620 0.39060 0.67663 0.41010 0.68096 0.43360 0.69268 0.46096 0.70806 0.47882 0.72647 0.48981 0.74825 0.49018 0.77318 0.48030 0.79386 0.46343
4 0.66179 0.31453 0.66969 0.32589 0.68291 0.33894 0.69237 0.34462 0.69607 0.35049 0.70395 0.34684 0.72391 0.33789 0.74252 0.32598 0.76380 0.31210 0.76578 0.30415 0.77116 0.29345 0.77206 0.26902 0.76685 0.24180 0.75935 0.22029 0.74747 0.20269 0.73512 0.19299 0.71710 0.18574 0.69427 0.18428 0.69151 0.18400 0.68881 0.19986 0.68050 0.21967 0.66996 0.23317 0.66039 0.23876 0.65417 0.25400 0.65248 0.27019 0.65380 0.30092 0.66179 0.31453
2 0.60968 0.06520 0.60170 0.05635 0.57133 0.04525 0.56668 0.04498 0.56037 0.04672 0.55707 0.05574 0.55432 0.07256 0.55410 0.08256 0.56063 0.08711 0.57696 0.08632 0.59174 0.09058 0.60124 0.08895 0.61211 0.08510 0.61446 0.07763 0.60968 0.06520
4 0.40298 0.21799 0.41143 0.20906 0.42156 0.19107 0.42817 0.17244 0.42893 0.15853 0.42885 0.12738 0.42570 0.10196 0.42021 0.07363 0.41336 0.06374 0.40324 0.05358 0.39174 0.04648 0.38182 0.04907 0.37274 0.05427 0.36334 0.06473 0.35521 0.07553 0.34939 0.09525 0.34826 0.10580 0.35027 0.12037 0.36221 0.15410 0.37155 0.17780 0.37758 0.20724 0.38304 0.21305 0.39401 0.21905 0.40298 0.21799
2 0.52925 0.04659 0.52294 0.04247 0.50683 0.04477 0.49885 0.04794 0.48976 0.05837 0.48809 0.07664 0.49088 0.09591 0.49785 0.10232 0.50875 0.10540 0.52164 0.11016 0.53464 0.10161 0.53540 0.09031 0.53329 0.06292 0.52925 0.04659
4 0.59930 0.18047 0.59689 0.15465 0.59815 0.12608 0.60415 0.11161 0.61294 0.09817 0.62507 0.08723 0.62618 0.07593 0.62352 0.05726 0.61737 0.04584 0.60677 0.03608 0.59123 0.02836 0.57485 0.02518 0.56384 0.02519 0.55799 0.02952 0.55058 0.03954 0.54557 0.05360 0.54230 0.06760 0.54560 0.09752 0.54138 0.13445 0.54657 0.16129 0.55700 0.19471 0.56678 0.21688 0.57116 0.22048 0.58766 0.19851 0.59930 0.18047
4 0.53050 0.16673 0.53680 0.15375 0.54155 0.12506 0.54568 0.09976 0.54240 0.07060 0.53863 0.05572 0.53859 0.04746 0.53082 0.03272 0.52084 0.02632 0.51058 0.02630 0.50485 0.02725 0.49746 0.03051 0.49325 0.03178 0.48794 0.03723 0.48197 0.05282 0.48025 0.06789 0.48231 0.09109 0.48420 0.12368 0.48669 0.14499 0.49508 0.16309 0.50576 0.18936 0.50894 0.19451 0.51877 0.18215 0.53050 0.16673
4 0.24291 0.38867 0.27021 0.39397 0.28810 0.39272 0.29846 0.38485 0.31351 0.37400 0.32501 0.35703 0.32991 0.32996 0.32998 0.30806 0.32643 0.28410 0.31777 0.26908 0.30175 0.25212 0.28664 0.23763 0.27636 0.22986 0.26997 0.22602 0.26216 0.22316 0.25232 0.22820 0.23287 0.23857 0.22217 0.24864 0.20933 0.26911 0.20301 0.29122 0.20130 0.31381 0.20475 0.34090 0.21376 0.36029 0.22670 0.37738 0.24291 0.38867
2 0.38661 0.12073 0.39895 0.12082 0.41043 0.12094 0.41836 0.11936 0.41990 0.11853 0.42046 0.10965 0.41337 0.08591 0.40789 0.06812 0.39884 0.05801 0.38962 0.05286 0.38771 0.05266 0.38834 0.06072 0.38545 0.06760 0.38048 0.07455 0.37260 0.08291 0.36485 0.08995 0.36295 0.10019 0.36383 0.12022 0.36446 0.12854 0.36942 0.12107 0.38661 0.12073
4 0.62908 0.25938 0.63829 0.25793 0.65293 0.24015 0.66846 0.23323 0.68055 0.22117 0.68792 0.20290 0.69203 0.18436 0.69294 0.16031 0.68703 0.13462 0.67705 0.11395 0.66393 0.09639 0.65268 0.08965 0.63975 0.08484 0.62683 0.08755 0.61511 0.09584 0.60816 0.10472 0.60135 0.11734 0.59772 0.12835 0.59740 0.16214 0.60050 0.20069 0.60314 0.22612 0.60805 0.24472 0.61629 0.25870 0.62908 0.25938
