1 0.46480 0.55296 0.46476 0.54937 0.46793 0.54604 0.46980 0.54430 0.46916 0.54183 0.46739 0.53996 0.46581 0.54026 0.46370 0.54168 0.46040 0.54240 0.45792 0.54231 0.45637 0.54195 0.45390 0.54056 0.45255 0.53976 0.44980 0.54153 0.44969 0.54361 0.45107 0.54627 0.45448 0.54892 0.45619 0.55102 0.45751 0.55400 0.45966 0.55476 0.46363 0.55423 0.46480 0.55296
2 0.60264 0.41678 0.59495 0.39353 0.58253 0.38023 0.56601 0.36594 0.54712 0.36026 0.52415 0.37723 0.51222 0.38877 0.51435 0.40624 0.51778 0.41758 0.52944 0.44729 0.54392 0.46897 0.56075 0.48931 0.57113 0.50211 0.58258 0.50454 0.59606 0.46866 0.60264 0.41678
2 0.44366 0.55509 0.45155 0.57437 0.45428 0.59065 0.45137 0.60675 0.45311 0.63386 0.46549 0.64353 0.47300 0.65533 0.48272 0.66795 0.48136 0.63003 0.47750 0.61007 0.47425 0.59570 0.47388 0.57086 0.47459 0.56050 0.49380 0.55715 0.50610 0.54713 0.51793 0.54604 0.52339 0.53684 0.53079 0.52895 0.54686 0.52529 0.56339 0.52443 0.57693 0.52606 0.58558 0.52420 0.56667 0.49752 0.53460 0.45840 0.51903 0.43575 0.48520 0.45864 0.47871 0.51385 0.47602 0.52807 0.46560 0.52626 0.45868 0.53132 0.45127 0.53311 0.44684 0.52631 0.43802 0.53100 0.43664 0.54045 0.44366 0.55509
1 0.58054 0.50392 0.57815 0.50628 0.58082 0.51283 0.58237 0.51582 0.58402 0.51532 0.58615 0.51172 0.58576 0.50965 0.58324 0.50587 0.58054 0.50392
4 0.74411 0.00000 0.74209 0.00172 0.73444 0.01304 0.72895 0.03807 0.73203 0.05974 0.73232 0.08373 0.74238 0.09048 0.75813 0.10421 0.76268 0.10761 0.78241 0.14151 0.80470 0.20583 0.82448 0.22226 0.84343 0.22272 0.86032 0.21165 0.87612 0.19845 0.88967 0.16063 0.90202 0.12796 0.90831 0.09052 0.91341 0.05823 0.90879 0.02573 0.90456 0.00000 0.74411 0.00000
1 0.41338 0.63701 0.41350 0.64355 0.41686 0.64654 0.42068 0.64732 0.42351 0.64717 0.42423 0.64419 0.42395 0.64170 0.41957 0.63856 0.41607 0.63556 0.41443 0.63477 0.41338 0.63701
1 0.54207 0.71001 0.54230 0.71209 0.54179 0.71511 0.54269 0.71616 0.54385 0.71510 0.54488 0.71741 0.54726 0.71783 0.54707 0.71529 0.54489 0.71195 0.54387 0.70973 0.54213 0.70900 0.54207 0.71001
1 0.51586 0.68554 0.51415 0.68763 0.51268 0.68843 0.51401 0.69072 0.51569 0.69046 0.51726 0.68901 0.51795 0.68716 0.51847 0.68558 0.51737 0.68428 0.51586 0.68554
4 0.72662 0.37124 0.75770 0.37974 0.77669 0.36551 0.79455 0.33964 0.81469 0.28796 0.81367 0.23707 0.80586 0.20898 0.79626 0.18004 0.78214 0.14246 0.76326 0.10917 0.74966 0.09742 0.73435 0.08687 0.71994 0.08327 0.70978 0.08380 0.69837 0.08999 0.69120 0.09192 0.68307 0.08535 0.66284 0.09575 0.64756 0.11134 0.63129 0.13790 0.62833 0.16064 0.62032 0.19611 0.62152 0.22877 0.62688 0.25185 0.67055 0.32200 0.68523 0.34460 0.72662 0.37124
4 0.42173 1.00000 0.43378 0.97700 0.45133 0.95505 0.45488 0.89410 0.44713 0.83532 0.43354 0.79397 0.42416 0.78355 0.39628 0.75698 0.36438 0.69322 0.34692 0.64740 0.34300 0.63203 0.33395 0.62783 0.30596 0.60905 0.26778 0.63363 0.23283 0.66039 0.22795 0.67622 0.23810 0.71152 0.26259 0.80215 0.27914 0.85035 0.29748 0.90313 0.32268 0.95789 0.34017 0.99436 0.34342 1.00000 0.42173 1.00000
4 0.58629 0.50790 0.60893 0.52384 0.62680 0.53771 0.66432 0.53029 0.68289 0.49816 0.69750 0.44988 0.70032 0.40456 0.68715 0.35150 0.66951 0.32205 0.64357 0.28291 0.62472 0.25040 0.60411 0.23357 0.57956 0.23096 0.55443 0.23695 0.53899 0.24945 0.52760 0.26017 0.51758 0.27705 0.51244 0.30770 0.50570 0.33765 0.50362 0.36736 0.51030 0.39582 0.51939 0.43040 0.53020 0.44852 0.55088 0.47626 0.57357 0.50311 0.58629 0.50790
4 0.33749 0.58636 0.34147 0.62276 0.34903 0.64807 0.36725 0.69852 0.39337 0.75090 0.41061 0.77258 0.43521 0.79622 0.47539 0.80969 0.50570 0.80343 0.53194 0.78881 0.55258 0.75657 0.55774 0.73605 0.58564 0.71356 0.59996 0.68944 0.60956 0.65467 0.61163 0.61484 0.60268 0.56312 0.59229 0.53328 0.56643 0.49570 0.54653 0.47259 0.52642 0.44561 0.51910 0.42496 0.50832 0.39749 0.50663 0.38511 0.48597 0.36750 0.46716 0.36537 0.44398 0.36892 0.40389 0.39672 0.38755 0.43185 0.37810 0.45961 0.36980 0.47952 0.35974 0.49562 0.35076 0.52258 0.34290 0.55103 0.33749 0.58636
4 0.90436 0.00000 0.90979 0.02903 0.91665 0.06723 0.92688 0.09580 0.93863 0.11629 0.95547 0.13215 0.96713 0.14172 0.98032 0.15268 0.98250 0.15297 0.97448 0.00000 0.90436 0.00000
