4 0.31131 0.38716 0.31887 0.39502 0.32062 0.39660 0.32415 0.40471 0.32522 0.38537 0.33078 0.35289 0.33987 0.33383 0.34487 0.32868 0.35192 0.32209 0.35867 0.31853 0.37523 0.31606 0.38790 0.31537 0.39711 0.31607 0.39629 0.29933 0.39122 0.27749 0.38267 0.25820 0.37306 0.22861 0.36516 0.20743 0.35225 0.18647 0.34366 0.17933 0.33815 0.17610 0.32182 0.17819 0.31177 0.18999 0.30302 0.21058 0.29465 0.23765 0.28621 0.27800 0.28046 0.31618 0.27260 0.35455 0.27110 0.37378 0.28180 0.37549 0.29310 0.37969 0.30644 0.38281 0.31131 0.38716
4 0.90350 0.74460 0.90910 0.67010 0.90982 0.62097 0.90623 0.54787 0.90118 0.51532 0.89617 0.49216 0.88496 0.47451 0.86919 0.46829 0.85057 0.47237 0.82868 0.48389 0.81560 0.49515 0.81750 0.51814 0.81957 0.54084 0.81862 0.55671 0.81815 0.57857 0.81619 0.60330 0.81486 0.61361 0.81320 0.62750 0.81220 0.64025 0.81095 0.65628 0.80830 0.66838 0.80716 0.67828 0.80442 0.69426 0.80216 0.70342 0.80084 0.71453 0.79809 0.72457 0.79675 0.73384 0.80488 0.75061 0.81214 0.75748 0.82355 0.77395 0.83271 0.81208 0.84572 0.83995 0.86748 0.86056 0.88302 0.87340 0.88801 0.85939 0.89640 0.80485 0.90350 0.74460
4 0.39459 0.73746 0.42619 0.72675 0.45190 0.70558 0.46927 0.67310 0.48670 0.63905 0.50082 0.60409 0.50548 0.49474 0.50892 0.42002 0.50803 0.36555 0.50628 0.35257 0.50382 0.34185 0.49902 0.33033 0.49095 0.32548 0.47980 0.32281 0.46900 0.32204 0.45758 0.32125 0.44183 0.32416 0.43871 0.32398 0.42689 0.31907 0.40520 0.31461 0.37667 0.31598 0.36057 0.31809 0.35251 0.32120 0.34590 0.32704 0.33920 0.33531 0.33103 0.35236 0.32530 0.38525 0.32223 0.42532 0.31948 0.48037 0.32290 0.59709 0.32463 0.64284 0.33734 0.69607 0.34602 0.72158 0.35365 0.72973 0.37292 0.73828 0.39459 0.73746
4 0.93164 0.81018 0.93466 0.79532 0.93850 0.75685 0.94159 0.71599 0.94155 0.66950 0.93849 0.61425 0.93435 0.57786 0.92644 0.55395 0.91745 0.54892 0.90656 0.55090 0.91005 0.61798 0.90972 0.63925 0.90824 0.68173 0.90418 0.72650 0.89984 0.77913 0.90741 0.78885 0.91373 0.79852 0.92302 0.80673 0.93164 0.81018
4 0.10951 0.73132 0.14152 0.71374 0.15924 0.70213 0.17818 0.70170 0.18599 0.69401 0.19487 0.67989 0.19349 0.65245 0.18744 0.57728 0.19043 0.51666 0.19315 0.47189 0.19901 0.43654 0.20112 0.42567 0.19149 0.41165 0.17384 0.39572 0.15233 0.38239 0.13658 0.37801 0.12055 0.38182 0.10750 0.39121 0.09529 0.41814 0.08404 0.44237 0.07523 0.47106 0.06900 0.51680 0.06584 0.54951 0.06374 0.61783 0.06538 0.67861 0.06993 0.71378 0.08736 0.72585 0.10951 0.73132
4 0.75770 0.42672 0.77077 0.43174 0.78120 0.43780 0.78838 0.44489 0.80053 0.45899 0.80682 0.46871 0.81103 0.48026 0.81423 0.49215 0.81509 0.49635 0.82085 0.49238 0.82669 0.48612 0.83326 0.48179 0.83424 0.47119 0.83678 0.44430 0.83816 0.42193 0.83965 0.39653 0.83945 0.37943 0.83748 0.34972 0.83594 0.32459 0.83229 0.30851 0.82909 0.29662 0.82513 0.28926 0.81595 0.28780 0.80278 0.29114 0.78959 0.30094 0.77606 0.32630 0.76528 0.34758 0.75348 0.36921 0.74430 0.38484 0.73953 0.38924 0.74200 0.42769 0.75770 0.42672
4 0.61663 0.75569 0.63359 0.74683 0.65755 0.71615 0.67157 0.67252 0.68410 0.59970 0.69256 0.51254 0.69492 0.45669 0.69605 0.42443 0.69316 0.38809 0.68894 0.36958 0.68057 0.35088 0.66649 0.33701 0.65101 0.33147 0.63060 0.32782 0.60908 0.32645 0.57650 0.33123 0.55117 0.32331 0.53154 0.32531 0.52283 0.33367 0.51847 0.34319 0.51165 0.37623 0.50867 0.41394 0.50625 0.48319 0.50352 0.60914 0.51198 0.62914 0.52485 0.66583 0.54333 0.70901 0.55270 0.72667 0.58159 0.74580 0.61663 0.75569
4 0.56575 0.32785 0.57301 0.33064 0.57747 0.33237 0.58539 0.33075 0.60796 0.32647 0.61595 0.32770 0.62799 0.32781 0.62466 0.31756 0.61410 0.29439 0.60691 0.27989 0.60070 0.26606 0.59294 0.25819 0.58269 0.25467 0.57832 0.25547 0.57319 0.25845 0.55608 0.27907 0.54285 0.29855 0.53335 0.31184 0.52251 0.32539 0.52094 0.33673 0.52233 0.33520 0.53070 0.32567 0.54635 0.32305 0.55154 0.32292 0.56575 0.32785
4 0.44035 0.32480 0.44559 0.32422 0.45695 0.32082 0.46457 0.32109 0.47816 0.32270 0.48894 0.32460 0.49388 0.32667 0.49876 0.33064 0.50455 0.34300 0.50624 0.35218 0.50754 0.36096 0.50835 0.36669 0.50871 0.38493 0.51029 0.38575 0.51121 0.38236 0.51237 0.37215 0.51619 0.35480 0.51776 0.34422 0.51790 0.33435 0.51545 0.31830 0.50684 0.28913 0.49835 0.26186 0.48676 0.23752 0.47630 0.21512 0.47105 0.20429 0.46563 0.19878 0.45711 0.19545 0.43756 0.20920 0.42740 0.22405 0.41259 0.26304 0.40804 0.27846 0.40241 0.29004 0.40074 0.31506 0.40695 0.31527 0.42688 0.31939 0.43441 0.32231 0.44035 0.32480
4 0.17441 0.39574 0.18281 0.40369 0.19095 0.41054 0.19452 0.41614 0.19923 0.42177 0.20143 0.42513 0.20300 0.42136 0.21039 0.40849 0.21711 0.39832 0.22960 0.38836 0.24141 0.38112 0.24855 0.37535 0.25943 0.37026 0.26576 0.37103 0.27067 0.37120 0.27228 0.34992 0.27687 0.32601 0.27377 0.31550 0.26439 0.28618 0.25333 0.24695 0.23975 0.21365 0.22428 0.18466 0.21246 0.16729 0.20360 0.16424 0.19515 0.16614 0.18241 0.17499 0.17085 0.19975 0.16424 0.23180 0.15988 0.26557 0.15560 0.32177 0.15389 0.37095 0.15374 0.38353 0.16309 0.38878 0.17441 0.39574
4 0.10589 0.39608 0.10891 0.39236 0.12024 0.38236 0.12667 0.38040 0.13864 0.37698 0.12310 0.35839 0.11245 0.34051 0.10298 0.32212 0.08698 0.30843 0.08043 0.30547 0.07358 0.31125 0.06591 0.33232 0.06440 0.37549 0.06684 0.41332 0.06740 0.43851 0.07049 0.45776 0.07561 0.46834 0.08215 0.44668 0.08902 0.43215 0.09837 0.41278 0.10589 0.39608
4 0.26746 0.72006 0.29055 0.68476 0.30904 0.65192 0.32252 0.63335 0.32245 0.60578 0.32068 0.55713 0.31944 0.51310 0.32005 0.46585 0.32138 0.43767 0.32421 0.40626 0.32109 0.39630 0.30764 0.38401 0.27286 0.37351 0.25992 0.36987 0.24941 0.37279 0.23934 0.38294 0.23156 0.38726 0.21731 0.39793 0.20302 0.41975 0.19769 0.44320 0.19328 0.46996 0.18772 0.55971 0.18810 0.58861 0.19538 0.66830 0.20063 0.70656 0.20523 0.72380 0.21686 0.73865 0.24718 0.73445 0.26746 0.72006
4 0.00000 0.72423 0.00014 0.72557 0.00245 0.74207 0.01052 0.75931 0.01838 0.75794 0.02834 0.74570 0.03777 0.73236 0.04863 0.71961 0.05761 0.71062 0.06623 0.69560 0.06389 0.66324 0.06397 0.61948 0.06540 0.57849 0.06764 0.53097 0.07150 0.49500 0.07561 0.46834 0.06595 0.46362 0.05725 0.45620 0.04500 0.45086 0.03688 0.45166 0.02747 0.45626 0.01863 0.46908 0.00879 0.49445 0.00544 0.51567 0.00430 0.54846 0.00456 0.58239 0.00236 0.62061 0.00003 0.67086 0.00000 0.67120 0.00000 0.72423
4 0.69435 0.40053 0.69571 0.42383 0.69548 0.45117 0.70091 0.44042 0.71167 0.43578 0.72561 0.42989 0.74013 0.42811 0.74022 0.41854 0.73604 0.37280 0.73332 0.34034 0.72987 0.30101 0.72621 0.28173 0.72190 0.26700 0.71849 0.26141 0.70868 0.25240 0.69968 0.24798 0.69078 0.24767 0.68119 0.25327 0.67065 0.26521 0.66144 0.28768 0.65370 0.31613 0.64698 0.33099 0.65075 0.33153 0.65595 0.33261 0.66785 0.33851 0.67485 0.34514 0.67926 0.34985 0.68270 0.35499 0.68915 0.37025 0.69342 0.38591 0.69435 0.40053
4 0.79981 0.71955 0.81071 0.65368 0.81799 0.58408 0.81932 0.54218 0.81609 0.50461 0.81223 0.48284 0.80067 0.45644 0.78095 0.43685 0.75783 0.42652 0.73463 0.42814 0.71022 0.43595 0.70043 0.44191 0.69553 0.45120 0.69283 0.50467 0.68374 0.59810 0.67126 0.68118 0.68111 0.69728 0.69231 0.71027 0.70341 0.75005 0.71584 0.77570 0.72965 0.79745 0.73946 0.80252 0.75537 0.79993 0.77061 0.79258 0.78765 0.76954 0.79981 0.71955
