1 0.13584 0.41702 0.16380 0.39819 0.20106 0.38351 0.22344 0.37537 0.25147 0.36787 0.27112 0.36576 0.28219 0.35834 0.29420 0.33915 0.29770 0.32400 0.29546 0.30086 0.29944 0.27783 0.30085 0.25820 0.29888 0.23779 0.28740 0.22383 0.27599 0.21920 0.25914 0.22462 0.24865 0.22952 0.24418 0.24113 0.23733 0.25152 0.22640 0.23902 0.20908 0.23102 0.19580 0.23062 0.18279 0.23294 0.16792 0.23749 0.14521 0.25287 0.12527 0.27554 0.11459 0.28705 0.10157 0.31065 0.08902 0.34567 0.08217 0.37535 0.08683 0.39572 0.09548 0.41036 0.10205 0.42053 0.11544 0.42428 0.13584 0.41702
1 0.44140 0.60508 0.44000 0.60755 0.44211 0.60557 0.44432 0.60150 0.44644 0.59685 0.44780 0.59358 0.44694 0.59115 0.44333 0.60060 0.44140 0.60508
1 0.59705 0.60844 0.59905 0.59651 0.60006 0.58467 0.59832 0.57396 0.59651 0.56920 0.58890 0.57179 0.58070 0.57649 0.57737 0.57830 0.56945 0.58597 0.56167 0.59448 0.55941 0.60329 0.55857 0.61067 0.55579 0.62645 0.55771 0.64106 0.56236 0.64986 0.56829 0.65316 0.57509 0.65263 0.58079 0.64944 0.58624 0.64265 0.59024 0.63375 0.59197 0.62627 0.59532 0.61593 0.59705 0.60844
1 0.77142 0.65677 0.77386 0.64231 0.77475 0.62783 0.76466 0.61148 0.75650 0.60225 0.74456 0.61619 0.73886 0.61954 0.72761 0.61695 0.71975 0.61613 0.71178 0.61963 0.70493 0.62507 0.69565 0.63527 0.68691 0.64694 0.68367 0.65420 0.68363 0.66021 0.68295 0.67574 0.68312 0.69147 0.68974 0.70735 0.69968 0.71565 0.71196 0.72349 0.72495 0.72049 0.73790 0.71380 0.75413 0.69484 0.76434 0.67483 0.77142 0.65677
1 0.32602 0.49086 0.34852 0.46678 0.36108 0.44906 0.36740 0.41393 0.36351 0.38642 0.35822 0.37456 0.34811 0.36624 0.33825 0.36263 0.33031 0.36612 0.31911 0.37218 0.30819 0.37698 0.29078 0.38293 0.27689 0.38904 0.27079 0.39229 0.25140 0.41642 0.23553 0.44269 0.22278 0.46703 0.22075 0.49516 0.22326 0.51902 0.24026 0.53226 0.26074 0.53233 0.27718 0.52482 0.30257 0.51139 0.32602 0.49086
1 0.43640 0.42732 0.43486 0.42929 0.43604 0.42924 0.43884 0.42743 0.43988 0.42631 0.44118 0.42499 0.44071 0.42307 0.43833 0.42550 0.43640 0.42732
2 0.40266 0.59640 0.39635 0.60696 0.41469 0.59869 0.43693 0.58604 0.48791 0.53820 0.49279 0.52683 0.49736 0.50145 0.51864 0.46646 0.52739 0.45646 0.52490 0.44772 0.51319 0.44405 0.49192 0.43433 0.48108 0.42270 0.46619 0.42166 0.45858 0.41414 0.44849 0.41181 0.44348 0.41402 0.44086 0.42255 0.42668 0.43514 0.41580 0.42926 0.40487 0.43058 0.39962 0.43658 0.39354 0.44479 0.38898 0.45479 0.38431 0.46525 0.37906 0.47125 0.39277 0.48163 0.41253 0.48667 0.43908 0.48607 0.46073 0.48434 0.47417 0.49032 0.47576 0.50992 0.44983 0.53854 0.43212 0.55945 0.41656 0.57942 0.40266 0.59640
1 0.44578 0.60393 0.44515 0.60568 0.44752 0.60287 0.44841 0.60096 0.44945 0.59840 0.44780 0.59970 0.44679 0.60215 0.44578 0.60393
2 0.60204 0.55569 0.60170 0.54889 0.59583 0.53652 0.59242 0.54842 0.57990 0.55521 0.56664 0.58454 0.54905 0.61618 0.54584 0.62814 0.54580 0.63212 0.54916 0.63876 0.55075 0.65141 0.55980 0.65930 0.57176 0.65928 0.58321 0.64871 0.59146 0.63717 0.59640 0.62115 0.59767 0.60962 0.60029 0.59423 0.60236 0.56643 0.60204 0.55569
4 0.92778 0.55848 0.93536 0.51980 0.93867 0.49765 0.93256 0.49085 0.92439 0.49301 0.91215 0.48345 0.90215 0.46227 0.90067 0.44912 0.89907 0.43258 0.88949 0.43105 0.87543 0.43723 0.86547 0.44908 0.86050 0.44322 0.85538 0.44001 0.84667 0.43666 0.84701 0.42933 0.84594 0.41830 0.84332 0.40422 0.83184 0.40898 0.81636 0.43303 0.80206 0.45197 0.79349 0.46952 0.78120 0.48757 0.77358 0.51277 0.78476 0.50929 0.80693 0.51103 0.82200 0.52395 0.83417 0.54360 0.83837 0.55670 0.82584 0.60704 0.81055 0.66348 0.82615 0.70346 0.83825 0.71165 0.85506 0.70340 0.87120 0.68624 0.88889 0.65461 0.90235 0.63346 0.91855 0.60823 0.92817 0.58417 0.92898 0.57088 0.92778 0.55848
2 0.81248 0.57069 0.82703 0.59135 0.83153 0.57855 0.83794 0.55580 0.82369 0.52713 0.81067 0.51489 0.79917 0.51282 0.78713 0.51811 0.78585 0.54205 0.77282 0.54827 0.75345 0.55014 0.73456 0.55501 0.72745 0.55567 0.72635 0.57215 0.72110 0.58651 0.70565 0.62159 0.66729 0.67561 0.67347 0.68570 0.69160 0.71930 0.70814 0.73638 0.74518 0.72994 0.76940 0.70034 0.79359 0.65920 0.79942 0.61555 0.79597 0.60034 0.79057 0.58524 0.79846 0.57784 0.81248 0.57069
4 0.46166 0.56691 0.49199 0.53265 0.49722 0.50149 0.52202 0.46407 0.52979 0.45498 0.52825 0.44628 0.52410 0.44282 0.52147 0.43654 0.51484 0.43050 0.51146 0.43206 0.50991 0.43047 0.50995 0.42770 0.49725 0.41893 0.48893 0.41150 0.48555 0.40865 0.47230 0.40112 0.46522 0.39555 0.45813 0.39245 0.45383 0.39234 0.44983 0.39593 0.44549 0.39968 0.44238 0.40614 0.44035 0.41480 0.44167 0.41949 0.44059 0.42237 0.42876 0.43303 0.42666 0.43451 0.42234 0.43285 0.41652 0.42975 0.41036 0.42932 0.40679 0.42996 0.40317 0.43198 0.40130 0.43320 0.39892 0.43845 0.39675 0.44006 0.39360 0.44388 0.39281 0.44686 0.38920 0.45266 0.38230 0.46819 0.38086 0.46886 0.37950 0.46801 0.37699 0.46813 0.37543 0.47000 0.34958 0.51031 0.32651 0.55204 0.31261 0.59434 0.30683 0.62386 0.31579 0.65446 0.33049 0.66017 0.34722 0.65709 0.37301 0.64608 0.41337 0.61384 0.46166 0.56691
1 0.49096 0.49612 0.49725 0.49055 0.50140 0.48822 0.50223 0.48766 0.50333 0.48508 0.49994 0.48370 0.49415 0.48580 0.49031 0.48940 0.48729 0.49034 0.48502 0.49236 0.48290 0.49546 0.48030 0.50024 0.47928 0.50419 0.48199 0.50332 0.49096 0.49612
4 0.42897 0.63161 0.42343 0.64372 0.41692 0.65896 0.41225 0.68243 0.41074 0.70626 0.41243 0.72376 0.42324 0.73630 0.43385 0.74433 0.44649 0.74464 0.46290 0.73616 0.47886 0.72422 0.49819 0.70525 0.51270 0.68665 0.52094 0.66463 0.53944 0.62915 0.55316 0.60873 0.56683 0.58380 0.58452 0.54297 0.58575 0.53765 0.59375 0.52263 0.59794 0.51597 0.59893 0.51239 0.60011 0.50792 0.60149 0.50393 0.60122 0.50049 0.60250 0.49694 0.60224 0.49350 0.60082 0.49047 0.60059 0.48534 0.59533 0.47897 0.58463 0.47433 0.57177 0.47028 0.55866 0.46967 0.55188 0.46919 0.54233 0.46891 0.53470 0.46740 0.52989 0.46468 0.52473 0.46348 0.52159 0.46502 0.50402 0.49165 0.49756 0.50163 0.49094 0.53482 0.47628 0.55065 0.46188 0.56624 0.44947 0.58042 0.44461 0.58798 0.43550 0.61036 0.43413 0.62617 0.42897 0.63161
1 0.41158 0.47501 0.41572 0.46953 0.41896 0.46598 0.42166 0.46285 0.42144 0.45837 0.41657 0.46275 0.41058 0.46767 0.40444 0.47363 0.39879 0.47823 0.39451 0.47925 0.39374 0.47948 0.39808 0.48129 0.40244 0.48149 0.40607 0.47978 0.41158 0.47501
1 0.47917 0.56646 0.48267 0.55614 0.48627 0.54862 0.49014 0.54395 0.48726 0.54273 0.47957 0.55264 0.46982 0.56096 0.46196 0.56916 0.45718 0.57696 0.45612 0.58395 0.45550 0.58909 0.45996 0.58511 0.46418 0.58052 0.47469 0.57293 0.47917 0.56646
1 0.79457 0.55565 0.79677 0.55428 0.79917 0.55712 0.80151 0.55672 0.80051 0.55246 0.79962 0.54971 0.79850 0.54717 0.79605 0.54338 0.79412 0.54160 0.79262 0.54071 0.79019 0.54149 0.78960 0.54525 0.78754 0.54638 0.78600 0.54602 0.78418 0.54614 0.78294 0.54720 0.78350 0.54988 0.78571 0.55159 0.78773 0.55528 0.78813 0.55940 0.78887 0.56359 0.79092 0.56326 0.79288 0.55982 0.79457 0.55565
4 0.60374 0.76885 0.61626 0.75209 0.62556 0.73627 0.63555 0.72229 0.64750 0.70315 0.65969 0.68294 0.66860 0.67040 0.68980 0.64048 0.70764 0.61372 0.71912 0.59335 0.72192 0.58445 0.72621 0.56915 0.72639 0.56021 0.72213 0.55586 0.71058 0.55375 0.70227 0.54903 0.69539 0.54295 0.68770 0.53556 0.68395 0.53694 0.68128 0.53761 0.67718 0.53515 0.67489 0.53463 0.67157 0.53273 0.66861 0.53413 0.66632 0.53528 0.66292 0.53792 0.66150 0.53872 0.65712 0.53748 0.65129 0.53765 0.64921 0.53622 0.64124 0.53702 0.63763 0.53618 0.63462 0.53717 0.62873 0.53548 0.62476 0.53360 0.62307 0.53490 0.62121 0.53318 0.62132 0.53208 0.62044 0.52840 0.61777 0.52756 0.61202 0.52690 0.60741 0.52584 0.60174 0.52481 0.59884 0.53020 0.59596 0.53291 0.59488 0.53563 0.59347 0.53913 0.59321 0.54221 0.59334 0.54426 0.59239 0.54837 0.59075 0.55023 0.58773 0.55223 0.58225 0.55434 0.57933 0.55456 0.57575 0.56277 0.56768 0.58079 0.56626 0.58563 0.55809 0.59935 0.53885 0.63101 0.53708 0.63723 0.53596 0.65999 0.53242 0.68837 0.52726 0.72536 0.52780 0.75075 0.53036 0.77549 0.54110 0.79088 0.55787 0.79644 0.57243 0.79531 0.58872 0.78503 0.60374 0.76885
4 0.80588 0.67904 0.81437 0.65001 0.83123 0.58315 0.83859 0.55318 0.82391 0.52486 0.80427 0.51022 0.78539 0.50990 0.76414 0.51982 0.75077 0.52886 0.72225 0.53508 0.70319 0.53944 0.69758 0.54219 0.70509 0.55268 0.72154 0.55378 0.72623 0.55891 0.72598 0.57367 0.72243 0.58903 0.70475 0.62065 0.66629 0.67579 0.66679 0.67927 0.66948 0.72436 0.67431 0.76793 0.68091 0.80583 0.69331 0.81274 0.70259 0.81555 0.72828 0.80397 0.75785 0.77172 0.77740 0.73985 0.79510 0.70620 0.80588 0.67904
