4 0.36630 0.45808 0.36739 0.45052 0.36334 0.43719 0.36197 0.42738 0.36347 0.42134 0.35924 0.41463 0.35455 0.40719 0.35395 0.40122 0.35117 0.39431 0.34761 0.39115 0.34202 0.38913 0.33680 0.38838 0.33146 0.39078 0.32860 0.39534 0.32532 0.40527 0.32129 0.43145 0.31974 0.45385 0.31838 0.47305 0.31882 0.47694 0.32632 0.47654 0.33861 0.47644 0.35619 0.47419 0.36386 0.47377 0.36630 0.45808
4 0.33843 0.29010 0.34177 0.28881 0.34717 0.28454 0.35336 0.28204 0.35690 0.27882 0.36057 0.27484 0.36714 0.27150 0.37283 0.26908 0.37550 0.26676 0.37574 0.26027 0.37133 0.24843 0.36542 0.23190 0.36027 0.22018 0.34822 0.20804 0.33917 0.19884 0.32895 0.18868 0.32005 0.18364 0.31284 0.18288 0.30658 0.18653 0.30342 0.18893 0.30177 0.19451 0.30140 0.20976 0.30158 0.22530 0.30346 0.23715 0.30723 0.25137 0.31167 0.26662 0.31693 0.27262 0.32251 0.27591 0.32843 0.28447 0.33310 0.28677 0.33843 0.29010
4 0.61872 0.43365 0.62664 0.43328 0.63309 0.42959 0.63683 0.41895 0.63761 0.40674 0.63668 0.39875 0.63429 0.39010 0.63250 0.38250 0.63085 0.36673 0.63040 0.36285 0.62562 0.35192 0.62183 0.34565 0.61856 0.34108 0.61400 0.33531 0.60805 0.33091 0.59954 0.32807 0.59460 0.32847 0.58977 0.33012 0.58724 0.33179 0.58414 0.33737 0.57582 0.34747 0.56939 0.35612 0.56861 0.35980 0.56872 0.36258 0.56698 0.36451 0.56971 0.37527 0.57053 0.38633 0.57582 0.39033 0.58454 0.40256 0.59455 0.41700 0.60256 0.42692 0.61173 0.43183 0.61872 0.43365
4 0.53843 0.43932 0.54551 0.44034 0.55306 0.43853 0.55806 0.43347 0.56244 0.42392 0.56796 0.40412 0.57015 0.38775 0.56960 0.37593 0.56674 0.36432 0.56491 0.36370 0.56293 0.35821 0.55165 0.35450 0.53027 0.35056 0.51290 0.35011 0.50392 0.35184 0.50269 0.35371 0.50218 0.35822 0.50189 0.36345 0.50317 0.36768 0.50278 0.37613 0.50332 0.38917 0.50276 0.39338 0.51281 0.40797 0.52348 0.42521 0.53117 0.43589 0.53843 0.43932
4 0.37520 0.47316 0.39068 0.47132 0.40242 0.46839 0.41165 0.46494 0.41682 0.45649 0.42018 0.44238 0.42426 0.43150 0.42084 0.42854 0.41860 0.42340 0.41394 0.41070 0.41138 0.40287 0.40907 0.39728 0.40697 0.39563 0.40336 0.39467 0.40085 0.39355 0.39765 0.39008 0.39240 0.38649 0.38659 0.38300 0.38263 0.38392 0.37720 0.38493 0.37234 0.38829 0.36924 0.39122 0.36807 0.39538 0.36557 0.40661 0.36404 0.41555 0.36329 0.42239 0.36203 0.42793 0.36320 0.43599 0.36626 0.44695 0.36825 0.45564 0.37083 0.46485 0.37156 0.46946 0.37520 0.47316
4 0.65214 0.42468 0.65921 0.43432 0.66367 0.43650 0.67586 0.43675 0.68710 0.43453 0.70209 0.43019 0.71033 0.42667 0.70523 0.40289 0.69933 0.38227 0.69225 0.36623 0.68407 0.34975 0.67734 0.33499 0.66887 0.32224 0.66108 0.31382 0.65678 0.31251 0.65219 0.31216 0.64806 0.31304 0.64445 0.31513 0.64226 0.31703 0.64119 0.32134 0.64267 0.32934 0.63817 0.33954 0.63537 0.34853 0.63276 0.35787 0.63105 0.36561 0.63121 0.37131 0.63275 0.38379 0.63658 0.39683 0.64485 0.41200 0.65214 0.42468
4 0.68151 0.20538 0.68264 0.18697 0.68144 0.16818 0.66573 0.15053 0.65791 0.14114 0.64401 0.12853 0.63810 0.12795 0.63196 0.14031 0.62709 0.15437 0.62615 0.15743 0.62750 0.16494 0.62979 0.17939 0.62939 0.18940 0.63637 0.20494 0.64281 0.21683 0.64717 0.22677 0.65628 0.23634 0.66390 0.23969 0.66894 0.24117 0.67378 0.23813 0.67629 0.23317 0.67761 0.22233 0.68151 0.20538
4 0.61251 0.22694 0.61836 0.22070 0.62745 0.20939 0.62876 0.20006 0.62906 0.17799 0.62703 0.16198 0.62350 0.14925 0.61877 0.13860 0.61434 0.12981 0.60780 0.12211 0.60405 0.12080 0.59708 0.12153 0.58794 0.13095 0.57896 0.14301 0.56818 0.15649 0.56109 0.16445 0.55498 0.17225 0.55178 0.17922 0.55592 0.18615 0.56205 0.20569 0.56860 0.21985 0.57202 0.22386 0.57613 0.22587 0.58083 0.22513 0.58522 0.22253 0.59870 0.22609 0.60757 0.22773 0.61251 0.22694
4 0.77297 0.35297 0.77473 0.34495 0.76785 0.33601 0.75673 0.32911 0.74956 0.32797 0.74153 0.33289 0.73869 0.33607 0.73105 0.33774 0.72775 0.34373 0.72830 0.34911 0.72320 0.34764 0.71690 0.34044 0.71159 0.33763 0.70685 0.33838 0.70171 0.34238 0.69738 0.34763 0.69317 0.34602 0.68813 0.34681 0.68627 0.34847 0.68565 0.35222 0.69301 0.36609 0.69954 0.38238 0.70521 0.39515 0.71570 0.41536 0.72445 0.42264 0.73290 0.42039 0.74346 0.41416 0.75622 0.40074 0.76094 0.39407 0.76673 0.38267 0.76570 0.37235 0.76825 0.35964 0.77297 0.35297
4 0.39157 0.28510 0.39943 0.28994 0.40879 0.29149 0.42107 0.29069 0.43269 0.28733 0.44728 0.28198 0.46175 0.27741 0.47056 0.27070 0.47299 0.26043 0.47277 0.24946 0.47102 0.23682 0.46763 0.22179 0.46297 0.20202 0.46255 0.19297 0.46125 0.18634 0.45268 0.17858 0.44603 0.17014 0.43991 0.16351 0.43331 0.15696 0.42478 0.15110 0.41757 0.15034 0.41103 0.15062 0.40472 0.15390 0.39287 0.16223 0.37874 0.17852 0.36885 0.19604 0.36380 0.21051 0.36241 0.22250 0.36585 0.23145 0.37104 0.24658 0.37837 0.27049 0.38253 0.27438 0.39157 0.28510
4 0.32352 0.28406 0.32183 0.27610 0.31588 0.27210 0.31210 0.26738 0.30770 0.25403 0.30339 0.23800 0.30146 0.22578 0.29166 0.21669 0.27988 0.20944 0.26806 0.20676 0.25956 0.20583 0.25061 0.21099 0.24642 0.21584 0.24448 0.22042 0.24636 0.22748 0.26370 0.26330 0.28619 0.29883 0.30155 0.32071 0.30737 0.32220 0.31127 0.32018 0.31509 0.31666 0.31902 0.31111 0.32070 0.30414 0.32220 0.29122 0.32352 0.28406
4 0.46134 0.45849 0.46693 0.45834 0.47456 0.45639 0.47688 0.45328 0.48073 0.44754 0.48290 0.44042 0.48539 0.43380 0.48756 0.42979 0.48811 0.42092 0.49092 0.41168 0.49309 0.40456 0.49411 0.39634 0.49354 0.39276 0.49144 0.38870 0.48859 0.38073 0.48680 0.37332 0.48445 0.36233 0.48295 0.36056 0.47965 0.35980 0.47660 0.35911 0.47175 0.35968 0.46464 0.36122 0.45748 0.36373 0.45001 0.36830 0.44234 0.37344 0.43300 0.37917 0.42979 0.38116 0.42727 0.38366 0.43115 0.40430 0.43465 0.42261 0.43468 0.42736 0.43583 0.43158 0.43972 0.43994 0.44361 0.44829 0.44749 0.45354 0.45174 0.45799 0.45607 0.45914 0.46134 0.45849
