2 0.00000 0.50420 0.00159 0.50673 0.00517 0.50824 0.01473 0.50811 0.02851 0.50343 0.04610 0.49483 0.05738 0.48806 0.06985 0.48279 0.07637 0.47916 0.08043 0.47618 0.09588 0.47062 0.11043 0.46298 0.11023 0.45841 0.09710 0.45045 0.09016 0.44517 0.07634 0.44054 0.07375 0.44572 0.06366 0.44443 0.05704 0.44260 0.04451 0.44197 0.03529 0.44213 0.02413 0.44777 0.01113 0.45481 0.00170 0.45765 0.00000 0.47380 0.00000 0.50420
2 0.53326 0.51989 0.53528 0.50291 0.52360 0.50152 0.51234 0.50286 0.50589 0.50345 0.49934 0.50276 0.49827 0.50170 0.49240 0.49903 0.48423 0.50243 0.48177 0.50785 0.48322 0.51431 0.48982 0.52132 0.49306 0.52875 0.49957 0.52534 0.50917 0.52177 0.52121 0.51972 0.53141 0.51954 0.53326 0.51989
4 0.45758 0.78621 0.47530 0.78807 0.48560 0.78884 0.49773 0.78100 0.50710 0.76815 0.51053 0.75343 0.51271 0.74171 0.51340 0.73518 0.51313 0.71975 0.52041 0.69537 0.52275 0.68210 0.52664 0.66302 0.52643 0.65690 0.52367 0.65495 0.51592 0.65322 0.50516 0.65162 0.50026 0.65067 0.49364 0.64679 0.48791 0.64481 0.45453 0.64435 0.41222 0.64459 0.40088 0.64431 0.39412 0.64586 0.39224 0.64984 0.39207 0.66491 0.39576 0.69705 0.39405 0.70881 0.38564 0.73055 0.38860 0.74281 0.38493 0.75971 0.39145 0.78743 0.41197 0.78958 0.43571 0.78799 0.45758 0.78621
1 0.04147 0.45262 0.04581 0.45295 0.04970 0.45298 0.05545 0.45073 0.05909 0.45048 0.06261 0.45047 0.06611 0.44887 0.06991 0.44978 0.07278 0.45052 0.07569 0.45172 0.07777 0.45282 0.08043 0.45456 0.08306 0.45585 0.08268 0.45765 0.07836 0.45707 0.07799 0.46064 0.07862 0.46368 0.07968 0.46811 0.08074 0.46974 0.08663 0.47074 0.08993 0.47008 0.09281 0.46796 0.09580 0.46575 0.09787 0.46330 0.09822 0.46087 0.09620 0.45837 0.09347 0.45536 0.09162 0.45308 0.08955 0.45108 0.08714 0.44867 0.08495 0.44869 0.08149 0.44726 0.08033 0.44650 0.07677 0.44695 0.07270 0.44677 0.06889 0.44771 0.06584 0.44783 0.06193 0.44793 0.05718 0.44781 0.05239 0.44819 0.04586 0.44884 0.04250 0.45007 0.03872 0.45157 0.03813 0.45183 0.04147 0.45262
4 0.78246 0.67147 0.76853 0.65869 0.75681 0.65180 0.74649 0.64770 0.73607 0.65000 0.72040 0.64835 0.70725 0.64961 0.68611 0.65154 0.67453 0.65041 0.66512 0.64636 0.65527 0.64544 0.64459 0.64830 0.63654 0.65393 0.63155 0.66466 0.63312 0.67124 0.64421 0.67881 0.65475 0.67540 0.66326 0.66988 0.67200 0.66740 0.68439 0.66795 0.70222 0.67058 0.70861 0.67166 0.71426 0.67015 0.71791 0.67204 0.72555 0.68163 0.73914 0.69717 0.74537 0.71219 0.75053 0.72771 0.76581 0.73837 0.77982 0.75040 0.78938 0.75103 0.79760 0.74812 0.79302 0.73255 0.79687 0.72277 0.80253 0.71205 0.79539 0.69923 0.79064 0.68515 0.78246 0.67147
4 0.52308 0.75775 0.52505 0.77324 0.52639 0.78232 0.52966 0.78856 0.54322 0.79043 0.56222 0.79024 0.59196 0.78769 0.61437 0.78633 0.63586 0.79056 0.64613 0.79251 0.65249 0.79122 0.65222 0.78442 0.65439 0.77308 0.65432 0.76129 0.65552 0.74679 0.65745 0.73149 0.65965 0.71994 0.66076 0.70630 0.65905 0.69455 0.65334 0.68653 0.64275 0.67822 0.63363 0.67158 0.62126 0.66584 0.58566 0.65454 0.56988 0.65200 0.55300 0.65678 0.54400 0.66151 0.53325 0.66714 0.52439 0.67363 0.52296 0.67785 0.52036 0.69329 0.51567 0.70983 0.51447 0.72127 0.51740 0.73074 0.51928 0.74404 0.52308 0.75775
4 0.00000 0.70093 0.02138 0.70703 0.03588 0.71118 0.05098 0.71695 0.06312 0.72111 0.06823 0.72112 0.07882 0.71752 0.08973 0.71841 0.10252 0.72001 0.10488 0.70874 0.10683 0.68275 0.10930 0.65550 0.10956 0.63065 0.10860 0.62112 0.11232 0.61371 0.10786 0.60994 0.10518 0.60504 0.09995 0.60240 0.08630 0.60149 0.08133 0.60018 0.07734 0.60081 0.05566 0.60141 0.03675 0.60571 0.01771 0.61864 0.00538 0.63122 0.00000 0.64465 0.00000 0.70093
4 0.61763 0.53996 0.62934 0.55560 0.64400 0.57312 0.65259 0.57743 0.66123 0.58122 0.67763 0.58215 0.69486 0.57899 0.70160 0.57839 0.70780 0.57170 0.71491 0.56014 0.72265 0.54629 0.73080 0.52488 0.73443 0.50902 0.73761 0.49364 0.73861 0.48039 0.73987 0.46847 0.74168 0.45871 0.73123 0.45342 0.71988 0.44934 0.71201 0.44564 0.70357 0.44370 0.68250 0.45353 0.66724 0.46791 0.64761 0.47528 0.63635 0.47776 0.62243 0.48311 0.61250 0.48783 0.61172 0.49900 0.61036 0.51196 0.60900 0.52858 0.61763 0.53996
4 0.41442 0.55002 0.44300 0.55177 0.45165 0.55016 0.45953 0.54250 0.46451 0.53548 0.46572 0.52398 0.46603 0.51207 0.46437 0.50090 0.47059 0.48221 0.46772 0.47770 0.46514 0.46515 0.46430 0.44777 0.46555 0.44036 0.46377 0.41691 0.44666 0.41825 0.42388 0.41963 0.33775 0.41432 0.32083 0.41320 0.31028 0.41492 0.29675 0.44053 0.28153 0.47319 0.27852 0.48387 0.27455 0.49477 0.27445 0.51362 0.27477 0.52403 0.27727 0.52712 0.30350 0.53333 0.35316 0.54075 0.41442 0.55002
1 0.75385 0.65041 0.76050 0.65264 0.76830 0.65629 0.77547 0.65967 0.78282 0.65826 0.79231 0.65838 0.80259 0.65706 0.80949 0.65058 0.81451 0.64653 0.82466 0.64650 0.83004 0.64510 0.82707 0.63912 0.82332 0.63741 0.80919 0.63483 0.79706 0.63181 0.77909 0.62840 0.76305 0.62518 0.75528 0.62437 0.74627 0.62909 0.74450 0.63349 0.74272 0.63483 0.73765 0.63321 0.72618 0.63026 0.71107 0.62758 0.70247 0.62842 0.69860 0.63412 0.70502 0.64157 0.71275 0.64893 0.71967 0.64856 0.73521 0.65020 0.74564 0.64758 0.75385 0.65041
4 0.33400 0.78444 0.33208 0.78031 0.32533 0.77725 0.31974 0.77430 0.31876 0.76870 0.31914 0.76507 0.31644 0.76086 0.31772 0.74868 0.32040 0.73063 0.32893 0.70559 0.33782 0.68453 0.34135 0.66970 0.34404 0.65899 0.34173 0.65482 0.33367 0.64925 0.32381 0.64586 0.31468 0.64307 0.29722 0.64097 0.28564 0.63897 0.27240 0.63417 0.26278 0.62844 0.25136 0.62122 0.24140 0.62253 0.22841 0.62274 0.21871 0.62905 0.21465 0.64905 0.21535 0.66851 0.21165 0.69248 0.20758 0.70882 0.20506 0.73658 0.20863 0.74743 0.22291 0.75365 0.24384 0.76004 0.27710 0.76877 0.29186 0.77792 0.31421 0.78210 0.33050 0.78408 0.33400 0.78444
4 0.00000 0.50520 0.00050 0.50648 0.00339 0.50888 0.00750 0.51088 0.01998 0.50800 0.02897 0.50476 0.04352 0.49712 0.05821 0.48818 0.06636 0.48538 0.07380 0.48197 0.07903 0.47701 0.08799 0.47403 0.09620 0.47070 0.10784 0.46459 0.11155 0.46289 0.11770 0.45672 0.12688 0.45166 0.13641 0.44690 0.14384 0.43982 0.15264 0.43080 0.15521 0.42504 0.15301 0.41983 0.14176 0.41472 0.12698 0.40583 0.11870 0.39868 0.10750 0.39305 0.09353 0.38765 0.07240 0.38307 0.05241 0.37888 0.04115 0.37769 0.02663 0.37748 0.01640 0.38505 0.01068 0.39466 0.00712 0.40607 0.00702 0.40705 0.00000 0.47380 0.00000 0.50520
4 0.21266 0.68890 0.21616 0.66307 0.21497 0.64828 0.21790 0.63156 0.22710 0.62257 0.24166 0.62227 0.24129 0.61463 0.23287 0.60877 0.21677 0.60499 0.18270 0.60010 0.16050 0.59829 0.13817 0.60144 0.12745 0.60405 0.11432 0.61151 0.10959 0.61913 0.10943 0.63561 0.10872 0.66854 0.10299 0.71928 0.10407 0.72777 0.11962 0.73307 0.14538 0.73840 0.15682 0.74170 0.17875 0.74610 0.19601 0.74634 0.20366 0.74086 0.20573 0.72117 0.20570 0.70650 0.21266 0.68890
4 0.48992 0.53416 0.48820 0.54153 0.49269 0.55268 0.50045 0.56303 0.50884 0.56947 0.52700 0.57609 0.55495 0.57934 0.58195 0.57844 0.59068 0.57286 0.59499 0.56626 0.60149 0.55375 0.60738 0.54184 0.61059 0.51196 0.61230 0.46876 0.61318 0.45597 0.60773 0.44502 0.60014 0.43637 0.58692 0.43215 0.57310 0.42912 0.56104 0.42723 0.54476 0.42960 0.52579 0.43515 0.50584 0.45003 0.49403 0.45916 0.48302 0.46523 0.46901 0.46848 0.47391 0.48911 0.48000 0.50295 0.48085 0.51278 0.48936 0.52153 0.49321 0.52979 0.48992 0.53416
4 0.74805 0.75653 0.75146 0.74743 0.75222 0.73496 0.74535 0.71501 0.73875 0.69750 0.72947 0.68635 0.71816 0.67274 0.71414 0.67004 0.70918 0.67180 0.69969 0.67125 0.69455 0.67026 0.67776 0.66773 0.66951 0.66837 0.66457 0.66998 0.65789 0.67308 0.65025 0.67637 0.64442 0.68000 0.64872 0.68241 0.65179 0.68563 0.65626 0.69063 0.65907 0.69427 0.66034 0.70608 0.65845 0.73420 0.67035 0.74036 0.67973 0.74717 0.68709 0.75504 0.69322 0.76423 0.70285 0.77379 0.71364 0.78020 0.72642 0.78318 0.73510 0.77846 0.74285 0.76963 0.74805 0.75653
