2 0.00000 0.54237 0.00095 0.55359 0.00502 0.55879 0.00875 0.55992 0.01823 0.55879 0.03145 0.55269 0.04805 0.54230 0.05855 0.53439 0.07041 0.52784 0.07651 0.52355 0.08024 0.52016 0.09502 0.51302 0.10870 0.50390 0.10802 0.49938 0.09413 0.49283 0.08668 0.48831 0.07245 0.48515 0.07041 0.49057 0.06025 0.49035 0.05347 0.48922 0.04093 0.48990 0.03179 0.49102 0.02128 0.49780 0.00909 0.50616 0.00000 0.50997 0.00000 0.54237
2 0.49210 0.52226 0.49610 0.52932 0.50222 0.52524 0.51140 0.52069 0.52316 0.51740 0.53328 0.51615 0.53516 0.51630 0.53539 0.49920 0.52363 0.49905 0.51257 0.50156 0.50622 0.50281 0.49963 0.50281 0.49845 0.50187 0.49233 0.49983 0.48457 0.50407 0.48269 0.50971 0.48481 0.51599 0.49210 0.52226
4 0.41037 0.74125 0.41459 0.75313 0.41271 0.77032 0.42209 0.79720 0.44272 0.79720 0.46616 0.79314 0.48773 0.78907 0.50555 0.78907 0.51587 0.78876 0.52712 0.77970 0.53509 0.76594 0.53696 0.75094 0.53790 0.73906 0.53790 0.73249 0.53603 0.71718 0.54072 0.69217 0.54165 0.67873 0.54353 0.65935 0.54269 0.65328 0.53973 0.65163 0.53185 0.65072 0.52098 0.65025 0.51601 0.64981 0.50902 0.64665 0.50311 0.64528 0.46987 0.64831 0.42781 0.65297 0.41651 0.65388 0.40995 0.65613 0.40849 0.66028 0.40990 0.67529 0.41693 0.70686 0.41646 0.71874 0.41037 0.74125
1 0.05415 0.49438 0.04943 0.49526 0.04300 0.49659 0.03978 0.49816 0.03619 0.50005 0.03562 0.50037 0.03902 0.50081 0.04338 0.50068 0.04725 0.50031 0.05274 0.49747 0.05633 0.49683 0.05983 0.49646 0.06314 0.49450 0.06701 0.49501 0.06995 0.49545 0.07297 0.49634 0.07515 0.49722 0.07798 0.49866 0.08073 0.49967 0.08054 0.50150 0.07619 0.50137 0.07619 0.50497 0.07713 0.50793 0.07865 0.51222 0.07988 0.51373 0.08583 0.51411 0.08905 0.51310 0.09170 0.51070 0.09444 0.50819 0.09623 0.50553 0.09633 0.50308 0.09406 0.50081 0.09103 0.49809 0.08895 0.49602 0.08668 0.49425 0.08404 0.49211 0.08186 0.49236 0.07827 0.49129 0.07704 0.49066 0.07354 0.49148 0.06947 0.49173 0.06579 0.49306 0.06276 0.49349 0.05888 0.49400 0.05415 0.49438
4 0.82191 0.71565 0.81572 0.70065 0.81853 0.69052 0.82304 0.67927 0.81460 0.66726 0.80841 0.65376 0.79884 0.64100 0.78365 0.62975 0.77127 0.62413 0.76058 0.62112 0.75045 0.62450 0.73470 0.62450 0.72175 0.62712 0.70093 0.63125 0.68929 0.63135 0.67951 0.62830 0.66962 0.62841 0.65930 0.63238 0.65188 0.63881 0.64804 0.65001 0.65030 0.65638 0.66211 0.66276 0.67224 0.65826 0.68012 0.65188 0.68856 0.64851 0.70093 0.64776 0.71894 0.64851 0.72541 0.64892 0.73087 0.64682 0.73470 0.64832 0.74330 0.65706 0.75844 0.67109 0.76620 0.68538 0.77296 0.70027 0.78927 0.70927 0.80446 0.71978 0.81403 0.71940 0.82191 0.71565
4 0.54143 0.67447 0.54045 0.69010 0.53752 0.70704 0.53752 0.71854 0.54143 0.72766 0.54468 0.74068 0.54989 0.75392 0.55347 0.76912 0.55575 0.77802 0.55966 0.78388 0.57334 0.78432 0.59222 0.78215 0.62153 0.77650 0.64367 0.77281 0.66549 0.77476 0.67591 0.77563 0.68209 0.77368 0.68111 0.76695 0.68209 0.75545 0.68079 0.74372 0.68046 0.72918 0.68079 0.71377 0.68177 0.70205 0.68144 0.68837 0.67851 0.67686 0.67200 0.66948 0.66060 0.66232 0.65083 0.65668 0.63793 0.65226 0.60134 0.64474 0.58538 0.64387 0.56910 0.65038 0.56064 0.65602 0.55054 0.66275 0.54240 0.67013 0.54143 0.67447
4 0.00032 0.75124 0.01048 0.74968 0.02181 0.75176 0.04564 0.75593 0.06049 0.75853 0.07612 0.76270 0.08862 0.76557 0.09370 0.76504 0.10386 0.76035 0.11480 0.76009 0.12770 0.76035 0.12887 0.74890 0.12809 0.72285 0.12770 0.69549 0.12535 0.67075 0.12340 0.66137 0.12633 0.65361 0.12150 0.65033 0.11832 0.64574 0.11285 0.64366 0.09917 0.64418 0.09409 0.64340 0.09019 0.64444 0.06870 0.64730 0.05033 0.65355 0.03275 0.66840 0.02181 0.68221 0.01360 0.71112 0.00618 0.73431 0.00149 0.74290 0.00032 0.75124
4 0.63328 0.46363 0.61999 0.47040 0.61061 0.47613 0.61100 0.48733 0.61100 0.50036 0.61140 0.51703 0.62116 0.52745 0.63445 0.54178 0.65086 0.55767 0.65985 0.56105 0.66883 0.56392 0.68524 0.56314 0.70205 0.55819 0.70869 0.55688 0.71416 0.54959 0.72002 0.53735 0.72627 0.52276 0.73213 0.50062 0.73409 0.48447 0.73565 0.46884 0.73526 0.45555 0.73526 0.44357 0.73604 0.43367 0.72510 0.42950 0.71338 0.42664 0.70517 0.42377 0.69657 0.42273 0.67665 0.43471 0.66297 0.45060 0.64422 0.45998 0.63328 0.46363
4 0.27523 0.51837 0.27711 0.53712 0.27852 0.54744 0.28133 0.55025 0.30806 0.55369 0.35823 0.55588 0.42012 0.55869 0.44872 0.55744 0.45716 0.55494 0.46420 0.54650 0.46841 0.53900 0.46841 0.52743 0.46748 0.51556 0.46466 0.50461 0.46890 0.48538 0.46557 0.48119 0.46169 0.46898 0.45904 0.45179 0.45950 0.44428 0.45529 0.42115 0.43841 0.42428 0.41590 0.42803 0.32969 0.43175 0.31274 0.43241 0.30243 0.43522 0.29164 0.46210 0.27992 0.49618 0.27805 0.50711 0.27523 0.51837
1 0.71153 0.61263 0.71869 0.61936 0.72716 0.62587 0.73400 0.62479 0.74962 0.62479 0.75972 0.62110 0.76819 0.62305 0.77502 0.62457 0.78316 0.62739 0.79065 0.63000 0.79782 0.62783 0.80726 0.62696 0.81735 0.62457 0.82354 0.61741 0.82810 0.61285 0.83819 0.61176 0.84340 0.60981 0.83982 0.60416 0.83591 0.60286 0.82159 0.60178 0.80921 0.60004 0.79098 0.59852 0.77470 0.59700 0.76688 0.59700 0.75842 0.60265 0.75711 0.60720 0.75549 0.60872 0.75028 0.60764 0.73855 0.60590 0.72325 0.60481 0.71478 0.60655 0.71153 0.61263
4 0.25094 0.78122 0.27243 0.78539 0.30642 0.79060 0.32205 0.79815 0.34471 0.79998 0.36113 0.80024 0.36464 0.80024 0.36230 0.79633 0.35526 0.79399 0.34940 0.79164 0.34784 0.78617 0.34784 0.78252 0.34471 0.77862 0.34471 0.76637 0.34550 0.74814 0.35136 0.72235 0.35800 0.70047 0.35995 0.68536 0.36152 0.67442 0.35878 0.67051 0.35019 0.66582 0.34003 0.66348 0.33065 0.66165 0.31306 0.66140 0.30134 0.66061 0.28767 0.65723 0.27751 0.65254 0.26539 0.64655 0.25562 0.64889 0.24273 0.65045 0.23374 0.65775 0.23179 0.67807 0.23453 0.69734 0.23335 0.72157 0.23101 0.73824 0.23140 0.76611 0.23609 0.77653 0.25094 0.78122
4 0.00000 0.55107 0.00391 0.55866 0.00704 0.56074 0.01134 0.56230 0.02345 0.55813 0.03205 0.55397 0.04572 0.54485 0.05940 0.53443 0.06721 0.53078 0.07425 0.52661 0.07893 0.52114 0.08753 0.51724 0.09534 0.51307 0.10628 0.50578 0.10980 0.50369 0.11527 0.49692 0.12387 0.49093 0.13286 0.48520 0.13950 0.47738 0.14731 0.46748 0.14927 0.46149 0.14653 0.45654 0.13481 0.45263 0.11918 0.44534 0.11019 0.43909 0.09847 0.43466 0.08401 0.43075 0.06252 0.42841 0.04220 0.42633 0.03087 0.42633 0.01642 0.42763 0.00704 0.43623 0.00235 0.44638 0.00000 0.45811 0.00000 0.45909 0.00000 0.55107
4 0.18396 0.77625 0.20624 0.77833 0.22343 0.77677 0.23046 0.77052 0.23046 0.75072 0.22890 0.73613 0.23398 0.71790 0.23476 0.69185 0.23203 0.67726 0.23320 0.66033 0.24140 0.65043 0.25586 0.64860 0.25469 0.64105 0.24570 0.63610 0.22929 0.63402 0.19490 0.63271 0.17263 0.63323 0.15075 0.63871 0.14036 0.64242 0.12809 0.65121 0.12418 0.65928 0.12574 0.67569 0.12848 0.70852 0.12809 0.75957 0.13004 0.76791 0.14606 0.77156 0.17224 0.77416 0.18396 0.77625
4 0.46588 0.47189 0.47292 0.49189 0.48042 0.50502 0.48230 0.51471 0.49167 0.52253 0.49636 0.53034 0.49355 0.53503 0.49261 0.54253 0.49823 0.55316 0.50703 0.56263 0.51605 0.56816 0.53481 0.57285 0.56294 0.57317 0.58970 0.56944 0.59780 0.56298 0.60139 0.55597 0.60655 0.54284 0.61117 0.53038 0.61124 0.50033 0.60842 0.45719 0.60795 0.44438 0.60139 0.43407 0.59294 0.42625 0.57935 0.42343 0.56529 0.42187 0.55310 0.42125 0.53715 0.42531 0.51887 0.43281 0.50058 0.44969 0.48980 0.46001 0.47948 0.46720 0.46588 0.47189
4 0.71978 0.74259 0.73036 0.75109 0.74176 0.75633 0.75478 0.75796 0.76292 0.75235 0.76970 0.74277 0.77350 0.72920 0.77595 0.71979 0.77540 0.70731 0.76648 0.68819 0.75809 0.67146 0.74770 0.66135 0.73503 0.64899 0.73074 0.64673 0.72599 0.64899 0.71649 0.64944 0.71128 0.64899 0.69432 0.64823 0.68618 0.64973 0.68144 0.65185 0.67511 0.65563 0.66787 0.65970 0.66244 0.66391 0.66697 0.66587 0.67036 0.66874 0.67533 0.67325 0.67850 0.67658 0.68100 0.68819 0.68206 0.71636 0.69454 0.72124 0.70458 0.72703 0.71272 0.73409 0.71978 0.74259
