4 0.71672 0.67515 0.70552 0.64757 0.69767 0.63195 0.69186 0.62505 0.68747 0.62587 0.68252 0.62571 0.67835 0.62532 0.67128 0.62518 0.66769 0.62565 0.66520 0.62707 0.66294 0.62908 0.65955 0.63286 0.65600 0.63725 0.65396 0.64048 0.65210 0.64365 0.65618 0.64860 0.66234 0.65857 0.66533 0.66876 0.66814 0.68709 0.66875 0.70401 0.66836 0.71349 0.66815 0.72490 0.67580 0.73113 0.68461 0.74574 0.68971 0.75376 0.69659 0.75348 0.70648 0.75418 0.71929 0.74992 0.72347 0.74516 0.72542 0.72679 0.72275 0.69627 0.71672 0.67515
4 0.24472 0.54006 0.25211 0.53597 0.26180 0.52006 0.26418 0.51138 0.27350 0.49833 0.27776 0.49450 0.28235 0.48719 0.28603 0.48160 0.29550 0.47078 0.30342 0.45838 0.30613 0.44809 0.31094 0.43857 0.31566 0.43031 0.31785 0.41945 0.32062 0.41042 0.32057 0.40509 0.29678 0.40341 0.26895 0.40333 0.25199 0.40795 0.23520 0.40723 0.22683 0.40482 0.22517 0.40747 0.22542 0.42220 0.22385 0.44493 0.22468 0.47592 0.22638 0.49303 0.23055 0.51432 0.23304 0.52602 0.23570 0.53489 0.23775 0.54162 0.24027 0.54171 0.24472 0.54006
2 0.56827 0.49660 0.57042 0.48961 0.57432 0.48379 0.57842 0.48022 0.58293 0.47850 0.58935 0.47699 0.59173 0.47395 0.59104 0.46173 0.58990 0.45163 0.58584 0.45273 0.58088 0.45355 0.57521 0.45650 0.56728 0.45795 0.56194 0.45313 0.55909 0.45942 0.55670 0.46228 0.55574 0.47011 0.55510 0.47564 0.55855 0.48347 0.56289 0.48989 0.56559 0.49627 0.56602 0.50265 0.56827 0.49660
4 0.67134 0.75424 0.66879 0.72510 0.66864 0.70613 0.66781 0.68632 0.66530 0.66801 0.66205 0.65836 0.65768 0.64970 0.64870 0.64010 0.63992 0.63273 0.63208 0.62574 0.62598 0.62491 0.61902 0.62100 0.61235 0.61707 0.60577 0.61765 0.59672 0.62445 0.59083 0.63278 0.58666 0.63893 0.58264 0.64660 0.58078 0.65327 0.58084 0.66217 0.57996 0.68004 0.57779 0.70690 0.57836 0.71340 0.57886 0.71986 0.58488 0.74735 0.59015 0.77309 0.59409 0.77681 0.60366 0.77598 0.61470 0.77140 0.62918 0.76471 0.63805 0.75942 0.65472 0.75705 0.66398 0.75624 0.67134 0.75424
4 0.53426 0.54067 0.54449 0.53714 0.54801 0.52855 0.55048 0.50800 0.55036 0.50085 0.54720 0.46762 0.54445 0.45920 0.54427 0.44566 0.54391 0.43289 0.53999 0.41102 0.53855 0.40323 0.51890 0.40533 0.50010 0.40848 0.48837 0.41214 0.47148 0.41136 0.45669 0.41152 0.44721 0.40934 0.43331 0.40830 0.42642 0.40702 0.42415 0.42981 0.42254 0.45443 0.42177 0.48010 0.42398 0.50250 0.42772 0.52514 0.43238 0.52963 0.45140 0.53474 0.48350 0.53720 0.51136 0.54004 0.53426 0.54067
4 0.45297 0.78907 0.45724 0.78907 0.46030 0.76960 0.46344 0.74523 0.46514 0.71872 0.46508 0.71233 0.46828 0.69435 0.46713 0.68692 0.46889 0.66982 0.46930 0.65435 0.46678 0.64854 0.45272 0.63902 0.43820 0.63749 0.42857 0.63645 0.42190 0.63289 0.41407 0.62567 0.40800 0.62043 0.40309 0.61784 0.39822 0.61952 0.39122 0.62277 0.38487 0.62849 0.38566 0.65677 0.38948 0.69748 0.38906 0.72425 0.38937 0.75359 0.38891 0.76267 0.40204 0.76642 0.41766 0.76995 0.42740 0.77512 0.44139 0.78293 0.45297 0.78907
4 0.23507 0.71193 0.24044 0.71146 0.24119 0.70616 0.24321 0.67539 0.24602 0.65972 0.25191 0.64534 0.24642 0.64033 0.24356 0.62960 0.24035 0.62282 0.23210 0.62014 0.22834 0.62100 0.22333 0.62353 0.21858 0.62708 0.21461 0.62952 0.21263 0.62682 0.20617 0.62660 0.20104 0.62783 0.19157 0.64304 0.18505 0.65825 0.18209 0.67420 0.18011 0.68745 0.18013 0.69765 0.19336 0.70146 0.20501 0.70305 0.21613 0.70862 0.22987 0.71029 0.23507 0.71193
4 0.69872 0.59471 0.68961 0.59388 0.67496 0.60004 0.66090 0.60452 0.65397 0.59971 0.64701 0.59869 0.63995 0.60473 0.63643 0.60992 0.63345 0.61723 0.63430 0.62691 0.63597 0.62948 0.64574 0.63784 0.65267 0.64266 0.65676 0.63580 0.66270 0.62931 0.66565 0.62580 0.67318 0.62514 0.68251 0.62433 0.69081 0.62414 0.69473 0.62759 0.70417 0.64466 0.71545 0.67024 0.72059 0.68769 0.72492 0.70412 0.73608 0.71182 0.74001 0.69900 0.73947 0.67627 0.73899 0.64595 0.73903 0.63402 0.73237 0.61996 0.72259 0.60726 0.71123 0.59308 0.70403 0.58937 0.69872 0.59471
1 0.50901 0.74535 0.50323 0.72514 0.50362 0.70666 0.50171 0.73356 0.50131 0.75769 0.50197 0.78249 0.50204 0.79190 0.51495 0.78837 0.52206 0.78826 0.52153 0.78228 0.51695 0.76725 0.50901 0.74535
4 0.52621 0.78978 0.53784 0.78500 0.55443 0.78242 0.56898 0.78227 0.57954 0.78248 0.58218 0.78112 0.58135 0.75446 0.57838 0.73476 0.57861 0.70876 0.57899 0.68726 0.58134 0.65957 0.58072 0.64682 0.57990 0.62882 0.57712 0.62567 0.56770 0.62424 0.56319 0.62426 0.55831 0.62016 0.55238 0.61842 0.52891 0.62274 0.51920 0.62359 0.51223 0.62721 0.50582 0.62852 0.49973 0.63056 0.49701 0.63682 0.49684 0.64926 0.50038 0.67531 0.50288 0.70108 0.50231 0.72033 0.50145 0.73923 0.50066 0.75888 0.50128 0.78029 0.50112 0.79213 0.51432 0.78917 0.52621 0.78978
2 0.23774 0.54139 0.24239 0.54072 0.25326 0.53349 0.26024 0.52164 0.26287 0.51382 0.26818 0.50473 0.27474 0.49605 0.27873 0.49178 0.28427 0.48345 0.28924 0.47648 0.29572 0.46885 0.30243 0.45990 0.30296 0.45593 0.29697 0.44730 0.29359 0.44054 0.28940 0.43645 0.28547 0.43340 0.28033 0.43045 0.27731 0.43777 0.27226 0.43978 0.26695 0.43894 0.25846 0.44151 0.25501 0.44574 0.25080 0.44951 0.24697 0.44958 0.24127 0.45819 0.23817 0.46264 0.23414 0.46639 0.23171 0.47445 0.23255 0.50602 0.23471 0.52073 0.23623 0.53210 0.23774 0.54139
4 0.21456 0.54438 0.22381 0.52957 0.23037 0.51498 0.22558 0.48783 0.22475 0.46803 0.22433 0.43914 0.22373 0.42880 0.20743 0.41803 0.19519 0.40555 0.18876 0.39752 0.17750 0.39625 0.16800 0.39437 0.15570 0.39499 0.15438 0.40053 0.15416 0.42902 0.15668 0.45094 0.16067 0.47589 0.16675 0.50744 0.17117 0.52694 0.17628 0.54411 0.18068 0.54960 0.18880 0.55287 0.20748 0.54951 0.21456 0.54438
1 0.26258 0.45245 0.26426 0.45212 0.26505 0.45150 0.26780 0.44817 0.27039 0.44721 0.27232 0.44568 0.27373 0.44446 0.27552 0.44412 0.27760 0.44494 0.28016 0.44572 0.28187 0.44657 0.28355 0.44907 0.28471 0.45124 0.28494 0.45387 0.28403 0.45458 0.28239 0.45391 0.28233 0.45665 0.28347 0.46201 0.28370 0.46537 0.28388 0.46881 0.28538 0.47069 0.28807 0.47155 0.29044 0.47161 0.29226 0.46808 0.29465 0.46414 0.29601 0.46092 0.29612 0.45799 0.29620 0.45480 0.29463 0.45147 0.29247 0.44829 0.29060 0.44562 0.28933 0.44291 0.28471 0.43803 0.28243 0.43832 0.27898 0.43917 0.27820 0.44070 0.27593 0.44181 0.27458 0.44238 0.27187 0.44335 0.26865 0.44399 0.26586 0.44478 0.26446 0.44682 0.26161 0.44825 0.25938 0.44981 0.25823 0.45128 0.25685 0.45222 0.25836 0.45282 0.26076 0.45316 0.26258 0.45245
4 0.15788 0.69248 0.16820 0.69565 0.17662 0.69868 0.17952 0.69121 0.18078 0.68168 0.18556 0.65742 0.19127 0.64374 0.19575 0.63519 0.20221 0.62772 0.20521 0.62620 0.21300 0.62678 0.21468 0.62914 0.22164 0.62508 0.22454 0.62232 0.22983 0.62060 0.23169 0.62043 0.23598 0.62163 0.24074 0.62341 0.24278 0.62762 0.24623 0.63830 0.25123 0.64289 0.25224 0.63527 0.25108 0.62439 0.24938 0.61700 0.24480 0.61239 0.23709 0.60804 0.22988 0.60930 0.21871 0.61310 0.21084 0.61159 0.20293 0.60726 0.19929 0.60218 0.19700 0.59931 0.19110 0.59637 0.18061 0.59604 0.16692 0.59975 0.15438 0.61182 0.14713 0.62470 0.14084 0.64596 0.13937 0.66021 0.13795 0.67508 0.13977 0.68151 0.14819 0.68454 0.15788 0.69248
4 0.69984 0.52909 0.70414 0.50172 0.70567 0.48810 0.70615 0.46734 0.70742 0.44841 0.70723 0.43179 0.70170 0.42600 0.68655 0.41540 0.67588 0.40818 0.66109 0.40414 0.64987 0.40261 0.64272 0.40229 0.63664 0.40690 0.63236 0.41292 0.63326 0.43042 0.63372 0.44764 0.63602 0.46909 0.63663 0.48566 0.64326 0.49920 0.64815 0.50976 0.65180 0.51791 0.65807 0.52991 0.66517 0.53933 0.67181 0.54346 0.67968 0.54497 0.68640 0.54281 0.69504 0.53641 0.69984 0.52909
4 0.56697 0.51861 0.57224 0.53584 0.57893 0.54919 0.58716 0.55713 0.59745 0.55999 0.61084 0.56022 0.62007 0.55752 0.62555 0.55390 0.63002 0.54773 0.63207 0.53776 0.63537 0.50848 0.63618 0.50050 0.63605 0.47039 0.63510 0.45955 0.63368 0.44612 0.63350 0.42693 0.63216 0.41161 0.63016 0.40011 0.61744 0.39821 0.60326 0.39682 0.59303 0.39470 0.58724 0.39446 0.57168 0.40033 0.55531 0.40252 0.54941 0.40115 0.54201 0.40256 0.53878 0.40585 0.54416 0.43287 0.54481 0.44034 0.55083 0.45751 0.55390 0.46967 0.55499 0.47635 0.55941 0.48387 0.56525 0.49682 0.56617 0.50272 0.56502 0.50785 0.56697 0.51861
4 0.38074 0.75899 0.38441 0.74716 0.38730 0.72834 0.38738 0.70532 0.38776 0.68176 0.38579 0.65735 0.38453 0.62895 0.39028 0.62296 0.39821 0.61992 0.39784 0.61367 0.39580 0.60627 0.38860 0.60167 0.37965 0.59905 0.36706 0.59858 0.35207 0.59859 0.34415 0.59980 0.33400 0.60330 0.32739 0.60545 0.32180 0.60934 0.31785 0.61596 0.31424 0.62255 0.31382 0.62573 0.31398 0.63147 0.31643 0.65557 0.31927 0.69795 0.31920 0.71704 0.31985 0.73843 0.32117 0.74563 0.33908 0.74903 0.35013 0.75382 0.36063 0.75630 0.37826 0.76051 0.38074 0.75899
4 0.27711 0.72412 0.28745 0.73080 0.29571 0.73557 0.30120 0.73849 0.31127 0.74205 0.31586 0.73067 0.31925 0.72357 0.31921 0.70527 0.31872 0.69172 0.31747 0.67143 0.31656 0.65504 0.31523 0.64182 0.31416 0.62962 0.30977 0.62321 0.30868 0.62278 0.30657 0.61852 0.30506 0.61525 0.29946 0.61496 0.29182 0.61536 0.28130 0.61864 0.27036 0.62116 0.26002 0.63044 0.25296 0.64334 0.24609 0.65859 0.24325 0.67583 0.24097 0.70558 0.24180 0.71309 0.25094 0.71203 0.26206 0.71550 0.27239 0.71800 0.27711 0.72412
