2 0.51134 0.41882 0.51408 0.41591 0.51136 0.40998 0.50760 0.40420 0.50485 0.39511 0.50785 0.38649 0.50270 0.37679 0.49690 0.36845 0.48464 0.35313 0.46913 0.34458 0.45782 0.34048 0.44869 0.33987 0.44289 0.34353 0.43533 0.34964 0.42757 0.36178 0.42559 0.37311 0.42177 0.38185 0.42185 0.38689 0.42730 0.39275 0.43229 0.39836 0.43727 0.40682 0.43898 0.41447 0.44118 0.42268 0.45063 0.42704 0.45528 0.41818 0.46670 0.42162 0.46744 0.40890 0.47337 0.40017 0.48178 0.39267 0.48790 0.39876 0.49772 0.41474 0.50442 0.42200 0.51134 0.41882
4 0.37988 0.45455 0.38536 0.45510 0.39054 0.45766 0.39542 0.45697 0.40182 0.45475 0.40335 0.44687 0.40377 0.43431 0.40651 0.42363 0.41087 0.41096 0.41394 0.40373 0.41397 0.39726 0.40952 0.39514 0.40499 0.39096 0.39984 0.38555 0.39250 0.37693 0.38563 0.36759 0.38078 0.35907 0.37223 0.35128 0.36714 0.34936 0.36227 0.35005 0.35658 0.35217 0.35378 0.35410 0.34972 0.36058 0.34738 0.36990 0.34739 0.39182 0.35127 0.41210 0.35381 0.42709 0.35703 0.43233 0.36337 0.44416 0.36831 0.45333 0.37234 0.45605 0.37510 0.45588 0.37988 0.45455
2 0.69351 0.41046 0.69172 0.40204 0.69091 0.39736 0.68725 0.39081 0.68315 0.38865 0.67764 0.39056 0.67442 0.39580 0.67419 0.40496 0.67662 0.41146 0.68104 0.41905 0.68601 0.42953 0.68940 0.43202 0.69281 0.42493 0.69351 0.41046
1 0.64500 0.40586 0.64791 0.40677 0.65137 0.40738 0.65485 0.40866 0.65849 0.41111 0.66067 0.41301 0.66159 0.41596 0.66301 0.41818 0.66335 0.41593 0.66401 0.41177 0.66572 0.41142 0.66692 0.41103 0.66654 0.40943 0.66487 0.40901 0.66428 0.40843 0.66480 0.40539 0.66332 0.40582 0.66224 0.40597 0.66312 0.40386 0.66285 0.40247 0.66135 0.40015 0.66007 0.39989 0.65978 0.39993 0.66045 0.39742 0.65792 0.39711 0.65567 0.39831 0.65406 0.39887 0.65201 0.39783 0.64936 0.39832 0.64795 0.40027 0.64581 0.40069 0.64415 0.40246 0.64397 0.40380 0.64500 0.40586
2 0.66143 0.42287 0.66696 0.41715 0.66834 0.40898 0.66752 0.39769 0.66158 0.38883 0.64972 0.38555 0.64822 0.38748 0.64819 0.39090 0.64590 0.39806 0.63443 0.39664 0.63890 0.41045 0.64912 0.42004 0.65284 0.42579 0.65600 0.42573 0.66143 0.42287
4 0.31539 0.44497 0.31109 0.44432 0.30803 0.44348 0.30336 0.44319 0.30137 0.44852 0.29980 0.45379 0.29781 0.45912 0.29581 0.46730 0.29701 0.47439 0.29888 0.48170 0.29923 0.49017 0.30181 0.49802 0.30269 0.50579 0.29977 0.51346 0.30013 0.51751 0.30161 0.52204 0.30653 0.52861 0.31162 0.52442 0.31616 0.51778 0.31983 0.51095 0.32154 0.49620 0.32866 0.48698 0.32974 0.48115 0.32921 0.47144 0.32884 0.45981 0.32803 0.44951 0.32812 0.44571 0.32684 0.44557 0.32407 0.44533 0.31961 0.44501 0.31539 0.44497
1 0.29607 0.42739 0.27948 0.42467 0.26518 0.41721 0.25521 0.40914 0.24758 0.40579 0.24203 0.40373 0.23789 0.40716 0.23689 0.41203 0.24090 0.42410 0.25036 0.43602 0.26006 0.44666 0.26948 0.45228 0.28005 0.45268 0.28701 0.44981 0.29215 0.44593 0.29810 0.44036 0.30085 0.43745 0.29607 0.42739
2 0.58631 0.31875 0.57402 0.30864 0.56217 0.30294 0.55759 0.30279 0.55252 0.30666 0.54595 0.31232 0.54014 0.31840 0.53188 0.32824 0.52594 0.34460 0.52131 0.35656 0.51804 0.37201 0.51827 0.37987 0.52205 0.38302 0.52505 0.37444 0.52710 0.36784 0.53349 0.36089 0.54029 0.36310 0.54812 0.36515 0.55284 0.36633 0.56141 0.36618 0.56976 0.37227 0.57906 0.37406 0.58441 0.37858 0.58875 0.38601 0.59005 0.38530 0.58938 0.37803 0.58679 0.36708 0.58796 0.35798 0.59030 0.34712 0.59374 0.33796 0.59646 0.33232 0.59556 0.32718 0.58631 0.31875
4 0.45496 0.46908 0.46273 0.46893 0.47697 0.46251 0.48961 0.45663 0.49923 0.45465 0.50675 0.44980 0.51245 0.44395 0.51493 0.43761 0.51490 0.42845 0.51401 0.41311 0.50941 0.40587 0.50575 0.39628 0.50853 0.38610 0.50237 0.37371 0.48991 0.35842 0.47818 0.34681 0.46893 0.34242 0.46122 0.33846 0.45572 0.33671 0.44803 0.33590 0.44143 0.33682 0.43863 0.33942 0.43248 0.34503 0.42700 0.35400 0.42392 0.36800 0.42103 0.37283 0.41859 0.37949 0.41840 0.38709 0.42391 0.39484 0.43215 0.40410 0.43708 0.41225 0.44097 0.42338 0.44125 0.43439 0.44091 0.44990 0.44262 0.46513 0.44827 0.46938 0.45496 0.46908
1 0.61916 0.36836 0.62462 0.37856 0.62916 0.38925 0.63286 0.39475 0.63645 0.39608 0.64033 0.39681 0.64462 0.39785 0.64581 0.39768 0.64802 0.39171 0.64775 0.38719 0.65054 0.38277 0.65287 0.37514 0.65443 0.36798 0.65696 0.36178 0.65902 0.35564 0.66111 0.34621 0.66191 0.33806 0.66190 0.32674 0.66125 0.31861 0.65833 0.30824 0.65499 0.29921 0.64587 0.29154 0.63802 0.29283 0.63256 0.29561 0.62550 0.30427 0.62043 0.31412 0.61669 0.32560 0.61197 0.33102 0.60642 0.33746 0.60258 0.34129 0.60330 0.34648 0.60828 0.35071 0.61303 0.35589 0.61916 0.36836
1 0.71331 0.34318 0.72098 0.33640 0.72750 0.32562 0.72994 0.31804 0.73215 0.30984 0.73252 0.30102 0.73197 0.29605 0.72951 0.28895 0.72675 0.28386 0.72315 0.27800 0.71923 0.27614 0.71679 0.27539 0.71433 0.27661 0.70794 0.27795 0.70324 0.28190 0.69160 0.29164 0.68135 0.30295 0.66845 0.32340 0.67066 0.33602 0.67718 0.34497 0.68458 0.35292 0.69530 0.35228 0.70494 0.35224 0.71030 0.35193 0.71331 0.34318
1 0.34702 0.41931 0.34897 0.41155 0.34609 0.40409 0.33690 0.39845 0.32557 0.38889 0.31709 0.37018 0.31075 0.36577 0.30093 0.36349 0.29476 0.36199 0.29019 0.36153 0.28487 0.36356 0.28185 0.36544 0.27843 0.36885 0.27646 0.37479 0.27479 0.38618 0.27715 0.39698 0.28184 0.40436 0.28948 0.41625 0.29747 0.43066 0.30398 0.44235 0.31339 0.44431 0.32738 0.44509 0.33085 0.44204 0.33712 0.43641 0.34702 0.41931
1 0.67489 0.40476 0.67643 0.40596 0.67780 0.40594 0.67834 0.40522 0.67805 0.40265 0.67616 0.40252 0.67395 0.40252 0.67489 0.40476
1 0.39394 0.39914 0.39665 0.39777 0.39848 0.39484 0.40025 0.39153 0.40199 0.39014 0.39997 0.38806 0.39732 0.38515 0.39594 0.38550 0.39691 0.38987 0.39561 0.39150 0.39480 0.39222 0.39429 0.39550 0.39352 0.39691 0.39237 0.39814 0.39122 0.40006 0.39082 0.40233 0.39137 0.40439 0.39287 0.40678 0.39522 0.41187 0.39811 0.41613 0.40222 0.41677 0.40503 0.41538 0.40251 0.41161 0.40026 0.40681 0.39928 0.40237 0.39550 0.40267 0.39395 0.40136 0.39394 0.39914
1 0.58832 0.35587 0.58959 0.34923 0.58980 0.34326 0.58705 0.34311 0.58556 0.34874 0.58265 0.34743 0.58019 0.34184 0.57753 0.33732 0.57349 0.33301 0.57147 0.33303 0.56919 0.33995 0.56821 0.34365 0.56589 0.34781 0.56198 0.34809 0.55685 0.34419 0.55521 0.33940 0.55522 0.33571 0.55267 0.33448 0.55022 0.33522 0.54645 0.33219 0.54560 0.33680 0.54788 0.33859 0.54926 0.34090 0.55070 0.34360 0.55612 0.35525 0.56165 0.36081 0.56946 0.36816 0.57447 0.36878 0.58109 0.37207 0.58510 0.37494 0.58812 0.38138 0.58789 0.37600 0.58673 0.36705 0.58832 0.35587
4 0.52812 0.39033 0.52931 0.39736 0.52911 0.40284 0.52860 0.40930 0.52665 0.41431 0.52665 0.41644 0.52783 0.42327 0.52979 0.42939 0.53248 0.43556 0.53440 0.43681 0.53782 0.43738 0.54462 0.43812 0.55221 0.43660 0.56225 0.43366 0.56447 0.43275 0.57194 0.43109 0.57796 0.42627 0.58242 0.42260 0.58480 0.41571 0.58714 0.40062 0.59015 0.38589 0.58970 0.37835 0.58685 0.36673 0.58837 0.35659 0.59050 0.34657 0.59652 0.33323 0.59620 0.32691 0.58296 0.31475 0.57207 0.30686 0.56406 0.30404 0.55829 0.30243 0.55358 0.30670 0.54348 0.31470 0.53269 0.32647 0.52603 0.34398 0.52117 0.35808 0.51823 0.37085 0.51809 0.37982 0.52046 0.38131 0.52303 0.38385 0.52596 0.38713 0.52812 0.39033
4 0.42223 0.50848 0.42640 0.49948 0.42968 0.49033 0.43400 0.47868 0.43973 0.46577 0.43599 0.45288 0.43679 0.43988 0.43766 0.43608 0.43802 0.42866 0.43545 0.42534 0.43389 0.41924 0.43185 0.41348 0.42975 0.40851 0.42765 0.40355 0.42398 0.40117 0.41985 0.40043 0.41641 0.40092 0.41431 0.40095 0.41396 0.40468 0.41195 0.40786 0.41034 0.41387 0.40760 0.42057 0.40611 0.42499 0.40457 0.43020 0.40343 0.43457 0.40357 0.44060 0.40330 0.44485 0.40286 0.44675 0.40268 0.45046 0.40167 0.45323 0.40116 0.45462 0.39911 0.45622 0.39282 0.45763 0.38999 0.45750 0.38654 0.45536 0.38505 0.45478 0.37951 0.45530 0.38323 0.46556 0.38766 0.47335 0.39175 0.47751 0.39779 0.48429 0.40142 0.49141 0.40512 0.50273 0.40952 0.51158 0.41449 0.51325 0.41829 0.51166 0.42223 0.50848
1 0.31459 0.48093 0.31791 0.48008 0.32035 0.47497 0.32097 0.47305 0.32410 0.47155 0.32983 0.47350 0.32890 0.46188 0.32625 0.46186 0.32073 0.46383 0.31839 0.47036 0.31496 0.47480 0.31127 0.48483 0.30872 0.48795 0.30438 0.49094 0.30381 0.49815 0.30531 0.50190 0.30929 0.50016 0.31175 0.48885 0.31459 0.48093
4 0.63529 0.40528 0.63312 0.39507 0.62903 0.38885 0.62506 0.37932 0.62082 0.37202 0.61646 0.36387 0.61279 0.35540 0.60637 0.34928 0.60367 0.34879 0.60176 0.34971 0.59767 0.35182 0.59293 0.35446 0.58815 0.35579 0.58746 0.36027 0.58676 0.36673 0.58951 0.37796 0.59036 0.38507 0.58933 0.38916 0.58782 0.39924 0.58644 0.40601 0.58523 0.41407 0.58414 0.41773 0.58260 0.42343 0.57672 0.42733 0.57751 0.42875 0.58552 0.43486 0.59400 0.44528 0.60325 0.45494 0.60979 0.45885 0.61631 0.45530 0.62271 0.44782 0.62800 0.43349 0.63212 0.42020 0.63494 0.41322 0.63529 0.40528
4 0.37636 0.51800 0.37731 0.50296 0.38126 0.48115 0.38557 0.47331 0.37953 0.45530 0.37658 0.45615 0.37294 0.45623 0.36862 0.45355 0.36502 0.44770 0.36074 0.43909 0.35804 0.43443 0.35621 0.43074 0.35386 0.42756 0.35175 0.41777 0.34797 0.41787 0.34681 0.42000 0.34381 0.42569 0.34050 0.43229 0.33738 0.43711 0.32891 0.44444 0.32936 0.45907 0.33006 0.49316 0.33765 0.51183 0.34056 0.52216 0.34891 0.53480 0.35745 0.53732 0.36529 0.53907 0.37059 0.53416 0.37555 0.52886 0.37636 0.51800
1 0.71882 0.35479 0.72466 0.35397 0.73102 0.35307 0.73937 0.35505 0.74548 0.35735 0.75208 0.36064 0.75512 0.36231 0.75789 0.36087 0.76096 0.35649 0.76309 0.35041 0.76469 0.34808 0.77177 0.34235 0.77523 0.33450 0.77759 0.32259 0.77848 0.31642 0.77771 0.31100 0.77713 0.30687 0.77301 0.30377 0.76821 0.30576 0.76012 0.31058 0.75523 0.31574 0.74935 0.32498 0.74405 0.33099 0.73669 0.33597 0.73209 0.33819 0.72185 0.34147 0.71693 0.34637 0.71555 0.35025 0.71882 0.35479
4 0.68674 0.37859 0.67916 0.35882 0.67404 0.34931 0.66688 0.33971 0.66254 0.33578 0.66118 0.34571 0.65955 0.35488 0.65622 0.36318 0.65435 0.36803 0.65325 0.37493 0.65015 0.38324 0.64815 0.38735 0.64769 0.39181 0.64634 0.39601 0.64577 0.39810 0.64136 0.39781 0.63839 0.39656 0.63396 0.39472 0.63898 0.41068 0.64876 0.41916 0.65784 0.43530 0.66838 0.44557 0.68081 0.45140 0.69187 0.44567 0.69727 0.43734 0.69698 0.41731 0.69260 0.40050 0.68674 0.37859
