4 0.37878 0.78398 0.39013 0.79743 0.39700 0.80463 0.40890 0.80373 0.41646 0.79851 0.43104 0.77690 0.44360 0.75152 0.45697 0.71911 0.46588 0.69264 0.47196 0.67698 0.47196 0.64781 0.47196 0.60892 0.46062 0.61324 0.45089 0.61216 0.43915 0.60892 0.42456 0.60946 0.41079 0.61324 0.39580 0.61324 0.38688 0.61054 0.36744 0.60675 0.36298 0.61000 0.35610 0.60892 0.34840 0.60675 0.34273 0.60189 0.33179 0.59433 0.33786 0.65915 0.34880 0.70074 0.36703 0.75962 0.37878 0.78398
4 0.18684 0.62871 0.19392 0.65527 0.20304 0.69128 0.20979 0.71874 0.21688 0.74620 0.22634 0.77411 0.22870 0.78086 0.23916 0.78086 0.24727 0.78356 0.26989 0.78671 0.28778 0.79121 0.29386 0.77140 0.30263 0.73044 0.31715 0.68813 0.32897 0.67372 0.33707 0.66067 0.33707 0.65347 0.33470 0.62691 0.33167 0.59045 0.32458 0.58190 0.31344 0.57650 0.30128 0.57245 0.29588 0.57245 0.29119 0.57234 0.28752 0.56742 0.28340 0.55654 0.28069 0.54094 0.27878 0.52818 0.27878 0.51979 0.27394 0.52293 0.26820 0.53013 0.25132 0.53869 0.24187 0.54049 0.23241 0.54049 0.22904 0.54364 0.20642 0.54229 0.18954 0.53733 0.18684 0.53959 0.18110 0.55399 0.18008 0.57019 0.18143 0.59945 0.18684 0.62871
4 0.76980 0.64219 0.76697 0.66595 0.76251 0.68648 0.75887 0.70431 0.75319 0.72807 0.76089 0.74050 0.76818 0.74968 0.80221 0.74266 0.82287 0.73834 0.85204 0.72699 0.87108 0.71889 0.87918 0.66812 0.88526 0.64003 0.88931 0.59790 0.89012 0.56603 0.88688 0.53794 0.87554 0.52065 0.85852 0.50769 0.83061 0.48749 0.82806 0.49683 0.82279 0.51849 0.81578 0.53281 0.80699 0.55025 0.79018 0.56354 0.77219 0.57526 0.76332 0.57629 0.76980 0.59357 0.77183 0.60546 0.77183 0.62598 0.76980 0.64219
4 0.00000 0.50754 0.01725 0.53364 0.04107 0.56086 0.06343 0.57901 0.07364 0.57901 0.08385 0.56994 0.09211 0.55697 0.09989 0.54207 0.10475 0.53040 0.11302 0.52067 0.12711 0.50253 0.13520 0.48889 0.14462 0.47206 0.15365 0.46073 0.15725 0.45262 0.15337 0.42928 0.14948 0.39233 0.14656 0.36317 0.14559 0.34955 0.12420 0.31844 0.08822 0.26270 0.07024 0.24001 0.06586 0.23547 0.05079 0.23871 0.03475 0.25297 0.01190 0.26723 0.00000 0.27639 0.00000 0.50754
4 0.11248 0.74996 0.14188 0.75893 0.15448 0.73650 0.17716 0.68612 0.19061 0.65363 0.18338 0.61113 0.18169 0.59988 0.17966 0.56657 0.18135 0.55442 0.18507 0.54227 0.18743 0.53821 0.17831 0.53056 0.17359 0.52381 0.16616 0.50985 0.15974 0.48465 0.15839 0.46349 0.15502 0.46169 0.15029 0.46484 0.14455 0.47204 0.14084 0.48015 0.12767 0.50265 0.11755 0.51616 0.10640 0.52876 0.10100 0.54136 0.09358 0.55532 0.08446 0.56882 0.07352 0.58000 0.06845 0.62051 0.07408 0.68841 0.08058 0.73987 0.11248 0.74996
4 0.61699 0.73315 0.62023 0.76934 0.62226 0.78933 0.63968 0.79203 0.64778 0.79257 0.67168 0.78123 0.69275 0.77366 0.71098 0.76286 0.73488 0.75854 0.75271 0.72721 0.76486 0.67698 0.76689 0.66617 0.77175 0.62512 0.77175 0.60675 0.76891 0.58785 0.76081 0.57218 0.75271 0.56192 0.74136 0.55760 0.73610 0.54950 0.72840 0.54734 0.72111 0.54626 0.72030 0.56030 0.71584 0.57812 0.70976 0.59379 0.70693 0.59919 0.69802 0.61000 0.69194 0.61918 0.68303 0.62188 0.67290 0.62620 0.65588 0.62836 0.64616 0.62836 0.61821 0.62836 0.60808 0.63052 0.60727 0.65375 0.60565 0.68346 0.61092 0.70128 0.61699 0.73315
4 0.85968 0.39421 0.84072 0.40653 0.83926 0.43570 0.83683 0.46357 0.84315 0.47977 0.85531 0.49015 0.86649 0.50052 0.87378 0.50505 0.87767 0.51218 0.88593 0.53357 0.89709 0.57758 0.90635 0.58932 0.91705 0.60163 0.92872 0.60034 0.93844 0.60228 0.95245 0.60040 0.95934 0.58608 0.97198 0.54719 0.98316 0.50052 0.99143 0.44542 0.99678 0.41301 0.99775 0.38838 0.97781 0.35921 0.95837 0.33717 0.93358 0.31643 0.92434 0.32162 0.90975 0.34949 0.89128 0.37282 0.87281 0.38514 0.85968 0.39421
4 0.14933 0.39240 0.15225 0.42610 0.15857 0.46110 0.16051 0.48444 0.16732 0.51037 0.17704 0.52852 0.18920 0.53759 0.20524 0.54213 0.22420 0.54407 0.23100 0.54343 0.23392 0.54019 0.24121 0.54019 0.25482 0.53630 0.26260 0.53241 0.26746 0.53046 0.27396 0.52384 0.27834 0.51930 0.27816 0.49352 0.27962 0.45527 0.28399 0.42157 0.28691 0.38527 0.27476 0.35869 0.24753 0.32563 0.23927 0.29063 0.22517 0.26276 0.21399 0.25174 0.19843 0.24396 0.17753 0.24396 0.16489 0.25498 0.15322 0.30554 0.15079 0.35351 0.14739 0.36128 0.14933 0.39240
4 0.48330 0.70560 0.49141 0.73801 0.50275 0.77096 0.52544 0.78771 0.54529 0.78501 0.56271 0.76826 0.58418 0.72073 0.60443 0.67698 0.60767 0.65699 0.60727 0.62782 0.59755 0.62512 0.58296 0.61972 0.57891 0.62242 0.56716 0.62242 0.55785 0.61702 0.52787 0.61648 0.51895 0.61324 0.51166 0.60730 0.50761 0.59865 0.50437 0.58677 0.49829 0.58785 0.49465 0.59757 0.48776 0.60622 0.47763 0.60946 0.47237 0.61108 0.47196 0.64943 0.47480 0.67536 0.47844 0.69156 0.48330 0.70560
4 0.72605 0.39745 0.71380 0.40601 0.71905 0.44646 0.72138 0.50635 0.72255 0.54524 0.73597 0.54757 0.74238 0.55846 0.75172 0.56313 0.76222 0.57480 0.77155 0.57480 0.78913 0.56435 0.80714 0.54913 0.82263 0.51924 0.83689 0.45890 0.83981 0.42234 0.84273 0.38657 0.83923 0.35623 0.83048 0.32589 0.82406 0.29400 0.81356 0.27845 0.80014 0.27534 0.78380 0.27689 0.76980 0.28700 0.75814 0.30411 0.74589 0.33678 0.73597 0.37567 0.72605 0.39745
4 0.52543 0.36510 0.50618 0.43277 0.50268 0.47166 0.50326 0.51911 0.50326 0.56811 0.50501 0.58833 0.51435 0.61245 0.52543 0.61711 0.53710 0.61711 0.55401 0.61867 0.56218 0.62178 0.56860 0.62411 0.57852 0.62334 0.58435 0.61789 0.59602 0.62489 0.61177 0.62878 0.62110 0.62722 0.64269 0.63034 0.67186 0.62567 0.69052 0.62022 0.70712 0.59965 0.71712 0.57642 0.72140 0.55185 0.72183 0.50608 0.71792 0.44415 0.71269 0.40477 0.69869 0.35576 0.67769 0.30676 0.66369 0.27954 0.65494 0.26398 0.63802 0.25309 0.62110 0.25231 0.59427 0.25931 0.56802 0.27720 0.54585 0.31298 0.52543 0.36510
4 0.28837 0.39629 0.28351 0.42027 0.28010 0.45397 0.27962 0.49935 0.27913 0.53046 0.28398 0.55775 0.28824 0.56892 0.29141 0.57208 0.29809 0.57195 0.31073 0.57648 0.32629 0.58297 0.33358 0.59398 0.34427 0.60371 0.35254 0.60760 0.36275 0.61019 0.36761 0.60695 0.37636 0.60825 0.40067 0.61343 0.41185 0.61343 0.42692 0.61019 0.44150 0.60954 0.45463 0.61278 0.46338 0.61084 0.47018 0.60760 0.47894 0.60890 0.48574 0.60695 0.49251 0.59870 0.50241 0.58006 0.50276 0.50389 0.50324 0.43259 0.48477 0.38916 0.46484 0.30943 0.45171 0.28610 0.43372 0.26470 0.41622 0.25304 0.39775 0.24656 0.37150 0.25369 0.35546 0.26211 0.32483 0.28739 0.30927 0.32499 0.29372 0.37230 0.28837 0.39629
