4 0.40915 0.74122 0.42690 0.71099 0.43940 0.68602 0.44760 0.67135 0.45166 0.64247 0.45708 0.60395 0.44524 0.60665 0.43576 0.60423 0.42458 0.59939 0.41006 0.59789 0.39589 0.59972 0.38105 0.59763 0.37260 0.59372 0.35387 0.58727 0.34901 0.58986 0.34234 0.58783 0.33502 0.58462 0.33008 0.57901 0.32030 0.57000 0.31729 0.63504 0.32234 0.67775 0.33220 0.73859 0.34044 0.76435 0.34980 0.77924 0.35561 0.78733 0.36751 0.78810 0.37573 0.78398 0.39317 0.76461 0.40915 0.74122
4 0.19225 0.74037 0.20262 0.74182 0.21026 0.74562 0.23222 0.75189 0.24932 0.75884 0.25809 0.74007 0.27248 0.70073 0.29275 0.66085 0.30645 0.64823 0.31629 0.63643 0.31730 0.62930 0.31865 0.60267 0.32072 0.56614 0.31489 0.55669 0.30461 0.54979 0.29313 0.54408 0.28778 0.54333 0.28315 0.54257 0.28021 0.53719 0.27764 0.52584 0.27712 0.51002 0.27701 0.49712 0.27818 0.48881 0.27295 0.49125 0.26626 0.49758 0.24836 0.50370 0.23874 0.50417 0.22938 0.50285 0.22560 0.50550 0.20339 0.50102 0.18736 0.49376 0.18438 0.49562 0.17669 0.50908 0.17343 0.52499 0.17069 0.55415 0.17197 0.58388 0.17530 0.61116 0.17931 0.64809 0.18218 0.67622 0.18538 0.70440 0.19085 0.73335 0.19225 0.74037
4 0.73082 0.78458 0.76550 0.78236 0.78656 0.78095 0.81702 0.77378 0.83701 0.76841 0.85210 0.71925 0.86202 0.69228 0.87190 0.65113 0.87714 0.61968 0.87784 0.59141 0.86901 0.57272 0.85396 0.55751 0.82914 0.53362 0.82531 0.54252 0.81708 0.56324 0.80814 0.57644 0.79701 0.59249 0.77851 0.60331 0.75907 0.61241 0.75014 0.61220 0.75415 0.63021 0.75450 0.64226 0.75165 0.66259 0.74739 0.67836 0.74127 0.70149 0.73400 0.72120 0.72791 0.73835 0.71899 0.76109 0.72488 0.77447 0.73082 0.78458
4 0.08815 0.49965 0.09793 0.48597 0.10437 0.47510 0.11390 0.46662 0.13039 0.45061 0.14030 0.43823 0.15196 0.42287 0.16248 0.41291 0.16718 0.40538 0.16658 0.38172 0.16787 0.34460 0.16904 0.31531 0.16998 0.30169 0.15312 0.26791 0.12526 0.20770 0.11060 0.18273 0.10690 0.17763 0.09153 0.17874 0.07366 0.19062 0.04904 0.20157 0.03599 0.20897 0.00382 0.43788 0.01726 0.46613 0.03706 0.49640 0.05668 0.51749 0.06679 0.51891 0.07816 0.51134 0.08815 0.49965
4 0.17089 0.55461 0.17352 0.52134 0.17688 0.50954 0.18225 0.49802 0.18515 0.49434 0.17719 0.48549 0.17345 0.47815 0.16804 0.46330 0.16519 0.43744 0.16680 0.41630 0.16371 0.41405 0.15859 0.41651 0.15190 0.42285 0.14710 0.43035 0.13093 0.45081 0.11902 0.46277 0.10623 0.47370 0.09913 0.48543 0.08983 0.49822 0.07892 0.51032 0.06653 0.51987 0.05588 0.55928 0.05200 0.62730 0.05128 0.67917 0.08146 0.69360 0.10933 0.70657 0.12493 0.68611 0.15440 0.63938 0.17224 0.60908 0.17099 0.56599 0.17089 0.55461
4 0.65279 0.79783 0.67234 0.78967 0.69661 0.78871 0.71863 0.76017 0.73765 0.71212 0.74116 0.70170 0.75169 0.66172 0.75425 0.64353 0.75407 0.62442 0.74822 0.60778 0.74163 0.59649 0.73100 0.59063 0.72691 0.58188 0.71959 0.57866 0.71252 0.57658 0.70976 0.59037 0.70287 0.60740 0.69467 0.62207 0.69111 0.62703 0.68078 0.63649 0.67348 0.64473 0.66428 0.64616 0.65365 0.64904 0.63650 0.64881 0.62687 0.64745 0.59919 0.64356 0.58886 0.64429 0.58483 0.66718 0.57909 0.69638 0.58182 0.71476 0.58340 0.74716 0.58158 0.78345 0.58080 0.80353 0.59768 0.80863 0.60562 0.81029 0.63087 0.80238 0.65279 0.79783
4 1.00000 0.44170 0.99276 0.42708 0.97657 0.40255 0.95490 0.37856 0.94504 0.38241 0.92671 0.40798 0.90517 0.42852 0.88517 0.43814 0.87090 0.44530 0.85042 0.45486 0.84491 0.48354 0.83863 0.51080 0.84263 0.52773 0.85322 0.53969 0.86285 0.55152 0.86944 0.55703 0.87230 0.56463 0.87750 0.58696 0.88243 0.63208 0.88997 0.64500 0.89884 0.65869 0.91058 0.65903 0.91994 0.66231 0.93407 0.66240 0.94289 0.64917 0.96082 0.61242 0.97839 0.56775 0.99424 0.51434 1.00000 0.49593 1.00000 0.44170
4 0.18699 0.49397 0.20224 0.50070 0.22075 0.50526 0.22758 0.50557 0.23092 0.50276 0.23814 0.50378 0.25216 0.50182 0.26040 0.49905 0.26549 0.49780 0.27284 0.49215 0.27781 0.48826 0.28122 0.46270 0.28799 0.42504 0.29701 0.39227 0.30495 0.35673 0.29662 0.32872 0.27426 0.29219 0.27094 0.25638 0.26086 0.22682 0.25132 0.21435 0.23700 0.20449 0.21630 0.20158 0.20225 0.21073 0.18366 0.25917 0.17458 0.30633 0.17012 0.31356 0.16772 0.34464 0.16592 0.37843 0.16730 0.41397 0.16598 0.43735 0.16911 0.46397 0.17622 0.48329 0.18699 0.49397
4 0.55264 0.73030 0.57879 0.68979 0.58478 0.67045 0.58844 0.64151 0.57918 0.63748 0.56549 0.63010 0.56110 0.63221 0.54947 0.63057 0.54100 0.62393 0.51138 0.61922 0.50301 0.61477 0.49661 0.60787 0.49381 0.59875 0.49225 0.58653 0.48608 0.58676 0.48112 0.59588 0.47310 0.60348 0.46261 0.60528 0.45717 0.60615 0.45144 0.64407 0.45064 0.67014 0.45199 0.68670 0.45485 0.70128 0.45837 0.73450 0.46501 0.76871 0.48515 0.78845 0.50518 0.78853 0.52476 0.77438 0.55264 0.73030
4 0.73189 0.59163 0.74048 0.59755 0.74926 0.61057 0.75850 0.61187 0.77736 0.60396 0.79731 0.59140 0.81682 0.56396 0.83933 0.50619 0.84731 0.47039 0.85518 0.43537 0.85593 0.40484 0.85149 0.37358 0.84957 0.34111 0.84134 0.32424 0.82849 0.31929 0.81209 0.31856 0.79682 0.32662 0.78289 0.34195 0.76621 0.37259 0.75098 0.40973 0.73812 0.42991 0.72480 0.43668 0.72437 0.47747 0.71835 0.53710 0.71409 0.57577 0.72705 0.57995 0.73189 0.59163
4 0.49856 0.61335 0.50888 0.61951 0.52044 0.62114 0.53697 0.62503 0.54463 0.62925 0.55066 0.63245 0.56059 0.63306 0.56712 0.62848 0.57770 0.63704 0.59276 0.64308 0.60222 0.64284 0.62316 0.64892 0.65269 0.64836 0.67194 0.64557 0.69123 0.62751 0.70437 0.60589 0.71203 0.58216 0.71883 0.53689 0.72358 0.47503 0.72388 0.43529 0.71683 0.38482 0.70286 0.33337 0.69278 0.30446 0.68628 0.28784 0.67104 0.27470 0.65440 0.27158 0.62685 0.27477 0.59836 0.28884 0.57143 0.32118 0.54396 0.36995 0.51548 0.43428 0.50660 0.47231 0.50057 0.51937 0.49375 0.56790 0.49267 0.58817 0.49856 0.61335
4 0.28071 0.53878 0.28340 0.54235 0.29004 0.54315 0.30193 0.54940 0.31643 0.55798 0.32212 0.56991 0.33136 0.58103 0.33900 0.58603 0.34875 0.59002 0.35401 0.58748 0.36250 0.58999 0.38585 0.59850 0.39692 0.60006 0.41229 0.59895 0.42683 0.60034 0.43937 0.60537 0.44831 0.60466 0.45550 0.60240 0.46399 0.60490 0.47100 0.60393 0.47885 0.59670 0.49124 0.57962 0.50219 0.50423 0.51259 0.43369 0.50034 0.38812 0.49170 0.30639 0.48195 0.28146 0.46712 0.25777 0.45141 0.24378 0.43402 0.23479 0.40703 0.23820 0.38997 0.24431 0.35612 0.26508 0.33549 0.30015 0.31350 0.34484 0.30486 0.36784 0.29671 0.39092 0.28865 0.42382 0.28185 0.46868 0.27704 0.49943 0.27805 0.52713 0.28071 0.53878
