4 0.40996 0.72211 0.41893 0.70851 0.42345 0.69818 0.42868 0.68988 0.43118 0.68443 0.43319 0.66935 0.43272 0.63801 0.41573 0.63793 0.40509 0.63442 0.40205 0.62971 0.40063 0.62748 0.39731 0.61758 0.39636 0.61871 0.39610 0.62414 0.39433 0.62885 0.39280 0.63162 0.38457 0.63524 0.36746 0.63941 0.35970 0.64032 0.35899 0.64185 0.35843 0.65550 0.36011 0.66659 0.36110 0.67592 0.36469 0.68293 0.36958 0.69688 0.37780 0.71473 0.38399 0.72543 0.39158 0.72816 0.40083 0.72579 0.40996 0.72211
4 0.20078 0.65572 0.20806 0.64488 0.20252 0.62549 0.19594 0.60437 0.19220 0.58560 0.18913 0.56652 0.18786 0.55801 0.18249 0.55272 0.17639 0.54306 0.17204 0.53533 0.16645 0.52745 0.16331 0.52563 0.16138 0.53757 0.16231 0.55422 0.16567 0.58060 0.16952 0.61060 0.17116 0.62536 0.17345 0.63353 0.18124 0.65246 0.18783 0.66182 0.19548 0.66115 0.20078 0.65572
4 0.51251 0.60838 0.51677 0.62533 0.51958 0.63291 0.52461 0.63367 0.52913 0.63467 0.53550 0.63653 0.54611 0.63620 0.56528 0.63543 0.57679 0.63502 0.58755 0.63408 0.59907 0.63142 0.60838 0.62894 0.61454 0.62641 0.62060 0.62046 0.62337 0.61453 0.62543 0.59913 0.62587 0.57873 0.62365 0.55332 0.62038 0.53327 0.61709 0.49854 0.61373 0.47737 0.60919 0.46007 0.60509 0.45064 0.59660 0.44008 0.57803 0.42665 0.56658 0.41974 0.55865 0.41554 0.55066 0.41360 0.54214 0.41676 0.52880 0.42282 0.52072 0.42842 0.51174 0.44390 0.50864 0.45170 0.50534 0.46592 0.50289 0.47818 0.50270 0.49627 0.50316 0.51016 0.50767 0.56173 0.51251 0.60838
4 0.82117 0.65791 0.82290 0.64646 0.82211 0.63021 0.81994 0.61503 0.81284 0.59871 0.80751 0.58819 0.80327 0.58291 0.79682 0.57406 0.79595 0.57853 0.79324 0.58599 0.79034 0.59126 0.78626 0.59507 0.78426 0.59619 0.77847 0.59732 0.77284 0.59781 0.76708 0.59675 0.76075 0.59165 0.75960 0.59301 0.76395 0.60424 0.77119 0.62212 0.77677 0.64265 0.78092 0.65892 0.79616 0.66983 0.80958 0.68152 0.81547 0.68634 0.81817 0.68359 0.81955 0.67060 0.82117 0.65791
4 0.22874 0.70849 0.23303 0.70049 0.23552 0.69427 0.23953 0.68721 0.24199 0.67228 0.24585 0.65524 0.24245 0.65118 0.24070 0.65333 0.23305 0.65763 0.22693 0.66270 0.22049 0.66418 0.21546 0.65808 0.21447 0.65926 0.21272 0.66994 0.21098 0.68062 0.21061 0.69300 0.21060 0.70118 0.20950 0.70817 0.21015 0.71829 0.21405 0.72267 0.22031 0.72048 0.22498 0.71554 0.22874 0.70849
4 0.22075 0.66414 0.22641 0.66294 0.23225 0.65824 0.24030 0.65284 0.24576 0.64714 0.24837 0.64128 0.24412 0.63307 0.23889 0.61339 0.23171 0.58134 0.22780 0.55867 0.22640 0.54467 0.22079 0.53653 0.21358 0.52618 0.20702 0.52126 0.20159 0.51729 0.19566 0.51546 0.19301 0.51726 0.18986 0.52329 0.18753 0.53264 0.18915 0.54322 0.18855 0.55426 0.18916 0.56126 0.19129 0.57964 0.19652 0.60533 0.20200 0.62603 0.20761 0.64411 0.20999 0.64730 0.21429 0.65634 0.22075 0.66414
4 0.48130 0.73496 0.48955 0.72718 0.49534 0.70732 0.49823 0.69033 0.50239 0.68186 0.50554 0.67583 0.50885 0.66561 0.50826 0.65886 0.50799 0.63378 0.50610 0.63421 0.49942 0.63793 0.49156 0.63809 0.47918 0.63865 0.46620 0.63848 0.44800 0.63851 0.43274 0.63827 0.43406 0.68130 0.43410 0.68575 0.43932 0.69549 0.44173 0.70495 0.44538 0.71666 0.45290 0.73457 0.45829 0.74011 0.46707 0.74039 0.47410 0.73873 0.48130 0.73496
4 0.73426 0.68174 0.73499 0.66020 0.73081 0.61242 0.72239 0.60379 0.71609 0.59900 0.71241 0.59587 0.70807 0.59157 0.70595 0.58922 0.70628 0.59296 0.70404 0.60070 0.70058 0.60947 0.69462 0.61311 0.68151 0.61712 0.65731 0.61891 0.65672 0.62215 0.65686 0.67354 0.66213 0.67894 0.67681 0.70238 0.68695 0.72361 0.70175 0.73338 0.71904 0.73187 0.72853 0.72583 0.73363 0.71433 0.73471 0.70187 0.73426 0.68174
4 0.25726 0.72964 0.26645 0.70961 0.27618 0.69696 0.28568 0.69204 0.28851 0.69195 0.28957 0.69019 0.29044 0.68270 0.28993 0.67578 0.28964 0.67127 0.28913 0.66541 0.28835 0.65534 0.28713 0.64833 0.28505 0.64885 0.28253 0.64951 0.27985 0.65076 0.27527 0.65262 0.26808 0.65259 0.26030 0.65298 0.25689 0.65145 0.25066 0.64550 0.24957 0.64517 0.24598 0.65623 0.24208 0.67186 0.23827 0.69428 0.23839 0.71304 0.23728 0.73290 0.23820 0.74235 0.24305 0.74904 0.24840 0.74539 0.25323 0.73801 0.25726 0.72964
4 0.70666 0.55340 0.70676 0.57184 0.70598 0.58885 0.71330 0.59662 0.72478 0.60579 0.73426 0.61236 0.74369 0.61643 0.75073 0.61619 0.75527 0.61052 0.75946 0.59208 0.76332 0.55258 0.76955 0.49405 0.76900 0.45908 0.76715 0.44079 0.76234 0.42615 0.75788 0.42127 0.75437 0.41856 0.74923 0.41751 0.74042 0.42054 0.73237 0.42651 0.72596 0.43686 0.71968 0.44570 0.71271 0.45835 0.70823 0.47343 0.70447 0.48807 0.70022 0.49710 0.70207 0.51539 0.70694 0.54509 0.70666 0.55340
4 0.64667 0.68479 0.65329 0.67636 0.65573 0.66579 0.65621 0.64724 0.65613 0.61995 0.64948 0.62084 0.63707 0.62067 0.63084 0.61902 0.62442 0.61048 0.62378 0.61525 0.62106 0.62019 0.61473 0.62702 0.60249 0.63123 0.58266 0.63516 0.58253 0.63611 0.58237 0.64868 0.58246 0.65934 0.58434 0.66639 0.59085 0.67116 0.59595 0.68138 0.60377 0.69388 0.61713 0.70494 0.62875 0.71052 0.63888 0.69896 0.64667 0.68479
4 0.83333 0.67442 0.84109 0.67907 0.84605 0.67927 0.85749 0.66954 0.86963 0.65779 0.87845 0.64500 0.88480 0.63101 0.88300 0.60575 0.87819 0.58671 0.87540 0.57880 0.87084 0.56759 0.86542 0.56085 0.85970 0.55790 0.85437 0.55710 0.84898 0.56511 0.84478 0.56987 0.84110 0.56862 0.83775 0.56640 0.83062 0.56891 0.82724 0.57360 0.82523 0.57942 0.82257 0.58499 0.81874 0.58689 0.80942 0.59085 0.81447 0.60045 0.81718 0.60743 0.82029 0.61657 0.82123 0.62496 0.82354 0.64170 0.82336 0.64925 0.82216 0.65720 0.82250 0.66344 0.82670 0.67061 0.83333 0.67442
4 0.78330 0.70296 0.78549 0.69429 0.78353 0.67909 0.77953 0.65748 0.77687 0.64390 0.77169 0.62302 0.76417 0.60673 0.75924 0.59367 0.75766 0.60197 0.75573 0.60872 0.75412 0.61200 0.75198 0.61627 0.74997 0.61739 0.74601 0.61773 0.74257 0.61678 0.73886 0.61522 0.73162 0.61177 0.73293 0.62672 0.73475 0.65229 0.73631 0.65984 0.74922 0.67005 0.75830 0.68256 0.76639 0.69942 0.77263 0.70828 0.77553 0.71023 0.77944 0.70926 0.78330 0.70296
4 0.41615 0.63831 0.42793 0.63837 0.43752 0.63807 0.46615 0.63887 0.47788 0.63802 0.48877 0.63869 0.49796 0.63825 0.50336 0.63597 0.50754 0.63362 0.51016 0.62901 0.51141 0.61945 0.51160 0.60638 0.50334 0.51162 0.49878 0.49164 0.49277 0.47491 0.47759 0.45139 0.46806 0.43654 0.45981 0.43048 0.44412 0.42504 0.42780 0.42072 0.41898 0.42199 0.41200 0.42418 0.40723 0.42772 0.40041 0.43550 0.39341 0.45238 0.39053 0.48516 0.38658 0.50223 0.38781 0.54053 0.39117 0.58587 0.39730 0.61787 0.40114 0.62820 0.40436 0.63284 0.40874 0.63553 0.41615 0.63831
4 0.58143 0.67387 0.58233 0.66500 0.58219 0.63458 0.57638 0.63540 0.55349 0.63552 0.53550 0.63646 0.53177 0.63459 0.52858 0.63424 0.52441 0.63461 0.52034 0.63371 0.51940 0.63254 0.51623 0.62277 0.51203 0.60839 0.51193 0.61688 0.51141 0.62438 0.51091 0.62920 0.50817 0.63383 0.50836 0.65766 0.51088 0.67690 0.51526 0.68373 0.51863 0.69819 0.52583 0.71324 0.53951 0.71832 0.56229 0.71696 0.57011 0.70780 0.57576 0.69319 0.58143 0.67387
4 0.82668 0.46633 0.82402 0.45747 0.81985 0.45312 0.81519 0.45259 0.81173 0.45635 0.80766 0.46266 0.80582 0.46565 0.80546 0.48074 0.80498 0.49679 0.80309 0.52331 0.80150 0.54353 0.79783 0.57366 0.80549 0.58429 0.81137 0.58911 0.82137 0.58572 0.82639 0.57587 0.82916 0.55711 0.83208 0.52799 0.83256 0.50943 0.83093 0.49326 0.82876 0.47808 0.82668 0.46633
4 0.76007 0.59109 0.76747 0.59640 0.77558 0.59789 0.78379 0.59560 0.79016 0.59159 0.79561 0.57950 0.79892 0.56447 0.80203 0.54003 0.80382 0.51477 0.80517 0.49897 0.80543 0.48043 0.80531 0.46695 0.80400 0.45922 0.80133 0.45506 0.79757 0.44817 0.79211 0.45304 0.78454 0.46971 0.77880 0.48339 0.77357 0.49326 0.76947 0.49926 0.76785 0.51196 0.76536 0.53634 0.76280 0.56229 0.76051 0.58414 0.76007 0.59109
4 0.26633 0.65251 0.27478 0.65257 0.28308 0.64958 0.29261 0.64456 0.30225 0.63656 0.30732 0.62821 0.30926 0.61863 0.30657 0.60230 0.30339 0.55739 0.30273 0.52393 0.30087 0.51129 0.29157 0.50006 0.28067 0.48783 0.27184 0.47919 0.26198 0.47026 0.25216 0.46171 0.24649 0.46032 0.24177 0.46111 0.23736 0.46263 0.23199 0.46460 0.22747 0.46764 0.22510 0.47236 0.22351 0.48869 0.22476 0.51456 0.22596 0.54270 0.22960 0.56987 0.23703 0.60574 0.24392 0.63263 0.24955 0.64361 0.25711 0.65163 0.26049 0.65280 0.26633 0.65251
4 0.34899 0.68686 0.35594 0.68024 0.35858 0.67635 0.35833 0.66356 0.35790 0.65261 0.35760 0.64113 0.34889 0.64163 0.34704 0.64355 0.34442 0.64399 0.34263 0.64372 0.34044 0.64517 0.33756 0.64521 0.33468 0.64452 0.33317 0.64413 0.33098 0.64168 0.32993 0.64010 0.32674 0.63986 0.32368 0.63866 0.32123 0.63794 0.31779 0.63643 0.31569 0.63505 0.31453 0.63379 0.31367 0.63112 0.31272 0.62911 0.31169 0.62719 0.31001 0.62100 0.30863 0.62000 0.30815 0.62310 0.30737 0.62764 0.30624 0.63010 0.30493 0.63259 0.30290 0.63616 0.30024 0.63852 0.29710 0.64088 0.29454 0.64320 0.29244 0.64471 0.28729 0.64804 0.28750 0.65040 0.28973 0.67191 0.29129 0.69374 0.29137 0.71073 0.29643 0.72650 0.30925 0.73688 0.32139 0.73164 0.32816 0.72294 0.33389 0.71041 0.33807 0.70011 0.34899 0.68686
4 0.62505 0.56229 0.62579 0.58120 0.62522 0.59888 0.62444 0.61069 0.63047 0.61776 0.63696 0.62004 0.65422 0.62047 0.67367 0.61768 0.69428 0.61326 0.70112 0.60810 0.70580 0.59481 0.70713 0.56989 0.70681 0.54615 0.70160 0.50978 0.69629 0.48087 0.69354 0.46683 0.68405 0.44204 0.67362 0.42339 0.66645 0.41647 0.65680 0.40995 0.65091 0.41182 0.63959 0.41733 0.63033 0.42899 0.62280 0.44320 0.61657 0.45504 0.61425 0.46654 0.61554 0.49173 0.61822 0.51545 0.62285 0.54757 0.62505 0.56229
4 0.30678 0.60190 0.30894 0.61790 0.31252 0.62848 0.31584 0.63484 0.32444 0.63929 0.32990 0.64130 0.33369 0.64435 0.34090 0.64598 0.34649 0.64361 0.34836 0.64194 0.36803 0.63909 0.37987 0.63617 0.38922 0.63347 0.39291 0.63152 0.39619 0.62382 0.39558 0.61108 0.39238 0.59177 0.38924 0.56456 0.38671 0.53278 0.38428 0.51077 0.37971 0.50176 0.36693 0.48819 0.36093 0.47441 0.35255 0.45933 0.34455 0.45137 0.33950 0.44842 0.33003 0.44398 0.32119 0.44663 0.31243 0.45606 0.30830 0.47224 0.30408 0.49030 0.30212 0.50252 0.30288 0.51112 0.30302 0.52429 0.30369 0.55209 0.30517 0.58058 0.30678 0.60190
