4 0.59442 0.49482 0.59984 0.49313 0.60183 0.48992 0.61066 0.49012 0.61545 0.48808 0.61866 0.48332 0.62000 0.48184 0.62593 0.48677 0.64163 0.48312 0.65430 0.47840 0.66196 0.47301 0.67150 0.46084 0.67507 0.45027 0.67624 0.43149 0.67897 0.41569 0.67863 0.39656 0.67415 0.36888 0.67166 0.35504 0.66559 0.32288 0.66135 0.30908 0.65668 0.29978 0.64882 0.29354 0.64052 0.29068 0.62625 0.28980 0.61804 0.29257 0.60326 0.30559 0.59467 0.31512 0.58243 0.32996 0.57240 0.34290 0.56610 0.35463 0.55591 0.37282 0.55031 0.39543 0.54995 0.41832 0.55245 0.44641 0.55629 0.46585 0.56102 0.47890 0.56949 0.49151 0.57883 0.49660 0.58710 0.49720 0.59442 0.49482
4 0.68873 0.53533 0.69710 0.53753 0.70956 0.53496 0.71675 0.52885 0.72591 0.51618 0.72755 0.50078 0.72445 0.48234 0.72159 0.46806 0.71624 0.44991 0.71222 0.43826 0.70805 0.42843 0.70551 0.42248 0.70182 0.41968 0.69727 0.41768 0.69029 0.41597 0.68439 0.41608 0.67919 0.41669 0.67806 0.42166 0.67614 0.43107 0.67504 0.43813 0.67515 0.44438 0.67491 0.45063 0.67196 0.46059 0.66756 0.46692 0.67023 0.47078 0.67274 0.47542 0.67461 0.48295 0.67523 0.48841 0.67564 0.50195 0.67405 0.51083 0.67313 0.51762 0.67853 0.52847 0.68259 0.53231 0.68873 0.53533
4 0.80909 0.42768 0.80044 0.43054 0.79653 0.43015 0.79333 0.43561 0.79017 0.44377 0.78691 0.44653 0.78333 0.44749 0.77827 0.44983 0.77283 0.44812 0.76742 0.44732 0.76558 0.44510 0.76314 0.44289 0.75863 0.44252 0.75836 0.44432 0.76176 0.44967 0.76578 0.45680 0.76922 0.46440 0.78989 0.47934 0.80535 0.48853 0.81745 0.49372 0.82851 0.49127 0.83055 0.48764 0.83129 0.47862 0.82926 0.46560 0.82393 0.45218 0.81927 0.44326 0.80909 0.42768
4 0.18325 0.54475 0.18682 0.55016 0.19316 0.55526 0.20203 0.55615 0.20929 0.55394 0.21732 0.54650 0.22647 0.53331 0.23262 0.52748 0.24207 0.52132 0.25185 0.51489 0.25657 0.50648 0.26007 0.49808 0.26531 0.48965 0.27044 0.48513 0.27143 0.48199 0.26760 0.48127 0.26378 0.48186 0.25771 0.48196 0.25577 0.48070 0.24961 0.47611 0.24539 0.47280 0.24130 0.46766 0.23985 0.46430 0.23752 0.46017 0.23592 0.45759 0.23431 0.45528 0.23168 0.45350 0.22540 0.45205 0.21841 0.44982 0.21267 0.44940 0.20781 0.44949 0.20163 0.45350 0.19506 0.46508 0.19027 0.47950 0.18709 0.49596 0.18724 0.50456 0.18441 0.51190 0.18101 0.52603 0.18066 0.53594 0.18325 0.54475
4 0.19517 0.46570 0.20197 0.45395 0.20689 0.44937 0.22164 0.44873 0.23294 0.45154 0.23000 0.44034 0.22475 0.41191 0.21723 0.41092 0.21121 0.40990 0.20360 0.40365 0.19902 0.39923 0.19562 0.39104 0.17687 0.40600 0.16590 0.42195 0.15766 0.43710 0.15259 0.44769 0.15499 0.47053 0.16242 0.48091 0.17069 0.48151 0.18140 0.47907 0.19350 0.46986 0.19517 0.46570
4 0.24577 0.47274 0.25089 0.47760 0.25564 0.48091 0.26068 0.48134 0.26363 0.48129 0.26745 0.48096 0.27267 0.48139 0.27663 0.47950 0.27100 0.47517 0.26378 0.46956 0.25954 0.46573 0.25667 0.46057 0.25519 0.45512 0.25466 0.44471 0.25279 0.43719 0.24986 0.42864 0.24730 0.42113 0.24639 0.41880 0.24455 0.41310 0.24396 0.40868 0.24284 0.40427 0.24225 0.40063 0.23996 0.39859 0.23697 0.39630 0.23543 0.39763 0.23452 0.39556 0.23290 0.39220 0.23113 0.39015 0.22900 0.38784 0.22794 0.38682 0.22714 0.39048 0.22549 0.39572 0.22425 0.40434 0.22474 0.41214 0.22663 0.42097 0.22834 0.42954 0.23043 0.43966 0.23465 0.45261 0.24044 0.46580 0.24577 0.47274
4 0.44290 0.49538 0.45006 0.49310 0.46029 0.50102 0.47216 0.50028 0.48947 0.50159 0.50675 0.50262 0.51864 0.50162 0.52788 0.49444 0.53341 0.48084 0.53540 0.45055 0.53772 0.41864 0.53840 0.39539 0.53209 0.36417 0.51252 0.33642 0.48715 0.30661 0.46994 0.29070 0.46372 0.28541 0.45282 0.27965 0.44236 0.27876 0.43842 0.27991 0.42956 0.28817 0.42262 0.30341 0.41580 0.32514 0.40960 0.36198 0.40547 0.39393 0.40296 0.41504 0.40342 0.44151 0.40894 0.46896 0.41741 0.47962 0.43165 0.49072 0.44290 0.49538
4 0.77843 0.49878 0.77508 0.48886 0.77266 0.48325 0.77052 0.47656 0.76768 0.46315 0.76390 0.45388 0.76060 0.44742 0.75622 0.44490 0.75332 0.44451 0.74927 0.44502 0.74549 0.44400 0.74259 0.44340 0.74009 0.44170 0.73442 0.44028 0.72864 0.44038 0.72460 0.44154 0.72146 0.44376 0.72093 0.44660 0.71635 0.44950 0.71898 0.45901 0.72189 0.46829 0.72530 0.48148 0.73666 0.49387 0.74678 0.50954 0.75953 0.52712 0.76946 0.54019 0.77369 0.54229 0.77939 0.53720 0.78158 0.52956 0.78136 0.51697 0.78050 0.50939 0.77843 0.49878
4 0.25864 0.46392 0.26342 0.46905 0.26781 0.47184 0.27118 0.47568 0.27576 0.47925 0.28203 0.48071 0.28806 0.47774 0.29441 0.47320 0.29577 0.47171 0.29434 0.46943 0.29263 0.46285 0.28989 0.45295 0.28725 0.44127 0.28517 0.43115 0.28421 0.42596 0.28226 0.42417 0.27818 0.41877 0.27425 0.41310 0.26894 0.40720 0.26504 0.40258 0.26165 0.39769 0.25951 0.39434 0.25490 0.38869 0.25188 0.38510 0.25117 0.38433 0.24958 0.38253 0.24749 0.38205 0.24652 0.38623 0.24487 0.39121 0.24429 0.39773 0.24461 0.40659 0.24471 0.41231 0.24859 0.42554 0.25133 0.43304 0.25427 0.44237 0.25491 0.44939 0.25609 0.45693 0.25864 0.46392
4 0.63245 0.61629 0.63798 0.60630 0.64872 0.58587 0.65816 0.55868 0.66680 0.53826 0.67368 0.51923 0.67574 0.50088 0.67540 0.49158 0.67510 0.48380 0.67261 0.47592 0.67035 0.47083 0.66838 0.46820 0.66685 0.46724 0.66302 0.47244 0.66086 0.47412 0.65681 0.47695 0.64728 0.48152 0.63764 0.48453 0.62639 0.48645 0.61967 0.48289 0.61671 0.48727 0.61197 0.48954 0.60778 0.49047 0.60329 0.48969 0.59989 0.49386 0.59181 0.49596 0.58857 0.49810 0.58672 0.51168 0.58522 0.53542 0.58780 0.55335 0.59271 0.56603 0.59760 0.57766 0.60180 0.59703 0.60938 0.61849 0.61673 0.62694 0.62510 0.62452 0.63245 0.61629
4 0.82622 0.37633 0.83347 0.37711 0.83987 0.37772 0.84392 0.37476 0.84995 0.36778 0.85415 0.35992 0.85677 0.35101 0.85880 0.34283 0.85970 0.33196 0.86067 0.31874 0.86078 0.31114 0.85939 0.29380 0.85775 0.28279 0.85630 0.28245 0.84787 0.29743 0.84142 0.30786 0.83771 0.31607 0.83504 0.32208 0.83314 0.32392 0.83225 0.32846 0.82973 0.33611 0.83000 0.35130 0.82913 0.36362 0.82622 0.37633
4 0.84682 0.39751 0.83054 0.37982 0.82597 0.37677 0.82403 0.38488 0.81981 0.40215 0.81615 0.41159 0.81212 0.41948 0.81291 0.42467 0.81796 0.43527 0.81965 0.44253 0.82505 0.45338 0.83747 0.45864 0.85005 0.46311 0.85959 0.46242 0.86685 0.45995 0.87200 0.45673 0.87521 0.45172 0.87506 0.44287 0.86945 0.42968 0.85837 0.41242 0.84682 0.39751
4 0.19413 0.39001 0.19967 0.39877 0.20603 0.40518 0.21272 0.41027 0.22021 0.41170 0.22490 0.41136 0.22408 0.40434 0.22549 0.39572 0.22779 0.38812 0.22791 0.38473 0.22308 0.37700 0.22036 0.37028 0.21869 0.36405 0.21666 0.35757 0.21482 0.35135 0.21103 0.34334 0.20924 0.34025 0.20721 0.33351 0.20503 0.32781 0.20040 0.32138 0.19557 0.31365 0.19021 0.30489 0.18755 0.30181 0.18559 0.29871 0.17610 0.29263 0.17170 0.28906 0.16902 0.28468 0.16673 0.28289 0.16647 0.29800 0.16472 0.31705 0.16428 0.33191 0.16505 0.34597 0.16798 0.36467 0.17186 0.37790 0.17744 0.38900 0.18273 0.39386 0.19085 0.39137 0.19413 0.39001
4 0.41636 0.64550 0.42153 0.61525 0.42575 0.58186 0.42949 0.55523 0.43110 0.52684 0.43040 0.50389 0.42774 0.48909 0.42255 0.48467 0.41123 0.47181 0.40872 0.46601 0.40617 0.45750 0.40588 0.45107 0.40202 0.45352 0.39432 0.45235 0.38909 0.45199 0.38512 0.45660 0.37666 0.46044 0.37538 0.46267 0.37020 0.46339 0.36535 0.46717 0.36334 0.46896 0.35635 0.47448 0.35424 0.47736 0.35089 0.48480 0.34971 0.49135 0.34932 0.50171 0.35108 0.51654 0.35479 0.53988 0.36624 0.57705 0.37820 0.60880 0.38460 0.63165 0.39246 0.65177 0.39980 0.65975 0.40760 0.65961 0.41384 0.65590 0.41636 0.64550
4 0.26485 0.57271 0.26908 0.56590 0.27460 0.55908 0.27969 0.55204 0.28439 0.54762 0.28825 0.54473 0.29384 0.54159 0.29379 0.53877 0.29700 0.52395 0.30046 0.50630 0.30263 0.49780 0.30118 0.49599 0.29892 0.49326 0.29499 0.49142 0.29193 0.49017 0.29016 0.48993 0.28514 0.49094 0.27841 0.49309 0.27529 0.49046 0.27369 0.49027 0.27065 0.49011 0.26833 0.48971 0.26760 0.48951 0.26544 0.49020 0.26401 0.49109 0.26189 0.49438 0.25243 0.51626 0.24745 0.52959 0.24356 0.54694 0.24209 0.56225 0.24233 0.57614 0.24389 0.58219 0.24685 0.58583 0.25307 0.58572 0.25849 0.58107 0.26485 0.57271
4 0.57519 0.49550 0.56862 0.49076 0.56018 0.47751 0.55689 0.46871 0.55442 0.45730 0.55293 0.45030 0.55171 0.44016 0.55193 0.43389 0.54342 0.43328 0.54170 0.43407 0.53682 0.43313 0.53565 0.44644 0.53455 0.46180 0.53382 0.47980 0.52773 0.49401 0.52582 0.49604 0.52046 0.50078 0.51062 0.50236 0.50617 0.50319 0.51069 0.53499 0.51631 0.54732 0.52998 0.56707 0.54624 0.59109 0.55624 0.58606 0.56436 0.57673 0.57167 0.56202 0.58014 0.55215 0.58855 0.49743 0.57519 0.49550
4 0.32744 0.57617 0.33756 0.56731 0.34247 0.55811 0.34877 0.54563 0.35138 0.53776 0.35283 0.52949 0.35032 0.51064 0.34928 0.50046 0.34969 0.49111 0.35116 0.48392 0.35353 0.47867 0.35506 0.47495 0.35764 0.47339 0.35412 0.47085 0.34739 0.46705 0.34255 0.46323 0.33802 0.46049 0.33437 0.45882 0.33043 0.46518 0.32832 0.46891 0.32596 0.47459 0.32300 0.47899 0.31886 0.48253 0.31137 0.48440 0.30962 0.48378 0.30685 0.48253 0.30342 0.49344 0.29989 0.50675 0.29700 0.52373 0.29378 0.53855 0.29342 0.55115 0.29657 0.56543 0.30173 0.57098 0.30598 0.57373 0.31559 0.57682 0.32744 0.57617
4 0.79405 0.39597 0.79342 0.37223 0.79131 0.34663 0.78902 0.33510 0.78360 0.32268 0.77926 0.31307 0.76909 0.30325 0.76300 0.30146 0.75177 0.30229 0.74137 0.31560 0.72905 0.33801 0.72056 0.35348 0.71304 0.36425 0.70706 0.36779 0.70440 0.37033 0.70396 0.38161 0.70665 0.39218 0.71157 0.39960 0.71775 0.40699 0.73249 0.41550 0.73757 0.41676 0.74728 0.42571 0.75387 0.42993 0.76331 0.43194 0.76964 0.43769 0.77460 0.43978 0.77866 0.44035 0.78577 0.43307 0.79173 0.42602 0.79374 0.41708 0.79405 0.39597
4 0.30827 0.48238 0.31145 0.48416 0.31780 0.48277 0.32162 0.48090 0.32575 0.47558 0.32841 0.46867 0.33214 0.46155 0.33837 0.45165 0.34521 0.44091 0.35030 0.43434 0.35674 0.42946 0.36097 0.42394 0.36422 0.41953 0.36791 0.41470 0.37152 0.40661 0.37271 0.40007 0.37307 0.39485 0.36499 0.38913 0.35436 0.37802 0.34156 0.36501 0.33296 0.35409 0.32191 0.34299 0.31724 0.34026 0.30868 0.33868 0.29755 0.34124 0.29039 0.34661 0.28310 0.35875 0.27939 0.37570 0.27900 0.39634 0.28376 0.42514 0.28969 0.45017 0.29427 0.46848 0.29710 0.47330 0.30215 0.47760 0.30827 0.48238
4 0.48882 0.62806 0.49207 0.59924 0.49307 0.58515 0.49551 0.56979 0.50196 0.55686 0.50966 0.54453 0.50956 0.52672 0.50624 0.50364 0.48390 0.50152 0.46991 0.49990 0.45972 0.50132 0.45422 0.49704 0.45061 0.49304 0.44356 0.49535 0.42888 0.48998 0.43277 0.50992 0.43701 0.53799 0.44314 0.55445 0.45312 0.57741 0.45896 0.60138 0.46455 0.62317 0.47081 0.63525 0.48044 0.63759 0.48454 0.63376 0.48882 0.62806
