4 0.59418 0.49152 0.59954 0.48965 0.60142 0.48637 0.61025 0.48626 0.61496 0.48406 0.61800 0.47918 0.61930 0.47766 0.62539 0.48239 0.64095 0.47819 0.65345 0.47303 0.66092 0.46738 0.67003 0.45488 0.67323 0.44419 0.67374 0.42539 0.67592 0.40950 0.67491 0.39039 0.66947 0.36288 0.66649 0.34914 0.65931 0.31721 0.65459 0.30356 0.64960 0.29443 0.64153 0.28847 0.63313 0.28590 0.61883 0.28553 0.61073 0.28858 0.59641 0.30210 0.58816 0.31193 0.57644 0.32719 0.56687 0.34047 0.56099 0.35241 0.55144 0.37094 0.54663 0.39374 0.54707 0.41662 0.55054 0.44461 0.55506 0.46391 0.56024 0.47678 0.56915 0.48909 0.57867 0.49385 0.58695 0.49417 0.59418 0.49152
4 0.68984 0.52872 0.69829 0.53062 0.71065 0.52763 0.71762 0.52126 0.72633 0.50829 0.72744 0.49284 0.72370 0.47451 0.72035 0.46034 0.71436 0.44240 0.70993 0.43089 0.70542 0.42122 0.70268 0.41536 0.69889 0.41269 0.69427 0.41084 0.68724 0.40939 0.68135 0.40970 0.67617 0.41049 0.67521 0.41550 0.67362 0.42497 0.67278 0.43206 0.67310 0.43830 0.67308 0.44456 0.67048 0.45461 0.66630 0.46109 0.66910 0.46485 0.67178 0.46941 0.67391 0.47686 0.67472 0.48230 0.67560 0.49582 0.67433 0.50475 0.67364 0.51157 0.67942 0.52222 0.68361 0.52592 0.68984 0.52872
4 0.80638 0.41694 0.79783 0.42009 0.79391 0.41985 0.79090 0.42541 0.78803 0.43368 0.78487 0.43655 0.78132 0.43764 0.77635 0.44015 0.77086 0.43863 0.76542 0.43802 0.76350 0.43587 0.76099 0.43375 0.75647 0.43353 0.75626 0.43534 0.75984 0.44057 0.76411 0.44755 0.76781 0.45502 0.78899 0.46924 0.80477 0.47788 0.81704 0.48264 0.82801 0.47981 0.82992 0.47611 0.83035 0.46707 0.82786 0.45413 0.82206 0.44091 0.81710 0.43215 0.80638 0.41694
4 0.18500 0.55578 0.18876 0.56106 0.19527 0.56593 0.20417 0.56651 0.21135 0.56405 0.21912 0.55634 0.22780 0.54284 0.23374 0.53679 0.24297 0.53031 0.25252 0.52354 0.25695 0.51497 0.26015 0.50645 0.26509 0.49785 0.27006 0.49315 0.27094 0.48997 0.26708 0.48939 0.26329 0.49011 0.25722 0.49043 0.25525 0.48923 0.24893 0.48487 0.24459 0.48170 0.24033 0.47671 0.23877 0.47340 0.23630 0.46936 0.23460 0.46684 0.23292 0.46458 0.23022 0.46289 0.22389 0.46166 0.21683 0.45968 0.21108 0.45946 0.20623 0.45971 0.20019 0.46395 0.19402 0.47575 0.18974 0.49032 0.18714 0.50688 0.18759 0.51547 0.18502 0.52291 0.18211 0.53715 0.18211 0.54706 0.18500 0.55578
4 0.19416 0.47636 0.20055 0.46438 0.20530 0.45963 0.22002 0.45848 0.23142 0.46089 0.22808 0.44980 0.22184 0.42157 0.21429 0.42084 0.20824 0.42003 0.20041 0.41406 0.19568 0.40980 0.19200 0.40173 0.17379 0.41733 0.16338 0.43365 0.15567 0.44908 0.15098 0.45985 0.15417 0.48259 0.16196 0.49270 0.17024 0.49302 0.18086 0.49021 0.19263 0.48057 0.19416 0.47636
4 0.24497 0.48163 0.25026 0.48631 0.25512 0.48945 0.26018 0.48970 0.26312 0.48955 0.26693 0.48909 0.27216 0.48934 0.27605 0.48731 0.27027 0.48317 0.26286 0.47782 0.25849 0.47414 0.25544 0.46908 0.25377 0.46369 0.25288 0.45330 0.25075 0.44585 0.24752 0.43741 0.24470 0.43000 0.24371 0.42770 0.24168 0.42207 0.24093 0.41767 0.23965 0.41331 0.23894 0.40969 0.23658 0.40773 0.23351 0.40554 0.23201 0.40692 0.23104 0.40489 0.22930 0.40159 0.22746 0.39960 0.22525 0.39737 0.22416 0.39638 0.22348 0.40007 0.22202 0.40536 0.22108 0.41402 0.22184 0.42180 0.22404 0.43056 0.22605 0.43906 0.22849 0.44910 0.23316 0.46190 0.23940 0.47488 0.24497 0.48163
4 0.44277 0.49738 0.44985 0.49485 0.46035 0.50241 0.47219 0.50125 0.48953 0.50196 0.50684 0.50239 0.51869 0.50097 0.52767 0.49347 0.53272 0.47969 0.53365 0.44935 0.53486 0.41737 0.53472 0.39412 0.52733 0.36313 0.50680 0.33608 0.48040 0.30717 0.46265 0.29188 0.45626 0.28680 0.44516 0.28144 0.43467 0.28090 0.43078 0.28219 0.42221 0.29075 0.41581 0.30623 0.40975 0.32819 0.40484 0.36522 0.40183 0.39729 0.40005 0.41848 0.40144 0.44492 0.40792 0.47216 0.41675 0.48252 0.43137 0.49311 0.44277 0.49738
4 0.77822 0.48907 0.77452 0.47926 0.77191 0.47375 0.76954 0.46713 0.76623 0.45383 0.76213 0.44470 0.75861 0.43836 0.75414 0.43599 0.75123 0.43571 0.74720 0.43635 0.74338 0.43546 0.74046 0.43496 0.73791 0.43336 0.73220 0.43214 0.72642 0.43244 0.72243 0.43374 0.71936 0.43607 0.71893 0.43892 0.71445 0.44198 0.71741 0.45139 0.72065 0.46057 0.72452 0.47363 0.73630 0.48561 0.74696 0.50092 0.76032 0.51805 0.77070 0.53077 0.77500 0.53271 0.78052 0.52742 0.78244 0.51971 0.78178 0.50714 0.78066 0.49959 0.77822 0.48907
4 0.25753 0.47236 0.26248 0.47732 0.26697 0.47996 0.27047 0.48368 0.27517 0.48709 0.28149 0.48833 0.28741 0.48515 0.29360 0.48039 0.29490 0.47885 0.29340 0.47663 0.29146 0.47011 0.28837 0.46031 0.28533 0.44874 0.28289 0.43869 0.28175 0.43353 0.27975 0.43181 0.27548 0.42656 0.27136 0.42104 0.26584 0.41532 0.26178 0.41084 0.25823 0.40607 0.25597 0.40280 0.25116 0.39731 0.24802 0.39383 0.24729 0.39308 0.24563 0.39134 0.24352 0.39093 0.24270 0.39515 0.24122 0.40018 0.24087 0.40672 0.24151 0.41556 0.24181 0.42128 0.24615 0.43435 0.24914 0.44176 0.25241 0.45098 0.25330 0.45798 0.25473 0.46547 0.25753 0.47236
4 0.63643 0.61160 0.64160 0.60142 0.65163 0.58062 0.66012 0.55313 0.66804 0.53242 0.67425 0.51315 0.67566 0.49474 0.67500 0.48546 0.67442 0.47770 0.67167 0.46991 0.66923 0.46490 0.66717 0.46235 0.66560 0.46144 0.66195 0.46677 0.65985 0.46852 0.65591 0.47149 0.64655 0.47639 0.63702 0.47973 0.62584 0.48204 0.61900 0.47872 0.61619 0.48320 0.61154 0.48563 0.60739 0.48671 0.60287 0.48609 0.59961 0.49038 0.59162 0.49276 0.58845 0.49501 0.58708 0.50865 0.58641 0.53242 0.58960 0.55025 0.59495 0.56275 0.60025 0.57421 0.60512 0.59342 0.61345 0.61460 0.62109 0.62279 0.62937 0.62008 0.63643 0.61160
4 0.82170 0.36502 0.82897 0.36555 0.83540 0.36594 0.83934 0.36283 0.84512 0.35564 0.84905 0.34765 0.85135 0.33865 0.85310 0.33041 0.85361 0.31951 0.85413 0.30626 0.85397 0.29866 0.85198 0.28138 0.84995 0.27043 0.84849 0.27015 0.84059 0.28542 0.83451 0.29606 0.83108 0.30439 0.82863 0.31050 0.82679 0.31240 0.82607 0.31697 0.82381 0.32470 0.82461 0.33987 0.82417 0.35222 0.82170 0.36502
4 0.84304 0.38547 0.82614 0.36835 0.82147 0.36547 0.81981 0.37364 0.81620 0.39105 0.81288 0.40061 0.80912 0.40863 0.81009 0.41380 0.81550 0.42421 0.81745 0.43141 0.82322 0.44206 0.83582 0.44688 0.84855 0.45091 0.85806 0.44989 0.86523 0.44717 0.87026 0.44377 0.87330 0.43866 0.87284 0.42981 0.86677 0.41683 0.85510 0.39996 0.84304 0.38547
4 0.19048 0.40075 0.19632 0.40932 0.20290 0.41549 0.20976 0.42035 0.21730 0.42152 0.22197 0.42101 0.22091 0.41403 0.22202 0.40536 0.22405 0.39769 0.22405 0.39430 0.21896 0.38674 0.21600 0.38011 0.21411 0.37395 0.21187 0.36755 0.20980 0.36140 0.20574 0.35352 0.20384 0.35049 0.20158 0.34383 0.19920 0.33821 0.19435 0.33195 0.18926 0.32439 0.18359 0.31582 0.18083 0.31283 0.17875 0.30981 0.16906 0.30406 0.16454 0.30064 0.16170 0.29636 0.15935 0.29465 0.15962 0.30977 0.15854 0.32887 0.15862 0.34373 0.15988 0.35775 0.16346 0.37634 0.16780 0.38942 0.17376 0.40033 0.17922 0.40499 0.18725 0.40223 0.19048 0.40075
4 0.42149 0.64833 0.42560 0.61792 0.42865 0.58440 0.43146 0.55766 0.43208 0.52923 0.43057 0.50632 0.42740 0.49161 0.42207 0.48738 0.41030 0.47493 0.40759 0.46921 0.40475 0.46080 0.40423 0.45438 0.40046 0.45697 0.39272 0.45606 0.38748 0.45589 0.38367 0.46064 0.37536 0.46477 0.37415 0.46704 0.36900 0.46794 0.36428 0.47189 0.36234 0.47375 0.35555 0.47951 0.35354 0.48246 0.35045 0.49001 0.34950 0.49660 0.34947 0.50697 0.35175 0.52172 0.35627 0.54492 0.36901 0.58167 0.38207 0.61298 0.38927 0.63560 0.39782 0.65543 0.40544 0.66315 0.41323 0.66274 0.41933 0.65881 0.42149 0.64833
4 0.26753 0.58087 0.27152 0.57392 0.27680 0.56691 0.28164 0.55970 0.28618 0.55511 0.28994 0.55209 0.29541 0.54876 0.29527 0.54594 0.29796 0.53102 0.30080 0.51326 0.30267 0.50469 0.30116 0.50293 0.29881 0.50028 0.29481 0.49858 0.29171 0.49744 0.28994 0.49726 0.28495 0.49844 0.27830 0.50083 0.27509 0.49831 0.27349 0.49817 0.27044 0.49812 0.26811 0.49780 0.26738 0.49762 0.26524 0.49839 0.26384 0.49933 0.26184 0.50270 0.25315 0.52489 0.24864 0.53839 0.24536 0.55587 0.24442 0.57121 0.24515 0.58509 0.24691 0.59108 0.25000 0.59461 0.25621 0.59429 0.26146 0.58945 0.26753 0.58087
4 0.57499 0.49288 0.56826 0.48837 0.55936 0.47542 0.55577 0.46674 0.55290 0.45542 0.55117 0.44848 0.54959 0.43840 0.54959 0.43212 0.54106 0.43181 0.53938 0.43265 0.53447 0.43189 0.53376 0.44523 0.53320 0.46062 0.53310 0.47864 0.52750 0.49305 0.52567 0.49514 0.52048 0.50007 0.51070 0.50199 0.50628 0.50298 0.51190 0.53459 0.51795 0.54672 0.53230 0.56598 0.54940 0.58942 0.55921 0.58404 0.56700 0.57444 0.57379 0.55948 0.58191 0.54932 0.58840 0.49435 0.57499 0.49288
4 0.33020 0.58215 0.34001 0.57294 0.34459 0.56357 0.35045 0.55088 0.35279 0.54293 0.35395 0.53461 0.35079 0.51586 0.34939 0.50572 0.34947 0.49637 0.35069 0.48913 0.35287 0.48380 0.35427 0.48003 0.35679 0.47838 0.35319 0.47595 0.34634 0.47240 0.34136 0.46875 0.33674 0.46617 0.33303 0.46462 0.32931 0.47112 0.32734 0.47492 0.32518 0.48068 0.32237 0.48518 0.31836 0.48887 0.31094 0.49100 0.30917 0.49043 0.30635 0.48928 0.30331 0.50030 0.30025 0.51373 0.29795 0.53080 0.29526 0.54573 0.29534 0.55833 0.29898 0.57248 0.30433 0.57785 0.30867 0.58045 0.31838 0.58320 0.33020 0.58215
4 0.79024 0.38577 0.78878 0.36207 0.78578 0.33655 0.78309 0.32511 0.77723 0.31289 0.77257 0.30344 0.76206 0.29397 0.75592 0.29240 0.74472 0.29362 0.73478 0.30729 0.72326 0.33011 0.71532 0.34588 0.70817 0.35690 0.70232 0.36064 0.69975 0.36328 0.69970 0.37456 0.70276 0.38503 0.70794 0.39228 0.71437 0.39944 0.72940 0.40744 0.73452 0.40852 0.74454 0.41712 0.75127 0.42112 0.76078 0.42279 0.76730 0.42832 0.77233 0.43023 0.77641 0.43067 0.78326 0.42313 0.78897 0.41588 0.79067 0.40688 0.79024 0.38577
4 0.30777 0.48908 0.31101 0.49075 0.31731 0.48914 0.32106 0.48714 0.32501 0.48168 0.32742 0.47468 0.33090 0.46743 0.33678 0.45732 0.34324 0.44635 0.34810 0.43960 0.35436 0.43450 0.35840 0.42884 0.36149 0.42432 0.36501 0.41937 0.36834 0.41115 0.36930 0.40457 0.36947 0.39934 0.36120 0.39391 0.35020 0.38318 0.33694 0.37062 0.32797 0.36001 0.31654 0.34930 0.31178 0.34673 0.30317 0.34545 0.29213 0.34840 0.28516 0.35402 0.27830 0.36640 0.27519 0.38347 0.27552 0.40411 0.28127 0.43273 0.28808 0.45754 0.29329 0.47568 0.29629 0.48040 0.30149 0.48452 0.30777 0.48908
4 0.49329 0.62837 0.49553 0.59946 0.49605 0.58534 0.49795 0.56991 0.50394 0.55676 0.51121 0.54417 0.51048 0.52637 0.50636 0.50342 0.48396 0.50209 0.46992 0.50095 0.45979 0.50273 0.45415 0.49864 0.45040 0.49477 0.44344 0.49733 0.42857 0.49247 0.43316 0.51226 0.43838 0.54016 0.44507 0.55640 0.45586 0.57900 0.46253 0.60275 0.46887 0.62433 0.47555 0.63619 0.48525 0.63818 0.48922 0.63422 0.49329 0.62837
