4 0.55337 0.44734 0.55688 0.46684 0.56138 0.47997 0.56963 0.49272 0.57888 0.49798 0.58713 0.49873 0.59450 0.49646 0.59995 0.49487 0.60199 0.49169 0.61082 0.49205 0.61564 0.49010 0.61893 0.48539 0.62030 0.48394 0.62614 0.48897 0.64190 0.48560 0.65465 0.48110 0.66240 0.47584 0.67216 0.46384 0.67591 0.45334 0.67741 0.43458 0.68041 0.41883 0.68041 0.39970 0.67641 0.37194 0.67416 0.35806 0.66866 0.32580 0.66466 0.31192 0.66015 0.30254 0.65240 0.29617 0.64415 0.29317 0.62990 0.29204 0.62164 0.29467 0.60664 0.30742 0.59789 0.31680 0.58538 0.33142 0.57513 0.34419 0.56863 0.35581 0.55812 0.37381 0.55212 0.39632 0.55137 0.41920 0.55337 0.44734
4 0.67540 0.49147 0.67558 0.50501 0.67384 0.51387 0.67280 0.52064 0.67801 0.53158 0.68200 0.53549 0.68808 0.53862 0.69641 0.54096 0.70892 0.53862 0.71621 0.53262 0.72559 0.52012 0.72750 0.50475 0.72472 0.48626 0.72212 0.47193 0.71708 0.45370 0.71326 0.44197 0.70927 0.43208 0.70683 0.42608 0.70319 0.42322 0.69867 0.42113 0.69173 0.41931 0.68582 0.41931 0.68061 0.41983 0.67940 0.42478 0.67731 0.43416 0.67610 0.44119 0.67610 0.44744 0.67575 0.45370 0.67263 0.46359 0.66811 0.46985 0.67071 0.47375 0.67315 0.47844 0.67488 0.48600 0.67540 0.49147
4 0.82861 0.49701 0.83071 0.49341 0.83162 0.48440 0.82981 0.47135 0.82471 0.45785 0.82021 0.44884 0.81031 0.43309 0.80161 0.43579 0.79770 0.43534 0.79440 0.44074 0.79110 0.44884 0.78780 0.45154 0.78420 0.45245 0.77910 0.45470 0.77370 0.45290 0.76830 0.45200 0.76650 0.44975 0.76410 0.44749 0.75959 0.44704 0.75929 0.44884 0.76260 0.45425 0.76650 0.46145 0.76980 0.46910 0.79020 0.48440 0.80551 0.49386 0.81751 0.49926 0.82861 0.49701
4 0.19068 0.47409 0.18720 0.49050 0.18720 0.49910 0.18425 0.50639 0.18060 0.52046 0.18008 0.53036 0.18251 0.53921 0.18599 0.54468 0.19224 0.54990 0.20110 0.55094 0.20839 0.54885 0.21655 0.54156 0.22593 0.52853 0.23218 0.52280 0.24173 0.51681 0.25163 0.51056 0.25650 0.50223 0.26014 0.49389 0.26553 0.48555 0.27073 0.48112 0.27178 0.47800 0.26796 0.47722 0.26414 0.47774 0.25806 0.47774 0.25615 0.47644 0.25007 0.47175 0.24590 0.46836 0.24191 0.46315 0.24052 0.45976 0.23826 0.45560 0.23670 0.45299 0.23514 0.45065 0.23253 0.44882 0.22628 0.44726 0.21933 0.44492 0.21360 0.44439 0.20874 0.44439 0.20249 0.44830 0.19571 0.45976 0.19068 0.47409
4 0.15356 0.44163 0.15556 0.46451 0.16281 0.47502 0.17106 0.47577 0.18181 0.47352 0.19407 0.46451 0.19582 0.46039 0.20282 0.44876 0.20782 0.44426 0.22258 0.44388 0.23383 0.44689 0.23108 0.43563 0.22633 0.40713 0.21882 0.40600 0.21282 0.40487 0.20532 0.39850 0.20082 0.39399 0.19757 0.38574 0.17856 0.40037 0.16731 0.41613 0.15881 0.43113 0.15356 0.44163
4 0.22631 0.40735 0.22805 0.41621 0.22961 0.42480 0.23152 0.43496 0.23552 0.44799 0.24108 0.46127 0.24628 0.46831 0.25132 0.47326 0.25601 0.47665 0.26105 0.47717 0.26400 0.47717 0.26782 0.47690 0.27303 0.47743 0.27702 0.47560 0.27146 0.47117 0.26434 0.46544 0.26018 0.46153 0.25740 0.45633 0.25601 0.45085 0.25566 0.44044 0.25393 0.43288 0.25115 0.42428 0.24872 0.41673 0.24785 0.41439 0.24611 0.40866 0.24559 0.40423 0.24455 0.39980 0.24403 0.39615 0.24177 0.39407 0.23882 0.39172 0.23725 0.39303 0.23639 0.39094 0.23482 0.38755 0.23308 0.38547 0.23100 0.38313 0.22996 0.38209 0.22909 0.38573 0.22735 0.39094 0.22597 0.39954 0.22631 0.40735
4 0.40734 0.39230 0.40446 0.41336 0.40446 0.43983 0.40950 0.46738 0.41778 0.47818 0.43183 0.48952 0.44299 0.49439 0.45019 0.49223 0.46027 0.50033 0.47216 0.49979 0.48944 0.50141 0.50671 0.50274 0.51861 0.50195 0.52797 0.49493 0.53374 0.48143 0.53626 0.45118 0.53914 0.41931 0.54022 0.39608 0.53445 0.36475 0.51537 0.33666 0.49052 0.30641 0.47360 0.29021 0.46748 0.28480 0.45667 0.27887 0.44623 0.27778 0.44227 0.27887 0.43327 0.28697 0.42606 0.30209 0.41886 0.32370 0.41202 0.36043 0.40734 0.39230
4 0.76872 0.54489 0.77291 0.54706 0.77870 0.54207 0.78102 0.53447 0.78102 0.52188 0.78029 0.51428 0.77841 0.50364 0.77523 0.49366 0.77291 0.48802 0.77089 0.48129 0.76828 0.46783 0.76466 0.45849 0.76148 0.45198 0.75714 0.44938 0.75425 0.44894 0.75019 0.44938 0.74643 0.44829 0.74354 0.44764 0.74108 0.44590 0.73543 0.44438 0.72964 0.44438 0.72559 0.44547 0.72241 0.44764 0.72183 0.45046 0.71720 0.45328 0.71966 0.46283 0.72241 0.47217 0.72559 0.48541 0.73673 0.49800 0.74657 0.51385 0.75902 0.53165 0.76872 0.54489
4 0.24628 0.40787 0.24993 0.42116 0.25253 0.42871 0.25531 0.43809 0.25584 0.44512 0.25688 0.45268 0.25931 0.45971 0.26400 0.46492 0.26834 0.46779 0.27164 0.47169 0.27615 0.47534 0.28240 0.47690 0.28848 0.47404 0.29491 0.46961 0.29629 0.46815 0.29490 0.46584 0.29331 0.45924 0.29074 0.44929 0.28831 0.43757 0.28640 0.42741 0.28553 0.42220 0.28362 0.42038 0.27963 0.41491 0.27581 0.40918 0.27060 0.40319 0.26678 0.39850 0.26348 0.39355 0.26139 0.39016 0.25688 0.38443 0.25393 0.38078 0.25323 0.38000 0.25167 0.37818 0.24958 0.37766 0.24854 0.38182 0.24680 0.38677 0.24611 0.39329 0.24628 0.40214 0.24628 0.40787
4 0.59154 0.56763 0.59623 0.57936 0.60009 0.59879 0.60729 0.62038 0.61450 0.62896 0.62290 0.62669 0.63041 0.61859 0.63610 0.60869 0.64720 0.58845 0.65712 0.56143 0.66611 0.54117 0.67332 0.52226 0.67570 0.50395 0.67553 0.49464 0.67535 0.48686 0.67301 0.47894 0.67084 0.47380 0.66891 0.47115 0.66740 0.47016 0.66347 0.47529 0.66128 0.47693 0.65719 0.47969 0.64758 0.48410 0.63789 0.48693 0.62660 0.48865 0.61995 0.48498 0.61691 0.48930 0.61214 0.49149 0.60793 0.49235 0.60345 0.49149 0.59998 0.49561 0.59187 0.49756 0.58859 0.49965 0.58650 0.51319 0.58459 0.53690 0.58685 0.55487 0.59154 0.56763
4 0.83809 0.32795 0.83616 0.32976 0.83520 0.33429 0.83254 0.34189 0.83254 0.35708 0.83146 0.36938 0.82832 0.38205 0.83556 0.38295 0.84195 0.38367 0.84605 0.38078 0.85220 0.37390 0.85654 0.36613 0.85932 0.35726 0.86149 0.34912 0.86257 0.33827 0.86378 0.32506 0.86402 0.31746 0.86293 0.30010 0.86149 0.28906 0.86004 0.28870 0.85136 0.30354 0.84472 0.31385 0.84087 0.32199 0.83809 0.32795
4 0.86749 0.46635 0.87270 0.46323 0.87600 0.45828 0.87600 0.44942 0.87062 0.43614 0.85985 0.41868 0.84856 0.40358 0.83258 0.38560 0.82807 0.38248 0.82598 0.39055 0.82147 0.40774 0.81765 0.41712 0.81348 0.42494 0.81418 0.43015 0.81904 0.44082 0.82060 0.44812 0.82581 0.45906 0.83814 0.46453 0.85065 0.46922 0.86020 0.46870 0.86749 0.46635
4 0.16779 0.34015 0.17039 0.35890 0.17404 0.37219 0.17943 0.38339 0.18463 0.38834 0.19280 0.38599 0.19610 0.38469 0.20148 0.39355 0.20773 0.40006 0.21433 0.40527 0.22180 0.40683 0.22649 0.40657 0.22579 0.39954 0.22735 0.39094 0.22979 0.38339 0.22996 0.38000 0.22527 0.37219 0.22267 0.36541 0.22110 0.35916 0.21919 0.35265 0.21746 0.34640 0.21381 0.33832 0.21207 0.33520 0.21016 0.32842 0.20808 0.32269 0.20356 0.31618 0.19887 0.30837 0.19366 0.29951 0.19106 0.29638 0.18915 0.29326 0.17977 0.28701 0.17543 0.28336 0.17283 0.27893 0.17057 0.27710 0.17005 0.29222 0.16796 0.31123 0.16727 0.32608 0.16779 0.34015
4 0.37632 0.60666 0.38232 0.62962 0.38983 0.64987 0.39703 0.65797 0.40483 0.65797 0.41113 0.65438 0.41383 0.64402 0.41953 0.61386 0.42433 0.58055 0.42854 0.55399 0.43064 0.52564 0.43034 0.50268 0.42794 0.48783 0.42283 0.48332 0.41173 0.47027 0.40933 0.46442 0.40693 0.45587 0.40675 0.44943 0.40285 0.45181 0.39517 0.45051 0.38995 0.45006 0.38589 0.45460 0.37737 0.45830 0.37605 0.46050 0.37086 0.46113 0.36594 0.46482 0.36390 0.46658 0.35682 0.47198 0.35465 0.47482 0.35118 0.48220 0.34988 0.48872 0.34931 0.49908 0.35082 0.51393 0.35412 0.53734 0.36492 0.57470 0.37632 0.60666
4 0.24105 0.55774 0.24105 0.57163 0.24249 0.57771 0.24539 0.58140 0.25161 0.58140 0.25711 0.57684 0.26362 0.56859 0.26796 0.56186 0.27361 0.55513 0.27882 0.54819 0.28359 0.54385 0.28750 0.54102 0.29314 0.53799 0.29314 0.53516 0.29662 0.52040 0.30038 0.50282 0.30270 0.49435 0.30128 0.49252 0.29907 0.48975 0.29517 0.48784 0.29213 0.48654 0.29037 0.48627 0.28533 0.48719 0.27856 0.48923 0.27549 0.48654 0.27390 0.48632 0.27086 0.48610 0.26854 0.48567 0.26782 0.48545 0.26565 0.48610 0.26420 0.48697 0.26203 0.49023 0.25219 0.51194 0.24698 0.52518 0.24278 0.54246 0.24105 0.55774
4 0.54465 0.59189 0.55473 0.58703 0.56301 0.57784 0.57057 0.56326 0.57922 0.55354 0.58858 0.49898 0.57526 0.49682 0.56877 0.49196 0.56056 0.47856 0.55743 0.46970 0.55516 0.45825 0.55379 0.45123 0.55275 0.44107 0.55307 0.43481 0.54457 0.43405 0.54285 0.43481 0.53798 0.43378 0.53658 0.44707 0.53521 0.46241 0.53417 0.48040 0.52783 0.49450 0.52588 0.49649 0.52045 0.50114 0.51058 0.50254 0.50611 0.50330 0.51008 0.53517 0.51548 0.54759 0.52880 0.56758 0.54465 0.59189
4 0.29314 0.53495 0.29256 0.54754 0.29546 0.56186 0.30053 0.56751 0.30472 0.57033 0.31427 0.57359 0.32614 0.57315 0.33641 0.56447 0.34148 0.55535 0.34799 0.54298 0.35074 0.53516 0.35233 0.52692 0.35016 0.50803 0.34930 0.49783 0.34987 0.48849 0.35147 0.48133 0.35392 0.47612 0.35552 0.47243 0.35812 0.47091 0.35465 0.46830 0.34799 0.46440 0.34322 0.46049 0.33873 0.45767 0.33511 0.45593 0.33106 0.46223 0.32889 0.46592 0.32643 0.47156 0.32339 0.47590 0.31919 0.47937 0.31167 0.48111 0.30993 0.48046 0.30718 0.47916 0.30356 0.49001 0.29980 0.50325 0.29662 0.52019 0.29314 0.53495
4 0.77069 0.44241 0.77560 0.44458 0.77966 0.44523 0.78689 0.43806 0.79297 0.43112 0.79514 0.42222 0.79582 0.40112 0.79560 0.37737 0.79394 0.35173 0.79186 0.34016 0.78665 0.32766 0.78248 0.31798 0.77248 0.30797 0.76643 0.30608 0.75518 0.30671 0.74455 0.31984 0.73184 0.34203 0.72309 0.35735 0.71537 0.36799 0.70934 0.37142 0.70663 0.37392 0.70600 0.38519 0.70850 0.39580 0.71329 0.40331 0.71934 0.41080 0.73392 0.41957 0.73899 0.42092 0.74854 0.43003 0.75505 0.43438 0.76446 0.43655 0.77069 0.44241
4 0.28084 0.39249 0.28510 0.42138 0.29060 0.44651 0.29485 0.46489 0.29760 0.46977 0.30257 0.47416 0.30860 0.47903 0.31175 0.48087 0.31813 0.47959 0.32198 0.47779 0.32621 0.47254 0.32898 0.46568 0.33283 0.45863 0.33924 0.44883 0.34626 0.43822 0.35146 0.43173 0.35799 0.42697 0.36232 0.42153 0.36564 0.41718 0.36942 0.41241 0.37317 0.40439 0.37447 0.39786 0.37492 0.39265 0.36694 0.38679 0.35652 0.37550 0.34394 0.36226 0.33554 0.35120 0.32468 0.33990 0.32005 0.33709 0.31153 0.33536 0.30035 0.33773 0.29310 0.34298 0.28560 0.35498 0.28159 0.37186 0.28084 0.39249
4 0.45178 0.57658 0.45720 0.60065 0.46241 0.62253 0.46845 0.63472 0.47804 0.63722 0.48221 0.63347 0.48658 0.62785 0.49033 0.59909 0.49158 0.58502 0.49429 0.56970 0.50096 0.55689 0.50888 0.54470 0.50909 0.52688 0.50617 0.50375 0.48387 0.50124 0.46991 0.49937 0.45970 0.50062 0.45428 0.49624 0.45074 0.49218 0.44365 0.49437 0.42907 0.48874 0.43261 0.50875 0.43636 0.53688 0.44220 0.55345 0.45178 0.57658
