1 0.72005 0.30865 0.72321 0.30037 0.72364 0.29019 0.71368 0.30065 0.70279 0.30703 0.68903 0.31002 0.67878 0.31298 0.66941 0.31472 0.66968 0.31729 0.67738 0.31878 0.69723 0.31628 0.70847 0.31322 0.72005 0.30865
1 0.64735 0.30574 0.65198 0.30673 0.66054 0.30206 0.66294 0.29616 0.65941 0.29130 0.65632 0.29539 0.64807 0.30303 0.64735 0.30574
4 0.51311 0.44778 0.50123 0.43999 0.48085 0.44213 0.47316 0.45989 0.45895 0.46575 0.44728 0.46961 0.44642 0.47573 0.45861 0.48650 0.46750 0.48971 0.48162 0.49011 0.49806 0.48875 0.51768 0.48406 0.54024 0.47867 0.54267 0.46825 0.54112 0.44635 0.52599 0.44116 0.51311 0.44778
4 0.59331 0.38331 0.59933 0.38268 0.60518 0.38621 0.61047 0.38867 0.61225 0.39601 0.62184 0.39161 0.64079 0.38058 0.64993 0.37623 0.65700 0.37172 0.65308 0.34879 0.65270 0.33075 0.64175 0.31797 0.62995 0.31092 0.61519 0.30871 0.60091 0.31209 0.59091 0.31691 0.58143 0.32243 0.57183 0.33624 0.56279 0.35075 0.55561 0.35941 0.54674 0.37503 0.54669 0.38407 0.55557 0.39255 0.56583 0.39449 0.57617 0.39190 0.58453 0.38537 0.59331 0.38331
4 0.73775 0.31918 0.74705 0.30238 0.75217 0.28414 0.74919 0.27015 0.73552 0.26447 0.71595 0.25522 0.69585 0.25052 0.68012 0.24916 0.66294 0.24833 0.64510 0.26037 0.62930 0.27751 0.62490 0.29304 0.62576 0.30120 0.63362 0.30907 0.64915 0.32284 0.65606 0.33119 0.67944 0.33363 0.70454 0.33321 0.72668 0.32866 0.73775 0.31918
4 0.64463 0.44533 0.66583 0.43181 0.68400 0.41860 0.69489 0.40691 0.69087 0.39264 0.68415 0.38130 0.67785 0.37443 0.65835 0.37497 0.64653 0.37735 0.63032 0.38620 0.61906 0.39341 0.61341 0.39702 0.61254 0.40314 0.61276 0.41479 0.61060 0.42292 0.60960 0.43734 0.60790 0.44505 0.62217 0.45221 0.64463 0.44533
4 0.25883 0.41297 0.26685 0.40799 0.27133 0.39320 0.26866 0.37729 0.26006 0.36728 0.24693 0.36188 0.22993 0.35801 0.22078 0.35709 0.20322 0.35743 0.18838 0.35975 0.17282 0.36477 0.17019 0.36844 0.16750 0.38115 0.16604 0.39109 0.17467 0.40148 0.19008 0.41417 0.20323 0.42447 0.21050 0.42912 0.21865 0.42774 0.22758 0.41701 0.24342 0.41459 0.25883 0.41297
1 0.18286 0.26222 0.20130 0.26066 0.20989 0.25637 0.21818 0.24910 0.21331 0.24584 0.20222 0.24550 0.18975 0.24643 0.18197 0.24424 0.17872 0.24195 0.17592 0.23923 0.17361 0.23646 0.16900 0.22602 0.16516 0.23734 0.16666 0.24208 0.15630 0.24393 0.17089 0.24879 0.16917 0.25161 0.16873 0.25693 0.16211 0.25612 0.14856 0.25641 0.14585 0.25933 0.15245 0.26467 0.16064 0.26606 0.16899 0.26895 0.17175 0.27130 0.17618 0.27046 0.17812 0.26498 0.18286 0.26222
4 0.24015 0.35958 0.25527 0.36477 0.26110 0.36754 0.26597 0.35649 0.27498 0.35140 0.28017 0.34332 0.27723 0.32969 0.27085 0.31681 0.26332 0.30743 0.24796 0.30001 0.23775 0.29844 0.22504 0.29714 0.21249 0.29733 0.19547 0.29799 0.18174 0.30132 0.17268 0.30604 0.16144 0.32341 0.15783 0.33697 0.15634 0.35144 0.16016 0.36384 0.16629 0.36960 0.17332 0.36472 0.18349 0.36101 0.20020 0.35737 0.22223 0.35656 0.24015 0.35958
4 0.44728 0.46961 0.45600 0.46644 0.46281 0.46422 0.46027 0.45921 0.45603 0.44760 0.45391 0.44180 0.44324 0.44066 0.42285 0.44281 0.40445 0.44474 0.38900 0.44599 0.37951 0.44661 0.36922 0.44920 0.35933 0.45551 0.36345 0.46600 0.37174 0.47793 0.39434 0.48964 0.42017 0.48903 0.42774 0.48937 0.44373 0.48844 0.45173 0.48798 0.44804 0.48158 0.44187 0.47545 0.44728 0.46961
1 0.74695 0.19962 0.74908 0.19597 0.74912 0.19148 0.74405 0.18637 0.73699 0.19573 0.73001 0.20102 0.71784 0.20001 0.71524 0.20404 0.72150 0.20568 0.73049 0.21039 0.73724 0.21194 0.74221 0.21142 0.74383 0.20820 0.74695 0.19962
4 0.56959 0.39914 0.55630 0.41146 0.55099 0.41352 0.54055 0.41462 0.53534 0.41291 0.52674 0.41720 0.52488 0.42342 0.52506 0.43470 0.52702 0.43901 0.53074 0.44088 0.53917 0.44452 0.54469 0.44921 0.54470 0.45410 0.54606 0.46225 0.56298 0.46536 0.58041 0.45901 0.59207 0.45515 0.60386 0.44299 0.61014 0.43103 0.61321 0.40284 0.60874 0.38900 0.59901 0.38249 0.58463 0.38438 0.56959 0.39914
4 0.28503 0.42302 0.27499 0.41843 0.26197 0.41415 0.25282 0.41323 0.23542 0.41506 0.22774 0.41850 0.22314 0.43216 0.22527 0.44286 0.24236 0.45236 0.26183 0.46538 0.28158 0.47159 0.30048 0.46960 0.29819 0.45742 0.29158 0.44229 0.29032 0.43038 0.28503 0.42302
4 0.12704 0.30707 0.13324 0.30867 0.14129 0.31348 0.15354 0.31520 0.15977 0.31229 0.16817 0.30613 0.17249 0.30417 0.18357 0.29962 0.20541 0.29695 0.22240 0.29591 0.23755 0.29658 0.24593 0.29495 0.25282 0.28405 0.25530 0.26459 0.24768 0.24468 0.23744 0.23333 0.22295 0.22468 0.21135 0.21950 0.20085 0.21533 0.19080 0.22015 0.18663 0.21871 0.17376 0.21102 0.16282 0.21217 0.15054 0.21497 0.13938 0.21878 0.13361 0.22127 0.12100 0.23050 0.11598 0.24007 0.10901 0.25511 0.10791 0.25899 0.10905 0.26979 0.11377 0.27645 0.11798 0.27827 0.11986 0.28184 0.11756 0.29338 0.12049 0.30211 0.12704 0.30707
4 0.35846 0.46163 0.36070 0.45423 0.36678 0.44983 0.37810 0.44751 0.38808 0.44684 0.38804 0.44647 0.37678 0.43974 0.36449 0.43764 0.35415 0.43496 0.34393 0.43340 0.33899 0.42940 0.33132 0.42343 0.32393 0.42006 0.31520 0.41835 0.30854 0.41716 0.30212 0.41821 0.29183 0.42080 0.29092 0.42165 0.29112 0.42841 0.29145 0.43628 0.29511 0.44720 0.30019 0.46210 0.31063 0.47531 0.32752 0.48295 0.34429 0.48458 0.36062 0.48211 0.36623 0.47813 0.36032 0.46972 0.35846 0.46163
4 0.77971 0.26393 0.79191 0.24607 0.80303 0.22758 0.80570 0.20508 0.80445 0.17885 0.79841 0.16442 0.77589 0.15591 0.75730 0.15598 0.72426 0.16209 0.70937 0.16399 0.69554 0.17109 0.67749 0.19073 0.66439 0.21429 0.65980 0.23288 0.66483 0.24248 0.67549 0.24818 0.70128 0.24957 0.71698 0.25546 0.74417 0.26544 0.75756 0.26851 0.77971 0.26393
