4 0.15689 1.00000 0.16603 0.99632 0.17336 0.98768 0.18093 0.97199 0.18627 0.95537 0.18958 0.92536 0.19088 0.89224 0.18831 0.86588 0.18720 0.84485 0.18454 0.82229 0.18154 0.80517 0.17351 0.78841 0.16523 0.78357 0.15785 0.78138 0.14817 0.78747 0.13389 0.79497 0.12323 0.79734 0.11217 0.79920 0.10239 0.79880 0.08555 0.77994 0.07672 0.76215 0.07326 0.75914 0.06428 0.75977 0.05078 0.76288 0.03809 0.76214 0.03070 0.76482 0.02206 0.77030 0.01805 0.77491 0.03154 0.96782 0.04155 0.98715 0.05046 0.99573 0.05399 1.00000 0.15689 1.00000
4 0.80588 0.39825 0.81985 0.39013 0.83210 0.38250 0.84065 0.37213 0.84743 0.36150 0.85576 0.34437 0.85981 0.33055 0.86065 0.31395 0.86015 0.28879 0.85653 0.26573 0.85141 0.24278 0.84354 0.22339 0.83364 0.20378 0.82015 0.18762 0.81431 0.18152 0.80725 0.17731 0.79846 0.17898 0.79514 0.18128 0.78818 0.18857 0.78213 0.19422 0.77793 0.19658 0.77378 0.19925 0.77475 0.21561 0.77409 0.22870 0.77077 0.23833 0.76826 0.24505 0.76371 0.24955 0.76081 0.25287 0.75574 0.25740 0.75060 0.26144 0.74059 0.26240 0.73769 0.26313 0.73000 0.26330 0.72625 0.27785 0.72067 0.29478 0.71837 0.30848 0.71960 0.32607 0.73059 0.35425 0.74878 0.38494 0.76458 0.39926 0.77683 0.40592 0.78849 0.40774 0.80588 0.39825
4 0.38095 0.15239 0.38803 0.15027 0.39198 0.15000 0.40393 0.15566 0.40999 0.16498 0.41733 0.17692 0.42428 0.18348 0.43646 0.18208 0.44427 0.17504 0.45233 0.15607 0.45540 0.13798 0.45650 0.12275 0.45915 0.11931 0.46337 0.11252 0.46672 0.09333 0.46213 0.07416 0.45276 0.05370 0.44599 0.03955 0.43758 0.02769 0.43145 0.02270 0.42365 0.01945 0.41595 0.01783 0.40665 0.01902 0.39280 0.02757 0.38217 0.04076 0.37517 0.06454 0.37127 0.09134 0.36713 0.10950 0.36434 0.12648 0.36547 0.14265 0.37186 0.15140 0.38095 0.15239
4 0.28411 0.21138 0.29308 0.21482 0.30420 0.21043 0.31851 0.20853 0.32559 0.21074 0.33600 0.21768 0.34785 0.22362 0.35809 0.22381 0.36819 0.21769 0.37617 0.21126 0.38023 0.20060 0.38271 0.18869 0.38634 0.18032 0.38785 0.16758 0.38691 0.15411 0.38526 0.15197 0.37259 0.15150 0.36600 0.14338 0.36361 0.12640 0.36653 0.11221 0.36847 0.10125 0.36036 0.09279 0.35256 0.08025 0.34678 0.07073 0.34314 0.06602 0.34073 0.06168 0.33566 0.05797 0.32493 0.06368 0.31188 0.07497 0.30282 0.08734 0.29562 0.11356 0.29058 0.12745 0.28302 0.15280 0.27516 0.17365 0.27351 0.19317 0.27778 0.20686 0.28411 0.21138
4 0.72252 0.26187 0.73806 0.26297 0.75005 0.26119 0.75997 0.25360 0.76774 0.24523 0.77333 0.23262 0.77476 0.22312 0.77469 0.20714 0.77256 0.19162 0.76820 0.17720 0.76204 0.16071 0.75205 0.13446 0.74694 0.12103 0.74019 0.10521 0.73643 0.09325 0.72550 0.07740 0.71761 0.06918 0.70828 0.06419 0.70371 0.06451 0.69703 0.06467 0.68841 0.06684 0.67941 0.06966 0.67365 0.08291 0.66802 0.09803 0.66507 0.10952 0.67128 0.12068 0.67293 0.13529 0.67250 0.14409 0.66962 0.14774 0.64967 0.15822 0.64735 0.16089 0.64542 0.16918 0.64322 0.18249 0.64566 0.20551 0.64972 0.22465 0.65879 0.24376 0.67070 0.25577 0.68242 0.25903 0.69816 0.26012 0.70983 0.25962 0.72252 0.26187
4 0.20410 0.22059 0.20722 0.23075 0.21662 0.24904 0.22590 0.25697 0.22863 0.27031 0.23946 0.28309 0.25241 0.28760 0.25969 0.28845 0.26848 0.28512 0.27860 0.27494 0.28605 0.26539 0.29310 0.25858 0.30492 0.24693 0.31211 0.23785 0.31507 0.22862 0.30914 0.21685 0.30490 0.21218 0.29541 0.21420 0.28547 0.21400 0.27778 0.20731 0.27380 0.19766 0.27328 0.18597 0.27530 0.17184 0.28189 0.15423 0.28937 0.13205 0.29485 0.11587 0.28427 0.10217 0.27313 0.09348 0.26218 0.08747 0.25465 0.08304 0.24718 0.07950 0.23206 0.07830 0.22607 0.07872 0.22003 0.08275 0.21469 0.08809 0.20687 0.09676 0.20134 0.10797 0.19760 0.11906 0.19515 0.13142 0.19255 0.15010 0.19226 0.17178 0.19550 0.19231 0.19996 0.20869 0.20410 0.22059
1 0.16967 0.56233 0.16972 0.56381 0.16997 0.56511 0.17092 0.56551 0.17168 0.56466 0.17164 0.56346 0.17137 0.56255 0.17104 0.56224 0.17047 0.56200 0.16967 0.56233
4 0.83725 0.75445 0.84395 0.75723 0.85482 0.75268 0.86885 0.75711 0.89101 0.76422 0.91007 0.76831 0.92124 0.76807 0.92996 0.76367 0.94310 0.75030 0.94914 0.72821 0.95299 0.70574 0.95808 0.69077 0.96795 0.65651 0.97330 0.62960 0.97334 0.59928 0.96614 0.56350 0.95312 0.52028 0.94390 0.50360 0.93829 0.48785 0.92531 0.47409 0.91604 0.47062 0.90842 0.47261 0.89771 0.47753 0.89480 0.48602 0.88942 0.50253 0.88520 0.51339 0.87586 0.52341 0.86900 0.52952 0.84972 0.54029 0.84596 0.54391 0.82587 0.54721 0.81711 0.54744 0.80509 0.54752 0.79974 0.54265 0.79469 0.53813 0.78430 0.55997 0.78087 0.58837 0.78089 0.61436 0.78472 0.63958 0.78829 0.65725 0.79550 0.68914 0.80857 0.72071 0.81430 0.73222 0.82858 0.74910 0.83725 0.75445
1 0.86011 0.86778 0.86035 0.87123 0.86067 0.87330 0.86184 0.87440 0.86280 0.87415 0.86293 0.87259 0.86318 0.87003 0.86316 0.86812 0.86267 0.86715 0.86117 0.86653 0.86011 0.86778
4 0.55634 0.13035 0.55653 0.13910 0.56001 0.15296 0.56733 0.17094 0.57286 0.18434 0.58076 0.18974 0.58891 0.19575 0.59746 0.19860 0.60951 0.19462 0.61285 0.19157 0.61888 0.18520 0.62650 0.17464 0.63230 0.16796 0.64716 0.15940 0.65785 0.15395 0.66863 0.14975 0.67256 0.14321 0.67314 0.13346 0.67152 0.12229 0.66620 0.11201 0.66136 0.10545 0.65426 0.09655 0.64272 0.08388 0.63835 0.07823 0.63511 0.07063 0.62791 0.05734 0.62049 0.04689 0.61065 0.03755 0.60044 0.03200 0.59332 0.02874 0.58930 0.02808 0.58138 0.02832 0.57515 0.03189 0.57194 0.04277 0.56761 0.05842 0.56295 0.06659 0.55705 0.08078 0.56042 0.08713 0.56590 0.09677 0.56711 0.11110 0.56557 0.12186 0.56252 0.12615 0.55634 0.13035
4 0.84492 0.54360 0.86920 0.52874 0.88559 0.51217 0.88893 0.50254 0.89603 0.48212 0.89929 0.47136 0.90186 0.43282 0.90285 0.40756 0.90020 0.38406 0.89505 0.36411 0.88680 0.34664 0.88215 0.34140 0.87582 0.33616 0.86813 0.33411 0.86060 0.33614 0.85734 0.33941 0.85603 0.34364 0.85111 0.35421 0.84797 0.36097 0.84315 0.36872 0.84036 0.37260 0.83378 0.38002 0.83235 0.38252 0.82527 0.38693 0.80936 0.39609 0.79431 0.40500 0.78915 0.40795 0.77846 0.40630 0.77475 0.40528 0.76523 0.40004 0.76062 0.39604 0.75823 0.39737 0.75380 0.40934 0.75208 0.42412 0.75342 0.44696 0.76119 0.47913 0.77433 0.50567 0.79096 0.53195 0.80005 0.54373 0.80630 0.54705 0.82662 0.54713 0.84492 0.54360
4 1.00000 0.72264 0.98944 0.71868 0.97788 0.71836 0.95935 0.72229 0.95279 0.72877 0.94598 0.73902 0.94405 0.75081 0.93698 0.75732 0.92947 0.76462 0.92075 0.76899 0.90945 0.76865 0.88270 0.76262 0.86364 0.75531 0.86039 0.75553 0.85318 0.77070 0.84747 0.79667 0.84864 0.83118 0.85411 0.87367 0.86252 0.91144 0.86896 0.93543 0.88505 0.95762 0.90346 0.96987 0.91434 0.97225 0.99093 0.96689 1.00000 0.95995 1.00000 0.72264
4 0.04290 0.67024 0.05213 0.69396 0.06332 0.71971 0.06909 0.73501 0.07827 0.76307 0.08526 0.78045 0.10051 0.79725 0.10929 0.79880 0.13080 0.79675 0.14832 0.78903 0.15864 0.78181 0.16647 0.78018 0.17566 0.77737 0.18939 0.77750 0.19627 0.77268 0.20915 0.75554 0.21471 0.74215 0.22039 0.72010 0.22539 0.70892 0.22914 0.69025 0.22973 0.67288 0.23037 0.65117 0.23197 0.63265 0.23169 0.61318 0.22417 0.58825 0.21718 0.57088 0.20782 0.55583 0.20183 0.54758 0.19253 0.54877 0.17687 0.55203 0.15783 0.55337 0.13896 0.55198 0.13022 0.55096 0.11692 0.53619 0.10416 0.51380 0.10004 0.50651 0.09026 0.50611 0.07518 0.50717 0.06717 0.51151 0.05781 0.52733 0.05106 0.54946 0.04479 0.56831 0.04070 0.59242 0.03833 0.62561 0.03952 0.64773 0.04290 0.67024
4 0.12467 0.34304 0.12739 0.35676 0.13051 0.36557 0.13550 0.37951 0.13731 0.38390 0.14541 0.38859 0.15707 0.39756 0.16134 0.40139 0.17019 0.40604 0.18394 0.41260 0.19678 0.41696 0.19963 0.41827 0.20793 0.41505 0.21890 0.41053 0.22945 0.40377 0.23558 0.39808 0.24223 0.38934 0.24946 0.37079 0.25307 0.36151 0.25741 0.35181 0.26010 0.34372 0.26098 0.32749 0.25958 0.31481 0.25489 0.29784 0.25044 0.28799 0.23875 0.28162 0.22887 0.27150 0.22492 0.25701 0.21562 0.24753 0.20825 0.23377 0.20430 0.22210 0.18703 0.21083 0.17734 0.20606 0.16300 0.20161 0.15332 0.20416 0.14367 0.21311 0.13852 0.21836 0.13368 0.22810 0.12813 0.23826 0.12279 0.25518 0.11900 0.27989 0.11766 0.29653 0.11931 0.31296 0.12131 0.33087 0.12467 0.34304
1 0.81292 0.49674 0.81233 0.49632 0.81178 0.49636 0.81114 0.49652 0.81052 0.49706 0.80990 0.49849 0.81001 0.49944 0.81074 0.50046 0.81171 0.50061 0.81275 0.49986 0.81297 0.49898 0.81310 0.49765 0.81292 0.49674
4 0.09413 0.48489 0.09906 0.49864 0.10234 0.50970 0.11073 0.52509 0.11719 0.53686 0.12892 0.54920 0.14373 0.55192 0.15990 0.55305 0.17412 0.55205 0.18926 0.54987 0.20172 0.54524 0.21497 0.53754 0.22745 0.52238 0.23489 0.50682 0.24016 0.48539 0.24125 0.46877 0.24123 0.44696 0.24125 0.43643 0.23733 0.41979 0.22906 0.40194 0.22341 0.40722 0.21208 0.41366 0.20001 0.41676 0.19259 0.41464 0.18465 0.41219 0.17688 0.40860 0.16235 0.40172 0.15012 0.39167 0.13752 0.38353 0.13279 0.37333 0.13137 0.36741 0.12839 0.35934 0.11431 0.36127 0.10580 0.36500 0.09699 0.37940 0.09229 0.39289 0.08786 0.41325 0.08602 0.42874 0.08664 0.44060 0.08896 0.45580 0.09036 0.46980 0.09413 0.48489
4 0.53919 0.15400 0.54461 0.14187 0.54819 0.13326 0.55227 0.13194 0.55815 0.12891 0.56194 0.12577 0.56562 0.12108 0.56723 0.11182 0.56550 0.09706 0.55888 0.08447 0.54889 0.06872 0.53951 0.05397 0.52911 0.03981 0.52084 0.03099 0.51034 0.02519 0.50321 0.02543 0.49474 0.02628 0.48751 0.02992 0.48127 0.03532 0.47597 0.04170 0.47063 0.05252 0.46651 0.06325 0.46430 0.07150 0.46338 0.07574 0.46635 0.09329 0.46331 0.11204 0.46222 0.11395 0.46324 0.12354 0.46789 0.13522 0.47275 0.14011 0.47905 0.15298 0.48744 0.16833 0.50077 0.18228 0.51255 0.18642 0.52214 0.18157 0.53113 0.16814 0.53919 0.15400
1 0.10402 0.58802 0.10347 0.58939 0.10353 0.59086 0.10411 0.59218 0.10482 0.59243 0.10544 0.59220 0.10560 0.59097 0.10535 0.58944 0.10508 0.58846 0.10470 0.58819 0.10402 0.58802
