4 0.28062 0.63516 0.29548 0.57191 0.30144 0.56014 0.29342 0.54314 0.28575 0.54561 0.27123 0.53963 0.26451 0.53665 0.25932 0.53365 0.25022 0.54314 0.23527 0.57142 0.22495 0.59958 0.21793 0.63939 0.22254 0.66729 0.22356 0.69763 0.22625 0.70382 0.23812 0.67559 0.25325 0.65822 0.27253 0.64233 0.28062 0.63516
4 0.18825 0.62332 0.18861 0.62006 0.19425 0.57459 0.19472 0.55188 0.20166 0.53168 0.20742 0.51860 0.18217 0.52035 0.15731 0.52206 0.14715 0.52938 0.13718 0.57170 0.13436 0.60739 0.13751 0.64040 0.15547 0.63750 0.16488 0.63539 0.17327 0.62552 0.18825 0.62332
4 0.66510 0.66746 0.67331 0.64593 0.67747 0.61537 0.67878 0.59070 0.67774 0.55702 0.67396 0.53764 0.66079 0.51970 0.64529 0.51477 0.60585 0.51546 0.59521 0.52084 0.59317 0.52608 0.59583 0.53254 0.59802 0.53730 0.60209 0.56605 0.59814 0.63005 0.60128 0.69120 0.61397 0.71892 0.63155 0.73659 0.64618 0.73860 0.65463 0.73055 0.66444 0.70506 0.66626 0.68558 0.66510 0.66746
4 0.34014 0.68385 0.34197 0.67136 0.36190 0.66247 0.36588 0.65463 0.37040 0.61875 0.36791 0.56513 0.36459 0.55193 0.35454 0.53580 0.32878 0.53391 0.31902 0.53563 0.31292 0.53962 0.29548 0.57183 0.28211 0.63204 0.27824 0.67481 0.27635 0.71374 0.28142 0.73941 0.29356 0.75702 0.30830 0.74743 0.32399 0.73160 0.33298 0.71596 0.34014 0.68385
4 0.72437 0.50045 0.72755 0.51075 0.73835 0.51640 0.74542 0.52731 0.75635 0.54006 0.76273 0.56070 0.77802 0.55266 0.78714 0.53499 0.79524 0.50763 0.80017 0.47123 0.80078 0.43232 0.80279 0.39986 0.79926 0.36948 0.80061 0.34870 0.79514 0.32998 0.78265 0.32631 0.77333 0.33362 0.75392 0.35082 0.74127 0.36335 0.72132 0.37536 0.71185 0.37228 0.70077 0.37703 0.69062 0.38499 0.68989 0.44073 0.69665 0.45942 0.71206 0.48380 0.72437 0.50045
4 0.76641 0.67407 0.76371 0.61708 0.76451 0.56520 0.75723 0.54072 0.74141 0.51829 0.71892 0.50832 0.70270 0.51182 0.68571 0.52184 0.67525 0.53631 0.67866 0.56022 0.67945 0.60557 0.68196 0.64963 0.69234 0.68056 0.71277 0.71977 0.72375 0.73577 0.73450 0.73753 0.75492 0.72876 0.76312 0.70655 0.76641 0.67407
2 0.75582 0.38909 0.74409 0.38930 0.73004 0.38442 0.71117 0.38646 0.70521 0.39228 0.70051 0.40434 0.69722 0.41127 0.69447 0.42675 0.69898 0.44553 0.70720 0.46253 0.71499 0.47553 0.72271 0.48512 0.72565 0.45764 0.73379 0.44893 0.74911 0.43779 0.75479 0.41713 0.75582 0.38909
4 0.92245 0.61439 0.92863 0.59535 0.93034 0.56817 0.93097 0.54102 0.92960 0.49413 0.92941 0.45214 0.92575 0.42998 0.91141 0.41955 0.89371 0.43383 0.88522 0.44716 0.86135 0.45087 0.84992 0.45190 0.83705 0.46197 0.84274 0.47671 0.85323 0.48475 0.86104 0.49612 0.87017 0.51985 0.87487 0.53950 0.87608 0.57734 0.87688 0.59296 0.89344 0.60501 0.90719 0.61382 0.92245 0.61439
4 0.58103 0.70552 0.59074 0.66666 0.59786 0.62915 0.60041 0.58902 0.60149 0.56471 0.59895 0.53820 0.59311 0.52838 0.56779 0.52747 0.52928 0.52183 0.52069 0.52425 0.51964 0.55129 0.52336 0.57508 0.52453 0.61062 0.52590 0.66914 0.52976 0.72039 0.53946 0.74677 0.55111 0.74970 0.56411 0.74273 0.57423 0.72814 0.58103 0.70552
4 0.44291 0.70043 0.44136 0.67010 0.43696 0.62429 0.43607 0.60328 0.42547 0.58560 0.42532 0.57703 0.42804 0.55519 0.43307 0.54887 0.44581 0.54167 0.44044 0.52854 0.42849 0.52252 0.41262 0.52589 0.39872 0.52693 0.38655 0.53647 0.37690 0.54287 0.37142 0.55384 0.36804 0.56636 0.37070 0.60132 0.37275 0.63006 0.37778 0.65331 0.38667 0.69050 0.39641 0.71755 0.40647 0.73449 0.41526 0.73747 0.42596 0.73105 0.43757 0.71763 0.44291 0.70043
4 0.46667 0.72462 0.47567 0.74518 0.49199 0.75839 0.50721 0.76130 0.51931 0.75343 0.52500 0.72182 0.52523 0.63220 0.52333 0.57460 0.51503 0.54324 0.50995 0.52535 0.48617 0.52755 0.45746 0.53706 0.44207 0.54272 0.43178 0.55013 0.42693 0.56236 0.42513 0.57949 0.42743 0.59069 0.43506 0.60274 0.44040 0.61840 0.44468 0.64083 0.44883 0.65743 0.45508 0.67442 0.46212 0.70129 0.46667 0.72462
1 0.36686 0.63985 0.36769 0.62753 0.36786 0.62197 0.36778 0.61760 0.36643 0.61525 0.36166 0.61295 0.35590 0.62853 0.34662 0.63861 0.34462 0.64420 0.34550 0.64974 0.35331 0.64603 0.35764 0.63802 0.36109 0.64034 0.36204 0.64945 0.36434 0.64624 0.36686 0.63985
4 0.78544 0.53566 0.77674 0.55268 0.76404 0.56199 0.76447 0.61254 0.76560 0.65142 0.78652 0.67114 0.80136 0.68644 0.81585 0.68035 0.83039 0.67878 0.83364 0.64372 0.83133 0.60943 0.82118 0.56940 0.80918 0.54497 0.79305 0.52906 0.78544 0.53566
2 0.31261 0.74132 0.32086 0.73284 0.33416 0.71277 0.33926 0.68926 0.34103 0.67018 0.36084 0.66190 0.36579 0.64475 0.36840 0.62922 0.36974 0.61570 0.36617 0.60664 0.35546 0.60960 0.34335 0.60743 0.33588 0.61590 0.32680 0.63709 0.32586 0.65814 0.32599 0.68076 0.32481 0.70341 0.31957 0.71937 0.31509 0.73295 0.31261 0.74132
4 0.21470 0.63167 0.21925 0.62615 0.22643 0.59566 0.23569 0.56673 0.24969 0.54315 0.25366 0.53450 0.24825 0.51904 0.24338 0.50511 0.21881 0.51257 0.20711 0.52055 0.19871 0.54015 0.19431 0.55423 0.19469 0.57601 0.18827 0.62046 0.19376 0.63981 0.19447 0.65222 0.19807 0.65061 0.21470 0.63167
4 0.87084 0.52067 0.86235 0.50058 0.85369 0.48565 0.84415 0.48066 0.83599 0.49414 0.82398 0.49351 0.80925 0.49210 0.79840 0.49313 0.79532 0.50469 0.79133 0.52536 0.79468 0.52943 0.80461 0.53747 0.81074 0.54558 0.82253 0.56513 0.83085 0.60615 0.83329 0.62091 0.83344 0.63404 0.84508 0.63900 0.85286 0.63370 0.85745 0.62608 0.85795 0.60940 0.85766 0.59274 0.86664 0.59616 0.87206 0.59090 0.87487 0.57140 0.87463 0.54244 0.87084 0.52067
