4 0.24441 0.38561 0.24066 0.40906 0.24108 0.43063 0.23961 0.45157 0.24628 0.46938 0.25545 0.48689 0.26857 0.50190 0.28003 0.51190 0.28649 0.51502 0.29732 0.51221 0.30669 0.51565 0.31669 0.51128 0.32524 0.50221 0.33357 0.48564 0.34420 0.46907 0.34794 0.45594 0.34815 0.43531 0.34919 0.40687 0.34836 0.38811 0.34357 0.37060 0.33690 0.35998 0.32857 0.35154 0.31274 0.34404 0.30815 0.33747 0.29440 0.33747 0.28691 0.34029 0.27399 0.34623 0.26357 0.35372 0.25462 0.36623 0.24441 0.38561
1 0.24814 0.32005 0.24814 0.31848 0.24785 0.31656 0.24616 0.31778 0.24564 0.31988 0.24698 0.32092 0.24814 0.32005
4 0.48815 0.50127 0.48669 0.52627 0.48669 0.54003 0.48606 0.56035 0.48460 0.57441 0.48440 0.58255 0.48606 0.59005 0.48898 0.59505 0.49294 0.59786 0.49940 0.59942 0.51544 0.59630 0.52940 0.59223 0.53898 0.58786 0.55398 0.58192 0.56439 0.57285 0.56668 0.56848 0.56823 0.55952 0.56919 0.55316 0.56539 0.54256 0.56165 0.53041 0.55856 0.51034 0.55377 0.50033 0.54710 0.48877 0.53773 0.47220 0.52856 0.45782 0.52231 0.45000 0.51627 0.44594 0.51398 0.44062 0.51106 0.43656 0.50794 0.43531 0.50356 0.43594 0.50106 0.44313 0.49794 0.45625 0.49294 0.46876 0.48898 0.48720 0.48815 0.50127
4 0.62410 0.40330 0.62514 0.41612 0.62743 0.44269 0.62931 0.46113 0.63806 0.47426 0.64410 0.48333 0.64597 0.49145 0.64535 0.50490 0.64389 0.51334 0.63889 0.52021 0.64514 0.52396 0.65181 0.53272 0.65722 0.53709 0.66327 0.53647 0.67055 0.53241 0.68347 0.51959 0.69618 0.50490 0.71014 0.48677 0.71722 0.47614 0.72285 0.46520 0.72514 0.46019 0.72660 0.44832 0.72370 0.43338 0.71296 0.42059 0.69264 0.40768 0.67514 0.39487 0.66514 0.38611 0.65889 0.38299 0.65264 0.38017 0.64514 0.37892 0.63702 0.38017 0.63160 0.38361 0.62660 0.39049 0.62452 0.39768 0.62410 0.40330
4 0.55743 0.49364 0.55827 0.50458 0.55952 0.51553 0.56160 0.53084 0.56889 0.55272 0.57098 0.55366 0.58056 0.55772 0.59285 0.55397 0.61056 0.54178 0.62493 0.52990 0.63703 0.52054 0.64368 0.51208 0.64535 0.50302 0.64577 0.49427 0.64493 0.48645 0.63931 0.47582 0.62327 0.45613 0.61056 0.44113 0.60035 0.43050 0.58723 0.41675 0.58014 0.41237 0.57181 0.41175 0.56535 0.41675 0.56181 0.42894 0.55868 0.44801 0.55785 0.47020 0.55743 0.49364
4 0.69696 0.18964 0.69216 0.20494 0.68886 0.22115 0.69006 0.24590 0.69306 0.25491 0.70206 0.27156 0.70866 0.30217 0.71466 0.31027 0.72366 0.30982 0.75636 0.32108 0.76926 0.31837 0.77946 0.31477 0.79116 0.30397 0.79596 0.29677 0.80406 0.27066 0.80796 0.24725 0.80886 0.23375 0.80466 0.21305 0.79866 0.19189 0.79026 0.18063 0.76986 0.15453 0.76206 0.14913 0.72636 0.15543 0.71706 0.16128 0.70416 0.17838 0.69696 0.18964
4 0.39961 0.52534 0.39357 0.53659 0.39086 0.54753 0.38982 0.55785 0.39128 0.56879 0.39690 0.57629 0.41440 0.58723 0.43294 0.59380 0.43502 0.59286 0.45419 0.59474 0.46877 0.59317 0.47460 0.59098 0.47836 0.58661 0.48294 0.57504 0.48523 0.56223 0.48481 0.54753 0.48356 0.53190 0.47773 0.50846 0.46919 0.48220 0.46356 0.46782 0.45773 0.45532 0.45127 0.45125 0.44648 0.45063 0.43961 0.45250 0.43648 0.45594 0.43065 0.46282 0.42565 0.47627 0.41398 0.49908 0.40732 0.51253 0.39961 0.52534
4 0.17867 0.32373 0.18335 0.34534 0.19595 0.36425 0.20891 0.36857 0.23267 0.37883 0.24671 0.38315 0.25463 0.36857 0.26327 0.35344 0.27587 0.34588 0.29567 0.33724 0.29891 0.32752 0.30035 0.30591 0.29891 0.28322 0.29387 0.25945 0.28631 0.23947 0.28055 0.22758 0.27227 0.21948 0.26651 0.21462 0.25247 0.21138 0.23663 0.20868 0.21899 0.21138 0.20963 0.21354 0.20063 0.22218 0.19379 0.23731 0.18263 0.25837 0.17615 0.27566 0.17507 0.30212 0.17867 0.32373
4 0.74217 0.00000 0.73266 0.00058 0.71076 0.00598 0.69546 0.01633 0.69216 0.03074 0.68886 0.04065 0.68406 0.07260 0.68496 0.09511 0.69336 0.12167 0.70536 0.14327 0.71106 0.15048 0.71796 0.15543 0.72456 0.15678 0.72906 0.15453 0.74166 0.15318 0.76056 0.15003 0.77046 0.15543 0.77586 0.15183 0.78756 0.14642 0.79716 0.13562 0.80586 0.11941 0.81036 0.10096 0.81096 0.07890 0.80736 0.06045 0.80076 0.03974 0.79146 0.01724 0.78546 0.00688 0.77946 0.00058 0.75870 0.00000 0.74217 0.00000
1 0.23547 0.24775 0.23437 0.24836 0.23408 0.25071 0.23524 0.25290 0.23739 0.25473 0.23977 0.25534 0.24228 0.25560 0.24431 0.25568 0.24698 0.25708 0.24896 0.25857 0.25192 0.26214 0.25251 0.26310 0.25262 0.26747 0.25192 0.27156 0.25070 0.27435 0.25065 0.27732 0.25053 0.28063 0.24954 0.28456 0.24948 0.28761 0.24995 0.28910 0.25094 0.28797 0.25198 0.28517 0.25280 0.28090 0.25320 0.27785 0.25378 0.27558 0.25437 0.27122 0.25500 0.26711 0.25646 0.26563 0.25716 0.26389 0.25751 0.26179 0.25594 0.26205 0.25408 0.26136 0.25187 0.25796 0.24972 0.25534 0.24739 0.25385 0.24599 0.25307 0.24431 0.25098 0.24006 0.25185 0.23785 0.25089 0.23663 0.24914 0.23547 0.24775
4 0.33545 0.59505 0.34357 0.60630 0.35107 0.60818 0.36128 0.61255 0.36503 0.61630 0.36940 0.61943 0.37586 0.61974 0.38294 0.61693 0.39023 0.61067 0.39628 0.60567 0.39857 0.60068 0.40148 0.59442 0.40273 0.58598 0.40586 0.58223 0.39732 0.57660 0.39398 0.57223 0.39086 0.56566 0.39023 0.55378 0.39148 0.54441 0.39440 0.53565 0.40086 0.52253 0.40648 0.51409 0.40961 0.50721 0.40961 0.49064 0.40940 0.47970 0.40294 0.46313 0.39503 0.45282 0.38482 0.45063 0.37044 0.45594 0.35607 0.46157 0.34586 0.46407 0.34420 0.46907 0.33086 0.49189 0.32086 0.51002 0.31815 0.51377 0.31420 0.53190 0.31711 0.55628 0.32628 0.58161 0.33545 0.59505
4 0.66846 0.36294 0.67326 0.37284 0.67956 0.39580 0.68436 0.40165 0.69636 0.41020 0.71376 0.42236 0.72486 0.43316 0.72696 0.44937 0.72246 0.46692 0.73326 0.47232 0.74166 0.47547 0.75126 0.47277 0.75906 0.46737 0.76326 0.45612 0.76686 0.44801 0.77376 0.43496 0.77946 0.41785 0.78036 0.39130 0.77766 0.36699 0.77136 0.34493 0.76626 0.33278 0.75726 0.32153 0.74016 0.31702 0.72336 0.30982 0.71646 0.31162 0.69936 0.32062 0.68046 0.32828 0.67026 0.34448 0.66846 0.36294
