4 0.26864 0.50593 0.28027 0.51574 0.28678 0.51875 0.29757 0.51575 0.30700 0.51902 0.31692 0.51447 0.32530 0.50526 0.33335 0.48855 0.34368 0.47180 0.34720 0.45860 0.34705 0.43797 0.34759 0.40951 0.34643 0.39077 0.34134 0.37335 0.33448 0.36285 0.32600 0.35455 0.31004 0.34733 0.30535 0.34084 0.29160 0.34108 0.28415 0.34403 0.27134 0.35019 0.26106 0.35787 0.25232 0.37053 0.24245 0.39009 0.23911 0.41360 0.23990 0.43515 0.23881 0.45612 0.24579 0.47382 0.25526 0.49116 0.26864 0.50593
1 0.24504 0.32447 0.24501 0.32290 0.24468 0.32099 0.24302 0.32224 0.24253 0.32434 0.24389 0.32537 0.24504 0.32447
4 0.48764 0.59027 0.49064 0.59523 0.49465 0.59797 0.50113 0.59942 0.51712 0.59602 0.53100 0.59170 0.54051 0.58716 0.55540 0.58097 0.56565 0.57172 0.56787 0.56730 0.56926 0.55832 0.57010 0.55194 0.56612 0.54141 0.56217 0.52933 0.55873 0.50931 0.55377 0.49939 0.54690 0.48794 0.53724 0.47154 0.52782 0.45732 0.52143 0.44962 0.51533 0.44567 0.51294 0.44039 0.50995 0.43638 0.50681 0.43518 0.50245 0.43588 0.50007 0.44312 0.49717 0.45630 0.49240 0.46889 0.48876 0.48740 0.48817 0.50148 0.48715 0.52650 0.48739 0.54026 0.48712 0.56058 0.48591 0.57467 0.48584 0.58280 0.48764 0.59027
4 0.64580 0.48891 0.64541 0.50236 0.64410 0.51082 0.63922 0.51779 0.64554 0.52143 0.65236 0.53006 0.65785 0.53434 0.66388 0.53361 0.67110 0.52942 0.68379 0.51638 0.69624 0.50147 0.70988 0.48310 0.71677 0.47235 0.72220 0.46131 0.72441 0.45627 0.72566 0.44437 0.72251 0.42949 0.71154 0.41688 0.69100 0.40433 0.67328 0.39182 0.66313 0.38325 0.65682 0.38023 0.65053 0.37753 0.64300 0.37641 0.63490 0.37780 0.62955 0.38133 0.62467 0.38829 0.62271 0.39552 0.62239 0.40115 0.62366 0.41395 0.62642 0.44047 0.62861 0.45888 0.63759 0.47185 0.64379 0.48082 0.64580 0.48891
4 0.58155 0.55631 0.59378 0.55234 0.61127 0.53985 0.62543 0.52772 0.63736 0.51814 0.64387 0.50957 0.64538 0.50048 0.64564 0.49172 0.64467 0.48393 0.63887 0.47340 0.62248 0.45399 0.60951 0.43920 0.59912 0.42876 0.58576 0.41524 0.57860 0.41099 0.57026 0.41051 0.56389 0.41562 0.56056 0.42787 0.55777 0.44699 0.55732 0.46919 0.55732 0.49264 0.55834 0.50357 0.55978 0.51448 0.56213 0.52976 0.56980 0.55151 0.57190 0.55241 0.58155 0.55631
4 0.70518 0.29856 0.71132 0.30655 0.72031 0.30595 0.75320 0.31663 0.76605 0.31370 0.77618 0.30992 0.78769 0.29892 0.79237 0.29164 0.80001 0.26539 0.80350 0.24192 0.80416 0.22840 0.79960 0.20777 0.79323 0.18673 0.78464 0.17562 0.76379 0.14987 0.75590 0.14461 0.72031 0.15153 0.71112 0.15754 0.69852 0.17487 0.69152 0.18625 0.68698 0.20163 0.68397 0.21789 0.68560 0.24263 0.68875 0.25157 0.69805 0.26807 0.70518 0.29856
4 0.41594 0.58871 0.43459 0.59495 0.43665 0.59398 0.45585 0.59552 0.47040 0.59370 0.47620 0.59141 0.47987 0.58697 0.48425 0.57533 0.48632 0.56247 0.48565 0.54779 0.48412 0.53219 0.47788 0.50885 0.46888 0.48274 0.46301 0.46846 0.45696 0.45606 0.45043 0.45211 0.44563 0.45157 0.43879 0.45357 0.43572 0.45706 0.43001 0.46404 0.42525 0.47757 0.41398 0.50058 0.40755 0.51414 0.40007 0.52709 0.39422 0.53844 0.39171 0.54943 0.39085 0.55976 0.39249 0.57068 0.39825 0.57808 0.41594 0.58871
4 0.25237 0.37287 0.26075 0.35760 0.27321 0.34981 0.29286 0.34083 0.29593 0.33105 0.29699 0.30942 0.29515 0.28676 0.28970 0.26309 0.28179 0.24324 0.27583 0.23146 0.26741 0.22350 0.26156 0.21874 0.24747 0.21574 0.23158 0.21332 0.21399 0.21633 0.20467 0.21865 0.19583 0.22745 0.18925 0.24269 0.17846 0.26395 0.17229 0.28135 0.17167 0.30782 0.17564 0.32937 0.18070 0.35089 0.19363 0.36957 0.20666 0.37367 0.23059 0.38351 0.24471 0.38759 0.25237 0.37287
4 0.71108 0.00000 0.70211 0.00238 0.68699 0.01300 0.68394 0.02746 0.68082 0.03742 0.67657 0.06946 0.67787 0.09194 0.68673 0.11835 0.69910 0.13974 0.70493 0.14685 0.71191 0.15168 0.71854 0.15291 0.72300 0.15058 0.73557 0.14901 0.75441 0.14553 0.76440 0.15076 0.76974 0.14706 0.78134 0.14146 0.79075 0.13049 0.79917 0.11413 0.80335 0.09561 0.80356 0.07354 0.79964 0.05515 0.79268 0.03456 0.78299 0.01222 0.77681 0.00198 0.77486 0.00000 0.71108 0.00000
1 0.23805 0.26014 0.24008 0.26018 0.24278 0.26154 0.24478 0.26298 0.24781 0.26651 0.24841 0.26746 0.24860 0.27182 0.24798 0.27593 0.24680 0.27874 0.24680 0.28171 0.24674 0.28502 0.24582 0.28897 0.24582 0.29202 0.24630 0.29349 0.24727 0.29235 0.24827 0.28953 0.24901 0.28525 0.24936 0.28219 0.24991 0.27991 0.25041 0.27554 0.25098 0.27142 0.25241 0.26992 0.25307 0.26816 0.25339 0.26606 0.25182 0.26635 0.24995 0.26569 0.24768 0.26232 0.24548 0.25974 0.24313 0.25830 0.24172 0.25754 0.24000 0.25548 0.23577 0.25643 0.23355 0.25550 0.23230 0.25378 0.23111 0.25240 0.23002 0.25303 0.22977 0.25539 0.23097 0.25755 0.23315 0.25935 0.23555 0.25992 0.23805 0.26014
4 0.37797 0.62189 0.38500 0.61895 0.39218 0.61257 0.39813 0.60747 0.40034 0.60243 0.40315 0.59613 0.40425 0.58767 0.40731 0.58386 0.39867 0.57838 0.39526 0.57407 0.39202 0.56756 0.39119 0.55569 0.39228 0.54630 0.39504 0.53749 0.40127 0.52425 0.40674 0.51572 0.40975 0.50878 0.40946 0.49222 0.40906 0.48129 0.40231 0.46483 0.39422 0.45466 0.38397 0.45265 0.36969 0.45821 0.35542 0.46409 0.34526 0.46677 0.34368 0.47180 0.33075 0.49484 0.32107 0.51315 0.31842 0.51695 0.31478 0.53514 0.31812 0.55947 0.32773 0.58463 0.33713 0.59791 0.34545 0.60901 0.35298 0.61076 0.36326 0.61496 0.36708 0.61864 0.37151 0.62169 0.37797 0.62189
4 0.72366 0.42925 0.72604 0.44541 0.72185 0.46304 0.73274 0.46825 0.74120 0.47126 0.75075 0.46839 0.75845 0.46285 0.76245 0.45153 0.76591 0.44336 0.77258 0.43019 0.77798 0.41299 0.77842 0.38642 0.77530 0.36216 0.76861 0.34022 0.76330 0.32816 0.75411 0.31707 0.73693 0.31286 0.72001 0.30595 0.71314 0.30787 0.69620 0.31717 0.67744 0.32515 0.66752 0.34154 0.66605 0.36002 0.67102 0.36984 0.67772 0.39268 0.68262 0.39845 0.69476 0.40679 0.71237 0.41864 0.72366 0.42925
