4 0.56088 0.08654 0.56912 0.09519 0.58619 0.11436 0.60113 0.12714 0.61271 0.13053 0.62796 0.12790 0.64290 0.12038 0.65845 0.11549 0.66698 0.11398 0.67247 0.11022 0.67674 0.09782 0.67643 0.07902 0.67125 0.06887 0.65052 0.05647 0.62704 0.04895 0.60296 0.03993 0.59351 0.03692 0.56851 0.03353 0.55936 0.04481 0.55662 0.05609 0.55692 0.07602 0.56088 0.08654
1 0.82680 0.38380 0.82253 0.38004 0.81796 0.37590 0.81095 0.37816 0.80790 0.38417 0.80637 0.38981 0.80637 0.39207 0.80790 0.39132 0.81003 0.38831 0.81491 0.38493 0.81857 0.38305 0.82040 0.38680 0.81887 0.39282 0.82405 0.39395 0.82863 0.39132 0.82680 0.38380
4 0.76576 0.45797 0.77765 0.47489 0.78893 0.48842 0.80418 0.50346 0.82003 0.50759 0.84503 0.50835 0.86820 0.50496 0.87796 0.49970 0.88558 0.48090 0.89198 0.45872 0.88985 0.43353 0.88345 0.41361 0.87278 0.39707 0.85692 0.38842 0.84960 0.39406 0.83162 0.39857 0.79838 0.39669 0.79259 0.39820 0.77826 0.40684 0.76546 0.42113 0.76271 0.43917 0.76576 0.45797
4 0.77613 0.79143 0.79290 0.80835 0.80997 0.82526 0.82247 0.83466 0.83954 0.83353 0.85204 0.82940 0.86729 0.82038 0.88436 0.82000 0.89899 0.81662 0.91119 0.80459 0.91729 0.79030 0.92034 0.76737 0.92125 0.72977 0.91729 0.70797 0.91180 0.69256 0.90448 0.67564 0.89442 0.66774 0.88497 0.66210 0.87979 0.66549 0.86363 0.67752 0.84564 0.68955 0.82674 0.69256 0.81363 0.69331 0.80174 0.68880 0.78710 0.70647 0.77399 0.73391 0.76790 0.76361 0.77613 0.79143
4 0.67796 0.14669 0.68558 0.16925 0.69107 0.17865 0.70204 0.18015 0.71851 0.17827 0.73619 0.17038 0.74869 0.16774 0.75479 0.15722 0.75662 0.14143 0.75997 0.12827 0.74320 0.10910 0.72918 0.09782 0.71149 0.08654 0.69534 0.08090 0.68497 0.09895 0.67796 0.11549 0.67338 0.12902 0.67796 0.14669
4 0.35326 0.08729 0.35235 0.09444 0.35296 0.11060 0.35692 0.11962 0.36607 0.13391 0.37613 0.14143 0.39686 0.15008 0.40723 0.14932 0.41790 0.14293 0.42948 0.11774 0.43497 0.10383 0.43741 0.08278 0.43741 0.07038 0.43528 0.06060 0.43101 0.05346 0.42582 0.05045 0.41820 0.04669 0.39716 0.05534 0.37552 0.06586 0.36332 0.07639 0.35326 0.08729
4 0.07909 0.84726 0.08302 0.87643 0.09485 0.88237 0.12155 0.88398 0.13951 0.88613 0.15610 0.88045 0.17256 0.86842 0.19238 0.85301 0.20436 0.83210 0.20436 0.80079 0.19997 0.77109 0.18113 0.74895 0.17107 0.75380 0.15616 0.75489 0.14433 0.74895 0.13119 0.73812 0.12244 0.73056 0.11323 0.72571 0.10271 0.72139 0.09046 0.72086 0.08433 0.72462 0.07820 0.73165 0.07689 0.76353 0.07601 0.79808 0.07558 0.82564 0.07909 0.84726
1 0.17680 0.35752 0.18110 0.37519 0.19250 0.38496 0.20564 0.38992 0.23009 0.39846 0.24213 0.41015 0.25820 0.42188 0.26585 0.41827 0.27936 0.40793 0.28229 0.39936 0.28265 0.38406 0.27829 0.36876 0.27354 0.35662 0.26549 0.34850 0.25235 0.34083 0.24140 0.33771 0.22424 0.33004 0.20930 0.32417 0.19543 0.32868 0.18555 0.33771 0.17680 0.35752
4 0.74381 0.31474 0.73771 0.33880 0.74991 0.36286 0.76698 0.38429 0.79168 0.39556 0.83101 0.39782 0.84899 0.39368 0.85905 0.38278 0.86607 0.36286 0.86942 0.33429 0.86546 0.31248 0.85631 0.29368 0.85052 0.28579 0.83436 0.27188 0.79899 0.27902 0.77582 0.28541 0.75570 0.29594 0.74381 0.31474
1 0.24979 0.29173 0.24460 0.30150 0.23363 0.31316 0.22723 0.31955 0.23485 0.32632 0.25284 0.33233 0.26808 0.33346 0.27966 0.33647 0.28881 0.33835 0.29125 0.33459 0.29155 0.31993 0.29034 0.30451 0.29460 0.29361 0.29521 0.27895 0.29643 0.26729 0.29155 0.26353 0.28973 0.26353 0.28668 0.26353 0.28537 0.25677 0.28210 0.25226 0.27591 0.25526 0.26991 0.26203 0.26412 0.27782 0.25771 0.28609 0.24979 0.29173
4 0.22936 0.22425 0.21256 0.24271 0.20966 0.26522 0.21146 0.29041 0.21329 0.30887 0.22244 0.31835 0.23046 0.32462 0.24982 0.33094 0.26296 0.33410 0.28778 0.33906 0.30530 0.33545 0.31442 0.32959 0.32317 0.32286 0.33122 0.31474 0.33777 0.30259 0.34216 0.28774 0.34143 0.27109 0.33595 0.25665 0.32720 0.24586 0.31918 0.23778 0.30747 0.23508 0.29506 0.23011 0.28814 0.22380 0.27207 0.21120 0.26149 0.20850 0.24835 0.21481 0.22936 0.22425
4 0.14466 0.42635 0.13665 0.43583 0.13153 0.45383 0.12970 0.46598 0.12716 0.47590 0.12168 0.48985 0.11985 0.51910 0.12168 0.53665 0.13153 0.54970 0.14393 0.56816 0.15235 0.57763 0.16622 0.59338 0.18155 0.60778 0.19649 0.61541 0.22134 0.61541 0.23741 0.60553 0.25271 0.58617 0.25930 0.56726 0.26549 0.54699 0.27427 0.52763 0.27500 0.49748 0.26878 0.47812 0.26296 0.46147 0.24835 0.44256 0.23521 0.42726 0.22680 0.42143 0.21000 0.41241 0.18119 0.40613 0.16912 0.40613 0.15707 0.41331 0.14466 0.42635
4 0.76241 0.56511 0.75966 0.58165 0.76149 0.60308 0.76576 0.61962 0.77277 0.64932 0.78619 0.67451 0.81402 0.69248 0.82683 0.69173 0.84625 0.68880 0.86363 0.67752 0.87918 0.66624 0.90052 0.65346 0.90905 0.63880 0.91454 0.62564 0.91180 0.59820 0.91271 0.57677 0.91698 0.55195 0.91241 0.52902 0.90143 0.51022 0.89015 0.50195 0.87918 0.50008 0.86973 0.50459 0.85753 0.50797 0.84229 0.50910 0.82369 0.50910 0.80966 0.50571 0.79838 0.52000 0.78253 0.53391 0.77155 0.54594 0.76241 0.56511
4 0.44869 0.09256 0.45845 0.10195 0.46942 0.10722 0.48192 0.11135 0.50357 0.10684 0.52186 0.10271 0.53558 0.09368 0.54747 0.08617 0.55448 0.07451 0.55540 0.05835 0.55326 0.03842 0.54625 0.02602 0.52247 0.02451 0.48680 0.02639 0.46149 0.02940 0.44716 0.03466 0.43619 0.04519 0.43680 0.06436 0.43771 0.08353 0.44229 0.08993 0.44869 0.09256
4 0.25213 0.16842 0.25183 0.18045 0.25640 0.19286 0.26433 0.20376 0.26921 0.21015 0.27591 0.21316 0.28506 0.22068 0.29604 0.23120 0.30640 0.23383 0.31280 0.23120 0.32134 0.22632 0.33689 0.22481 0.34329 0.22180 0.34909 0.21466 0.35305 0.20752 0.35427 0.19248 0.35488 0.17857 0.35305 0.16504 0.35061 0.15000 0.34482 0.13571 0.33963 0.12707 0.33140 0.12143 0.32348 0.11805 0.30091 0.11880 0.28018 0.13534 0.26738 0.14962 0.25213 0.16842
1 0.12802 0.71447 0.13290 0.72086 0.14143 0.72538 0.14722 0.72575 0.15149 0.72763 0.15518 0.72594 0.16006 0.72669 0.16308 0.72462 0.15637 0.71974 0.15088 0.71485 0.14479 0.71447 0.14052 0.71184 0.13808 0.70695 0.13168 0.70695 0.12802 0.71447
4 0.73284 0.22752 0.73924 0.25496 0.75601 0.27000 0.77064 0.26850 0.79534 0.27038 0.80997 0.26774 0.82704 0.25609 0.83253 0.23992 0.83009 0.21398 0.82278 0.19143 0.81210 0.17602 0.79015 0.15797 0.77643 0.15759 0.75997 0.16511 0.74655 0.18316 0.73588 0.20120 0.73284 0.22752
4 0.09155 0.62425 0.08899 0.64000 0.08061 0.65801 0.07549 0.67286 0.07549 0.69538 0.08024 0.71519 0.09338 0.71831 0.09704 0.72056 0.10470 0.72372 0.12552 0.73365 0.14704 0.75030 0.15436 0.75342 0.16893 0.75432 0.18174 0.74669 0.20326 0.73586 0.21896 0.72011 0.22845 0.70301 0.23466 0.68635 0.23649 0.67060 0.23503 0.66117 0.22588 0.64316 0.21384 0.62786 0.20290 0.61883 0.19488 0.61526 0.18646 0.61030 0.17149 0.59816 0.16018 0.58688 0.14997 0.57429 0.13903 0.56978 0.11930 0.57474 0.10250 0.58508 0.09375 0.60353 0.09155 0.62425
