4 0.72741 0.71380 0.72876 0.74485 0.74087 0.77276 0.75265 0.78717 0.76476 0.80292 0.78294 0.82183 0.79909 0.83218 0.81323 0.83308 0.82703 0.82632 0.84116 0.82183 0.84957 0.80922 0.85900 0.79346 0.87448 0.76511 0.88491 0.73945 0.88592 0.71380 0.88726 0.68003 0.88895 0.65302 0.87952 0.62602 0.86707 0.61161 0.84755 0.60621 0.82635 0.60306 0.81121 0.60846 0.80549 0.61477 0.78496 0.61701 0.78327 0.61837 0.77082 0.61972 0.76510 0.61656 0.74626 0.62692 0.73750 0.65213 0.73077 0.68588 0.72741 0.71380
4 0.71065 0.41758 0.71880 0.42358 0.73843 0.43782 0.74628 0.44121 0.75693 0.44157 0.76815 0.43144 0.77460 0.41045 0.77880 0.37932 0.77825 0.34217 0.77179 0.31854 0.76086 0.30015 0.74908 0.29117 0.73506 0.28890 0.72778 0.29341 0.71796 0.30091 0.70925 0.30654 0.70561 0.30880 0.70785 0.31854 0.70841 0.33391 0.70057 0.34517 0.68789 0.34486 0.68594 0.36856 0.68847 0.38758 0.69763 0.40477 0.71065 0.41758
4 0.31976 0.31520 0.31909 0.32510 0.32077 0.33996 0.32918 0.34536 0.33625 0.35256 0.34433 0.35616 0.35038 0.35436 0.35812 0.34986 0.37529 0.35166 0.38202 0.35121 0.39212 0.34446 0.40188 0.33501 0.40928 0.31790 0.41265 0.30170 0.41265 0.29765 0.40457 0.29180 0.39582 0.27919 0.39312 0.26208 0.39885 0.25398 0.39918 0.24858 0.39447 0.23823 0.38606 0.23238 0.37596 0.23013 0.35442 0.23463 0.33726 0.25578 0.32615 0.28369 0.31976 0.31520
4 0.18346 0.58393 0.18615 0.59923 0.18784 0.61274 0.19019 0.63705 0.19591 0.65280 0.20399 0.66450 0.21308 0.67216 0.23058 0.67351 0.25178 0.66945 0.26894 0.66405 0.28207 0.65730 0.29957 0.63479 0.30630 0.62129 0.31067 0.59248 0.31471 0.55692 0.31471 0.52856 0.29788 0.50246 0.28341 0.49571 0.25985 0.48040 0.24202 0.46734 0.22654 0.46285 0.21106 0.46825 0.20769 0.47140 0.20096 0.48490 0.19389 0.49975 0.19154 0.52406 0.18615 0.55197 0.18346 0.58393
4 0.55565 0.27322 0.55370 0.28832 0.55896 0.29354 0.56285 0.30187 0.56889 0.29979 0.57435 0.30291 0.58701 0.30708 0.59908 0.30917 0.60570 0.30526 0.61544 0.29823 0.62089 0.28937 0.62654 0.27999 0.63102 0.26931 0.62732 0.25915 0.62070 0.24847 0.61330 0.23284 0.60356 0.22320 0.59110 0.21903 0.58272 0.22060 0.57454 0.22502 0.56655 0.23362 0.56246 0.24977 0.55876 0.26436 0.55565 0.27322
4 0.62011 0.29145 0.62226 0.30396 0.62732 0.32271 0.63706 0.33261 0.65011 0.34016 0.66315 0.34355 0.67133 0.34303 0.68575 0.34433 0.69977 0.34381 0.70834 0.33391 0.70853 0.31932 0.70483 0.30630 0.69938 0.29041 0.69568 0.27608 0.68906 0.25941 0.68302 0.25029 0.67211 0.24300 0.66432 0.24144 0.65848 0.24222 0.65205 0.24509 0.64153 0.25472 0.63141 0.26905 0.62381 0.28650 0.62011 0.29145
4 0.39985 0.25308 0.39380 0.26164 0.39380 0.27109 0.39716 0.28234 0.40591 0.29360 0.41534 0.29809 0.42241 0.29809 0.43216 0.30530 0.44933 0.30575 0.46010 0.30260 0.47154 0.29360 0.47894 0.28279 0.47154 0.26794 0.46481 0.25624 0.46481 0.24183 0.47087 0.23553 0.47322 0.23013 0.46885 0.21977 0.45909 0.21257 0.45303 0.20807 0.44361 0.20807 0.43485 0.21482 0.42510 0.22383 0.41735 0.23327 0.40995 0.24408 0.39985 0.25308
4 0.46515 0.24408 0.46548 0.25624 0.47188 0.27109 0.47928 0.28324 0.48971 0.29134 0.50688 0.29314 0.51695 0.29706 0.52339 0.29643 0.53356 0.28798 0.53683 0.26524 0.54120 0.23958 0.53683 0.22112 0.52909 0.21392 0.51798 0.21122 0.51159 0.21077 0.50519 0.21122 0.49072 0.22022 0.47793 0.22878 0.46985 0.23643 0.46515 0.24408
4 0.72707 0.51933 0.73347 0.55085 0.74390 0.57875 0.75265 0.59946 0.76544 0.61432 0.77183 0.61927 0.78159 0.61881 0.78563 0.61657 0.79539 0.61612 0.80481 0.61566 0.81053 0.60801 0.81929 0.60441 0.82803 0.59721 0.84015 0.57830 0.84352 0.55445 0.84318 0.52339 0.84116 0.49233 0.83813 0.45451 0.82803 0.42706 0.81491 0.41040 0.80111 0.40500 0.79640 0.41850 0.77284 0.42931 0.76847 0.43246 0.75803 0.44101 0.74726 0.44461 0.74020 0.45677 0.73111 0.47882 0.72842 0.50178 0.72707 0.51933
4 0.24000 0.43764 0.24168 0.44799 0.24909 0.46419 0.25985 0.47860 0.27096 0.48490 0.28241 0.49435 0.29620 0.50155 0.30697 0.49615 0.32245 0.48175 0.34130 0.45249 0.35274 0.42773 0.35409 0.40118 0.35038 0.36877 0.34332 0.35527 0.32784 0.34536 0.32043 0.33906 0.31808 0.32555 0.31471 0.31655 0.30529 0.30755 0.29485 0.30395 0.28274 0.31295 0.27096 0.32826 0.26322 0.35436 0.25279 0.38812 0.24505 0.41603 0.24000 0.43764
