1 0.65551 0.68979 0.65495 0.68570 0.65420 0.68216 0.65390 0.67970 0.65270 0.67962 0.65231 0.68087 0.65337 0.68541 0.65384 0.68887 0.65459 0.69100 0.65551 0.68979
4 0.51022 0.59045 0.51412 0.60351 0.52313 0.61251 0.52253 0.62061 0.52523 0.63097 0.52702 0.64402 0.53123 0.65302 0.53843 0.65933 0.54803 0.66743 0.56544 0.67508 0.57564 0.67238 0.58134 0.66608 0.58824 0.66203 0.59995 0.64987 0.60535 0.64267 0.61735 0.63547 0.62666 0.63727 0.63476 0.63142 0.64106 0.61656 0.64496 0.59946 0.65156 0.56615 0.65486 0.54274 0.65516 0.51978 0.65426 0.49773 0.64886 0.47117 0.63926 0.45227 0.62726 0.43156 0.60895 0.43246 0.58944 0.43156 0.58464 0.43426 0.58044 0.43696 0.57084 0.46352 0.56604 0.47072 0.54923 0.47837 0.54563 0.48197 0.53633 0.48918 0.52702 0.49143 0.51952 0.49322 0.50572 0.49188 0.49672 0.49008 0.49522 0.50358 0.49672 0.53104 0.50482 0.57965 0.51022 0.59045
4 0.25120 0.13220 0.26301 0.14080 0.27187 0.14783 0.28159 0.15356 0.29236 0.15930 0.29584 0.15930 0.29792 0.15382 0.29636 0.14627 0.29722 0.12855 0.30347 0.11449 0.31042 0.10381 0.30990 0.09808 0.30608 0.08844 0.29809 0.08766 0.28594 0.08271 0.27395 0.07411 0.26145 0.06448 0.24443 0.05848 0.22846 0.05145 0.21526 0.04676 0.20553 0.06187 0.19407 0.08401 0.18921 0.09391 0.19042 0.09808 0.21178 0.10850 0.23627 0.12152 0.24374 0.12751 0.25120 0.13220
4 0.46406 0.45545 0.46528 0.46717 0.46886 0.47825 0.47622 0.48697 0.48542 0.48983 0.49063 0.49088 0.49532 0.49010 0.50453 0.49218 0.51894 0.49322 0.53127 0.49035 0.54360 0.48384 0.55002 0.47733 0.55888 0.47368 0.56479 0.47212 0.57052 0.46378 0.57625 0.44737 0.58389 0.42523 0.58719 0.41090 0.58649 0.39345 0.58597 0.38303 0.58146 0.37209 0.57729 0.36454 0.57052 0.35724 0.55871 0.36011 0.54342 0.36193 0.53648 0.36219 0.53335 0.36011 0.53231 0.36193 0.52745 0.37756 0.52415 0.38564 0.52206 0.38903 0.51807 0.39397 0.50904 0.39606 0.50227 0.39658 0.49393 0.39527 0.48369 0.39658 0.47552 0.40048 0.47118 0.41351 0.46545 0.42966 0.46354 0.44372 0.46406 0.45545
3 0.58539 0.61330 0.58088 0.61066 0.57711 0.60784 0.57209 0.60953 0.56669 0.61292 0.55641 0.61179 0.55302 0.61462 0.55088 0.61763 0.54499 0.62102 0.53984 0.62139 0.53457 0.62008 0.52880 0.61518 0.52691 0.61349 0.52365 0.61236 0.52378 0.61725 0.52403 0.62158 0.52528 0.62610 0.52917 0.62365 0.53645 0.62760 0.54160 0.62723 0.54574 0.62572 0.55402 0.62196 0.55967 0.61857 0.56694 0.61970 0.57096 0.61951 0.57561 0.61725 0.57836 0.61650 0.58376 0.62196 0.58815 0.62723 0.58953 0.63532 0.59167 0.63702 0.59656 0.63043 0.59932 0.63382 0.60070 0.64229 0.60158 0.64511 0.60509 0.64191 0.61074 0.63909 0.61476 0.63664 0.61789 0.63495 0.61978 0.63476 0.61526 0.62873 0.60560 0.62346 0.59894 0.61800 0.59292 0.61556 0.58539 0.61330
1 0.58838 0.61905 0.58880 0.61972 0.59016 0.61939 0.59030 0.61955 0.59085 0.61989 0.59155 0.61868 0.59194 0.61922 0.59235 0.62035 0.59191 0.62093 0.59133 0.62172 0.59108 0.62297 0.59152 0.62339 0.59152 0.62443 0.59221 0.62501 0.59311 0.62618 0.59399 0.62597 0.59413 0.62476 0.59438 0.62310 0.59485 0.62205 0.59571 0.62097 0.59638 0.61980 0.59710 0.61918 0.59760 0.61855 0.59696 0.61810 0.59594 0.61743 0.59488 0.61685 0.59394 0.61643 0.59311 0.61626 0.59255 0.61626 0.59219 0.61605 0.59188 0.61622 0.59135 0.61701 0.59061 0.61776 0.58971 0.61785 0.58883 0.61872 0.58838 0.61905
4 0.07881 0.05093 0.07106 0.05843 0.06281 0.07306 0.05656 0.08244 0.05331 0.09219 0.05281 0.10457 0.05731 0.11170 0.06431 0.11470 0.07006 0.11582 0.08106 0.11732 0.09107 0.11845 0.10657 0.12332 0.11983 0.12970 0.13458 0.13683 0.14909 0.14020 0.15934 0.13870 0.16209 0.13683 0.16059 0.12595 0.15884 0.11807 0.15459 0.11132 0.14834 0.10232 0.14233 0.09744 0.13483 0.09557 0.12558 0.09482 0.11482 0.09557 0.11133 0.09444 0.10707 0.09144 0.10582 0.08956 0.10557 0.08544 0.10564 0.07992 0.11067 0.07008 0.11983 0.05983 0.12667 0.05279 0.13083 0.04718 0.10857 0.03968 0.09732 0.03893 0.08607 0.04530 0.07881 0.05093
4 0.39216 0.18271 0.38817 0.19157 0.39043 0.19495 0.39460 0.20173 0.39564 0.21397 0.39494 0.22335 0.39755 0.23429 0.40693 0.25383 0.41439 0.27050 0.42082 0.28482 0.42811 0.28847 0.43680 0.29212 0.44479 0.29368 0.45138 0.29290 0.46198 0.28430 0.46927 0.26998 0.47240 0.26347 0.47587 0.25435 0.48178 0.24237 0.48629 0.23195 0.48855 0.22674 0.47066 0.20199 0.44635 0.17594 0.42759 0.16135 0.41561 0.15458 0.40588 0.15145 0.40293 0.15510 0.39755 0.16500 0.39477 0.17360 0.39216 0.18271
1 0.65631 0.66906 0.65398 0.66891 0.65281 0.66866 0.65514 0.67101 0.65801 0.67191 0.66161 0.67261 0.66321 0.67271 0.66444 0.67251 0.66501 0.67096 0.66434 0.66961 0.66211 0.66896 0.65934 0.66936 0.65791 0.66961 0.65631 0.66906
4 0.02780 0.14620 0.02555 0.15596 0.02530 0.16796 0.02705 0.17584 0.03130 0.18597 0.03555 0.19347 0.04130 0.19760 0.04481 0.19910 0.06481 0.20322 0.07781 0.20772 0.09032 0.20772 0.10932 0.20472 0.13008 0.19947 0.14258 0.19234 0.14533 0.18522 0.14333 0.17171 0.13683 0.15933 0.12808 0.14358 0.11682 0.12745 0.09807 0.12145 0.08407 0.11770 0.06906 0.11620 0.05806 0.11245 0.05331 0.10607 0.05081 0.10644 0.04506 0.11545 0.03655 0.12632 0.03130 0.13345 0.02780 0.14620
1 0.57183 0.61330 0.57161 0.61405 0.57205 0.61410 0.57277 0.61401 0.57316 0.61376 0.57391 0.61322 0.57455 0.61201 0.57471 0.61139 0.57466 0.61085 0.57460 0.61035 0.57527 0.60980 0.57585 0.61018 0.57655 0.61114 0.57744 0.61130 0.57741 0.61085 0.57669 0.60985 0.57608 0.60914 0.57508 0.60905 0.57432 0.60951 0.57388 0.60972 0.57272 0.60997 0.57138 0.61085 0.57172 0.61218 0.57186 0.61251 0.57183 0.61330
4 0.31558 0.16474 0.32374 0.16839 0.33191 0.17385 0.35049 0.18063 0.36056 0.18454 0.37358 0.18766 0.37949 0.19235 0.38366 0.19131 0.38817 0.18923 0.39234 0.18167 0.39842 0.16344 0.40293 0.15484 0.40380 0.15197 0.39599 0.14911 0.38418 0.14416 0.36976 0.13452 0.35431 0.12124 0.34041 0.11003 0.32756 0.10040 0.32027 0.09493 0.31645 0.09388 0.30968 0.10430 0.30290 0.11577 0.29665 0.12879 0.29596 0.14703 0.29769 0.15458 0.30256 0.15770 0.30481 0.15588 0.30742 0.15953 0.31558 0.16474
1 0.58232 0.61647 0.58294 0.61680 0.58252 0.61572 0.58149 0.61439 0.58038 0.61326 0.57999 0.61314 0.57936 0.61293 0.57852 0.61247 0.57794 0.61239 0.57883 0.61410 0.58027 0.61518 0.58124 0.61589 0.58232 0.61647
4 0.42377 0.34188 0.42308 0.35125 0.42360 0.36219 0.42533 0.37183 0.42950 0.38329 0.43714 0.38980 0.44426 0.39501 0.45868 0.40022 0.47309 0.40022 0.48386 0.39684 0.49515 0.39527 0.50209 0.39632 0.51008 0.39580 0.51772 0.39319 0.52259 0.38850 0.52728 0.37886 0.53109 0.36480 0.53301 0.35698 0.54082 0.33745 0.54447 0.32364 0.54724 0.31270 0.54673 0.30254 0.53162 0.28040 0.52050 0.26607 0.51147 0.25617 0.50626 0.24914 0.48733 0.25695 0.47257 0.26347 0.46858 0.27128 0.46250 0.28405 0.45121 0.29394 0.44426 0.29316 0.43662 0.29160 0.43350 0.30254 0.43072 0.31426 0.42690 0.32911 0.42377 0.34188
1 0.16512 0.11062 0.17145 0.11665 0.17527 0.11951 0.18039 0.12147 0.18502 0.12343 0.18803 0.12252 0.18934 0.11981 0.18944 0.11559 0.18813 0.11273 0.18642 0.10745 0.18552 0.10549 0.17919 0.10172 0.17306 0.09901 0.16361 0.09720 0.15929 0.09660 0.15426 0.09705 0.15828 0.10127 0.16180 0.10293 0.16170 0.10640 0.16512 0.11062
4 0.19469 0.14127 0.20234 0.14283 0.21223 0.14101 0.21710 0.13893 0.22231 0.12929 0.22335 0.11965 0.21918 0.11235 0.20963 0.10819 0.19643 0.10168 0.19018 0.09881 0.18931 0.09360 0.19765 0.07588 0.20424 0.06338 0.20963 0.05426 0.20963 0.05088 0.20546 0.04176 0.19192 0.03707 0.16656 0.03342 0.14694 0.03212 0.14051 0.03472 0.12974 0.04801 0.11811 0.06182 0.10995 0.07198 0.10474 0.08135 0.10509 0.09047 0.11203 0.09542 0.12019 0.09568 0.12801 0.09516 0.14086 0.09646 0.14885 0.10220 0.15892 0.11782 0.16274 0.12382 0.17090 0.13059 0.17976 0.13606 0.19469 0.14127
4 0.02505 0.25724 0.02455 0.26474 0.02880 0.27337 0.03330 0.28162 0.03980 0.29287 0.04456 0.29287 0.05206 0.29287 0.05731 0.29625 0.07731 0.30038 0.08257 0.30825 0.09307 0.31613 0.10557 0.31125 0.11983 0.30075 0.13058 0.29175 0.14258 0.27749 0.14608 0.26774 0.14784 0.25686 0.14708 0.24523 0.14283 0.23285 0.13208 0.22610 0.11533 0.21785 0.10557 0.21372 0.09682 0.20960 0.08957 0.20735 0.07781 0.20772 0.06031 0.20285 0.04856 0.20097 0.04355 0.20060 0.03705 0.20848 0.03055 0.22648 0.02630 0.24148 0.02505 0.25724
4 0.02955 0.36377 0.04155 0.37127 0.06331 0.38440 0.07731 0.39378 0.08232 0.39303 0.09057 0.39715 0.10732 0.38777 0.11707 0.37802 0.12958 0.36002 0.13358 0.34501 0.13208 0.33564 0.12533 0.32476 0.11832 0.31913 0.11058 0.31500 0.10407 0.31313 0.09307 0.31650 0.08282 0.30788 0.07681 0.30000 0.05781 0.29587 0.05106 0.29287 0.04280 0.29287 0.04030 0.29400 0.03680 0.30038 0.03180 0.31613 0.02980 0.32926 0.02955 0.34426 0.02955 0.36377
1 0.49070 0.46147 0.49087 0.46231 0.49188 0.46167 0.49246 0.46025 0.49258 0.45856 0.49291 0.45722 0.49294 0.45591 0.49241 0.45465 0.49188 0.45423 0.49148 0.45495 0.49103 0.45675 0.49078 0.45844 0.49073 0.46016 0.49070 0.46147
