4 0.57476 0.94128 0.58344 0.94471 0.60266 0.94409 0.61415 0.94003 0.63244 0.93065 0.63642 0.92565 0.63759 0.91252 0.63806 0.89877 0.63338 0.88751 0.63106 0.88356 0.61767 0.88407 0.61345 0.88532 0.60501 0.88063 0.59938 0.87970 0.59516 0.88157 0.59024 0.88814 0.58437 0.89220 0.58156 0.89501 0.57289 0.89595 0.56890 0.89752 0.56562 0.90377 0.56375 0.91127 0.56726 0.92690 0.57476 0.94128
4 0.67643 0.51304 0.67526 0.52346 0.67057 0.53727 0.66842 0.54821 0.66940 0.55733 0.67018 0.56384 0.67311 0.56462 0.67448 0.56332 0.68249 0.55941 0.68639 0.55993 0.69948 0.56098 0.71765 0.55837 0.72918 0.56462 0.73778 0.57087 0.74481 0.57817 0.75106 0.58963 0.75907 0.58337 0.76474 0.56931 0.76513 0.54534 0.76317 0.52503 0.76044 0.51174 0.75614 0.50158 0.74989 0.49038 0.74305 0.48309 0.73250 0.47475 0.72586 0.47397 0.71316 0.47787 0.70534 0.47787 0.69460 0.48335 0.68190 0.49038 0.67741 0.50028 0.67643 0.51304
4 0.31992 0.83125 0.32532 0.83625 0.32907 0.84437 0.33212 0.84969 0.33774 0.85594 0.34266 0.86157 0.34946 0.86970 0.35298 0.87532 0.35603 0.86313 0.35861 0.85250 0.36353 0.84500 0.36845 0.84062 0.37830 0.83781 0.38674 0.83906 0.39260 0.83937 0.39776 0.83312 0.39776 0.81687 0.39612 0.80905 0.39260 0.79842 0.38627 0.78936 0.37689 0.77967 0.37009 0.77654 0.36283 0.77279 0.34946 0.77342 0.33985 0.77686 0.33258 0.78155 0.32555 0.78873 0.32039 0.79623 0.31688 0.80843 0.31500 0.82030 0.31664 0.82781 0.31992 0.83125
4 0.37900 0.94034 0.38791 0.94503 0.39377 0.94534 0.40338 0.94190 0.41347 0.93815 0.42707 0.92721 0.43386 0.91877 0.43949 0.90033 0.43949 0.88345 0.43527 0.87063 0.42870 0.86032 0.40737 0.85375 0.39541 0.84531 0.39073 0.83937 0.37830 0.83781 0.36822 0.84094 0.36283 0.84594 0.35907 0.85219 0.35321 0.87626 0.35321 0.89501 0.35884 0.91189 0.36822 0.93159 0.37900 0.94034
4 0.65220 0.62297 0.65142 0.63782 0.65396 0.65058 0.65631 0.65579 0.66256 0.66413 0.66764 0.67116 0.66959 0.67142 0.68132 0.66569 0.69030 0.66230 0.69968 0.66230 0.70632 0.66179 0.71687 0.66699 0.72254 0.67194 0.73055 0.68002 0.74676 0.68210 0.75458 0.68210 0.75595 0.66882 0.75790 0.64902 0.75790 0.63000 0.75868 0.61880 0.75692 0.60838 0.75301 0.59614 0.74540 0.58103 0.73641 0.57035 0.72547 0.56280 0.71726 0.55837 0.70730 0.56045 0.69988 0.56149 0.68757 0.56045 0.68288 0.55889 0.67448 0.56254 0.67330 0.56514 0.66568 0.56462 0.66021 0.57244 0.65553 0.58233 0.65396 0.60083 0.65220 0.62297
4 0.65592 0.69799 0.65475 0.70659 0.65475 0.71570 0.65533 0.72066 0.65709 0.72613 0.65904 0.73238 0.66041 0.73602 0.66334 0.73733 0.66764 0.73681 0.67897 0.73420 0.68815 0.73238 0.69675 0.73681 0.70320 0.74123 0.71238 0.75165 0.71687 0.75817 0.72175 0.75608 0.72899 0.75218 0.73758 0.74280 0.74481 0.72769 0.74442 0.71935 0.74070 0.70087 0.73426 0.68679 0.72430 0.67455 0.71570 0.66673 0.70456 0.66205 0.69245 0.66230 0.68463 0.66439 0.67663 0.66830 0.66940 0.67220 0.66568 0.67533 0.66139 0.68549 0.65592 0.69799
4 0.27139 0.59180 0.27139 0.60024 0.27280 0.61524 0.27491 0.62806 0.27725 0.63431 0.28100 0.63900 0.28382 0.64088 0.28991 0.63400 0.29531 0.62931 0.30117 0.62494 0.30773 0.62056 0.31101 0.61243 0.31734 0.60899 0.32344 0.60618 0.33118 0.60680 0.34032 0.60899 0.35181 0.60712 0.35954 0.60649 0.36212 0.60649 0.36353 0.59524 0.36001 0.57836 0.35462 0.56742 0.35157 0.55992 0.34946 0.54210 0.34524 0.53460 0.34079 0.52897 0.33165 0.52584 0.32696 0.52522 0.31969 0.52741 0.31430 0.52741 0.31078 0.52647 0.30773 0.52522 0.30281 0.52553 0.29695 0.52772 0.29132 0.53022 0.28523 0.53835 0.28100 0.54491 0.27561 0.55648 0.27186 0.57086 0.27139 0.59180
4 0.27843 0.68527 0.27960 0.69339 0.27983 0.70121 0.28218 0.71277 0.28382 0.72184 0.28593 0.72934 0.29132 0.73465 0.29671 0.73715 0.30140 0.72684 0.30680 0.72090 0.31195 0.71684 0.31852 0.70996 0.32321 0.70652 0.33399 0.70183 0.34126 0.70027 0.35110 0.70496 0.35556 0.71184 0.36095 0.71246 0.36658 0.71027 0.37455 0.69902 0.37924 0.68058 0.38111 0.66838 0.37947 0.65870 0.37783 0.64088 0.37572 0.62806 0.37080 0.61837 0.36798 0.61243 0.36212 0.60587 0.34853 0.60712 0.34055 0.60868 0.32414 0.60555 0.31172 0.61212 0.30773 0.62025 0.29460 0.62994 0.28312 0.64088 0.27983 0.65057 0.27843 0.66057 0.27819 0.67432 0.27843 0.68527
4 0.29906 0.77686 0.30328 0.78280 0.31031 0.79061 0.32063 0.79498 0.32532 0.78905 0.33188 0.78280 0.33868 0.77654 0.34501 0.77435 0.34993 0.77310 0.36306 0.77279 0.36962 0.77623 0.37150 0.77654 0.37502 0.76216 0.37455 0.74622 0.36962 0.73153 0.36306 0.72152 0.35439 0.71027 0.34829 0.70465 0.34126 0.70183 0.33305 0.70214 0.32321 0.70746 0.31500 0.71277 0.30797 0.72027 0.30211 0.72559 0.29648 0.73653 0.29367 0.74653 0.29249 0.75466 0.29531 0.76685 0.29906 0.77686
4 0.62446 0.88034 0.62524 0.88346 0.63032 0.88346 0.63325 0.88633 0.63521 0.89024 0.63833 0.89883 0.63833 0.91160 0.64126 0.92045 0.64537 0.92853 0.65201 0.93296 0.65943 0.93270 0.66881 0.92983 0.67643 0.92384 0.68405 0.91602 0.69362 0.90092 0.69890 0.88893 0.70163 0.87773 0.70280 0.86757 0.70320 0.85794 0.69948 0.85064 0.69421 0.84048 0.68932 0.83814 0.68112 0.83423 0.67370 0.83267 0.66940 0.83397 0.66510 0.83710 0.65924 0.83814 0.65592 0.83918 0.65064 0.84153 0.64634 0.84153 0.64107 0.84048 0.63755 0.84100 0.63110 0.84569 0.62817 0.85116 0.62466 0.85559 0.62387 0.85976 0.62309 0.87252 0.62446 0.88034
4 0.64283 0.76442 0.63950 0.77406 0.63853 0.77901 0.63912 0.79255 0.64087 0.79985 0.64341 0.80792 0.64615 0.81443 0.64908 0.81886 0.65494 0.83111 0.65689 0.83605 0.65885 0.83657 0.66471 0.83684 0.66783 0.83449 0.67350 0.83163 0.68014 0.83371 0.68600 0.83605 0.69382 0.83996 0.69988 0.85038 0.70613 0.84153 0.71550 0.83267 0.72390 0.82355 0.72879 0.81365 0.72859 0.80141 0.72605 0.78317 0.72137 0.76702 0.71257 0.75244 0.70280 0.74097 0.69382 0.73524 0.68776 0.73238 0.67448 0.73524 0.66588 0.73733 0.65963 0.74097 0.65475 0.74540 0.65084 0.75061 0.64556 0.75764 0.64283 0.76442
4 0.47161 0.95472 0.49412 0.95534 0.50677 0.95065 0.51709 0.93503 0.51639 0.90908 0.51264 0.89845 0.50630 0.89283 0.50138 0.89095 0.49529 0.88438 0.48403 0.88282 0.48122 0.88564 0.47770 0.88657 0.47161 0.88626 0.46692 0.88157 0.45965 0.87970 0.45262 0.87938 0.44746 0.88407 0.44395 0.88907 0.44043 0.89095 0.43949 0.89595 0.44558 0.91846 0.45825 0.94221 0.46176 0.95097 0.47161 0.95472
