3 0.39515 0.57484 0.40264 0.57492 0.40650 0.57262 0.41164 0.56569 0.41737 0.56348 0.42167 0.56089 0.42475 0.55354 0.42505 0.54792 0.42435 0.54538 0.41696 0.53560 0.41559 0.52614 0.41424 0.51605 0.41103 0.50994 0.40842 0.50823 0.40045 0.50562 0.39820 0.50488 0.39012 0.54014 0.38672 0.56125 0.38313 0.59017 0.38136 0.61199 0.38119 0.62325 0.38592 0.59626 0.39102 0.59027 0.39232 0.58533 0.39182 0.57905 0.39515 0.57484
4 0.59163 0.64890 0.59560 0.65316 0.60157 0.66474 0.61106 0.66659 0.61813 0.66291 0.62249 0.65412 0.62734 0.64716 0.63363 0.63577 0.63497 0.61015 0.62579 0.58533 0.61677 0.56322 0.60578 0.54461 0.59894 0.53794 0.59510 0.54270 0.58734 0.55942 0.57993 0.56940 0.56978 0.58014 0.56073 0.58147 0.56630 0.59528 0.57106 0.60725 0.57547 0.62010 0.58393 0.63001 0.58781 0.63607 0.59163 0.64890
2 0.58184 0.82647 0.58645 0.81958 0.59046 0.80965 0.59016 0.80099 0.58963 0.78744 0.58605 0.77486 0.58240 0.76828 0.57593 0.76306 0.57063 0.76428 0.56226 0.76196 0.55447 0.75855 0.54667 0.75026 0.54067 0.74581 0.53919 0.73109 0.53702 0.73923 0.53450 0.74925 0.53210 0.75701 0.53461 0.77104 0.54627 0.78179 0.56079 0.80922 0.57034 0.82700 0.57533 0.83177 0.58184 0.82647
2 0.42496 0.74856 0.42573 0.73390 0.42812 0.72272 0.42846 0.71912 0.42609 0.71831 0.42119 0.72598 0.41901 0.73310 0.41891 0.74372 0.41967 0.74919 0.41922 0.75776 0.41731 0.76558 0.41745 0.77441 0.42398 0.76435 0.42496 0.74856
4 0.41901 0.77237 0.42426 0.76363 0.42517 0.75196 0.42611 0.73398 0.42928 0.71927 0.44000 0.70315 0.44535 0.66963 0.44683 0.64717 0.44284 0.64335 0.42903 0.64398 0.41831 0.64297 0.40819 0.63613 0.40302 0.63766 0.39565 0.63547 0.39126 0.63930 0.38790 0.64633 0.38575 0.67011 0.38480 0.69981 0.38670 0.73191 0.38993 0.76183 0.39392 0.78277 0.39925 0.78395 0.40905 0.78537 0.41280 0.78241 0.41901 0.77237
1 0.35343 0.53598 0.35557 0.52765 0.35665 0.52422 0.36086 0.52235 0.36149 0.51980 0.36443 0.51377 0.36707 0.50895 0.36919 0.50104 0.36997 0.49958 0.36462 0.49839 0.36011 0.49830 0.35719 0.50238 0.35533 0.50545 0.35355 0.52406 0.35253 0.53202 0.35072 0.53978 0.35343 0.53598
2 0.49784 0.73467 0.49521 0.72853 0.49165 0.72392 0.48875 0.73941 0.48930 0.75536 0.48931 0.76840 0.49120 0.77217 0.49367 0.76785 0.49538 0.76167 0.49752 0.75057 0.49843 0.73992 0.49784 0.73467
2 0.29321 0.75178 0.29463 0.75786 0.29723 0.76551 0.29841 0.76669 0.30367 0.75683 0.31151 0.74522 0.31931 0.73924 0.32270 0.73642 0.32284 0.72891 0.32333 0.71955 0.32045 0.71752 0.31603 0.71616 0.31189 0.71895 0.30637 0.72429 0.30154 0.73080 0.30215 0.73346 0.29975 0.74123 0.29321 0.75178
4 0.48947 0.77020 0.49598 0.78316 0.50040 0.79016 0.50750 0.78602 0.51819 0.78208 0.52615 0.77302 0.54485 0.70189 0.54769 0.68761 0.54803 0.66960 0.54327 0.65763 0.53811 0.65330 0.53012 0.65153 0.52002 0.65010 0.50822 0.64678 0.49563 0.64702 0.48889 0.65568 0.48580 0.66904 0.48315 0.70226 0.48266 0.71170 0.48580 0.71457 0.48828 0.71876 0.48963 0.72153 0.49192 0.72345 0.48867 0.73996 0.48876 0.75529 0.48947 0.77020
4 0.29897 0.76653 0.31088 0.74506 0.32198 0.73889 0.33034 0.73932 0.34013 0.73533 0.34268 0.73231 0.33816 0.70999 0.33397 0.69850 0.32773 0.67473 0.32616 0.66473 0.32202 0.65235 0.31929 0.63597 0.31730 0.62821 0.31107 0.62158 0.30318 0.62341 0.30051 0.62868 0.29423 0.64007 0.28510 0.65988 0.27650 0.69278 0.27194 0.71688 0.27026 0.73753 0.26958 0.75057 0.27331 0.77059 0.27916 0.77901 0.28642 0.77759 0.29897 0.76653
4 0.45914 0.78436 0.46869 0.76871 0.47121 0.74931 0.46376 0.73427 0.46650 0.72014 0.46232 0.70940 0.45672 0.70685 0.45344 0.70743 0.44896 0.71208 0.44480 0.72013 0.43792 0.72765 0.43516 0.73728 0.43247 0.75066 0.43204 0.75890 0.43355 0.76799 0.43819 0.77951 0.44203 0.78722 0.45343 0.78857 0.45914 0.78436
4 0.53408 0.77029 0.54570 0.78262 0.55746 0.80396 0.56339 0.81645 0.56912 0.82711 0.57483 0.83237 0.58198 0.82734 0.59123 0.81069 0.59246 0.79859 0.59190 0.77512 0.59122 0.74804 0.58712 0.72348 0.58131 0.70290 0.57584 0.68729 0.56748 0.66972 0.56273 0.66902 0.55859 0.67376 0.55333 0.67709 0.54939 0.68364 0.54766 0.69392 0.54604 0.70195 0.54023 0.72148 0.53628 0.73975 0.53265 0.75173 0.53140 0.75843 0.53408 0.77029
3 0.35321 0.54364 0.35650 0.53838 0.35980 0.53281 0.36283 0.52663 0.36496 0.52236 0.36924 0.51534 0.37384 0.51362 0.37435 0.50761 0.37462 0.50053 0.37489 0.49933 0.36951 0.49860 0.36061 0.49813 0.35546 0.50269 0.35247 0.53107 0.34961 0.54135 0.34158 0.55722 0.34922 0.54720 0.35321 0.54364
4 0.34400 0.64989 0.35596 0.65593 0.36731 0.65652 0.37636 0.65520 0.37859 0.65260 0.38101 0.62929 0.38557 0.59933 0.39295 0.58980 0.39327 0.57810 0.39918 0.57390 0.40386 0.57595 0.41209 0.56737 0.41818 0.56543 0.42158 0.56336 0.42605 0.55232 0.42434 0.54502 0.41952 0.53981 0.41703 0.53607 0.41590 0.51753 0.41322 0.51153 0.40988 0.50685 0.39489 0.50155 0.38506 0.50059 0.36065 0.49796 0.35524 0.50399 0.35306 0.52280 0.35296 0.53269 0.34395 0.55388 0.33962 0.56222 0.33595 0.59223 0.33465 0.61695 0.33565 0.63233 0.33733 0.64008 0.34400 0.64989
4 0.30690 0.57537 0.31580 0.56547 0.32407 0.54473 0.32490 0.54026 0.31393 0.53248 0.30588 0.52619 0.29319 0.52282 0.29020 0.52266 0.27476 0.54890 0.25931 0.57514 0.24530 0.59108 0.24659 0.60647 0.25022 0.62289 0.25361 0.63253 0.25886 0.63506 0.26443 0.63175 0.27123 0.62760 0.27834 0.61760 0.28739 0.59915 0.29906 0.58218 0.30690 0.57537
1 0.44157 0.75351 0.44549 0.73901 0.44907 0.73083 0.45015 0.72455 0.45145 0.71693 0.44820 0.71585 0.44448 0.72086 0.43855 0.72801 0.43468 0.73890 0.43223 0.75121 0.43238 0.75981 0.43345 0.76801 0.43596 0.77176 0.43825 0.77392 0.43990 0.76247 0.44157 0.75351
