1 0.39026 0.36315 0.39254 0.36457 0.39494 0.36375 0.39810 0.36188 0.39952 0.35937 0.39894 0.35791 0.39723 0.35634 0.39528 0.35460 0.39445 0.35348 0.39160 0.35515 0.38860 0.35585 0.38602 0.35583 0.38415 0.35543 0.38365 0.35653 0.38270 0.36181 0.37895 0.36689 0.37493 0.37072 0.37097 0.37469 0.36876 0.38090 0.36851 0.38205 0.37257 0.37930 0.37880 0.37515 0.38346 0.37079 0.38646 0.36381 0.39026 0.36315
4 0.38183 0.45104 0.40739 0.40585 0.43693 0.37946 0.46794 0.35337 0.46322 0.35099 0.45861 0.34817 0.45043 0.34045 0.43269 0.33300 0.42422 0.33534 0.41386 0.34510 0.40409 0.35499 0.39884 0.35801 0.39608 0.35513 0.39816 0.34821 0.40757 0.32996 0.41049 0.31907 0.40847 0.31128 0.39801 0.29985 0.38512 0.31000 0.36714 0.30940 0.35875 0.32004 0.34386 0.33667 0.33594 0.35661 0.32715 0.37775 0.32290 0.39342 0.32554 0.41422 0.33225 0.43314 0.34725 0.43909 0.36319 0.45214 0.37684 0.46010 0.38183 0.45104
1 0.63306 0.47146 0.63008 0.47563 0.62848 0.48084 0.63050 0.48238 0.63535 0.47638 0.63933 0.47390 0.64162 0.47124 0.64148 0.46900 0.64017 0.46705 0.63306 0.47146
4 0.52478 0.77870 0.53443 0.78382 0.54302 0.77950 0.55078 0.76582 0.54267 0.75105 0.53900 0.75028 0.53773 0.74425 0.53553 0.74378 0.53279 0.73860 0.53064 0.73431 0.53067 0.72933 0.53871 0.72759 0.54210 0.72486 0.54514 0.71898 0.54729 0.71369 0.54997 0.70467 0.55790 0.69984 0.56436 0.69354 0.56991 0.68666 0.57447 0.67843 0.57879 0.67015 0.58404 0.66589 0.58630 0.66369 0.58725 0.66159 0.59172 0.65142 0.59730 0.63957 0.60026 0.62447 0.59768 0.61855 0.59025 0.60662 0.58011 0.59296 0.57735 0.59391 0.54929 0.62131 0.51523 0.66124 0.49968 0.67788 0.49485 0.69219 0.49622 0.70858 0.49770 0.73651 0.50184 0.76155 0.50950 0.77238 0.51814 0.77384 0.52478 0.77870
4 0.63502 0.44288 0.63763 0.42579 0.63876 0.41567 0.64048 0.40876 0.63780 0.39975 0.63277 0.39331 0.63064 0.39133 0.62293 0.39391 0.61456 0.39481 0.60520 0.39435 0.59679 0.39180 0.58081 0.40566 0.55273 0.44034 0.53945 0.46551 0.53210 0.48083 0.54378 0.49328 0.55565 0.51920 0.56840 0.55182 0.64000 0.47116 0.63630 0.45849 0.63502 0.44288
4 0.46616 0.35016 0.47607 0.35012 0.48222 0.35026 0.49054 0.35407 0.49331 0.35891 0.49677 0.36357 0.49855 0.36853 0.51485 0.34814 0.53494 0.32083 0.53644 0.31446 0.53861 0.29836 0.53804 0.27940 0.53703 0.26875 0.53935 0.24622 0.54142 0.22921 0.53767 0.22675 0.51937 0.23667 0.50998 0.24793 0.49364 0.26765 0.47007 0.29191 0.45607 0.31102 0.44566 0.32537 0.44565 0.33752 0.45391 0.34369 0.45889 0.34972 0.46616 0.35016
4 0.39796 0.29843 0.40880 0.31027 0.41112 0.32031 0.40697 0.33088 0.39605 0.35528 0.40115 0.35827 0.42440 0.33267 0.44020 0.26733 0.44231 0.23342 0.43646 0.21310 0.42612 0.18990 0.41350 0.18341 0.37044 0.21242 0.33432 0.24768 0.32199 0.27274 0.31033 0.30366 0.30387 0.32805 0.32064 0.32398 0.34472 0.32146 0.36890 0.30943 0.38249 0.31136 0.39796 0.29843
2 0.37435 0.37846 0.37888 0.37540 0.38871 0.37105 0.39309 0.36922 0.39518 0.36368 0.40091 0.35983 0.40399 0.35543 0.40011 0.35783 0.39529 0.35450 0.39612 0.34915 0.39060 0.35350 0.38102 0.35239 0.37169 0.35731 0.36284 0.36141 0.35335 0.36997 0.34835 0.37904 0.34875 0.39017 0.34885 0.40123 0.35400 0.39865 0.37435 0.37846
4 0.55027 0.79535 0.54664 0.82541 0.53740 0.86026 0.53422 0.88674 0.53668 0.90981 0.53979 0.91830 0.55235 0.91406 0.57186 0.89152 0.59457 0.86551 0.60924 0.84700 0.61529 0.83586 0.64125 0.80180 0.65677 0.78071 0.66872 0.76347 0.68162 0.73681 0.67736 0.72573 0.67204 0.71963 0.66285 0.72034 0.65618 0.70558 0.64076 0.68573 0.63376 0.67826 0.62441 0.67029 0.61292 0.67383 0.59523 0.68342 0.57610 0.69408 0.56219 0.70033 0.55072 0.70663 0.54655 0.72047 0.54849 0.74021 0.55324 0.74674 0.55356 0.77120 0.55027 0.79535
4 0.51714 0.42012 0.51901 0.42800 0.51946 0.45129 0.51960 0.46628 0.52781 0.47339 0.53215 0.47700 0.55448 0.43688 0.59546 0.38845 0.59318 0.37032 0.60067 0.33625 0.60730 0.30507 0.61022 0.28651 0.60643 0.28149 0.59882 0.27642 0.59223 0.27617 0.58066 0.28368 0.57102 0.28815 0.55444 0.29997 0.53406 0.32248 0.51357 0.35033 0.49974 0.36849 0.50725 0.38849 0.51171 0.40478 0.51714 0.42012
4 0.70210 0.75252 0.70858 0.75666 0.71131 0.76690 0.71576 0.77337 0.72720 0.77442 0.73196 0.77222 0.74275 0.76622 0.75382 0.74879 0.76537 0.73053 0.77325 0.72807 0.78341 0.72793 0.79022 0.72477 0.79175 0.72188 0.79853 0.71595 0.80401 0.70608 0.80752 0.69532 0.80426 0.68036 0.79824 0.67402 0.78676 0.66743 0.76016 0.65258 0.75306 0.64555 0.74257 0.65160 0.71718 0.67289 0.69502 0.69488 0.69274 0.70129 0.69047 0.72060 0.69095 0.72990 0.69482 0.73625 0.69725 0.74643 0.70210 0.75252
4 0.50046 0.22661 0.50678 0.18024 0.51592 0.14971 0.52454 0.12371 0.52777 0.10850 0.52603 0.10216 0.52009 0.09891 0.51183 0.10245 0.48445 0.13772 0.45365 0.19744 0.44231 0.23414 0.44019 0.26283 0.43485 0.29417 0.43871 0.30096 0.44700 0.31597 0.47277 0.28831 0.50448 0.25132 0.50046 0.22661
4 0.74148 0.65195 0.76450 0.63859 0.77285 0.61385 0.77284 0.59729 0.76411 0.58019 0.75700 0.57205 0.74412 0.57859 0.72575 0.58396 0.70458 0.57549 0.69015 0.56646 0.68503 0.55940 0.65852 0.59684 0.62110 0.65648 0.62359 0.66761 0.63381 0.67774 0.64577 0.69420 0.65614 0.70568 0.66402 0.72060 0.67257 0.71778 0.70894 0.67948 0.74148 0.65195
1 0.73053 0.71915 0.72791 0.71891 0.72318 0.71903 0.72068 0.72026 0.71755 0.72440 0.71926 0.72894 0.72234 0.73103 0.72418 0.73495 0.72613 0.73986 0.72781 0.74053 0.72972 0.73757 0.73083 0.73236 0.73095 0.72773 0.73121 0.72250 0.73053 0.71915
4 0.46078 0.52363 0.49547 0.48615 0.51856 0.46433 0.51866 0.42850 0.50778 0.39137 0.49635 0.36228 0.48957 0.35325 0.47328 0.35007 0.40945 0.40297 0.37819 0.46027 0.36512 0.49184 0.36793 0.53251 0.37312 0.54698 0.38925 0.56090 0.39475 0.56493 0.40512 0.57000 0.42270 0.56515 0.46078 0.52363
2 0.55021 0.76628 0.54327 0.75257 0.53933 0.75011 0.53781 0.74494 0.53496 0.74387 0.53104 0.73334 0.53036 0.72858 0.52851 0.73003 0.52337 0.73032 0.52179 0.73922 0.52169 0.74982 0.52507 0.75562 0.52813 0.76875 0.53005 0.77423 0.53343 0.77495 0.53560 0.78142 0.54269 0.77923 0.55021 0.76628
1 0.74898 0.67288 0.75290 0.66890 0.75444 0.66345 0.75489 0.65835 0.75524 0.65246 0.75184 0.64674 0.74125 0.65372 0.72649 0.66579 0.71970 0.67301 0.71802 0.67669 0.72360 0.67999 0.72920 0.68022 0.73328 0.67974 0.73869 0.67781 0.74613 0.67420 0.74898 0.67288
4 0.49437 0.67390 0.51950 0.65443 0.57063 0.59946 0.57746 0.59423 0.56835 0.55030 0.55696 0.52307 0.54353 0.49350 0.52019 0.46564 0.51335 0.47086 0.47421 0.50835 0.43529 0.54779 0.42328 0.56241 0.40434 0.59465 0.39625 0.61774 0.41032 0.65031 0.42567 0.66788 0.44905 0.67763 0.47660 0.67967 0.49437 0.67390
2 0.73246 0.74716 0.74268 0.74501 0.75803 0.73431 0.76497 0.72880 0.78858 0.72617 0.79184 0.72021 0.79871 0.71502 0.80343 0.70638 0.80700 0.69583 0.80446 0.68066 0.79862 0.67476 0.77550 0.66253 0.76059 0.65238 0.75249 0.64667 0.74190 0.65273 0.71774 0.67353 0.70600 0.68600 0.70411 0.70223 0.70160 0.71400 0.70840 0.72376 0.71580 0.73065 0.72458 0.74149 0.72712 0.74935 0.73246 0.74716
4 0.59084 0.65336 0.58755 0.66260 0.59365 0.66920 0.60518 0.66900 0.61341 0.66147 0.62967 0.64107 0.64963 0.60953 0.66699 0.58605 0.68364 0.56176 0.69290 0.52860 0.70329 0.49635 0.70499 0.48214 0.69573 0.46957 0.68564 0.47339 0.66821 0.47432 0.65697 0.47524 0.64300 0.47029 0.63812 0.47455 0.60946 0.50756 0.58383 0.53458 0.56824 0.55181 0.57335 0.57145 0.57874 0.59181 0.59070 0.60827 0.59740 0.61831 0.59973 0.62609 0.59759 0.63823 0.59084 0.65336
