4 0.55551 0.59679 0.56194 0.61320 0.56541 0.62883 0.57045 0.64680 0.57149 0.65384 0.57444 0.66165 0.58173 0.65618 0.58781 0.64342 0.59476 0.62518 0.59980 0.60799 0.60396 0.58872 0.60709 0.55980 0.60743 0.54625 0.60483 0.53193 0.58798 0.52438 0.57618 0.52099 0.56489 0.52490 0.55933 0.52776 0.55412 0.53375 0.55308 0.54027 0.55221 0.54886 0.55047 0.57569 0.55134 0.58924 0.55551 0.59679
4 0.22899 0.50405 0.23469 0.50720 0.23800 0.50765 0.24310 0.49865 0.24010 0.48335 0.24010 0.47119 0.23920 0.46174 0.23589 0.45003 0.23079 0.44283 0.22569 0.43293 0.22239 0.42483 0.21879 0.41537 0.21429 0.40952 0.21189 0.41267 0.21159 0.43383 0.21549 0.46399 0.22059 0.48470 0.22899 0.50405
4 0.44435 0.58517 0.44870 0.60449 0.45477 0.62772 0.46071 0.64638 0.46852 0.65333 0.47373 0.65637 0.47880 0.65420 0.48256 0.64725 0.48675 0.62945 0.49182 0.60514 0.49674 0.58821 0.49472 0.54305 0.49472 0.53502 0.49037 0.53047 0.48531 0.52743 0.47865 0.52612 0.47330 0.52699 0.46722 0.52873 0.46143 0.53155 0.45304 0.53415 0.44189 0.53437 0.44001 0.53806 0.43987 0.55000 0.44146 0.56325 0.44435 0.58517
4 0.35293 0.48425 0.35683 0.50315 0.35983 0.51305 0.36793 0.52295 0.37453 0.52701 0.38324 0.52836 0.39074 0.52565 0.39914 0.52070 0.40815 0.51260 0.41355 0.50090 0.41175 0.48605 0.41175 0.46489 0.41355 0.44238 0.39824 0.42753 0.38684 0.41673 0.37543 0.41447 0.36733 0.42302 0.36013 0.43563 0.35353 0.45048 0.35233 0.46714 0.35293 0.48425
4 0.26800 0.50135 0.27130 0.51755 0.27580 0.52836 0.27911 0.52656 0.28901 0.52340 0.29471 0.52025 0.30041 0.51530 0.29621 0.49775 0.29381 0.47569 0.29171 0.46084 0.28151 0.44643 0.27550 0.43428 0.27070 0.42573 0.26470 0.41493 0.26650 0.43383 0.26500 0.45587 0.26590 0.47884 0.26800 0.50135
4 0.49838 0.59471 0.50220 0.60513 0.50706 0.62284 0.51418 0.65123 0.51800 0.65566 0.52269 0.65618 0.52894 0.65332 0.53172 0.64811 0.53710 0.62987 0.54527 0.60200 0.54857 0.58064 0.55152 0.55016 0.55152 0.53557 0.55084 0.53125 0.54950 0.52875 0.54790 0.52622 0.54645 0.52528 0.54525 0.52487 0.54238 0.52508 0.54002 0.52528 0.53723 0.52372 0.53500 0.52362 0.52934 0.52203 0.52153 0.52161 0.51824 0.52255 0.51366 0.52403 0.50895 0.52570 0.50498 0.52745 0.50261 0.52891 0.49853 0.53182 0.49699 0.53453 0.49490 0.54339 0.49612 0.56683 0.49681 0.58950 0.49838 0.59471
4 0.64280 0.46580 0.64220 0.48362 0.63802 0.50105 0.64521 0.51260 0.65512 0.53016 0.66472 0.53466 0.67732 0.53241 0.68302 0.51710 0.68873 0.49235 0.68993 0.46174 0.68993 0.43833 0.68783 0.41493 0.68632 0.38882 0.68273 0.37126 0.67822 0.37036 0.67222 0.37351 0.66952 0.37801 0.66142 0.40052 0.65122 0.42933 0.64140 0.44780 0.64280 0.46580
4 0.60431 0.59236 0.60605 0.59992 0.61369 0.61164 0.62220 0.63560 0.62619 0.65123 0.63227 0.66530 0.64043 0.67155 0.64616 0.66921 0.65224 0.66400 0.65519 0.65592 0.65745 0.63925 0.65832 0.61320 0.65901 0.59210 0.65797 0.57413 0.65762 0.54808 0.65554 0.53063 0.64790 0.51786 0.64113 0.50640 0.63470 0.50536 0.62532 0.51578 0.61785 0.51630 0.61143 0.52307 0.60848 0.52985 0.60622 0.53662 0.60743 0.54600 0.60709 0.56423 0.60587 0.57960 0.60431 0.59236
4 0.49907 0.47839 0.49907 0.51620 0.50207 0.52025 0.52158 0.52205 0.54258 0.52160 0.56089 0.51890 0.57229 0.51485 0.57799 0.50720 0.58190 0.49550 0.58250 0.47344 0.58160 0.44598 0.57739 0.42032 0.57049 0.38882 0.55489 0.36721 0.54378 0.36091 0.53238 0.36631 0.52488 0.37396 0.51948 0.38297 0.51108 0.41267 0.50177 0.43833 0.49997 0.44373 0.49907 0.47839
4 0.39632 0.52427 0.39330 0.52427 0.38968 0.52662 0.38679 0.53548 0.38462 0.54634 0.38402 0.56623 0.38595 0.58451 0.39125 0.59355 0.39656 0.60875 0.40340 0.62769 0.40755 0.63420 0.41173 0.63680 0.41624 0.63653 0.42111 0.62847 0.42597 0.60998 0.43327 0.59330 0.43795 0.58470 0.43778 0.57454 0.43813 0.55969 0.43917 0.54511 0.43900 0.53494 0.43309 0.53521 0.42267 0.53000 0.41851 0.52065 0.40934 0.52047 0.40391 0.52155 0.39981 0.52336 0.39632 0.52427
4 0.29082 0.60401 0.29290 0.62172 0.29394 0.62953 0.29915 0.62980 0.30523 0.61573 0.31895 0.59593 0.32624 0.58708 0.33302 0.54540 0.33770 0.52846 0.33371 0.52482 0.32416 0.53185 0.31478 0.53107 0.30835 0.53289 0.30228 0.51908 0.30019 0.51622 0.29498 0.53211 0.28995 0.55373 0.28890 0.58265 0.29082 0.60401
4 0.74145 0.43789 0.74015 0.47419 0.73777 0.49985 0.74645 0.50347 0.75185 0.49985 0.75905 0.48634 0.76298 0.47014 0.76507 0.44902 0.76716 0.43551 0.76806 0.42244 0.76687 0.41207 0.76410 0.40294 0.75833 0.41104 0.75329 0.42293 0.74609 0.42941 0.74145 0.43789
4 0.23399 0.58768 0.23974 0.58468 0.24674 0.57230 0.25625 0.56067 0.26125 0.55729 0.26225 0.53479 0.26800 0.51753 0.26875 0.50965 0.25575 0.52016 0.24899 0.51640 0.24499 0.50253 0.23749 0.50890 0.23349 0.51153 0.23324 0.51228 0.22999 0.54304 0.22849 0.56967 0.22949 0.58205 0.23399 0.58768
4 0.68952 0.47158 0.68827 0.49596 0.68452 0.51284 0.68952 0.51922 0.69727 0.52822 0.70578 0.52485 0.70953 0.51697 0.71328 0.50234 0.71653 0.48096 0.71553 0.44832 0.71428 0.42694 0.70928 0.39843 0.70603 0.39881 0.69953 0.42694 0.69552 0.44120 0.69027 0.44682 0.68952 0.47158
4 0.26300 0.59593 0.26525 0.60681 0.26850 0.60981 0.27250 0.60568 0.27850 0.58730 0.28400 0.58280 0.28875 0.57942 0.28975 0.55279 0.29626 0.52691 0.29976 0.51603 0.29451 0.52091 0.28700 0.52466 0.27625 0.52878 0.27125 0.51866 0.26850 0.51640 0.26225 0.53629 0.26125 0.55992 0.26150 0.57980 0.26300 0.59593
4 0.73596 0.58674 0.74316 0.58674 0.74676 0.57864 0.75187 0.56828 0.75187 0.54893 0.74856 0.52687 0.74346 0.50212 0.73776 0.49941 0.73716 0.50212 0.73206 0.51112 0.72636 0.51157 0.71135 0.50797 0.71075 0.52012 0.71405 0.53587 0.71885 0.56198 0.72546 0.57548 0.73596 0.58674
4 0.29891 0.50990 0.30762 0.53241 0.31452 0.53106 0.32412 0.53196 0.33432 0.52520 0.34190 0.51992 0.35527 0.49895 0.35263 0.48470 0.35203 0.46804 0.35293 0.45003 0.34843 0.44733 0.33852 0.42888 0.32712 0.41222 0.31392 0.40052 0.30221 0.40637 0.29651 0.41177 0.29141 0.42888 0.29261 0.46084 0.29531 0.48875 0.29891 0.50990
4 0.69444 0.57048 0.69948 0.58273 0.70625 0.59288 0.71128 0.59940 0.71684 0.60304 0.71893 0.60200 0.71997 0.59757 0.71980 0.58741 0.71788 0.57439 0.71754 0.55642 0.71476 0.54105 0.71181 0.52463 0.71059 0.51995 0.70972 0.51656 0.70625 0.52438 0.70017 0.52776 0.69722 0.52828 0.68836 0.51812 0.68437 0.51369 0.68350 0.51630 0.68315 0.52255 0.68940 0.53818 0.69166 0.55095 0.69322 0.56163 0.69444 0.57048
4 0.71555 0.44435 0.71578 0.47646 0.71628 0.48396 0.71328 0.50572 0.71328 0.50872 0.71878 0.50984 0.72578 0.51134 0.73253 0.51059 0.73678 0.50272 0.73979 0.47646 0.74104 0.43144 0.74079 0.41119 0.73929 0.40143 0.73503 0.39918 0.72828 0.41306 0.72428 0.43107 0.72003 0.43932 0.71555 0.44435
4 0.65936 0.59184 0.66388 0.59966 0.67221 0.61477 0.67933 0.62336 0.68645 0.62909 0.68888 0.62857 0.69253 0.61607 0.69340 0.60773 0.69461 0.58898 0.69357 0.56553 0.68940 0.53714 0.68350 0.52333 0.68124 0.52229 0.67760 0.53193 0.66440 0.53479 0.65884 0.53193 0.65693 0.53323 0.65762 0.54339 0.65797 0.56006 0.65815 0.57387 0.65936 0.59184
4 0.58220 0.44867 0.58190 0.49235 0.58940 0.50630 0.59630 0.50900 0.61220 0.51485 0.62211 0.51665 0.62538 0.51635 0.63652 0.50420 0.64222 0.48303 0.64232 0.46805 0.63950 0.44568 0.63651 0.42753 0.63291 0.41222 0.62691 0.39872 0.62001 0.38387 0.61610 0.37621 0.61310 0.37261 0.60860 0.37576 0.59960 0.38972 0.59240 0.41673 0.58430 0.43833 0.58220 0.44867
4 0.32975 0.63055 0.33166 0.64462 0.33375 0.65139 0.33948 0.65712 0.34746 0.65686 0.35736 0.65425 0.36639 0.64227 0.37317 0.62039 0.37803 0.59799 0.38341 0.58340 0.38393 0.56465 0.38358 0.54302 0.38063 0.52896 0.37438 0.52687 0.36813 0.52297 0.35997 0.51307 0.35754 0.50734 0.35198 0.50786 0.34851 0.51177 0.34303 0.51882 0.33895 0.52375 0.33270 0.54641 0.32715 0.58601 0.32853 0.60450 0.32975 0.63055
4 0.24010 0.47749 0.24220 0.49145 0.24580 0.50315 0.24940 0.51440 0.25450 0.52070 0.25810 0.51755 0.26470 0.51260 0.26920 0.50855 0.26710 0.49325 0.26560 0.47164 0.26500 0.45363 0.25510 0.43878 0.24880 0.42438 0.24340 0.41628 0.23980 0.41537 0.23559 0.41807 0.23559 0.43878 0.23680 0.44958 0.23920 0.46444 0.24010 0.47749
4 0.41358 0.49685 0.41598 0.51620 0.42360 0.53025 0.43368 0.53466 0.45259 0.53421 0.46099 0.53196 0.48080 0.52205 0.49400 0.51980 0.49880 0.51260 0.49940 0.46264 0.49820 0.44058 0.49190 0.42753 0.48110 0.40097 0.46819 0.38117 0.45379 0.37621 0.43518 0.37846 0.42798 0.38747 0.41898 0.41583 0.41448 0.44148 0.41147 0.47029 0.41358 0.49685
