4 0.19515 0.92236 0.21022 0.92530 0.22745 0.91804 0.24488 0.90657 0.25411 0.89841 0.25742 0.89165 0.25946 0.87984 0.25849 0.86898 0.25663 0.86779 0.25331 0.85590 0.25125 0.84134 0.24894 0.83126 0.24302 0.82388 0.23953 0.82154 0.23174 0.81962 0.22358 0.82055 0.21326 0.82395 0.20756 0.82540 0.20082 0.82849 0.19749 0.83205 0.18388 0.82223 0.18109 0.82217 0.17665 0.82762 0.17384 0.83421 0.17222 0.84185 0.17103 0.85625 0.17130 0.87149 0.17240 0.88397 0.17180 0.89450 0.17473 0.90497 0.18222 0.91269 0.19515 0.92236
1 0.80809 0.55563 0.80658 0.55254 0.80224 0.54683 0.80020 0.54239 0.79817 0.53919 0.79555 0.53493 0.79493 0.53850 0.79677 0.54259 0.80035 0.55059 0.80651 0.56115 0.81011 0.56592 0.81480 0.57000 0.81797 0.57422 0.82031 0.57148 0.81740 0.56793 0.81212 0.56280 0.81007 0.56160 0.80809 0.55563
4 0.62271 0.89552 0.64085 0.89017 0.65680 0.87791 0.66849 0.86291 0.67822 0.84381 0.68481 0.81852 0.68768 0.80118 0.68917 0.77895 0.68567 0.76025 0.68044 0.74754 0.66965 0.73752 0.65954 0.72985 0.64422 0.72200 0.63447 0.72126 0.62033 0.72014 0.60834 0.71943 0.60497 0.72194 0.59404 0.73038 0.58452 0.74198 0.57807 0.75902 0.56893 0.77916 0.56445 0.80214 0.56652 0.82099 0.57921 0.85268 0.59240 0.87435 0.60808 0.89010 0.62271 0.89552
1 0.95369 0.42304 0.94931 0.42708 0.95040 0.42988 0.95428 0.42958 0.95994 0.43079 0.96376 0.43208 0.96523 0.43111 0.96161 0.42890 0.95833 0.42708 0.95559 0.42537 0.95369 0.42304
1 0.85174 0.55525 0.84984 0.55726 0.84908 0.56007 0.85069 0.56097 0.85318 0.56038 0.85497 0.55927 0.85638 0.55763 0.85697 0.55599 0.85634 0.55511 0.85392 0.55497 0.85174 0.55525
1 0.92046 0.44642 0.91828 0.44773 0.91723 0.44914 0.91843 0.44993 0.92050 0.44975 0.92170 0.44831 0.92305 0.44705 0.92369 0.44502 0.92267 0.44434 0.92046 0.44642
1 0.79355 0.60625 0.79237 0.60504 0.79084 0.60456 0.78784 0.60511 0.78608 0.60600 0.78520 0.60834 0.78369 0.60958 0.78115 0.61172 0.77929 0.61460 0.78257 0.61425 0.78735 0.61482 0.79008 0.61458 0.79207 0.61226 0.79331 0.60858 0.79355 0.60625
1 0.87602 0.65405 0.87510 0.64936 0.87210 0.64487 0.87074 0.64330 0.86858 0.64335 0.87185 0.65137 0.87381 0.65756 0.87602 0.65405
4 0.16719 0.83806 0.17317 0.82898 0.18046 0.81212 0.18450 0.79150 0.18493 0.77204 0.17977 0.75982 0.17247 0.75136 0.16681 0.74940 0.15730 0.74814 0.14634 0.74734 0.12708 0.74593 0.12328 0.74474 0.11670 0.74081 0.11317 0.73980 0.10886 0.74106 0.10463 0.74492 0.10120 0.74883 0.09952 0.75246 0.09844 0.75482 0.09721 0.75953 0.09442 0.78693 0.09606 0.81412 0.09984 0.83602 0.10822 0.84892 0.12044 0.85650 0.13308 0.85574 0.14505 0.85176 0.15532 0.84627 0.16719 0.83806
4 0.09588 0.46091 0.10720 0.46385 0.11832 0.46222 0.13190 0.45232 0.14377 0.43833 0.15110 0.42258 0.15314 0.41077 0.15505 0.39520 0.15570 0.38441 0.15140 0.36939 0.14832 0.36074 0.14542 0.35347 0.14257 0.34594 0.13784 0.34174 0.12700 0.33544 0.11828 0.32799 0.10364 0.32302 0.08445 0.32187 0.06981 0.32355 0.05959 0.32643 0.04713 0.33657 0.03975 0.34485 0.02635 0.35612 0.01702 0.36736 0.00572 0.42055 0.01587 0.43405 0.04122 0.45143 0.05498 0.45941 0.06532 0.45815 0.07993 0.45992 0.09588 0.46091
4 0.73953 0.62405 0.74169 0.63312 0.76577 0.65415 0.78785 0.68734 0.79839 0.70084 0.82450 0.71236 0.84230 0.71084 0.86726 0.69759 0.88990 0.67059 0.91129 0.64399 0.92235 0.61387 0.92455 0.58982 0.92205 0.57140 0.92273 0.54901 0.92139 0.53614 0.91278 0.51907 0.90198 0.50683 0.88814 0.49792 0.87295 0.49536 0.86251 0.49513 0.85340 0.48590 0.83361 0.48302 0.81446 0.49088 0.79177 0.50991 0.77450 0.52811 0.76246 0.53814 0.75295 0.55268 0.74234 0.56700 0.73262 0.59078 0.73135 0.60773 0.73953 0.62405
4 0.08673 0.75946 0.10067 0.74933 0.10870 0.74105 0.11349 0.73968 0.11633 0.73995 0.12264 0.73349 0.13190 0.72165 0.13814 0.70342 0.14036 0.68663 0.13987 0.67464 0.13688 0.66173 0.13368 0.65300 0.12913 0.64743 0.11966 0.64120 0.11004 0.63570 0.09589 0.62771 0.08900 0.62203 0.08027 0.61710 0.07003 0.61608 0.06031 0.61900 0.04965 0.62632 0.03929 0.64329 0.03225 0.66212 0.02765 0.68377 0.02417 0.70335 0.02572 0.71825 0.03267 0.74427 0.04722 0.75888 0.06309 0.76210 0.08673 0.75946
4 0.05279 0.61074 0.06697 0.61463 0.09024 0.60752 0.10970 0.59860 0.11939 0.59161 0.12954 0.57912 0.13821 0.56365 0.14322 0.55220 0.14772 0.53984 0.15054 0.52659 0.14995 0.51395 0.14747 0.50464 0.13885 0.49561 0.13366 0.48918 0.12824 0.48164 0.11962 0.47262 0.11001 0.46605 0.09488 0.46230 0.08862 0.46310 0.07270 0.46531 0.06178 0.47151 0.04937 0.48139 0.03806 0.49496 0.02260 0.51591 0.01216 0.54405 0.00788 0.57084 0.00904 0.58520 0.01489 0.59736 0.03274 0.60701 0.05279 0.61074
4 0.44063 0.91291 0.43282 0.91153 0.42610 0.91339 0.41716 0.90423 0.40800 0.89277 0.39945 0.88563 0.39005 0.87804 0.38200 0.87739 0.37663 0.87731 0.37223 0.88144 0.36344 0.89528 0.35505 0.91161 0.34665 0.92580 0.34243 0.93902 0.34232 0.95497 0.34690 0.96980 0.34960 0.97920 0.40091 0.99011 0.41519 0.97686 0.43562 0.95457 0.44615 0.93713 0.44787 0.92698 0.44570 0.91703 0.44063 0.91291
1 0.92787 0.42445 0.92775 0.42699 0.92783 0.42925 0.92995 0.42858 0.93330 0.42608 0.93748 0.42633 0.93839 0.42669 0.94122 0.42665 0.93972 0.42505 0.93688 0.42316 0.93502 0.42132 0.93373 0.42008 0.93233 0.41674 0.92898 0.41523 0.92842 0.41719 0.92898 0.41923 0.92969 0.41987 0.93161 0.42076 0.93260 0.42209 0.93230 0.42283 0.93082 0.42315 0.92820 0.42356 0.92787 0.42445
1 0.71372 0.68636 0.71130 0.69139 0.70793 0.69637 0.70303 0.70350 0.70868 0.69731 0.71374 0.68944 0.71792 0.68509 0.72057 0.67965 0.72123 0.67716 0.72407 0.67592 0.72683 0.67759 0.73395 0.68172 0.73790 0.68225 0.74045 0.68048 0.73638 0.67730 0.73336 0.67558 0.72824 0.67480 0.72367 0.67399 0.72111 0.67390 0.71771 0.66948 0.71715 0.66705 0.71536 0.66590 0.71466 0.66729 0.71551 0.66901 0.71688 0.67023 0.71815 0.67250 0.71904 0.67470 0.71874 0.67679 0.71728 0.68110 0.71372 0.68636
4 0.09511 0.00000 0.07511 0.09409 0.08040 0.10065 0.08701 0.10525 0.09318 0.10401 0.10755 0.10514 0.11844 0.10810 0.13064 0.11549 0.14123 0.12253 0.15639 0.13055 0.16439 0.13257 0.17981 0.13009 0.19024 0.12336 0.19810 0.11545 0.20601 0.10466 0.21210 0.09190 0.21873 0.07924 0.22609 0.05780 0.23422 0.03939 0.23908 0.02445 0.24065 0.00784 0.24010 0.00000 0.09511 0.00000
4 0.34225 0.91235 0.33837 0.90194 0.33460 0.88995 0.32897 0.87677 0.31866 0.86686 0.30946 0.86277 0.30254 0.86450 0.29423 0.86939 0.28720 0.87162 0.27289 0.87284 0.26825 0.87372 0.26391 0.87652 0.26193 0.88143 0.25923 0.88645 0.25701 0.89689 0.25759 0.91619 0.26130 0.94281 0.26832 0.95496 0.27530 0.96177 0.29112 0.96677 0.30207 0.96910 0.31261 0.96144 0.32533 0.94897 0.33389 0.94173 0.34055 0.93356 0.34360 0.92142 0.34225 0.91235
1 0.13847 0.13381 0.13847 0.13356 0.13873 0.13256 0.13764 0.13155 0.13603 0.13155 0.13463 0.13262 0.13408 0.13380 0.13401 0.13512 0.13461 0.13540 0.13583 0.13455 0.13621 0.13416 0.13737 0.13435 0.13847 0.13381
1 0.95518 0.38951 0.95259 0.39337 0.95074 0.39537 0.94952 0.39759 0.95099 0.39705 0.95319 0.39759 0.95368 0.39754 0.95429 0.39659 0.95465 0.39458 0.95517 0.39245 0.95518 0.38951
1 0.81055 0.59623 0.81224 0.59824 0.81446 0.59814 0.81532 0.59631 0.81484 0.59474 0.81323 0.59254 0.81167 0.59245 0.81088 0.59318 0.81075 0.59394 0.81055 0.59623
4 0.65251 0.69942 0.65265 0.70935 0.65752 0.72349 0.66165 0.73045 0.68077 0.74761 0.68605 0.76375 0.69842 0.77565 0.71609 0.78771 0.73139 0.79639 0.74239 0.79618 0.75364 0.79218 0.76789 0.78466 0.77808 0.76446 0.78201 0.74068 0.78409 0.72163 0.78461 0.70864 0.78392 0.69603 0.78242 0.68325 0.77866 0.67446 0.76761 0.65901 0.75768 0.64891 0.74807 0.63855 0.74281 0.63424 0.73407 0.63174 0.72870 0.63316 0.72335 0.63458 0.71490 0.63598 0.70591 0.63726 0.69654 0.64038 0.68156 0.64871 0.66929 0.66016 0.65905 0.67396 0.65320 0.69221 0.65251 0.69942
4 1.00000 0.34747 0.99038 0.34012 0.97008 0.32707 0.95557 0.32490 0.93133 0.32850 0.91158 0.33764 0.89804 0.34995 0.88933 0.36237 0.87816 0.38254 0.86746 0.40052 0.85410 0.42528 0.85067 0.44526 0.84846 0.46136 0.85528 0.48260 0.86897 0.49437 0.87471 0.49562 0.88844 0.49793 0.90087 0.50609 0.91282 0.51755 0.91990 0.53336 0.93703 0.53587 0.95688 0.54147 0.97744 0.53617 1.00000 0.52082 1.00000 0.34747
4 0.44741 0.93144 0.45714 0.94375 0.46538 0.95125 0.47730 0.95730 0.48933 0.95890 0.49979 0.95729 0.50943 0.95294 0.51971 0.94554 0.52663 0.93679 0.53799 0.92035 0.54883 0.90508 0.55604 0.89095 0.56032 0.87876 0.56098 0.86643 0.55854 0.85409 0.55514 0.84761 0.54799 0.84290 0.53580 0.83679 0.51830 0.82924 0.50187 0.82319 0.49314 0.82197 0.48115 0.82550 0.46490 0.83451 0.46178 0.83863 0.45765 0.84094 0.45417 0.84533 0.44663 0.86098 0.44098 0.87832 0.43500 0.89718 0.43404 0.90433 0.43812 0.91158 0.44092 0.91307 0.44620 0.91943 0.44771 0.92720 0.44741 0.93144
4 0.10681 0.32212 0.12946 0.32748 0.15568 0.31152 0.16530 0.29369 0.17474 0.26753 0.18072 0.24395 0.18072 0.22572 0.18032 0.21846 0.18313 0.18924 0.18040 0.16325 0.17586 0.15285 0.17084 0.14537 0.16375 0.13829 0.15578 0.13350 0.14643 0.12887 0.14136 0.12597 0.13719 0.12000 0.11814 0.10772 0.10815 0.10516 0.08905 0.10408 0.07772 0.10940 0.07013 0.11753 0.03132 0.30011 0.02812 0.31533 0.03164 0.32160 0.04187 0.32377 0.06019 0.32436 0.07874 0.32167 0.10681 0.32212
1 0.17055 0.04986 0.17192 0.04803 0.17245 0.04628 0.17190 0.04501 0.17083 0.04404 0.16961 0.04363 0.16880 0.04375 0.16731 0.04400 0.16603 0.04417 0.16566 0.04592 0.16376 0.04868 0.16201 0.05013 0.16323 0.05057 0.16730 0.05059 0.17055 0.04986
1 0.17276 0.00000 0.17039 0.00607 0.16757 0.01169 0.16441 0.01609 0.16177 0.01991 0.15560 0.01653 0.15408 0.01321 0.14911 0.00892 0.14583 0.01007 0.14944 0.01498 0.15343 0.01814 0.15801 0.02141 0.16211 0.02597 0.16220 0.03221 0.15977 0.03792 0.15332 0.04347 0.14858 0.05052 0.14841 0.05417 0.14950 0.05855 0.14564 0.06719 0.14188 0.07537 0.14115 0.08259 0.14354 0.08471 0.14534 0.07910 0.14626 0.07285 0.14899 0.06859 0.15215 0.06327 0.15256 0.05944 0.15160 0.05439 0.15298 0.05077 0.15619 0.04523 0.16037 0.04082 0.16472 0.03943 0.16503 0.03512 0.16945 0.03145 0.17452 0.02953 0.17679 0.02840 0.17449 0.02492 0.17336 0.02260 0.17226 0.01730 0.17312 0.00849 0.17558 0.00072 0.17707 0.00000 0.17276 0.00000
