4 0.33395 0.30000 0.33974 0.29470 0.34585 0.28850 0.35147 0.27600 0.36246 0.26583 0.37166 0.25429 0.37246 0.24305 0.36707 0.24251 0.36161 0.24556 0.35083 0.24402 0.34702 0.23900 0.34363 0.22679 0.34540 0.21321 0.35038 0.19492 0.35777 0.17301 0.36280 0.16004 0.36294 0.15194 0.35321 0.14187 0.33340 0.12487 0.32330 0.11929 0.31013 0.11681 0.29984 0.12203 0.28412 0.12851 0.27583 0.13917 0.27070 0.15754 0.26779 0.18675 0.26843 0.20207 0.27387 0.23412 0.28084 0.26486 0.28420 0.27843 0.29853 0.29983 0.31045 0.30500 0.32879 0.30306 0.33395 0.30000
4 0.86410 0.47639 0.86660 0.45699 0.87053 0.42983 0.87148 0.40002 0.86717 0.37466 0.86185 0.35771 0.85213 0.34523 0.84300 0.34831 0.83935 0.35927 0.83165 0.37923 0.81665 0.39647 0.79795 0.40327 0.78140 0.41077 0.76061 0.41300 0.74567 0.40236 0.73713 0.42101 0.73885 0.44633 0.74355 0.47429 0.75986 0.50569 0.77158 0.52729 0.78267 0.53591 0.81822 0.52940 0.84057 0.51164 0.85552 0.49763 0.86410 0.47639
1 0.80603 0.80263 0.80538 0.80145 0.80479 0.80048 0.80384 0.80117 0.80324 0.80283 0.80302 0.80378 0.80375 0.80607 0.80436 0.80800 0.80501 0.80912 0.80585 0.80908 0.80588 0.80737 0.80588 0.80535 0.80603 0.80263
4 0.12136 0.68002 0.12868 0.70673 0.14124 0.72964 0.15193 0.73631 0.16964 0.73726 0.19062 0.72337 0.19977 0.71899 0.21580 0.71732 0.23091 0.71823 0.24243 0.70158 0.25046 0.68746 0.25555 0.66810 0.26455 0.64751 0.26803 0.62164 0.27142 0.60095 0.27177 0.58086 0.26950 0.56202 0.26342 0.53923 0.25633 0.52484 0.25076 0.52150 0.23689 0.52385 0.22045 0.52486 0.19798 0.52447 0.18468 0.51905 0.17498 0.50527 0.16539 0.48501 0.14733 0.48015 0.13131 0.48182 0.12281 0.49787 0.11430 0.51523 0.10609 0.53972 0.10045 0.56620 0.09865 0.59470 0.10080 0.62002 0.11442 0.65721 0.12136 0.68002
4 0.77073 0.27551 0.77697 0.26212 0.77813 0.25276 0.77696 0.23398 0.77443 0.22118 0.76421 0.19024 0.75756 0.17023 0.75064 0.15098 0.74641 0.13553 0.73783 0.12562 0.72575 0.11528 0.71057 0.11127 0.70070 0.11747 0.69167 0.13382 0.68815 0.14914 0.68754 0.15551 0.69768 0.17594 0.69947 0.18836 0.69174 0.20135 0.66815 0.20544 0.66581 0.21065 0.66374 0.22900 0.66602 0.25605 0.67350 0.27156 0.69590 0.28689 0.71773 0.28847 0.73493 0.29177 0.74819 0.29163 0.76000 0.28808 0.77073 0.27551
4 0.19755 0.52379 0.22455 0.52426 0.25021 0.51931 0.26297 0.51035 0.27759 0.49818 0.28582 0.48103 0.29202 0.45575 0.29308 0.43632 0.29299 0.42065 0.29024 0.41304 0.28683 0.40218 0.27664 0.40848 0.26684 0.41263 0.24674 0.40850 0.21963 0.39344 0.20798 0.38027 0.20376 0.36238 0.20194 0.35555 0.17733 0.35727 0.16631 0.37414 0.15829 0.39993 0.15677 0.42530 0.15654 0.43826 0.16319 0.47025 0.16795 0.48654 0.17693 0.50830 0.18398 0.51707 0.19755 0.52379
4 0.87142 0.72181 0.88149 0.71208 0.88744 0.69778 0.89413 0.67584 0.89744 0.65789 0.90366 0.64584 0.91056 0.62840 0.91569 0.60958 0.91850 0.58622 0.91463 0.54181 0.90910 0.51470 0.89873 0.48976 0.89094 0.47162 0.88147 0.46425 0.87158 0.46318 0.86428 0.46845 0.86387 0.47475 0.85598 0.49712 0.84221 0.51218 0.81914 0.52709 0.78295 0.53681 0.77111 0.52760 0.76334 0.51689 0.75200 0.54775 0.75110 0.58195 0.75558 0.63515 0.77070 0.67999 0.78265 0.70045 0.79539 0.70968 0.81014 0.70769 0.82567 0.71201 0.85518 0.72333 0.87142 0.72181
4 0.53373 0.21210 0.54337 0.21827 0.55267 0.21581 0.56632 0.20742 0.57246 0.20002 0.58429 0.18147 0.59177 0.18235 0.60059 0.17875 0.60495 0.17245 0.60333 0.16529 0.60475 0.15519 0.59958 0.13634 0.59451 0.12575 0.58576 0.11134 0.57290 0.08860 0.56474 0.08358 0.55281 0.07887 0.54304 0.07983 0.53293 0.08565 0.52272 0.09748 0.51618 0.11387 0.51376 0.12396 0.51660 0.13301 0.52086 0.14697 0.51682 0.16378 0.51419 0.17087 0.51824 0.18257 0.52248 0.19727 0.53373 0.21210
4 0.26790 0.41373 0.27810 0.40743 0.28902 0.40060 0.29705 0.39154 0.31010 0.36909 0.31314 0.35654 0.31789 0.33519 0.31993 0.32172 0.31519 0.30435 0.29905 0.30083 0.29202 0.29044 0.28363 0.27625 0.27928 0.25726 0.27423 0.23665 0.26461 0.23107 0.24494 0.22317 0.23497 0.21651 0.22518 0.22012 0.21301 0.23666 0.20025 0.26615 0.19507 0.29469 0.19601 0.32334 0.20293 0.36019 0.20868 0.38137 0.22391 0.39622 0.23674 0.40400 0.25355 0.41078 0.26790 0.41373
4 0.78009 0.41139 0.79404 0.40450 0.81711 0.39518 0.83214 0.37600 0.84203 0.35413 0.84455 0.33342 0.84298 0.29969 0.83782 0.27367 0.83126 0.25281 0.82296 0.23321 0.81541 0.22011 0.80391 0.21019 0.79351 0.21195 0.78738 0.21638 0.77725 0.22723 0.77820 0.24734 0.77794 0.26225 0.76900 0.27895 0.76064 0.28788 0.74930 0.29351 0.72986 0.29318 0.72351 0.30992 0.71939 0.32346 0.71870 0.33836 0.72276 0.35334 0.73022 0.37162 0.73773 0.38667 0.74956 0.40243 0.75977 0.41169 0.76582 0.41179 0.78009 0.41139
4 0.11149 0.91894 0.12954 0.92444 0.13806 0.93172 0.14843 0.93190 0.15500 0.92683 0.16909 0.91216 0.18169 0.90849 0.19651 0.90097 0.20858 0.87784 0.21430 0.84747 0.21882 0.81125 0.21772 0.77557 0.21427 0.75023 0.21146 0.73786 0.20686 0.72935 0.19966 0.72080 0.18881 0.72321 0.16914 0.73583 0.15791 0.73563 0.14672 0.73284 0.13823 0.72427 0.13028 0.70922 0.12660 0.69684 0.10715 0.69715 0.08856 0.69747 0.07192 0.70950 0.06058 0.74042 0.06080 0.77737 0.05965 0.81884 0.06589 0.85720 0.08162 0.89702 0.09306 0.91019 0.11149 0.91894
4 0.84514 0.89446 0.85414 0.89506 0.86025 0.90597 0.87302 0.91340 0.88089 0.90994 0.89606 0.90030 0.91005 0.88974 0.92459 0.88234 0.93849 0.85962 0.94736 0.83321 0.95342 0.79550 0.95446 0.76986 0.95280 0.72751 0.94817 0.70042 0.93915 0.68405 0.92223 0.67340 0.89520 0.67473 0.88921 0.69128 0.88196 0.71097 0.87094 0.72338 0.85561 0.72446 0.83834 0.71696 0.81984 0.71033 0.81327 0.70887 0.80872 0.71149 0.79765 0.72660 0.79483 0.75086 0.79399 0.78146 0.79605 0.80131 0.80290 0.82124 0.81253 0.85427 0.81879 0.87374 0.83020 0.89059 0.83937 0.89841 0.84514 0.89446
4 0.59673 0.19932 0.60316 0.21781 0.61056 0.22395 0.62120 0.23013 0.63250 0.22770 0.64190 0.21961 0.65767 0.20638 0.66395 0.20429 0.68271 0.20269 0.69250 0.20061 0.69974 0.18686 0.69745 0.17481 0.68628 0.15586 0.66795 0.13115 0.66071 0.11602 0.64974 0.09970 0.64289 0.09095 0.63328 0.08253 0.62334 0.07898 0.61708 0.07924 0.61199 0.08478 0.60820 0.10085 0.60366 0.11765 0.59670 0.12916 0.59933 0.13634 0.60475 0.15519 0.60333 0.16492 0.60519 0.17320 0.60083 0.17913 0.59177 0.18235 0.59673 0.19932
4 0.35134 0.24449 0.36237 0.24562 0.36742 0.24289 0.37448 0.24458 0.38182 0.24158 0.38906 0.24483 0.39675 0.24590 0.40236 0.24694 0.41006 0.24801 0.41759 0.24596 0.42331 0.24105 0.42650 0.23705 0.42887 0.23302 0.43345 0.23310 0.43893 0.22945 0.44213 0.22575 0.44369 0.21953 0.44506 0.21298 0.44525 0.20204 0.44477 0.19391 0.44036 0.19570 0.43151 0.18899 0.42921 0.17769 0.42920 0.16644 0.43133 0.15147 0.43046 0.14176 0.42417 0.13165 0.41566 0.11805 0.40527 0.10443 0.39968 0.10214 0.39147 0.10669 0.38831 0.10882 0.38177 0.11340 0.37302 0.12512 0.36905 0.13725 0.36463 0.15187 0.36171 0.16401 0.35363 0.18513 0.34788 0.20410 0.34496 0.21624 0.34396 0.22529 0.34505 0.23500 0.35134 0.24449
4 0.45414 0.18670 0.45749 0.19501 0.46528 0.20753 0.47440 0.21519 0.48568 0.21389 0.49382 0.20615 0.49953 0.19425 0.50407 0.17744 0.50568 0.17147 0.51070 0.17043 0.51499 0.16788 0.51870 0.15594 0.52088 0.14585 0.51545 0.12737 0.49911 0.08919 0.49284 0.07595 0.48568 0.07020 0.47223 0.06734 0.46041 0.07088 0.44717 0.08416 0.43850 0.10802 0.43264 0.14280 0.42953 0.16376 0.42950 0.17952 0.43183 0.18969 0.43972 0.19583 0.44576 0.19368 0.44929 0.19224 0.45414 0.18670
