4 0.41774 0.39549 0.41350 0.40178 0.41269 0.40482 0.41676 0.41199 0.42067 0.41676 0.42327 0.41850 0.42523 0.42154 0.42832 0.42414 0.43060 0.42892 0.43223 0.43977 0.43419 0.44976 0.43598 0.45236 0.44282 0.45475 0.45177 0.45475 0.45617 0.45279 0.46236 0.44910 0.46529 0.44585 0.46643 0.43890 0.46692 0.43109 0.46724 0.42306 0.46952 0.41872 0.47066 0.41394 0.47131 0.40981 0.47258 0.40402 0.47490 0.39939 0.47603 0.39549 0.47587 0.38876 0.47620 0.38268 0.47262 0.37855 0.46577 0.37421 0.45812 0.37400 0.44607 0.37704 0.43467 0.38138 0.42409 0.38984 0.41774 0.39549
4 0.34790 0.41917 0.35259 0.42334 0.35885 0.42542 0.37076 0.42725 0.37780 0.42907 0.38093 0.43480 0.38112 0.44105 0.38913 0.44652 0.39519 0.44522 0.40008 0.44262 0.40320 0.43376 0.40164 0.43063 0.40027 0.42725 0.40104 0.42439 0.40165 0.41821 0.40183 0.41057 0.40195 0.40718 0.39480 0.39390 0.38503 0.38114 0.37526 0.37593 0.36216 0.37385 0.35435 0.37515 0.34536 0.38270 0.33950 0.39156 0.33813 0.39859 0.34243 0.41057 0.34790 0.41917
2 0.59290 0.36815 0.59783 0.36878 0.60299 0.35909 0.60416 0.34471 0.60627 0.32970 0.60721 0.31907 0.60557 0.31001 0.60088 0.31220 0.59337 0.32001 0.58681 0.32845 0.58306 0.33345 0.57930 0.34533 0.57743 0.35314 0.58423 0.35283 0.58775 0.36127 0.59290 0.36815
1 0.41631 0.40147 0.41716 0.40348 0.41839 0.40624 0.41933 0.41089 0.42074 0.41391 0.42385 0.41541 0.42602 0.41478 0.42800 0.41453 0.42772 0.40963 0.42649 0.40260 0.42282 0.39845 0.41876 0.39695 0.41735 0.39833 0.41660 0.39946 0.41631 0.40147
2 0.47664 0.38467 0.47729 0.39010 0.48332 0.39770 0.48836 0.40226 0.49422 0.40682 0.49862 0.40877 0.50579 0.41246 0.50758 0.41680 0.51051 0.42440 0.51360 0.43525 0.51946 0.43917 0.51979 0.43721 0.51914 0.42766 0.51751 0.41963 0.51540 0.41073 0.51262 0.40421 0.50790 0.39662 0.50318 0.38467 0.49797 0.37708 0.49618 0.37252 0.49292 0.37491 0.48364 0.38012 0.47664 0.38467
1 0.54326 0.39441 0.54483 0.40042 0.54590 0.39375 0.54805 0.38577 0.54864 0.38002 0.54865 0.37493 0.54875 0.36905 0.54777 0.36474 0.54512 0.36317 0.54257 0.36264 0.54022 0.36500 0.54140 0.37219 0.54130 0.38108 0.54169 0.38513 0.54326 0.39441
4 0.20575 0.40918 0.21197 0.42262 0.21612 0.42966 0.21791 0.43632 0.22403 0.44335 0.23185 0.44837 0.23289 0.44762 0.23355 0.44699 0.23590 0.44699 0.23902 0.44712 0.24241 0.44662 0.24618 0.44926 0.24891 0.45051 0.25136 0.44913 0.25457 0.44737 0.25758 0.44850 0.26380 0.43858 0.27030 0.42576 0.26964 0.41571 0.26842 0.41019 0.25777 0.40127 0.24354 0.39084 0.23600 0.38468 0.22450 0.37677 0.21734 0.37438 0.21395 0.37363 0.20631 0.37426 0.20170 0.37778 0.19868 0.38180 0.19708 0.38883 0.20038 0.40089 0.20443 0.40717 0.20575 0.40918
4 0.33069 0.43676 0.32788 0.44458 0.32577 0.46271 0.32507 0.47803 0.32741 0.48990 0.33233 0.50804 0.34289 0.51648 0.35039 0.52335 0.36282 0.52616 0.37431 0.51741 0.38298 0.50210 0.38697 0.48115 0.38932 0.46740 0.39072 0.44615 0.38603 0.44458 0.38134 0.44145 0.38041 0.43364 0.37665 0.42958 0.36868 0.42708 0.35977 0.42582 0.35320 0.42395 0.34945 0.42082 0.34500 0.42395 0.34054 0.42895 0.33585 0.43176 0.33069 0.43676
4 0.14004 0.46958 0.14238 0.47270 0.14942 0.46853 0.15939 0.46228 0.16974 0.45994 0.18596 0.45603 0.19300 0.45421 0.18596 0.44821 0.17775 0.44040 0.16525 0.42061 0.16115 0.42191 0.15704 0.42399 0.14922 0.42894 0.14395 0.43649 0.14024 0.44821 0.13926 0.45707 0.14004 0.46958
4 0.53885 0.36232 0.54031 0.36970 0.54161 0.38490 0.54422 0.39879 0.54324 0.40725 0.54568 0.40530 0.55269 0.40660 0.55675 0.41138 0.56132 0.39770 0.56588 0.37165 0.56750 0.35516 0.56604 0.34235 0.55659 0.34821 0.54845 0.35472 0.54129 0.36015 0.53885 0.36232
1 0.49903 0.40539 0.50090 0.40317 0.49854 0.40068 0.49580 0.39885 0.49384 0.39728 0.49187 0.39245 0.49148 0.39075 0.49197 0.39036 0.49943 0.39480 0.50482 0.40003 0.51002 0.40957 0.51276 0.41611 0.51394 0.42304 0.51413 0.42800 0.51511 0.43114 0.51747 0.43049 0.51737 0.42434 0.51649 0.42108 0.51551 0.41663 0.51502 0.41297 0.51404 0.40905 0.51188 0.40434 0.50874 0.39807 0.50668 0.39310 0.50511 0.39049 0.50325 0.38696 0.50090 0.38291 0.49854 0.38016 0.49628 0.38029 0.49393 0.38225 0.49011 0.38225 0.48805 0.38108 0.48501 0.38186 0.48158 0.38304 0.47981 0.38474 0.47873 0.38631 0.47883 0.39010 0.48520 0.39755 0.49138 0.40291 0.49648 0.40604 0.49903 0.40539
4 0.56711 0.35940 0.56500 0.37471 0.57133 0.38097 0.57977 0.39441 0.58352 0.40222 0.59501 0.39410 0.60275 0.37253 0.60580 0.35596 0.60651 0.33533 0.60815 0.31595 0.60581 0.30718 0.60016 0.30969 0.59689 0.31376 0.58399 0.33095 0.57790 0.34252 0.57250 0.35189 0.56711 0.35940
4 0.46525 0.44580 0.46173 0.44986 0.45422 0.45299 0.45375 0.45393 0.45704 0.46799 0.45962 0.47768 0.46525 0.48331 0.46900 0.49644 0.47322 0.51019 0.47908 0.51145 0.49315 0.50738 0.50347 0.50363 0.50957 0.50050 0.51355 0.48863 0.51824 0.47174 0.52012 0.45612 0.51965 0.44017 0.51308 0.43548 0.51027 0.42454 0.50722 0.41798 0.50183 0.42048 0.49690 0.41673 0.49245 0.41422 0.48471 0.41641 0.48119 0.41860 0.47814 0.41798 0.47439 0.41641 0.47111 0.41641 0.46876 0.42079 0.46736 0.42423 0.46712 0.43205 0.46642 0.43955 0.46525 0.44580
1 0.36818 0.42630 0.37548 0.42802 0.37889 0.42771 0.37971 0.41798 0.38207 0.41281 0.38160 0.40701 0.38042 0.39900 0.37865 0.40293 0.37865 0.41045 0.37748 0.41673 0.37571 0.42253 0.37524 0.42457 0.37336 0.42332 0.37230 0.41940 0.37171 0.41579 0.36995 0.41500 0.36830 0.41720 0.36795 0.42222 0.36559 0.41987 0.36359 0.41767 0.35877 0.41846 0.35383 0.41940 0.35135 0.41830 0.35030 0.41453 0.34900 0.41140 0.34806 0.40842 0.34594 0.41328 0.35253 0.42191 0.35783 0.42363 0.36383 0.42473 0.36818 0.42630
4 0.25401 0.46865 0.25308 0.48615 0.25472 0.50085 0.26058 0.51491 0.26996 0.51835 0.28192 0.52304 0.29200 0.51960 0.30044 0.51210 0.30654 0.50460 0.31522 0.48772 0.32202 0.47146 0.32436 0.46365 0.32272 0.45958 0.31967 0.45114 0.31709 0.44583 0.31357 0.44114 0.31006 0.43676 0.30935 0.43083 0.30490 0.42989 0.29622 0.42426 0.29130 0.42238 0.28426 0.41801 0.27957 0.41395 0.27746 0.41145 0.27488 0.41301 0.27020 0.42645 0.26152 0.44270 0.25776 0.44833 0.25401 0.46865
4 0.59025 0.43389 0.58657 0.41436 0.57951 0.39500 0.57110 0.38035 0.56567 0.37583 0.56392 0.38324 0.56148 0.39843 0.55700 0.41074 0.56541 0.42376 0.56731 0.45090 0.57532 0.45578 0.58345 0.45560 0.59215 0.44529 0.59025 0.43389
4 0.18514 0.44754 0.19374 0.45431 0.19921 0.45692 0.20332 0.45457 0.21035 0.44676 0.21445 0.44441 0.21797 0.43634 0.21583 0.42902 0.21126 0.42158 0.20586 0.40925 0.20175 0.40456 0.19491 0.40195 0.18593 0.39700 0.18006 0.39648 0.17283 0.39414 0.17068 0.39440 0.16365 0.40065 0.16267 0.41394 0.16990 0.42644 0.17752 0.44025 0.18514 0.44754
1 0.18678 0.46177 0.18508 0.46534 0.18403 0.46936 0.18220 0.46883 0.18102 0.47302 0.18200 0.47756 0.18567 0.47904 0.18953 0.47852 0.19221 0.48061 0.19574 0.48244 0.20006 0.48183 0.20556 0.48087 0.20661 0.47887 0.20713 0.47494 0.20615 0.47407 0.20301 0.47398 0.19941 0.47311 0.19745 0.47032 0.19548 0.46508 0.19378 0.46264 0.19025 0.46264 0.18678 0.46177
4 0.53325 0.49238 0.53982 0.49519 0.55342 0.48706 0.56209 0.47956 0.56631 0.46987 0.56678 0.45393 0.56561 0.42392 0.56279 0.41985 0.55740 0.41235 0.55271 0.40672 0.54568 0.40548 0.54310 0.40704 0.54192 0.41391 0.54052 0.42298 0.53864 0.42892 0.53724 0.43142 0.53161 0.43517 0.51988 0.44017 0.52059 0.45924 0.52457 0.46737 0.52879 0.48206 0.53325 0.49238
1 0.43034 0.42441 0.43269 0.42965 0.43315 0.43375 0.43322 0.43715 0.43354 0.44125 0.43348 0.44273 0.43420 0.44413 0.43426 0.44186 0.43420 0.43776 0.43472 0.43418 0.43538 0.43113 0.43459 0.42676 0.43381 0.42232 0.43309 0.41962 0.43237 0.41891 0.43073 0.41857 0.42890 0.41822 0.42811 0.42031 0.42883 0.42205 0.43034 0.42441
1 0.28503 0.41852 0.28927 0.42125 0.29296 0.42177 0.29720 0.42512 0.30223 0.42784 0.30568 0.42899 0.30890 0.42972 0.31440 0.42847 0.31668 0.42501 0.32045 0.41894 0.32524 0.41245 0.32767 0.40920 0.33058 0.40418 0.33223 0.40146 0.32665 0.40041 0.32005 0.39905 0.31307 0.39644 0.30584 0.39507 0.29751 0.39518 0.29155 0.39538 0.28715 0.39759 0.28417 0.39916 0.28047 0.40314 0.27898 0.40628 0.27906 0.41119 0.28150 0.41507 0.28503 0.41852
2 0.36265 0.37563 0.35736 0.37610 0.35182 0.37893 0.34712 0.38269 0.34253 0.38912 0.33994 0.39367 0.33876 0.39932 0.34206 0.40967 0.34782 0.41861 0.35265 0.42348 0.36030 0.42536 0.36771 0.42630 0.37430 0.42787 0.37689 0.42818 0.37936 0.43038 0.38218 0.43618 0.38336 0.42630 0.38513 0.41203 0.38948 0.40371 0.39007 0.39979 0.38877 0.39602 0.38771 0.39305 0.38477 0.38520 0.38230 0.38222 0.37724 0.37846 0.36947 0.37705 0.36265 0.37563
4 0.41136 0.51679 0.41957 0.52398 0.42707 0.52710 0.43668 0.52585 0.44513 0.52210 0.44677 0.51398 0.44982 0.49553 0.45263 0.48615 0.45474 0.47584 0.45474 0.46646 0.45287 0.45396 0.44911 0.45490 0.44255 0.45521 0.43575 0.45271 0.43340 0.44802 0.43223 0.44020 0.43152 0.43583 0.43095 0.42937 0.42637 0.42801 0.42004 0.42645 0.41746 0.42708 0.41511 0.43083 0.41136 0.43270 0.40784 0.43364 0.40315 0.43270 0.40268 0.43739 0.40081 0.44301 0.39119 0.44708 0.38979 0.47271 0.39588 0.48740 0.40245 0.50116 0.41136 0.51679
4 0.47680 0.38446 0.47696 0.38880 0.48348 0.39814 0.49357 0.40725 0.50628 0.41355 0.51002 0.42223 0.51214 0.43135 0.51425 0.43743 0.52109 0.44025 0.53787 0.43091 0.53950 0.42484 0.54340 0.40465 0.54422 0.39900 0.54161 0.38446 0.54047 0.37013 0.53722 0.35624 0.53168 0.34994 0.52500 0.35125 0.51767 0.35624 0.51474 0.35819 0.50970 0.36145 0.49911 0.36775 0.48999 0.37382 0.48364 0.37882 0.47680 0.38446
1 0.21013 0.43663 0.21303 0.43622 0.21492 0.43412 0.21484 0.42868 0.21311 0.42564 0.21185 0.42260 0.21028 0.42072 0.20950 0.42030 0.20926 0.42187 0.20965 0.42292 0.20950 0.42512 0.20714 0.42930 0.20557 0.43224 0.20683 0.43475 0.21013 0.43663
2 0.42666 0.42225 0.42902 0.42487 0.43098 0.43010 0.43313 0.44447 0.43461 0.44984 0.43677 0.45022 0.43539 0.44487 0.43451 0.44173 0.43490 0.43506 0.43578 0.43022 0.43490 0.42421 0.43412 0.41846 0.43147 0.41467 0.42823 0.40330 0.42764 0.39676 0.43010 0.39180 0.43068 0.38827 0.42951 0.38827 0.42480 0.39101 0.42019 0.39480 0.41715 0.39611 0.41519 0.39885 0.41333 0.40382 0.41764 0.41219 0.42235 0.41598 0.42402 0.41859 0.42666 0.42225
