4 0.72546 0.55833 0.70245 0.55953 0.67648 0.55454 0.66939 0.54954 0.66200 0.53763 0.65932 0.52875 0.65739 0.52990 0.65372 0.54762 0.64692 0.56365 0.64334 0.57188 0.62220 0.57825 0.61225 0.61840 0.60406 0.65058 0.61138 0.68122 0.61719 0.70899 0.62459 0.72741 0.66330 0.71428 0.68796 0.70601 0.69945 0.67690 0.71410 0.60919 0.72546 0.55833
4 0.29171 0.68500 0.29886 0.67716 0.30227 0.65896 0.30469 0.63025 0.30615 0.58197 0.30789 0.54821 0.27571 0.54211 0.26256 0.53258 0.24887 0.51394 0.24551 0.50861 0.23455 0.50972 0.22502 0.52592 0.21362 0.56274 0.20718 0.58967 0.20520 0.61707 0.20729 0.63449 0.22773 0.64343 0.24676 0.65720 0.26755 0.67703 0.27915 0.68414 0.29171 0.68500
4 0.79449 0.57509 0.79348 0.55869 0.78592 0.54748 0.77325 0.53937 0.75841 0.53418 0.74685 0.54972 0.73609 0.55492 0.72556 0.55743 0.71339 0.61590 0.70078 0.67885 0.70468 0.69329 0.71487 0.69345 0.74453 0.68344 0.76715 0.67451 0.78698 0.66663 0.79008 0.64252 0.79365 0.60578 0.79449 0.57509
4 0.51256 0.63218 0.52066 0.58370 0.50964 0.57394 0.50397 0.55343 0.50221 0.55007 0.50007 0.55619 0.49712 0.56991 0.49201 0.57842 0.48019 0.58487 0.46586 0.58653 0.42279 0.58382 0.41600 0.58537 0.41612 0.62430 0.41919 0.67532 0.42338 0.71288 0.42943 0.72121 0.44363 0.72360 0.47024 0.72821 0.48700 0.71775 0.49638 0.70018 0.50464 0.67027 0.51256 0.63218
4 0.60394 0.65084 0.62114 0.57887 0.59457 0.58241 0.57891 0.58529 0.54974 0.58494 0.52745 0.58215 0.52156 0.58379 0.51404 0.63233 0.51492 0.67271 0.51880 0.71023 0.53149 0.73284 0.55387 0.73474 0.57031 0.73013 0.58385 0.72159 0.59061 0.70601 0.59602 0.68033 0.60394 0.65084
4 0.20709 0.59057 0.22142 0.53731 0.22665 0.52473 0.23593 0.50805 0.22980 0.50334 0.21918 0.50992 0.20466 0.51337 0.19508 0.51281 0.18530 0.51133 0.17390 0.47664 0.15431 0.51396 0.14575 0.54384 0.14190 0.58055 0.14893 0.59668 0.16610 0.61387 0.18141 0.62000 0.19740 0.62259 0.20533 0.62161 0.20564 0.61576 0.20709 0.59057
4 0.15815 0.47507 0.17040 0.46353 0.16578 0.44306 0.16261 0.41595 0.16409 0.37800 0.16824 0.34563 0.16242 0.33181 0.15389 0.31508 0.14492 0.30018 0.13862 0.29103 0.13283 0.28770 0.12882 0.28457 0.12545 0.28584 0.12193 0.29210 0.11521 0.31780 0.11373 0.33424 0.11241 0.37069 0.11420 0.39426 0.12073 0.43719 0.12445 0.45908 0.13035 0.47215 0.13741 0.47666 0.14497 0.48349 0.15815 0.47507
4 0.40090 0.66887 0.40835 0.64386 0.41468 0.61510 0.41450 0.58250 0.39683 0.58154 0.37775 0.57682 0.36553 0.57282 0.34885 0.55387 0.34638 0.52012 0.33951 0.53388 0.32912 0.54682 0.32329 0.55073 0.30840 0.54916 0.30621 0.58424 0.30584 0.63082 0.30508 0.67238 0.31193 0.69890 0.32171 0.70898 0.34223 0.71430 0.37386 0.71989 0.38018 0.71422 0.38839 0.69336 0.40090 0.66887
4 0.21150 0.51211 0.22610 0.50387 0.23902 0.49437 0.23550 0.47282 0.23662 0.44849 0.24416 0.41452 0.25308 0.38124 0.25754 0.35945 0.24436 0.32330 0.23377 0.29340 0.22198 0.27152 0.21498 0.26590 0.20347 0.26197 0.18778 0.26684 0.18091 0.27372 0.17517 0.30082 0.16827 0.34246 0.16443 0.37899 0.16178 0.41455 0.16693 0.45149 0.17622 0.48342 0.18601 0.51052 0.19794 0.51395 0.21150 0.51211
4 0.87514 0.50643 0.88760 0.47732 0.89482 0.44983 0.90030 0.41836 0.90382 0.38832 0.90194 0.37183 0.90585 0.35866 0.90625 0.34458 0.89731 0.34364 0.88599 0.35169 0.87463 0.36352 0.85687 0.38121 0.85595 0.40718 0.84688 0.45566 0.83502 0.51687 0.84132 0.52568 0.85022 0.53042 0.86038 0.52660 0.87514 0.50643
4 0.38803 0.57901 0.41293 0.58271 0.44395 0.58325 0.46581 0.58501 0.48044 0.58329 0.49190 0.57743 0.49626 0.57029 0.50270 0.54000 0.50603 0.50831 0.50870 0.45536 0.50885 0.42985 0.50694 0.40684 0.50083 0.37904 0.49223 0.36456 0.47991 0.34425 0.47062 0.33296 0.46005 0.32696 0.44334 0.32086 0.42880 0.31824 0.41519 0.32061 0.40332 0.32697 0.38859 0.34335 0.37668 0.36382 0.36643 0.39261 0.35429 0.43587 0.34759 0.48242 0.34671 0.51492 0.34740 0.53237 0.34812 0.55309 0.35944 0.56568 0.36978 0.57383 0.38803 0.57901
4 0.79150 0.53560 0.81484 0.53697 0.82750 0.53340 0.83477 0.51246 0.84596 0.46094 0.85512 0.40813 0.85742 0.37252 0.85835 0.33623 0.85714 0.32361 0.85505 0.31253 0.85063 0.30990 0.84025 0.30555 0.82304 0.31460 0.81012 0.33442 0.79319 0.36143 0.78301 0.38263 0.77370 0.39903 0.77796 0.44782 0.77711 0.48683 0.77000 0.51324 0.77854 0.52826 0.79150 0.53560
4 0.54789 0.58440 0.57998 0.58506 0.61864 0.57826 0.64200 0.57257 0.64730 0.56335 0.65409 0.54342 0.65855 0.52163 0.66149 0.49369 0.66279 0.45038 0.66321 0.40860 0.66052 0.38605 0.65458 0.36696 0.64433 0.34415 0.63300 0.33156 0.62053 0.32645 0.61058 0.32486 0.58874 0.32636 0.55878 0.33299 0.53841 0.36181 0.52488 0.39080 0.51134 0.42685 0.50868 0.45210 0.50490 0.51905 0.50311 0.54983 0.50907 0.57217 0.52037 0.58151 0.54789 0.58440
4 0.70908 0.56007 0.73458 0.55460 0.74598 0.54928 0.76295 0.52879 0.77134 0.50741 0.77657 0.48515 0.77727 0.45100 0.77443 0.42300 0.77138 0.37978 0.76954 0.35949 0.76461 0.34105 0.75243 0.32293 0.73913 0.31881 0.72596 0.32721 0.70847 0.34927 0.68676 0.38392 0.66776 0.41342 0.66319 0.42598 0.66145 0.49749 0.65942 0.52715 0.66477 0.54285 0.67489 0.55375 0.68387 0.55609 0.70908 0.56007
4 0.27465 0.54048 0.29789 0.54618 0.32321 0.54938 0.32927 0.54676 0.33915 0.53531 0.34767 0.51610 0.34603 0.50073 0.34874 0.47494 0.35440 0.44512 0.36009 0.40824 0.36223 0.39815 0.35717 0.37752 0.34894 0.35275 0.33968 0.32734 0.33256 0.30921 0.32725 0.29779 0.31962 0.28450 0.30912 0.28122 0.29249 0.28817 0.27695 0.30880 0.26388 0.34382 0.25472 0.37599 0.24422 0.41399 0.23541 0.45651 0.23631 0.47888 0.24354 0.50299 0.26060 0.52977 0.27465 0.54048
4 0.11467 0.32529 0.10930 0.31680 0.10329 0.30712 0.09780 0.30202 0.09120 0.29793 0.08815 0.30553 0.08496 0.35498 0.08678 0.39251 0.09259 0.42556 0.10124 0.44118 0.11456 0.44333 0.11898 0.43474 0.11551 0.40571 0.11224 0.36991 0.11431 0.34071 0.11467 0.32529
