4 0.50873 1.00000 0.52788 0.99933 0.52765 0.97291 0.52663 0.81473 0.52665 0.78560 0.52108 0.76496 0.51110 0.76739 0.49585 0.76861 0.47867 0.78312 0.41130 0.79032 0.39888 0.79213 0.40420 0.89604 0.40924 0.97981 0.40812 1.00000 0.50873 1.00000
4 0.27732 0.99826 0.28523 0.99591 0.28829 0.96390 0.28704 0.92788 0.27414 0.87767 0.26232 0.83642 0.25709 0.81653 0.24910 0.80567 0.23925 0.80117 0.23095 0.80215 0.21888 0.81440 0.20775 0.84255 0.19964 0.86983 0.19466 0.89568 0.18774 0.93550 0.18498 0.95643 0.18383 0.97308 0.20223 0.98358 0.24111 0.99399 0.25677 0.99552 0.27732 0.99826
4 0.74490 0.78389 0.72834 0.76641 0.69867 0.76121 0.67026 0.76220 0.66301 0.77353 0.65735 0.81955 0.65550 0.90633 0.65765 0.97768 0.68881 0.96621 0.74153 0.96575 0.76436 0.96357 0.76521 0.87890 0.76050 0.83325 0.75395 0.80434 0.74490 0.78389
3 0.59051 0.62377 0.61440 0.62225 0.62922 0.62934 0.64700 0.63225 0.66117 0.64075 0.67207 0.63483 0.67827 0.61309 0.68393 0.57684 0.67287 0.55847 0.64937 0.54053 0.60764 0.53784 0.54744 0.53302 0.51379 0.54250 0.50605 0.54969 0.49601 0.56949 0.49927 0.60336 0.50560 0.61635 0.51556 0.62293 0.53008 0.62173 0.56240 0.61368 0.57394 0.61604 0.59051 0.62377
4 0.27775 0.71789 0.29022 0.68290 0.30564 0.65071 0.31345 0.62741 0.31528 0.57700 0.31455 0.53530 0.29561 0.46692 0.27426 0.41153 0.25257 0.38781 0.22546 0.39455 0.21210 0.42378 0.20532 0.45567 0.19920 0.50925 0.19489 0.56968 0.19222 0.63743 0.19754 0.68614 0.20683 0.72609 0.22785 0.75129 0.24767 0.76205 0.26091 0.75013 0.27775 0.71789
4 0.86390 0.92334 0.85423 0.87441 0.84375 0.83311 0.82843 0.80174 0.81779 0.79519 0.79863 0.79240 0.78756 0.79643 0.76555 0.87889 0.76528 0.92056 0.76826 0.96620 0.76931 0.96762 0.79326 0.96672 0.81743 0.96310 0.83739 0.95895 0.85817 0.95753 0.87284 0.96048 0.86390 0.92334
4 0.89267 0.75526 0.89145 0.67903 0.89562 0.61268 0.88753 0.52523 0.87806 0.48095 0.86587 0.44110 0.85992 0.43558 0.84329 0.43326 0.82299 0.49004 0.80627 0.52662 0.79446 0.55869 0.79817 0.66504 0.80543 0.70790 0.82269 0.74902 0.84727 0.79422 0.86861 0.80789 0.88608 0.79287 0.89267 0.75526
4 0.65016 0.75699 0.63623 0.75540 0.58680 0.75090 0.53904 0.75395 0.53118 0.75768 0.52617 0.79254 0.52606 0.83905 0.52742 0.93390 0.52813 0.99932 0.54155 0.99885 0.65416 0.99492 0.65470 0.96639 0.65596 0.90317 0.65740 0.82540 0.66260 0.77531 0.65872 0.76431 0.65016 0.75699
4 0.19301 0.61865 0.19524 0.57974 0.19790 0.55234 0.19582 0.51358 0.17948 0.47815 0.16595 0.44125 0.15271 0.41150 0.13776 0.39616 0.11421 0.40133 0.10434 0.42754 0.09181 0.50135 0.08999 0.59349 0.09877 0.72125 0.10455 0.74263 0.12588 0.75623 0.13947 0.75437 0.15540 0.73651 0.17374 0.70566 0.19347 0.67332 0.19301 0.61865
4 0.60189 0.62728 0.62360 0.63080 0.65925 0.64252 0.67486 0.63625 0.68578 0.59842 0.68176 0.54538 0.67849 0.49226 0.66457 0.42364 0.64903 0.36956 0.62151 0.32301 0.59102 0.29532 0.56378 0.31785 0.53612 0.35047 0.50629 0.42344 0.49614 0.50290 0.49369 0.55623 0.49928 0.61362 0.51337 0.62603 0.54048 0.61935 0.56411 0.61563 0.60189 0.62728
4 0.47648 0.78414 0.49392 0.76918 0.50390 0.74580 0.50657 0.71978 0.49930 0.61519 0.49040 0.54483 0.47554 0.46914 0.45459 0.40511 0.42550 0.35434 0.40416 0.34067 0.37675 0.33873 0.34917 0.35266 0.33872 0.38323 0.32203 0.41981 0.31538 0.47611 0.31651 0.52931 0.31548 0.66459 0.31952 0.71914 0.32680 0.74192 0.35257 0.77984 0.37752 0.79338 0.42693 0.78732 0.47648 0.78414
4 0.76684 0.77702 0.78463 0.77193 0.79566 0.73718 0.79980 0.69097 0.79505 0.59624 0.79304 0.53873 0.78941 0.49700 0.78095 0.46005 0.76896 0.42591 0.75623 0.41195 0.74115 0.41247 0.72637 0.42168 0.71104 0.45670 0.69709 0.51042 0.68296 0.53829 0.68471 0.58858 0.67544 0.63201 0.67923 0.65780 0.69582 0.70040 0.72660 0.75829 0.74819 0.77912 0.76684 0.77702
4 0.39911 1.00000 0.40208 0.97308 0.40562 0.92582 0.40075 0.82675 0.39249 0.80834 0.38272 0.79616 0.37031 0.78967 0.34942 0.77788 0.33684 0.77555 0.32389 0.78223 0.31050 0.79591 0.30225 0.80658 0.29572 0.82972 0.28894 0.86255 0.28861 0.89447 0.28938 0.95625 0.29330 0.98732 0.30368 0.99734 0.30752 1.00000 0.39911 1.00000
