4 0.44467 0.76288 0.42504 0.77385 0.35754 0.76806 0.34499 0.76747 0.33040 0.87048 0.31935 0.95368 0.31354 0.97670 0.43209 0.99548 0.43691 0.96950 0.46609 0.81403 0.47167 0.78543 0.47014 0.76412 0.45988 0.76459 0.44467 0.76288
4 0.18633 0.94662 0.19455 0.94582 0.20367 0.91498 0.20930 0.87938 0.20623 0.82764 0.20249 0.78489 0.20116 0.76437 0.19538 0.75218 0.18658 0.74588 0.17824 0.74526 0.16406 0.75499 0.14776 0.78049 0.13459 0.80572 0.12477 0.83015 0.11038 0.86792 0.10368 0.88794 0.09937 0.90406 0.11543 0.91788 0.15161 0.93552 0.16669 0.94000 0.18633 0.94662
4 0.67217 1.00000 0.68804 0.92254 0.69213 0.87683 0.69122 0.84721 0.68623 0.82540 0.67331 0.80508 0.64518 0.79432 0.61710 0.78987 0.60782 0.79961 0.59349 0.84370 0.57511 0.92854 0.56360 0.99899 0.59638 0.99367 0.63052 1.00000 0.67217 1.00000
3 0.56523 0.63877 0.58897 0.64183 0.60216 0.65162 0.61907 0.65787 0.63136 0.66892 0.64319 0.66519 0.65342 0.64503 0.66589 0.61052 0.65854 0.59038 0.63889 0.56829 0.59845 0.55768 0.54027 0.54146 0.50543 0.54435 0.49645 0.54993 0.48282 0.56745 0.47956 0.60132 0.48330 0.61528 0.49182 0.62364 0.50630 0.62523 0.53956 0.62350 0.55044 0.62802 0.56523 0.63877
4 0.24026 0.67148 0.25917 0.63952 0.28046 0.61086 0.29257 0.58947 0.30398 0.54034 0.31122 0.49926 0.30568 0.42853 0.29529 0.37009 0.27852 0.34266 0.25063 0.34410 0.23194 0.37024 0.21919 0.40025 0.20296 0.45168 0.18720 0.51019 0.17165 0.57618 0.16758 0.62501 0.16908 0.66600 0.18490 0.69474 0.20231 0.70909 0.21758 0.69992 0.24026 0.67148
4 0.77710 1.00000 0.77643 0.98500 0.77628 0.93512 0.77388 0.89258 0.76483 0.85887 0.75563 0.85040 0.73735 0.84401 0.72572 0.84586 0.68838 0.92260 0.68016 0.96345 0.67550 1.00000 0.77710 1.00000
4 0.83675 0.82549 0.85010 0.75043 0.86685 0.68609 0.87560 0.59871 0.87475 0.55343 0.87039 0.51199 0.86560 0.50544 0.84972 0.49999 0.81896 0.55185 0.79557 0.58457 0.77785 0.61380 0.76120 0.71890 0.76015 0.76235 0.76925 0.80601 0.78475 0.85508 0.80309 0.87257 0.82311 0.86115 0.83675 0.82549
4 0.56016 1.00000 0.56287 0.98734 0.57616 0.92552 0.59242 0.84945 0.60708 0.80128 0.60537 0.78974 0.59837 0.78092 0.58499 0.77670 0.53733 0.76285 0.48987 0.75673 0.48144 0.75890 0.46987 0.79215 0.46089 0.83779 0.44413 0.93116 0.43234 0.99552 0.44560 0.99762 0.46065 1.00000 0.56016 1.00000
4 0.17601 0.55789 0.18562 0.52012 0.19346 0.49373 0.19882 0.45529 0.18954 0.41740 0.18330 0.37859 0.17597 0.34686 0.16423 0.32895 0.14013 0.32953 0.12543 0.35337 0.09905 0.42344 0.07969 0.51353 0.06392 0.64062 0.06552 0.66271 0.08387 0.68014 0.09756 0.68091 0.11661 0.66641 0.14049 0.63963 0.16603 0.61165 0.17601 0.55789
4 0.57574 0.64438 0.59637 0.65198 0.62913 0.67028 0.64565 0.66711 0.66359 0.63206 0.66976 0.57923 0.67668 0.52646 0.67612 0.45645 0.67118 0.40040 0.65305 0.34945 0.62841 0.31644 0.59736 0.33337 0.56399 0.36011 0.52079 0.42605 0.49565 0.50211 0.48308 0.55399 0.47761 0.61139 0.48908 0.62626 0.51696 0.62488 0.54086 0.62574 0.57574 0.64438
4 0.42269 0.77443 0.44267 0.76307 0.45692 0.74203 0.46452 0.71700 0.47734 0.61294 0.48202 0.54217 0.48188 0.46504 0.47352 0.39819 0.45466 0.34280 0.43632 0.32531 0.40979 0.31818 0.38005 0.32659 0.36396 0.35460 0.34060 0.38733 0.32332 0.44132 0.31429 0.49376 0.28746 0.62636 0.28102 0.68067 0.28382 0.70442 0.30188 0.74657 0.32379 0.76462 0.37345 0.76810 0.42269 0.77443
4 0.70908 0.82285 0.72752 0.82124 0.74497 0.78924 0.75786 0.74467 0.77126 0.65077 0.78027 0.59393 0.78467 0.55228 0.78341 0.51439 0.77816 0.47860 0.76833 0.46246 0.75342 0.46010 0.73715 0.46631 0.71542 0.49776 0.69148 0.54784 0.67229 0.57250 0.66442 0.62219 0.64702 0.66306 0.64583 0.68910 0.65399 0.73408 0.67316 0.79678 0.69038 0.82135 0.70908 0.82285
4 0.31742 0.75960 0.29916 0.74404 0.28726 0.73935 0.27328 0.74344 0.25751 0.75432 0.24738 0.76322 0.23656 0.78468 0.22364 0.81562 0.21722 0.84689 0.20619 0.90767 0.20411 0.93893 0.21239 0.95075 0.22384 0.96249 0.30441 0.97525 0.31361 0.94570 0.32610 0.89999 0.34022 0.80180 0.33563 0.78216 0.32836 0.76834 0.31742 0.75960
