2 0.16984 0.65101 0.17604 0.66221 0.18202 0.66813 0.18681 0.67190 0.18724 0.67048 0.19044 0.65648 0.20572 0.64125 0.22764 0.61875 0.24088 0.60928 0.25039 0.59421 0.25819 0.58563 0.26483 0.57755 0.27010 0.57244 0.27568 0.56965 0.27151 0.55856 0.26539 0.55027 0.25878 0.54396 0.25202 0.54033 0.24554 0.54064 0.24019 0.54365 0.22949 0.54885 0.21616 0.56047 0.20651 0.56891 0.19709 0.57757 0.19178 0.59015 0.18300 0.60267 0.17571 0.61541 0.17073 0.62871 0.16819 0.64151 0.16984 0.65101
2 0.77461 0.54892 0.79553 0.55918 0.82117 0.56907 0.83616 0.57706 0.85102 0.58445 0.85517 0.58549 0.86033 0.57800 0.86662 0.56452 0.86352 0.54888 0.85422 0.53488 0.83881 0.52185 0.81626 0.50907 0.79846 0.50327 0.78012 0.49694 0.77219 0.49447 0.76353 0.49375 0.75368 0.49457 0.74414 0.49787 0.73972 0.50680 0.73565 0.52045 0.73564 0.53068 0.74417 0.53494 0.75659 0.53901 0.77461 0.54892
4 0.24547 0.85145 0.25275 0.83466 0.25211 0.80829 0.24529 0.77197 0.22837 0.72851 0.21953 0.70389 0.18556 0.69719 0.17414 0.69233 0.16128 0.67651 0.15157 0.66267 0.14650 0.64519 0.13602 0.63417 0.11498 0.61810 0.10436 0.61704 0.07927 0.63297 0.06083 0.65677 0.05235 0.69768 0.05265 0.74798 0.05547 0.78250 0.05907 0.82282 0.06635 0.86472 0.06741 0.86970 0.08886 0.89070 0.13045 0.89711 0.15720 0.89540 0.19368 0.87571 0.22155 0.86647 0.24547 0.85145
4 0.60968 0.57921 0.63421 0.59255 0.65623 0.60046 0.68447 0.59512 0.69982 0.57595 0.71705 0.54645 0.71430 0.52715 0.71418 0.50531 0.72300 0.49151 0.73225 0.47761 0.73555 0.45703 0.73059 0.43158 0.72158 0.40831 0.69647 0.37522 0.66179 0.34813 0.64080 0.33867 0.61900 0.33602 0.60060 0.33662 0.57519 0.34467 0.55338 0.35262 0.53600 0.37288 0.52537 0.39303 0.51754 0.42849 0.51617 0.46456 0.51911 0.48051 0.52326 0.50216 0.53195 0.51754 0.54356 0.52965 0.55963 0.54147 0.59107 0.56395 0.60968 0.57921
2 0.33426 0.46196 0.32643 0.46500 0.31356 0.47234 0.30374 0.48225 0.29682 0.50581 0.29584 0.51891 0.30697 0.54323 0.32031 0.54546 0.33508 0.54554 0.37451 0.53025 0.39758 0.52213 0.43398 0.50887 0.45765 0.50062 0.46537 0.49115 0.46722 0.47328 0.48114 0.46940 0.47760 0.45864 0.47252 0.43625 0.46298 0.41941 0.45113 0.40352 0.43941 0.39267 0.43041 0.38722 0.42493 0.38654 0.42764 0.39931 0.43193 0.42095 0.43303 0.43498 0.42698 0.43903 0.41465 0.44303 0.40195 0.44527 0.38868 0.44487 0.37442 0.45158 0.35507 0.45800 0.33426 0.46196
1 0.11769 0.78567 0.11488 0.79689 0.11827 0.79802 0.12524 0.79007 0.13296 0.77896 0.13751 0.77222 0.13701 0.76170 0.13618 0.75264 0.13520 0.74800 0.12899 0.74401 0.12525 0.74342 0.12042 0.74444 0.11538 0.75106 0.11085 0.75941 0.10610 0.76966 0.10720 0.77704 0.11141 0.77315 0.11696 0.76666 0.12078 0.76169 0.12382 0.75965 0.12342 0.76667 0.12052 0.77675 0.11769 0.78567
1 0.93405 0.65630 0.93370 0.66103 0.93548 0.66730 0.94115 0.68006 0.94787 0.68928 0.95905 0.69388 0.96653 0.69495 0.96978 0.68462 0.96592 0.67181 0.95847 0.66341 0.95428 0.65865 0.94585 0.65312 0.93803 0.65046 0.93405 0.65630
4 0.32499 0.59201 0.34354 0.61126 0.36053 0.62952 0.38308 0.63997 0.41254 0.62973 0.43025 0.60675 0.44432 0.58785 0.45573 0.56290 0.47269 0.52152 0.48186 0.50300 0.48587 0.48360 0.48291 0.46965 0.47724 0.45362 0.47153 0.43098 0.45268 0.40185 0.43399 0.38197 0.41609 0.36788 0.39288 0.36288 0.36480 0.36686 0.34445 0.37317 0.32132 0.38339 0.30283 0.40057 0.28619 0.42862 0.27653 0.47243 0.27357 0.49890 0.27577 0.52627 0.28251 0.54736 0.29210 0.56057 0.30517 0.57104 0.32499 0.59201
4 0.87934 0.58286 0.89124 0.56443 0.88267 0.53046 0.86442 0.49988 0.83593 0.46154 0.81875 0.44664 0.79706 0.43600 0.77472 0.43082 0.75002 0.44004 0.73747 0.45331 0.73433 0.47253 0.72662 0.48941 0.71826 0.50113 0.71630 0.52805 0.72526 0.55531 0.73410 0.59054 0.73974 0.61916 0.75226 0.63770 0.76920 0.64934 0.81305 0.64731 0.84625 0.62700 0.86717 0.61063 0.87934 0.58286
2 1.00000 0.72425 0.99382 0.70394 0.98798 0.68638 0.98328 0.67323 0.96785 0.64935 0.95391 0.63500 0.93283 0.62217 0.91611 0.61694 0.90703 0.61780 0.90196 0.62900 0.90267 0.64003 0.90851 0.64785 0.91840 0.66780 0.92106 0.68526 0.93156 0.69531 0.95320 0.71217 0.97110 0.72869 0.99189 0.74653 0.99686 0.75275 1.00000 0.75180 1.00000 0.72425
2 0.09253 0.80275 0.09696 0.82445 0.09957 0.84014 0.10207 0.85106 0.10496 0.85524 0.10840 0.85265 0.10713 0.84839 0.10679 0.83994 0.10871 0.83101 0.11723 0.81987 0.12552 0.81358 0.14016 0.79103 0.14711 0.77331 0.14793 0.76435 0.14374 0.74633 0.14155 0.73348 0.14208 0.72911 0.14442 0.72648 0.14238 0.71945 0.13906 0.71323 0.13549 0.71266 0.13070 0.71235 0.12685 0.71131 0.12159 0.71562 0.11741 0.72157 0.11303 0.72490 0.10560 0.72754 0.09838 0.73546 0.09266 0.74867 0.08831 0.76583 0.08833 0.78554 0.09253 0.80275
4 1.00000 0.56499 0.98660 0.54747 0.95870 0.52888 0.93866 0.52386 0.92285 0.52391 0.90574 0.53484 0.88968 0.55283 0.89054 0.56325 0.87988 0.58539 0.86993 0.60872 0.85708 0.62271 0.85058 0.66651 0.85153 0.70076 0.86503 0.76217 0.88013 0.78215 0.90755 0.79422 0.94770 0.80026 0.98071 0.80252 0.99677 0.79513 1.00000 0.78976 1.00000 0.56499
2 0.55091 0.50539 0.56639 0.50338 0.59231 0.48796 0.61059 0.48472 0.61978 0.49107 0.62938 0.49318 0.64357 0.48506 0.64946 0.47997 0.65470 0.48205 0.65775 0.47693 0.66710 0.46759 0.68301 0.46453 0.69742 0.45955 0.70986 0.46170 0.71024 0.45012 0.70575 0.43413 0.69498 0.42140 0.68570 0.41570 0.67432 0.41237 0.65585 0.41470 0.64153 0.41806 0.61779 0.41608 0.60100 0.42220 0.58617 0.42727 0.57056 0.42867 0.55277 0.43725 0.54070 0.44812 0.53386 0.46108 0.53321 0.47752 0.53810 0.49437 0.55091 0.50539
4 0.22625 0.70577 0.27748 0.71079 0.29699 0.70267 0.30854 0.68895 0.31868 0.67287 0.31753 0.64197 0.31291 0.60320 0.30063 0.56670 0.29223 0.56120 0.28208 0.54746 0.27660 0.52808 0.26375 0.51226 0.24638 0.50070 0.22650 0.49433 0.20988 0.50117 0.19858 0.50755 0.18244 0.52092 0.16514 0.54581 0.15729 0.57266 0.15046 0.59796 0.14383 0.61992 0.14774 0.64891 0.15240 0.66448 0.17357 0.69179 0.18786 0.69737 0.22625 0.70577
