4 0.29501 0.67489 0.30619 0.59027 0.31078 0.58330 0.30027 0.57035 0.28392 0.55497 0.27256 0.55064 0.23518 0.54539 0.21685 0.54662 0.20347 0.55404 0.18399 0.56601 0.17674 0.57373 0.16953 0.58635 0.15841 0.62405 0.15444 0.70913 0.15995 0.77590 0.17762 0.82311 0.20034 0.84488 0.22706 0.82788 0.25337 0.79560 0.27692 0.75198 0.29443 0.72555 0.29501 0.67489
4 0.72171 0.54645 0.75140 0.55445 0.77056 0.54732 0.79983 0.53016 0.81704 0.51349 0.82938 0.48032 0.83755 0.44546 0.84058 0.40061 0.83859 0.37087 0.83566 0.33230 0.83027 0.29826 0.81891 0.27810 0.81217 0.26954 0.79807 0.26372 0.77965 0.27369 0.76512 0.29181 0.75148 0.31663 0.73748 0.34904 0.72489 0.37398 0.71143 0.38955 0.69930 0.39604 0.69638 0.44254 0.68748 0.49528 0.69875 0.51869 0.72171 0.54645
4 0.56921 0.76486 0.57740 0.72214 0.59022 0.64018 0.59254 0.60516 0.58864 0.58955 0.54923 0.58472 0.47814 0.57926 0.45853 0.58238 0.45282 0.59206 0.44183 0.67953 0.43445 0.74821 0.44323 0.75632 0.45393 0.80103 0.46164 0.87018 0.47578 0.89048 0.49651 0.88556 0.51866 0.87361 0.53875 0.82669 0.56921 0.76486
4 0.15742 0.62421 0.16641 0.58622 0.15450 0.55941 0.15805 0.53792 0.15431 0.51617 0.13693 0.50581 0.11749 0.50308 0.09808 0.51456 0.08650 0.52629 0.07436 0.54577 0.02290 0.67757 0.01721 0.74039 0.00656 0.81982 0.00650 0.85750 0.03160 0.86495 0.07599 0.81308 0.11255 0.75379 0.13978 0.71993 0.15455 0.69293 0.15742 0.62421
4 0.63207 0.55906 0.66949 0.55472 0.68437 0.51270 0.69625 0.43708 0.69991 0.37538 0.69385 0.31137 0.67903 0.26501 0.65959 0.22928 0.64405 0.21484 0.61716 0.20541 0.59470 0.21356 0.55446 0.25881 0.51710 0.31481 0.48881 0.37777 0.48080 0.41246 0.47308 0.47641 0.46768 0.52371 0.48233 0.53992 0.53278 0.54701 0.60645 0.55831 0.63207 0.55906
4 0.17596 0.47057 0.20783 0.44018 0.22766 0.40618 0.24319 0.37162 0.23267 0.34373 0.20840 0.31110 0.19985 0.26937 0.18622 0.24580 0.16426 0.21915 0.15140 0.20790 0.12673 0.21387 0.10184 0.24806 0.08095 0.27625 0.07012 0.30864 0.06576 0.36646 0.07047 0.41331 0.08775 0.44215 0.11273 0.47865 0.12720 0.48728 0.14936 0.48568 0.17596 0.47057
4 0.72280 0.61019 0.71423 0.58637 0.69431 0.58075 0.65187 0.59269 0.62419 0.59747 0.60493 0.59644 0.59517 0.59885 0.58252 0.69535 0.57305 0.75362 0.59329 0.79509 0.61344 0.86157 0.63121 0.87348 0.66152 0.87208 0.68754 0.83427 0.71225 0.73878 0.72802 0.65334 0.72280 0.61019
4 0.81140 0.92143 0.82473 0.89786 0.83368 0.83881 0.84433 0.76300 0.84326 0.73928 0.83796 0.67444 0.82674 0.62480 0.81517 0.59112 0.80422 0.57073 0.78924 0.56581 0.77086 0.57170 0.75459 0.58922 0.74839 0.61095 0.73927 0.63135 0.72739 0.65325 0.72301 0.69788 0.72186 0.73731 0.73377 0.77761 0.74587 0.83872 0.76067 0.88508 0.78595 0.91504 0.81140 0.92143
4 0.35480 0.43448 0.39271 0.40118 0.41419 0.39570 0.46907 0.36667 0.45897 0.31812 0.44929 0.27529 0.42703 0.23729 0.39159 0.21722 0.37305 0.21083 0.35207 0.21732 0.32992 0.23211 0.29471 0.26391 0.27214 0.30411 0.26342 0.33492 0.25282 0.40131 0.25053 0.46226 0.24664 0.50788 0.27357 0.51263 0.28763 0.49292 0.31972 0.46537 0.35480 0.43448
4 0.94609 0.84200 0.95498 0.79689 0.96122 0.75249 0.95609 0.69339 0.94409 0.63934 0.92572 0.59694 0.91470 0.59266 0.87581 0.59048 0.86256 0.60989 0.84251 0.64415 0.83733 0.66034 0.84289 0.69823 0.84446 0.73608 0.85318 0.76184 0.87880 0.79653 0.90217 0.85492 0.91595 0.88086 0.92920 0.87179 0.94609 0.84200
4 0.83130 0.47728 0.83536 0.48243 0.83554 0.50602 0.83677 0.52518 0.84222 0.53905 0.84908 0.54917 0.85738 0.54904 0.86476 0.54288 0.87351 0.56439 0.89175 0.57415 0.91142 0.58282 0.93068 0.57488 0.94067 0.56075 0.95012 0.53065 0.95774 0.49505 0.96651 0.42954 0.97525 0.39214 0.97724 0.36557 0.97607 0.32745 0.97314 0.29561 0.96980 0.27290 0.96350 0.24321 0.95524 0.24009 0.93278 0.24805 0.91382 0.26829 0.89649 0.29860 0.87952 0.32632 0.85954 0.35690 0.84029 0.38233 0.84162 0.40084 0.83761 0.44478 0.83130 0.47728
4 0.42033 0.76965 0.43350 0.75028 0.45179 0.59418 0.44352 0.58595 0.43431 0.58071 0.36716 0.57514 0.33439 0.57053 0.31833 0.57308 0.30617 0.59259 0.29544 0.67275 0.29612 0.74590 0.30525 0.80375 0.31836 0.84800 0.33155 0.86950 0.35550 0.87758 0.38304 0.86023 0.40143 0.81489 0.42033 0.76965
4 1.00000 0.36937 0.98651 0.38324 0.97183 0.40410 0.96516 0.43915 0.95612 0.50660 0.95625 0.53347 0.96898 0.54836 0.98964 0.55640 0.99690 0.55700 1.00000 0.53496 1.00000 0.36937
