4 0.16994 0.56162 0.16518 0.56275 0.15267 0.56500 0.16868 0.60326 0.18195 0.62727 0.19571 0.64865 0.20247 0.65765 0.20798 0.65502 0.21048 0.64715 0.21949 0.63439 0.22675 0.62501 0.23601 0.62277 0.23375 0.60926 0.22875 0.59876 0.22324 0.58713 0.21874 0.57813 0.21023 0.56537 0.19972 0.55787 0.18996 0.55562 0.17769 0.55675 0.16994 0.56162
4 0.45643 0.74558 0.45174 0.77313 0.44598 0.81526 0.45535 0.82229 0.47913 0.82715 0.51445 0.83309 0.52454 0.82499 0.52850 0.81364 0.53535 0.76719 0.54616 0.74396 0.54977 0.73694 0.54977 0.71533 0.53895 0.69805 0.51733 0.68940 0.50040 0.68400 0.48634 0.67644 0.48057 0.67320 0.46364 0.66996 0.45895 0.67212 0.45282 0.68616 0.44886 0.70885 0.45462 0.72019 0.45643 0.74558
4 0.68352 0.75878 0.69313 0.76373 0.70455 0.75878 0.72677 0.73582 0.73938 0.71872 0.75260 0.70116 0.75800 0.68856 0.75170 0.67911 0.74629 0.67731 0.73908 0.67911 0.73097 0.67686 0.72226 0.67055 0.71566 0.66560 0.70935 0.66155 0.70274 0.65840 0.69584 0.65750 0.69103 0.65885 0.68502 0.66695 0.67662 0.67325 0.67211 0.68045 0.66520 0.68406 0.65920 0.69981 0.67331 0.71602 0.67812 0.73312 0.68352 0.75878
4 0.30158 0.76820 0.31722 0.77627 0.33164 0.77914 0.33894 0.78227 0.34850 0.77471 0.34833 0.76247 0.35476 0.71376 0.35041 0.70776 0.34537 0.70073 0.34137 0.69604 0.33564 0.69265 0.33234 0.69240 0.32903 0.69240 0.32278 0.69448 0.32017 0.68979 0.31600 0.68484 0.31391 0.68458 0.30800 0.68614 0.30436 0.68901 0.29932 0.69161 0.29462 0.69474 0.29132 0.69734 0.28854 0.70229 0.28854 0.70750 0.28958 0.71688 0.28889 0.74553 0.29428 0.75882 0.30158 0.76820
4 0.62016 0.75338 0.62316 0.77769 0.62016 0.81055 0.62496 0.81189 0.64268 0.80334 0.66040 0.78894 0.68052 0.77543 0.68803 0.76688 0.68292 0.75608 0.67782 0.73312 0.67211 0.71467 0.65619 0.69801 0.65319 0.69981 0.64718 0.70656 0.63187 0.71106 0.62076 0.71377 0.61115 0.72862 0.60574 0.73672 0.60574 0.74708 0.62016 0.75338
4 0.69697 0.59351 0.69372 0.60551 0.69147 0.61639 0.69072 0.62314 0.68696 0.63289 0.68346 0.64602 0.68296 0.65540 0.68196 0.66103 0.68045 0.67040 0.68421 0.66778 0.69047 0.65953 0.69697 0.65727 0.70348 0.65915 0.71324 0.66478 0.72275 0.67078 0.73051 0.67715 0.73877 0.67978 0.74753 0.67753 0.75278 0.67866 0.75829 0.68878 0.77305 0.66253 0.77731 0.65090 0.78056 0.63739 0.78482 0.63439 0.79207 0.61564 0.79858 0.59163 0.80484 0.57363 0.80909 0.55600 0.80809 0.55299 0.80283 0.55225 0.79032 0.55675 0.78281 0.56012 0.77330 0.55374 0.75629 0.55600 0.75203 0.55600 0.74552 0.55149 0.74152 0.54924 0.73501 0.54737 0.72625 0.54812 0.71524 0.55675 0.70648 0.56800 0.69947 0.58263 0.69697 0.59351
4 0.72350 0.51548 0.71850 0.53049 0.71775 0.55487 0.72650 0.54774 0.73652 0.54737 0.74127 0.54962 0.75253 0.55637 0.76379 0.55524 0.77380 0.55337 0.78156 0.55900 0.78482 0.55862 0.79533 0.55450 0.80133 0.55187 0.80884 0.55299 0.80934 0.55337 0.81785 0.51999 0.82561 0.48397 0.82661 0.46147 0.82761 0.43334 0.82586 0.41383 0.82661 0.40595 0.82561 0.39132 0.81885 0.39582 0.81435 0.39957 0.80609 0.40033 0.79883 0.39545 0.78932 0.39207 0.78106 0.39545 0.77105 0.39882 0.76455 0.40295 0.76029 0.40895 0.75704 0.41195 0.75103 0.41195 0.74552 0.41645 0.73752 0.43334 0.73276 0.46709 0.72901 0.49260 0.72350 0.51548
4 0.34975 0.78771 0.38399 0.79906 0.40958 0.80824 0.43120 0.82120 0.44454 0.81850 0.45030 0.77421 0.45607 0.74720 0.45426 0.72073 0.44634 0.70885 0.43625 0.70129 0.42219 0.69265 0.40922 0.68022 0.39588 0.67644 0.38435 0.66780 0.37714 0.66618 0.37174 0.66672 0.36597 0.67482 0.35912 0.68562 0.35552 0.70831 0.35228 0.73424 0.34831 0.76341 0.34975 0.78771
4 0.55589 0.82877 0.58472 0.82499 0.60707 0.82120 0.61860 0.81256 0.62293 0.77691 0.61968 0.75422 0.60346 0.74720 0.58328 0.74396 0.55625 0.74288 0.54652 0.74450 0.53571 0.76665 0.52886 0.81472 0.53751 0.82931 0.55589 0.82877
4 0.21851 0.67273 0.23403 0.70386 0.25505 0.73650 0.26757 0.75188 0.27858 0.75938 0.28383 0.75225 0.28834 0.74700 0.28984 0.71474 0.28734 0.70611 0.28634 0.70348 0.28583 0.69261 0.28383 0.67535 0.27883 0.66748 0.26682 0.66148 0.26131 0.65097 0.25380 0.64310 0.25055 0.63560 0.24654 0.63109 0.24304 0.62659 0.23903 0.62434 0.23153 0.62321 0.22652 0.62434 0.21701 0.63785 0.21100 0.64722 0.20875 0.65548 0.21851 0.67273
