4 0.19715 0.64717 0.20274 0.64474 0.20552 0.63695 0.21497 0.62452 0.22255 0.61540 0.23189 0.61348 0.23010 0.59990 0.22547 0.58923 0.22037 0.57742 0.21618 0.56826 0.20812 0.55522 0.19788 0.54736 0.18820 0.54477 0.17591 0.54546 0.16799 0.55006 0.16320 0.55102 0.15061 0.55284 0.16528 0.59163 0.17770 0.61609 0.19071 0.63794 0.19715 0.64717
4 0.51318 0.82564 0.51754 0.81445 0.52601 0.76826 0.53762 0.74542 0.54147 0.73853 0.54222 0.71694 0.53202 0.69929 0.51071 0.68990 0.49397 0.68390 0.48019 0.67586 0.47454 0.67242 0.45773 0.66859 0.45297 0.67058 0.44635 0.68440 0.44160 0.70694 0.44697 0.71848 0.44788 0.74391 0.44224 0.77128 0.43501 0.81318 0.44413 0.82053 0.46773 0.82622 0.50282 0.83339 0.51318 0.82564
4 0.75127 0.69745 0.74529 0.68778 0.73995 0.68579 0.73269 0.68734 0.72466 0.68481 0.71618 0.67821 0.70975 0.67303 0.70359 0.66876 0.69709 0.66538 0.69022 0.66424 0.68537 0.66542 0.67909 0.67331 0.67046 0.67931 0.66571 0.68635 0.65868 0.68971 0.65213 0.70525 0.66567 0.72193 0.66987 0.73920 0.67438 0.76503 0.68381 0.77031 0.69539 0.76576 0.71840 0.74359 0.73160 0.72694 0.74542 0.70986 0.75127 0.69745
4 0.34738 0.70856 0.34325 0.70242 0.33846 0.69521 0.33463 0.69039 0.32902 0.68680 0.32572 0.68643 0.32242 0.68631 0.31610 0.68817 0.31366 0.68340 0.30966 0.67831 0.30759 0.67797 0.30162 0.67933 0.29788 0.68207 0.29275 0.68449 0.28795 0.68745 0.28456 0.68994 0.28161 0.69479 0.28143 0.70000 0.28214 0.70940 0.28045 0.73802 0.28537 0.75148 0.29234 0.76111 0.30768 0.76973 0.32200 0.77309 0.32919 0.77647 0.33900 0.76925 0.33926 0.75702 0.34738 0.70856
4 0.67080 0.78157 0.67860 0.77328 0.67388 0.76231 0.66957 0.73918 0.66451 0.72054 0.64919 0.70334 0.64612 0.70504 0.63989 0.71157 0.62442 0.71554 0.61322 0.71785 0.60310 0.73236 0.59742 0.74027 0.59705 0.75062 0.61124 0.75742 0.61339 0.78181 0.60925 0.81455 0.61400 0.81607 0.63201 0.80814 0.65022 0.79436 0.67080 0.78157
4 0.67742 0.66169 0.67622 0.66728 0.67440 0.67660 0.67824 0.67410 0.68478 0.66607 0.69137 0.66405 0.69780 0.66615 0.70736 0.67212 0.71665 0.67845 0.72419 0.68509 0.73235 0.68801 0.74118 0.68606 0.74639 0.68737 0.75154 0.69768 0.76722 0.67196 0.77187 0.66048 0.77560 0.64710 0.77995 0.64425 0.78786 0.62576 0.79520 0.60199 0.80208 0.58422 0.80695 0.56675 0.80605 0.56371 0.80083 0.56278 0.78817 0.56684 0.78054 0.56995 0.77126 0.56325 0.75418 0.56490 0.74992 0.56476 0.74358 0.56003 0.73965 0.55764 0.73322 0.55554 0.72444 0.55598 0.71313 0.56422 0.70398 0.57516 0.69647 0.58954 0.69359 0.60032 0.68992 0.61221 0.68729 0.62300 0.68630 0.62972 0.68221 0.63934 0.67825 0.65233 0.67742 0.66169
4 0.75041 0.56515 0.76171 0.56442 0.77177 0.56289 0.77933 0.56879 0.78260 0.56852 0.79325 0.56477 0.79934 0.56235 0.80680 0.56374 0.80729 0.56413 0.81696 0.53107 0.82597 0.49535 0.82776 0.47289 0.82974 0.44481 0.82867 0.42525 0.82970 0.41741 0.82920 0.40275 0.82229 0.40702 0.81766 0.41060 0.80938 0.41107 0.80230 0.40594 0.79291 0.40223 0.78454 0.40532 0.77442 0.40835 0.76777 0.41224 0.76331 0.41809 0.75995 0.42098 0.75395 0.42077 0.74829 0.42507 0.73970 0.44167 0.73377 0.47524 0.72913 0.50060 0.72282 0.52328 0.71730 0.53809 0.71570 0.56244 0.72470 0.55562 0.73472 0.55559 0.73939 0.55801 0.75041 0.56515
4 0.44747 0.74552 0.44659 0.71900 0.43908 0.70685 0.42926 0.69894 0.41551 0.68981 0.40298 0.67695 0.38979 0.67270 0.37856 0.66366 0.37142 0.66179 0.36600 0.66214 0.35995 0.67004 0.35273 0.68059 0.34834 0.70314 0.34419 0.72894 0.33921 0.75795 0.33980 0.78230 0.37362 0.79483 0.39888 0.80490 0.42003 0.81861 0.43345 0.81637 0.44076 0.77231 0.44747 0.74552
4 0.59477 0.75066 0.57472 0.74672 0.54774 0.74470 0.53796 0.74598 0.52638 0.76773 0.51786 0.81554 0.52600 0.83042 0.54439 0.83052 0.57333 0.82774 0.59579 0.82475 0.60762 0.81651 0.61319 0.78103 0.61074 0.75825 0.59477 0.75066
4 0.27985 0.73946 0.28247 0.70728 0.28027 0.69857 0.27937 0.69590 0.27924 0.68502 0.27785 0.66770 0.27312 0.65966 0.26132 0.65324 0.25618 0.64255 0.24896 0.63442 0.24597 0.62681 0.24212 0.62217 0.23878 0.61755 0.23485 0.61515 0.22739 0.61377 0.22235 0.61472 0.21237 0.62788 0.20604 0.63705 0.20350 0.64522 0.21265 0.66280 0.22708 0.69446 0.24695 0.72780 0.25892 0.74361 0.26966 0.75149 0.27516 0.74456 0.27985 0.73946
