4 0.62887 0.29550 0.63768 0.28861 0.64237 0.27658 0.64416 0.26091 0.64590 0.24340 0.64574 0.23180 0.64333 0.22256 0.63930 0.21763 0.63347 0.21807 0.62836 0.22065 0.62283 0.22353 0.61565 0.23715 0.60909 0.24315 0.60053 0.24863 0.59700 0.25058 0.59809 0.26454 0.59923 0.27889 0.60249 0.28681 0.60885 0.29381 0.61682 0.29650 0.62887 0.29550
4 0.45591 0.30432 0.46365 0.30275 0.47241 0.30374 0.48124 0.30162 0.48740 0.30069 0.49378 0.30199 0.50203 0.30033 0.50474 0.29676 0.50610 0.28837 0.50595 0.27952 0.50775 0.27139 0.50820 0.26119 0.50825 0.24907 0.50612 0.23896 0.50063 0.22771 0.49308 0.21499 0.48727 0.21047 0.47941 0.20853 0.47076 0.21032 0.45944 0.21273 0.45451 0.21571 0.44832 0.22583 0.44108 0.23631 0.43890 0.24107 0.43852 0.25221 0.43601 0.26995 0.43485 0.28205 0.43636 0.29224 0.44077 0.30128 0.44500 0.30368 0.45591 0.30432
4 0.38053 0.35795 0.38960 0.34647 0.39634 0.33602 0.40282 0.32570 0.40871 0.31598 0.41073 0.30452 0.41192 0.29774 0.41137 0.29209 0.40464 0.29162 0.39798 0.28740 0.39229 0.28245 0.38930 0.27637 0.38693 0.26951 0.38549 0.25869 0.37961 0.27037 0.37238 0.29041 0.36726 0.30653 0.36342 0.32090 0.36017 0.33591 0.35867 0.34711 0.36185 0.35483 0.36794 0.36093 0.37362 0.36193 0.38053 0.35795
4 0.53880 0.35475 0.54679 0.34743 0.55334 0.33430 0.55684 0.32143 0.55828 0.31427 0.55882 0.30724 0.55243 0.30743 0.54041 0.30663 0.53377 0.30730 0.52755 0.30753 0.52405 0.30242 0.52360 0.29996 0.52233 0.28915 0.52440 0.27947 0.52404 0.27650 0.51842 0.27735 0.51618 0.27907 0.51560 0.28638 0.51576 0.29646 0.51641 0.30874 0.51548 0.31704 0.52319 0.34327 0.52631 0.35360 0.53267 0.35552 0.53880 0.35475
4 0.44007 0.35123 0.44778 0.33354 0.45490 0.31813 0.45978 0.31087 0.45915 0.30682 0.45995 0.30347 0.45621 0.30418 0.44544 0.30377 0.44056 0.30164 0.43658 0.29295 0.43475 0.28201 0.43631 0.26814 0.43670 0.26454 0.43363 0.26526 0.43221 0.26980 0.42948 0.27979 0.42502 0.28739 0.41877 0.28994 0.41368 0.29174 0.41139 0.29988 0.40893 0.31584 0.40855 0.32900 0.41222 0.33917 0.41635 0.35075 0.42082 0.35841 0.42566 0.36297 0.42980 0.36344 0.43425 0.36025 0.44007 0.35123
4 0.61556 0.30578 0.61621 0.29636 0.60891 0.29318 0.60400 0.28927 0.60109 0.28418 0.59906 0.27849 0.59749 0.26144 0.59626 0.26123 0.59366 0.28173 0.59138 0.29466 0.58606 0.30324 0.58146 0.30775 0.56978 0.30913 0.56467 0.30786 0.56416 0.31420 0.56901 0.32626 0.57518 0.34131 0.58111 0.35722 0.59270 0.35774 0.59934 0.35319 0.60625 0.33994 0.61105 0.32706 0.61269 0.31631 0.61556 0.30578
4 0.65616 0.33448 0.65618 0.32328 0.65501 0.30765 0.65597 0.29183 0.64945 0.26660 0.64728 0.25667 0.64488 0.25570 0.64239 0.27675 0.63797 0.28791 0.62883 0.29603 0.62077 0.29663 0.61672 0.29704 0.61587 0.30607 0.61316 0.31588 0.61590 0.32114 0.62380 0.32841 0.62906 0.33889 0.63399 0.34913 0.63936 0.35338 0.64557 0.35080 0.65170 0.34380 0.65616 0.33448
4 0.42473 0.28749 0.42937 0.27980 0.43251 0.26897 0.43548 0.25626 0.43611 0.24995 0.42937 0.23608 0.42336 0.22014 0.41788 0.21238 0.41202 0.21153 0.40549 0.21387 0.40211 0.21566 0.39689 0.21823 0.39057 0.22557 0.38828 0.23582 0.38686 0.25081 0.38586 0.25853 0.38718 0.27052 0.39147 0.28157 0.39914 0.28879 0.40375 0.29108 0.41379 0.29151 0.42473 0.28749
4 0.50401 0.32162 0.50691 0.30935 0.50745 0.30128 0.50868 0.29930 0.50976 0.29067 0.51020 0.28480 0.51001 0.27925 0.50927 0.27846 0.50792 0.27690 0.50679 0.27670 0.50583 0.27962 0.50610 0.28892 0.50455 0.29769 0.50193 0.30009 0.49363 0.30216 0.48658 0.30047 0.47245 0.30393 0.46729 0.30324 0.46350 0.30301 0.46322 0.30627 0.46444 0.31023 0.46389 0.31499 0.46548 0.32431 0.46759 0.33900 0.47369 0.35022 0.48538 0.35228 0.49281 0.34764 0.49885 0.33835 0.50401 0.32162
4 0.37478 0.26999 0.37917 0.26103 0.38535 0.24963 0.38672 0.24675 0.38741 0.23933 0.38831 0.23492 0.38069 0.22676 0.36872 0.21896 0.35691 0.21026 0.35108 0.20722 0.34617 0.20727 0.33850 0.20977 0.33859 0.21346 0.33996 0.22858 0.33897 0.24604 0.34125 0.26500 0.34629 0.28297 0.35030 0.29562 0.35481 0.30064 0.36049 0.30035 0.36384 0.29800 0.36920 0.28774 0.37478 0.26999
4 0.53992 0.30627 0.54717 0.30682 0.55505 0.30729 0.56267 0.30643 0.56927 0.30924 0.58189 0.30780 0.58673 0.30259 0.59135 0.29238 0.59348 0.28375 0.59577 0.26450 0.59751 0.24699 0.59073 0.23128 0.58538 0.22207 0.57562 0.21558 0.57000 0.21348 0.56113 0.21376 0.54870 0.21689 0.53834 0.22774 0.53076 0.24018 0.52620 0.25701 0.52427 0.28090 0.52257 0.28943 0.52335 0.30023 0.52686 0.30673 0.53259 0.30755 0.53992 0.30627
4 0.69457 0.24996 0.69705 0.24214 0.69465 0.23491 0.68839 0.23014 0.68001 0.22701 0.66987 0.23312 0.66215 0.24149 0.65453 0.24511 0.64904 0.24781 0.64754 0.24865 0.64709 0.25537 0.65057 0.27104 0.65574 0.29106 0.65892 0.30007 0.66230 0.30452 0.66684 0.30588 0.67075 0.30454 0.67650 0.29692 0.68425 0.27864 0.69013 0.26406 0.69457 0.24996
4 0.32920 0.27172 0.33718 0.26655 0.34109 0.26471 0.33876 0.24519 0.33893 0.23805 0.33374 0.23191 0.32855 0.22353 0.32365 0.21968 0.31775 0.22327 0.31161 0.22592 0.30848 0.22671 0.30684 0.22926 0.30820 0.23562 0.30804 0.24559 0.30935 0.25792 0.31146 0.26515 0.31316 0.26845 0.31580 0.26816 0.31997 0.27218 0.32416 0.27157 0.32750 0.27291 0.32920 0.27172
4 0.34006 0.33756 0.34425 0.33274 0.34899 0.32283 0.35461 0.31397 0.35832 0.30853 0.36312 0.30365 0.36788 0.30305 0.37340 0.28665 0.37887 0.27257 0.37639 0.26765 0.37459 0.27038 0.36933 0.28736 0.36419 0.29757 0.36086 0.30020 0.35435 0.30121 0.34994 0.29577 0.34563 0.28229 0.34060 0.26474 0.33667 0.26673 0.32905 0.27131 0.32381 0.28346 0.31947 0.29111 0.31552 0.30475 0.31714 0.31112 0.31976 0.31929 0.32246 0.32156 0.32289 0.33202 0.32563 0.33949 0.33194 0.34097 0.34006 0.33756
