4 0.59901 0.29359 0.60918 0.29982 0.61707 0.29657 0.62303 0.28933 0.62779 0.27895 0.63409 0.26233 0.64438 0.24977 0.65472 0.24307 0.66320 0.23829 0.67074 0.22995 0.67531 0.21797 0.67778 0.19925 0.68016 0.18328 0.67878 0.17072 0.67132 0.15441 0.65695 0.14958 0.62571 0.13832 0.60923 0.13461 0.59944 0.13270 0.58810 0.13075 0.58092 0.13598 0.57490 0.14478 0.56993 0.16848 0.56644 0.18675 0.56510 0.20275 0.56692 0.21025 0.57696 0.23449 0.58628 0.25713 0.59297 0.28124 0.59901 0.29359
1 0.88331 0.60658 0.88464 0.61153 0.88515 0.61476 0.88523 0.62325 0.88636 0.62669 0.88797 0.62569 0.88796 0.61674 0.88870 0.60997 0.88713 0.60463 0.88450 0.60473 0.88331 0.60658
4 0.35268 0.35698 0.37037 0.35273 0.37736 0.31676 0.37874 0.26708 0.37947 0.23576 0.36592 0.19313 0.35713 0.17823 0.34599 0.16920 0.33771 0.17051 0.32426 0.17599 0.31545 0.18218 0.30264 0.19038 0.29744 0.19559 0.29199 0.20837 0.28353 0.22484 0.28096 0.24745 0.27540 0.27319 0.27751 0.29488 0.28313 0.30807 0.30265 0.31307 0.31461 0.32969 0.31865 0.33687 0.33325 0.33899 0.35268 0.35698
4 0.92440 0.90270 0.93431 0.87767 0.93911 0.84684 0.94288 0.81925 0.94226 0.80137 0.94230 0.78259 0.93157 0.75967 0.91781 0.74367 0.90049 0.74073 0.89238 0.74139 0.88448 0.74487 0.86664 0.76539 0.82050 0.79431 0.80952 0.79674 0.80113 0.82323 0.79669 0.85266 0.79849 0.88984 0.80850 0.91510 0.81746 0.93514 0.83095 0.94969 0.85366 0.95003 0.88625 0.94364 0.90955 0.92708 0.92440 0.90270
4 0.76063 0.47070 0.78139 0.45578 0.79618 0.44062 0.80350 0.42405 0.80989 0.39726 0.80995 0.37338 0.80313 0.35279 0.79353 0.33835 0.78044 0.32695 0.77366 0.32044 0.76343 0.31655 0.74513 0.32062 0.73105 0.33030 0.71198 0.34882 0.70206 0.35827 0.69414 0.37678 0.69162 0.39000 0.69343 0.41238 0.70003 0.43845 0.70775 0.45517 0.72640 0.47070 0.74152 0.47590 0.76063 0.47070
4 0.12297 0.91598 0.14658 0.92708 0.16409 0.92769 0.17931 0.92280 0.19021 0.91833 0.20412 0.89935 0.21180 0.87421 0.21796 0.84146 0.21902 0.81123 0.21657 0.78898 0.21348 0.77488 0.19748 0.77157 0.16119 0.74436 0.14371 0.73239 0.13467 0.71425 0.12944 0.71027 0.12112 0.71268 0.10457 0.72507 0.09267 0.73763 0.08266 0.75782 0.07656 0.78896 0.07839 0.82901 0.08076 0.85343 0.09374 0.89172 0.10520 0.91211 0.12297 0.91598
4 0.72045 0.32915 0.72292 0.29558 0.71560 0.27495 0.70188 0.25960 0.68598 0.24653 0.67187 0.24250 0.66740 0.23687 0.66184 0.23981 0.64332 0.25051 0.63379 0.26349 0.62939 0.27627 0.62757 0.31494 0.62819 0.35686 0.63306 0.38051 0.65045 0.38779 0.66788 0.38643 0.67591 0.37927 0.68544 0.35886 0.69476 0.35918 0.70966 0.34873 0.72045 0.32915
4 0.45265 0.23188 0.46201 0.21005 0.46395 0.18525 0.46132 0.15814 0.45575 0.14335 0.44582 0.13525 0.42773 0.13535 0.40473 0.13778 0.38973 0.14699 0.38055 0.15260 0.37457 0.16278 0.36671 0.18078 0.36737 0.19269 0.38055 0.23584 0.37994 0.25313 0.39080 0.25999 0.41092 0.28880 0.42785 0.29587 0.43980 0.28224 0.45265 0.23188
4 0.24555 0.56406 0.25579 0.55906 0.26761 0.54645 0.27570 0.52081 0.27900 0.49983 0.27697 0.47541 0.26693 0.46430 0.25277 0.44974 0.23880 0.42926 0.23553 0.42050 0.23121 0.41062 0.20834 0.40927 0.19304 0.41684 0.17306 0.44533 0.16658 0.46674 0.16555 0.48615 0.16920 0.50467 0.17741 0.52602 0.19091 0.53946 0.21947 0.55181 0.24555 0.56406
4 0.84652 0.55122 0.85176 0.53496 0.85738 0.50776 0.85858 0.48822 0.84972 0.46717 0.83760 0.45030 0.82466 0.44201 0.81806 0.43787 0.80743 0.43790 0.79833 0.43835 0.79452 0.44370 0.78402 0.45470 0.76167 0.47074 0.75049 0.47895 0.74013 0.50091 0.73639 0.52623 0.73825 0.54704 0.74914 0.56974 0.75801 0.58298 0.77642 0.59066 0.79703 0.58708 0.82031 0.57419 0.83833 0.56307 0.84652 0.55122
4 0.81961 0.79333 0.84341 0.78008 0.86697 0.76493 0.88220 0.74760 0.89284 0.72825 0.90157 0.69190 0.90583 0.66810 0.90545 0.64318 0.90088 0.61391 0.89036 0.59427 0.88028 0.57983 0.86590 0.56383 0.84798 0.55990 0.83408 0.56600 0.79752 0.58821 0.78064 0.58996 0.76280 0.61941 0.75427 0.65012 0.75261 0.67073 0.75556 0.69338 0.75922 0.71325 0.76318 0.74250 0.77213 0.77147 0.78800 0.78796 0.80165 0.79036 0.81961 0.79333
4 0.33877 0.43762 0.34712 0.41357 0.34644 0.39193 0.34168 0.37447 0.33432 0.35962 0.32333 0.34627 0.31357 0.32863 0.30160 0.31255 0.28478 0.31196 0.27105 0.31580 0.25695 0.31963 0.24780 0.32526 0.23987 0.33688 0.23351 0.35503 0.23319 0.37448 0.23223 0.40201 0.23430 0.41450 0.23949 0.42983 0.25246 0.44810 0.27868 0.47658 0.29308 0.47439 0.31788 0.47148 0.32993 0.45460 0.33877 0.43762
4 0.21354 0.77315 0.23270 0.76787 0.24452 0.75749 0.25657 0.74059 0.26133 0.71699 0.26719 0.69288 0.27374 0.66932 0.27545 0.64074 0.26898 0.61078 0.25771 0.58499 0.24511 0.56616 0.21306 0.55100 0.19119 0.54159 0.18043 0.54180 0.16704 0.54614 0.15865 0.55072 0.14837 0.56818 0.13707 0.58401 0.12757 0.61016 0.12507 0.64034 0.12818 0.66424 0.13446 0.69959 0.13930 0.72515 0.14719 0.73517 0.17307 0.75282 0.19744 0.77259 0.21354 0.77315
4 0.77341 0.32043 0.77973 0.32645 0.79785 0.30367 0.81000 0.27512 0.81313 0.25253 0.81128 0.23836 0.80446 0.21855 0.79460 0.19629 0.77787 0.17769 0.76757 0.17576 0.75360 0.17450 0.73968 0.17205 0.73075 0.17527 0.72392 0.18521 0.71384 0.20638 0.70820 0.23437 0.70628 0.25193 0.70691 0.26370 0.71713 0.27580 0.72291 0.29596 0.73053 0.33028 0.74512 0.32101 0.76240 0.31614 0.77341 0.32043
4 0.51035 0.27167 0.52384 0.25430 0.53818 0.23319 0.55428 0.21321 0.56493 0.20548 0.56555 0.18766 0.57066 0.16460 0.57374 0.14796 0.57156 0.12842 0.56331 0.10867 0.53567 0.11040 0.52007 0.10608 0.49930 0.10590 0.47709 0.10670 0.46443 0.12036 0.45955 0.14720 0.46265 0.16083 0.46395 0.18519 0.46374 0.21167 0.47391 0.21797 0.48014 0.24468 0.48925 0.27094 0.50072 0.28053 0.51035 0.27167
