2 0.39586 0.31290 0.39769 0.31734 0.40096 0.32283 0.40421 0.32427 0.40776 0.32505 0.41063 0.32610 0.41246 0.31407 0.41351 0.30362 0.41521 0.29668 0.41756 0.28583 0.41260 0.28728 0.40383 0.28688 0.39193 0.28205 0.38383 0.27708 0.37861 0.27590 0.38357 0.28060 0.39573 0.29290 0.39952 0.30414 0.39429 0.30518 0.39586 0.31290
1 0.26908 0.30948 0.26322 0.31317 0.26539 0.31751 0.26952 0.31425 0.27451 0.30948 0.27863 0.30796 0.28363 0.30883 0.28840 0.31143 0.29166 0.31035 0.29122 0.30275 0.29122 0.29645 0.28883 0.29537 0.28363 0.29732 0.27690 0.29993 0.27407 0.30383 0.26908 0.30948
2 0.50305 0.29379 0.49853 0.29650 0.49365 0.30374 0.49202 0.31080 0.49347 0.32020 0.49582 0.32834 0.49745 0.33124 0.50125 0.33757 0.50595 0.35095 0.51264 0.35910 0.52205 0.36217 0.52838 0.35891 0.52784 0.34426 0.52784 0.33684 0.52603 0.33178 0.52295 0.33033 0.51915 0.32871 0.51735 0.32834 0.51391 0.32961 0.50902 0.32889 0.50414 0.32708 0.49980 0.32473 0.49799 0.32310 0.49509 0.32237 0.49401 0.31713 0.49328 0.31387 0.49401 0.31152 0.50342 0.30700 0.51264 0.29976 0.51680 0.29506 0.52711 0.28999 0.52458 0.28547 0.51572 0.28782 0.51282 0.28981 0.50848 0.29198 0.50305 0.29379
4 0.59985 0.35522 0.59805 0.37566 0.60130 0.39267 0.60636 0.39900 0.61813 0.40298 0.62500 0.40949 0.63043 0.41745 0.64290 0.41962 0.64960 0.41782 0.65358 0.41347 0.66226 0.39882 0.66878 0.38290 0.67239 0.36680 0.67474 0.34962 0.67510 0.34003 0.67366 0.33207 0.67004 0.32646 0.66480 0.32140 0.65882 0.32067 0.65467 0.32176 0.64924 0.32284 0.64508 0.32302 0.64092 0.32230 0.63296 0.32049 0.62843 0.31940 0.62463 0.31868 0.62138 0.31796 0.61577 0.31940 0.61016 0.32447 0.60419 0.33388 0.60166 0.34546 0.59985 0.35522
4 0.52808 0.38437 0.53589 0.40868 0.54284 0.41064 0.55434 0.41302 0.56281 0.41693 0.57127 0.41628 0.57540 0.41324 0.58582 0.40174 0.59385 0.39457 0.59819 0.37091 0.59993 0.34834 0.60123 0.33466 0.59906 0.32663 0.59689 0.31925 0.58799 0.31751 0.58138 0.31761 0.56597 0.31541 0.55800 0.31639 0.55239 0.31621 0.54948 0.31524 0.54305 0.31491 0.53654 0.31491 0.53307 0.31599 0.52960 0.32185 0.52699 0.32923 0.52829 0.34334 0.52808 0.38437
4 0.25627 0.32207 0.25714 0.33292 0.26062 0.34638 0.26626 0.35680 0.27103 0.36223 0.27625 0.37417 0.28384 0.38307 0.28710 0.38459 0.29057 0.38480 0.29556 0.38567 0.30077 0.38307 0.30533 0.37590 0.30989 0.37026 0.31532 0.36158 0.32140 0.35267 0.32465 0.34552 0.33095 0.33813 0.33920 0.33401 0.33681 0.32337 0.33052 0.29776 0.32899 0.29472 0.32009 0.29320 0.30794 0.28582 0.29122 0.27475 0.28254 0.27258 0.26669 0.27019 0.26235 0.27040 0.25823 0.27258 0.25280 0.27583 0.24998 0.28148 0.24802 0.29146 0.25106 0.30514 0.25432 0.31794 0.25627 0.32207
4 0.67210 0.29968 0.66648 0.30187 0.65866 0.30500 0.65960 0.31375 0.66585 0.31750 0.67648 0.31813 0.67805 0.32063 0.67492 0.33250 0.67586 0.34095 0.67867 0.34376 0.67648 0.35001 0.67742 0.35689 0.67492 0.36627 0.67429 0.37221 0.67898 0.37345 0.68305 0.37564 0.69586 0.37752 0.70618 0.37596 0.72024 0.36845 0.73087 0.35876 0.73838 0.34407 0.74150 0.32719 0.74150 0.31031 0.74119 0.29155 0.74181 0.28280 0.73806 0.27749 0.73181 0.27499 0.73181 0.26999 0.72618 0.26124 0.72212 0.26374 0.71681 0.26561 0.71212 0.26436 0.70649 0.26499 0.69430 0.26655 0.68649 0.27780 0.68336 0.28655 0.67867 0.29250 0.67210 0.29968
4 0.76478 0.30865 0.75675 0.31779 0.75218 0.32320 0.74785 0.32558 0.74220 0.32710 0.73808 0.34577 0.74198 0.34883 0.74502 0.36078 0.75327 0.38183 0.75848 0.39245 0.76434 0.39592 0.77086 0.39592 0.77824 0.39245 0.78779 0.38161 0.79365 0.37074 0.80168 0.35513 0.80645 0.33535 0.80819 0.32558 0.81123 0.30759 0.81362 0.30040 0.81427 0.29237 0.81492 0.28608 0.80602 0.28434 0.79039 0.28629 0.77650 0.29847 0.76478 0.30865
4 0.25564 0.41498 0.25564 0.43799 0.26150 0.43517 0.26889 0.43734 0.27865 0.43864 0.28191 0.43820 0.29190 0.42757 0.30535 0.41715 0.31903 0.41259 0.32337 0.41020 0.32446 0.40347 0.32554 0.39132 0.32511 0.37786 0.32120 0.38068 0.31599 0.37829 0.31512 0.37721 0.31056 0.36939 0.30753 0.37308 0.30383 0.37764 0.30036 0.38350 0.29580 0.38589 0.28908 0.38480 0.28625 0.38459 0.28278 0.38285 0.27627 0.37460 0.27040 0.36288 0.26693 0.37070 0.26302 0.38328 0.25716 0.40109 0.25564 0.41498
2 0.68337 0.33709 0.68967 0.32645 0.69401 0.32103 0.70074 0.32125 0.70573 0.32428 0.71442 0.32472 0.72027 0.32493 0.72158 0.32190 0.72679 0.31647 0.73070 0.31929 0.73308 0.31560 0.73330 0.30779 0.73504 0.30301 0.74112 0.29650 0.74177 0.28499 0.73764 0.27826 0.73113 0.27544 0.73113 0.27088 0.72700 0.26415 0.72288 0.26372 0.71724 0.26589 0.71159 0.26437 0.69466 0.26611 0.68685 0.27718 0.68359 0.28695 0.67122 0.30062 0.65885 0.30540 0.65950 0.31213 0.66492 0.31625 0.67708 0.31799 0.67903 0.32016 0.67512 0.33231 0.67643 0.34013 0.67903 0.34143 0.67925 0.34447 0.67686 0.35011 0.67729 0.35446 0.68446 0.35272 0.68641 0.34599 0.68316 0.34187 0.68337 0.33709
2 0.33438 0.43302 0.34473 0.43057 0.35302 0.42944 0.35170 0.42680 0.35264 0.42473 0.35433 0.42153 0.35057 0.41796 0.34229 0.42229 0.34097 0.41815 0.33833 0.41005 0.33476 0.40365 0.33570 0.40045 0.33250 0.39499 0.32930 0.39311 0.32647 0.39575 0.32516 0.41287 0.32478 0.42059 0.32760 0.43113 0.33438 0.43302
4 0.41771 0.28715 0.41407 0.30408 0.41146 0.32779 0.41224 0.34655 0.41537 0.36244 0.41771 0.36999 0.42345 0.37807 0.43100 0.38458 0.44507 0.38770 0.45418 0.38562 0.45991 0.38692 0.46773 0.38796 0.47659 0.38927 0.48857 0.38979 0.49456 0.38640 0.50420 0.38484 0.51436 0.38640 0.52217 0.38093 0.52712 0.36869 0.52842 0.35801 0.52764 0.33665 0.52630 0.33180 0.51681 0.32784 0.51357 0.32910 0.50602 0.32753 0.49847 0.32232 0.49508 0.32232 0.49342 0.31482 0.49378 0.31190 0.50237 0.30773 0.51097 0.30252 0.51566 0.29679 0.52738 0.29054 0.52582 0.28351 0.50810 0.27517 0.48961 0.26006 0.47945 0.25303 0.47060 0.24704 0.46486 0.24469 0.45731 0.24443 0.45210 0.24808 0.43777 0.25694 0.42944 0.26528 0.42501 0.27934 0.41771 0.28715
4 0.35452 0.35520 0.36537 0.36063 0.37406 0.36407 0.37930 0.36497 0.38744 0.36480 0.39630 0.36100 0.40607 0.35520 0.41132 0.35104 0.41241 0.34870 0.41114 0.32735 0.41364 0.30405 0.41602 0.29689 0.41819 0.28538 0.41190 0.28690 0.40365 0.28690 0.39106 0.28191 0.38194 0.27583 0.36892 0.26736 0.36154 0.26063 0.34612 0.25868 0.33657 0.26215 0.33397 0.26910 0.33267 0.27735 0.33006 0.28950 0.33100 0.29913 0.33372 0.31161 0.34005 0.33422 0.34602 0.34652 0.35452 0.35520
1 0.40073 0.29157 0.40491 0.29257 0.40827 0.29275 0.40954 0.29457 0.41108 0.29448 0.41172 0.29284 0.41081 0.29148 0.40827 0.29085 0.40745 0.29085 0.40473 0.28976 0.39983 0.28885 0.39810 0.28948 0.39801 0.29066 0.40073 0.29157
1 0.57797 0.26436 0.56859 0.27244 0.56078 0.27947 0.55478 0.28520 0.55374 0.29041 0.55192 0.29875 0.55192 0.30578 0.55531 0.30630 0.56390 0.31073 0.57094 0.31255 0.58526 0.31412 0.58839 0.31750 0.59620 0.31906 0.59959 0.31906 0.60558 0.31880 0.60688 0.31594 0.60923 0.30734 0.61574 0.30187 0.61418 0.29510 0.61652 0.28755 0.62173 0.28520 0.63189 0.28260 0.63476 0.28624 0.64570 0.29015 0.65039 0.28546 0.64700 0.27947 0.64153 0.27478 0.63606 0.27140 0.63319 0.26540 0.63189 0.25915 0.62798 0.25550 0.62590 0.24899 0.62095 0.24665 0.61626 0.24457 0.60897 0.24222 0.60271 0.24196 0.59881 0.24196 0.59594 0.24483 0.59673 0.24873 0.59100 0.25264 0.58552 0.25707 0.57797 0.26436
4 0.32511 0.37743 0.32554 0.39544 0.32533 0.40347 0.32467 0.41954 0.32684 0.43104 0.33422 0.43343 0.35029 0.43039 0.36136 0.42714 0.36939 0.42127 0.38111 0.40608 0.39240 0.39653 0.40043 0.39284 0.40428 0.37898 0.40174 0.36961 0.39957 0.36570 0.39718 0.36092 0.38698 0.36462 0.37960 0.36483 0.37287 0.36440 0.35420 0.35463 0.34552 0.34660 0.34182 0.33944 0.33835 0.34638 0.33119 0.35593 0.32684 0.36722 0.32511 0.37743
2 0.79886 0.30735 0.80255 0.30562 0.80819 0.31278 0.80928 0.31560 0.81123 0.30627 0.81449 0.29910 0.81514 0.28673 0.80624 0.28412 0.79039 0.28673 0.76912 0.30518 0.75826 0.31647 0.75153 0.32363 0.74524 0.32667 0.74806 0.32906 0.75826 0.33015 0.76434 0.33123 0.77151 0.32667 0.77498 0.32255 0.77888 0.31778 0.78518 0.31473 0.79191 0.30844 0.79886 0.30735
