4 0.55044 0.27407 0.55692 0.26361 0.56456 0.24958 0.56220 0.23666 0.56035 0.22263 0.55489 0.21423 0.54758 0.19995 0.54187 0.18938 0.53837 0.18658 0.53504 0.18431 0.53235 0.18608 0.53007 0.19054 0.52806 0.20016 0.52907 0.20879 0.52975 0.23239 0.52976 0.24054 0.53033 0.24865 0.53252 0.25587 0.53478 0.26173 0.53804 0.26863 0.54272 0.27489 0.54572 0.27653 0.55044 0.27407
4 0.66300 0.24604 0.66728 0.24826 0.67114 0.25353 0.67562 0.26329 0.67761 0.26790 0.67852 0.26988 0.68044 0.27196 0.68211 0.27176 0.68351 0.27262 0.68412 0.27722 0.68805 0.28626 0.68967 0.28775 0.69316 0.29020 0.69558 0.29256 0.70026 0.29412 0.70303 0.29386 0.70414 0.29249 0.70634 0.28107 0.70625 0.26467 0.70581 0.23960 0.70518 0.22757 0.70264 0.21054 0.69943 0.20109 0.69270 0.18880 0.68816 0.18376 0.68063 0.17868 0.67518 0.17652 0.66847 0.17592 0.66661 0.17753 0.66535 0.18009 0.66054 0.18996 0.65597 0.20246 0.65244 0.21094 0.65065 0.21934 0.64959 0.22693 0.64995 0.23182 0.65187 0.23530 0.65482 0.23967 0.65964 0.24300 0.66300 0.24604
4 0.63092 0.31597 0.63831 0.30859 0.63695 0.29411 0.63783 0.27660 0.63985 0.26389 0.64142 0.26148 0.64131 0.25741 0.63977 0.25283 0.63810 0.25137 0.63608 0.25089 0.63283 0.24583 0.63038 0.24285 0.62781 0.24143 0.62382 0.24125 0.61000 0.25621 0.60838 0.25099 0.60615 0.25420 0.60302 0.26291 0.60128 0.27328 0.60071 0.28340 0.59963 0.28753 0.59842 0.30447 0.59998 0.31507 0.61331 0.31650 0.62660 0.32105 0.63092 0.31597
4 0.58409 0.31776 0.58715 0.31582 0.59286 0.30760 0.59805 0.30522 0.59980 0.28638 0.59889 0.28142 0.59681 0.27344 0.59525 0.27077 0.58347 0.27899 0.57261 0.27438 0.56903 0.26649 0.56858 0.26425 0.56441 0.27514 0.56136 0.28500 0.55950 0.29237 0.55851 0.29711 0.55622 0.30418 0.55533 0.31248 0.56157 0.31441 0.56716 0.31638 0.57405 0.31796 0.58409 0.31776
3 0.67123 0.25372 0.67051 0.24882 0.67089 0.24610 0.66963 0.24291 0.66602 0.23692 0.66343 0.23482 0.65868 0.23439 0.65419 0.23451 0.65299 0.23155 0.65174 0.23184 0.65193 0.23441 0.65508 0.23840 0.65777 0.24129 0.66213 0.24521 0.66431 0.24611 0.66820 0.24871 0.67123 0.25372
2 0.72520 0.26482 0.72387 0.27353 0.72240 0.28057 0.72207 0.28530 0.72243 0.28787 0.72396 0.28947 0.72491 0.28886 0.72615 0.28497 0.72726 0.28099 0.72720 0.27425 0.73044 0.26791 0.73108 0.26911 0.73426 0.26928 0.73779 0.26505 0.74097 0.26073 0.74250 0.25369 0.74730 0.24389 0.74722 0.24031 0.74642 0.23597 0.74519 0.23120 0.74257 0.23291 0.74004 0.23540 0.73738 0.23745 0.73373 0.24045 0.73162 0.24202 0.73194 0.24694 0.73235 0.25254 0.73066 0.25555 0.72702 0.25989 0.72520 0.26482
4 0.72694 0.35412 0.72805 0.34010 0.73166 0.31841 0.73250 0.30497 0.73226 0.29669 0.72855 0.29066 0.72528 0.28913 0.72444 0.28974 0.72200 0.28949 0.71237 0.29434 0.70921 0.29318 0.70766 0.28949 0.70583 0.28789 0.70498 0.29189 0.70353 0.29386 0.70106 0.29474 0.69982 0.30631 0.69937 0.31237 0.69997 0.32026 0.70050 0.33212 0.70011 0.33949 0.70203 0.34656 0.70508 0.35111 0.71168 0.35322 0.72192 0.35457 0.72694 0.35412
1 0.69775 0.29960 0.69419 0.30580 0.68953 0.31165 0.68744 0.31465 0.68550 0.31272 0.68376 0.31016 0.68275 0.30468 0.68305 0.29882 0.68296 0.29562 0.68188 0.29178 0.68137 0.28744 0.68074 0.28545 0.67968 0.28543 0.67940 0.28578 0.67976 0.28737 0.68108 0.29642 0.68141 0.30514 0.68327 0.31307 0.68607 0.31760 0.68885 0.31793 0.69130 0.31484 0.69448 0.30906 0.69797 0.30303 0.69880 0.29971 0.69775 0.29960
4 0.61849 0.24724 0.62432 0.24014 0.62745 0.23885 0.63110 0.23451 0.63513 0.23203 0.64120 0.23133 0.64385 0.23195 0.64495 0.23076 0.64788 0.22948 0.64868 0.22622 0.64968 0.22485 0.64851 0.21360 0.64496 0.20134 0.64065 0.19119 0.63566 0.18108 0.63213 0.17655 0.62983 0.17516 0.62531 0.17766 0.61808 0.18219 0.61245 0.19304 0.60822 0.20477 0.60486 0.21080 0.60401 0.21310 0.60578 0.23206 0.60860 0.25077 0.60982 0.25577 0.61383 0.25191 0.61849 0.24724
4 0.65889 0.32847 0.66385 0.33190 0.66960 0.33509 0.67303 0.33782 0.67497 0.32530 0.67775 0.31759 0.67739 0.29937 0.67706 0.28735 0.67617 0.27402 0.67431 0.26907 0.67077 0.26615 0.66502 0.26296 0.66265 0.26153 0.65714 0.26085 0.65475 0.25903 0.65137 0.25921 0.64335 0.26021 0.64023 0.26348 0.63816 0.27717 0.63722 0.29352 0.63800 0.30647 0.63847 0.30975 0.64019 0.31024 0.64313 0.31494 0.64557 0.32160 0.64720 0.32617 0.65273 0.32705 0.65889 0.32847
4 0.57600 0.27587 0.57827 0.27669 0.58379 0.27830 0.58998 0.27438 0.59662 0.26989 0.60019 0.26404 0.60431 0.25760 0.60701 0.25199 0.60722 0.24670 0.60560 0.22868 0.60348 0.20860 0.60018 0.19916 0.59468 0.18662 0.58917 0.18144 0.58391 0.17907 0.57949 0.17968 0.57449 0.18051 0.56834 0.18687 0.56362 0.19674 0.56226 0.20586 0.56080 0.21876 0.56072 0.22461 0.56263 0.23885 0.56544 0.25189 0.56934 0.26698 0.57272 0.27435 0.57600 0.27587
4 0.69207 0.34796 0.69449 0.34978 0.69631 0.34952 0.69798 0.34652 0.70048 0.34671 0.70150 0.34553 0.70001 0.33946 0.70058 0.33119 0.69927 0.31266 0.70035 0.29983 0.70089 0.29431 0.69575 0.29296 0.69277 0.29004 0.68813 0.28705 0.68396 0.27719 0.68340 0.27278 0.68212 0.27194 0.68040 0.27200 0.67840 0.26977 0.67702 0.26678 0.67539 0.26589 0.67320 0.26520 0.67293 0.26796 0.67492 0.26948 0.67591 0.27250 0.67626 0.27458 0.67725 0.28698 0.67750 0.29667 0.67774 0.31379 0.67803 0.31782 0.68022 0.31835 0.68343 0.32255 0.68525 0.32568 0.68740 0.33010 0.68940 0.33970 0.69207 0.34796
4 0.75332 0.29540 0.75725 0.30198 0.76023 0.30710 0.76534 0.31231 0.76848 0.31290 0.77104 0.31012 0.77288 0.30267 0.77465 0.28843 0.77523 0.26615 0.77495 0.24786 0.77442 0.23412 0.77200 0.22482 0.76976 0.22098 0.76735 0.22110 0.76109 0.22935 0.75539 0.23889 0.75048 0.24500 0.74694 0.24575 0.74271 0.25389 0.74148 0.25999 0.74421 0.26588 0.74699 0.27272 0.74954 0.28428 0.75332 0.29540
4 0.71235 0.29415 0.71615 0.29263 0.72211 0.28968 0.72452 0.28974 0.72610 0.28645 0.72734 0.28242 0.72743 0.27487 0.72926 0.27101 0.73063 0.26942 0.73412 0.26943 0.73677 0.26646 0.74085 0.26097 0.74268 0.25352 0.74732 0.24403 0.74768 0.23986 0.74574 0.23242 0.74786 0.23023 0.75097 0.22856 0.75128 0.22345 0.75020 0.21389 0.74728 0.20443 0.74447 0.19891 0.73994 0.19745 0.73373 0.19721 0.72184 0.20350 0.71450 0.21124 0.70857 0.22192 0.70561 0.23018 0.70616 0.25732 0.70648 0.28012 0.70571 0.28752 0.70784 0.28929 0.70930 0.29318 0.71235 0.29415
4 0.75290 0.30598 0.74601 0.29465 0.74355 0.29025 0.73646 0.28798 0.73181 0.28615 0.72683 0.28735 0.72555 0.28874 0.72843 0.29010 0.73224 0.29631 0.73272 0.30553 0.73157 0.31860 0.72825 0.34028 0.72736 0.35296 0.73268 0.35268 0.74144 0.35166 0.74821 0.35149 0.75198 0.35148 0.75264 0.34164 0.75515 0.32322 0.75671 0.31408 0.75290 0.30598
4 0.55873 0.29484 0.56070 0.28665 0.56242 0.27977 0.55955 0.27572 0.55615 0.27120 0.55386 0.26874 0.55081 0.27391 0.54558 0.27710 0.54240 0.27500 0.53747 0.26798 0.53528 0.26276 0.53445 0.26264 0.52955 0.27228 0.52614 0.28313 0.52363 0.29409 0.52225 0.30111 0.53290 0.30589 0.53932 0.30814 0.54366 0.30856 0.54783 0.30414 0.55462 0.29893 0.55873 0.29484
4 0.78004 0.33209 0.78376 0.33473 0.78714 0.33248 0.79033 0.32496 0.79301 0.30784 0.79521 0.28320 0.79648 0.26296 0.79681 0.24729 0.79559 0.23867 0.79213 0.23357 0.78971 0.23559 0.78541 0.24034 0.78068 0.25209 0.77828 0.25957 0.77504 0.26616 0.77469 0.27994 0.77447 0.28863 0.77280 0.30305 0.77156 0.31085 0.77480 0.32445 0.78004 0.33209
4 0.50625 0.24697 0.51178 0.24415 0.51559 0.24260 0.51590 0.22570 0.51554 0.21893 0.51452 0.20132 0.51161 0.19721 0.50633 0.19904 0.49982 0.19666 0.49434 0.19094 0.48980 0.18419 0.48549 0.17801 0.48223 0.17469 0.47985 0.17501 0.47743 0.18775 0.47830 0.20439 0.48079 0.21202 0.48107 0.22481 0.48323 0.23944 0.48786 0.24793 0.49396 0.25595 0.49783 0.25944 0.50197 0.25282 0.50625 0.24697
1 0.73464 0.25462 0.73462 0.25592 0.73465 0.25641 0.73502 0.25630 0.73571 0.25521 0.73597 0.25447 0.73596 0.25365 0.73524 0.25418 0.73491 0.25347 0.73464 0.25462
