4 0.05773 0.65601 0.10782 0.66066 0.14712 0.66442 0.16078 0.66535 0.16362 0.62988 0.17274 0.56733 0.15565 0.54120 0.15111 0.51880 0.13858 0.48147 0.12265 0.45438 0.11012 0.43853 0.09929 0.43853 0.08165 0.44880 0.06913 0.48054 0.05830 0.51225 0.04180 0.57105 0.04180 0.64295 0.05773 0.65601
1 0.72425 0.51260 0.72757 0.51066 0.72733 0.50523 0.72425 0.50213 0.71858 0.50407 0.71835 0.50872 0.71953 0.51066 0.72425 0.51260
4 0.75000 0.62612 0.74546 0.66628 0.73806 0.69240 0.74090 0.71667 0.76766 0.71853 0.78759 0.75496 0.81206 0.78760 0.84965 0.80070 0.87014 0.80721 0.87754 0.80256 0.88208 0.77268 0.89291 0.71760 0.89804 0.64481 0.89860 0.58787 0.89234 0.56640 0.87582 0.54585 0.86615 0.53651 0.82175 0.49919 0.81206 0.49640 0.78759 0.49453 0.78359 0.48798 0.77905 0.48426 0.76823 0.48705 0.76423 0.50198 0.76196 0.54120 0.75626 0.56081 0.75286 0.60748 0.75000 0.62612
4 0.55189 0.65132 0.58548 0.66442 0.61508 0.67372 0.66177 0.70453 0.71187 0.73721 0.71813 0.72694 0.72496 0.70174 0.73806 0.68682 0.74433 0.66252 0.75057 0.61678 0.75513 0.56174 0.76083 0.54213 0.76423 0.49453 0.75912 0.48705 0.73863 0.45345 0.70560 0.43481 0.69251 0.42453 0.65891 0.41426 0.64411 0.41426 0.62648 0.42453 0.59005 0.42170 0.57579 0.42078 0.55473 0.42078 0.55076 0.43481 0.54279 0.53372 0.53766 0.62147 0.55189 0.65132
4 0.32872 0.67178 0.38111 0.64283 0.45967 0.64473 0.49667 0.64473 0.52969 0.64388 0.53083 0.58779 0.53140 0.55147 0.53482 0.52895 0.53709 0.45895 0.52513 0.40213 0.50407 0.39279 0.49894 0.40485 0.48414 0.40295 0.44884 0.39643 0.41811 0.38616 0.39818 0.39364 0.36459 0.38616 0.33839 0.39643 0.32645 0.39279 0.30879 0.41977 0.30652 0.47670 0.30596 0.54492 0.31449 0.61485 0.32872 0.67178
4 0.89804 0.73337 0.91681 0.78287 0.93674 0.84167 0.98740 0.86221 0.99993 0.86508 0.99539 0.62988 0.98456 0.57752 0.97433 0.56256 0.96180 0.53457 0.94813 0.52895 0.93560 0.52895 0.92024 0.55512 0.90657 0.58779 0.90201 0.59535 0.90144 0.67550 0.89804 0.73337
4 0.90314 0.45159 0.89518 0.47678 0.89974 0.49360 0.91397 0.52345 0.92080 0.55054 0.93560 0.52628 0.94927 0.52721 0.96180 0.53465 0.97546 0.56640 0.98570 0.58039 0.99652 0.55705 0.99652 0.33678 0.99423 0.31438 0.96123 0.34240 0.92251 0.37132 0.91910 0.40027 0.90314 0.45159
1 0.82969 0.71957 0.83749 0.70058 0.84411 0.68120 0.84364 0.67423 0.84175 0.67035 0.83773 0.67074 0.83442 0.69128 0.83017 0.70795 0.82922 0.71686 0.82969 0.71957
1 0.83371 0.60368 0.83182 0.58236 0.83135 0.57112 0.82922 0.56570 0.82544 0.56182 0.82425 0.57888 0.82780 0.59515 0.83253 0.61376 0.83371 0.60368
4 0.52000 0.23496 0.51546 0.30682 0.51887 0.33015 0.51376 0.35349 0.50863 0.37682 0.51090 0.39457 0.52513 0.40015 0.55645 0.41977 0.58322 0.42070 0.62418 0.42442 0.64298 0.41415 0.65265 0.37868 0.65835 0.31616 0.65891 0.24054 0.64582 0.19388 0.62648 0.12853 0.60939 0.09682 0.60199 0.08934 0.57638 0.08748 0.56215 0.08748 0.54790 0.12574 0.53253 0.15562 0.51830 0.18081 0.52000 0.23496
4 0.79556 0.35535 0.79272 0.39744 0.80922 0.44504 0.81946 0.49453 0.82915 0.50012 0.86615 0.53558 0.88494 0.49174 0.90544 0.44601 0.91853 0.40027 0.92137 0.36291 0.92934 0.34333 0.93901 0.28732 0.94300 0.25279 0.94700 0.21636 0.93390 0.19585 0.91794 0.18558 0.88265 0.21543 0.83485 0.24531 0.81206 0.26957 0.79556 0.35535
4 0.37541 0.27330 0.36972 0.30973 0.36688 0.36291 0.36688 0.38531 0.39875 0.39186 0.41811 0.38531 0.45454 0.39558 0.47333 0.39922 0.49270 0.40399 0.49894 0.40213 0.51203 0.36198 0.51773 0.33306 0.51433 0.30318 0.51887 0.22663 0.51489 0.18089 0.50463 0.14729 0.49270 0.10810 0.48813 0.09132 0.46421 0.08012 0.44884 0.07729 0.42721 0.07729 0.41241 0.09597 0.39418 0.16225 0.38508 0.19864 0.37882 0.24159 0.37541 0.27330
4 0.16931 0.66907 0.19038 0.66535 0.22113 0.65601 0.26953 0.65601 0.29570 0.65880 0.30026 0.61868 0.30366 0.58132 0.30425 0.54027 0.30539 0.44694 0.29742 0.43574 0.27123 0.40771 0.24390 0.40678 0.22853 0.41705 0.19551 0.45252 0.18754 0.49078 0.17615 0.54492 0.16988 0.61027 0.16818 0.65880 0.16931 0.66907
4 0.22567 0.31054 0.22340 0.34698 0.22284 0.36760 0.23707 0.39279 0.24277 0.40109 0.26837 0.40485 0.28433 0.41698 0.29969 0.43469 0.30823 0.43469 0.31109 0.41798 0.32702 0.39174 0.33898 0.39744 0.35262 0.38810 0.36745 0.38345 0.36629 0.36562 0.36801 0.31240 0.37485 0.27985 0.37598 0.20977 0.37371 0.17895 0.35262 0.13236 0.33726 0.10426 0.31905 0.09961 0.29570 0.11453 0.26553 0.17054 0.24447 0.21349 0.23364 0.26585 0.22567 0.31054
4 0.14655 0.41798 0.16021 0.46093 0.17728 0.49826 0.18527 0.49547 0.18924 0.47585 0.19607 0.44880 0.21827 0.42640 0.23307 0.41333 0.23764 0.39837 0.22397 0.36760 0.22397 0.32465 0.23194 0.27798 0.22797 0.24345 0.18868 0.15663 0.16931 0.12116 0.15111 0.09318 0.13402 0.09035 0.12435 0.10155 0.12104 0.12752 0.12199 0.18837 0.12492 0.27050 0.13515 0.35547 0.14655 0.41798
4 0.03487 0.44004 0.04121 0.47182 0.05069 0.49450 0.05820 0.50682 0.06690 0.48283 0.07955 0.45170 0.09298 0.43810 0.10920 0.43488 0.13014 0.46081 0.14201 0.48736 0.14953 0.47830 0.15343 0.44651 0.14913 0.42450 0.14123 0.40116 0.13688 0.37264 0.13173 0.33895 0.12856 0.31302 0.09813 0.28384 0.07163 0.24236 0.05504 0.20798 0.04239 0.19957 0.03251 0.21124 0.02418 0.23651 0.02418 0.30849 0.02934 0.39337 0.03487 0.44004
4 0.66064 0.37039 0.65778 0.41240 0.69364 0.42640 0.73806 0.45345 0.76026 0.48705 0.77336 0.46651 0.78759 0.41798 0.79329 0.35078 0.78759 0.24531 0.77563 0.18372 0.76823 0.16039 0.74887 0.15012 0.72667 0.14826 0.69764 0.18744 0.66974 0.24996 0.66291 0.28170 0.66064 0.37039
