4 0.57455 0.47632 0.57664 0.47749 0.57906 0.48006 0.58196 0.48331 0.58405 0.48618 0.58651 0.48960 0.58873 0.49161 0.59094 0.49348 0.59352 0.49561 0.59603 0.49987 0.59661 0.50254 0.59858 0.50484 0.60215 0.50749 0.60423 0.50852 0.60627 0.50884 0.60831 0.50915 0.61045 0.50805 0.61256 0.50638 0.61412 0.50247 0.61480 0.49875 0.61567 0.49515 0.61625 0.49272 0.61670 0.48957 0.61640 0.48732 0.61517 0.48554 0.61436 0.48360 0.61413 0.47921 0.61391 0.47497 0.61342 0.47074 0.61274 0.46610 0.61198 0.46174 0.60978 0.45661 0.60589 0.45309 0.60510 0.44970 0.60326 0.44636 0.60030 0.44210 0.59638 0.43986 0.59122 0.43719 0.59035 0.43502 0.58735 0.43297 0.58530 0.43455 0.58180 0.44038 0.57958 0.44472 0.57892 0.44717 0.57779 0.45077 0.57658 0.45296 0.57504 0.45545 0.57284 0.45883 0.57142 0.46188 0.57086 0.46475 0.57096 0.46829 0.57232 0.47403 0.57455 0.47632
1 0.57978 0.30807 0.58308 0.30006 0.57800 0.30678 0.57438 0.30881 0.56970 0.30675 0.56763 0.31101 0.56305 0.31632 0.55501 0.31029 0.55706 0.31664 0.56538 0.32265 0.56759 0.32115 0.57427 0.32311 0.57789 0.32107 0.58112 0.31722 0.58395 0.31108 0.58187 0.30980 0.57978 0.30807
4 0.38120 0.35196 0.38524 0.34566 0.38796 0.34072 0.38948 0.33552 0.39208 0.33602 0.39410 0.33656 0.39556 0.33040 0.39589 0.32526 0.39242 0.32352 0.38829 0.32053 0.38400 0.31820 0.38089 0.31580 0.37690 0.31921 0.37191 0.31883 0.36717 0.31556 0.36522 0.31246 0.36339 0.31160 0.35909 0.31310 0.35094 0.32057 0.34312 0.33058 0.34466 0.33723 0.35061 0.34844 0.35759 0.36024 0.36169 0.36642 0.36542 0.37327 0.36827 0.37440 0.37192 0.37197 0.37465 0.36735 0.37663 0.35956 0.38120 0.35196
4 0.39145 0.53613 0.39569 0.54135 0.40289 0.54369 0.40807 0.54022 0.41251 0.53394 0.41572 0.52317 0.41872 0.51985 0.42142 0.51071 0.42335 0.50580 0.42148 0.50049 0.42286 0.48887 0.42113 0.48227 0.41451 0.47362 0.41235 0.47789 0.41247 0.47248 0.41076 0.46648 0.40550 0.46304 0.40028 0.46588 0.39469 0.47289 0.38964 0.48660 0.38443 0.49328 0.38331 0.49846 0.38274 0.50649 0.38467 0.50927 0.38461 0.51952 0.38627 0.53224 0.39145 0.53613
4 0.43268 0.52072 0.43539 0.52694 0.43856 0.53449 0.44504 0.53287 0.44794 0.53528 0.45076 0.52841 0.45335 0.52088 0.45732 0.51334 0.45970 0.50550 0.46082 0.50035 0.45868 0.49758 0.45718 0.49155 0.45348 0.48918 0.44969 0.48906 0.44296 0.48560 0.44129 0.48790 0.43830 0.48777 0.43645 0.48275 0.43600 0.47794 0.43276 0.47298 0.42818 0.47290 0.42406 0.47760 0.42324 0.48472 0.42296 0.49078 0.42249 0.49692 0.42519 0.50286 0.42353 0.50548 0.42630 0.51269 0.42566 0.51948 0.42842 0.51902 0.43268 0.52072
1 0.62476 0.46941 0.62904 0.47472 0.63533 0.47992 0.64077 0.47457 0.63881 0.46453 0.63844 0.45210 0.63713 0.44341 0.63035 0.44515 0.62992 0.44241 0.62980 0.43458 0.62787 0.43053 0.62497 0.42976 0.61892 0.41809 0.61635 0.41823 0.61623 0.41039 0.61031 0.41762 0.60385 0.41980 0.59824 0.42194 0.59263 0.42961 0.59373 0.43416 0.60348 0.42904 0.60766 0.43804 0.61205 0.44519 0.61840 0.45730 0.62476 0.46941
4 0.39923 0.46772 0.40146 0.46590 0.40123 0.46353 0.40037 0.46119 0.40000 0.45815 0.39862 0.45397 0.39711 0.45133 0.39451 0.44806 0.39213 0.44290 0.39093 0.43820 0.38859 0.43390 0.38504 0.43069 0.38072 0.42887 0.37887 0.43169 0.37586 0.43678 0.37430 0.43941 0.37354 0.44286 0.37204 0.44464 0.37035 0.44252 0.36866 0.44056 0.36600 0.43815 0.36142 0.43737 0.35870 0.43785 0.35721 0.43963 0.35674 0.44085 0.35495 0.44298 0.35461 0.44657 0.35425 0.44966 0.35360 0.45343 0.35247 0.45605 0.35147 0.45916 0.35150 0.45967 0.35091 0.46055 0.35011 0.46349 0.34897 0.46780 0.34862 0.47122 0.34877 0.47411 0.34980 0.47559 0.35056 0.47810 0.35061 0.48099 0.35058 0.48439 0.35092 0.48897 0.35220 0.49315 0.35463 0.49524 0.35695 0.49716 0.35913 0.49841 0.36051 0.50072 0.36246 0.50351 0.36496 0.50695 0.36695 0.50855 0.36932 0.51149 0.37304 0.51197 0.37594 0.51097 0.37866 0.50845 0.38061 0.50528 0.38174 0.50267 0.38295 0.49954 0.38423 0.49573 0.38513 0.49279 0.38725 0.49098 0.38937 0.48917 0.39033 0.48520 0.39153 0.48190 0.39375 0.47787 0.39480 0.47374 0.39597 0.46993 0.39923 0.46772
4 0.49475 0.50792 0.49671 0.49975 0.49757 0.48895 0.49432 0.48144 0.49075 0.48163 0.48805 0.47562 0.48971 0.47092 0.48873 0.46137 0.48543 0.46193 0.48170 0.46366 0.47552 0.46399 0.46508 0.46492 0.46213 0.46776 0.45847 0.47525 0.45812 0.48679 0.46144 0.50007 0.46370 0.51147 0.46852 0.52159 0.47743 0.53687 0.48288 0.53620 0.48757 0.53020 0.49101 0.51849 0.49475 0.50792
4 0.53169 0.51674 0.53594 0.50231 0.53377 0.48821 0.53553 0.48082 0.53449 0.47012 0.53213 0.46140 0.52763 0.45280 0.51746 0.45449 0.50351 0.45676 0.50328 0.46138 0.50348 0.46982 0.50368 0.47826 0.50012 0.48765 0.50026 0.50379 0.50079 0.50953 0.50611 0.51540 0.51374 0.51999 0.52327 0.52448 0.52654 0.52316 0.53169 0.51674
4 0.60434 0.31641 0.60505 0.32025 0.60603 0.32203 0.60716 0.32422 0.60868 0.32659 0.60929 0.32860 0.61074 0.33220 0.61125 0.33463 0.61176 0.33705 0.61320 0.34045 0.61513 0.34341 0.61651 0.34558 0.61825 0.34733 0.62025 0.34906 0.62070 0.35047 0.62146 0.35288 0.62400 0.35540 0.62757 0.35583 0.62950 0.35389 0.63050 0.35138 0.63125 0.34869 0.63212 0.34599 0.63310 0.34287 0.63373 0.34039 0.63459 0.33749 0.63509 0.33481 0.63596 0.33211 0.63682 0.32920 0.63758 0.32671 0.63787 0.32261 0.63840 0.32055 0.63854 0.31849 0.63830 0.31626 0.63760 0.31507 0.63698 0.31286 0.63687 0.31082 0.63666 0.30920 0.63564 0.30660 0.63451 0.30441 0.63183 0.30169 0.63027 0.30096 0.62769 0.30007 0.62497 0.29899 0.62288 0.29787 0.61948 0.29581 0.61674 0.29431 0.61464 0.29524 0.61235 0.29761 0.61186 0.30029 0.60978 0.30183 0.60766 0.30480 0.60550 0.30716 0.60305 0.30872 0.60020 0.30988 0.59774 0.31145 0.59961 0.31564 0.60187 0.31531 0.60392 0.31561 0.60434 0.31641
4 0.41796 0.33325 0.42443 0.32945 0.42966 0.32917 0.43317 0.33245 0.43787 0.32644 0.44076 0.32705 0.44103 0.32320 0.44127 0.31858 0.44022 0.31671 0.44526 0.31723 0.44929 0.31240 0.45017 0.30198 0.44233 0.29778 0.43035 0.29226 0.41825 0.29328 0.41153 0.29709 0.41074 0.30020 0.40504 0.30050 0.40165 0.30875 0.39728 0.31627 0.39697 0.32397 0.39645 0.32784 0.39901 0.33116 0.40213 0.33139 0.40540 0.33467 0.41270 0.33313 0.41796 0.33325
1 0.43501 0.32442 0.43344 0.31620 0.42728 0.31330 0.42497 0.30742 0.41624 0.30466 0.41320 0.30666 0.40830 0.31152 0.40329 0.31962 0.39956 0.32489 0.40420 0.33156 0.41295 0.32926 0.42049 0.33117 0.42605 0.32811 0.43183 0.32919 0.43433 0.32768 0.43501 0.32442
4 0.53954 0.48239 0.53923 0.48444 0.53981 0.48765 0.54166 0.49061 0.54311 0.49411 0.54409 0.49661 0.54570 0.49908 0.54762 0.50357 0.54879 0.50572 0.55188 0.50828 0.55453 0.51036 0.55658 0.51331 0.55859 0.51542 0.56137 0.51817 0.56398 0.51939 0.56640 0.51926 0.56880 0.51676 0.57017 0.51464 0.57243 0.51146 0.57315 0.50717 0.57368 0.50306 0.57383 0.49795 0.57440 0.49264 0.57511 0.49005 0.57520 0.48562 0.57425 0.48176 0.57303 0.47655 0.57211 0.47319 0.56977 0.47076 0.56712 0.46852 0.56413 0.46595 0.56228 0.46486 0.55841 0.46557 0.55521 0.46506 0.55281 0.46348 0.54945 0.46195 0.54762 0.46120 0.54648 0.46160 0.54588 0.46231 0.54436 0.46358 0.54335 0.46449 0.54153 0.46595 0.54037 0.46805 0.54023 0.47129 0.54020 0.47282 0.54009 0.47674 0.53999 0.47896 0.53954 0.48239
1 0.63079 0.32060 0.63435 0.31212 0.63737 0.30966 0.63361 0.30340 0.62714 0.30005 0.62497 0.29694 0.62051 0.30455 0.61421 0.30995 0.60848 0.31532 0.60673 0.32003 0.61146 0.32300 0.61227 0.32757 0.61408 0.32932 0.62171 0.32754 0.62761 0.32538 0.63079 0.32060
1 0.43525 0.50020 0.43691 0.50056 0.43866 0.50165 0.43962 0.50178 0.44094 0.50317 0.44200 0.50511 0.44211 0.50838 0.44351 0.51249 0.44482 0.51478 0.44704 0.51530 0.44800 0.51416 0.44658 0.51178 0.44541 0.50885 0.44479 0.50560 0.44376 0.50320 0.44192 0.50048 0.44006 0.49940 0.43790 0.49788 0.43636 0.49659 0.43454 0.49423 0.43366 0.49346 0.43495 0.49021 0.43576 0.48944 0.43746 0.48844 0.43685 0.48666 0.43553 0.48391 0.43368 0.48310 0.43238 0.48316 0.43137 0.48749 0.43050 0.49127 0.43065 0.49417 0.43144 0.49858 0.43293 0.50113 0.43377 0.50200 0.43525 0.50020
1 0.39733 0.49101 0.39862 0.48887 0.40086 0.48480 0.40645 0.48205 0.40887 0.48362 0.41038 0.48109 0.40972 0.47736 0.40657 0.47319 0.40467 0.47272 0.40196 0.47456 0.39977 0.47505 0.39801 0.47288 0.39558 0.47338 0.39385 0.47819 0.39189 0.48319 0.39091 0.48909 0.39019 0.49553 0.38875 0.50145 0.39042 0.50664 0.39108 0.51019 0.39361 0.50270 0.39342 0.49687 0.39733 0.49101
1 0.47305 0.50341 0.47479 0.50353 0.47663 0.50185 0.47672 0.50053 0.47569 0.50001 0.47504 0.50078 0.47339 0.50267 0.47305 0.50341
1 0.38435 0.46662 0.38422 0.46192 0.38043 0.45646 0.37771 0.45377 0.37446 0.45206 0.37163 0.44938 0.36694 0.44925 0.36393 0.45864 0.36084 0.46446 0.36109 0.47142 0.36093 0.47746 0.36453 0.47463 0.36704 0.47111 0.37168 0.45918 0.37667 0.45854 0.37970 0.46272 0.38435 0.46662
4 0.57219 0.32393 0.57515 0.32395 0.57745 0.32348 0.57997 0.32319 0.58107 0.32210 0.58294 0.31945 0.58496 0.31765 0.58650 0.31484 0.58771 0.31172 0.58832 0.30913 0.58893 0.30672 0.58886 0.30536 0.58882 0.30264 0.58753 0.30016 0.58605 0.29819 0.58205 0.29636 0.58054 0.29575 0.57608 0.29531 0.57315 0.29580 0.56965 0.29752 0.56673 0.30039 0.56480 0.30186 0.56329 0.30313 0.56039 0.30634 0.55772 0.30784 0.55418 0.31075 0.55290 0.31252 0.55446 0.31601 0.55812 0.31735 0.56053 0.31910 0.56385 0.32199 0.56669 0.32371 0.56922 0.32358 0.57219 0.32393
1 0.48747 0.48940 0.48754 0.48795 0.48690 0.48572 0.48488 0.48931 0.48319 0.49016 0.48104 0.49125 0.47972 0.49306 0.48040 0.49530 0.48180 0.49515 0.48328 0.49189 0.48455 0.49288 0.48632 0.49241 0.48747 0.48940
1 0.56575 0.47742 0.56735 0.47537 0.56777 0.47405 0.56691 0.47318 0.56594 0.47166 0.56550 0.46945 0.56457 0.46728 0.56256 0.46621 0.56158 0.46613 0.56028 0.46750 0.55882 0.46758 0.55799 0.46723 0.55585 0.46839 0.55392 0.47032 0.55309 0.47469 0.55231 0.47826 0.55317 0.48240 0.55525 0.48635 0.55756 0.48702 0.56066 0.48725 0.56214 0.48599 0.56348 0.48213 0.56455 0.47932 0.56575 0.47742
