1 0.31742 0.60519 0.32188 0.61256 0.32439 0.61498 0.32534 0.61186 0.32371 0.60414 0.32202 0.60107 0.32038 0.59499 0.31940 0.58883 0.31568 0.58928 0.31742 0.60519
1 0.10867 0.76226 0.09667 0.76609 0.10963 0.76489 0.11702 0.76516 0.12304 0.76993 0.12833 0.77400 0.12347 0.76556 0.12145 0.75951 0.11656 0.75617 0.10867 0.76226
2 0.46054 0.50737 0.46674 0.51380 0.47260 0.51847 0.47950 0.51949 0.48996 0.52838 0.49778 0.53395 0.51233 0.53493 0.51836 0.53187 0.52758 0.53074 0.53530 0.52608 0.53903 0.51959 0.54122 0.51283 0.54507 0.50123 0.54512 0.49241 0.54526 0.48127 0.54406 0.46842 0.54508 0.46134 0.54353 0.45179 0.53939 0.43652 0.53412 0.41817 0.53121 0.40368 0.52696 0.40281 0.52468 0.41190 0.51715 0.41514 0.51527 0.42373 0.50659 0.42061 0.49084 0.42440 0.48221 0.43706 0.47719 0.44834 0.47200 0.45222 0.46774 0.46550 0.46829 0.47726 0.46111 0.48734 0.46250 0.49689 0.46054 0.50737
1 0.37986 0.51043 0.38538 0.50839 0.38851 0.50855 0.39232 0.50890 0.39490 0.50640 0.39939 0.50312 0.39800 0.50083 0.39269 0.50285 0.38887 0.50249 0.38041 0.50408 0.37548 0.50551 0.37296 0.50854 0.36808 0.51215 0.36380 0.51349 0.36689 0.51694 0.37049 0.51731 0.37329 0.51123 0.37823 0.50981 0.37986 0.51043
1 0.40447 0.49318 0.40517 0.49883 0.40908 0.49998 0.41348 0.49590 0.41886 0.49278 0.42212 0.49046 0.41673 0.48813 0.40917 0.48987 0.40447 0.49318
1 0.42516 0.56766 0.42307 0.57228 0.43261 0.58121 0.43597 0.59418 0.43853 0.60070 0.44166 0.60795 0.44425 0.60026 0.44008 0.58603 0.43600 0.57807 0.43168 0.57368 0.42840 0.56862 0.42516 0.56766
4 0.21064 0.61751 0.20773 0.63895 0.20843 0.65946 0.21127 0.68637 0.21639 0.71691 0.22454 0.75036 0.23957 0.77305 0.25277 0.78866 0.27240 0.80212 0.30238 0.81647 0.33297 0.82674 0.37274 0.82314 0.40795 0.82282 0.43975 0.82493 0.46603 0.82242 0.48919 0.81621 0.51601 0.80490 0.53577 0.78909 0.56018 0.75746 0.58024 0.72160 0.58627 0.69144 0.58821 0.66316 0.59430 0.64639 0.58089 0.62478 0.56467 0.59616 0.56054 0.58057 0.54924 0.53682 0.54998 0.50949 0.54870 0.47678 0.54673 0.45371 0.52886 0.40910 0.52268 0.39535 0.52115 0.37550 0.51123 0.35725 0.48918 0.32260 0.46896 0.27892 0.44110 0.24065 0.42165 0.21837 0.40080 0.20061 0.37307 0.17660 0.24396 0.19475 0.22520 0.21709 0.21328 0.23138 0.20263 0.24550 0.19270 0.27077 0.18437 0.28782 0.17950 0.30124 0.17669 0.32083 0.17002 0.34647 0.16543 0.37141 0.15945 0.39700 0.15880 0.42352 0.15899 0.45154 0.16716 0.48100 0.17069 0.51503 0.17568 0.53445 0.18485 0.56137 0.19793 0.58301 0.20841 0.59935 0.21064 0.61751
4 0.56012 0.58515 0.57779 0.61899 0.59701 0.64710 0.61626 0.65719 0.65540 0.67364 0.70475 0.68595 0.75292 0.69720 0.78849 0.70252 0.82348 0.69407 0.86625 0.68467 0.90988 0.66407 0.93842 0.63979 0.96984 0.59301 0.98055 0.55599 0.97764 0.52001 0.96127 0.49154 0.95621 0.47281 0.95744 0.45328 0.95240 0.43607 0.92646 0.41516 0.90999 0.39123 0.89521 0.34926 0.88169 0.30608 0.87600 0.25969 0.87695 0.21249 0.86965 0.16214 0.86217 0.14276 0.83582 0.10675 0.80411 0.06032 0.76583 0.02975 0.71702 0.00939 0.66768 0.02184 0.63932 0.03411 0.60686 0.05885 0.57368 0.09181 0.54032 0.17627 0.52484 0.22903 0.51960 0.28268 0.52192 0.33387 0.52206 0.36685 0.53558 0.42198 0.54932 0.46045 0.54982 0.53794 0.56012 0.58515
4 0.17449 1.00000 0.20931 0.96312 0.23928 0.91951 0.26632 0.85983 0.27079 0.80291 0.23888 0.77630 0.21972 0.74459 0.21286 0.70434 0.20712 0.64986 0.21002 0.61898 0.20811 0.59572 0.19398 0.57398 0.17735 0.53960 0.16863 0.49957 0.16112 0.46175 0.14933 0.42797 0.11443 0.37706 0.08128 0.32477 0.05778 0.28891 0.02079 0.26762 0.00000 0.25651 0.00000 0.53058 0.04501 0.89713 0.06027 1.00000 0.17449 1.00000
1 0.63761 0.38694 0.63324 0.38813 0.63018 0.39149 0.62811 0.39634 0.63027 0.39867 0.63578 0.39799 0.64098 0.39702 0.64181 0.39725 0.64229 0.39031 0.63761 0.38694
