1 0.46512 0.30100 0.46563 0.29846 0.46468 0.29583 0.46329 0.29374 0.46234 0.29165 0.46127 0.29002 0.45988 0.28956 0.45900 0.29020 0.45912 0.29083 0.45937 0.29292 0.46102 0.29674 0.46215 0.29982 0.46367 0.30091 0.46512 0.30100
4 0.41170 0.27896 0.39454 0.29248 0.37850 0.32350 0.37075 0.34737 0.36079 0.37442 0.35506 0.40120 0.35137 0.41045 0.33975 0.43750 0.33035 0.47624 0.32648 0.49930 0.32039 0.52635 0.32316 0.54862 0.33257 0.55260 0.35304 0.55658 0.38126 0.56215 0.40229 0.56453 0.42387 0.57090 0.45099 0.57488 0.47755 0.58362 0.50135 0.58680 0.52127 0.59078 0.53455 0.59078 0.56000 0.57726 0.58214 0.56374 0.59874 0.53987 0.60925 0.51044 0.62087 0.47067 0.62862 0.43885 0.63360 0.40385 0.63249 0.37044 0.61811 0.32748 0.60150 0.29328 0.58822 0.28055 0.56996 0.26941 0.55668 0.26782 0.54677 0.26571 0.52182 0.24157 0.50196 0.23375 0.48227 0.22362 0.46537 0.23043 0.45652 0.24475 0.44490 0.26464 0.43051 0.27737 0.41170 0.27896
4 0.21747 0.88113 0.22466 0.92727 0.23628 0.97102 0.24569 0.99170 0.25012 0.99886 0.34474 0.99886 0.36245 0.98692 0.38956 0.97181 0.41668 0.95750 0.43273 0.93602 0.43771 0.91056 0.43107 0.88192 0.40561 0.83340 0.38292 0.80795 0.37258 0.79960 0.33478 0.78090 0.31652 0.77295 0.29969 0.76125 0.28348 0.76312 0.27280 0.77692 0.25897 0.79760 0.24237 0.80954 0.22189 0.83738 0.21747 0.88113
1 0.48863 0.41245 0.49181 0.41343 0.49235 0.41387 0.49560 0.41180 0.49924 0.41169 0.50166 0.41092 0.50227 0.40875 0.50098 0.40602 0.50053 0.40515 0.49825 0.40297 0.49272 0.40635 0.49030 0.40896 0.48727 0.41104 0.48863 0.41245
4 0.52781 0.00000 0.52270 0.00082 0.52087 0.00520 0.51965 0.00695 0.51660 0.01660 0.51355 0.02537 0.50989 0.03677 0.50684 0.04291 0.50379 0.04992 0.49891 0.06044 0.49464 0.07096 0.49098 0.07798 0.48671 0.08499 0.47878 0.09551 0.47451 0.10165 0.46963 0.11305 0.46536 0.12357 0.46231 0.13322 0.45804 0.14988 0.45743 0.15514 0.45377 0.16742 0.45255 0.17530 0.45133 0.18670 0.45011 0.19372 0.44889 0.21739 0.44767 0.21915 0.44584 0.22879 0.44462 0.23668 0.44279 0.24720 0.44401 0.25422 0.44584 0.25773 0.44828 0.25685 0.46048 0.23931 0.46048 0.23580 0.46597 0.22879 0.47573 0.22792 0.48122 0.22529 0.48671 0.22529 0.49647 0.23142 0.49891 0.23230 0.51111 0.23493 0.51599 0.23580 0.52575 0.23931 0.53673 0.24282 0.54465 0.24983 0.54892 0.25334 0.56052 0.26036 0.57028 0.26650 0.58186 0.27351 0.59285 0.27614 0.60138 0.27789 0.61114 0.28403 0.61236 0.28666 0.61724 0.29367 0.62517 0.29806 0.64164 0.29631 0.65445 0.29017 0.65811 0.28842 0.66787 0.28754 0.67702 0.28491 0.68617 0.27789 0.70081 0.26737 0.70447 0.26036 0.70996 0.23580 0.71301 0.22529 0.71423 0.21476 0.71545 0.20161 0.71728 0.19021 0.71728 0.17706 0.71728 0.16654 0.71606 0.15777 0.71301 0.15251 0.71789 0.14813 0.72460 0.14112 0.72885 0.12710 0.73252 0.10777 0.73376 0.09027 0.73435 0.07184 0.72765 0.06307 0.72520 0.05781 0.71788 0.04992 0.70691 0.04378 0.69654 0.03589 0.68739 0.02625 0.68068 0.01748 0.67275 0.01397 0.65994 0.01572 0.64286 0.01572 0.62822 0.01835 0.61602 0.02186 0.60138 0.02362 0.59223 0.02449 0.57942 0.02186 0.56479 0.01748 0.55259 0.01134 0.54038 0.00520 0.52833 0.00000 0.52781 0.00000
4 0.26780 0.64201 0.26506 0.68942 0.26837 0.72600 0.27077 0.76150 0.27308 0.77531 0.28352 0.76265 0.30025 0.76150 0.31300 0.77067 0.32973 0.77755 0.35443 0.79014 0.37453 0.79567 0.39575 0.79161 0.42640 0.77478 0.45087 0.76103 0.46520 0.74547 0.48273 0.72027 0.48671 0.68018 0.48353 0.64352 0.46998 0.60572 0.45245 0.58167 0.42535 0.57136 0.39667 0.56334 0.36345 0.56210 0.33444 0.55491 0.32227 0.55589 0.31171 0.56205 0.30068 0.57380 0.28575 0.59955 0.26780 0.64201
1 0.45510 0.43219 0.45288 0.42793 0.44936 0.43272 0.45065 0.43858 0.45288 0.43832 0.45510 0.43219
1 0.52386 0.37252 0.53127 0.36852 0.52367 0.36905 0.52126 0.36666 0.51830 0.37412 0.52015 0.37518 0.52386 0.37252
1 0.58086 0.13096 0.58086 0.14132 0.58128 0.14497 0.58509 0.14010 0.58975 0.13340 0.59399 0.13096 0.59611 0.12487 0.59907 0.12183 0.60288 0.12000 0.60881 0.11635 0.61305 0.11513 0.61644 0.11452 0.62152 0.11452 0.62575 0.11452 0.63169 0.11452 0.63507 0.11757 0.64270 0.11939 0.64990 0.11939 0.65880 0.11939 0.66727 0.11939 0.67405 0.11879 0.67997 0.11818 0.68082 0.11757 0.67320 0.11209 0.66812 0.11087 0.66049 0.10905 0.65456 0.10783 0.64820 0.10661 0.63846 0.10539 0.62957 0.10478 0.62491 0.10234 0.62194 0.09504 0.62152 0.08773 0.62152 0.07982 0.62194 0.07495 0.62194 0.06703 0.62533 0.06216 0.62703 0.05242 0.62999 0.04937 0.63126 0.04024 0.63169 0.03841 0.63169 0.03232 0.63042 0.02197 0.62830 0.02197 0.62152 0.02623 0.62152 0.03110 0.61983 0.04328 0.61856 0.04633 0.61644 0.05120 0.61559 0.05546 0.61474 0.05911 0.61178 0.06155 0.60839 0.06825 0.60585 0.07251 0.60119 0.07495 0.59356 0.07738 0.58848 0.07738 0.57789 0.07860 0.57535 0.07920 0.56942 0.07982 0.56561 0.07860 0.56264 0.07982 0.56222 0.08104 0.56222 0.08164 0.56349 0.08347 0.57027 0.08469 0.57281 0.08773 0.57450 0.09078 0.57577 0.09747 0.57747 0.10113 0.57831 0.10600 0.57916 0.11513 0.58043 0.12244 0.58086 0.13096
1 0.50131 0.37216 0.50349 0.37059 0.50440 0.36902 0.50158 0.36641 0.50058 0.36301 0.49831 0.35922 0.49767 0.36222 0.49703 0.36366 0.49476 0.36366 0.49321 0.36183 0.49158 0.36118 0.49267 0.36484 0.49549 0.37072 0.49794 0.37268 0.50131 0.37216
1 0.47512 0.35072 0.47912 0.35033 0.48294 0.34928 0.48448 0.34588 0.48385 0.34092 0.48366 0.33725 0.48203 0.33425 0.48039 0.33150 0.47839 0.32942 0.47503 0.33673 0.47230 0.34222 0.47248 0.34758 0.47512 0.35072
