1 0.72476 0.68317 0.72711 0.68141 0.72812 0.68028 0.73063 0.68091 0.73381 0.68229 0.73482 0.68091 0.73239 0.67915 0.72837 0.67789 0.72619 0.67727 0.72460 0.67576 0.72317 0.67701 0.72384 0.68053 0.72208 0.68279 0.72225 0.68417 0.72476 0.68317
4 0.41468 0.47892 0.41512 0.49606 0.41266 0.51430 0.41338 0.52103 0.41671 0.52667 0.42178 0.52928 0.44045 0.53101 0.45494 0.52667 0.46275 0.51994 0.46637 0.51126 0.46594 0.50149 0.46102 0.48326 0.45797 0.47957 0.45479 0.47675 0.45378 0.47284 0.45218 0.46589 0.45160 0.46372 0.44856 0.45786 0.44596 0.45178 0.44161 0.44635 0.43828 0.44397 0.43466 0.44397 0.42612 0.44766 0.41946 0.45678 0.41570 0.46719 0.41468 0.47892
4 0.64678 0.57790 0.65055 0.58593 0.65504 0.58919 0.66488 0.59353 0.67444 0.59353 0.67980 0.58984 0.69239 0.58615 0.69514 0.58203 0.69760 0.57617 0.69949 0.56293 0.70021 0.55945 0.70253 0.55576 0.70296 0.54621 0.70325 0.53362 0.70050 0.51929 0.69530 0.50648 0.69080 0.49650 0.68530 0.49975 0.68255 0.50366 0.67762 0.51039 0.67458 0.51408 0.67487 0.51864 0.67371 0.52146 0.66633 0.53058 0.65272 0.53557 0.64751 0.54057 0.64331 0.55359 0.64403 0.56575 0.64678 0.57790
1 0.35595 0.71039 0.35377 0.71152 0.35176 0.71278 0.34966 0.71630 0.34748 0.71818 0.34573 0.72283 0.34748 0.72559 0.35092 0.72861 0.35444 0.73150 0.35754 0.73037 0.36156 0.72698 0.36500 0.71969 0.36642 0.71441 0.36902 0.71114 0.37044 0.70901 0.36877 0.70675 0.36776 0.70449 0.36776 0.70185 0.36634 0.70097 0.36466 0.70197 0.36257 0.70600 0.36030 0.70788 0.35637 0.70713 0.35595 0.71039
1 0.35214 0.75553 0.35394 0.75590 0.35317 0.75895 0.35927 0.76155 0.36116 0.75916 0.36359 0.75393 0.36848 0.75160 0.37057 0.75066 0.36945 0.74746 0.36703 0.74310 0.36320 0.74055 0.36029 0.74172 0.35782 0.74499 0.35718 0.74564 0.35530 0.74405 0.35161 0.74535 0.34981 0.74892 0.35073 0.75291 0.35214 0.75553
1 0.67938 0.57076 0.67971 0.57121 0.68099 0.57167 0.68241 0.57151 0.68342 0.57136 0.68396 0.57157 0.68379 0.57020 0.68126 0.56970 0.67941 0.56945 0.67840 0.56939 0.67938 0.57076
4 0.60233 0.44852 0.59915 0.45591 0.59900 0.46589 0.60436 0.47978 0.61290 0.48543 0.62130 0.48326 0.63057 0.47783 0.63940 0.47240 0.64171 0.46459 0.64085 0.45851 0.63853 0.45070 0.63607 0.44375 0.63346 0.43593 0.63201 0.43182 0.63231 0.42725 0.62361 0.42162 0.61565 0.42031 0.61145 0.42248 0.60653 0.42877 0.60349 0.43767 0.60219 0.44505 0.60233 0.44852
4 0.39673 0.50193 0.39296 0.50431 0.38920 0.50844 0.38645 0.51278 0.38384 0.52103 0.38196 0.53405 0.38240 0.54404 0.38210 0.55598 0.38124 0.56879 0.38240 0.57530 0.38384 0.57986 0.38587 0.58442 0.38920 0.58593 0.39557 0.58724 0.40064 0.58876 0.40715 0.59223 0.40990 0.59462 0.41468 0.59527 0.41874 0.59288 0.42742 0.59353 0.43553 0.58963 0.43930 0.58355 0.44292 0.57573 0.44567 0.56466 0.44683 0.55446 0.44697 0.54708 0.44422 0.53992 0.43785 0.53427 0.43293 0.53123 0.42699 0.53015 0.42091 0.52884 0.41685 0.52689 0.41323 0.51994 0.41294 0.51256 0.40614 0.50388 0.40281 0.49954 0.39933 0.49867 0.39673 0.50193
4 0.49533 0.41792 0.49244 0.43094 0.49099 0.44049 0.49244 0.45005 0.49490 0.45482 0.49881 0.45808 0.50358 0.46003 0.50880 0.46502 0.51560 0.47002 0.52472 0.46806 0.53312 0.46155 0.53775 0.45504 0.54152 0.44939 0.54630 0.44440 0.54615 0.43745 0.54485 0.42573 0.54282 0.41510 0.53805 0.40489 0.53167 0.39751 0.52646 0.39491 0.51633 0.39448 0.50996 0.39708 0.50445 0.40055 0.49910 0.40880 0.49533 0.41792
1 0.72110 0.69337 0.72125 0.69533 0.72275 0.69540 0.72309 0.69453 0.72280 0.69227 0.72255 0.69111 0.72275 0.68879 0.72285 0.68668 0.72212 0.68624 0.72105 0.68726 0.72062 0.68944 0.72095 0.69191 0.72110 0.69337
4 0.54702 0.43181 0.54934 0.44570 0.55643 0.46198 0.56526 0.47045 0.57453 0.47197 0.58119 0.46763 0.59017 0.46068 0.59654 0.45743 0.59987 0.45287 0.60233 0.44831 0.60146 0.43420 0.59871 0.42487 0.59393 0.41531 0.58829 0.40685 0.58394 0.40272 0.57569 0.39903 0.56874 0.39643 0.56005 0.39795 0.55470 0.40272 0.54977 0.41075 0.54775 0.42248 0.54702 0.43181
1 0.71790 0.71459 0.71853 0.71321 0.71805 0.71249 0.71635 0.71365 0.71562 0.71546 0.71640 0.71575 0.71790 0.71459
1 0.66434 0.54912 0.66154 0.55006 0.66008 0.55163 0.65903 0.55393 0.65903 0.55791 0.65994 0.55875 0.66105 0.56011 0.66294 0.55885 0.66364 0.55676 0.66580 0.55519 0.66894 0.55309 0.66853 0.55069 0.66922 0.54786 0.67104 0.54859 0.67146 0.54629 0.67104 0.54399 0.66978 0.54388 0.66818 0.54367 0.66727 0.54503 0.66713 0.54660 0.66573 0.54786 0.66434 0.54912
4 0.62955 0.52515 0.63650 0.52884 0.64577 0.53167 0.65301 0.53275 0.65735 0.53297 0.66604 0.53058 0.67357 0.52146 0.67458 0.51864 0.67444 0.51300 0.67444 0.50822 0.67328 0.49975 0.67313 0.48652 0.67227 0.47371 0.67053 0.46654 0.66517 0.45460 0.65967 0.44874 0.65402 0.44701 0.64953 0.44766 0.64432 0.45417 0.64099 0.45981 0.64171 0.46481 0.63954 0.47240 0.63187 0.47740 0.62637 0.49216 0.62260 0.50345 0.62492 0.51886 0.62955 0.52515
4 0.45189 0.45026 0.45189 0.45981 0.45334 0.47240 0.45551 0.47783 0.46160 0.48109 0.46579 0.48196 0.47014 0.48196 0.47940 0.48304 0.48578 0.48152 0.48881 0.47718 0.49055 0.46936 0.49403 0.46133 0.49475 0.45547 0.49244 0.45005 0.49186 0.44657 0.48954 0.43745 0.48505 0.42921 0.48245 0.42465 0.47897 0.42096 0.47303 0.41727 0.46608 0.41965 0.45870 0.42552 0.45363 0.43745 0.45189 0.45026
4 0.33154 0.72625 0.33258 0.73969 0.33425 0.74594 0.33571 0.75282 0.33967 0.76032 0.34759 0.76813 0.36073 0.77657 0.37053 0.77720 0.38199 0.77407 0.39075 0.76845 0.40097 0.75688 0.40785 0.74094 0.40952 0.72843 0.40764 0.71218 0.40222 0.70061 0.39492 0.69280 0.38220 0.68373 0.36928 0.67467 0.35927 0.66810 0.35218 0.66873 0.34447 0.67092 0.33591 0.68030 0.33508 0.69217 0.33320 0.70812 0.33175 0.71843 0.33154 0.72625
4 0.70832 0.64433 0.70093 0.65193 0.69239 0.66104 0.68501 0.66995 0.68052 0.68167 0.67922 0.69013 0.68052 0.70099 0.68269 0.70858 0.68732 0.71575 0.69384 0.72335 0.70035 0.72725 0.70513 0.73268 0.71165 0.73897 0.71556 0.74071 0.72280 0.73876 0.72917 0.73312 0.73033 0.72921 0.73510 0.72660 0.73858 0.72313 0.74061 0.71683 0.74539 0.71293 0.74886 0.70728 0.74901 0.70099 0.74843 0.69426 0.74785 0.68731 0.74611 0.68080 0.74481 0.67494 0.74553 0.66799 0.74466 0.65735 0.74423 0.64954 0.74350 0.64607 0.74119 0.64346 0.74090 0.63999 0.73974 0.63326 0.73337 0.62870 0.72714 0.62631 0.71831 0.63565 0.70832 0.64433
4 0.35950 0.59694 0.35965 0.60541 0.36066 0.61561 0.36225 0.62603 0.36327 0.63167 0.36689 0.63428 0.36993 0.63406 0.37644 0.63775 0.38672 0.64383 0.40207 0.65251 0.40540 0.65230 0.41525 0.64860 0.42075 0.64318 0.42495 0.63493 0.42755 0.62755 0.42915 0.61561 0.42871 0.60845 0.42596 0.60302 0.42191 0.59585 0.41901 0.59238 0.41380 0.59542 0.41032 0.59455 0.40670 0.59151 0.39802 0.58761 0.38904 0.58522 0.38571 0.58327 0.38397 0.57827 0.38137 0.57328 0.37268 0.57545 0.36530 0.57806 0.35994 0.58782 0.35950 0.59694
