1 0.83280 0.53652 0.84368 0.56029 0.85524 0.56656 0.84969 0.52182 0.82930 0.50303 0.81216 0.51198 0.81077 0.53167 0.81865 0.52719 0.83280 0.53652
4 0.35233 0.53655 0.34565 0.53655 0.33822 0.53847 0.33105 0.54324 0.32709 0.54324 0.32412 0.56140 0.32412 0.58768 0.32560 0.61253 0.32759 0.63212 0.32981 0.65028 0.33179 0.66844 0.33525 0.69186 0.33847 0.71766 0.34317 0.74251 0.34985 0.76927 0.35035 0.77166 0.35579 0.78504 0.36321 0.79173 0.37212 0.79317 0.38325 0.79317 0.39166 0.78647 0.39884 0.77453 0.40329 0.76067 0.40973 0.74873 0.41517 0.73916 0.41987 0.72674 0.42457 0.70285 0.42358 0.67896 0.42408 0.65936 0.42581 0.64073 0.42457 0.62496 0.42259 0.60632 0.42148 0.57106 0.42148 0.55232 0.42024 0.53799 0.41386 0.53760 0.40582 0.53603 0.40065 0.53402 0.39303 0.53044 0.38827 0.52843 0.38642 0.52805 0.38276 0.52987 0.37880 0.53130 0.37014 0.53465 0.36123 0.53655 0.35233 0.53655
4 0.20363 0.38945 0.20577 0.41972 0.20862 0.44037 0.21147 0.46308 0.21325 0.48716 0.21468 0.50161 0.21646 0.51812 0.21895 0.52845 0.22323 0.53670 0.23000 0.53533 0.24425 0.53188 0.25137 0.52913 0.25921 0.52225 0.26634 0.51606 0.27382 0.50298 0.28094 0.49335 0.28379 0.48578 0.28415 0.46996 0.28415 0.44587 0.28379 0.42661 0.28379 0.40321 0.28558 0.38738 0.28914 0.37018 0.29341 0.34747 0.29270 0.33096 0.28700 0.32614 0.27418 0.31788 0.25779 0.30756 0.24995 0.29655 0.23891 0.28416 0.22893 0.27453 0.21717 0.27040 0.20862 0.27040 0.20221 0.27522 0.20292 0.28967 0.20256 0.31720 0.20292 0.35573 0.20363 0.38945
4 0.21505 0.50795 0.21267 0.49706 0.20822 0.49419 0.20287 0.49763 0.19902 0.50451 0.19159 0.51827 0.18714 0.52745 0.18061 0.54924 0.17882 0.56415 0.17793 0.57791 0.17544 0.60010 0.17544 0.61828 0.17517 0.63072 0.17470 0.64310 0.17443 0.65842 0.17568 0.66369 0.17692 0.67516 0.17642 0.68422 0.17544 0.69185 0.17470 0.70045 0.17568 0.70859 0.17865 0.71863 0.18064 0.72103 0.18556 0.72103 0.19150 0.71765 0.19943 0.70670 0.20560 0.69810 0.21056 0.68852 0.21478 0.68090 0.22119 0.67034 0.22888 0.66129 0.23705 0.65268 0.23951 0.64936 0.24099 0.64597 0.24197 0.63646 0.24298 0.60394 0.24693 0.56667 0.24842 0.54993 0.24990 0.53800 0.25139 0.53513 0.24830 0.52974 0.23880 0.52974 0.22633 0.53548 0.21831 0.53318 0.21505 0.50795
2 0.36319 0.32578 0.36758 0.34023 0.37402 0.35069 0.37789 0.35916 0.37944 0.37111 0.37635 0.40549 0.37660 0.45381 0.37867 0.47474 0.38099 0.48670 0.38718 0.49567 0.38821 0.47823 0.38821 0.43987 0.38873 0.40300 0.38666 0.35617 0.38486 0.33276 0.37531 0.31183 0.36087 0.28543 0.35055 0.27446 0.34126 0.26649 0.33250 0.26351 0.32682 0.26351 0.32115 0.26749 0.31831 0.26898 0.31728 0.27646 0.33456 0.27496 0.34720 0.28543 0.35416 0.30187 0.36319 0.32578
1 0.38472 0.36578 0.38535 0.35536 0.38192 0.34696 0.38110 0.34235 0.37944 0.34035 0.37757 0.34195 0.37695 0.34535 0.37674 0.34856 0.37965 0.35797 0.38234 0.36077 0.38389 0.36558 0.38472 0.36578
1 0.38760 0.42576 0.38770 0.42396 0.38635 0.42196 0.38531 0.42115 0.38428 0.41795 0.38324 0.41775 0.38459 0.42416 0.38563 0.42696 0.38697 0.42736 0.38760 0.42576
4 0.60167 0.60876 0.60018 0.62835 0.59994 0.64078 0.60167 0.66801 0.60563 0.68856 0.61355 0.71580 0.62369 0.73252 0.63111 0.74686 0.63606 0.76167 0.64299 0.77314 0.65066 0.77696 0.65931 0.77696 0.66822 0.77171 0.67490 0.76454 0.67985 0.75355 0.68282 0.74399 0.68604 0.72440 0.68727 0.70529 0.68901 0.67996 0.68925 0.65941 0.69098 0.63791 0.69198 0.62309 0.69321 0.61067 0.69668 0.58965 0.69742 0.57101 0.69742 0.55524 0.69643 0.52848 0.69445 0.51415 0.69049 0.49981 0.68802 0.49646 0.68356 0.49455 0.67812 0.49455 0.67193 0.49407 0.66501 0.49360 0.65758 0.49264 0.65189 0.49550 0.64967 0.50650 0.64348 0.51271 0.63408 0.51988 0.62270 0.52274 0.60736 0.52657 0.60167 0.52561 0.59919 0.54473 0.59969 0.56767 0.60167 0.58965 0.60167 0.60876
4 0.80993 0.48800 0.80697 0.49086 0.79895 0.49258 0.79212 0.49316 0.78589 0.49659 0.78114 0.52183 0.77846 0.55050 0.77965 0.57229 0.77965 0.58433 0.78203 0.60268 0.79034 0.60555 0.79865 0.59809 0.80816 0.59523 0.81409 0.59064 0.82716 0.58835 0.84230 0.58547 0.85269 0.58547 0.86397 0.58490 0.87614 0.58720 0.88772 0.59179 0.90078 0.59523 0.91118 0.59408 0.92068 0.59064 0.92662 0.58547 0.93107 0.58146 0.93612 0.57286 0.93997 0.56197 0.93997 0.55566 0.94087 0.54649 0.93908 0.52986 0.93582 0.51380 0.93345 0.49774 0.92929 0.47079 0.92691 0.45416 0.92454 0.44385 0.91741 0.43123 0.91296 0.42205 0.90940 0.41804 0.90168 0.41345 0.90019 0.42148 0.89514 0.43123 0.88831 0.43810 0.88297 0.44040 0.87318 0.43696 0.87228 0.43639 0.86694 0.45187 0.85981 0.46792 0.85150 0.47538 0.84438 0.47710 0.83844 0.47366 0.82745 0.46678 0.82151 0.46047 0.82122 0.45875 0.81795 0.45875 0.81469 0.46563 0.81350 0.47825 0.80993 0.48800
4 0.51958 0.29928 0.51893 0.31703 0.52086 0.33563 0.52193 0.35380 0.52278 0.37900 0.52621 0.41163 0.52856 0.42649 0.53091 0.44177 0.53861 0.46532 0.54396 0.48514 0.55401 0.50208 0.56170 0.50993 0.57176 0.51241 0.57924 0.51736 0.59058 0.51901 0.59977 0.52315 0.61217 0.52563 0.62159 0.52273 0.63057 0.52191 0.63891 0.51282 0.64682 0.50745 0.64896 0.49877 0.64981 0.48680 0.65003 0.46036 0.65024 0.44467 0.65067 0.42112 0.64896 0.40419 0.64725 0.37734 0.64382 0.34884 0.64019 0.31662 0.63249 0.27614 0.62501 0.24930 0.62052 0.23401 0.61367 0.22410 0.59721 0.21791 0.59079 0.21749 0.57539 0.21915 0.56320 0.22369 0.55615 0.22823 0.54845 0.23401 0.54225 0.24434 0.53583 0.25425 0.53155 0.26582 0.52941 0.27408 0.52663 0.28688 0.52171 0.29556 0.51958 0.29928
4 0.69732 0.53560 0.69855 0.55663 0.69880 0.57622 0.69633 0.59437 0.69534 0.60967 0.69311 0.62591 0.69262 0.63977 0.69781 0.65458 0.70722 0.66653 0.71711 0.68421 0.72404 0.69951 0.73418 0.71718 0.74062 0.72579 0.74680 0.73869 0.75348 0.74251 0.76338 0.74729 0.76857 0.74777 0.77674 0.73869 0.78045 0.73008 0.78094 0.72005 0.78045 0.70285 0.77797 0.68612 0.77550 0.67083 0.77451 0.65124 0.77303 0.63451 0.77080 0.61349 0.76882 0.59055 0.76511 0.56905 0.76165 0.54850 0.75868 0.52795 0.75397 0.50693 0.75274 0.49307 0.74804 0.48160 0.73987 0.47921 0.73097 0.48351 0.72305 0.48972 0.71216 0.49594 0.70202 0.49737 0.69732 0.49737 0.69534 0.49880 0.69336 0.50310 0.69336 0.51123 0.69534 0.52461 0.69732 0.53560
4 0.83302 0.28621 0.83080 0.29433 0.82758 0.30197 0.82387 0.31153 0.82239 0.33160 0.82214 0.35215 0.82140 0.39468 0.82016 0.41332 0.81892 0.43004 0.81818 0.44008 0.81793 0.44916 0.81867 0.45680 0.82313 0.46063 0.82815 0.46478 0.83104 0.46679 0.83599 0.46999 0.84114 0.47276 0.84651 0.47554 0.85207 0.47434 0.85683 0.47075 0.86074 0.46641 0.86487 0.45842 0.86650 0.45045 0.87043 0.44050 0.87145 0.43095 0.87392 0.41145 0.87516 0.39788 0.87207 0.35927 0.86816 0.31306 0.86445 0.28640 0.86116 0.27288 0.86012 0.25974 0.85970 0.24659 0.85764 0.24220 0.85331 0.24301 0.84985 0.25037 0.84688 0.25610 0.84070 0.26948 0.83698 0.27999 0.83302 0.28621
4 0.42510 0.62357 0.42664 0.64290 0.42921 0.67512 0.43151 0.68999 0.43460 0.71229 0.43613 0.73311 0.43793 0.74748 0.44126 0.76335 0.44897 0.77821 0.45846 0.79557 0.46796 0.80151 0.47642 0.79953 0.48258 0.79606 0.49208 0.78020 0.49721 0.76285 0.50234 0.74005 0.50465 0.72171 0.50825 0.70436 0.50773 0.68107 0.50850 0.65728 0.51030 0.61713 0.51159 0.59759 0.51132 0.56905 0.51012 0.55180 0.50888 0.54200 0.50688 0.53748 0.50381 0.53391 0.50034 0.53197 0.49488 0.53197 0.48930 0.53197 0.48338 0.53391 0.47794 0.53485 0.47211 0.53653 0.46667 0.53797 0.46246 0.53892 0.45838 0.54105 0.45615 0.54273 0.44948 0.54035 0.44180 0.54085 0.43611 0.53892 0.43326 0.53842 0.42707 0.53866 0.42397 0.54060 0.42228 0.54526 0.42125 0.55418 0.42150 0.57153 0.42279 0.60226 0.42510 0.62357
2 0.17771 0.70270 0.17771 0.70668 0.17792 0.71305 0.17895 0.71345 0.18183 0.71465 0.18493 0.71106 0.18925 0.70508 0.19214 0.70190 0.19709 0.69632 0.19812 0.69115 0.19915 0.68438 0.20225 0.68040 0.20555 0.67641 0.20534 0.66566 0.20286 0.65730 0.19297 0.65173 0.18493 0.65093 0.17833 0.65451 0.17627 0.65889 0.17854 0.66845 0.17854 0.68119 0.17833 0.69155 0.17771 0.70270
4 0.86775 0.27904 0.86651 0.27943 0.86424 0.28501 0.86486 0.29138 0.86692 0.30293 0.86919 0.32125 0.87084 0.34235 0.87269 0.36267 0.87475 0.38815 0.87496 0.40766 0.87269 0.42797 0.87249 0.43634 0.87826 0.43912 0.88094 0.43912 0.88403 0.43952 0.88898 0.43832 0.89290 0.43434 0.89537 0.42996 0.89702 0.42558 0.89929 0.42120 0.90115 0.41403 0.90403 0.40607 0.90547 0.39253 0.90630 0.37700 0.90712 0.36505 0.90733 0.34913 0.90795 0.33200 0.90671 0.31528 0.90671 0.30214 0.90609 0.28900 0.90382 0.27466 0.90259 0.26431 0.89846 0.24599 0.89743 0.23723 0.89537 0.23165 0.89187 0.23046 0.88609 0.23683 0.87785 0.25196 0.87187 0.27028 0.86775 0.27904
4 0.74554 0.39286 0.74480 0.41294 0.74381 0.43014 0.74208 0.44112 0.73985 0.45308 0.74554 0.45738 0.74900 0.46167 0.75445 0.46980 0.76385 0.47888 0.77325 0.48318 0.78240 0.48557 0.78438 0.48652 0.79354 0.48796 0.80096 0.49226 0.80690 0.49178 0.81135 0.48605 0.81333 0.47315 0.81580 0.45259 0.81754 0.43587 0.81976 0.40625 0.82050 0.37375 0.82125 0.33409 0.82323 0.30876 0.82249 0.29395 0.82323 0.27751 0.82384 0.26198 0.82261 0.25161 0.81952 0.23809 0.81479 0.22733 0.80715 0.22652 0.80118 0.22934 0.79272 0.23608 0.78510 0.24487 0.77869 0.26040 0.77622 0.27593 0.76983 0.28506 0.76222 0.29103 0.75561 0.29543 0.74653 0.30102 0.73995 0.30341 0.73564 0.31211 0.73836 0.32835 0.74158 0.35320 0.74356 0.37040 0.74554 0.39286
4 0.40172 0.30824 0.39890 0.32658 0.39761 0.34145 0.39376 0.37069 0.39299 0.39696 0.39299 0.41976 0.39145 0.43562 0.38992 0.47032 0.39069 0.49857 0.39222 0.52137 0.39582 0.53177 0.40608 0.53822 0.41969 0.53773 0.44124 0.53228 0.45561 0.53029 0.47255 0.52880 0.48820 0.52632 0.49513 0.52583 0.50642 0.52335 0.51695 0.51393 0.52233 0.50650 0.52721 0.48519 0.52824 0.46685 0.52798 0.44950 0.52670 0.42769 0.52439 0.40935 0.52311 0.39052 0.52156 0.36623 0.51874 0.33798 0.51540 0.31022 0.51104 0.29089 0.50360 0.27206 0.49308 0.25173 0.48435 0.23934 0.47306 0.23339 0.45946 0.22546 0.45305 0.22497 0.44047 0.22596 0.43560 0.22893 0.42841 0.23439 0.42123 0.24331 0.41891 0.24876 0.41430 0.25966 0.40839 0.27503 0.40480 0.28742 0.40172 0.30824
4 0.67056 0.48390 0.67762 0.48680 0.68489 0.49299 0.69686 0.49753 0.70691 0.49753 0.71868 0.49299 0.72937 0.48432 0.73664 0.46862 0.74156 0.44177 0.74498 0.41038 0.74348 0.38271 0.73899 0.34471 0.73493 0.31167 0.73279 0.28771 0.72808 0.26004 0.72081 0.24765 0.71461 0.23980 0.70499 0.23732 0.69430 0.24310 0.68360 0.25467 0.67590 0.27036 0.66949 0.27904 0.66072 0.30258 0.65708 0.31043 0.65495 0.31951 0.65345 0.35752 0.65067 0.38271 0.65067 0.41617 0.65024 0.44219 0.65067 0.46078 0.64960 0.47730 0.64960 0.48556 0.65302 0.48969 0.65837 0.49175 0.66414 0.48721 0.67056 0.48390
4 0.29548 0.31022 0.29368 0.32261 0.29265 0.33897 0.29034 0.35880 0.28726 0.38308 0.28496 0.39944 0.28341 0.41579 0.28290 0.43017 0.28265 0.45247 0.28393 0.47626 0.28752 0.50353 0.29394 0.52434 0.30266 0.53029 0.31318 0.53970 0.32319 0.54466 0.33294 0.54120 0.34347 0.53475 0.35246 0.53279 0.36143 0.53622 0.37606 0.53525 0.38068 0.52831 0.38632 0.51542 0.38709 0.49659 0.38863 0.47329 0.38838 0.44454 0.38940 0.40043 0.38786 0.35533 0.38530 0.33203 0.37477 0.30874 0.36323 0.28841 0.35245 0.27404 0.33936 0.26363 0.32884 0.26115 0.32345 0.26264 0.31729 0.27007 0.30959 0.27900 0.30266 0.29040 0.29856 0.29882 0.29548 0.31022
4 0.51172 0.57788 0.51160 0.60346 0.51259 0.61374 0.51469 0.62760 0.51542 0.64075 0.51542 0.64768 0.51599 0.66322 0.51599 0.67641 0.51718 0.68301 0.51792 0.69047 0.51837 0.69907 0.51807 0.70567 0.52075 0.71198 0.52535 0.72661 0.52743 0.73837 0.53091 0.74774 0.53402 0.75892 0.53788 0.76954 0.54308 0.78158 0.54888 0.79019 0.55689 0.79392 0.56224 0.79335 0.56937 0.79076 0.57561 0.78416 0.58214 0.77011 0.58645 0.75864 0.59046 0.74229 0.59224 0.72737 0.59343 0.70959 0.59432 0.68865 0.59579 0.65982 0.59752 0.63281 0.59851 0.60676 0.59986 0.59077 0.59986 0.58291 0.59937 0.57334 0.59865 0.56201 0.59778 0.55412 0.59614 0.54927 0.59485 0.54347 0.59485 0.53919 0.59421 0.53627 0.59341 0.53388 0.59041 0.53240 0.58551 0.53055 0.58319 0.53139 0.58104 0.53223 0.57898 0.53472 0.57777 0.53522 0.57468 0.53522 0.57400 0.53670 0.57134 0.53804 0.56953 0.53570 0.56703 0.53522 0.56325 0.53304 0.55964 0.53354 0.55526 0.53421 0.55208 0.53288 0.55010 0.53354 0.54572 0.53438 0.54211 0.53472 0.53644 0.53538 0.53386 0.53455 0.52957 0.53505 0.52689 0.53472 0.52424 0.53472 0.51813 0.53436 0.51598 0.53490 0.51345 0.54155 0.51234 0.54896 0.51246 0.56043 0.51185 0.56641 0.51172 0.57788
4 0.25590 0.52854 0.24966 0.54345 0.24670 0.56983 0.24254 0.61341 0.24165 0.64781 0.24076 0.66845 0.23987 0.69483 0.24017 0.71834 0.24017 0.73497 0.24402 0.74988 0.25738 0.75848 0.27075 0.74988 0.28381 0.73096 0.29301 0.72006 0.30459 0.71088 0.31469 0.69999 0.32478 0.68967 0.32923 0.68508 0.33309 0.67877 0.33279 0.67075 0.32804 0.64322 0.32597 0.62315 0.32418 0.60652 0.32330 0.59047 0.32211 0.57441 0.31855 0.55836 0.31558 0.54115 0.30904 0.53886 0.29479 0.52854 0.28975 0.51191 0.28975 0.51019 0.28588 0.50789 0.27995 0.51134 0.27312 0.51248 0.26718 0.51420 0.25590 0.52854
