4 0.35798 0.42815 0.35761 0.47179 0.36388 0.48008 0.38376 0.49996 0.41727 0.50825 0.46368 0.50604 0.49903 0.50328 0.50087 0.46571 0.50124 0.42318 0.49830 0.38175 0.49019 0.33590 0.46847 0.30994 0.43974 0.28949 0.40696 0.29115 0.38450 0.31325 0.37050 0.34308 0.36461 0.38230 0.35798 0.42815
4 0.75185 0.52482 0.74956 0.53397 0.75318 0.54426 0.75680 0.55741 0.76004 0.56570 0.76576 0.57771 0.76938 0.58857 0.77281 0.60000 0.77586 0.60687 0.77929 0.61573 0.78520 0.62459 0.79015 0.62830 0.79758 0.63088 0.80368 0.63059 0.80787 0.62602 0.81416 0.60687 0.81912 0.58771 0.82293 0.56570 0.82541 0.54712 0.82560 0.52625 0.82522 0.50825 0.82426 0.49567 0.82331 0.49338 0.81816 0.49253 0.80997 0.49024 0.80216 0.48995 0.79835 0.48795 0.79073 0.48336 0.78615 0.47879 0.78216 0.47366 0.77739 0.47336 0.77338 0.47137 0.76767 0.47109 0.76272 0.47680 0.75832 0.48195 0.75737 0.48766 0.75661 0.49595 0.75566 0.50310 0.75394 0.51254 0.75185 0.52482
4 0.10719 0.50970 0.10640 0.51851 0.10560 0.52685 0.10449 0.53399 0.10402 0.53828 0.10545 0.54924 0.10656 0.55948 0.10677 0.56814 0.10733 0.57449 0.10846 0.57925 0.11021 0.58259 0.11386 0.58282 0.11815 0.58306 0.12228 0.58259 0.12673 0.57782 0.13340 0.57235 0.13673 0.56687 0.14070 0.55853 0.14261 0.55448 0.14324 0.54400 0.14340 0.53351 0.14340 0.52423 0.14340 0.51350 0.14420 0.50350 0.14642 0.49326 0.14832 0.48468 0.15087 0.47611 0.15388 0.46801 0.15547 0.46372 0.15150 0.46563 0.14356 0.47110 0.13800 0.47587 0.13229 0.47920 0.12720 0.48182 0.12419 0.48182 0.12085 0.47968 0.11958 0.47682 0.11720 0.47515 0.11656 0.47539 0.11291 0.48444 0.11069 0.49374 0.10815 0.50136 0.10719 0.50970
4 0.82556 0.54178 0.82537 0.55207 0.82461 0.56207 0.82308 0.56922 0.82442 0.57637 0.82823 0.58323 0.83280 0.59266 0.83757 0.59923 0.84195 0.60809 0.84519 0.61295 0.84671 0.61353 0.84919 0.60295 0.85147 0.58665 0.85300 0.56950 0.85376 0.55007 0.85376 0.53749 0.85300 0.52720 0.85281 0.51920 0.85052 0.50547 0.84652 0.49433 0.83757 0.48603 0.83185 0.48346 0.82308 0.49290 0.82480 0.49976 0.82537 0.51033 0.82575 0.52606 0.82556 0.54178
4 0.10923 0.33080 0.10231 0.32141 0.09737 0.31795 0.09671 0.32289 0.09671 0.33227 0.09474 0.33968 0.09309 0.35055 0.09145 0.36438 0.09177 0.37871 0.09342 0.39550 0.09803 0.41477 0.10001 0.43156 0.10528 0.44835 0.11054 0.46021 0.11713 0.47305 0.12404 0.48194 0.13096 0.47997 0.13755 0.47651 0.14380 0.47009 0.14940 0.46663 0.15467 0.46219 0.15697 0.45675 0.15401 0.44885 0.15072 0.44292 0.14446 0.42860 0.14084 0.41674 0.13820 0.40242 0.13820 0.38858 0.13886 0.37871 0.13689 0.37031 0.12865 0.36191 0.12174 0.35253 0.11482 0.33968 0.10923 0.33080
4 0.31855 0.54904 0.32008 0.55704 0.32522 0.57191 0.33227 0.58448 0.34180 0.59106 0.35038 0.59449 0.35876 0.59392 0.36963 0.57762 0.37401 0.55475 0.37935 0.53646 0.38430 0.52417 0.38811 0.51073 0.38887 0.50187 0.37877 0.49530 0.37039 0.48815 0.36410 0.48358 0.36010 0.47815 0.35629 0.47529 0.34733 0.48300 0.33875 0.48529 0.31913 0.48958 0.30788 0.49244 0.31093 0.49930 0.31379 0.51417 0.31570 0.53503 0.31855 0.54904
4 0.14019 0.36634 0.13687 0.39948 0.14055 0.42157 0.14976 0.44091 0.16412 0.47350 0.17701 0.49394 0.19322 0.49781 0.21126 0.48897 0.23594 0.47295 0.25251 0.45748 0.24920 0.44699 0.24772 0.42765 0.25030 0.39285 0.24883 0.37297 0.23851 0.35418 0.23225 0.33595 0.21642 0.30447 0.19322 0.27740 0.17444 0.28016 0.16081 0.29563 0.15160 0.32601 0.14019 0.36634
4 0.76073 0.34921 0.74674 0.37904 0.74857 0.41219 0.74636 0.45085 0.75005 0.46135 0.75925 0.46301 0.77693 0.47350 0.78172 0.47295 0.79313 0.48400 0.80124 0.48952 0.81265 0.49063 0.82223 0.49394 0.83843 0.47461 0.85390 0.44036 0.86458 0.41716 0.86716 0.39838 0.86200 0.36357 0.84801 0.31496 0.83843 0.28458 0.82812 0.26082 0.81818 0.25696 0.79865 0.26857 0.78024 0.29065 0.77030 0.31109 0.76073 0.34921
4 0.85078 0.50297 0.85307 0.51497 0.85398 0.52973 0.85467 0.54242 0.85444 0.55374 0.85718 0.55682 0.86405 0.56334 0.87342 0.56677 0.88097 0.56814 0.88852 0.56369 0.89354 0.55580 0.89766 0.54619 0.89995 0.53247 0.90040 0.52184 0.89949 0.51017 0.89880 0.49611 0.89675 0.48719 0.89515 0.47964 0.89377 0.47244 0.89240 0.46524 0.89126 0.47038 0.88920 0.47622 0.88600 0.48170 0.88142 0.48650 0.87777 0.48994 0.87022 0.49131 0.86313 0.48994 0.85856 0.48925 0.85650 0.48513 0.85490 0.48616 0.84964 0.48822 0.84461 0.48822 0.84095 0.48719 0.84369 0.49131 0.84758 0.49577 0.85078 0.50297
4 0.24747 0.43602 0.25320 0.46084 0.26720 0.47897 0.31111 0.49234 0.34865 0.48279 0.35820 0.47325 0.35565 0.45416 0.35756 0.41025 0.36329 0.37158 0.34611 0.33675 0.32562 0.31633 0.29711 0.30906 0.27229 0.31861 0.26020 0.33579 0.25193 0.37207 0.24747 0.43602
4 0.90457 0.40397 0.90336 0.41310 0.90148 0.42383 0.89983 0.43344 0.89768 0.44349 0.89611 0.45004 0.89531 0.45361 0.89650 0.45519 0.89890 0.45519 0.90365 0.45361 0.90868 0.45063 0.91198 0.44726 0.91490 0.44328 0.91795 0.43615 0.92032 0.42960 0.92217 0.42185 0.92364 0.41571 0.92430 0.40953 0.92455 0.40298 0.92508 0.39643 0.92535 0.38929 0.92613 0.38175 0.92657 0.37595 0.92775 0.36785 0.92963 0.36110 0.93185 0.35396 0.93251 0.34734 0.93361 0.34240 0.93450 0.33925 0.93494 0.33478 0.93549 0.33146 0.93107 0.33678 0.92380 0.34470 0.91696 0.35214 0.91145 0.35859 0.90903 0.36192 0.90720 0.36648 0.90720 0.37540 0.90674 0.38603 0.90582 0.39598 0.90457 0.40397
4 0.50772 0.37517 0.50330 0.42268 0.49925 0.48621 0.50441 0.50002 0.52393 0.50941 0.56554 0.50831 0.60200 0.50831 0.62704 0.50554 0.63956 0.49339 0.64398 0.47461 0.64251 0.41550 0.63441 0.35253 0.62226 0.31163 0.60384 0.28292 0.58175 0.27022 0.56591 0.27961 0.54897 0.29894 0.52761 0.32601 0.51362 0.34921 0.50772 0.37517
4 0.48055 0.54042 0.48325 0.54995 0.48690 0.55781 0.48928 0.56615 0.49214 0.57496 0.49643 0.58354 0.49929 0.59188 0.50326 0.59926 0.50611 0.60307 0.50945 0.60545 0.51485 0.60688 0.52469 0.60498 0.53057 0.60141 0.53613 0.59474 0.54058 0.58711 0.54439 0.57377 0.54645 0.56425 0.54899 0.55472 0.55185 0.54852 0.55757 0.53566 0.56154 0.52565 0.56312 0.51803 0.56138 0.51017 0.55963 0.50898 0.53994 0.50970 0.52438 0.51017 0.51834 0.50708 0.51104 0.50326 0.50611 0.50136 0.50310 0.49898 0.50151 0.49278 0.50056 0.48945 0.49960 0.49564 0.49976 0.50064 0.49834 0.50350 0.49294 0.50375 0.48579 0.50445 0.47785 0.50541 0.47832 0.50850 0.47832 0.51375 0.47785 0.52280 0.47880 0.53232 0.48055 0.54042
4 0.67253 0.56581 0.67550 0.58228 0.67733 0.59257 0.68442 0.60697 0.68922 0.61658 0.69631 0.62069 0.70385 0.62447 0.71369 0.62858 0.72215 0.63030 0.73130 0.62069 0.73381 0.60972 0.73861 0.58777 0.74547 0.55621 0.75142 0.52602 0.75554 0.50407 0.75714 0.48829 0.75691 0.47422 0.75462 0.46428 0.75165 0.46016 0.74845 0.45639 0.74753 0.45262 0.74616 0.46256 0.74342 0.47320 0.73861 0.48315 0.72902 0.48692 0.72147 0.49411 0.71232 0.49687 0.69905 0.49549 0.68716 0.49035 0.67801 0.48760 0.67207 0.48554 0.66818 0.48486 0.66818 0.49481 0.66406 0.50681 0.65880 0.51333 0.65972 0.51779 0.66292 0.52602 0.66704 0.53974 0.67070 0.55415 0.67253 0.56581
4 0.86578 0.38315 0.86670 0.40236 0.86304 0.42226 0.85664 0.43495 0.84955 0.44867 0.84360 0.46205 0.83743 0.47508 0.83377 0.48057 0.83765 0.48434 0.84429 0.48812 0.84932 0.48846 0.85641 0.48434 0.86395 0.46788 0.87264 0.44627 0.87767 0.42534 0.88339 0.40168 0.88591 0.37801 0.88545 0.35948 0.88385 0.34268 0.88225 0.32964 0.87767 0.32655 0.87219 0.32827 0.86716 0.33273 0.86030 0.33753 0.85664 0.34302 0.85915 0.35194 0.86235 0.36394 0.86578 0.38315
4 0.64325 0.40169 0.64251 0.42765 0.64325 0.47185 0.65061 0.48289 0.66903 0.48400 0.67492 0.48510 0.70143 0.49560 0.71727 0.49670 0.72832 0.48676 0.73789 0.48289 0.74415 0.46963 0.74820 0.42599 0.74563 0.37517 0.73053 0.31716 0.70954 0.30778 0.68412 0.31385 0.66534 0.33319 0.65208 0.35308 0.64582 0.37573 0.64325 0.40169
4 0.57713 0.59736 0.58098 0.60724 0.59360 0.61465 0.60705 0.61506 0.62186 0.60518 0.63586 0.58254 0.64985 0.54468 0.65863 0.51997 0.66577 0.49940 0.66687 0.48581 0.65479 0.48293 0.64629 0.47882 0.64382 0.47758 0.64135 0.49075 0.63476 0.49940 0.62378 0.50639 0.60101 0.50927 0.58180 0.51092 0.57247 0.50969 0.56451 0.50927 0.56451 0.51339 0.56780 0.52986 0.57110 0.54879 0.57329 0.56320 0.57713 0.59736
4 0.40449 0.58279 0.40838 0.59411 0.42187 0.60612 0.43490 0.61160 0.44497 0.61126 0.45228 0.60783 0.45777 0.59754 0.46257 0.58005 0.46806 0.56255 0.47035 0.55329 0.47081 0.54952 0.47241 0.54266 0.47378 0.53820 0.47561 0.53305 0.47652 0.52482 0.47698 0.51762 0.47812 0.50835 0.47767 0.50630 0.47012 0.50595 0.45251 0.50698 0.43193 0.50733 0.41432 0.50698 0.39992 0.50493 0.39191 0.50287 0.38985 0.50252 0.39031 0.50561 0.39260 0.52173 0.39648 0.54266 0.40014 0.56255 0.40449 0.58279
4 0.05336 0.49015 0.05088 0.50616 0.05241 0.51759 0.05527 0.52931 0.05908 0.53789 0.06727 0.54275 0.07490 0.54532 0.08328 0.54618 0.08938 0.54532 0.09700 0.54103 0.10329 0.53675 0.10577 0.53360 0.10691 0.52303 0.10767 0.50330 0.11225 0.48672 0.11549 0.47586 0.11587 0.47186 0.11148 0.46614 0.10729 0.46728 0.10234 0.47072 0.09586 0.46957 0.08957 0.46814 0.08709 0.46443 0.08138 0.45785 0.07928 0.45242 0.07737 0.44670 0.07566 0.44099 0.07242 0.43470 0.06899 0.43412 0.06422 0.43498 0.06041 0.44527 0.05736 0.46014 0.05527 0.47443 0.05336 0.49015
4 0.22061 0.54458 0.21832 0.56379 0.21603 0.57751 0.21672 0.59432 0.21672 0.60323 0.21740 0.60529 0.22266 0.61524 0.23067 0.62382 0.23982 0.62484 0.25125 0.61901 0.25948 0.61455 0.26634 0.60838 0.27412 0.60186 0.27640 0.60015 0.28075 0.59603 0.29081 0.58677 0.30042 0.57305 0.31048 0.55967 0.31620 0.54938 0.31505 0.53052 0.31299 0.51611 0.31185 0.50479 0.30911 0.49484 0.29859 0.49002 0.28396 0.48490 0.26292 0.47597 0.25514 0.46534 0.25056 0.46191 0.24530 0.46225 0.23707 0.47392 0.23295 0.48832 0.22815 0.50856 0.22610 0.52263 0.22061 0.54458
4 0.08183 0.34263 0.07669 0.33862 0.07173 0.33433 0.06697 0.33062 0.06544 0.33491 0.06411 0.34577 0.06354 0.35949 0.06373 0.37064 0.06506 0.38579 0.06678 0.40380 0.07059 0.42438 0.07821 0.44839 0.08793 0.46440 0.09250 0.46697 0.10317 0.46983 0.11061 0.46440 0.10927 0.45982 0.10832 0.45554 0.10622 0.45182 0.10165 0.43753 0.09898 0.42495 0.09670 0.41237 0.09403 0.39922 0.09212 0.38264 0.09136 0.36864 0.09174 0.35806 0.09079 0.35292 0.08698 0.34806 0.08183 0.34263
4 0.14325 0.52446 0.14298 0.53599 0.14298 0.54751 0.14325 0.55328 0.14353 0.56439 0.14600 0.57098 0.14819 0.58415 0.15066 0.59444 0.15286 0.60596 0.15533 0.61420 0.15862 0.61667 0.16576 0.61543 0.17124 0.61461 0.17838 0.60967 0.18496 0.59855 0.19073 0.58785 0.19759 0.57797 0.20719 0.56810 0.21323 0.56192 0.21789 0.55904 0.22091 0.54505 0.22338 0.52858 0.22668 0.51459 0.22887 0.50347 0.23079 0.49524 0.22558 0.49318 0.21789 0.49112 0.21460 0.48906 0.20664 0.49318 0.19814 0.49647 0.19292 0.49812 0.18524 0.49688 0.17536 0.49195 0.17179 0.48659 0.16383 0.47136 0.15890 0.46231 0.15588 0.46066 0.15094 0.47466 0.14545 0.49730 0.14325 0.51294 0.14325 0.52446
4 0.05720 0.33492 0.05244 0.32992 0.04847 0.32396 0.04275 0.32110 0.03370 0.31300 0.02735 0.30610 0.02607 0.30777 0.02671 0.31825 0.03020 0.33063 0.03370 0.34659 0.03751 0.36541 0.03973 0.38209 0.04132 0.39447 0.04577 0.40662 0.04910 0.41591 0.05530 0.42473 0.06308 0.43306 0.06927 0.43354 0.07308 0.43235 0.07149 0.42639 0.06880 0.41281 0.06641 0.40210 0.06514 0.38590 0.06355 0.36946 0.06355 0.35565 0.06355 0.34612 0.06197 0.34230 0.06133 0.34016 0.05720 0.33492
4 0.88489 0.38820 0.88145 0.41023 0.87589 0.43485 0.86808 0.45966 0.86160 0.47396 0.85684 0.48289 0.85657 0.48567 0.85670 0.48686 0.85909 0.48884 0.86795 0.49123 0.87629 0.48984 0.88423 0.48309 0.88913 0.47435 0.89270 0.46383 0.89693 0.44676 0.90117 0.42552 0.90435 0.40587 0.90593 0.39356 0.90752 0.37688 0.90686 0.36319 0.90607 0.35505 0.90421 0.35029 0.90090 0.35148 0.89627 0.35505 0.89204 0.36021 0.88794 0.36478 0.88635 0.36855 0.88661 0.37073 0.88661 0.37530 0.88489 0.38820
