4 0.49892 0.50324 0.50207 0.46576 0.50392 0.42327 0.50242 0.38176 0.49593 0.33565 0.47512 0.30895 0.44712 0.28752 0.41431 0.28803 0.39109 0.30933 0.37606 0.33865 0.36880 0.37765 0.36058 0.42324 0.35869 0.46684 0.36465 0.47534 0.38383 0.49591 0.41704 0.50536 0.46349 0.50477 0.49892 0.50324
4 0.76612 0.59792 0.76915 0.60946 0.77196 0.61643 0.77508 0.62540 0.78067 0.63447 0.78550 0.63835 0.79283 0.64118 0.79894 0.64111 0.80329 0.63668 0.81024 0.61777 0.81586 0.59880 0.82044 0.57693 0.82356 0.55845 0.82448 0.53760 0.82473 0.51959 0.82422 0.50699 0.82334 0.50467 0.81823 0.50363 0.81012 0.50106 0.80232 0.50050 0.79858 0.49837 0.79113 0.49352 0.78671 0.48879 0.78290 0.48353 0.77815 0.48305 0.77421 0.48093 0.76852 0.48045 0.76337 0.48598 0.75879 0.49098 0.75765 0.49665 0.75660 0.50491 0.75539 0.51202 0.75335 0.52139 0.75083 0.53360 0.74822 0.54266 0.75148 0.55307 0.75464 0.56634 0.75759 0.57474 0.76288 0.58693 0.76612 0.59792
4 0.10472 0.54571 0.10463 0.55438 0.10497 0.56074 0.10594 0.56554 0.10757 0.56893 0.11121 0.56930 0.11548 0.56969 0.11963 0.56935 0.12424 0.56475 0.13110 0.55951 0.13462 0.55415 0.13888 0.54595 0.14092 0.54197 0.14192 0.53152 0.14245 0.52105 0.14277 0.51177 0.14315 0.50105 0.14429 0.49108 0.14687 0.48092 0.14907 0.47242 0.15191 0.46394 0.15521 0.45595 0.15695 0.45172 0.15291 0.45348 0.14479 0.45868 0.13907 0.46325 0.13324 0.46638 0.12806 0.46882 0.12505 0.46872 0.12179 0.46646 0.12062 0.46356 0.11830 0.46181 0.11765 0.46203 0.11369 0.47095 0.11114 0.48015 0.10834 0.48768 0.10709 0.49598 0.10599 0.50476 0.10491 0.51306 0.10355 0.52017 0.10292 0.52444 0.10397 0.53544 0.10472 0.54571
4 0.82936 0.60422 0.83390 0.61095 0.83797 0.61996 0.84103 0.62493 0.84254 0.62556 0.84538 0.61507 0.84824 0.59887 0.85036 0.58178 0.85180 0.56238 0.85224 0.54981 0.85184 0.53950 0.85192 0.53150 0.85012 0.51770 0.84651 0.50642 0.83785 0.49782 0.83222 0.49505 0.82313 0.50418 0.82461 0.51109 0.82481 0.52168 0.82464 0.53741 0.82390 0.55311 0.82335 0.56339 0.82224 0.57336 0.82047 0.58045 0.82155 0.58764 0.82512 0.59463 0.82936 0.60422
4 0.09855 0.33644 0.09643 0.35021 0.09625 0.36453 0.09731 0.38138 0.10125 0.40079 0.10264 0.41764 0.10732 0.43461 0.11217 0.44664 0.11830 0.45970 0.12490 0.46883 0.13188 0.46710 0.13859 0.46387 0.14506 0.45768 0.15078 0.45441 0.15620 0.45016 0.15869 0.44481 0.15601 0.43680 0.15292 0.43076 0.14717 0.41623 0.14396 0.40426 0.14183 0.38985 0.14231 0.37603 0.14332 0.36618 0.14163 0.35772 0.13370 0.34904 0.12712 0.33942 0.12065 0.32634 0.11537 0.31726 0.10879 0.30764 0.10397 0.30401 0.10314 0.30893 0.10281 0.31830 0.10058 0.32564 0.09855 0.33644
4 0.35557 0.58893 0.36700 0.57302 0.37218 0.55032 0.37815 0.53223 0.38353 0.52012 0.38780 0.50682 0.38888 0.49799 0.37901 0.49107 0.37088 0.48364 0.36476 0.47885 0.36095 0.47328 0.35724 0.47029 0.34802 0.47769 0.33937 0.47967 0.31960 0.48327 0.30826 0.48574 0.31107 0.49270 0.31341 0.50766 0.31459 0.52858 0.31695 0.54267 0.31820 0.55073 0.32282 0.56576 0.32943 0.57858 0.33872 0.58548 0.34717 0.58921 0.35557 0.58893
4 0.19348 0.48710 0.21182 0.47890 0.23704 0.46375 0.25414 0.44887 0.25120 0.43827 0.25040 0.41889 0.25419 0.38420 0.25341 0.36428 0.24376 0.34515 0.23814 0.32671 0.22342 0.29469 0.20117 0.26683 0.18231 0.26893 0.16815 0.28391 0.15789 0.31396 0.14507 0.35386 0.14060 0.38687 0.14351 0.40908 0.15204 0.42873 0.16525 0.46180 0.17742 0.48267 0.19348 0.48710
4 0.77769 0.48318 0.78249 0.48280 0.79351 0.49424 0.80142 0.50004 0.81279 0.50154 0.82224 0.50519 0.83911 0.48643 0.85576 0.45275 0.86725 0.42993 0.87048 0.41125 0.86654 0.37629 0.85425 0.32722 0.84574 0.29652 0.83627 0.27242 0.82647 0.26821 0.80654 0.27913 0.78738 0.30056 0.77673 0.32064 0.76583 0.35840 0.75081 0.38772 0.75149 0.42091 0.74793 0.45948 0.75124 0.47010 0.76039 0.47208 0.77769 0.48318
4 0.86161 0.57601 0.87086 0.57976 0.87836 0.58139 0.88606 0.57721 0.89136 0.56950 0.89581 0.56004 0.89857 0.54641 0.89940 0.53580 0.89889 0.52411 0.89870 0.51003 0.89695 0.50105 0.89562 0.49345 0.89450 0.48620 0.89338 0.47895 0.89205 0.48406 0.88979 0.48981 0.88640 0.49519 0.88166 0.49982 0.87789 0.50313 0.87030 0.50423 0.86326 0.50261 0.85871 0.50177 0.85680 0.49758 0.85517 0.49855 0.84984 0.50043 0.84481 0.50025 0.84119 0.49910 0.84379 0.50331 0.84752 0.50790 0.85046 0.51521 0.85233 0.52729 0.85273 0.54206 0.85297 0.55477 0.85235 0.56607 0.85498 0.56925 0.86161 0.57601
4 0.35734 0.44915 0.36078 0.40533 0.36786 0.36688 0.35190 0.33148 0.33214 0.31035 0.30389 0.30210 0.27876 0.31077 0.26608 0.32752 0.25654 0.36349 0.24986 0.42725 0.25472 0.45225 0.26808 0.47086 0.31149 0.48575 0.34935 0.47752 0.35922 0.46832 0.35734 0.44915
4 0.89668 0.46743 0.89782 0.46905 0.90022 0.46914 0.90502 0.46773 0.91016 0.46492 0.91357 0.46167 0.91663 0.45780 0.91992 0.45077 0.92253 0.44431 0.92465 0.43663 0.92632 0.43054 0.92720 0.42439 0.92768 0.41786 0.92844 0.41132 0.92896 0.40421 0.93000 0.39669 0.93064 0.39091 0.93211 0.38286 0.93422 0.37618 0.93668 0.36912 0.93758 0.36253 0.93885 0.35763 0.93985 0.35451 0.94044 0.35006 0.94110 0.34676 0.93651 0.35192 0.92896 0.35958 0.92187 0.36678 0.91614 0.37304 0.91360 0.37628 0.91161 0.38077 0.91130 0.38969 0.91047 0.40030 0.90921 0.41021 0.90767 0.41815 0.90614 0.42723 0.90389 0.43789 0.90191 0.44744 0.89941 0.45740 0.89761 0.46390 0.89668 0.46743
4 0.60165 0.51186 0.62677 0.50997 0.63971 0.49826 0.64478 0.47965 0.64537 0.42053 0.63947 0.35731 0.62876 0.31601 0.61135 0.28668 0.58972 0.27321 0.57356 0.28204 0.55596 0.30077 0.53367 0.32708 0.51887 0.34978 0.51207 0.37552 0.50600 0.42284 0.49973 0.48619 0.50440 0.50017 0.52358 0.51024 0.56521 0.51059 0.60165 0.51186
4 0.49608 0.59179 0.49979 0.59931 0.50251 0.60322 0.50576 0.60572 0.51111 0.60734 0.52102 0.60578 0.52701 0.60241 0.53280 0.59594 0.53751 0.58848 0.54179 0.57528 0.54418 0.56583 0.54705 0.55639 0.55012 0.55030 0.55629 0.53765 0.56060 0.52779 0.56246 0.52023 0.56099 0.51231 0.55928 0.51106 0.53958 0.51108 0.52401 0.51102 0.51808 0.50771 0.51092 0.50365 0.50606 0.50157 0.50313 0.49908 0.50176 0.49284 0.50092 0.48947 0.49975 0.49563 0.49974 0.50063 0.49822 0.50344 0.49281 0.50350 0.48564 0.50395 0.47767 0.50463 0.47804 0.50774 0.47786 0.51298 0.47707 0.52201 0.47768 0.53156 0.47915 0.53972 0.48151 0.54934 0.48489 0.55732 0.48698 0.56574 0.48953 0.57464 0.49351 0.58336 0.49608 0.59179
4 0.69939 0.63151 0.70907 0.63596 0.71747 0.63797 0.72694 0.62869 0.72984 0.61781 0.73541 0.59604 0.74336 0.56474 0.75036 0.53478 0.75524 0.51298 0.75739 0.49727 0.75765 0.48320 0.75571 0.47318 0.75289 0.46897 0.74982 0.46508 0.74903 0.46128 0.74732 0.47118 0.74421 0.48172 0.73905 0.49149 0.72933 0.49493 0.72154 0.50184 0.71230 0.50428 0.69909 0.50244 0.68738 0.49688 0.67834 0.49382 0.67247 0.49156 0.66861 0.49074 0.66826 0.50068 0.66373 0.51253 0.65824 0.51886 0.65900 0.52335 0.66191 0.53169 0.66555 0.54555 0.66870 0.56007 0.67012 0.57179 0.67252 0.58835 0.67399 0.59870 0.68057 0.61334 0.68503 0.62311 0.69198 0.62747 0.69939 0.63151
4 0.83809 0.48687 0.83424 0.49223 0.83800 0.49614 0.84449 0.50014 0.84951 0.50066 0.85674 0.49679 0.86485 0.48060 0.87429 0.45930 0.88005 0.43857 0.88659 0.41512 0.88993 0.39155 0.89012 0.37302 0.88911 0.35617 0.88796 0.34308 0.88350 0.33984 0.87795 0.34136 0.87277 0.34564 0.86575 0.35020 0.86190 0.35556 0.86410 0.36456 0.86688 0.37667 0.86964 0.39599 0.86988 0.41522 0.86553 0.43497 0.85869 0.44743 0.85113 0.46090 0.84472 0.47406 0.83809 0.48687
4 0.70147 0.50263 0.71725 0.50429 0.72864 0.49473 0.73834 0.49121 0.74507 0.47817 0.75064 0.43470 0.74983 0.38382 0.73677 0.32531 0.71612 0.31521 0.69051 0.32039 0.67106 0.33906 0.65712 0.35847 0.65007 0.38089 0.64659 0.40675 0.64495 0.43267 0.64414 0.47686 0.65112 0.48816 0.66948 0.48991 0.67533 0.49122 0.70147 0.50263
4 0.64820 0.54988 0.65784 0.52550 0.66569 0.50518 0.66726 0.49164 0.65530 0.48834 0.64694 0.48393 0.64451 0.48261 0.64158 0.49569 0.63470 0.50410 0.62348 0.51071 0.60062 0.51280 0.58137 0.51377 0.57209 0.51221 0.56415 0.51152 0.56400 0.51563 0.56672 0.53220 0.56935 0.55124 0.57104 0.56572 0.57369 0.60000 0.57718 0.61000 0.58954 0.61785 0.60296 0.61873 0.61812 0.60937 0.63290 0.58724 0.64820 0.54988
4 0.45439 0.59601 0.45980 0.57869 0.46590 0.56140 0.46851 0.55222 0.46910 0.54847 0.47093 0.54167 0.47246 0.53726 0.47447 0.53218 0.47567 0.52398 0.47638 0.51680 0.47785 0.50759 0.47746 0.50552 0.46993 0.50491 0.45230 0.50532 0.43172 0.50495 0.41413 0.50399 0.39980 0.50143 0.39188 0.49909 0.38983 0.49868 0.39018 0.50178 0.39190 0.51797 0.39506 0.53902 0.39802 0.55903 0.40166 0.57941 0.40515 0.59085 0.41821 0.60333 0.43105 0.60927 0.44112 0.60927 0.44855 0.60610 0.45439 0.59601
4 0.07357 0.53046 0.08192 0.53161 0.08805 0.53096 0.09582 0.52695 0.10225 0.52288 0.10484 0.51982 0.10635 0.50929 0.10780 0.48961 0.11295 0.47320 0.11656 0.46245 0.11708 0.45847 0.11290 0.45260 0.10867 0.45360 0.10360 0.45685 0.09717 0.45548 0.09093 0.45384 0.08859 0.45004 0.08310 0.44327 0.08120 0.43776 0.07949 0.43199 0.07798 0.42621 0.07496 0.41981 0.07155 0.41912 0.06676 0.41981 0.06259 0.42997 0.05903 0.44471 0.05643 0.45892 0.05398 0.47457 0.05094 0.49048 0.05207 0.50196 0.05452 0.51377 0.05803 0.52248 0.06604 0.52762 0.07357 0.53046
4 0.21881 0.60549 0.22651 0.61434 0.23562 0.61569 0.24725 0.61026 0.25563 0.60609 0.26270 0.60016 0.27070 0.59392 0.27305 0.59228 0.27753 0.58832 0.28791 0.57942 0.29799 0.56604 0.30851 0.55302 0.31458 0.54294 0.31410 0.52404 0.31255 0.50957 0.31180 0.49822 0.30940 0.48818 0.29906 0.48300 0.28462 0.47737 0.26390 0.46771 0.25650 0.45682 0.25205 0.45323 0.24678 0.45339 0.23814 0.46476 0.23352 0.47901 0.22802 0.49907 0.22547 0.51305 0.21922 0.53480 0.21627 0.55392 0.21350 0.56755 0.21360 0.58437 0.21329 0.59329 0.21390 0.59537 0.21881 0.60549
4 0.06871 0.34434 0.06851 0.35549 0.06931 0.37068 0.07040 0.38874 0.07349 0.40944 0.08027 0.43370 0.08943 0.45004 0.09391 0.45277 0.10447 0.45600 0.11209 0.45083 0.11091 0.44621 0.11011 0.44190 0.10815 0.43811 0.10408 0.42366 0.10185 0.41100 0.10000 0.39835 0.09779 0.38512 0.09647 0.36848 0.09619 0.35446 0.09694 0.34390 0.09617 0.33872 0.09253 0.33374 0.08758 0.32813 0.08258 0.32395 0.07778 0.31949 0.07314 0.31561 0.07147 0.31984 0.06976 0.33065 0.06871 0.34434
4 0.14547 0.57182 0.14758 0.58219 0.14937 0.59378 0.15155 0.60210 0.15476 0.60468 0.16193 0.60370 0.16745 0.60307 0.17475 0.59838 0.18172 0.58750 0.18785 0.57701 0.19505 0.56737 0.20499 0.55784 0.21124 0.55188 0.21601 0.54916 0.21951 0.53528 0.22255 0.51891 0.22633 0.50504 0.22892 0.49401 0.23112 0.48585 0.22598 0.48361 0.21838 0.48128 0.21516 0.47911 0.20706 0.48295 0.19844 0.48594 0.19318 0.48740 0.18554 0.48590 0.17584 0.48062 0.17246 0.47515 0.16504 0.45965 0.16042 0.45043 0.15746 0.44867 0.15203 0.46249 0.14576 0.48492 0.14302 0.50048 0.14262 0.51200 0.14194 0.52351 0.14154 0.53502 0.14161 0.54080 0.14150 0.55191 0.14374 0.55858 0.14547 0.57182
4 0.03307 0.29134 0.03334 0.30184 0.03640 0.31434 0.03934 0.33041 0.04249 0.34935 0.04413 0.36610 0.04528 0.37853 0.04930 0.39082 0.05231 0.40023 0.05819 0.40925 0.06568 0.41786 0.07185 0.41855 0.07570 0.41749 0.07432 0.41148 0.07210 0.39782 0.07009 0.38702 0.06939 0.37079 0.06838 0.35431 0.06886 0.34050 0.06919 0.33098 0.06774 0.32711 0.06717 0.32495 0.06323 0.31957 0.05865 0.31440 0.05489 0.30831 0.04927 0.30526 0.04051 0.29685 0.03440 0.28972 0.03307 0.29134
4 0.85686 0.49812 0.85695 0.49932 0.85926 0.50138 0.86804 0.50407 0.87642 0.50298 0.88459 0.49651 0.88978 0.48795 0.89372 0.47756 0.89855 0.46064 0.90352 0.43956 0.90738 0.42004 0.90940 0.40779 0.91157 0.39118 0.91139 0.37747 0.91088 0.36931 0.90919 0.36448 0.90584 0.36556 0.90109 0.36897 0.89668 0.37398 0.89242 0.37840 0.89070 0.38211 0.89089 0.38430 0.89073 0.38887 0.88856 0.40170 0.88435 0.42360 0.87794 0.44801 0.86927 0.47253 0.86229 0.48659 0.85722 0.49535 0.85686 0.49812
