4 0.70171 0.47928 0.69924 0.48612 0.69661 0.49178 0.69352 0.49481 0.69203 0.49704 0.69379 0.50024 0.69765 0.50220 0.70314 0.50223 0.70689 0.49991 0.71067 0.50128 0.71723 0.50296 0.72296 0.49993 0.72745 0.49607 0.73091 0.49030 0.73419 0.47487 0.73571 0.46104 0.73744 0.44810 0.73901 0.43400 0.74011 0.42404 0.74096 0.41431 0.74156 0.40001 0.74147 0.39178 0.73828 0.38289 0.73612 0.37677 0.73435 0.37074 0.73142 0.37011 0.72762 0.37270 0.72466 0.37802 0.72245 0.38264 0.72009 0.38610 0.71655 0.39413 0.71456 0.39965 0.71293 0.40638 0.71285 0.41825 0.71214 0.42829 0.71063 0.43730 0.70739 0.45445 0.70424 0.46737 0.70171 0.47928
4 0.56980 0.72345 0.57588 0.72334 0.58306 0.72093 0.58803 0.71468 0.59486 0.70349 0.60140 0.69420 0.60842 0.68005 0.61322 0.66955 0.61880 0.64787 0.61990 0.63191 0.61652 0.62153 0.60882 0.61118 0.59979 0.60898 0.58891 0.60976 0.58082 0.61440 0.57156 0.62148 0.56921 0.62637 0.56705 0.63462 0.56293 0.64640 0.56019 0.66408 0.55849 0.68536 0.56027 0.69220 0.56180 0.69927 0.56184 0.71333 0.56432 0.71976 0.56980 0.72345
4 0.65837 0.70636 0.66037 0.71132 0.66396 0.71547 0.66745 0.71820 0.67233 0.71725 0.67698 0.71456 0.68114 0.70837 0.68580 0.69606 0.68930 0.68435 0.69243 0.67058 0.69396 0.65958 0.69621 0.64704 0.69717 0.62913 0.69627 0.61903 0.69504 0.61141 0.69177 0.60760 0.68466 0.60467 0.67767 0.60404 0.67077 0.60682 0.66839 0.60942 0.66485 0.61263 0.66129 0.61697 0.66034 0.62526 0.65960 0.63161 0.65920 0.63634 0.65925 0.64569 0.65822 0.65821 0.65736 0.66992 0.65608 0.67785 0.65426 0.68737 0.65507 0.69123 0.65564 0.69814 0.65837 0.70636
4 0.42510 0.70310 0.43050 0.70143 0.43672 0.69882 0.44239 0.69019 0.44927 0.67591 0.45304 0.66574 0.45925 0.64796 0.46467 0.63197 0.46982 0.61536 0.47081 0.60405 0.46972 0.59679 0.46456 0.59064 0.45275 0.58728 0.44424 0.58547 0.43608 0.58488 0.43267 0.58667 0.42892 0.58812 0.42573 0.59362 0.42387 0.60335 0.42207 0.62039 0.41939 0.64343 0.41772 0.66078 0.41575 0.67104 0.41537 0.68613 0.42013 0.69698 0.42510 0.70310
4 0.32227 0.62250 0.32104 0.63966 0.32134 0.65631 0.32728 0.66544 0.33290 0.66945 0.34122 0.66644 0.34975 0.66150 0.35901 0.65026 0.36750 0.64167 0.36869 0.62562 0.37092 0.60755 0.37317 0.59313 0.37526 0.58233 0.37908 0.57387 0.37115 0.56460 0.36306 0.55894 0.35739 0.55802 0.35182 0.55571 0.34482 0.55535 0.33555 0.56096 0.32877 0.56908 0.32465 0.58563 0.32489 0.59777 0.32227 0.62250
4 0.48250 0.47096 0.48780 0.46772 0.49149 0.45941 0.49599 0.43607 0.50363 0.40308 0.50510 0.38491 0.50463 0.36348 0.50070 0.35163 0.49483 0.34199 0.48353 0.33796 0.46541 0.33908 0.45568 0.34551 0.44478 0.36964 0.43023 0.40851 0.42419 0.43695 0.42480 0.45573 0.43256 0.46262 0.44291 0.46715 0.45498 0.46814 0.46828 0.47062 0.48250 0.47096
4 0.37895 0.44948 0.39081 0.45453 0.39675 0.45607 0.40751 0.45583 0.41518 0.45493 0.41925 0.44905 0.42378 0.44299 0.42340 0.43335 0.42594 0.41759 0.42954 0.40065 0.43275 0.38082 0.43154 0.35892 0.42603 0.34398 0.41914 0.33549 0.40976 0.33209 0.40343 0.33524 0.39797 0.34476 0.39456 0.35415 0.38985 0.36777 0.38538 0.38593 0.37813 0.40294 0.37459 0.41961 0.37320 0.43561 0.37508 0.44388 0.37895 0.44948
4 0.51135 0.47735 0.52007 0.47991 0.53042 0.48187 0.54167 0.48286 0.54932 0.48332 0.55599 0.47888 0.55948 0.47353 0.56391 0.46300 0.56873 0.44271 0.57146 0.40769 0.57152 0.38124 0.57156 0.36836 0.56874 0.35629 0.56247 0.34933 0.55470 0.34628 0.54620 0.34588 0.53959 0.35079 0.53075 0.35594 0.52074 0.36343 0.51090 0.38357 0.50398 0.40107 0.49647 0.43484 0.49393 0.44835 0.49328 0.46016 0.49443 0.46977 0.49987 0.47350 0.51135 0.47735
4 0.61904 0.71008 0.62409 0.71964 0.62744 0.72341 0.63163 0.72668 0.63658 0.72637 0.64185 0.72342 0.64721 0.71199 0.65161 0.69934 0.65373 0.68824 0.65688 0.67226 0.65806 0.66097 0.65872 0.64752 0.65957 0.63547 0.65992 0.62230 0.65790 0.61576 0.65436 0.61399 0.65163 0.61307 0.64455 0.61190 0.63552 0.61304 0.62427 0.61540 0.61761 0.62146 0.61771 0.62556 0.61922 0.62996 0.62033 0.63393 0.61835 0.65015 0.61499 0.66132 0.61200 0.67427 0.61324 0.68337 0.61558 0.69304 0.61904 0.71008
4 0.51616 0.71205 0.51915 0.71606 0.52290 0.71742 0.52900 0.71534 0.53464 0.70783 0.54267 0.69380 0.54838 0.68304 0.55533 0.66740 0.56000 0.65223 0.56475 0.64032 0.56830 0.62646 0.56783 0.61821 0.56079 0.61138 0.54943 0.60783 0.53733 0.60863 0.52795 0.60890 0.52315 0.61068 0.52036 0.61430 0.51727 0.62123 0.51524 0.63176 0.51340 0.64992 0.51186 0.66477 0.50912 0.68526 0.51044 0.69903 0.51013 0.70712 0.51217 0.70896 0.51616 0.71205
4 0.30484 0.34857 0.30368 0.35403 0.30260 0.35910 0.30119 0.36573 0.29838 0.37206 0.29661 0.37902 0.29495 0.38682 0.29425 0.39563 0.29280 0.40796 0.29092 0.42509 0.29162 0.43421 0.29467 0.44056 0.29836 0.43971 0.30515 0.43953 0.31114 0.43754 0.31749 0.43522 0.32012 0.43252 0.32233 0.43177 0.32490 0.43068 0.32692 0.42948 0.32865 0.42822 0.32952 0.41862 0.32967 0.41376 0.33170 0.40563 0.33485 0.39081 0.33922 0.37299 0.34232 0.35979 0.34204 0.35281 0.34039 0.34267 0.33857 0.33332 0.33549 0.32573 0.32931 0.32035 0.32546 0.31912 0.31891 0.32099 0.31567 0.32519 0.31032 0.33383 0.30754 0.34140 0.30484 0.34857
4 0.69198 0.70418 0.69627 0.70815 0.70354 0.71072 0.71048 0.71253 0.71594 0.71097 0.71988 0.70740 0.72449 0.70294 0.72731 0.69539 0.73027 0.68379 0.73416 0.67239 0.73512 0.66784 0.73841 0.65699 0.73972 0.65081 0.74033 0.64449 0.74162 0.63729 0.74270 0.63107 0.74324 0.62507 0.74369 0.61260 0.74305 0.60872 0.74128 0.60325 0.73800 0.59916 0.73538 0.59656 0.73088 0.59357 0.72513 0.59303 0.71850 0.59434 0.71274 0.59617 0.71071 0.59540 0.70635 0.59175 0.70396 0.58921 0.69911 0.59021 0.69622 0.59232 0.69331 0.59679 0.69106 0.59937 0.68774 0.60002 0.68393 0.59955 0.68169 0.59976 0.68095 0.60096 0.68007 0.60281 0.68393 0.60533 0.68594 0.60508 0.69014 0.60597 0.69330 0.60834 0.69492 0.61106 0.69639 0.61681 0.69732 0.63195 0.69699 0.64615 0.69403 0.66352 0.69116 0.67819 0.68880 0.68584 0.68744 0.69337 0.68930 0.69954 0.69198 0.70418
4 0.73217 0.48540 0.73059 0.49017 0.72757 0.49641 0.72576 0.49760 0.72081 0.50225 0.71850 0.50314 0.71595 0.50318 0.71072 0.50187 0.70755 0.50081 0.70632 0.50192 0.70723 0.50565 0.70796 0.50954 0.71249 0.51483 0.71635 0.51860 0.72309 0.52279 0.72699 0.52393 0.73381 0.52292 0.73792 0.52133 0.74119 0.51924 0.74439 0.51746 0.74920 0.51587 0.75554 0.51378 0.76036 0.51103 0.76566 0.50659 0.76979 0.49878 0.77238 0.48443 0.77419 0.46811 0.77548 0.45103 0.77588 0.44080 0.77498 0.42897 0.77423 0.42472 0.77249 0.41959 0.76986 0.41428 0.76651 0.41227 0.76046 0.41080 0.75556 0.41059 0.75047 0.41460 0.74720 0.41803 0.74325 0.42329 0.74078 0.42826 0.73935 0.43366 0.73836 0.44033 0.73662 0.45450 0.73529 0.46405 0.73423 0.47503 0.73334 0.48054 0.73217 0.48540
4 0.64187 0.49673 0.64825 0.49575 0.65637 0.49123 0.66488 0.48289 0.67095 0.46622 0.67385 0.44596 0.67458 0.43264 0.67632 0.41720 0.67745 0.40066 0.67576 0.38352 0.67410 0.37282 0.67112 0.36770 0.66324 0.36778 0.65615 0.37076 0.64482 0.38514 0.63435 0.40731 0.62637 0.42572 0.62398 0.42970 0.62258 0.44287 0.62107 0.45660 0.61765 0.46738 0.61328 0.47543 0.61734 0.47942 0.62431 0.48558 0.63264 0.49262 0.64187 0.49673
4 0.33925 0.44610 0.34413 0.44882 0.35085 0.44857 0.35928 0.44502 0.36797 0.44124 0.37367 0.43627 0.37370 0.42757 0.37681 0.40631 0.38063 0.39307 0.38527 0.36932 0.38276 0.35642 0.38229 0.34058 0.37630 0.32975 0.37035 0.32259 0.36433 0.32047 0.35957 0.32198 0.35311 0.32764 0.34925 0.33721 0.34349 0.35482 0.33955 0.37338 0.33401 0.39468 0.32951 0.41396 0.32955 0.42802 0.33310 0.43889 0.33925 0.44610
4 0.28113 0.50561 0.27852 0.50642 0.27613 0.50387 0.27044 0.49961 0.26457 0.49734 0.25916 0.49755 0.25319 0.50035 0.24904 0.50491 0.24594 0.50799 0.24518 0.50816 0.24144 0.50737 0.23533 0.50505 0.22854 0.50598 0.22301 0.50787 0.21730 0.51175 0.21129 0.51590 0.20717 0.52148 0.20474 0.52946 0.20159 0.54543 0.19962 0.55588 0.19841 0.56615 0.19815 0.57425 0.19822 0.57970 0.19864 0.58692 0.19954 0.59187 0.20180 0.59846 0.20452 0.60176 0.21014 0.60635 0.21353 0.60877 0.22043 0.61193 0.22557 0.61303 0.23266 0.60842 0.23717 0.60327 0.24188 0.59951 0.24505 0.59611 0.24710 0.57956 0.24971 0.56381 0.25422 0.54949 0.25858 0.53818 0.26363 0.53280 0.26865 0.53217 0.27290 0.53172 0.28144 0.52945 0.28874 0.52727 0.29471 0.52446 0.29725 0.52059 0.29775 0.51594 0.29547 0.51172 0.29221 0.50865 0.28875 0.50655 0.28571 0.50591 0.28113 0.50561
4 0.39947 0.68107 0.40504 0.66342 0.41301 0.63448 0.41773 0.61890 0.42239 0.60078 0.42618 0.58866 0.42438 0.58378 0.42018 0.57980 0.41069 0.57693 0.40293 0.57444 0.39439 0.57375 0.38984 0.57138 0.38334 0.57252 0.37846 0.57739 0.37418 0.58801 0.37181 0.60296 0.37145 0.61890 0.37264 0.63518 0.37319 0.65637 0.37426 0.67318 0.38013 0.68455 0.38438 0.68741 0.39212 0.68709 0.39947 0.68107
4 0.28890 0.52823 0.28095 0.52980 0.27495 0.53179 0.26929 0.53221 0.26274 0.53408 0.26003 0.53717 0.25588 0.54567 0.25219 0.55752 0.24861 0.57021 0.24606 0.58638 0.24413 0.60512 0.24461 0.61664 0.24749 0.62377 0.25080 0.63303 0.25475 0.63510 0.26158 0.63329 0.26743 0.62923 0.27612 0.62007 0.28005 0.61398 0.28256 0.59251 0.28736 0.56581 0.29099 0.55150 0.29467 0.54658 0.29938 0.54513 0.30580 0.54527 0.31098 0.54434 0.31495 0.54355 0.31669 0.54229 0.31583 0.53803 0.31353 0.53509 0.30909 0.53252 0.30550 0.53013 0.30266 0.52830 0.29910 0.52714 0.29388 0.52684 0.28890 0.52823
4 0.66927 0.47083 0.66676 0.47879 0.66545 0.48304 0.66610 0.48572 0.66664 0.48895 0.66885 0.49197 0.67271 0.49675 0.67825 0.49850 0.68247 0.49968 0.68652 0.49884 0.69066 0.49660 0.69330 0.49377 0.69723 0.48866 0.70073 0.48176 0.70440 0.46641 0.70774 0.45070 0.71167 0.43031 0.71274 0.41666 0.71310 0.40344 0.71279 0.38865 0.71140 0.37987 0.70854 0.37417 0.70586 0.37048 0.70261 0.36951 0.69969 0.36889 0.69687 0.36970 0.69332 0.37206 0.69089 0.38060 0.68902 0.38841 0.68467 0.40221 0.68192 0.40842 0.67971 0.41502 0.67778 0.42027 0.67566 0.42832 0.67458 0.43630 0.67334 0.44594 0.67210 0.45558 0.67100 0.46554 0.66927 0.47083
4 0.30526 0.54544 0.30061 0.54527 0.29534 0.54660 0.29158 0.55191 0.28717 0.56850 0.28397 0.58494 0.28139 0.60396 0.27949 0.62393 0.28065 0.63640 0.28257 0.64252 0.28752 0.64683 0.29184 0.64856 0.29948 0.64571 0.30711 0.63877 0.31384 0.62919 0.31942 0.62223 0.32238 0.61796 0.32354 0.61251 0.32452 0.59274 0.32491 0.58263 0.32731 0.57133 0.32965 0.56856 0.33392 0.56091 0.33899 0.55913 0.34301 0.55673 0.34396 0.55367 0.34210 0.55001 0.33943 0.54741 0.33351 0.54492 0.32650 0.54343 0.32075 0.54425 0.31204 0.54525 0.30526 0.54544
4 0.57616 0.48226 0.58861 0.48569 0.59805 0.48691 0.60599 0.48450 0.61086 0.48007 0.61602 0.46965 0.62013 0.45823 0.62293 0.43716 0.62415 0.41888 0.62596 0.40053 0.62616 0.38496 0.62386 0.37471 0.62123 0.36791 0.61389 0.36420 0.60553 0.36515 0.59937 0.36970 0.59306 0.37636 0.58589 0.39357 0.57997 0.40617 0.57397 0.42383 0.56942 0.44394 0.56450 0.46378 0.56307 0.46855 0.56686 0.47521 0.56862 0.47870 0.57616 0.48226
4 0.48113 0.70854 0.48752 0.70035 0.49348 0.69037 0.49910 0.67442 0.50600 0.65144 0.51749 0.61453 0.51725 0.60802 0.51316 0.60349 0.50577 0.60024 0.49005 0.59718 0.48228 0.59666 0.47837 0.59891 0.47248 0.60665 0.46912 0.62055 0.46602 0.63704 0.46524 0.65401 0.46375 0.67337 0.46325 0.69378 0.46551 0.70410 0.47209 0.70831 0.48113 0.70854
4 0.28710 0.31406 0.28234 0.32366 0.27500 0.34144 0.27042 0.35580 0.26584 0.37016 0.26274 0.38318 0.26046 0.39709 0.25830 0.41361 0.25872 0.42125 0.25990 0.42763 0.26447 0.43167 0.27158 0.43177 0.28125 0.42698 0.29019 0.42322 0.29088 0.42313 0.29275 0.40796 0.29442 0.39133 0.29638 0.37972 0.29886 0.36963 0.30088 0.36652 0.30246 0.35908 0.30195 0.35590 0.30126 0.35198 0.30005 0.34889 0.29919 0.34257 0.29866 0.33468 0.30099 0.32291 0.30164 0.31668 0.29864 0.31321 0.29590 0.31098 0.29093 0.31039 0.28710 0.31406
