4 0.33559 0.43205 0.33741 0.43698 0.33922 0.44106 0.34114 0.44615 0.34296 0.45006 0.34556 0.45618 0.34692 0.45873 0.34873 0.46162 0.35157 0.46349 0.35395 0.46298 0.35644 0.45958 0.35735 0.45601 0.35870 0.45228 0.36052 0.44854 0.36199 0.44531 0.36414 0.44140 0.36584 0.43868 0.36777 0.43545 0.36867 0.43239 0.36890 0.42763 0.36788 0.42253 0.36539 0.41880 0.36301 0.41591 0.36074 0.41472 0.34692 0.41353 0.33605 0.41404 0.33174 0.41506 0.33265 0.41897 0.33321 0.42253 0.33423 0.42763 0.33559 0.43205
1 0.57236 0.43827 0.57440 0.43933 0.57590 0.43880 0.58040 0.43894 0.58712 0.43933 0.59128 0.43920 0.59428 0.43827 0.59640 0.43655 0.59888 0.43430 0.60144 0.43151 0.60259 0.42992 0.60215 0.42846 0.59967 0.42860 0.59782 0.43019 0.59517 0.43085 0.59375 0.42621 0.59216 0.42316 0.58739 0.41985 0.58226 0.42091 0.57846 0.42409 0.57608 0.42886 0.57404 0.43297 0.57201 0.43589 0.56918 0.43814 0.57042 0.43920 0.57104 0.43880 0.57236 0.43827
4 0.35492 0.47202 0.35683 0.48154 0.35760 0.48995 0.35493 0.50942 0.35569 0.51725 0.35887 0.52450 0.36295 0.52794 0.36893 0.52985 0.37542 0.53176 0.37924 0.52966 0.38458 0.52394 0.39018 0.51286 0.39336 0.50465 0.39502 0.49740 0.39209 0.48747 0.38776 0.47812 0.38369 0.46380 0.37962 0.45788 0.37771 0.45005 0.37504 0.44605 0.37020 0.44433 0.36651 0.44776 0.36205 0.45177 0.35709 0.45922 0.35544 0.46647 0.35492 0.47202
4 0.54958 0.51114 0.55120 0.51803 0.55037 0.52241 0.55877 0.52318 0.56532 0.52263 0.57202 0.52241 0.57372 0.52152 0.57608 0.51169 0.57902 0.49578 0.57998 0.48728 0.57534 0.48131 0.56908 0.47987 0.55700 0.48374 0.55192 0.49225 0.54713 0.49435 0.54626 0.50269 0.54958 0.51114
1 0.51944 0.45332 0.52313 0.45355 0.52681 0.45399 0.52945 0.45431 0.53277 0.45300 0.53630 0.45265 0.53873 0.45166 0.54021 0.45320 0.54293 0.45431 0.54544 0.45431 0.54795 0.45288 0.55141 0.45089 0.55421 0.44879 0.55501 0.44658 0.55479 0.44349 0.55427 0.44083 0.55273 0.43852 0.55133 0.43698 0.54875 0.43698 0.54838 0.43587 0.54632 0.43453 0.54388 0.43432 0.54116 0.43520 0.53569 0.43629 0.52817 0.43642 0.52278 0.43642 0.52057 0.43761 0.51827 0.43881 0.51730 0.44106 0.51792 0.44385 0.51842 0.44629 0.51727 0.44782 0.51914 0.45022 0.51774 0.45276 0.51944 0.45332
1 0.61894 0.41999 0.62177 0.42477 0.62354 0.42874 0.62575 0.43192 0.62902 0.43564 0.63229 0.43657 0.63405 0.43484 0.63600 0.43272 0.63626 0.43020 0.63741 0.42583 0.63847 0.42371 0.63635 0.41800 0.63450 0.41827 0.63238 0.42159 0.62972 0.42636 0.62583 0.42384 0.62522 0.42079 0.62822 0.41854 0.62990 0.41442 0.62583 0.41297 0.62345 0.41310 0.62186 0.41721 0.62124 0.41920 0.61894 0.41999
1 0.39610 0.44822 0.39747 0.45349 0.39854 0.45464 0.40114 0.45578 0.40129 0.45830 0.40572 0.45807 0.40862 0.45624 0.40954 0.45372 0.41045 0.44982 0.41443 0.44960 0.41626 0.45051 0.41672 0.45051 0.41763 0.45028 0.41825 0.44914 0.41825 0.44753 0.41565 0.44616 0.41336 0.44249 0.40786 0.44066 0.40557 0.44272 0.40572 0.44639 0.40114 0.44845 0.39824 0.44960 0.39610 0.44547 0.39442 0.44570 0.39161 0.44294 0.38785 0.44295 0.38693 0.44616 0.38465 0.44730 0.38862 0.44708 0.39136 0.44593 0.39610 0.44822
4 0.56784 0.44082 0.57226 0.43949 0.57411 0.44016 0.57774 0.43923 0.59188 0.44029 0.59674 0.43698 0.60319 0.43048 0.60487 0.42677 0.60407 0.42001 0.60222 0.41669 0.60019 0.41364 0.59073 0.41603 0.58322 0.41895 0.57783 0.41974 0.57535 0.42610 0.57297 0.43128 0.56846 0.43591 0.56784 0.44082
4 0.60218 0.46018 0.60082 0.46385 0.59933 0.46670 0.59824 0.46894 0.59661 0.47221 0.59593 0.47404 0.59498 0.47649 0.59430 0.47894 0.59280 0.48138 0.59172 0.48444 0.59090 0.48709 0.59022 0.49036 0.59008 0.49362 0.59158 0.49545 0.59430 0.49627 0.59620 0.49627 0.59892 0.49688 0.60300 0.49749 0.60817 0.49912 0.61102 0.50116 0.61333 0.50483 0.61564 0.50810 0.61646 0.50871 0.61755 0.50912 0.61959 0.50728 0.62081 0.50198 0.62108 0.49566 0.62054 0.48587 0.62040 0.47894 0.62054 0.47241 0.62054 0.46670 0.61999 0.46120 0.61931 0.45446 0.61945 0.44876 0.61850 0.44366 0.61483 0.44060 0.61224 0.44060 0.60952 0.44305 0.60776 0.44610 0.60572 0.45059 0.60368 0.45589 0.60218 0.46018
4 0.49677 0.45635 0.49793 0.45937 0.50207 0.45969 0.50387 0.45873 0.50705 0.46255 0.51024 0.46144 0.50896 0.45825 0.51130 0.45412 0.51458 0.45332 0.51745 0.45348 0.51936 0.45460 0.52763 0.45428 0.53039 0.45428 0.53304 0.45762 0.53749 0.45778 0.54089 0.45396 0.54810 0.45332 0.55351 0.44966 0.55648 0.44839 0.55807 0.44330 0.55648 0.44093 0.55785 0.43869 0.55637 0.43471 0.55343 0.43318 0.54714 0.43328 0.53749 0.43567 0.52254 0.43598 0.50981 0.43710 0.50578 0.43694 0.50302 0.44219 0.49920 0.44760 0.49730 0.45205 0.49677 0.45635
4 0.40177 0.51388 0.40360 0.52167 0.40482 0.52831 0.41856 0.52991 0.42635 0.52831 0.43139 0.52464 0.43430 0.51617 0.43705 0.50700 0.43872 0.49830 0.43643 0.49280 0.43338 0.48570 0.43032 0.48135 0.42544 0.47791 0.41566 0.47814 0.40788 0.47791 0.40345 0.47974 0.39963 0.48387 0.39978 0.49601 0.40100 0.50448 0.40177 0.51388
4 0.49630 0.52395 0.50165 0.52785 0.51096 0.52648 0.53097 0.52281 0.53051 0.51777 0.52990 0.51159 0.52990 0.50426 0.52791 0.49555 0.52226 0.49051 0.51157 0.49005 0.49874 0.48960 0.49096 0.49303 0.49050 0.50426 0.49263 0.51365 0.49630 0.52395
2 0.61415 0.47404 0.61333 0.47567 0.61129 0.47731 0.60898 0.47894 0.60803 0.48118 0.60776 0.48261 0.60721 0.48465 0.60667 0.48587 0.60640 0.48872 0.60694 0.49219 0.60844 0.49505 0.61020 0.49688 0.61265 0.49729 0.61469 0.49749 0.61564 0.49606 0.61646 0.49382 0.61728 0.49117 0.61795 0.48995 0.61918 0.48872 0.62040 0.48730 0.62067 0.48465 0.62067 0.48057 0.62026 0.47649 0.61986 0.47425 0.61891 0.47343 0.61782 0.46996 0.61687 0.46894 0.61564 0.46976 0.61415 0.47404
4 0.43136 0.43991 0.42805 0.44526 0.42831 0.44984 0.42895 0.45385 0.43225 0.45595 0.43353 0.45575 0.43582 0.45786 0.44106 0.46063 0.44321 0.46320 0.44536 0.46616 0.45174 0.46763 0.45580 0.46717 0.46389 0.46734 0.46918 0.46717 0.47206 0.47002 0.47476 0.46966 0.48053 0.47011 0.48324 0.46948 0.48679 0.46589 0.48919 0.46156 0.49029 0.45797 0.48765 0.45154 0.48611 0.44680 0.48254 0.44083 0.48096 0.43722 0.47533 0.43607 0.46756 0.43369 0.45993 0.43038 0.45421 0.42693 0.44880 0.42521 0.44396 0.42636 0.44014 0.42922 0.43454 0.43457 0.43136 0.43991
4 0.44835 0.51181 0.45125 0.52190 0.45354 0.53083 0.46102 0.53060 0.47584 0.53037 0.47904 0.52923 0.48332 0.52304 0.48408 0.51617 0.48790 0.50448 0.48867 0.49395 0.48653 0.48936 0.47629 0.48868 0.46530 0.48822 0.45690 0.49005 0.44987 0.49624 0.44697 0.50471 0.44835 0.51181
4 0.39004 0.44672 0.39233 0.44679 0.39595 0.44889 0.39720 0.45265 0.39963 0.45652 0.40015 0.45872 0.40420 0.45872 0.40832 0.45718 0.41023 0.45363 0.41098 0.45022 0.41466 0.45066 0.41782 0.45109 0.41907 0.44800 0.41973 0.44580 0.42150 0.44195 0.42150 0.43984 0.41903 0.43732 0.41807 0.43547 0.41515 0.43519 0.41205 0.43334 0.41046 0.42963 0.40745 0.42420 0.40569 0.41982 0.40472 0.41849 0.39774 0.41757 0.39083 0.41703 0.38395 0.41744 0.38208 0.41824 0.38085 0.42209 0.37842 0.42706 0.37830 0.43068 0.37859 0.43457 0.38026 0.44007 0.38332 0.44603 0.38592 0.44740 0.39004 0.44672
1 0.43471 0.45578 0.43656 0.45856 0.44063 0.46028 0.44310 0.46253 0.44514 0.46572 0.44823 0.46665 0.45274 0.46770 0.45574 0.46691 0.45963 0.46704 0.46467 0.46731 0.46971 0.46718 0.47253 0.46956 0.47492 0.46956 0.47554 0.46638 0.47439 0.46333 0.47324 0.46293 0.47271 0.45869 0.47192 0.45856 0.46944 0.46041 0.46829 0.45922 0.46715 0.46055 0.46600 0.45856 0.46440 0.45511 0.46405 0.45418 0.46025 0.45895 0.45875 0.45710 0.45751 0.45578 0.45247 0.46174 0.45018 0.45949 0.45115 0.45697 0.44991 0.45657 0.44929 0.45551 0.44982 0.45325 0.45018 0.45020 0.44814 0.44848 0.44708 0.44663 0.44505 0.44490 0.44346 0.44398 0.44196 0.44464 0.44076 0.44612 0.43855 0.44700 0.43782 0.44668 0.43752 0.44304 0.43533 0.44252 0.43374 0.44689 0.43232 0.45193 0.43285 0.45458 0.43471 0.45578
