4 0.36052 0.63547 0.36128 0.63887 0.36271 0.64401 0.36487 0.64843 0.36672 0.65178 0.36990 0.65553 0.37259 0.65838 0.37569 0.66046 0.37837 0.66227 0.38222 0.66343 0.38696 0.66266 0.39127 0.66059 0.39421 0.65729 0.39671 0.65373 0.39917 0.65058 0.40089 0.64712 0.40318 0.64290 0.40392 0.64095 0.40252 0.63437 0.40122 0.62718 0.40017 0.62147 0.39999 0.61280 0.40034 0.60709 0.40106 0.60307 0.40287 0.60003 0.40464 0.59843 0.40653 0.59704 0.40428 0.59549 0.40100 0.59359 0.39724 0.59285 0.39530 0.59238 0.39376 0.59236 0.39105 0.59404 0.38614 0.59603 0.38369 0.59692 0.38117 0.59842 0.37984 0.59906 0.37722 0.60013 0.37668 0.60067 0.37510 0.60313 0.37471 0.60369 0.37377 0.60706 0.37204 0.60950 0.36860 0.61313 0.36550 0.61537 0.36231 0.61719 0.35998 0.61954 0.35828 0.62280 0.35831 0.62589 0.35903 0.62846 0.35926 0.63014 0.36052 0.63547
4 0.40099 0.25594 0.40539 0.26049 0.41052 0.26466 0.41670 0.26529 0.42029 0.26560 0.42606 0.26292 0.42742 0.26171 0.43396 0.25846 0.43936 0.25716 0.44398 0.25526 0.44616 0.23961 0.44580 0.23585 0.43971 0.22367 0.43544 0.21483 0.43133 0.20716 0.42479 0.19952 0.41328 0.19823 0.40882 0.20507 0.40552 0.21403 0.40263 0.21846 0.40279 0.22472 0.40079 0.23025 0.39951 0.23813 0.40138 0.24093 0.40085 0.24599 0.39967 0.24952 0.39944 0.25342 0.40099 0.25594
4 0.61186 0.32812 0.62183 0.32377 0.64008 0.31674 0.64643 0.30996 0.64985 0.29844 0.65221 0.27911 0.65717 0.27453 0.65046 0.25824 0.63844 0.23880 0.62746 0.23246 0.61994 0.22708 0.60566 0.22891 0.59598 0.22611 0.58224 0.22658 0.57432 0.23170 0.56863 0.24146 0.56052 0.25567 0.55776 0.26248 0.55558 0.28568 0.55561 0.31110 0.55987 0.32178 0.56900 0.32594 0.58315 0.32505 0.59777 0.32854 0.61186 0.32812
1 0.43382 0.24219 0.43022 0.24469 0.42831 0.24941 0.43354 0.24949 0.43915 0.24694 0.44437 0.25067 0.44481 0.24041 0.44040 0.23979 0.43382 0.24219
4 0.47584 0.31748 0.48793 0.31918 0.49744 0.31935 0.50137 0.31851 0.51042 0.31840 0.51910 0.31592 0.52600 0.31248 0.52950 0.30975 0.53413 0.29652 0.53745 0.28033 0.54037 0.26084 0.54254 0.24540 0.54414 0.22897 0.54340 0.22079 0.54257 0.21557 0.52647 0.21400 0.52206 0.21338 0.51804 0.21606 0.51325 0.21308 0.50920 0.20974 0.49697 0.20269 0.48434 0.19675 0.47651 0.19404 0.47032 0.19444 0.46172 0.19904 0.45530 0.20780 0.45024 0.22013 0.44695 0.23466 0.44424 0.25538 0.44372 0.26946 0.44426 0.28342 0.44752 0.29720 0.45476 0.30350 0.46133 0.30964 0.47115 0.31379 0.47584 0.31748
4 0.37637 0.25651 0.37849 0.26998 0.38131 0.28068 0.38621 0.28322 0.39254 0.28431 0.39897 0.28254 0.40237 0.28137 0.40774 0.27615 0.41177 0.27055 0.41443 0.26700 0.41557 0.26552 0.41375 0.26526 0.41066 0.26524 0.40795 0.26259 0.40450 0.25964 0.40172 0.25636 0.40046 0.25433 0.40004 0.25180 0.39969 0.24990 0.40063 0.24653 0.40127 0.24415 0.40052 0.24178 0.40002 0.23986 0.39934 0.23812 0.39890 0.23682 0.39843 0.23469 0.39767 0.23459 0.39658 0.23361 0.39628 0.23130 0.39563 0.22606 0.39482 0.21977 0.39408 0.21617 0.39053 0.21072 0.38736 0.20904 0.38461 0.20556 0.38359 0.20295 0.38258 0.19910 0.38069 0.19719 0.37826 0.19582 0.37587 0.19631 0.37488 0.19678 0.37366 0.19888 0.37308 0.20189 0.37299 0.20805 0.37288 0.21319 0.37477 0.22395 0.37550 0.23847 0.37637 0.25651
4 0.64569 0.64892 0.64776 0.65161 0.64915 0.65455 0.65050 0.65680 0.65177 0.65972 0.65277 0.66175 0.65319 0.66421 0.65796 0.66694 0.66200 0.66751 0.66656 0.66712 0.67122 0.66417 0.67248 0.66161 0.67446 0.65760 0.67752 0.65322 0.68016 0.64999 0.68293 0.64677 0.68436 0.64388 0.68597 0.63982 0.68638 0.63782 0.68601 0.63588 0.68209 0.63447 0.67787 0.63422 0.67346 0.63360 0.67023 0.63366 0.66677 0.63541 0.66317 0.63627 0.65796 0.63760 0.65484 0.63785 0.65060 0.63777 0.64382 0.63750 0.63948 0.63723 0.63547 0.63924 0.63423 0.64164 0.63405 0.64385 0.64096 0.64688 0.64569 0.64892
4 0.49278 0.71868 0.49389 0.72082 0.49468 0.72371 0.49477 0.72621 0.49497 0.73011 0.49612 0.73414 0.49791 0.73568 0.50242 0.73751 0.50858 0.73818 0.51213 0.73887 0.51720 0.73939 0.52167 0.73992 0.52491 0.74018 0.52877 0.74082 0.53020 0.74072 0.53326 0.74065 0.53540 0.74026 0.53716 0.73941 0.53956 0.73876 0.54194 0.73721 0.54332 0.73531 0.54417 0.73245 0.54497 0.72730 0.54622 0.72053 0.54717 0.71590 0.54791 0.71381 0.54871 0.71234 0.54933 0.71163 0.54968 0.70969 0.54949 0.70838 0.54915 0.70654 0.54822 0.70472 0.54789 0.70279 0.54858 0.70001 0.54863 0.69753 0.54804 0.69536 0.54644 0.69355 0.54398 0.69191 0.54238 0.69040 0.54149 0.68969 0.54003 0.68949 0.53827 0.69008 0.53588 0.68982 0.53151 0.68821 0.52899 0.68678 0.52699 0.68551 0.52507 0.68416 0.52260 0.68191 0.52182 0.68122 0.52066 0.68023 0.51908 0.67951 0.51824 0.67932 0.51681 0.67887 0.51499 0.67861 0.51378 0.67885 0.51236 0.67964 0.51104 0.68111 0.50989 0.68227 0.50836 0.68339 0.50647 0.68444 0.50517 0.68533 0.50375 0.68621 0.50345 0.68650 0.50291 0.68684 0.50149 0.68680 0.49993 0.68593 0.49780 0.68562 0.49595 0.68605 0.49342 0.68709 0.49127 0.68857 0.48988 0.69106 0.48985 0.69393 0.48969 0.69878 0.49021 0.70570 0.49095 0.71207 0.49171 0.71565 0.49278 0.71868
4 0.39979 0.52500 0.39219 0.51860 0.38098 0.51836 0.37003 0.51982 0.36130 0.52326 0.35771 0.53107 0.35718 0.54199 0.36510 0.54777 0.37160 0.54602 0.37475 0.55380 0.38148 0.55574 0.38538 0.54396 0.39319 0.53640 0.40037 0.52975 0.39979 0.52500
2 0.40538 0.23361 0.40707 0.23364 0.40918 0.23291 0.41055 0.23639 0.41174 0.24109 0.41435 0.24558 0.41765 0.24851 0.41837 0.25109 0.41833 0.25355 0.41836 0.25664 0.41788 0.26008 0.41780 0.26171 0.41793 0.26297 0.41964 0.26403 0.42329 0.26331 0.42814 0.26069 0.43117 0.25885 0.43491 0.25753 0.43971 0.25635 0.44334 0.25583 0.44447 0.25001 0.44480 0.24656 0.44548 0.24172 0.44517 0.23838 0.44483 0.23421 0.44147 0.22735 0.43895 0.22329 0.43800 0.22131 0.43632 0.22004 0.43380 0.21824 0.42832 0.21542 0.42359 0.21393 0.42147 0.21363 0.41568 0.21529 0.41183 0.21845 0.40905 0.22177 0.40619 0.22672 0.40550 0.23054 0.40538 0.23361
4 0.71934 0.29588 0.71927 0.30184 0.72001 0.30647 0.72256 0.31033 0.72419 0.31303 0.72730 0.31614 0.73076 0.32013 0.73327 0.32316 0.73737 0.32580 0.73884 0.32744 0.74100 0.32857 0.74331 0.32972 0.74780 0.33179 0.75347 0.33321 0.75834 0.33265 0.76171 0.33066 0.76443 0.32445 0.76635 0.31854 0.76785 0.31443 0.76987 0.30998 0.77221 0.30433 0.77388 0.29901 0.77467 0.29562 0.77307 0.29272 0.76998 0.28940 0.76585 0.28470 0.75875 0.27917 0.75194 0.27492 0.74930 0.27393 0.74700 0.27382 0.74456 0.27574 0.74111 0.27834 0.73717 0.28108 0.73510 0.28265 0.73164 0.28525 0.72801 0.28803 0.72289 0.29040 0.72138 0.29122 0.72010 0.29269 0.71934 0.29588
4 0.71934 0.28875 0.72098 0.27000 0.71913 0.26007 0.70109 0.25154 0.67977 0.24855 0.66872 0.25432 0.66636 0.26398 0.66416 0.26900 0.66059 0.28016 0.66039 0.29046 0.66869 0.29362 0.67924 0.29678 0.68472 0.29688 0.69328 0.30707 0.70347 0.31284 0.71446 0.31105 0.71887 0.30634 0.71934 0.28875
4 0.60437 0.67806 0.60323 0.67979 0.60301 0.68045 0.60241 0.68379 0.60264 0.68675 0.60277 0.69037 0.60288 0.69330 0.60321 0.69643 0.60529 0.70084 0.60762 0.70718 0.60973 0.70954 0.61183 0.71292 0.61397 0.71511 0.61640 0.71613 0.62153 0.71531 0.62637 0.71204 0.63132 0.70793 0.63915 0.70080 0.64364 0.69628 0.64716 0.69232 0.64962 0.68854 0.65187 0.68440 0.65340 0.68084 0.65423 0.67684 0.65421 0.67512 0.65378 0.67454 0.65323 0.67292 0.65272 0.66925 0.65250 0.66716 0.65270 0.66392 0.65263 0.65980 0.65091 0.65646 0.64810 0.65264 0.64482 0.64943 0.63968 0.64665 0.63532 0.64466 0.63106 0.64475 0.62695 0.64657 0.62244 0.64749 0.61796 0.64823 0.61373 0.64901 0.61351 0.65241 0.61313 0.65699 0.61159 0.66243 0.61029 0.66620 0.60769 0.67184 0.60561 0.67566 0.60437 0.67806
4 0.44030 0.69218 0.44215 0.69614 0.44313 0.69938 0.44364 0.70147 0.44516 0.70490 0.44542 0.70666 0.44664 0.70991 0.44921 0.71269 0.45269 0.71540 0.45365 0.71588 0.45644 0.71525 0.45989 0.71453 0.46395 0.71492 0.46810 0.71654 0.47140 0.71683 0.47414 0.71567 0.47685 0.71383 0.47928 0.71210 0.48133 0.71033 0.48312 0.70853 0.48500 0.70707 0.48716 0.70549 0.48799 0.70510 0.48911 0.70354 0.48954 0.70136 0.48966 0.69778 0.48976 0.69436 0.48977 0.69144 0.49052 0.68983 0.49125 0.68840 0.49286 0.68710 0.49502 0.68617 0.49638 0.68568 0.49656 0.68159 0.49682 0.67613 0.49696 0.67237 0.49654 0.66802 0.49573 0.66465 0.49409 0.66167 0.49038 0.65875 0.48723 0.65831 0.48359 0.65762 0.47991 0.65728 0.47739 0.65778 0.47411 0.65818 0.46940 0.65787 0.46469 0.65652 0.45983 0.65548 0.45710 0.65561 0.45377 0.65549 0.45094 0.65458 0.44791 0.65330 0.44448 0.65196 0.44113 0.65114 0.43873 0.65080 0.43657 0.65154 0.43479 0.65317 0.43383 0.65630 0.43304 0.66013 0.43323 0.66426 0.43344 0.66655 0.43470 0.67162 0.43554 0.67448 0.43554 0.67579 0.43527 0.67837 0.43576 0.68058 0.43660 0.68285 0.43776 0.68670 0.43896 0.69021 0.44030 0.69218
4 0.55851 0.69366 0.56361 0.69403 0.57032 0.69480 0.57541 0.69431 0.58313 0.69248 0.58766 0.69140 0.59294 0.68768 0.60002 0.68130 0.60598 0.67459 0.60876 0.66949 0.61122 0.66297 0.61294 0.65531 0.61332 0.64799 0.61313 0.64384 0.61219 0.63959 0.61025 0.63777 0.60629 0.63670 0.60213 0.63698 0.59751 0.63684 0.59123 0.63579 0.58719 0.63522 0.58275 0.63477 0.57884 0.63508 0.57263 0.63626 0.56815 0.63701 0.56532 0.63695 0.56288 0.63695 0.56053 0.63628 0.55442 0.63576 0.55150 0.63827 0.54786 0.64582 0.54672 0.65030 0.54540 0.65783 0.54368 0.66463 0.54332 0.66990 0.54360 0.67526 0.54431 0.67930 0.54581 0.68329 0.54845 0.68744 0.55234 0.69090 0.55851 0.69366
4 0.34807 0.46680 0.35101 0.47255 0.35421 0.47999 0.34657 0.49524 0.34888 0.50723 0.35455 0.51699 0.35699 0.51595 0.36357 0.51798 0.37247 0.51396 0.38004 0.51780 0.38507 0.51906 0.38970 0.51722 0.39393 0.51087 0.40305 0.50521 0.41166 0.50170 0.41894 0.49440 0.42265 0.48575 0.42478 0.47800 0.42435 0.47073 0.42605 0.46597 0.42775 0.45982 0.42192 0.45095 0.41998 0.43957 0.41721 0.43114 0.41356 0.42451 0.40623 0.42182 0.39747 0.42198 0.38920 0.41859 0.37707 0.41300 0.37027 0.41399 0.36675 0.41747 0.36387 0.41839 0.35981 0.42415 0.35787 0.43087 0.35552 0.43687 0.35624 0.44597 0.35323 0.44788 0.34807 0.45615 0.34807 0.46680
1 0.39274 0.48218 0.39169 0.48220 0.39102 0.48251 0.38971 0.48303 0.38859 0.48353 0.38783 0.48475 0.38814 0.48566 0.38903 0.48549 0.38894 0.48631 0.38985 0.48689 0.39117 0.48670 0.39271 0.48725 0.39374 0.48760 0.39464 0.48670 0.39387 0.48560 0.39325 0.48472 0.39430 0.48450 0.39548 0.48450 0.39654 0.48445 0.39669 0.48380 0.39701 0.48346 0.39685 0.48247 0.39590 0.48238 0.39611 0.48133 0.39498 0.48097 0.39447 0.48114 0.39360 0.48180 0.39274 0.48218
1 0.38209 0.47676 0.38047 0.47637 0.37943 0.47651 0.38012 0.47686 0.38146 0.47725 0.38209 0.47676
1 0.37767 0.44477 0.37873 0.44454 0.37971 0.44330 0.37998 0.44135 0.37917 0.43940 0.37569 0.43884 0.37438 0.43796 0.37276 0.43850 0.37093 0.43969 0.37062 0.44194 0.37174 0.44332 0.37394 0.44562 0.37457 0.44647 0.37616 0.44532 0.37767 0.44477
2 0.65319 0.67437 0.65283 0.66703 0.65174 0.66000 0.64923 0.65544 0.64691 0.65162 0.64430 0.64889 0.64001 0.64654 0.63601 0.64814 0.63522 0.65152 0.63800 0.65858 0.64025 0.66557 0.64214 0.67189 0.64523 0.67510 0.64873 0.67651 0.65128 0.67697 0.65340 0.67881 0.65391 0.67580 0.65319 0.67437
1 0.38263 0.61087 0.38513 0.61045 0.38727 0.60750 0.38882 0.60430 0.38965 0.60202 0.38969 0.60083 0.38927 0.59743 0.38239 0.60117 0.37775 0.60497 0.37311 0.60970 0.36952 0.61331 0.36752 0.61525 0.36972 0.61419 0.37316 0.61347 0.37801 0.61270 0.38041 0.61210 0.38263 0.61087
2 0.36203 0.61826 0.36057 0.61993 0.36984 0.61516 0.37953 0.61285 0.38232 0.61221 0.38601 0.61376 0.38792 0.61448 0.39054 0.61012 0.39245 0.60521 0.39461 0.60241 0.39407 0.59834 0.39460 0.59546 0.39226 0.59393 0.38821 0.59533 0.38508 0.59661 0.38122 0.59854 0.37744 0.60032 0.37661 0.60123 0.37488 0.60347 0.37398 0.60719 0.36880 0.61297 0.36536 0.61556 0.36203 0.61826
4 0.36351 0.58862 0.36605 0.59145 0.36935 0.59212 0.37357 0.59066 0.37704 0.58908 0.38116 0.58719 0.38478 0.58564 0.38850 0.58554 0.39214 0.58605 0.39624 0.58869 0.40149 0.58984 0.40587 0.58943 0.40996 0.58671 0.41220 0.58393 0.41458 0.57912 0.41554 0.57555 0.41605 0.57191 0.41505 0.56807 0.41315 0.56512 0.41104 0.56256 0.40933 0.56150 0.40718 0.56140 0.40537 0.56217 0.40391 0.56383 0.40197 0.56664 0.40026 0.56784 0.39790 0.56813 0.39648 0.56834 0.39451 0.56806 0.39270 0.56884 0.39147 0.56990 0.38922 0.57164 0.38616 0.57142 0.38394 0.56966 0.38286 0.56745 0.38080 0.56449 0.37936 0.56264 0.37732 0.56070 0.37454 0.56176 0.37006 0.56071 0.36659 0.56126 0.36172 0.56510 0.36032 0.57067 0.36048 0.57502 0.36113 0.58026 0.36218 0.58493 0.36351 0.58862
1 0.38718 0.52919 0.38176 0.52475 0.37742 0.53444 0.37382 0.54562 0.37612 0.55256 0.37999 0.55512 0.38191 0.55038 0.38281 0.54216 0.38545 0.54121 0.38694 0.53578 0.38718 0.52919
1 0.68588 0.26729 0.67930 0.26970 0.67251 0.27174 0.67259 0.28008 0.67694 0.28469 0.68124 0.29496 0.68492 0.29547 0.69215 0.30448 0.69345 0.29701 0.69426 0.28413 0.69340 0.27601 0.68588 0.26729
4 0.40302 0.63810 0.40396 0.64194 0.40686 0.64902 0.40999 0.65440 0.41360 0.66035 0.41432 0.66316 0.41609 0.66638 0.41714 0.66949 0.41906 0.67297 0.42180 0.67583 0.42494 0.67726 0.42891 0.67806 0.43246 0.67782 0.43500 0.67694 0.43527 0.67501 0.43425 0.67165 0.43364 0.66810 0.43321 0.66459 0.43321 0.66063 0.43401 0.65630 0.43477 0.65344 0.43639 0.65119 0.43783 0.65016 0.43914 0.65009 0.44343 0.65119 0.44573 0.65201 0.45058 0.65442 0.45312 0.65478 0.45534 0.65485 0.45701 0.65483 0.45908 0.65463 0.46111 0.65467 0.46193 0.65404 0.46233 0.64990 0.46335 0.64658 0.46435 0.64474 0.46539 0.64267 0.46673 0.63841 0.46690 0.63324 0.46639 0.62897 0.46497 0.62457 0.46338 0.62138 0.46150 0.61889 0.45697 0.61554 0.45311 0.61400 0.44885 0.61267 0.44485 0.61210 0.43890 0.61225 0.43498 0.61245 0.43034 0.60982 0.42814 0.60704 0.42540 0.60542 0.42266 0.60380 0.42010 0.60097 0.41763 0.59740 0.41435 0.59571 0.41184 0.59511 0.40901 0.59545 0.40609 0.59776 0.40462 0.59903 0.40210 0.60239 0.40132 0.60401 0.40057 0.60934 0.40027 0.61547 0.40024 0.62091 0.40063 0.62343 0.40133 0.62897 0.40224 0.63305 0.40302 0.63810
4 0.68455 0.60053 0.68432 0.60221 0.68395 0.60388 0.68322 0.60635 0.68344 0.60844 0.68444 0.61047 0.68843 0.61412 0.69063 0.61682 0.69208 0.61926 0.69452 0.62115 0.69627 0.62157 0.69834 0.62237 0.69991 0.62311 0.70461 0.61896 0.70653 0.61632 0.70872 0.61354 0.70976 0.61162 0.71027 0.60981 0.71083 0.60405 0.71130 0.60069 0.71139 0.59727 0.71049 0.59542 0.71112 0.59191 0.71188 0.58927 0.71210 0.58587 0.71199 0.58293 0.71194 0.58052 0.71160 0.57653 0.71125 0.57356 0.71000 0.56961 0.70918 0.56538 0.70775 0.56089 0.70607 0.55911 0.70357 0.55858 0.70051 0.56022 0.69754 0.56306 0.69399 0.56633 0.69292 0.56755 0.69104 0.56901 0.68807 0.56910 0.68327 0.56843 0.67993 0.56745 0.67693 0.56685 0.67193 0.56581 0.66723 0.56532 0.66603 0.56567 0.66498 0.56946 0.66565 0.57110 0.66727 0.57236 0.66867 0.57341 0.66945 0.57610 0.66940 0.57644 0.66963 0.57938 0.67448 0.58058 0.67861 0.58236 0.68107 0.58408 0.68260 0.58601 0.68263 0.58859 0.68374 0.59166 0.68577 0.59367 0.68625 0.59390 0.68503 0.59802 0.68455 0.60053
1 0.39088 0.58431 0.39998 0.58892 0.40574 0.58706 0.40803 0.58139 0.40770 0.57668 0.40831 0.56877 0.40385 0.57381 0.39672 0.58013 0.39335 0.57566 0.38810 0.57925 0.38252 0.57447 0.37992 0.56811 0.37886 0.56497 0.37580 0.56187 0.37173 0.56063 0.36738 0.56135 0.36297 0.56606 0.36072 0.57141 0.36211 0.58459 0.36485 0.58998 0.36928 0.59227 0.37594 0.58754 0.38560 0.58457 0.39088 0.58431
