1 0.43974 0.65464 0.44055 0.65392 0.44087 0.65274 0.43917 0.65347 0.43816 0.65401 0.43873 0.65492 0.43974 0.65464
4 0.47221 0.37144 0.46647 0.37578 0.46300 0.38062 0.45999 0.38883 0.45698 0.40351 0.45635 0.41976 0.45806 0.43665 0.46204 0.45659 0.46585 0.47587 0.47159 0.49646 0.47699 0.51475 0.48409 0.52550 0.49233 0.53288 0.49978 0.53674 0.50427 0.53854 0.51120 0.53952 0.52172 0.53879 0.53456 0.53813 0.53707 0.53698 0.54070 0.53444 0.54405 0.53190 0.54821 0.52968 0.55406 0.52919 0.55804 0.53124 0.56247 0.53288 0.56628 0.53239 0.57009 0.53190 0.58515 0.53009 0.59584 0.52591 0.61255 0.51172 0.62079 0.49982 0.62488 0.48916 0.62545 0.47176 0.62488 0.45946 0.62272 0.44724 0.61886 0.43419 0.61613 0.42271 0.61420 0.41639 0.61255 0.41204 0.61090 0.40803 0.60897 0.40491 0.60760 0.40294 0.60487 0.39892 0.60294 0.39654 0.60158 0.39260 0.59965 0.38825 0.59805 0.38710 0.59226 0.38628 0.58953 0.38628 0.58566 0.38473 0.58214 0.38276 0.57913 0.38153 0.57663 0.37997 0.57225 0.37841 0.56543 0.37718 0.56156 0.37841 0.55963 0.37915 0.55196 0.38432 0.54843 0.38546 0.54428 0.38784 0.53826 0.39260 0.53388 0.39424 0.52979 0.39580 0.52541 0.39777 0.52098 0.39974 0.51660 0.40212 0.51387 0.40532 0.51223 0.40761 0.51001 0.40843 0.50620 0.40761 0.50018 0.40171 0.49580 0.39457 0.49222 0.38588 0.48813 0.37562 0.48727 0.36972 0.48330 0.36848 0.47699 0.36939 0.47221 0.37144
2 0.45932 0.64045 0.45046 0.64685 0.44446 0.64968 0.43807 0.65325 0.43585 0.65890 0.44407 0.65702 0.45320 0.65476 0.45815 0.65871 0.46402 0.66191 0.47015 0.66700 0.47693 0.67227 0.48384 0.67434 0.49154 0.67227 0.49193 0.66248 0.49662 0.65213 0.49962 0.64290 0.49950 0.63443 0.50080 0.62295 0.49323 0.61768 0.48450 0.61900 0.46872 0.62916 0.45932 0.64045
1 0.46036 0.64257 0.46162 0.64175 0.46288 0.64112 0.46370 0.64003 0.46301 0.63867 0.46024 0.64048 0.45873 0.64194 0.45854 0.64321 0.46036 0.64257
1 0.53225 0.34034 0.53597 0.33616 0.53705 0.33629 0.53823 0.33825 0.54050 0.33852 0.54285 0.33930 0.54358 0.33799 0.54349 0.33512 0.54231 0.33185 0.54231 0.32976 0.54195 0.32793 0.54122 0.32701 0.53950 0.32714 0.53669 0.33067 0.53434 0.33446 0.53198 0.33930 0.53225 0.34034
1 0.46146 0.51230 0.45961 0.51418 0.45798 0.51622 0.45722 0.51795 0.45831 0.51936 0.46081 0.51952 0.45961 0.52265 0.45809 0.52595 0.45994 0.52956 0.46374 0.53034 0.46711 0.52940 0.47124 0.52846 0.47515 0.52720 0.47809 0.52642 0.48005 0.52532 0.47928 0.52313 0.47602 0.52077 0.47526 0.51826 0.47439 0.51418 0.47048 0.51152 0.46744 0.51120 0.46494 0.51167 0.46146 0.51230
4 0.40819 0.49192 0.40726 0.49948 0.40682 0.50874 0.40589 0.51764 0.40408 0.52025 0.39950 0.53212 0.39654 0.54862 0.39448 0.56511 0.39127 0.58521 0.38763 0.62081 0.38489 0.65179 0.38511 0.66663 0.38511 0.68146 0.38601 0.69400 0.38832 0.70457 0.39081 0.71477 0.39676 0.72367 0.39881 0.72830 0.40545 0.73950 0.40909 0.74444 0.41641 0.75105 0.42691 0.75335 0.43445 0.75267 0.44267 0.75105 0.44700 0.75303 0.45226 0.75762 0.45934 0.76157 0.47008 0.77083 0.48494 0.78135 0.49796 0.78765 0.51030 0.79124 0.51852 0.78895 0.52855 0.78401 0.53998 0.77609 0.54752 0.76818 0.55232 0.76157 0.55574 0.75532 0.56487 0.72929 0.56830 0.71742 0.56923 0.71248 0.57060 0.70488 0.57356 0.69697 0.57583 0.69036 0.57608 0.68609 0.57926 0.67818 0.58419 0.66473 0.58748 0.65009 0.58995 0.63664 0.59077 0.62121 0.58940 0.61092 0.58721 0.59945 0.58502 0.58837 0.58282 0.58046 0.57953 0.57097 0.57570 0.56305 0.57158 0.55593 0.56912 0.55039 0.56693 0.54723 0.56364 0.54525 0.55980 0.54367 0.55541 0.54209 0.55185 0.53932 0.54938 0.53734 0.54500 0.53576 0.54280 0.53655 0.53952 0.53774 0.53842 0.53853 0.53211 0.53932 0.52526 0.53932 0.52005 0.53971 0.51430 0.54011 0.50196 0.53853 0.49346 0.53417 0.48634 0.52785 0.48277 0.52429 0.47894 0.51875 0.47565 0.51123 0.47263 0.50292 0.46962 0.50055 0.46715 0.49976 0.46276 0.49778 0.45920 0.49659 0.45454 0.49501 0.44824 0.49224 0.44303 0.48907 0.43755 0.48591 0.43316 0.48354 0.42850 0.48116 0.42220 0.47918 0.41836 0.47998 0.41452 0.48235 0.41183 0.48203 0.41046 0.48433 0.40819 0.49192
1 0.47414 0.64357 0.47653 0.64430 0.47829 0.64430 0.47942 0.64203 0.48056 0.64012 0.48232 0.63912 0.48357 0.63712 0.48414 0.63277 0.48301 0.63122 0.48112 0.63059 0.47980 0.63113 0.47817 0.63395 0.47666 0.63431 0.47489 0.63576 0.47408 0.63812 0.47433 0.64057 0.47414 0.64357
4 0.51925 0.10193 0.52039 0.11116 0.52199 0.12237 0.52336 0.13424 0.52405 0.14940 0.52496 0.16094 0.52656 0.17544 0.52861 0.18863 0.52998 0.20116 0.53318 0.21402 0.53661 0.22259 0.54209 0.22984 0.55100 0.23413 0.56014 0.23710 0.56950 0.23940 0.57795 0.24039 0.58572 0.24039 0.59600 0.23578 0.60422 0.22819 0.61108 0.22061 0.61838 0.21633 0.62821 0.21171 0.63917 0.20610 0.64694 0.20050 0.65539 0.19193 0.66270 0.18237 0.66658 0.17083 0.66887 0.15632 0.67024 0.14676 0.67092 0.13193 0.66910 0.11874 0.66567 0.09797 0.66293 0.08478 0.65859 0.07621 0.64945 0.07358 0.63803 0.06500 0.63095 0.05742 0.62615 0.04786 0.62272 0.03863 0.62067 0.03038 0.61930 0.02313 0.61838 0.01918 0.61336 0.01621 0.60742 0.01324 0.59942 0.00962 0.58892 0.00500 0.58344 0.00302 0.57407 0.00170 0.56813 0.00170 0.56151 0.00467 0.54849 0.01621 0.53935 0.02478 0.53090 0.03467 0.52336 0.04555 0.52085 0.05577 0.51765 0.07061 0.51788 0.07720 0.51811 0.08610 0.51856 0.09302 0.51925 0.10193
1 0.46131 0.72778 0.46185 0.72888 0.46642 0.72715 0.46935 0.72684 0.47076 0.72857 0.47239 0.72762 0.47511 0.72480 0.47620 0.72276 0.47913 0.72025 0.48163 0.71774 0.48348 0.71649 0.48761 0.71586 0.49228 0.71649 0.49685 0.71680 0.49913 0.71837 0.49739 0.71492 0.49500 0.71351 0.49076 0.71210 0.48717 0.71162 0.48554 0.71068 0.48283 0.70959 0.48207 0.71257 0.48087 0.71586 0.47859 0.71759 0.47761 0.71884 0.47359 0.72166 0.47076 0.72245 0.46576 0.72292 0.46348 0.72370 0.46131 0.72778
4 0.49195 0.38501 0.49443 0.39188 0.49804 0.39820 0.50128 0.40342 0.50585 0.40644 0.50889 0.40754 0.51061 0.40754 0.51194 0.40616 0.51403 0.40424 0.51651 0.40259 0.52031 0.40040 0.52469 0.39792 0.52869 0.39573 0.53307 0.39380 0.53840 0.39215 0.54163 0.39023 0.54544 0.38721 0.54963 0.38391 0.55363 0.38309 0.56010 0.37897 0.56505 0.37732 0.56866 0.37732 0.57342 0.37869 0.57875 0.38089 0.58465 0.38336 0.59036 0.38226 0.60179 0.37814 0.60959 0.37292 0.61492 0.36743 0.61892 0.35836 0.62406 0.33831 0.62672 0.32539 0.62787 0.32017 0.62805 0.31550 0.62844 0.30589 0.62691 0.29820 0.62539 0.28968 0.62425 0.28336 0.62272 0.27292 0.61930 0.26220 0.61644 0.25616 0.61340 0.24902 0.61092 0.24462 0.60788 0.23775 0.60597 0.23308 0.60388 0.23088 0.60274 0.22951 0.60007 0.23253 0.59417 0.23720 0.58770 0.24050 0.58123 0.24215 0.57533 0.24270 0.56391 0.24050 0.55305 0.23720 0.54525 0.23253 0.53630 0.22374 0.53250 0.21742 0.53078 0.21138 0.52983 0.20946 0.52107 0.20863 0.51194 0.20973 0.50280 0.21193 0.49728 0.21413 0.49005 0.21935 0.48529 0.22484 0.48186 0.23501 0.48053 0.24133 0.47996 0.24710 0.47939 0.25232 0.47977 0.25836 0.47958 0.26468 0.47958 0.26935 0.47844 0.27430 0.47768 0.27924 0.47634 0.28666 0.47558 0.29517 0.47748 0.31111 0.47996 0.32759 0.48340 0.34682 0.48662 0.36193 0.48776 0.37045 0.48891 0.37512 0.49043 0.38006 0.49195 0.38501
1 0.54953 0.46258 0.54645 0.46820 0.54436 0.47121 0.54165 0.47434 0.53929 0.47709 0.53857 0.47879 0.54002 0.47879 0.54283 0.47618 0.54455 0.47369 0.54409 0.47918 0.54418 0.48297 0.54446 0.48729 0.54455 0.49108 0.54527 0.49683 0.54609 0.49905 0.54690 0.49879 0.54735 0.49461 0.54726 0.48729 0.54781 0.47853 0.55097 0.46715 0.55243 0.46271 0.55388 0.45853 0.55369 0.45604 0.55261 0.45474 0.55215 0.45121 0.55261 0.44951 0.55215 0.44703 0.55143 0.44428 0.55161 0.44219 0.55062 0.43918 0.54989 0.44284 0.55089 0.44938 0.55116 0.45748 0.54953 0.46258
