4 0.77338 0.73665 0.77032 0.79244 0.76971 0.86614 0.78253 0.85244 0.80874 0.88721 0.82826 0.92508 0.85509 0.95035 0.87950 0.95035 0.90268 0.94401 0.90815 0.91772 0.90871 0.89035 0.90388 0.82822 0.89412 0.75025 0.88741 0.69249 0.87035 0.63142 0.85259 0.60300 0.83612 0.58508 0.81729 0.58300 0.80265 0.59563 0.79650 0.61878 0.77703 0.63670 0.77088 0.65665 0.77338 0.73665
4 0.89635 0.75574 0.89812 0.77462 0.90094 0.79533 0.90341 0.81482 0.90553 0.83188 0.90624 0.84528 0.90906 0.85746 0.91118 0.86965 0.91576 0.88183 0.92529 0.89584 0.93447 0.91289 0.94153 0.92873 0.94929 0.93970 0.95671 0.94700 0.96976 0.95492 0.97541 0.95736 0.98565 0.95736 0.99094 0.95310 0.99306 0.93482 0.99553 0.91655 0.99588 0.89767 0.99412 0.87086 0.99271 0.83797 0.99094 0.80508 0.98529 0.76670 0.97965 0.73198 0.97400 0.70396 0.96624 0.68081 0.95635 0.66376 0.94435 0.65462 0.92988 0.65035 0.91718 0.65035 0.90553 0.65279 0.89706 0.65888 0.89247 0.66437 0.89212 0.67959 0.89000 0.69117 0.89035 0.70640 0.89353 0.72893 0.89635 0.75574
2 0.73874 0.35919 0.74726 0.36117 0.76168 0.36025 0.77406 0.36071 0.78994 0.36269 0.79109 0.35508 0.80321 0.35208 0.81762 0.35056 0.82024 0.35614 0.82700 0.38102 0.83553 0.40437 0.83965 0.40467 0.85194 0.40315 0.85897 0.40010 0.85382 0.37157 0.85412 0.34213 0.85412 0.31168 0.84706 0.24619 0.82912 0.22030 0.81324 0.21675 0.79559 0.22589 0.77500 0.26041 0.75294 0.30355 0.73550 0.33132 0.73441 0.35228 0.73874 0.35919
4 0.74471 0.31472 0.73671 0.32635 0.72909 0.35442 0.72806 0.37807 0.72806 0.40086 0.72756 0.42107 0.72500 0.47015 0.72197 0.51142 0.71585 0.53858 0.71432 0.54736 0.71382 0.55086 0.72297 0.55437 0.73059 0.55437 0.73974 0.55700 0.74585 0.56142 0.75450 0.56929 0.76159 0.57629 0.76924 0.58071 0.77785 0.58244 0.78497 0.57980 0.79565 0.57193 0.80735 0.56401 0.81547 0.55700 0.83429 0.54472 0.83988 0.54386 0.85053 0.54386 0.85665 0.54035 0.86021 0.53421 0.86476 0.52279 0.86885 0.50878 0.87188 0.49472 0.87291 0.47893 0.87291 0.46665 0.87341 0.44914 0.87341 0.42985 0.87088 0.42629 0.86832 0.41665 0.86174 0.40350 0.85715 0.39122 0.85512 0.38071 0.85512 0.37020 0.85512 0.35086 0.85665 0.32721 0.85665 0.31315 0.85615 0.28949 0.85462 0.26670 0.85003 0.24736 0.84038 0.23508 0.83479 0.22807 0.82362 0.21406 0.82006 0.21406 0.80379 0.21929 0.79362 0.22893 0.78588 0.24061 0.77882 0.25533 0.76882 0.27259 0.75647 0.29848 0.74471 0.31472
4 0.39653 0.82731 0.41229 0.87558 0.43465 0.89751 0.45447 0.90015 0.47174 0.89223 0.48903 0.87558 0.50529 0.85538 0.51588 0.81675 0.52500 0.77462 0.52715 0.71767 0.52459 0.65802 0.52206 0.63807 0.51176 0.62741 0.49359 0.63437 0.46312 0.63350 0.42703 0.63350 0.41126 0.63259 0.39603 0.63609 0.38838 0.65802 0.38688 0.69137 0.38635 0.74487 0.39147 0.78680 0.39653 0.82731
4 0.65865 0.67898 0.66076 0.71066 0.66041 0.75269 0.65865 0.77706 0.65724 0.80203 0.65441 0.82457 0.65371 0.83492 0.65371 0.84102 0.65865 0.84954 0.66429 0.85807 0.67665 0.87756 0.68759 0.88792 0.69500 0.89340 0.70065 0.90071 0.70806 0.90802 0.71900 0.91655 0.72782 0.91716 0.73735 0.91228 0.74618 0.90254 0.75288 0.89584 0.75924 0.88365 0.76347 0.87269 0.76735 0.86173 0.77018 0.84650 0.77088 0.81787 0.77159 0.78863 0.77159 0.76061 0.77300 0.73868 0.77229 0.72162 0.77088 0.70335 0.77018 0.68873 0.77053 0.67107 0.76876 0.65888 0.76312 0.65340 0.75324 0.64731 0.74265 0.64183 0.73241 0.63635 0.72394 0.63147 0.71124 0.62843 0.69818 0.62721 0.68476 0.62721 0.66853 0.62782 0.65688 0.62965 0.64771 0.63513 0.64453 0.63939 0.64029 0.64975 0.64312 0.64975 0.65018 0.65401 0.65547 0.65706 0.65865 0.67898
4 0.04229 0.72294 0.03465 0.75716 0.03518 0.79401 0.03112 0.82822 0.03212 0.86594 0.03465 0.90629 0.04076 0.92645 0.05500 0.93345 0.07074 0.92995 0.09056 0.91330 0.11344 0.90188 0.12309 0.86416 0.14138 0.81680 0.15559 0.80508 0.15971 0.73452 0.16235 0.66244 0.15053 0.64837 0.12818 0.63523 0.11141 0.62995 0.09465 0.63787 0.09056 0.65188 0.06924 0.67208 0.05550 0.69223 0.04229 0.72294
2 0.88838 0.35421 0.87309 0.37249 0.86118 0.37868 0.85544 0.39381 0.86662 0.40904 0.87456 0.43543 0.87368 0.47096 0.87279 0.49178 0.87838 0.49939 0.88250 0.51411 0.88500 0.52690 0.88809 0.54051 0.88779 0.55472 0.89618 0.56447 0.90118 0.55838 0.90603 0.53594 0.92074 0.52477 0.93074 0.50751 0.93574 0.49837 0.94044 0.48873 0.93985 0.43695 0.93956 0.42071 0.93544 0.40904 0.92426 0.40700 0.93456 0.38822 0.94456 0.37706 0.95662 0.36893 0.96426 0.36640 0.96897 0.37756 0.97456 0.37502 0.97809 0.35777 0.98132 0.31716 0.98485 0.27756 0.98074 0.25015 0.97309 0.23188 0.96029 0.23909 0.94485 0.26335 0.92279 0.28721 0.90632 0.32325 0.88838 0.35421
2 0.36653 0.30457 0.39347 0.31508 0.42447 0.32294 0.45600 0.31330 0.48597 0.30193 0.48953 0.32386 0.48394 0.35279 0.47835 0.38000 0.48647 0.39487 0.49562 0.41157 0.50476 0.42035 0.50782 0.44228 0.51647 0.47294 0.52003 0.47909 0.52359 0.44401 0.52256 0.39843 0.51953 0.37472 0.51953 0.32294 0.51188 0.28787 0.50426 0.27909 0.49206 0.24492 0.47785 0.21772 0.45903 0.19315 0.44429 0.18350 0.41735 0.18173 0.39906 0.18000 0.37468 0.18086 0.35941 0.19051 0.34876 0.19843 0.33756 0.21508 0.33453 0.23614 0.33756 0.27386 0.34468 0.29665 0.36653 0.30457
4 0.32644 0.27315 0.32288 0.29071 0.31832 0.31000 0.31526 0.34949 0.31374 0.39071 0.31476 0.43371 0.31679 0.45300 0.31932 0.47142 0.32138 0.48985 0.32288 0.50035 0.32441 0.51528 0.32697 0.52756 0.32900 0.53629 0.33203 0.54685 0.33509 0.55035 0.34729 0.55563 0.35897 0.55736 0.36965 0.55736 0.38794 0.55736 0.39709 0.55472 0.41641 0.55386 0.42862 0.55208 0.44335 0.55122 0.44894 0.54949 0.46521 0.54772 0.48247 0.54949 0.49571 0.54949 0.50688 0.54685 0.51197 0.54335 0.51959 0.52843 0.52315 0.50650 0.52315 0.46614 0.52262 0.43107 0.52315 0.40035 0.52112 0.36178 0.52009 0.32315 0.51653 0.29772 0.50891 0.27665 0.50076 0.25914 0.47688 0.21528 0.45909 0.19071 0.39618 0.17868 0.34729 0.19863 0.33559 0.21700 0.33509 0.23193 0.33459 0.24508 0.32900 0.26178 0.32644 0.27315
1 0.85226 0.39599 0.85138 0.37569 0.85197 0.35487 0.85256 0.33914 0.84962 0.31985 0.84874 0.30208 0.84432 0.29142 0.83756 0.29244 0.83638 0.29802 0.83726 0.31579 0.83785 0.35335 0.83991 0.37772 0.84168 0.39650 0.85226 0.39599
1 0.97238 0.33218 0.97415 0.31746 0.97562 0.30173 0.97591 0.29157 0.97532 0.28193 0.97415 0.26619 0.97385 0.26264 0.96974 0.26162 0.96768 0.27279 0.96591 0.29411 0.96326 0.31543 0.96856 0.34284 0.97238 0.33218
4 0.86421 0.40772 0.86726 0.41472 0.87132 0.41914 0.87335 0.42528 0.87388 0.43929 0.87538 0.45335 0.87488 0.46300 0.87388 0.47792 0.87388 0.49193 0.87182 0.50244 0.86829 0.51472 0.86929 0.51650 0.87182 0.52437 0.87538 0.53756 0.87691 0.54457 0.87794 0.55858 0.87794 0.56822 0.88100 0.58228 0.88453 0.59193 0.88556 0.59543 0.88862 0.60421 0.89318 0.61122 0.89724 0.61472 0.90182 0.61472 0.90488 0.61472 0.91403 0.60949 0.91859 0.61208 0.92621 0.62086 0.93232 0.62350 0.93588 0.62614 0.93994 0.62528 0.94706 0.62173 0.94909 0.61736 0.95215 0.61558 0.95724 0.61472 0.95926 0.61386 0.96535 0.60244 0.96738 0.58756 0.96941 0.57787 0.97197 0.56563 0.97400 0.54893 0.97603 0.53492 0.97806 0.52000 0.97856 0.50594 0.97856 0.49193 0.98009 0.48401 0.98212 0.47178 0.98365 0.44543 0.98265 0.42878 0.97553 0.41122 0.97347 0.39371 0.97500 0.37792 0.98112 0.34543 0.98212 0.30949 0.98518 0.27792 0.98162 0.25772 0.97909 0.24279 0.97553 0.23406 0.96738 0.23056 0.96026 0.23406 0.95621 0.23843 0.95368 0.24543 0.95062 0.25249 0.94603 0.26122 0.93891 0.26914 0.93588 0.27264 0.92724 0.27965 0.92215 0.29457 0.91047 0.31563 0.90385 0.32965 0.89521 0.34107 0.88659 0.35599 0.87591 0.36563 0.86474 0.37614 0.85762 0.38228 0.85862 0.39721 0.86421 0.40772
1 0.29518 0.42594 0.30047 0.42543 0.30165 0.41985 0.29429 0.40107 0.29106 0.38635 0.29018 0.37467 0.28694 0.37772 0.28900 0.42340 0.28929 0.43152 0.29488 0.43863 0.29518 0.42594
4 0.52268 0.36147 0.52268 0.39096 0.52268 0.44046 0.52512 0.49624 0.52694 0.52147 0.53062 0.53411 0.53609 0.54782 0.54279 0.55624 0.55682 0.56046 0.56965 0.56254 0.58244 0.56147 0.59585 0.56254 0.61538 0.56883 0.64953 0.57624 0.68124 0.57624 0.69406 0.57305 0.70076 0.56883 0.70747 0.56360 0.71541 0.54467 0.71968 0.52147 0.72212 0.49305 0.72394 0.46888 0.72515 0.44888 0.72515 0.42254 0.72515 0.40046 0.72394 0.36990 0.72212 0.34360 0.72029 0.32046 0.71662 0.29731 0.71359 0.28046 0.70565 0.25203 0.69956 0.23096 0.69468 0.21833 0.68368 0.20888 0.66050 0.19731 0.64344 0.18995 0.61903 0.18888 0.59159 0.19624 0.57209 0.20574 0.56476 0.20990 0.56171 0.21939 0.54524 0.24782 0.53732 0.26888 0.52512 0.30467 0.52329 0.33411 0.52268 0.36147
1 0.08429 0.37944 0.08900 0.38401 0.09782 0.37386 0.10371 0.38147 0.10988 0.36320 0.10988 0.33579 0.10165 0.31700 0.09635 0.30533 0.09400 0.29467 0.07900 0.29061 0.07812 0.29975 0.07459 0.31447 0.07047 0.32513 0.06812 0.32716 0.06576 0.32310 0.06194 0.31091 0.06047 0.32360 0.06371 0.34340 0.06782 0.37030 0.07224 0.39416 0.08047 0.38096 0.08429 0.37944
1 0.89235 0.55431 0.89588 0.55736 0.90235 0.54315 0.90882 0.52843 0.90029 0.51472 0.89824 0.49746 0.89676 0.48782 0.89029 0.48426 0.88647 0.48223 0.88324 0.47614 0.87588 0.46599 0.87500 0.49086 0.88412 0.51117 0.88824 0.53401 0.89235 0.55431
2 0.28553 0.37041 0.28412 0.40147 0.28412 0.43071 0.29294 0.44472 0.30353 0.46300 0.31200 0.47152 0.31765 0.47396 0.31553 0.44959 0.31235 0.38137 0.31094 0.36127 0.30071 0.34482 0.29118 0.34056 0.28694 0.35335 0.28553 0.37041
4 0.53476 0.77736 0.54850 0.85102 0.56576 0.88523 0.58356 0.90015 0.60235 0.90188 0.62218 0.89574 0.63591 0.87472 0.64709 0.84315 0.65471 0.82472 0.65929 0.76767 0.66029 0.70629 0.65559 0.65888 0.63032 0.64579 0.60288 0.64051 0.58000 0.62995 0.55356 0.62645 0.53579 0.62822 0.52968 0.63965 0.52612 0.65802 0.53224 0.71767 0.53476 0.77736
2 0.18918 0.35700 0.19306 0.37832 0.19659 0.38624 0.21353 0.36919 0.23082 0.35152 0.24459 0.34482 0.25659 0.33081 0.26188 0.31376 0.26329 0.30035 0.25976 0.28635 0.25376 0.27660 0.24141 0.27416 0.23012 0.28635 0.20788 0.31193 0.19482 0.31619 0.18424 0.33325 0.18918 0.35700
4 0.05606 0.48147 0.06106 0.53985 0.06812 0.57893 0.07400 0.60736 0.08076 0.61294 0.09812 0.59670 0.12018 0.59416 0.13459 0.59162 0.14488 0.56371 0.15459 0.55508 0.16400 0.54035 0.17371 0.52360 0.16988 0.51294 0.16606 0.47589 0.16282 0.43782 0.16400 0.40838 0.16135 0.38147 0.14194 0.35203 0.12253 0.32360 0.10459 0.29264 0.08841 0.28502 0.07841 0.28046 0.06488 0.27944 0.05812 0.28350 0.05253 0.29975 0.05753 0.35000 0.06018 0.39619 0.05488 0.43223 0.05606 0.48147
4 0.16191 0.71386 0.16044 0.75294 0.15868 0.78594 0.15506 0.81132 0.15271 0.82452 0.15153 0.83721 0.15153 0.84939 0.15271 0.86157 0.15624 0.87274 0.16065 0.88239 0.16712 0.89051 0.17359 0.89508 0.18094 0.89761 0.18888 0.89761 0.19271 0.89609 0.19800 0.89355 0.20506 0.89203 0.21212 0.88949 0.21976 0.88594 0.22506 0.87833 0.23271 0.86360 0.23859 0.85294 0.24447 0.84076 0.25094 0.82858 0.25506 0.82046 0.26271 0.81081 0.26859 0.80371 0.27388 0.80421 0.27947 0.79761 0.27976 0.78340 0.27447 0.75396 0.26947 0.72655 0.26741 0.70929 0.26594 0.68848 0.26565 0.66411 0.27212 0.63365 0.27947 0.61589 0.28535 0.61132 0.28182 0.60371 0.27800 0.59152 0.27535 0.58594 0.27035 0.57934 0.26153 0.57223 0.25329 0.56767 0.24359 0.56716 0.23271 0.56716 0.22329 0.57274 0.21182 0.57731 0.20300 0.58442 0.19800 0.59051 0.19241 0.59863 0.18594 0.60574 0.18065 0.60980 0.17447 0.61386 0.16976 0.61995 0.16741 0.62706 0.16624 0.63213 0.16506 0.63822 0.16397 0.65294 0.16338 0.66513 0.16309 0.67528 0.16279 0.68949 0.16191 0.71386
2 0.05371 0.45102 0.05724 0.47183 0.06400 0.44492 0.07047 0.40228 0.08253 0.42259 0.09635 0.43173 0.10312 0.41091 0.10400 0.39213 0.10812 0.39061 0.11841 0.38046 0.12488 0.36624 0.12782 0.34543 0.12165 0.32919 0.10429 0.29315 0.08253 0.28350 0.07576 0.27944 0.06400 0.27944 0.05841 0.28452 0.05253 0.30178 0.05812 0.35558 0.06106 0.39822 0.05547 0.43223 0.05371 0.45102
4 0.40368 0.59741 0.39368 0.59437 0.38221 0.59487 0.36750 0.59538 0.35221 0.59843 0.34162 0.60046 0.32897 0.60452 0.31485 0.60756 0.30338 0.60909 0.29368 0.61264 0.28691 0.61467 0.27985 0.61975 0.27485 0.62736 0.27044 0.64107 0.26632 0.65782 0.26515 0.67406 0.26750 0.71365 0.27132 0.73700 0.27368 0.74970 0.27603 0.76543 0.27897 0.78015 0.27926 0.79233 0.27779 0.80350 0.27750 0.80553 0.28074 0.81518 0.28544 0.82533 0.29132 0.84005 0.29515 0.84970 0.29926 0.85782 0.30397 0.86289 0.30985 0.86645 0.31603 0.86797 0.32044 0.86848 0.32515 0.86949 0.33015 0.87000 0.33721 0.87000 0.34309 0.86848 0.34897 0.86645 0.35838 0.86188 0.36515 0.85477 0.37221 0.84614 0.37897 0.83345 0.38309 0.81873 0.38691 0.80706 0.39015 0.79640 0.39044 0.78269 0.38574 0.74259 0.38662 0.69233 0.38779 0.65883 0.39515 0.63853 0.39956 0.63345 0.40691 0.63142 0.41132 0.63091 0.41485 0.63091 0.41544 0.62888 0.41368 0.61975 0.41132 0.61061 0.40779 0.60198 0.40368 0.59741
1 0.49918 0.40442 0.50124 0.39629 0.50006 0.37802 0.50006 0.36025 0.50006 0.34655 0.49682 0.33995 0.49388 0.34147 0.48918 0.34553 0.48829 0.36584 0.49182 0.38767 0.49329 0.39731 0.49918 0.40442
1 0.52394 0.42000 0.52424 0.42152 0.52512 0.42051 0.52688 0.41695 0.52835 0.41239 0.52953 0.40934 0.52953 0.40528 0.52865 0.40020 0.52718 0.39716 0.52335 0.39665 0.52335 0.40325 0.52394 0.40934 0.52394 0.41391 0.52394 0.42000
1 0.86621 0.38497 0.86326 0.39665 0.87768 0.39513 0.88768 0.41086 0.89591 0.43167 0.89974 0.45452 0.90415 0.46619 0.91179 0.47228 0.91679 0.46975 0.91885 0.45401 0.91915 0.43371 0.91915 0.41543 0.92150 0.39614 0.92503 0.38904 0.92591 0.38142 0.92209 0.37076 0.91944 0.36569 0.91121 0.35096 0.89709 0.35655 0.88503 0.37076 0.87503 0.37888 0.86621 0.38497
1 0.31106 0.40259 0.31047 0.38838 0.30371 0.39853 0.30724 0.41020 0.31194 0.41782 0.31106 0.40259
1 0.37294 0.24975 0.37765 0.27208 0.39676 0.28528 0.41265 0.29543 0.43353 0.28579 0.44529 0.26498 0.45500 0.24975 0.46176 0.23756 0.46647 0.22386 0.45735 0.21015 0.44529 0.20152 0.43353 0.19645 0.42088 0.20254 0.40941 0.19949 0.38941 0.21523 0.38088 0.22792 0.37294 0.24975
2 0.52309 0.39929 0.52409 0.44579 0.53171 0.39929 0.54441 0.35629 0.56271 0.32472 0.56729 0.31772 0.58153 0.31508 0.59018 0.32822 0.59779 0.34487 0.61709 0.34843 0.63335 0.35716 0.62929 0.37294 0.62118 0.37294 0.61812 0.38350 0.62676 0.40015 0.63894 0.42294 0.64962 0.44228 0.66285 0.46330 0.67859 0.47558 0.68215 0.44487 0.68674 0.43614 0.69029 0.42472 0.68826 0.40193 0.68012 0.40015 0.67453 0.37736 0.66538 0.38437 0.65218 0.36680 0.64659 0.34751 0.66944 0.34228 0.68215 0.34487 0.69029 0.35807 0.69994 0.37035 0.70806 0.34579 0.72026 0.33523 0.71724 0.29751 0.70656 0.25015 0.69332 0.21508 0.67097 0.19929 0.63691 0.18878 0.60947 0.19401 0.59068 0.19492 0.57035 0.20543 0.55968 0.22386 0.54544 0.24929 0.52765 0.29228 0.52206 0.35015 0.52309 0.39929
4 0.16838 0.33167 0.16797 0.34482 0.16797 0.35579 0.16797 0.36457 0.16879 0.38431 0.16838 0.38944 0.16500 0.40188 0.16329 0.41426 0.16329 0.42817 0.16415 0.45376 0.16585 0.47716 0.17050 0.51005 0.17388 0.52320 0.17771 0.53198 0.18362 0.54076 0.18997 0.54076 0.19762 0.54000 0.20438 0.53782 0.21115 0.53782 0.21538 0.53711 0.22471 0.53416 0.23021 0.53269 0.23656 0.53269 0.24421 0.53487 0.25182 0.54000 0.25562 0.54218 0.26241 0.54584 0.26876 0.54878 0.27553 0.55173 0.27935 0.55244 0.28656 0.55391 0.29332 0.55391 0.29882 0.55315 0.30603 0.55244 0.30900 0.55025 0.31535 0.54365 0.31915 0.53853 0.32468 0.53198 0.32468 0.52391 0.32126 0.49325 0.31735 0.46599 0.31491 0.42746 0.31324 0.38503 0.31238 0.36386 0.30856 0.34629 0.30265 0.32731 0.29797 0.32071 0.29332 0.31558 0.28738 0.30685 0.28232 0.29147 0.27426 0.27614 0.26750 0.26665 0.26368 0.26223 0.25479 0.25787 0.24547 0.25492 0.23700 0.25787 0.22894 0.26300 0.22047 0.26665 0.21159 0.27173 0.20479 0.27467 0.19803 0.28051 0.19126 0.28635 0.18915 0.28929 0.18532 0.29365 0.18068 0.30462 0.17600 0.30975 0.17303 0.31635 0.17091 0.32147 0.16838 0.33167
1 0.50941 0.43127 0.51147 0.43838 0.51382 0.44244 0.51559 0.44548 0.51765 0.44294 0.51912 0.43939 0.52118 0.43076 0.52206 0.42670 0.52265 0.41858 0.52265 0.40944 0.52265 0.40183 0.52206 0.39878 0.52000 0.39472 0.51765 0.39371 0.51559 0.39371 0.51441 0.39371 0.51088 0.39624 0.50941 0.40487 0.50882 0.41249 0.50853 0.42213 0.50941 0.43127
