4 0.26123 0.33216 0.26123 0.34782 0.26197 0.36055 0.26344 0.37058 0.26490 0.38110 0.26619 0.38551 0.26949 0.39015 0.27188 0.39212 0.27885 0.39212 0.28491 0.38869 0.28913 0.38477 0.29409 0.37939 0.29978 0.37376 0.30491 0.36593 0.30895 0.36055 0.31042 0.35908 0.31042 0.35663 0.31097 0.35150 0.31189 0.34489 0.31354 0.33999 0.31391 0.33632 0.31409 0.33290 0.31299 0.32971 0.31115 0.32605 0.30932 0.32360 0.30712 0.32017 0.30491 0.31552 0.30088 0.31087 0.29812 0.30842 0.29372 0.30475 0.28858 0.30182 0.28105 0.29986 0.27371 0.29962 0.26600 0.29986 0.26435 0.30622 0.26344 0.31185 0.26197 0.32017 0.26123 0.33216
4 0.28993 0.42239 0.28843 0.43548 0.28743 0.44547 0.28743 0.46035 0.28926 0.46945 0.29776 0.47145 0.30658 0.47389 0.31341 0.46945 0.32123 0.46279 0.32872 0.45568 0.33605 0.44547 0.34105 0.43703 0.34471 0.43193 0.34155 0.41950 0.33722 0.40596 0.33255 0.39441 0.33039 0.38886 0.32273 0.38198 0.32074 0.37665 0.31607 0.37621 0.31291 0.37421 0.30908 0.37399 0.30592 0.37798 0.30175 0.38242 0.29626 0.39419 0.29359 0.40462 0.28993 0.42239
4 0.26772 0.41201 0.26287 0.41935 0.25472 0.44079 0.25098 0.45489 0.25450 0.45723 0.25913 0.45958 0.26331 0.46076 0.26793 0.46281 0.27146 0.46017 0.27653 0.45342 0.28093 0.44666 0.28445 0.44167 0.28776 0.43756 0.28908 0.42552 0.29062 0.41554 0.29348 0.40702 0.29437 0.40320 0.29326 0.40174 0.28776 0.39939 0.28093 0.40056 0.27388 0.40526 0.26772 0.41201
2 0.45092 0.32463 0.45063 0.31940 0.45426 0.31613 0.45984 0.31522 0.46818 0.31639 0.47651 0.31783 0.48337 0.32410 0.48818 0.32685 0.49553 0.32646 0.50367 0.32724 0.50769 0.32698 0.50984 0.31809 0.50769 0.30790 0.50259 0.29744 0.49484 0.28750 0.48680 0.28188 0.47641 0.27953 0.46769 0.27979 0.45739 0.28489 0.45092 0.29156 0.44680 0.29953 0.44367 0.30894 0.44406 0.31116 0.44651 0.31639 0.44808 0.32215 0.45092 0.32463
1 0.28647 0.32527 0.28810 0.32941 0.29031 0.33039 0.29325 0.32810 0.29546 0.32494 0.29554 0.32190 0.29717 0.32342 0.29922 0.32309 0.30003 0.32178 0.30036 0.31993 0.29954 0.31906 0.29742 0.31808 0.29725 0.31634 0.29595 0.31296 0.29497 0.31046 0.29309 0.30926 0.29170 0.30795 0.28998 0.30882 0.28721 0.31416 0.28557 0.31808 0.28557 0.32265 0.28647 0.32527
4 0.34444 0.39099 0.34478 0.41097 0.34494 0.43007 0.34644 0.44183 0.35094 0.45227 0.35776 0.45981 0.36342 0.45892 0.36809 0.45449 0.37574 0.44538 0.38640 0.42940 0.39281 0.41963 0.39281 0.41408 0.39246 0.39712 0.39270 0.38371 0.39305 0.37383 0.39316 0.37028 0.39178 0.36797 0.38900 0.36120 0.38495 0.35874 0.37998 0.35874 0.37327 0.36167 0.36369 0.36622 0.35786 0.36688 0.35420 0.36955 0.35027 0.37545 0.34827 0.38011 0.34444 0.39099
4 0.44806 0.32229 0.45065 0.32465 0.45041 0.33233 0.45077 0.33970 0.45276 0.34535 0.45641 0.34880 0.45971 0.35006 0.46982 0.35759 0.47865 0.36245 0.48394 0.36292 0.49065 0.36449 0.49629 0.36433 0.50194 0.36261 0.50912 0.35947 0.51182 0.35774 0.51276 0.34221 0.51112 0.33406 0.50806 0.32684 0.51029 0.31774 0.50782 0.30801 0.50324 0.29766 0.49547 0.28731 0.48570 0.28072 0.47653 0.27853 0.46724 0.27931 0.45759 0.28496 0.45088 0.29154 0.44606 0.30017 0.44335 0.30880 0.44371 0.31115 0.44629 0.31633 0.44806 0.32229
1 0.52378 0.32165 0.51998 0.32751 0.51718 0.33311 0.52398 0.34696 0.52957 0.35202 0.53557 0.35815 0.54216 0.35948 0.54935 0.35975 0.55295 0.35975 0.55814 0.35549 0.55894 0.35176 0.56054 0.34217 0.56234 0.32618 0.56114 0.31420 0.55695 0.30087 0.54556 0.29368 0.53956 0.29395 0.53377 0.29954 0.52977 0.30780 0.52577 0.31606 0.52378 0.32165
4 0.55753 0.38803 0.55493 0.39415 0.55095 0.40476 0.54774 0.41393 0.54636 0.41985 0.54514 0.42454 0.54498 0.42760 0.54651 0.43270 0.55003 0.43800 0.55355 0.44310 0.55783 0.44962 0.55952 0.45248 0.56211 0.45513 0.56869 0.45492 0.57466 0.45288 0.58368 0.45003 0.59224 0.44799 0.59607 0.44636 0.59714 0.44248 0.59836 0.43188 0.59699 0.41720 0.59561 0.40618 0.59133 0.39293 0.58704 0.38375 0.58429 0.37866 0.57940 0.37152 0.57542 0.36968 0.57328 0.36989 0.57129 0.37192 0.56854 0.37519 0.56655 0.37804 0.56410 0.38049 0.56089 0.38355 0.55753 0.38803
1 0.44871 0.32176 0.44946 0.32233 0.45055 0.32365 0.45065 0.31905 0.45192 0.31672 0.45372 0.31539 0.45627 0.31426 0.45840 0.31420 0.46001 0.31338 0.45982 0.31067 0.45883 0.31067 0.45722 0.31142 0.45561 0.31174 0.45443 0.31199 0.45329 0.31331 0.45249 0.31451 0.45102 0.31527 0.45065 0.31489 0.45159 0.31325 0.45235 0.31218 0.45424 0.31123 0.45599 0.31142 0.45632 0.31067 0.45518 0.30966 0.45395 0.30890 0.45268 0.30789 0.45164 0.30909 0.45008 0.31054 0.44904 0.31212 0.44809 0.31489 0.44771 0.31779 0.44776 0.32006 0.44871 0.32176
4 0.49608 0.42310 0.50150 0.43252 0.50729 0.44454 0.51215 0.45409 0.51874 0.46010 0.52394 0.46258 0.52810 0.46380 0.53064 0.46212 0.53469 0.45472 0.53944 0.44223 0.54370 0.42995 0.54509 0.41866 0.54453 0.41237 0.54495 0.39794 0.54314 0.38351 0.53815 0.37370 0.53149 0.36667 0.52205 0.36150 0.51470 0.35909 0.50984 0.35928 0.49999 0.36261 0.49666 0.36667 0.49569 0.37389 0.49654 0.38688 0.49595 0.39983 0.49608 0.42310
1 0.33827 0.32784 0.33894 0.32532 0.33890 0.32417 0.33930 0.32243 0.33902 0.32054 0.33745 0.31891 0.33654 0.31865 0.33489 0.31944 0.33378 0.31860 0.33240 0.31770 0.33153 0.31718 0.33059 0.31665 0.32921 0.31686 0.32866 0.31639 0.32771 0.31623 0.32697 0.31692 0.32661 0.31765 0.32697 0.31828 0.32827 0.31823 0.32890 0.31839 0.32937 0.31854 0.33012 0.31839 0.33205 0.32049 0.33461 0.32411 0.33733 0.32737 0.33827 0.32784
4 0.31312 0.33103 0.31376 0.33426 0.31376 0.33935 0.31210 0.34513 0.31121 0.35057 0.31108 0.35567 0.31070 0.36077 0.31210 0.36502 0.31452 0.36553 0.31580 0.36569 0.31643 0.36672 0.31835 0.36757 0.31936 0.36824 0.32153 0.36808 0.32535 0.36604 0.32867 0.36468 0.33249 0.36417 0.33606 0.36281 0.34129 0.36145 0.34434 0.35975 0.34740 0.35737 0.35327 0.35482 0.35684 0.35040 0.35938 0.34462 0.36091 0.33765 0.36193 0.33069 0.36180 0.32372 0.35658 0.31251 0.34893 0.30027 0.34039 0.28991 0.33198 0.28582 0.32586 0.28515 0.32255 0.28787 0.31962 0.29160 0.31745 0.29721 0.31567 0.30265 0.31478 0.30571 0.31274 0.31455 0.31159 0.32066 0.31146 0.32678 0.31312 0.33103
4 0.44949 0.41977 0.45087 0.42551 0.45725 0.43975 0.46364 0.44826 0.47321 0.44974 0.48209 0.44604 0.48737 0.43790 0.49277 0.42643 0.49527 0.42181 0.49597 0.40479 0.49694 0.39147 0.49694 0.38296 0.49500 0.37352 0.48972 0.36871 0.48764 0.36816 0.47987 0.36871 0.47016 0.36779 0.46378 0.36705 0.45628 0.36705 0.45323 0.36926 0.45101 0.39202 0.45046 0.40608 0.44949 0.41977
4 0.39331 0.40332 0.39347 0.41874 0.39411 0.42195 0.39748 0.42762 0.40166 0.43587 0.40744 0.44486 0.41210 0.44861 0.41988 0.45053 0.42647 0.44647 0.43160 0.43929 0.43683 0.42859 0.43988 0.42045 0.43827 0.41788 0.43867 0.41232 0.43859 0.39701 0.43819 0.37955 0.43683 0.36275 0.43554 0.36093 0.43128 0.35846 0.42695 0.35868 0.42077 0.35932 0.40904 0.36210 0.39780 0.36424 0.39571 0.36574 0.39379 0.37067 0.39331 0.38041 0.39306 0.38866 0.39331 0.40332
2 0.31297 0.31350 0.31067 0.32429 0.31385 0.33122 0.31403 0.33790 0.31201 0.34869 0.31221 0.34947 0.31433 0.34496 0.31730 0.34049 0.31934 0.33404 0.32358 0.32530 0.32676 0.31942 0.32819 0.32211 0.33031 0.32442 0.33331 0.32520 0.33557 0.32831 0.33936 0.33098 0.34176 0.33391 0.34596 0.33684 0.35315 0.34004 0.35415 0.33524 0.35555 0.32911 0.35415 0.32085 0.35654 0.32059 0.36294 0.32592 0.35754 0.31659 0.35055 0.30301 0.33996 0.29022 0.33057 0.28702 0.32418 0.28542 0.31962 0.29270 0.31654 0.30066 0.31297 0.31350
4 0.56152 0.33933 0.56042 0.34594 0.56098 0.34985 0.56373 0.35377 0.56997 0.36184 0.57235 0.36625 0.57364 0.36894 0.57731 0.37041 0.57951 0.37237 0.58208 0.37530 0.58575 0.38093 0.58832 0.38582 0.59034 0.38925 0.59144 0.39219 0.59272 0.39488 0.60117 0.39586 0.60630 0.39341 0.60979 0.38167 0.61273 0.37433 0.61622 0.36233 0.61842 0.35034 0.61842 0.33811 0.61824 0.32832 0.61824 0.32171 0.61108 0.30972 0.60979 0.30777 0.60465 0.30189 0.59933 0.29798 0.59383 0.29455 0.58612 0.29431 0.58135 0.29895 0.57657 0.30728 0.57437 0.31339 0.57235 0.31804 0.57015 0.32294 0.56685 0.32660 0.56483 0.33150 0.56262 0.33493 0.56152 0.33933
