4 0.49564 0.00000 0.20992 0.00499 0.20808 0.00572 0.20082 0.01141 0.18937 0.01718 0.18219 0.02764 0.17810 0.03407 0.16465 0.04623 0.14816 0.06480 0.13616 0.07582 0.12960 0.08555 0.12622 0.09627 0.12207 0.10548 0.11985 0.11657 0.11935 0.12445 0.12086 0.13865 0.12281 0.14784 0.12666 0.15740 0.13414 0.17062 0.13860 0.17929 0.14428 0.19159 0.14931 0.20303 0.15231 0.22118 0.15698 0.23186 0.16951 0.24455 0.17628 0.24859 0.19551 0.26710 0.20345 0.27061 0.22416 0.27669 0.24136 0.28100 0.25779 0.28255 0.28092 0.28310 0.30149 0.28178 0.31796 0.28014 0.33855 0.27931 0.35553 0.27718 0.37262 0.27505 0.38955 0.26967 0.41006 0.26430 0.42456 0.25801 0.44447 0.24892 0.46204 0.24400 0.48610 0.23118 0.49936 0.22037 0.51137 0.21007 0.52086 0.19972 0.53738 0.17098 0.54563 0.15604 0.54851 0.14637 0.55319 0.13755 0.55561 0.13154 0.55662 0.12326 0.55337 0.11179 0.55248 0.09709 0.54978 0.08052 0.54835 0.06497 0.54198 0.04942 0.53570 0.03848 0.52877 0.02667 0.51582 0.01354 0.50411 0.00500 0.49851 0.00000 0.49564 0.00000
1 0.28333 0.16150 0.28431 0.16054 0.28078 0.15777 0.27851 0.15593 0.27499 0.15411 0.27537 0.16164 0.27987 0.16287 0.28333 0.16150
1 0.40094 0.48707 0.41075 0.48464 0.41428 0.48119 0.41362 0.47781 0.40825 0.47791 0.39608 0.48241 0.38806 0.48481 0.37702 0.48523 0.36448 0.48567 0.35080 0.48885 0.34373 0.49417 0.35959 0.49615 0.37357 0.49320 0.38695 0.48957 0.40094 0.48707
1 0.43139 0.34926 0.42682 0.35141 0.42918 0.35442 0.43163 0.35492 0.43389 0.35227 0.43139 0.34926
1 0.26117 0.10315 0.26579 0.11165 0.26569 0.10555 0.26493 0.09630 0.26804 0.08654 0.26886 0.08223 0.26671 0.07865 0.26187 0.09229 0.26117 0.10315
1 0.63995 0.56990 0.64403 0.57586 0.65056 0.57894 0.65556 0.58036 0.66035 0.58385 0.66551 0.58000 0.67150 0.58102 0.67943 0.57919 0.68167 0.57896 0.68486 0.57684 0.67065 0.57539 0.66037 0.57068 0.64987 0.56804 0.63835 0.56410 0.62761 0.56146 0.61939 0.56122 0.61621 0.56448 0.61927 0.56857 0.63321 0.56870 0.63995 0.56990
1 0.24586 0.16925 0.24113 0.17159 0.24444 0.17311 0.25189 0.17208 0.25901 0.16992 0.26700 0.16526 0.26575 0.16235 0.25656 0.16612 0.24586 0.16925
1 0.40055 0.58843 0.40135 0.59248 0.40458 0.59521 0.40825 0.59514 0.41286 0.59303 0.41377 0.58931 0.41199 0.58527 0.40367 0.58504 0.40055 0.58843
1 0.41581 0.54030 0.41798 0.53847 0.41814 0.53768 0.41819 0.53746 0.41673 0.53630 0.41550 0.53580 0.41315 0.53698 0.41074 0.53785 0.40862 0.53903 0.40743 0.54093 0.40741 0.54277 0.40939 0.54383 0.41198 0.54295 0.41399 0.54178 0.41581 0.54030
1 0.56345 0.93086 0.54799 0.93273 0.56350 0.93352 0.57545 0.93278 0.58117 0.93721 0.57706 0.94287 0.57405 0.95198 0.57248 0.96374 0.57760 0.97457 0.58460 0.97179 0.58938 0.96345 0.59562 0.95747 0.59395 0.94258 0.58991 0.93333 0.57465 0.92559 0.56345 0.93086
4 0.50436 1.00000 0.63330 0.99775 0.64963 0.97818 0.65701 0.96756 0.66916 0.94159 0.67882 0.91662 0.68474 0.89457 0.68570 0.87738 0.68422 0.86501 0.68122 0.83739 0.67445 0.81080 0.65919 0.80343 0.64523 0.79891 0.62362 0.78879 0.61080 0.77661 0.59417 0.76355 0.57759 0.75239 0.55469 0.74134 0.53691 0.73402 0.51030 0.72685 0.49258 0.72335 0.46226 0.72006 0.42814 0.71588 0.40035 0.71351 0.37255 0.71018 0.36117 0.70846 0.32841 0.70999 0.31077 0.71125 0.28941 0.71544 0.26557 0.72254 0.24429 0.73149 0.22057 0.74526 0.20567 0.75888 0.19083 0.77536 0.18106 0.79365 0.17510 0.81379 0.16779 0.82823 0.15804 0.84748 0.14825 0.86482 0.14097 0.88117 0.12997 0.90139 0.11406 0.92934 0.10556 0.94761 0.10214 0.96866 0.09987 0.98301 0.09886 0.99734 0.09820 1.00000 0.50436 1.00000
1 0.33283 0.18831 0.34279 0.18851 0.35397 0.18756 0.36242 0.18685 0.36836 0.18543 0.37606 0.18435 0.37478 0.18193 0.36928 0.18070 0.35766 0.18524 0.34575 0.18714 0.33353 0.18566 0.32378 0.18319 0.31849 0.17952 0.31222 0.17699 0.31479 0.18147 0.32506 0.18543 0.33283 0.18831
4 0.25881 0.65375 0.28172 0.66937 0.31121 0.68543 0.34213 0.69926 0.38459 0.70514 0.43149 0.71427 0.47394 0.71906 0.51038 0.71455 0.54964 0.70447 0.59765 0.69369 0.64200 0.68187 0.69554 0.65331 0.73221 0.62007 0.74235 0.57293 0.76429 0.53332 0.76807 0.49845 0.75787 0.45830 0.73166 0.42118 0.70700 0.38902 0.71018 0.36189 0.69771 0.31680 0.66870 0.28692 0.64202 0.26473 0.59847 0.23842 0.56754 0.22405 0.53180 0.22633 0.48815 0.23593 0.44896 0.25043 0.41265 0.26211 0.37566 0.27712 0.33192 0.28175 0.28840 0.29908 0.24725 0.32632 0.22094 0.36711 0.21215 0.40760 0.21292 0.45178 0.21405 0.51696 0.20617 0.52539 0.21011 0.54189 0.21503 0.57274 0.23555 0.61880 0.25881 0.65375
2 0.34887 0.81314 0.35139 0.81310 0.35521 0.81494 0.37030 0.81277 0.38032 0.80878 0.39545 0.80851 0.41068 0.81397 0.41957 0.81763 0.44242 0.82582 0.46907 0.83585 0.49815 0.84011 0.51323 0.83699 0.53319 0.82424 0.54161 0.80119 0.54005 0.78405 0.53093 0.76703 0.50042 0.75326 0.47638 0.74891 0.44115 0.75334 0.42350 0.75365 0.41594 0.75378 0.37812 0.75444 0.34786 0.75497 0.32390 0.75538 0.31138 0.76037 0.30785 0.77475 0.31058 0.78710 0.32344 0.80118 0.33872 0.80950 0.34887 0.81314
1 0.46956 0.59019 0.47273 0.58976 0.46996 0.58518 0.47308 0.58161 0.47346 0.57550 0.47486 0.57177 0.47043 0.57037 0.46639 0.57710 0.46956 0.59019
1 0.54645 0.57436 0.54287 0.56877 0.53706 0.56417 0.53437 0.56647 0.53036 0.57935 0.52754 0.58881 0.52619 0.59693 0.52581 0.60390 0.52862 0.60799 0.53480 0.60581 0.54115 0.59855 0.54426 0.59115 0.54583 0.58171 0.54645 0.57436
1 0.47652 0.39430 0.47592 0.37669 0.47363 0.36566 0.47025 0.36007 0.46276 0.35862 0.46971 0.38064 0.46951 0.40346 0.47652 0.39430
1 0.54779 0.43937 0.55264 0.44380 0.56756 0.44309 0.57916 0.44040 0.59706 0.43919 0.61373 0.43596 0.62715 0.43505 0.63461 0.43469 0.64788 0.42475 0.65945 0.42047 0.66926 0.41782 0.67759 0.41632 0.68351 0.41305 0.68790 0.40823 0.68901 0.40347 0.68834 0.39896 0.68534 0.39834 0.67645 0.40256 0.66111 0.41322 0.65167 0.41994 0.64784 0.42249 0.63632 0.42969 0.62441 0.43193 0.60291 0.43208 0.59067 0.43207 0.57369 0.43507 0.55880 0.43692 0.54779 0.43937
