2 0.57102 0.55049 0.56275 0.52643 0.56231 0.50359 0.55953 0.47492 0.55385 0.41500 0.54975 0.38135 0.53276 0.35362 0.49962 0.33083 0.46825 0.33584 0.46472 0.34375 0.47166 0.36023 0.49864 0.44973 0.52087 0.52756 0.53213 0.53547 0.55342 0.56244 0.56080 0.58145 0.57291 0.57879 0.57102 0.55049
2 0.43250 0.58532 0.46300 0.60078 0.48458 0.61155 0.51680 0.63659 0.51628 0.61585 0.52116 0.57490 0.51950 0.53249 0.49846 0.44872 0.46870 0.35867 0.46308 0.34717 0.45341 0.34314 0.42643 0.34530 0.39899 0.36732 0.38414 0.39233 0.38359 0.42732 0.39055 0.45941 0.38888 0.48783 0.39181 0.52220 0.40640 0.54931 0.42040 0.55986 0.43250 0.58532
4 0.19959 0.30332 0.19116 0.35120 0.18779 0.40174 0.18575 0.45113 0.19025 0.49847 0.19314 0.54239 0.19983 0.58330 0.20555 0.63311 0.22060 0.67060 0.24203 0.70513 0.26252 0.72561 0.28391 0.74236 0.32559 0.74391 0.38793 0.73205 0.44859 0.71063 0.49049 0.68719 0.51560 0.67295 0.52092 0.65952 0.51951 0.64284 0.51791 0.62082 0.51828 0.60114 0.52307 0.57178 0.52013 0.54644 0.51827 0.52715 0.51159 0.49800 0.50024 0.45097 0.47914 0.38782 0.46588 0.35179 0.45929 0.34046 0.45705 0.33643 0.45343 0.33346 0.45133 0.33027 0.44954 0.32881 0.44326 0.32367 0.43968 0.32074 0.43850 0.31826 0.43671 0.31680 0.43386 0.31374 0.43146 0.30883 0.42994 0.30463 0.42426 0.29404 0.41691 0.28284 0.41315 0.27908 0.40895 0.27265 0.40164 0.26592 0.39521 0.25993 0.38668 0.25072 0.36712 0.23989 0.34686 0.23366 0.32433 0.22782 0.30336 0.22618 0.28220 0.22813 0.25754 0.23604 0.23197 0.24771 0.21226 0.27080 0.19959 0.30332
4 0.00000 0.54374 0.05106 0.83332 0.05777 0.83578 0.07802 0.84519 0.10401 0.85032 0.11569 0.84288 0.12878 0.82760 0.13991 0.80620 0.14937 0.78617 0.15900 0.76182 0.17306 0.72046 0.17417 0.68464 0.16926 0.66715 0.16141 0.64910 0.15681 0.62830 0.15390 0.61692 0.15132 0.60227 0.14510 0.58284 0.13437 0.55883 0.11930 0.53667 0.10154 0.51493 0.08416 0.49534 0.06478 0.47498 0.04160 0.45425 0.01611 0.43609 0.00000 0.42689 0.00000 0.54374
1 0.48226 0.60901 0.48406 0.60652 0.48077 0.59842 0.47698 0.59388 0.46957 0.58782 0.46351 0.57673 0.45580 0.57115 0.44738 0.56786 0.43613 0.56333 0.44009 0.57522 0.44353 0.58199 0.45052 0.58987 0.46250 0.59644 0.46984 0.60209 0.47558 0.60498 0.48226 0.60901
4 0.82290 0.06015 0.80886 0.07704 0.79581 0.09092 0.78197 0.11766 0.77605 0.14570 0.77874 0.16961 0.78335 0.19579 0.78896 0.20999 0.79335 0.21733 0.79446 0.23254 0.78866 0.24793 0.78797 0.26154 0.79106 0.28352 0.79657 0.30142 0.80567 0.32681 0.81252 0.34361 0.81982 0.36745 0.82545 0.38182 0.83486 0.40446 0.83808 0.41830 0.84250 0.43913 0.84496 0.45306 0.85252 0.46522 0.85767 0.47243 0.86444 0.48013 0.88597 0.48814 0.90344 0.49044 0.92445 0.49125 0.94146 0.49094 0.95991 0.49037 0.97208 0.48467 0.98760 0.46301 0.99478 0.45546 0.99916 0.45147 0.93907 0.11070 0.92178 0.09839 0.91227 0.08848 0.89705 0.07225 0.87231 0.05053 0.84957 0.04456 0.82290 0.06015
1 0.55943 0.53005 0.55426 0.54094 0.54868 0.54106 0.54952 0.55219 0.55716 0.55953 0.56077 0.55672 0.56518 0.55421 0.57047 0.55241 0.56965 0.54778 0.56520 0.54162 0.55943 0.53005
4 0.51817 0.52513 0.51941 0.52921 0.52118 0.53016 0.52472 0.53201 0.52616 0.53422 0.52742 0.53526 0.52972 0.53920 0.53263 0.54363 0.53356 0.54594 0.53625 0.54915 0.54112 0.55263 0.54281 0.55607 0.54917 0.56797 0.55248 0.57172 0.55688 0.58145 0.55937 0.58348 0.56607 0.58230 0.56969 0.58166 0.57486 0.58387 0.57964 0.58984 0.58631 0.60351 0.59226 0.61608 0.59635 0.62404 0.59831 0.62925 0.60219 0.63599 0.60936 0.64340 0.62002 0.64647 0.63862 0.64631 0.66105 0.64357 0.68958 0.63915 0.71167 0.63465 0.73222 0.62734 0.75114 0.61966 0.76217 0.61277 0.77969 0.60035 0.79266 0.58943 0.81198 0.58107 0.82518 0.57441 0.83760 0.55425 0.84465 0.53070 0.84975 0.51431 0.84946 0.49766 0.84728 0.46710 0.84385 0.44167 0.83670 0.41321 0.82415 0.37827 0.81349 0.35103 0.80281 0.32072 0.78654 0.28584 0.76921 0.24493 0.74920 0.20385 0.73140 0.17852 0.71694 0.16003 0.69768 0.14732 0.68047 0.13734 0.66083 0.11976 0.63963 0.11729 0.62711 0.11889 0.61421 0.12425 0.60031 0.13290 0.58855 0.14179 0.57578 0.15085 0.56350 0.16291 0.55352 0.16962 0.54361 0.17696 0.52638 0.18803 0.50597 0.20525 0.49220 0.22691 0.48794 0.24805 0.48144 0.27150 0.47451 0.29256 0.46859 0.31339 0.46648 0.32556 0.46184 0.33567 0.46407 0.34517 0.47063 0.36137 0.47819 0.38603 0.48593 0.40879 0.49954 0.44974 0.50425 0.46440 0.50649 0.47390 0.51047 0.49056 0.51309 0.50247 0.51576 0.51441 0.51817 0.52513
1 0.51798 0.59985 0.51014 0.59776 0.50292 0.60337 0.49742 0.60391 0.49504 0.60736 0.49847 0.61414 0.50637 0.61448 0.50979 0.61691 0.51320 0.61718 0.51368 0.61145 0.51373 0.60537 0.51798 0.59985
4 0.33534 0.89893 0.34300 0.90005 0.35281 0.89832 0.36638 0.89966 0.38687 0.90407 0.40994 0.90495 0.42512 0.90041 0.44081 0.89582 0.46035 0.89485 0.47617 0.89393 0.49300 0.88970 0.50260 0.88059 0.50558 0.87633 0.50881 0.85845 0.50629 0.84709 0.50386 0.83949 0.50063 0.83324 0.49574 0.82668 0.49062 0.81583 0.48707 0.80778 0.48114 0.79828 0.47353 0.78539 0.47009 0.77796 0.46381 0.75737 0.46212 0.74778 0.46215 0.73289 0.46265 0.72664 0.47152 0.71640 0.47842 0.71023 0.48467 0.70353 0.48414 0.70054 0.48342 0.69941 0.47638 0.69571 0.46594 0.70002 0.45491 0.70691 0.44317 0.71272 0.42509 0.71898 0.40258 0.72729 0.38338 0.73628 0.37068 0.74285 0.36296 0.74730 0.35367 0.75202 0.34065 0.75991 0.32748 0.76965 0.31614 0.78094 0.31071 0.78932 0.30431 0.79539 0.29960 0.80803 0.29904 0.81988 0.30385 0.83513 0.31189 0.85043 0.31813 0.86169 0.32533 0.87839 0.32952 0.89006 0.33534 0.89893
4 0.48391 0.80169 0.49247 0.81533 0.49994 0.82738 0.50968 0.84349 0.51810 0.85629 0.52245 0.86802 0.52758 0.88404 0.53714 0.88595 0.55019 0.88183 0.56416 0.87403 0.59049 0.86670 0.61995 0.85972 0.64788 0.84412 0.66333 0.83159 0.68068 0.82137 0.70002 0.80907 0.70591 0.79466 0.70883 0.78074 0.70610 0.76521 0.70083 0.72244 0.69675 0.70354 0.69252 0.68823 0.68471 0.67442 0.67615 0.66079 0.67348 0.65857 0.66598 0.65099 0.65544 0.65194 0.64429 0.65391 0.61300 0.65942 0.58789 0.66476 0.56110 0.67396 0.54298 0.67980 0.52052 0.68732 0.50192 0.69507 0.48605 0.70502 0.47311 0.71442 0.46185 0.72444 0.46029 0.74163 0.46468 0.76230 0.47222 0.77880 0.48391 0.80169
