4 0.60214 0.55111 0.60872 0.55188 0.61620 0.54917 0.61743 0.53979 0.62145 0.53349 0.62375 0.50627 0.62254 0.46540 0.61777 0.43356 0.61274 0.40893 0.60321 0.39339 0.58400 0.39495 0.57058 0.39399 0.56576 0.40310 0.55356 0.41369 0.54526 0.43349 0.53922 0.44874 0.53712 0.46821 0.53724 0.49420 0.53921 0.53172 0.54055 0.54548 0.54466 0.55854 0.55386 0.56193 0.57338 0.56035 0.59389 0.55983 0.60214 0.55111
4 0.44016 0.54104 0.44711 0.53711 0.45020 0.53593 0.44868 0.52889 0.44898 0.51819 0.44956 0.50187 0.45016 0.48606 0.45035 0.47333 0.44894 0.46272 0.44207 0.45188 0.43323 0.43606 0.42742 0.42364 0.41778 0.40888 0.41022 0.40673 0.39969 0.40780 0.39383 0.41624 0.38861 0.43687 0.38923 0.45414 0.38931 0.47195 0.39027 0.49022 0.39187 0.50438 0.39424 0.51698 0.40033 0.52939 0.40992 0.53753 0.41929 0.54162 0.42908 0.54264 0.44016 0.54104
4 0.63690 0.53467 0.64348 0.53697 0.65100 0.53834 0.65662 0.53805 0.66536 0.53406 0.67208 0.52959 0.67694 0.52108 0.68154 0.50464 0.68289 0.48602 0.68202 0.46310 0.68122 0.44782 0.68037 0.43167 0.67873 0.41615 0.67710 0.40416 0.67140 0.40269 0.66344 0.40576 0.65592 0.41087 0.64966 0.41473 0.64326 0.42213 0.63774 0.43067 0.63086 0.44163 0.62791 0.44532 0.62110 0.45127 0.62230 0.46151 0.62305 0.47267 0.62346 0.48678 0.62347 0.49974 0.62330 0.50917 0.62294 0.51802 0.62274 0.52363 0.62466 0.52883 0.62848 0.53216 0.63690 0.53467
4 0.59967 0.60009 0.60016 0.60398 0.60055 0.60771 0.60078 0.61043 0.60099 0.61246 0.60144 0.61380 0.60812 0.61311 0.61226 0.61170 0.61694 0.60958 0.62143 0.60747 0.62489 0.60576 0.63023 0.60343 0.63434 0.60134 0.63713 0.59966 0.63640 0.59680 0.63564 0.58951 0.63495 0.58358 0.63515 0.57659 0.63567 0.56991 0.63600 0.56342 0.63679 0.55656 0.63712 0.55195 0.63710 0.54785 0.63681 0.54242 0.63660 0.53834 0.63655 0.53561 0.63610 0.53427 0.62968 0.53256 0.62602 0.53037 0.62390 0.52827 0.62247 0.52476 0.62217 0.52819 0.62194 0.53110 0.62139 0.53351 0.62007 0.53579 0.61847 0.53809 0.61752 0.54019 0.61658 0.54416 0.61619 0.54776 0.61597 0.54896 0.60961 0.55202 0.60760 0.55212 0.60510 0.55192 0.60327 0.55167 0.60128 0.55229 0.59665 0.55713 0.59274 0.56109 0.59215 0.56452 0.59178 0.56847 0.59167 0.57375 0.59117 0.57685 0.59101 0.58129 0.59289 0.58971 0.59506 0.59267 0.59681 0.59496 0.59816 0.59693 0.59967 0.60009
4 0.46444 0.60549 0.47079 0.60904 0.47414 0.60852 0.47644 0.60310 0.47791 0.59701 0.48062 0.59192 0.48243 0.58087 0.48226 0.57381 0.48167 0.57031 0.47095 0.56663 0.46386 0.56417 0.46125 0.56361 0.45471 0.55264 0.44986 0.53593 0.44154 0.54025 0.44008 0.54280 0.43895 0.55170 0.43857 0.56338 0.43744 0.57581 0.43759 0.58251 0.44073 0.58553 0.44432 0.58958 0.44663 0.59193 0.45246 0.59693 0.45908 0.60188 0.46444 0.60549
4 0.64335 0.58795 0.64349 0.59060 0.64392 0.59221 0.64720 0.59101 0.65025 0.58779 0.65297 0.58478 0.65756 0.57800 0.66100 0.57332 0.66615 0.56630 0.67002 0.56119 0.67365 0.55589 0.67739 0.55037 0.68123 0.54670 0.68383 0.54369 0.68643 0.54070 0.68627 0.53764 0.68462 0.53240 0.68314 0.52614 0.68168 0.51804 0.67986 0.51405 0.67913 0.51326 0.67753 0.52010 0.67559 0.52470 0.67334 0.52788 0.66853 0.53264 0.65945 0.53720 0.65321 0.53896 0.64497 0.53755 0.63903 0.53623 0.63827 0.54138 0.63821 0.54690 0.63839 0.55467 0.63886 0.56139 0.63946 0.56852 0.64055 0.57173 0.64146 0.57598 0.64247 0.58206 0.64287 0.58531 0.64335 0.58795
4 0.51933 0.56208 0.52596 0.56394 0.53453 0.56128 0.53816 0.55334 0.53938 0.53503 0.53740 0.48535 0.53414 0.45287 0.52825 0.43549 0.51521 0.40630 0.50619 0.38852 0.49789 0.38453 0.48869 0.38114 0.47726 0.38284 0.46937 0.39818 0.46238 0.41349 0.45510 0.43490 0.45033 0.45672 0.44946 0.48166 0.44856 0.52983 0.45431 0.55055 0.46125 0.56401 0.47987 0.56912 0.49917 0.56922 0.51118 0.56693 0.51933 0.56208
4 0.54561 0.62606 0.54646 0.62921 0.55129 0.62920 0.55538 0.62825 0.56110 0.62673 0.56608 0.62425 0.57290 0.62267 0.57768 0.62168 0.58250 0.62143 0.58492 0.62032 0.58684 0.61482 0.58772 0.60521 0.58837 0.59658 0.59023 0.57930 0.59132 0.56845 0.59178 0.56155 0.59157 0.56009 0.55346 0.56258 0.54923 0.56084 0.54626 0.55952 0.54468 0.55838 0.54377 0.55671 0.54302 0.55307 0.54226 0.55163 0.54159 0.55216 0.54099 0.55636 0.54041 0.56375 0.54058 0.57503 0.54108 0.58458 0.54123 0.59267 0.54179 0.60074 0.54275 0.60854 0.54400 0.61657 0.54474 0.62267 0.54561 0.62606
4 0.68852 0.52964 0.69387 0.53377 0.69884 0.53381 0.70827 0.53361 0.71422 0.53006 0.72047 0.52296 0.72394 0.51335 0.72618 0.49910 0.72820 0.48397 0.73014 0.46414 0.73183 0.44903 0.73352 0.43068 0.73489 0.40941 0.73599 0.39551 0.73569 0.38345 0.73268 0.37978 0.72897 0.37850 0.72144 0.37713 0.71780 0.38027 0.71456 0.38485 0.71010 0.39451 0.70245 0.40993 0.69691 0.42111 0.69179 0.43405 0.68763 0.44634 0.68340 0.45716 0.68290 0.46043 0.68284 0.46868 0.68312 0.48045 0.68318 0.49104 0.68213 0.49934 0.68063 0.50885 0.68294 0.51491 0.68517 0.52274 0.68852 0.52964
4 0.50826 0.62169 0.51304 0.62438 0.51914 0.62701 0.52353 0.62855 0.52761 0.63069 0.53200 0.63222 0.53194 0.62162 0.53201 0.61338 0.53327 0.60595 0.53547 0.59729 0.53621 0.58930 0.53760 0.58098 0.53828 0.57182 0.53851 0.56356 0.53858 0.55855 0.53827 0.55592 0.53551 0.56018 0.53382 0.56263 0.52859 0.56408 0.52580 0.56452 0.52263 0.56410 0.51931 0.56398 0.51736 0.56467 0.51413 0.56631 0.51061 0.56856 0.49841 0.56979 0.48801 0.57033 0.48798 0.57298 0.48800 0.57976 0.48872 0.58708 0.48969 0.59292 0.49156 0.60018 0.49374 0.60714 0.49533 0.61206 0.49853 0.61631 0.50349 0.61929 0.50826 0.62169
