4 0.61282 0.62274 0.61305 0.62908 0.61634 0.63824 0.62339 0.64881 0.62832 0.65727 0.63091 0.66432 0.63419 0.67277 0.63795 0.67877 0.64265 0.68194 0.64853 0.68264 0.65275 0.68264 0.65863 0.68229 0.66333 0.67736 0.66826 0.67207 0.67319 0.66573 0.67742 0.65727 0.68118 0.64600 0.68400 0.63401 0.68588 0.61886 0.68729 0.60336 0.68870 0.58997 0.68940 0.57869 0.68964 0.55579 0.68940 0.55438 0.68635 0.55297 0.67625 0.54874 0.66920 0.54662 0.66544 0.54204 0.66145 0.53676 0.65910 0.53041 0.65581 0.53394 0.65040 0.54028 0.64406 0.54662 0.63654 0.55121 0.62973 0.55614 0.62175 0.56037 0.61986 0.56107 0.61587 0.56178 0.61446 0.57940 0.61352 0.60300 0.61258 0.61428 0.61282 0.62274
4 0.32152 0.55501 0.32096 0.56643 0.31842 0.58503 0.31673 0.60195 0.31475 0.61971 0.31306 0.63620 0.31278 0.64635 0.31504 0.65184 0.32011 0.65988 0.32829 0.66707 0.33956 0.67510 0.34745 0.67806 0.35281 0.67848 0.35760 0.67214 0.36099 0.66115 0.36155 0.65607 0.36944 0.63958 0.37818 0.62647 0.38297 0.61886 0.38608 0.60956 0.38636 0.59645 0.38382 0.57319 0.38410 0.55332 0.38495 0.53514 0.38636 0.52795 0.38748 0.52245 0.38410 0.51907 0.37903 0.51357 0.37677 0.51230 0.37339 0.51526 0.36465 0.52034 0.34041 0.51653 0.33505 0.51400 0.33280 0.51400 0.32885 0.52203 0.32659 0.53048 0.32321 0.54317 0.32152 0.55501
4 0.38608 0.53577 0.38467 0.54888 0.38410 0.56325 0.38410 0.57467 0.38664 0.59920 0.38664 0.60766 0.38748 0.61780 0.38946 0.62922 0.39115 0.63895 0.39453 0.64614 0.40017 0.65248 0.40891 0.65755 0.41483 0.66009 0.42498 0.65924 0.43174 0.65586 0.44443 0.64529 0.45317 0.63091 0.45627 0.62541 0.45824 0.60723 0.45655 0.58144 0.45542 0.55311 0.45514 0.54296 0.44753 0.54085 0.42864 0.53492 0.41567 0.52900 0.40412 0.51801 0.40130 0.51040 0.39538 0.51209 0.39087 0.51547 0.38833 0.52224 0.38608 0.53577
4 0.31758 0.40613 0.31208 0.43364 0.31119 0.45650 0.31060 0.47445 0.31510 0.48777 0.32398 0.50242 0.33410 0.51228 0.33996 0.51573 0.35400 0.51784 0.36408 0.51999 0.37456 0.51270 0.38735 0.50234 0.39733 0.49505 0.39962 0.48854 0.40525 0.42984 0.41062 0.39992 0.40346 0.39761 0.39400 0.38803 0.38223 0.37575 0.36945 0.35695 0.36101 0.34544 0.34592 0.34314 0.33569 0.34890 0.32878 0.36405 0.32433 0.38162 0.31758 0.40613
4 0.68872 0.60464 0.68813 0.61815 0.68793 0.62696 0.69361 0.63166 0.69890 0.63959 0.70164 0.64428 0.70516 0.65251 0.70810 0.66161 0.71084 0.66690 0.71260 0.67277 0.71338 0.67952 0.71456 0.68422 0.71514 0.68921 0.72337 0.69127 0.73198 0.68921 0.73766 0.68363 0.74314 0.67629 0.74823 0.66836 0.75253 0.65104 0.75430 0.62197 0.75567 0.60112 0.75528 0.58145 0.75430 0.56764 0.75253 0.55325 0.74979 0.54180 0.74862 0.53945 0.73746 0.54856 0.73178 0.55355 0.72376 0.55766 0.71632 0.55619 0.71182 0.55854 0.70731 0.55971 0.69987 0.55825 0.69185 0.55384 0.69048 0.55384 0.68989 0.55502 0.68989 0.56441 0.68989 0.57704 0.68911 0.59025 0.68872 0.60464
4 0.66100 0.47986 0.66023 0.52782 0.66304 0.53817 0.67046 0.54700 0.67967 0.55122 0.68913 0.55275 0.70012 0.55850 0.70805 0.56042 0.71598 0.55659 0.72519 0.55659 0.73670 0.54930 0.74539 0.54086 0.75230 0.53395 0.75613 0.52206 0.75741 0.50403 0.75613 0.47871 0.75204 0.45148 0.74923 0.42923 0.74514 0.39777 0.73746 0.37360 0.73209 0.36554 0.72314 0.36209 0.70729 0.37015 0.69117 0.38703 0.67430 0.40621 0.66279 0.41733 0.65818 0.42194 0.65920 0.44227 0.66100 0.47986
4 0.46391 0.65780 0.46757 0.66668 0.47152 0.67345 0.47293 0.67726 0.47687 0.68191 0.48026 0.68529 0.48392 0.68868 0.49041 0.69121 0.49520 0.69121 0.50225 0.69036 0.50845 0.68656 0.51099 0.68106 0.51719 0.67134 0.52198 0.66415 0.52621 0.65358 0.52931 0.63962 0.53128 0.62863 0.53213 0.61848 0.53297 0.60749 0.53382 0.59988 0.53495 0.58677 0.53579 0.57620 0.53664 0.56309 0.53720 0.55336 0.53748 0.54702 0.53636 0.54195 0.53382 0.53560 0.52903 0.52207 0.52875 0.52165 0.52452 0.52841 0.52057 0.53391 0.51409 0.53983 0.49210 0.54279 0.47659 0.54068 0.46109 0.54195 0.45602 0.54195 0.45602 0.54490 0.45714 0.58338 0.45996 0.62567 0.46222 0.64893 0.46391 0.65780
4 0.41446 0.38549 0.40448 0.43958 0.40039 0.48869 0.40116 0.50557 0.40500 0.51784 0.41753 0.52858 0.43364 0.53702 0.45640 0.54163 0.47098 0.54163 0.47916 0.54086 0.48683 0.54278 0.49425 0.54239 0.51266 0.53971 0.52213 0.53395 0.52852 0.52053 0.53082 0.47257 0.53185 0.44419 0.52596 0.41273 0.51829 0.38703 0.50525 0.35519 0.49297 0.33754 0.47379 0.31913 0.45742 0.31759 0.44566 0.32105 0.43441 0.33409 0.42315 0.36018 0.41446 0.38549
4 0.53657 0.58538 0.53578 0.59536 0.53539 0.60505 0.53461 0.61768 0.53441 0.62649 0.53363 0.63765 0.53383 0.64558 0.53383 0.64998 0.53500 0.65556 0.53715 0.66232 0.53813 0.66584 0.54029 0.67171 0.54264 0.67758 0.54459 0.68493 0.54596 0.68845 0.54675 0.69197 0.54812 0.69667 0.55086 0.70196 0.55497 0.70372 0.56221 0.70460 0.56848 0.70342 0.57513 0.70372 0.58198 0.70313 0.58433 0.70108 0.58747 0.69873 0.59060 0.69638 0.59432 0.68963 0.59647 0.68082 0.59941 0.67142 0.60293 0.65673 0.60547 0.64704 0.60783 0.63824 0.60978 0.62708 0.61174 0.61210 0.61252 0.60065 0.61331 0.58949 0.61409 0.57686 0.61487 0.56512 0.61409 0.56012 0.58512 0.55748 0.56358 0.55425 0.55849 0.55190 0.55301 0.55308 0.54910 0.55337 0.54342 0.55043 0.54029 0.54779 0.53970 0.54691 0.53892 0.54662 0.53853 0.55278 0.53794 0.56424 0.53715 0.57334 0.53657 0.58538
4 0.53057 0.48485 0.52954 0.52129 0.53645 0.53932 0.54259 0.54891 0.55077 0.55352 0.55895 0.55160 0.56893 0.55428 0.58197 0.55659 0.60192 0.55774 0.62136 0.55927 0.63926 0.55160 0.65179 0.53894 0.66023 0.52743 0.66125 0.50020 0.66023 0.45570 0.65767 0.42040 0.65409 0.39969 0.64463 0.36861 0.63338 0.34675 0.61598 0.33754 0.59962 0.33524 0.58888 0.34176 0.57788 0.35058 0.56100 0.37130 0.55026 0.39010 0.54003 0.41772 0.53415 0.44035 0.53057 0.48485
