4 0.59189 0.69853 0.59420 0.70522 0.59807 0.70936 0.60363 0.71137 0.60775 0.71232 0.61355 0.71330 0.61924 0.70955 0.62524 0.70551 0.63147 0.70044 0.63750 0.69315 0.64369 0.68301 0.64914 0.67197 0.65438 0.65763 0.65924 0.64284 0.66362 0.63011 0.66685 0.61928 0.67223 0.59702 0.67231 0.59559 0.66966 0.59353 0.66076 0.58714 0.65437 0.58349 0.65174 0.57818 0.64904 0.57213 0.64818 0.56542 0.64418 0.56812 0.63749 0.57308 0.62988 0.57784 0.62152 0.58061 0.61378 0.58388 0.60505 0.58621 0.60305 0.58647 0.59900 0.58626 0.59367 0.60311 0.58744 0.62590 0.58399 0.63668 0.58232 0.64497 0.58112 0.65120 0.58226 0.66087 0.58675 0.67275 0.58966 0.68211 0.59059 0.68955 0.59189 0.69853
4 0.28466 0.60048 0.28562 0.60634 0.28876 0.61531 0.29511 0.62416 0.30429 0.63452 0.31131 0.63918 0.31643 0.64080 0.32253 0.63570 0.32830 0.62574 0.32999 0.62093 0.34139 0.60663 0.35285 0.59583 0.35924 0.58949 0.36435 0.58112 0.36757 0.56841 0.37033 0.54518 0.37508 0.52588 0.37999 0.50835 0.38298 0.50167 0.38532 0.49656 0.38278 0.49251 0.37907 0.48601 0.37716 0.48427 0.37320 0.48639 0.36355 0.48937 0.34078 0.48021 0.33613 0.47653 0.33393 0.47602 0.32828 0.48296 0.32418 0.49070 0.31803 0.50230 0.31372 0.51345 0.31060 0.52445 0.30394 0.54201 0.29849 0.55811 0.29257 0.57497 0.28722 0.59065 0.28466 0.60048
4 0.36387 0.58947 0.36322 0.60104 0.36268 0.61090 0.36436 0.61867 0.36843 0.62611 0.37580 0.63302 0.38100 0.63683 0.39108 0.63828 0.39843 0.63651 0.41317 0.62906 0.42492 0.61702 0.42918 0.61236 0.43519 0.59509 0.43934 0.56958 0.44462 0.54172 0.44663 0.53177 0.43969 0.52800 0.42262 0.51798 0.41131 0.50929 0.40252 0.49598 0.40149 0.48793 0.39534 0.48825 0.39018 0.49053 0.38619 0.49655 0.38095 0.50923 0.37663 0.52168 0.37284 0.53556 0.37028 0.54669 0.36723 0.57115 0.36533 0.57940 0.36387 0.58947
4 0.33559 0.47465 0.34052 0.47933 0.35373 0.48454 0.36306 0.48890 0.37492 0.48416 0.38971 0.47694 0.40107 0.47208 0.40477 0.46625 0.42346 0.41032 0.43543 0.38238 0.42897 0.37852 0.42190 0.36705 0.41320 0.35244 0.40497 0.33125 0.39934 0.31814 0.38515 0.31250 0.37389 0.31581 0.36375 0.32902 0.35547 0.34514 0.34337 0.36750 0.33183 0.39307 0.32581 0.41514 0.32120 0.43250 0.32259 0.44649 0.32794 0.46276 0.33559 0.47465
4 0.66560 0.69475 0.66641 0.70428 0.66789 0.71005 0.66829 0.71616 0.66753 0.72292 0.66762 0.72776 0.66707 0.73276 0.67462 0.73661 0.68347 0.73655 0.69026 0.73239 0.69725 0.72647 0.70399 0.71989 0.71209 0.70398 0.72034 0.67605 0.72637 0.65604 0.73041 0.63678 0.73256 0.62311 0.73408 0.60870 0.73399 0.59692 0.73337 0.59437 0.72045 0.60073 0.71380 0.60432 0.70505 0.60652 0.69813 0.60341 0.69322 0.60469 0.68857 0.60482 0.68165 0.60172 0.67482 0.59562 0.67348 0.59531 0.67265 0.59632 0.67053 0.60548 0.66769 0.61778 0.66396 0.63048 0.66034 0.64441 0.65673 0.65744 0.65456 0.66598 0.65903 0.67184 0.66240 0.68075 0.66401 0.68594 0.66560 0.69475
4 0.68183 0.60202 0.68913 0.60567 0.69772 0.60372 0.70669 0.60579 0.71954 0.60128 0.72991 0.59501 0.73819 0.58984 0.74461 0.57911 0.74991 0.56183 0.75436 0.53688 0.75650 0.50942 0.75876 0.48710 0.76185 0.45553 0.75981 0.43026 0.75639 0.42120 0.74845 0.41583 0.73118 0.42011 0.71169 0.43293 0.69093 0.44782 0.67721 0.45607 0.67169 0.45952 0.66811 0.47956 0.66140 0.51660 0.64987 0.56315 0.65028 0.57387 0.65552 0.58414 0.66354 0.59032 0.67242 0.59394 0.68183 0.60202
4 0.44189 0.68022 0.44764 0.68415 0.45231 0.68523 0.45937 0.68599 0.46626 0.68368 0.46997 0.67889 0.47820 0.67081 0.48449 0.66489 0.49099 0.65554 0.49715 0.64264 0.50155 0.63237 0.50465 0.62267 0.50795 0.61215 0.51049 0.60492 0.51453 0.59240 0.51774 0.58229 0.52151 0.56971 0.52425 0.56036 0.52595 0.55425 0.52599 0.54905 0.52494 0.54230 0.52332 0.52803 0.52314 0.52756 0.51750 0.53320 0.51241 0.53767 0.50477 0.54198 0.48268 0.53992 0.46804 0.53437 0.45265 0.53212 0.44771 0.53098 0.44704 0.53386 0.43948 0.57160 0.43272 0.61344 0.42968 0.63661 0.42933 0.64564 0.43091 0.65512 0.43323 0.66260 0.43375 0.66663 0.43655 0.67205 0.43908 0.67610 0.44189 0.68022
4 0.42701 0.52115 0.44815 0.53075 0.46236 0.53403 0.47050 0.53513 0.47755 0.53872 0.48486 0.54001 0.50341 0.54154 0.51392 0.53806 0.52317 0.52642 0.53620 0.48021 0.54358 0.45278 0.54493 0.42081 0.54323 0.39404 0.53769 0.36008 0.52970 0.34013 0.51515 0.31787 0.49955 0.31269 0.48731 0.31341 0.47341 0.32359 0.45658 0.34647 0.44241 0.36918 0.42052 0.41965 0.40549 0.46657 0.40244 0.48319 0.40342 0.49601 0.41321 0.50930 0.42701 0.52115
4 0.50021 0.64946 0.49922 0.65375 0.49911 0.65945 0.49969 0.66651 0.49985 0.67017 0.50063 0.67637 0.50160 0.68262 0.50185 0.69022 0.50239 0.69396 0.50236 0.69757 0.50264 0.70245 0.50412 0.70822 0.50773 0.71086 0.51459 0.71335 0.52096 0.71361 0.52738 0.71540 0.53419 0.71637 0.53694 0.71489 0.54052 0.71331 0.54410 0.71173 0.54924 0.70598 0.55332 0.69788 0.55830 0.68939 0.56503 0.67587 0.56970 0.66700 0.57397 0.65895 0.57838 0.64852 0.58366 0.63436 0.58700 0.62338 0.59027 0.61268 0.59387 0.60056 0.59728 0.58929 0.59764 0.58425 0.57000 0.57516 0.54975 0.56717 0.54532 0.56373 0.53971 0.56364 0.53583 0.56305 0.53096 0.55891 0.52850 0.55563 0.52813 0.55464 0.52743 0.55418 0.52566 0.56010 0.52252 0.57112 0.51970 0.57982 0.51642 0.59142 0.51342 0.60097 0.51085 0.61032 0.50725 0.62245 0.50508 0.63099 0.50180 0.64169 0.50021 0.64946
4 0.55495 0.56840 0.56714 0.57358 0.58632 0.57918 0.60491 0.58505 0.62408 0.58160 0.63914 0.57209 0.64995 0.56277 0.65708 0.53646 0.66609 0.49288 0.67154 0.45791 0.67271 0.43692 0.67048 0.40452 0.66443 0.38068 0.64956 0.36780 0.63413 0.36187 0.62219 0.36581 0.60949 0.37193 0.58839 0.38832 0.57369 0.40422 0.55751 0.42883 0.54669 0.44956 0.53319 0.49212 0.52400 0.52739 0.52667 0.54651 0.53049 0.55724 0.53743 0.56357 0.54583 0.56354 0.55495 0.56840
