4 0.63121 0.83850 0.62915 0.83115 0.62157 0.82252 0.61021 0.82115 0.59657 0.82613 0.58501 0.83471 0.57320 0.84073 0.55840 0.84169 0.54493 0.84045 0.52936 0.83935 0.51177 0.84154 0.50284 0.85136 0.49798 0.86336 0.49646 0.87176 0.50490 0.87308 0.52077 0.87112 0.53583 0.87085 0.56583 0.86903 0.58528 0.86601 0.60766 0.85931 0.62092 0.85237 0.63118 0.84224 0.63121 0.83850
1 0.18241 0.48239 0.18180 0.48670 0.18424 0.49286 0.18507 0.49653 0.18987 0.49861 0.19434 0.50099 0.19631 0.50473 0.20022 0.50563 0.20302 0.50300 0.20633 0.49816 0.20757 0.49110 0.20633 0.48251 0.20849 0.47932 0.21161 0.47697 0.21082 0.47369 0.20771 0.46988 0.20535 0.46837 0.20041 0.47303 0.19771 0.47801 0.19566 0.48024 0.19146 0.47888 0.18734 0.47832 0.18493 0.47873 0.18241 0.48239
4 0.73789 0.73457 0.73922 0.74009 0.74395 0.74465 0.75528 0.75074 0.75993 0.74313 0.76523 0.73394 0.77508 0.71885 0.78816 0.70105 0.79762 0.68891 0.80238 0.67829 0.80431 0.66745 0.80429 0.65877 0.80456 0.64755 0.80417 0.63921 0.80250 0.63015 0.80134 0.62641 0.79972 0.62343 0.79919 0.62070 0.79922 0.61680 0.79851 0.61360 0.79569 0.61078 0.79206 0.60647 0.78887 0.60400 0.78420 0.60292 0.77613 0.60279 0.77061 0.60412 0.76098 0.60450 0.74850 0.60466 0.73007 0.60431 0.72512 0.60317 0.71927 0.60095 0.71232 0.59848 0.70711 0.59597 0.70115 0.59546 0.69691 0.59752 0.69450 0.60174 0.69104 0.60919 0.68805 0.61587 0.68445 0.61895 0.68167 0.62221 0.67841 0.62753 0.67366 0.63685 0.66876 0.65178 0.66617 0.66550 0.66517 0.67612 0.66533 0.67920 0.67381 0.67378 0.69527 0.67483 0.71552 0.67733 0.72503 0.68126 0.73184 0.68934 0.73398 0.69765 0.73579 0.71109 0.73789 0.73457
4 0.72483 0.60258 0.72926 0.60324 0.73453 0.60337 0.74194 0.60364 0.74867 0.60375 0.75647 0.60337 0.76541 0.60327 0.77644 0.60147 0.78553 0.60177 0.78964 0.60380 0.79520 0.60689 0.79845 0.61162 0.80002 0.61524 0.80066 0.62081 0.80025 0.62469 0.80282 0.62818 0.80334 0.63011 0.80484 0.63407 0.80512 0.63703 0.80575 0.64368 0.81069 0.64735 0.81980 0.64548 0.82595 0.64075 0.83308 0.62974 0.83736 0.62060 0.84064 0.61160 0.84403 0.59900 0.84643 0.58653 0.84772 0.56947 0.84765 0.55933 0.84740 0.55204 0.84360 0.54031 0.84117 0.52890 0.83857 0.51926 0.83345 0.51012 0.82640 0.50307 0.81863 0.49911 0.80695 0.49750 0.79831 0.49731 0.78771 0.49522 0.77801 0.49334 0.77343 0.49337 0.76866 0.49625 0.76214 0.49945 0.75646 0.50211 0.75017 0.50428 0.74133 0.51127 0.73530 0.51965 0.72848 0.53037 0.72561 0.53549 0.72302 0.54357 0.72060 0.54989 0.71839 0.55842 0.71755 0.56727 0.71740 0.57627 0.71696 0.58340 0.71624 0.58758 0.71520 0.59312 0.71593 0.59727 0.71645 0.59920 0.72483 0.60258
4 0.68961 0.78400 0.69097 0.79317 0.69445 0.79761 0.70161 0.79667 0.71278 0.79039 0.72076 0.78442 0.72872 0.78001 0.73549 0.77324 0.73819 0.76605 0.73816 0.75719 0.73738 0.73045 0.73557 0.70972 0.73414 0.69637 0.72807 0.68508 0.71800 0.67755 0.70888 0.67648 0.69931 0.67583 0.68478 0.67561 0.67433 0.67423 0.66084 0.68154 0.65119 0.69024 0.64318 0.70089 0.63925 0.71040 0.63439 0.72542 0.63233 0.73588 0.63160 0.74353 0.62975 0.75456 0.63757 0.75376 0.64517 0.75395 0.65343 0.75273 0.66456 0.75114 0.67756 0.75049 0.68611 0.75403 0.68715 0.76156 0.68819 0.76909 0.68923 0.77662 0.68961 0.78400
4 0.31457 0.80589 0.33494 0.81872 0.35293 0.83100 0.35730 0.83013 0.36305 0.82146 0.36976 0.80863 0.36941 0.80293 0.36604 0.79590 0.36146 0.79047 0.35107 0.78495 0.34253 0.77860 0.33360 0.77217 0.32230 0.76518 0.31060 0.75810 0.30327 0.75016 0.29291 0.74090 0.28623 0.73373 0.28074 0.72684 0.27075 0.72141 0.25969 0.71698 0.25018 0.71666 0.23941 0.72542 0.23513 0.73131 0.23630 0.73345 0.24628 0.74076 0.25506 0.74966 0.26193 0.76499 0.27146 0.77969 0.27984 0.78850 0.29300 0.79466 0.31457 0.80589
4 0.24824 0.71527 0.25497 0.71318 0.26354 0.71516 0.26978 0.71973 0.27734 0.72460 0.28030 0.72528 0.28327 0.72596 0.28601 0.71410 0.28668 0.69915 0.28602 0.68546 0.28488 0.67687 0.28222 0.66583 0.27810 0.65812 0.27156 0.65035 0.26588 0.64488 0.25219 0.63651 0.24407 0.63411 0.23581 0.63377 0.22917 0.63848 0.21384 0.65525 0.20117 0.66952 0.19912 0.67842 0.19950 0.68580 0.20709 0.69953 0.21243 0.70649 0.22072 0.71569 0.22748 0.72402 0.23020 0.72725 0.23517 0.72528 0.24017 0.72018 0.24824 0.71527
4 0.17298 0.44658 0.17806 0.44535 0.18537 0.44416 0.19186 0.44374 0.19917 0.44255 0.20960 0.44448 0.21984 0.44445 0.23048 0.44403 0.24981 0.43650 0.25247 0.43328 0.25609 0.42452 0.25913 0.41275 0.26035 0.39913 0.26025 0.38711 0.25893 0.37482 0.25718 0.36578 0.25562 0.35870 0.25271 0.35468 0.24759 0.34918 0.24092 0.34620 0.23274 0.34287 0.22464 0.34053 0.21868 0.33867 0.21585 0.33705 0.21002 0.33187 0.20163 0.32802 0.19353 0.32711 0.18531 0.32809 0.17424 0.33033 0.16436 0.33572 0.15313 0.34560 0.14715 0.35765 0.14413 0.36798 0.14416 0.37614 0.14581 0.38563 0.14803 0.42307 0.15202 0.45565 0.15516 0.45590 0.15883 0.45386 0.16169 0.45117 0.16567 0.44777 0.17298 0.44658
1 0.84155 0.56884 0.84047 0.56308 0.83740 0.56161 0.83430 0.56299 0.83138 0.56630 0.83070 0.57032 0.83339 0.58005 0.83415 0.58992 0.83565 0.59387 0.83830 0.59884 0.83915 0.59240 0.84095 0.58294 0.84165 0.57608 0.84155 0.56884
4 0.65413 0.83783 0.66033 0.83354 0.66863 0.82764 0.67794 0.82042 0.68482 0.81315 0.68854 0.80307 0.68950 0.79288 0.68924 0.78501 0.68920 0.77615 0.68722 0.76215 0.68289 0.75386 0.67422 0.75081 0.66651 0.75112 0.65627 0.75188 0.64843 0.75423 0.64018 0.75389 0.63158 0.75503 0.62451 0.75861 0.61675 0.76515 0.61040 0.77462 0.60601 0.78610 0.60049 0.80097 0.59777 0.81128 0.59605 0.81870 0.59646 0.82296 0.59977 0.82216 0.60760 0.81980 0.61498 0.81942 0.62520 0.82178 0.63184 0.83060 0.63695 0.83855 0.64432 0.83973 0.65413 0.83783
4 0.22264 0.64412 0.23262 0.63518 0.23873 0.63033 0.25164 0.63582 0.27149 0.64727 0.27563 0.64198 0.28089 0.62820 0.28404 0.61455 0.28270 0.60050 0.27972 0.59356 0.27624 0.58338 0.26880 0.57229 0.26149 0.56247 0.25256 0.55604 0.24494 0.55116 0.23269 0.54645 0.22492 0.54403 0.21554 0.54312 0.20785 0.54759 0.19971 0.55759 0.18607 0.57694 0.17818 0.58949 0.17040 0.60332 0.16886 0.61358 0.17466 0.63180 0.18064 0.64380 0.18911 0.65763 0.19563 0.66726 0.20210 0.66813 0.21050 0.65882 0.21623 0.65202 0.22264 0.64412
1 0.22312 0.50298 0.22278 0.50447 0.22557 0.50240 0.22789 0.50352 0.22868 0.50119 0.22754 0.50054 0.22427 0.50133 0.22312 0.50298
4 0.49062 0.87322 0.49277 0.86934 0.49291 0.86875 0.49379 0.85770 0.49043 0.84880 0.47972 0.83383 0.46967 0.81964 0.45996 0.81115 0.44431 0.80316 0.43086 0.80005 0.41540 0.80024 0.40031 0.80425 0.38651 0.81169 0.37192 0.81894 0.36486 0.82606 0.36071 0.83323 0.36605 0.84259 0.37733 0.85144 0.39165 0.86162 0.41587 0.87221 0.43052 0.87372 0.45031 0.87641 0.46628 0.87760 0.48162 0.87614 0.49062 0.87322
1 0.21653 0.50919 0.21562 0.50590 0.21409 0.50304 0.21399 0.50012 0.21814 0.50166 0.22044 0.50006 0.22492 0.49742 0.22696 0.49693 0.22828 0.49569 0.23042 0.49309 0.23233 0.48986 0.23348 0.48820 0.23149 0.48733 0.22765 0.49284 0.22298 0.49466 0.21817 0.49818 0.21499 0.49745 0.21328 0.49706 0.20940 0.50273 0.21022 0.50640 0.21216 0.50916 0.21460 0.51475 0.21653 0.50919
4 0.15641 0.47772 0.15679 0.49126 0.15879 0.50058 0.15897 0.52916 0.16165 0.55734 0.16456 0.57508 0.17255 0.58217 0.18064 0.58404 0.18513 0.57786 0.20051 0.55483 0.21164 0.54263 0.22599 0.54300 0.23995 0.54885 0.25398 0.55536 0.26024 0.56140 0.26669 0.54386 0.27263 0.52194 0.27325 0.49649 0.27265 0.46879 0.26883 0.45315 0.26372 0.44212 0.25399 0.43594 0.24682 0.43855 0.23465 0.44296 0.22512 0.44634 0.21687 0.44607 0.20960 0.44440 0.20344 0.44264 0.19949 0.44272 0.19164 0.44451 0.18638 0.44363 0.18213 0.44593 0.17637 0.44624 0.16316 0.45040 0.16153 0.45364 0.15427 0.45951 0.15531 0.46828 0.15641 0.47772
1 0.21037 0.51802 0.21082 0.51832 0.21809 0.52309 0.22283 0.52264 0.22770 0.52106 0.23283 0.51838 0.23540 0.51395 0.23634 0.50818 0.23066 0.50880 0.22230 0.51208 0.21654 0.51249 0.21037 0.51802
