1 0.59892 0.44453 0.59664 0.44968 0.59368 0.45482 0.59175 0.45562 0.58903 0.45528 0.58629 0.45524 0.58518 0.45631 0.58513 0.45931 0.58524 0.46096 0.59029 0.46188 0.59057 0.46134 0.60798 0.45016 0.61075 0.44773 0.61316 0.44259 0.61227 0.43931 0.61148 0.43736 0.60823 0.43595 0.60453 0.43615 0.60134 0.43912 0.59892 0.44453
4 0.30795 0.67103 0.30982 0.66142 0.31348 0.64674 0.31758 0.63889 0.31974 0.62873 0.32022 0.61740 0.32041 0.60662 0.32072 0.58908 0.32097 0.57434 0.32263 0.56077 0.32598 0.54721 0.32840 0.53820 0.33080 0.53143 0.33139 0.52918 0.33062 0.52519 0.32982 0.52234 0.32759 0.52004 0.32226 0.51712 0.31404 0.51697 0.30693 0.51854 0.30205 0.52186 0.29277 0.53475 0.28258 0.55043 0.27759 0.55998 0.27094 0.58309 0.26493 0.61927 0.25830 0.65826 0.25319 0.69160 0.25117 0.70971 0.25165 0.71425 0.26149 0.71894 0.29256 0.72460 0.29499 0.71557 0.29793 0.70939 0.30064 0.70036 0.30395 0.68965 0.30637 0.68063 0.30795 0.67103
4 0.42856 0.48039 0.43743 0.47919 0.44898 0.47939 0.45340 0.47947 0.46354 0.48303 0.46756 0.48584 0.47462 0.49072 0.47863 0.49486 0.48704 0.50044 0.49306 0.50600 0.50083 0.50885 0.51003 0.50765 0.51621 0.50435 0.51971 0.49899 0.52165 0.48473 0.52228 0.46843 0.52324 0.45211 0.52470 0.42766 0.52506 0.40659 0.52454 0.37800 0.52325 0.35419 0.52335 0.32969 0.52138 0.30587 0.52094 0.29226 0.51877 0.27998 0.51388 0.26764 0.50425 0.25456 0.49213 0.24754 0.47892 0.24459 0.46771 0.24440 0.45333 0.24958 0.43608 0.26356 0.42595 0.27903 0.41673 0.30064 0.41112 0.32978 0.41028 0.33929 0.40822 0.37938 0.40639 0.42559 0.40702 0.44804 0.40679 0.46165 0.40693 0.47254 0.40752 0.47731 0.41256 0.48147 0.41801 0.48087 0.42856 0.48039
4 0.73873 0.69765 0.74087 0.70447 0.75447 0.70528 0.76350 0.70715 0.77990 0.70970 0.78950 0.71156 0.78876 0.68888 0.78692 0.66396 0.78461 0.63385 0.78325 0.61460 0.78039 0.60031 0.77325 0.58721 0.76742 0.57970 0.75730 0.57505 0.74514 0.57419 0.73718 0.57470 0.72716 0.58069 0.72161 0.59029 0.72263 0.59704 0.72353 0.61066 0.72460 0.63051 0.72445 0.63908 0.72480 0.65149 0.72694 0.65896 0.73150 0.67314 0.73387 0.68340 0.73600 0.69193 0.73873 0.69765
4 0.66824 0.48720 0.67583 0.48950 0.68442 0.48748 0.69117 0.48305 0.69210 0.47833 0.69290 0.46572 0.69822 0.45414 0.70326 0.44544 0.70836 0.44029 0.71109 0.42829 0.71483 0.39776 0.71523 0.34690 0.71367 0.30884 0.70938 0.28557 0.69619 0.26360 0.68230 0.25300 0.66627 0.25172 0.65184 0.27221 0.64388 0.29248 0.63974 0.30479 0.63840 0.32025 0.64007 0.36228 0.64114 0.39045 0.64112 0.46481 0.64268 0.47175 0.64944 0.47353 0.65658 0.48033 0.66824 0.48720
4 0.52242 0.47932 0.52918 0.48215 0.53332 0.47882 0.54271 0.46741 0.54413 0.46336 0.54830 0.45800 0.54969 0.45667 0.55268 0.46079 0.55633 0.46562 0.56200 0.47184 0.57215 0.47473 0.58006 0.47011 0.58622 0.46750 0.59342 0.46422 0.59725 0.45953 0.60520 0.45219 0.61138 0.44822 0.61959 0.44563 0.62705 0.44714 0.63238 0.45335 0.63769 0.46092 0.63970 0.46231 0.64242 0.46303 0.64182 0.43854 0.64177 0.42153 0.64117 0.39773 0.64088 0.37596 0.63896 0.34940 0.63672 0.32148 0.63578 0.29765 0.63350 0.27177 0.62809 0.25127 0.61779 0.23749 0.60164 0.22768 0.58703 0.22676 0.57232 0.23127 0.55751 0.24189 0.54679 0.25259 0.53801 0.26875 0.53110 0.29380 0.52902 0.31619 0.52582 0.34335 0.52586 0.36103 0.52487 0.37870 0.52470 0.38822 0.52517 0.40047 0.52561 0.41408 0.52541 0.42562 0.52341 0.44259 0.52287 0.45346 0.52232 0.46638 0.52146 0.47656 0.52242 0.47932
4 0.61299 0.71934 0.62061 0.71823 0.62479 0.70266 0.62857 0.67513 0.63402 0.64600 0.63615 0.60613 0.63580 0.56702 0.63471 0.54688 0.63266 0.53487 0.62812 0.52414 0.61755 0.51655 0.61247 0.51313 0.59891 0.51206 0.58084 0.51010 0.56542 0.51067 0.56111 0.51178 0.55788 0.51958 0.55656 0.53313 0.55542 0.54012 0.55295 0.63430 0.55307 0.67421 0.55800 0.68668 0.56539 0.71146 0.57126 0.72845 0.58219 0.72740 0.59936 0.72193 0.61299 0.71934
4 0.33156 0.73724 0.34827 0.73753 0.35847 0.73771 0.36102 0.73775 0.36561 0.73443 0.36955 0.72033 0.37311 0.71075 0.37785 0.69949 0.38338 0.69054 0.38775 0.68381 0.38914 0.66909 0.38897 0.64699 0.38790 0.62713 0.38675 0.61125 0.38577 0.58628 0.38633 0.55457 0.38826 0.54156 0.38923 0.53422 0.38583 0.51827 0.38339 0.51144 0.37692 0.50907 0.36191 0.50881 0.35931 0.51102 0.35701 0.51325 0.35132 0.51429 0.34623 0.51420 0.33643 0.52308 0.33147 0.53149 0.32702 0.54332 0.32335 0.55800 0.32190 0.57667 0.32071 0.59648 0.31979 0.63276 0.32001 0.66846 0.32383 0.70934 0.32567 0.73373 0.33156 0.73724
4 0.40042 0.47514 0.40639 0.45086 0.40595 0.41242 0.40903 0.36294 0.41141 0.32295 0.40449 0.32354 0.39217 0.31237 0.37956 0.29441 0.36369 0.27354 0.34679 0.26634 0.34053 0.28559 0.33635 0.31362 0.33241 0.34903 0.33099 0.38744 0.33230 0.43995 0.33496 0.47769 0.34926 0.48460 0.36777 0.48271 0.38782 0.47713 0.40042 0.47514
4 0.65182 0.68308 0.65527 0.69619 0.65708 0.70642 0.65895 0.71269 0.66606 0.71167 0.67940 0.70964 0.68935 0.70812 0.70382 0.70723 0.71773 0.70578 0.72171 0.70471 0.72272 0.67980 0.72413 0.64750 0.72386 0.61407 0.72123 0.58625 0.71515 0.56122 0.70556 0.54290 0.70107 0.53999 0.69150 0.53642 0.68387 0.53517 0.67541 0.53276 0.67144 0.53269 0.66567 0.52237 0.65974 0.52115 0.65463 0.52218 0.64715 0.52829 0.64193 0.53501 0.63778 0.54570 0.63583 0.55983 0.63579 0.57852 0.63662 0.59611 0.63690 0.61198 0.63572 0.63125 0.63780 0.64147 0.63938 0.64886 0.64351 0.65574 0.64593 0.66260 0.64915 0.67342 0.65182 0.68308
4 0.71017 0.46828 0.71274 0.46721 0.71362 0.46551 0.71812 0.46787 0.72144 0.47188 0.72394 0.47476 0.72755 0.47937 0.73367 0.48570 0.73560 0.48856 0.73947 0.49430 0.74254 0.49718 0.74508 0.49780 0.74762 0.49785 0.75017 0.49846 0.75329 0.49794 0.75644 0.49631 0.75797 0.48952 0.76010 0.48163 0.76217 0.47600 0.76374 0.46753 0.76534 0.45679 0.76749 0.44776 0.77020 0.43816 0.77234 0.42970 0.77564 0.41956 0.77853 0.39977 0.77912 0.38221 0.78053 0.36638 0.78162 0.35223 0.78218 0.33635 0.78214 0.32275 0.78192 0.31880 0.77813 0.30852 0.77234 0.29934 0.76905 0.29362 0.76349 0.28730 0.75933 0.28211 0.75348 0.27634 0.74817 0.27230 0.74479 0.27052 0.74082 0.27102 0.73531 0.27831 0.73186 0.28108 0.72609 0.28665 0.72228 0.29394 0.71789 0.30237 0.71671 0.30518 0.71431 0.31195 0.71421 0.31816 0.71475 0.33632 0.71487 0.34482 0.71545 0.36069 0.71584 0.37034 0.71484 0.39583 0.71315 0.41111 0.71242 0.42072 0.70902 0.43654 0.70781 0.44105 0.70435 0.44496 0.69940 0.45223 0.69760 0.45787 0.69352 0.46461 0.69261 0.46798 0.69242 0.47876 0.69360 0.47595 0.69481 0.47142 0.69487 0.46802 0.69719 0.46468 0.70150 0.46134 0.70521 0.46027 0.70630 0.46255 0.70740 0.46485 0.70905 0.46772 0.71017 0.46828
4 0.48049 0.69557 0.48853 0.74181 0.49490 0.74192 0.50973 0.74135 0.52994 0.73846 0.53787 0.70815 0.54721 0.67988 0.54747 0.65359 0.54916 0.61535 0.55122 0.56805 0.55251 0.54171 0.55014 0.52359 0.54605 0.51114 0.52077 0.50946 0.49900 0.50708 0.48215 0.50636 0.47897 0.51080 0.47617 0.51856 0.47420 0.53668 0.47419 0.54980 0.47420 0.57201 0.47409 0.60247 0.47495 0.63587 0.47279 0.64155 0.47377 0.65597 0.48049 0.69557
3 0.49618 0.50779 0.51516 0.50755 0.51974 0.49932 0.52089 0.46965 0.50924 0.45589 0.50225 0.43205 0.48507 0.43175 0.47169 0.45109 0.46493 0.44859 0.44256 0.43399 0.42959 0.44167 0.41544 0.44635 0.41077 0.45910 0.40732 0.47238 0.40846 0.47547 0.41670 0.47916 0.42737 0.47816 0.43773 0.47893 0.45553 0.47746 0.46703 0.48123 0.47316 0.48608 0.48656 0.49934 0.49618 0.50779
4 0.28615 0.45871 0.29153 0.46221 0.29389 0.46361 0.29554 0.46569 0.29918 0.47256 0.30114 0.47667 0.30452 0.47742 0.30932 0.47545 0.31449 0.47145 0.31924 0.47222 0.32331 0.47229 0.32787 0.46490 0.33109 0.45612 0.33231 0.44390 0.33157 0.42824 0.33044 0.39557 0.33076 0.37722 0.33200 0.36431 0.33293 0.35073 0.33235 0.34391 0.32534 0.33700 0.31976 0.32533 0.31384 0.31368 0.30732 0.29792 0.30077 0.28351 0.29614 0.27596 0.29239 0.27656 0.28377 0.28322 0.27472 0.29530 0.27017 0.30270 0.26803 0.30878 0.26854 0.33736 0.26903 0.36797 0.27004 0.38771 0.27079 0.40337 0.27162 0.41495 0.27306 0.42924 0.27431 0.43608 0.27681 0.44836 0.28044 0.45454 0.28615 0.45871
4 0.44290 0.74249 0.44930 0.71536 0.45930 0.68589 0.46366 0.65694 0.46837 0.64161 0.46418 0.62732 0.46554 0.60068 0.46234 0.54552 0.45958 0.51704 0.45529 0.50805 0.44022 0.50603 0.41287 0.51148 0.39566 0.51294 0.39123 0.52887 0.38646 0.54774 0.38533 0.59635 0.38917 0.62956 0.39033 0.68292 0.39536 0.71678 0.40060 0.73880 0.41925 0.74032 0.44290 0.74249
