1 0.60940 0.47011 0.60595 0.47455 0.60183 0.47882 0.59976 0.47913 0.59720 0.47815 0.59456 0.47744 0.59322 0.47822 0.59244 0.48112 0.59215 0.48274 0.59683 0.48485 0.59723 0.48440 0.61683 0.47777 0.62010 0.47608 0.62369 0.47167 0.62362 0.46827 0.62332 0.46619 0.62051 0.46404 0.61688 0.46333 0.61306 0.46544 0.60940 0.47011
4 0.27228 0.61949 0.27642 0.61062 0.28352 0.59726 0.28940 0.59063 0.29395 0.58130 0.29716 0.57042 0.29995 0.56001 0.30449 0.54306 0.30831 0.52882 0.31319 0.51605 0.31973 0.50371 0.32426 0.49555 0.32822 0.48956 0.32934 0.48753 0.32955 0.48347 0.32947 0.48051 0.32786 0.47774 0.32340 0.47361 0.31546 0.47148 0.30818 0.47128 0.30265 0.47332 0.29052 0.48358 0.27683 0.49633 0.26968 0.50440 0.25765 0.52520 0.24306 0.55886 0.22719 0.59508 0.21417 0.62620 0.20783 0.64329 0.20720 0.64780 0.21561 0.65474 0.24439 0.66775 0.24893 0.65958 0.25328 0.65428 0.25809 0.64618 0.26389 0.63659 0.26842 0.62841 0.27228 0.61949
4 0.43542 0.46369 0.44432 0.46467 0.45548 0.46766 0.45975 0.46880 0.46873 0.47471 0.47195 0.47841 0.47762 0.48486 0.48051 0.48985 0.48732 0.49729 0.49182 0.50414 0.49867 0.50879 0.50789 0.50985 0.51468 0.50815 0.51937 0.50379 0.52470 0.49042 0.52926 0.47476 0.53414 0.45916 0.54146 0.43578 0.54692 0.41543 0.55332 0.38757 0.55783 0.36415 0.56385 0.34040 0.56771 0.31681 0.57057 0.30350 0.57144 0.29106 0.56968 0.27790 0.56350 0.26288 0.55344 0.25313 0.54133 0.24708 0.53050 0.24418 0.51530 0.24572 0.49518 0.25512 0.48161 0.26768 0.46743 0.28641 0.45494 0.31334 0.45182 0.32236 0.44013 0.36076 0.42717 0.40516 0.42236 0.42709 0.41883 0.44024 0.41634 0.45084 0.41576 0.45561 0.41964 0.46087 0.42507 0.46161 0.43542 0.46369
4 0.68382 0.74953 0.68425 0.75667 0.69725 0.76075 0.70555 0.76475 0.72085 0.77119 0.72971 0.77531 0.73449 0.75313 0.73873 0.72850 0.74378 0.69872 0.74711 0.67972 0.74779 0.66517 0.74403 0.65072 0.74020 0.64203 0.73150 0.63507 0.71990 0.63129 0.71207 0.62986 0.70089 0.63325 0.69319 0.64122 0.69254 0.64802 0.69012 0.66145 0.68636 0.68097 0.68414 0.68925 0.68147 0.70138 0.68174 0.70914 0.68274 0.72400 0.68256 0.73453 0.68255 0.74333 0.68382 0.74953
4 0.66634 0.52828 0.67315 0.53235 0.68198 0.53247 0.68959 0.52980 0.69164 0.52544 0.69547 0.51340 0.70343 0.50346 0.71042 0.49624 0.71661 0.49247 0.72217 0.48149 0.73318 0.45277 0.74587 0.40352 0.75356 0.36621 0.75504 0.34260 0.74755 0.31809 0.73664 0.30444 0.72140 0.29932 0.70244 0.31571 0.68981 0.33345 0.68281 0.34439 0.67777 0.35907 0.66922 0.40026 0.66345 0.42785 0.64544 0.50000 0.64528 0.50710 0.65140 0.51047 0.65669 0.51879 0.66634 0.52828
4 0.52676 0.48536 0.53264 0.48974 0.53745 0.48750 0.54932 0.47871 0.55169 0.47512 0.55702 0.47094 0.55870 0.46998 0.56060 0.47470 0.56298 0.48027 0.56697 0.48768 0.57612 0.49294 0.58491 0.49036 0.59153 0.48933 0.59930 0.48788 0.60415 0.48425 0.61364 0.47905 0.62060 0.47671 0.62919 0.47617 0.63606 0.47944 0.63973 0.48676 0.64305 0.49539 0.64467 0.49723 0.64713 0.49858 0.65248 0.47467 0.65654 0.45816 0.66172 0.43492 0.66670 0.41373 0.67126 0.38749 0.67585 0.35986 0.68070 0.33651 0.68475 0.31085 0.68445 0.28964 0.67780 0.27379 0.66450 0.26036 0.65055 0.25593 0.63518 0.25675 0.61825 0.26347 0.60525 0.27126 0.59282 0.28481 0.58006 0.30745 0.57263 0.32867 0.56295 0.35425 0.55871 0.37141 0.55348 0.38832 0.55101 0.39752 0.54850 0.40952 0.54564 0.42283 0.54265 0.43398 0.53660 0.44996 0.53345 0.46038 0.52979 0.47278 0.52649 0.48245 0.52676 0.48536
4 0.55657 0.74016 0.56424 0.74093 0.57206 0.72683 0.58238 0.70103 0.59472 0.67409 0.60642 0.63591 0.61555 0.59789 0.61937 0.57808 0.62029 0.56593 0.61847 0.55442 0.61005 0.54450 0.60595 0.53995 0.59306 0.53563 0.57599 0.52936 0.56090 0.52618 0.55645 0.52622 0.55142 0.53301 0.54687 0.54583 0.54406 0.55233 0.51889 0.64312 0.50935 0.68188 0.51112 0.69517 0.51229 0.72100 0.51388 0.73890 0.52473 0.74052 0.54271 0.73938 0.55657 0.74016
4 0.27917 0.68944 0.29532 0.69377 0.30517 0.69641 0.30763 0.69707 0.31289 0.69495 0.32012 0.68223 0.32590 0.67379 0.33321 0.66402 0.34075 0.65667 0.34662 0.65119 0.35152 0.63725 0.35670 0.61576 0.36047 0.59624 0.36320 0.58055 0.36829 0.55608 0.37650 0.52545 0.38152 0.51329 0.38424 0.50640 0.38480 0.49011 0.38409 0.48289 0.37838 0.47902 0.36388 0.47514 0.36082 0.47666 0.35805 0.47826 0.35228 0.47790 0.34736 0.47658 0.33570 0.48282 0.32886 0.48979 0.32167 0.50019 0.31457 0.51354 0.30864 0.53130 0.30269 0.55024 0.29302 0.58522 0.28460 0.61991 0.27842 0.66050 0.27430 0.68461 0.27917 0.68944
4 0.40939 0.45179 0.42106 0.42967 0.42994 0.39227 0.44489 0.34500 0.45687 0.30678 0.45002 0.30568 0.44077 0.29186 0.43287 0.27138 0.42253 0.24729 0.40787 0.23621 0.39713 0.25338 0.38630 0.27956 0.37391 0.31297 0.36324 0.34989 0.35181 0.40116 0.34526 0.43842 0.35746 0.44859 0.37588 0.45124 0.39669 0.45068 0.40939 0.45179
4 0.60301 0.71437 0.60319 0.72793 0.60247 0.73828 0.60278 0.74482 0.60992 0.74555 0.62336 0.74681 0.63338 0.74775 0.64763 0.75038 0.66148 0.75234 0.66560 0.75227 0.67260 0.72833 0.68178 0.69735 0.68962 0.66484 0.69379 0.63721 0.69395 0.61145 0.68907 0.59136 0.68542 0.58745 0.67700 0.58167 0.66990 0.57860 0.66227 0.57422 0.65844 0.57319 0.65534 0.56179 0.64988 0.55916 0.64467 0.55893 0.63593 0.56305 0.62925 0.56830 0.62263 0.57767 0.61732 0.59092 0.61276 0.60904 0.60931 0.62631 0.60574 0.64177 0.59994 0.66018 0.59948 0.67061 0.59922 0.67816 0.60157 0.68583 0.60226 0.69307 0.60277 0.70435 0.60301 0.71437
4 0.71160 0.52007 0.71435 0.51965 0.71562 0.51821 0.71941 0.52160 0.72167 0.52629 0.72339 0.52969 0.72578 0.53503 0.73019 0.54265 0.73137 0.54590 0.73374 0.55240 0.73602 0.55594 0.73833 0.55715 0.74079 0.55781 0.74311 0.55903 0.74626 0.55928 0.74971 0.55846 0.75284 0.55225 0.75682 0.54510 0.76019 0.54014 0.76376 0.53230 0.76791 0.52227 0.77218 0.51402 0.77714 0.50536 0.78126 0.49767 0.78691 0.48863 0.79450 0.47013 0.79933 0.45323 0.80452 0.43821 0.80901 0.42475 0.81339 0.40948 0.81664 0.39627 0.81738 0.39238 0.81620 0.38149 0.81280 0.37119 0.81098 0.36484 0.80712 0.35737 0.80434 0.35132 0.80006 0.34431 0.79588 0.33910 0.79304 0.33656 0.78906 0.33609 0.78195 0.34182 0.77793 0.34368 0.77099 0.34769 0.76553 0.35384 0.75923 0.36095 0.75740 0.36339 0.75344 0.36938 0.75183 0.37539 0.74797 0.39313 0.74603 0.40141 0.74275 0.41695 0.74080 0.42641 0.73366 0.45090 0.72833 0.46532 0.72529 0.47446 0.71816 0.48899 0.71590 0.49307 0.71159 0.49603 0.70503 0.50189 0.70192 0.50693 0.69633 0.51248 0.69464 0.51552 0.69185 0.52594 0.69367 0.52350 0.69594 0.51940 0.69682 0.51611 0.69988 0.51343 0.70487 0.51124 0.70873 0.51109 0.70924 0.51357 0.70974 0.51607 0.71065 0.51925 0.71160 0.52007
4 0.43376 0.68504 0.43037 0.73185 0.43652 0.73350 0.45105 0.73653 0.47136 0.73862 0.48639 0.71113 0.50230 0.68595 0.50890 0.66051 0.51980 0.62382 0.53324 0.57842 0.54086 0.55317 0.54295 0.53502 0.54199 0.52195 0.51786 0.51420 0.49731 0.50662 0.48114 0.50185 0.47699 0.50539 0.47239 0.51225 0.46610 0.52934 0.46291 0.54207 0.45755 0.56363 0.45007 0.59316 0.44282 0.62577 0.43935 0.63076 0.43682 0.64499 0.43376 0.68504
3 0.49441 0.50664 0.51288 0.51099 0.51932 0.50412 0.52761 0.47560 0.51963 0.45944 0.51862 0.43461 0.50202 0.43017 0.48437 0.44570 0.47841 0.44164 0.46024 0.42205 0.44579 0.42637 0.43093 0.42748 0.42332 0.43873 0.41676 0.45078 0.41712 0.45405 0.42421 0.45963 0.43481 0.46124 0.44467 0.46449 0.46230 0.46737 0.47255 0.47381 0.47732 0.48000 0.48712 0.49610 0.49441 0.50664
4 0.30249 0.40821 0.30687 0.41290 0.30882 0.41483 0.30992 0.41725 0.31178 0.42479 0.31269 0.42925 0.31579 0.43080 0.32092 0.43005 0.32691 0.42742 0.33133 0.42932 0.33527 0.43037 0.34148 0.42430 0.34672 0.41656 0.35086 0.40500 0.35394 0.38962 0.36074 0.35765 0.36549 0.33992 0.36981 0.32770 0.37400 0.31474 0.37510 0.30799 0.36996 0.29959 0.36737 0.28691 0.36445 0.27417 0.36193 0.25730 0.35906 0.24175 0.35640 0.23329 0.35261 0.23297 0.34264 0.23735 0.33093 0.24688 0.32473 0.25296 0.32118 0.25834 0.31476 0.28620 0.30783 0.31602 0.30404 0.33541 0.30098 0.35079 0.29897 0.36223 0.29692 0.37644 0.29648 0.38337 0.29593 0.39590 0.29796 0.40277 0.30249 0.40821
4 0.38593 0.72148 0.39871 0.69670 0.41554 0.67052 0.42677 0.64348 0.43505 0.62975 0.43444 0.61487 0.44220 0.58935 0.45245 0.53505 0.45666 0.50675 0.45467 0.49700 0.44054 0.49139 0.41268 0.49006 0.39563 0.48732 0.38748 0.50170 0.37828 0.51885 0.36542 0.56574 0.36112 0.59890 0.34933 0.65096 0.34602 0.68502 0.34578 0.70766 0.36351 0.71364 0.38593 0.72148
