4 0.23101 0.81300 0.24041 0.78631 0.24716 0.77055 0.25320 0.75130 0.25394 0.71983 0.25461 0.68745 0.25610 0.65232 0.26232 0.62224 0.26925 0.60202 0.27298 0.57840 0.26685 0.55371 0.25828 0.54355 0.24263 0.55094 0.22815 0.56180 0.21412 0.59242 0.20503 0.61733 0.19722 0.65283 0.18746 0.70291 0.18825 0.73519 0.18935 0.76475 0.19312 0.79053 0.20293 0.81857 0.21781 0.81393 0.23101 0.81300
1 0.16959 0.33362 0.17283 0.35601 0.18021 0.37077 0.18599 0.37220 0.18562 0.34778 0.18646 0.33122 0.19249 0.30757 0.19999 0.29054 0.20153 0.26476 0.19946 0.24473 0.18654 0.22241 0.17992 0.21859 0.17345 0.20254 0.16239 0.19720 0.15501 0.18244 0.15621 0.20925 0.16372 0.22584 0.17955 0.24674 0.19015 0.26922 0.18322 0.28010 0.18138 0.29673 0.17941 0.31154 0.16900 0.30126 0.16262 0.31516 0.16959 0.33362
4 0.65376 0.75013 0.65885 0.76566 0.66199 0.77706 0.66728 0.78586 0.67365 0.79091 0.67944 0.79723 0.68748 0.80706 0.69409 0.81088 0.69969 0.80498 0.70457 0.78875 0.70620 0.76908 0.70651 0.75438 0.70835 0.73286 0.71120 0.69721 0.71119 0.66359 0.70826 0.62162 0.70592 0.58817 0.70137 0.55181 0.69781 0.53433 0.68650 0.53513 0.67059 0.53685 0.66313 0.53065 0.65453 0.52697 0.63325 0.55719 0.62977 0.56476 0.63335 0.56818 0.63655 0.57101 0.63856 0.57576 0.64088 0.59944 0.64276 0.63109 0.64199 0.67271 0.63985 0.70893 0.64134 0.73021 0.64842 0.74072 0.65376 0.75013
4 0.77660 0.84154 0.79307 0.85010 0.80126 0.83633 0.80001 0.81178 0.79716 0.77763 0.79212 0.74718 0.78693 0.71410 0.78065 0.68636 0.77589 0.65944 0.77098 0.63068 0.76362 0.59428 0.75792 0.57438 0.75147 0.55815 0.73914 0.54666 0.71962 0.54277 0.71194 0.54331 0.70238 0.55101 0.70555 0.58245 0.71129 0.65778 0.71088 0.69302 0.71118 0.73169 0.71418 0.74028 0.73114 0.75584 0.74449 0.78131 0.75764 0.81120 0.77660 0.84154
4 0.34593 0.51493 0.34287 0.39803 0.33678 0.32003 0.32044 0.29660 0.29107 0.26119 0.26633 0.23712 0.24765 0.26300 0.23411 0.30729 0.23182 0.41166 0.23787 0.47096 0.25748 0.51292 0.28291 0.54745 0.30021 0.55676 0.31294 0.55587 0.33182 0.55106 0.34380 0.53030 0.34593 0.51493
4 0.76126 0.50221 0.77481 0.50872 0.78726 0.50559 0.79641 0.49602 0.80047 0.48376 0.80241 0.47091 0.80487 0.45350 0.80755 0.43314 0.81072 0.40822 0.81188 0.38418 0.81323 0.36239 0.81330 0.32797 0.81380 0.30025 0.81409 0.28678 0.81375 0.27036 0.81459 0.24707 0.81313 0.22621 0.81126 0.21143 0.80687 0.20122 0.79720 0.20342 0.78226 0.21193 0.77604 0.22807 0.77072 0.24568 0.76266 0.27094 0.75638 0.28629 0.74652 0.30348 0.74018 0.31212 0.73630 0.32064 0.73939 0.35337 0.74341 0.38750 0.74726 0.43057 0.74964 0.45889 0.75139 0.47820 0.75529 0.49291 0.75814 0.49870 0.76126 0.50221
4 0.37313 0.80203 0.37956 0.81808 0.38626 0.82739 0.39783 0.83514 0.41420 0.83033 0.42092 0.82130 0.43266 0.80336 0.44169 0.78378 0.44710 0.76568 0.45152 0.73847 0.45299 0.73042 0.45422 0.71934 0.45571 0.71679 0.45986 0.70916 0.46282 0.68940 0.46208 0.66439 0.46152 0.63264 0.45791 0.60478 0.44924 0.58643 0.40420 0.57308 0.37709 0.56764 0.36814 0.56827 0.36490 0.56972 0.35686 0.58373 0.35884 0.60254 0.36235 0.65791 0.36206 0.66771 0.36207 0.69644 0.36321 0.72754 0.36728 0.75659 0.36932 0.78579 0.37313 0.80203
4 0.60186 0.84801 0.61045 0.84191 0.61387 0.81905 0.62388 0.79024 0.63675 0.75450 0.64105 0.71080 0.64203 0.62454 0.63742 0.57291 0.63001 0.56731 0.58955 0.58115 0.56011 0.58076 0.55093 0.58324 0.55270 0.59900 0.55269 0.64668 0.54955 0.70680 0.54479 0.74870 0.54900 0.75635 0.56725 0.78319 0.57589 0.80154 0.58390 0.82543 0.59191 0.83954 0.60186 0.84801
4 0.47249 0.29862 0.43594 0.28150 0.41232 0.26206 0.39175 0.25366 0.36765 0.24972 0.35688 0.27156 0.34393 0.28371 0.33546 0.30539 0.33681 0.31373 0.34463 0.42560 0.35169 0.53751 0.36827 0.56581 0.40085 0.57056 0.43242 0.58242 0.48488 0.58578 0.51158 0.56142 0.50329 0.45380 0.49434 0.35889 0.47249 0.29862
1 0.70502 0.71586 0.69302 0.69090 0.68581 0.69727 0.67412 0.72266 0.65496 0.74155 0.65909 0.77292 0.66705 0.78642 0.67695 0.79038 0.69258 0.81269 0.70135 0.80041 0.70367 0.77916 0.70323 0.74520 0.70904 0.74602 0.70502 0.71586
4 0.17463 0.46921 0.18394 0.49728 0.19484 0.51272 0.20431 0.51475 0.21399 0.50600 0.22233 0.49191 0.23167 0.47781 0.23580 0.46676 0.23539 0.44699 0.23408 0.42825 0.23106 0.40603 0.23015 0.37914 0.23201 0.34936 0.22914 0.32267 0.22418 0.30773 0.21817 0.29202 0.20652 0.26588 0.20278 0.25446 0.19086 0.23109 0.18079 0.21383 0.16656 0.19239 0.16049 0.18291 0.14342 0.16344 0.13723 0.18723 0.13715 0.21419 0.14033 0.25975 0.14423 0.28729 0.14940 0.32641 0.15393 0.35574 0.16041 0.40645 0.16590 0.43571 0.17463 0.46921
1 0.23025 0.45132 0.22620 0.44262 0.22200 0.43845 0.21826 0.43419 0.21109 0.42301 0.20885 0.42586 0.21228 0.43999 0.21455 0.45150 0.21624 0.46844 0.21905 0.48083 0.22113 0.48246 0.22157 0.47436 0.22203 0.46718 0.22617 0.46328 0.23208 0.45657 0.23025 0.45132
4 0.74878 0.44465 0.74118 0.36321 0.73287 0.29936 0.71432 0.25384 0.69955 0.22560 0.68203 0.24088 0.66517 0.28301 0.63900 0.32115 0.63898 0.34811 0.64883 0.43403 0.65791 0.52710 0.67154 0.53898 0.69294 0.53400 0.72590 0.52938 0.73505 0.51351 0.75110 0.49595 0.74878 0.44465
4 0.29550 0.86503 0.31178 0.85943 0.32214 0.84612 0.32821 0.82057 0.33720 0.78045 0.34830 0.75003 0.35835 0.72506 0.36022 0.70250 0.36083 0.66927 0.36014 0.63160 0.36010 0.60287 0.35505 0.57988 0.34327 0.54476 0.33487 0.55073 0.31741 0.55378 0.30069 0.55312 0.29141 0.55377 0.28730 0.55858 0.27691 0.57813 0.26723 0.60845 0.25812 0.66746 0.25465 0.70897 0.25478 0.75297 0.25772 0.80215 0.26420 0.83849 0.26966 0.86054 0.27694 0.86633 0.29550 0.86503
4 0.50695 0.83833 0.52108 0.83062 0.53138 0.80117 0.54258 0.76493 0.54869 0.72844 0.55182 0.68727 0.55221 0.64506 0.55216 0.61512 0.55071 0.59444 0.54858 0.58358 0.53391 0.58400 0.52206 0.58177 0.51232 0.57634 0.49465 0.58124 0.47990 0.58533 0.46323 0.58588 0.46092 0.59155 0.46108 0.60804 0.46128 0.63492 0.46367 0.66898 0.46583 0.70000 0.46931 0.74438 0.47431 0.77337 0.48170 0.79303 0.48950 0.80899 0.49700 0.82558 0.50695 0.83833
4 0.63736 0.32780 0.62190 0.28255 0.59707 0.22384 0.56217 0.21925 0.53928 0.23210 0.51287 0.28315 0.49564 0.33350 0.50240 0.44121 0.51052 0.55727 0.52711 0.58563 0.61320 0.57540 0.64133 0.54953 0.65583 0.52608 0.64666 0.40588 0.63736 0.32780
1 0.79070 0.29251 0.77382 0.29192 0.76125 0.27697 0.74931 0.30598 0.74158 0.32590 0.76111 0.34385 0.77398 0.37644 0.78800 0.38426 0.79796 0.36859 0.80543 0.35835 0.80631 0.31605 0.81408 0.29613 0.79070 0.29251
