4 0.66859 0.64529 0.66862 0.63536 0.66767 0.62377 0.66690 0.61393 0.66585 0.59881 0.66464 0.58476 0.66478 0.57837 0.66352 0.56645 0.66517 0.56167 0.66092 0.56212 0.65350 0.56290 0.64607 0.56368 0.63751 0.56387 0.62925 0.56439 0.62069 0.56458 0.61240 0.56474 0.60649 0.56465 0.59619 0.56361 0.58801 0.56234 0.58143 0.56091 0.57840 0.56016 0.57158 0.55911 0.56599 0.55686 0.55918 0.55333 0.55797 0.55204 0.55582 0.54943 0.55723 0.55778 0.55860 0.57075 0.55966 0.58339 0.56015 0.59574 0.56072 0.60879 0.56117 0.62327 0.56263 0.63977 0.56497 0.65689 0.56919 0.66388 0.57244 0.66673 0.57708 0.67262 0.57972 0.67730 0.58158 0.68738 0.58210 0.68981 0.58854 0.68984 0.60157 0.68883 0.63635 0.68552 0.65592 0.67780 0.66404 0.67340 0.66478 0.66766 0.66586 0.66010 0.66827 0.65241 0.66859 0.64529
4 0.62488 0.56603 0.65125 0.56492 0.67134 0.55615 0.68828 0.54936 0.70211 0.53291 0.71267 0.51347 0.71427 0.47665 0.71451 0.43496 0.71361 0.39840 0.70601 0.35809 0.68361 0.30490 0.65866 0.28753 0.63502 0.29056 0.61206 0.30409 0.58518 0.34024 0.56441 0.37464 0.55035 0.41278 0.55163 0.44097 0.55144 0.46321 0.54829 0.48520 0.54921 0.51399 0.55304 0.54636 0.56547 0.55672 0.57888 0.56031 0.59603 0.56350 0.62488 0.56603
4 0.41605 0.49018 0.41948 0.48982 0.42527 0.48972 0.43176 0.48904 0.44050 0.48403 0.45398 0.48007 0.46887 0.47850 0.47913 0.47691 0.49059 0.47571 0.49849 0.47743 0.51131 0.47813 0.52025 0.47872 0.52991 0.47872 0.53961 0.47923 0.54912 0.47415 0.55069 0.45970 0.54967 0.43532 0.54674 0.41114 0.54021 0.38937 0.52975 0.36700 0.52004 0.34812 0.50418 0.32581 0.48181 0.31132 0.46264 0.30160 0.44034 0.29885 0.42331 0.30574 0.40722 0.32171 0.39504 0.34544 0.38976 0.36130 0.38453 0.37767 0.38244 0.40187 0.37950 0.41800 0.37984 0.43225 0.38134 0.44281 0.38343 0.45534 0.38628 0.46780 0.38930 0.47820 0.39435 0.48940 0.40120 0.49582 0.41227 0.49466 0.41605 0.49018
4 0.74882 0.66697 0.75886 0.66556 0.77019 0.66366 0.77481 0.66176 0.77891 0.65991 0.78074 0.65689 0.78128 0.65435 0.77910 0.63367 0.77689 0.61265 0.77594 0.58830 0.77430 0.56757 0.77109 0.55231 0.76416 0.53745 0.75665 0.52974 0.74557 0.52382 0.73876 0.52028 0.73025 0.51834 0.72188 0.51780 0.71297 0.51980 0.70819 0.52278 0.70149 0.53305 0.69605 0.54248 0.68861 0.54823 0.68125 0.55219 0.67290 0.55696 0.66842 0.56027 0.66515 0.56487 0.66900 0.61938 0.66894 0.62895 0.67152 0.64073 0.67697 0.65185 0.68312 0.66183 0.68760 0.66880 0.69123 0.67267 0.70487 0.67230 0.71968 0.67039 0.73347 0.66894 0.74882 0.66697
4 0.26195 0.47163 0.26303 0.45988 0.25960 0.42718 0.25335 0.41620 0.24468 0.40426 0.23588 0.39110 0.22696 0.37673 0.21535 0.36326 0.20393 0.35160 0.18734 0.33927 0.16825 0.33392 0.15534 0.33895 0.14045 0.35154 0.13516 0.36740 0.13058 0.38992 0.13260 0.41359 0.13800 0.44731 0.15165 0.50220 0.16188 0.53786 0.17484 0.55977 0.18822 0.57244 0.19614 0.57283 0.20905 0.56780 0.21917 0.55388 0.22550 0.53914 0.23511 0.52037 0.24301 0.50301 0.25327 0.48601 0.26195 0.47163
4 0.34165 0.62723 0.33972 0.61621 0.33776 0.61234 0.33283 0.60214 0.32773 0.59400 0.32177 0.58137 0.31797 0.57462 0.31313 0.56901 0.30584 0.56569 0.30191 0.56508 0.29281 0.56298 0.28579 0.55862 0.28209 0.55288 0.28014 0.54901 0.27851 0.54816 0.27693 0.54781 0.27474 0.54906 0.25297 0.56972 0.24045 0.58277 0.23571 0.59653 0.23125 0.61282 0.22884 0.63399 0.22797 0.65143 0.22618 0.66744 0.22592 0.67971 0.22650 0.68526 0.22824 0.68711 0.26893 0.68845 0.32423 0.68927 0.33903 0.68312 0.34113 0.67372 0.34196 0.66700 0.34314 0.65616 0.34296 0.64342 0.34165 0.62723
4 0.82763 0.48178 0.83696 0.45858 0.84083 0.41540 0.83307 0.36956 0.83044 0.33651 0.82097 0.30640 0.80707 0.28620 0.78612 0.28285 0.76514 0.29116 0.75660 0.30595 0.73805 0.33734 0.72504 0.37758 0.71265 0.39166 0.71386 0.44320 0.72725 0.47456 0.75785 0.50578 0.77587 0.51722 0.79160 0.51890 0.81189 0.50399 0.82763 0.48178
4 0.93341 0.47416 0.94334 0.45842 0.95021 0.43566 0.95452 0.37520 0.95942 0.31162 0.95713 0.28983 0.94744 0.26819 0.93904 0.25438 0.92304 0.24320 0.90366 0.24402 0.88783 0.26527 0.87074 0.28788 0.85911 0.30502 0.84878 0.32142 0.83991 0.33398 0.83405 0.34440 0.83081 0.35759 0.83323 0.38061 0.83640 0.39313 0.84154 0.40239 0.84755 0.40665 0.85402 0.41087 0.86328 0.41969 0.87214 0.43345 0.88040 0.45034 0.88867 0.46723 0.89714 0.47736 0.90551 0.48199 0.91832 0.48493 0.93341 0.47416
4 0.36651 0.53941 0.38256 0.51218 0.39013 0.48416 0.38389 0.46482 0.38353 0.44931 0.38122 0.42733 0.36989 0.42352 0.35960 0.40961 0.33917 0.37121 0.32270 0.35850 0.30372 0.34994 0.27938 0.35028 0.26918 0.36523 0.26088 0.38221 0.25865 0.41300 0.26104 0.44774 0.26634 0.50217 0.27290 0.53259 0.28512 0.55686 0.31631 0.56968 0.32563 0.57037 0.34888 0.55960 0.36651 0.53941
4 0.88996 0.61965 0.88609 0.60730 0.88191 0.58903 0.87226 0.56453 0.86830 0.55135 0.86213 0.53244 0.85572 0.51738 0.84811 0.50925 0.83544 0.50505 0.82312 0.50422 0.81093 0.50763 0.80349 0.51947 0.79849 0.53615 0.79510 0.54373 0.78982 0.56385 0.78227 0.59610 0.78076 0.61540 0.78155 0.63827 0.78522 0.65787 0.78785 0.65844 0.80526 0.65874 0.82408 0.65719 0.84459 0.65333 0.86296 0.65055 0.88196 0.64770 0.89561 0.64286 0.89351 0.63203 0.88996 0.61965
3 0.41427 0.48985 0.41814 0.48666 0.42277 0.48673 0.42549 0.48867 0.42876 0.48777 0.43298 0.48788 0.43654 0.48584 0.44065 0.48485 0.44552 0.48323 0.44992 0.48110 0.45527 0.47999 0.46020 0.47891 0.46691 0.47876 0.47273 0.47815 0.48004 0.47571 0.49037 0.47407 0.50414 0.47707 0.51316 0.47890 0.52195 0.47853 0.52747 0.47906 0.53632 0.47924 0.54434 0.47562 0.54573 0.46881 0.54421 0.45841 0.53836 0.45070 0.52977 0.44494 0.52110 0.44640 0.51755 0.44860 0.51255 0.44119 0.50300 0.44122 0.49091 0.43943 0.48109 0.44172 0.46535 0.44393 0.44563 0.44434 0.42257 0.45059 0.40499 0.45260 0.39132 0.45785 0.38543 0.46344 0.38812 0.47704 0.39024 0.48126 0.39337 0.48704 0.39538 0.49017 0.39781 0.49325 0.40042 0.49408 0.40422 0.49424 0.40796 0.49384 0.41117 0.49239 0.41427 0.48985
4 0.55950 0.66349 0.55982 0.65637 0.56050 0.64496 0.56098 0.63676 0.56125 0.62149 0.56102 0.60912 0.55981 0.59507 0.55831 0.57822 0.55642 0.56531 0.55505 0.55482 0.55268 0.54763 0.55062 0.54076 0.54802 0.53643 0.54477 0.53358 0.54110 0.53184 0.53569 0.53135 0.52610 0.53200 0.51125 0.53356 0.50276 0.53445 0.49363 0.53683 0.48662 0.53899 0.47813 0.53988 0.46782 0.54132 0.45861 0.54299 0.44910 0.54435 0.44398 0.54665 0.44117 0.55049 0.43808 0.55684 0.44314 0.58962 0.45019 0.62608 0.45668 0.65728 0.45909 0.66483 0.46337 0.67501 0.46698 0.68384 0.46995 0.69168 0.48298 0.69314 0.49532 0.69326 0.50930 0.69356 0.52191 0.69366 0.54013 0.69351 0.55256 0.69185 0.55480 0.69020 0.55751 0.68035 0.55950 0.66349
4 0.44898 0.66391 0.45369 0.65730 0.45343 0.65477 0.44487 0.59904 0.44252 0.58041 0.43994 0.56690 0.43822 0.55790 0.43333 0.55178 0.43007 0.55008 0.42042 0.54651 0.41007 0.54351 0.40510 0.54403 0.39556 0.54503 0.38771 0.54382 0.37740 0.54490 0.36490 0.54724 0.34943 0.55805 0.34148 0.57419 0.33964 0.58612 0.33962 0.61163 0.34321 0.63472 0.34729 0.65522 0.35050 0.67477 0.35069 0.68751 0.35477 0.68963 0.36688 0.69091 0.38623 0.69143 0.40990 0.69251 0.43549 0.68982 0.43965 0.68531 0.44064 0.68010 0.44448 0.67255 0.44898 0.66391
