4 0.32619 0.40371 0.32767 0.40481 0.32904 0.40613 0.33052 0.40771 0.33246 0.40937 0.33537 0.41096 0.33754 0.41182 0.34162 0.41266 0.34551 0.41239 0.34831 0.41145 0.35087 0.41010 0.35357 0.40698 0.35729 0.40176 0.35826 0.39990 0.35686 0.39785 0.35587 0.39576 0.35352 0.39187 0.35226 0.38770 0.35191 0.38332 0.35143 0.37700 0.35167 0.37154 0.35067 0.36681 0.34858 0.36236 0.34465 0.35747 0.33854 0.35496 0.33530 0.35523 0.33280 0.35670 0.33089 0.35757 0.32928 0.35944 0.32692 0.36286 0.32615 0.36272 0.32511 0.36314 0.32467 0.36342 0.32385 0.36579 0.32327 0.36905 0.32269 0.37325 0.32193 0.37756 0.32178 0.38112 0.32132 0.38691 0.32145 0.38981 0.32225 0.39523 0.32315 0.39874 0.32483 0.40191 0.32619 0.40371
2 0.39623 0.40442 0.39776 0.40247 0.39965 0.40101 0.40065 0.39865 0.40191 0.39712 0.40343 0.39474 0.39995 0.39495 0.39744 0.39650 0.39461 0.39573 0.39294 0.39512 0.39142 0.39398 0.38804 0.39602 0.38453 0.39848 0.38052 0.40166 0.37768 0.40542 0.37589 0.40737 0.37822 0.40775 0.38046 0.40741 0.38373 0.40724 0.38556 0.40660 0.38760 0.40579 0.38900 0.40507 0.39143 0.40602 0.39361 0.40505 0.39623 0.40442
4 0.33178 0.43254 0.33565 0.43256 0.33932 0.43254 0.33998 0.43291 0.34400 0.43179 0.34741 0.42881 0.35016 0.42580 0.35176 0.42300 0.35257 0.41907 0.35304 0.41516 0.35370 0.41045 0.35392 0.40732 0.35318 0.40744 0.35121 0.40976 0.34829 0.41157 0.34517 0.41260 0.34182 0.41268 0.33798 0.41217 0.33248 0.40937 0.32742 0.40498 0.32446 0.40196 0.32445 0.40296 0.32398 0.40754 0.32370 0.41132 0.32361 0.41529 0.32371 0.41914 0.32357 0.42244 0.32387 0.42799 0.32430 0.43056 0.32458 0.43152 0.32704 0.43204 0.33178 0.43254
4 0.40442 0.38026 0.40443 0.38286 0.40484 0.38503 0.40522 0.38629 0.40583 0.38850 0.40645 0.39140 0.40679 0.39286 0.40790 0.39525 0.40880 0.39771 0.40979 0.40038 0.41082 0.40246 0.41234 0.40482 0.41540 0.40636 0.41838 0.40679 0.42364 0.40791 0.42724 0.40865 0.43020 0.40847 0.43238 0.40666 0.43451 0.40444 0.43642 0.40377 0.43793 0.40205 0.43913 0.39896 0.44027 0.39477 0.44168 0.38943 0.44283 0.38294 0.44385 0.37673 0.44408 0.37128 0.44337 0.36665 0.44145 0.36242 0.43967 0.35782 0.43868 0.35395 0.43639 0.34995 0.43496 0.34710 0.43088 0.34348 0.42806 0.34209 0.42391 0.34106 0.42028 0.34201 0.41632 0.34411 0.41238 0.34641 0.40963 0.34882 0.40553 0.35280 0.40414 0.35465 0.40227 0.35921 0.40287 0.36111 0.40313 0.36305 0.40364 0.36504 0.40423 0.36774 0.40451 0.37029 0.40468 0.37272 0.40468 0.37461 0.40465 0.37631 0.40449 0.37837 0.40442 0.38026
4 0.36064 0.43369 0.36534 0.43382 0.36785 0.43357 0.37026 0.43349 0.37339 0.43385 0.37572 0.43425 0.37722 0.43442 0.37805 0.43427 0.37869 0.43438 0.37891 0.43312 0.37970 0.43016 0.38036 0.42758 0.38126 0.42435 0.38225 0.42173 0.38345 0.41984 0.38494 0.41781 0.38560 0.41563 0.38615 0.41323 0.38644 0.41008 0.38633 0.40767 0.38619 0.40694 0.38046 0.40813 0.37216 0.40876 0.36718 0.40908 0.36511 0.40872 0.36215 0.40740 0.36067 0.40594 0.35956 0.40394 0.35862 0.40208 0.35787 0.40105 0.35425 0.40610 0.35400 0.40945 0.35421 0.41428 0.35441 0.42031 0.35439 0.42230 0.35450 0.42622 0.35475 0.42856 0.35567 0.43092 0.35690 0.43223 0.35785 0.43330 0.36064 0.43369
1 0.38873 0.34871 0.38908 0.34864 0.38968 0.34792 0.38970 0.34709 0.38920 0.34649 0.38834 0.34678 0.38801 0.34820 0.38873 0.34871
2 0.36589 0.36371 0.36961 0.36570 0.37286 0.36481 0.37482 0.36276 0.37777 0.35758 0.37978 0.35315 0.38231 0.34935 0.38445 0.34880 0.38649 0.34876 0.38817 0.35078 0.39147 0.34911 0.39354 0.34642 0.39107 0.34386 0.38672 0.34044 0.38073 0.33978 0.37662 0.33999 0.37087 0.34402 0.36610 0.35101 0.36442 0.35350 0.36368 0.35669 0.36315 0.36018 0.36370 0.36306 0.36589 0.36371
4 0.35858 0.40175 0.36088 0.40503 0.36242 0.40674 0.36724 0.40927 0.36959 0.40909 0.37406 0.40868 0.37625 0.40846 0.38437 0.40774 0.38788 0.40644 0.39128 0.40572 0.39417 0.40515 0.39665 0.40379 0.39960 0.40155 0.40167 0.39844 0.40339 0.39455 0.40419 0.39182 0.40492 0.38860 0.40476 0.38497 0.40451 0.38097 0.40438 0.37628 0.40425 0.37290 0.40401 0.36794 0.40335 0.36351 0.40200 0.35848 0.40016 0.35444 0.39779 0.35019 0.39359 0.34502 0.39076 0.34248 0.38774 0.34063 0.38458 0.33995 0.38094 0.33931 0.37694 0.33980 0.37378 0.34140 0.37086 0.34388 0.36839 0.34704 0.36647 0.34934 0.36619 0.35001 0.36490 0.35146 0.36436 0.35220 0.36310 0.35665 0.36325 0.36171 0.36299 0.36454 0.36108 0.36900 0.35952 0.37196 0.35748 0.37628 0.35675 0.38046 0.35673 0.38465 0.35713 0.39551 0.35745 0.39868 0.35858 0.40175
1 0.37128 0.34568 0.37144 0.34840 0.37171 0.34953 0.37317 0.34922 0.37383 0.34818 0.37434 0.34648 0.37416 0.34529 0.37318 0.34602 0.37250 0.34602 0.37201 0.34517 0.37128 0.34568
4 0.46529 0.43040 0.46788 0.43156 0.47043 0.43181 0.47347 0.43195 0.47671 0.43132 0.47972 0.42935 0.48231 0.42712 0.48439 0.42439 0.48579 0.42134 0.48658 0.41878 0.48709 0.41548 0.48698 0.41156 0.48707 0.40728 0.48708 0.40309 0.48718 0.39951 0.48657 0.39651 0.48336 0.38945 0.48014 0.38130 0.47462 0.37104 0.47379 0.37009 0.47281 0.37112 0.47112 0.37581 0.46981 0.37908 0.46808 0.38437 0.46652 0.38868 0.46390 0.39671 0.46290 0.39863 0.46127 0.40184 0.45919 0.40457 0.45779 0.40572 0.45443 0.40662 0.45354 0.40716 0.45451 0.40844 0.45595 0.41088 0.45781 0.41351 0.45900 0.41622 0.45956 0.41831 0.46063 0.42130 0.46125 0.42420 0.46214 0.42636 0.46350 0.42879 0.46529 0.43040
4 0.46391 0.39609 0.46791 0.38349 0.47177 0.37399 0.47527 0.36365 0.47509 0.35579 0.47389 0.34838 0.47032 0.34583 0.46592 0.34744 0.45983 0.34997 0.45344 0.35839 0.44510 0.36960 0.44361 0.37153 0.44364 0.38203 0.44126 0.39256 0.44366 0.39847 0.44918 0.40445 0.45467 0.40651 0.45914 0.40480 0.46391 0.39609
2 0.41381 0.40526 0.41402 0.40320 0.41410 0.39647 0.41310 0.39043 0.41188 0.38778 0.41135 0.38238 0.41035 0.37678 0.40971 0.37202 0.40850 0.36760 0.40674 0.36464 0.40501 0.36146 0.40283 0.35963 0.40381 0.36534 0.40454 0.37012 0.40481 0.37558 0.40460 0.38096 0.40485 0.38499 0.40635 0.39023 0.40874 0.39762 0.41240 0.40446 0.41381 0.40526
1 0.41198 0.39581 0.41233 0.39065 0.41137 0.38794 0.41085 0.38570 0.41147 0.38304 0.41009 0.37811 0.40998 0.37494 0.40874 0.37211 0.40876 0.36966 0.40734 0.36695 0.40639 0.36540 0.40577 0.36337 0.40494 0.36199 0.40415 0.36093 0.40313 0.36037 0.40364 0.36384 0.40480 0.37034 0.40491 0.37727 0.40490 0.38488 0.40567 0.38601 0.40638 0.38230 0.40702 0.38272 0.40875 0.38656 0.40964 0.38848 0.41092 0.39078 0.41129 0.39276 0.41097 0.39371 0.41069 0.39504 0.41127 0.39637 0.41198 0.39581
4 0.39332 0.43514 0.39493 0.43693 0.39790 0.43785 0.40134 0.43795 0.40390 0.43741 0.40728 0.43600 0.41022 0.43293 0.41313 0.42885 0.41539 0.42435 0.41690 0.42073 0.41794 0.41781 0.41885 0.41418 0.41948 0.40760 0.41397 0.40563 0.41239 0.40475 0.41146 0.40359 0.40829 0.39693 0.40714 0.39347 0.40622 0.39004 0.40539 0.38685 0.40483 0.38508 0.40500 0.38879 0.40378 0.39364 0.40273 0.39644 0.40131 0.39979 0.39882 0.40289 0.39291 0.40573 0.39004 0.40605 0.38684 0.40688 0.38700 0.40756 0.38709 0.40928 0.38681 0.41312 0.38696 0.41535 0.38709 0.41797 0.38802 0.42063 0.38877 0.42355 0.38990 0.42735 0.39092 0.43022 0.39236 0.43338 0.39332 0.43514
4 0.42923 0.43039 0.43085 0.43177 0.43252 0.43287 0.43518 0.43364 0.43820 0.43347 0.44167 0.43308 0.44377 0.43245 0.44574 0.43000 0.44700 0.42663 0.44872 0.42214 0.44986 0.41755 0.45033 0.41264 0.45077 0.40823 0.45096 0.40526 0.44831 0.40370 0.44615 0.40122 0.44378 0.39880 0.44120 0.39266 0.43939 0.39843 0.43839 0.40105 0.43769 0.40242 0.43671 0.40345 0.43518 0.40418 0.43414 0.40479 0.43318 0.40572 0.43180 0.40708 0.43063 0.40807 0.42971 0.40840 0.42583 0.40852 0.41992 0.40728 0.41966 0.40763 0.41971 0.41034 0.41981 0.41205 0.42040 0.41435 0.42137 0.41602 0.42252 0.41782 0.42361 0.42031 0.42448 0.42256 0.42556 0.42625 0.42732 0.42836 0.42923 0.43039
2 0.32850 0.38406 0.33072 0.38000 0.33225 0.37845 0.33289 0.37570 0.33466 0.37193 0.33607 0.36939 0.33725 0.36582 0.33683 0.36333 0.33595 0.36121 0.33540 0.35863 0.33535 0.35605 0.33268 0.35663 0.33004 0.35904 0.32780 0.36144 0.32698 0.36326 0.32630 0.36253 0.32529 0.36258 0.32418 0.36457 0.32364 0.36878 0.32287 0.37317 0.32193 0.37822 0.32273 0.38168 0.32441 0.38213 0.32662 0.38471 0.32850 0.38406
4 0.28526 0.41974 0.28781 0.42330 0.29024 0.42518 0.29352 0.42534 0.29716 0.42350 0.30163 0.41932 0.30452 0.41465 0.30724 0.41016 0.31129 0.40446 0.31472 0.39906 0.31818 0.39118 0.32121 0.38343 0.32144 0.37974 0.31729 0.37590 0.31262 0.37342 0.30826 0.36996 0.30352 0.36706 0.29844 0.36533 0.29240 0.36282 0.28708 0.36167 0.28332 0.36184 0.28105 0.36455 0.27799 0.37249 0.27636 0.37863 0.27528 0.38320 0.27576 0.38908 0.27761 0.39582 0.27900 0.40125 0.28052 0.40669 0.28287 0.41373 0.28526 0.41974
4 0.51077 0.37777 0.51488 0.36722 0.51682 0.35836 0.51743 0.34851 0.51397 0.33832 0.50825 0.33524 0.50056 0.34046 0.48931 0.35313 0.48034 0.36282 0.47501 0.36677 0.47447 0.36986 0.47993 0.38078 0.48468 0.39289 0.48941 0.40087 0.49426 0.40247 0.49974 0.40269 0.50374 0.39776 0.50653 0.38829 0.51077 0.37777
2 0.29116 0.37838 0.29341 0.37834 0.29491 0.37969 0.29590 0.37943 0.29800 0.38067 0.29669 0.38316 0.29830 0.38474 0.30017 0.38605 0.30155 0.38684 0.30315 0.38680 0.30443 0.38365 0.30351 0.37860 0.30437 0.37581 0.30560 0.37743 0.30652 0.37957 0.30800 0.38026 0.31039 0.38068 0.31254 0.37878 0.31436 0.37669 0.30940 0.37442 0.30616 0.37015 0.30199 0.36833 0.29691 0.36591 0.29191 0.36385 0.28785 0.36387 0.28479 0.36149 0.28522 0.36439 0.28646 0.36559 0.28824 0.36656 0.28721 0.36953 0.28815 0.36915 0.29209 0.36941 0.29102 0.37302 0.29164 0.37607 0.29116 0.37838
