4 0.65062 0.53087 0.65404 0.53365 0.65831 0.53876 0.66548 0.54460 0.67215 0.54838 0.67915 0.55027 0.68693 0.54978 0.69608 0.54496 0.70002 0.53780 0.70267 0.52334 0.70226 0.50856 0.70030 0.49197 0.69741 0.47381 0.69536 0.46125 0.69306 0.44657 0.69136 0.43973 0.69000 0.43317 0.68761 0.43122 0.68675 0.43107 0.67205 0.43656 0.65555 0.44031 0.64632 0.44152 0.63666 0.44102 0.63171 0.44080 0.62461 0.44294 0.62384 0.45075 0.62409 0.46159 0.62536 0.46998 0.62903 0.48469 0.63116 0.49650 0.63346 0.50682 0.63508 0.51659 0.63823 0.52488 0.64071 0.53153 0.64353 0.53082 0.65062 0.53087
4 0.48911 0.45522 0.49043 0.45061 0.48579 0.44189 0.48037 0.42413 0.47573 0.40750 0.47085 0.39388 0.45806 0.38521 0.44473 0.37635 0.42458 0.36984 0.40992 0.37053 0.39093 0.37757 0.37270 0.39068 0.36889 0.40316 0.37075 0.42350 0.37608 0.44847 0.37979 0.45777 0.39233 0.48331 0.40860 0.50001 0.42751 0.51243 0.44185 0.51544 0.44860 0.51573 0.45449 0.51361 0.46823 0.49832 0.47304 0.48493 0.48383 0.46675 0.48911 0.45522
4 0.78478 0.48769 0.78826 0.48985 0.79460 0.49160 0.80358 0.49208 0.81177 0.49034 0.81804 0.48636 0.82146 0.47824 0.82232 0.46441 0.82112 0.45139 0.81992 0.43838 0.81829 0.42547 0.81424 0.41195 0.80869 0.40425 0.80463 0.40163 0.79694 0.39811 0.79217 0.39718 0.78590 0.39844 0.77657 0.40379 0.77037 0.40715 0.76360 0.41005 0.75911 0.41480 0.76067 0.41835 0.76217 0.42614 0.76295 0.43291 0.76372 0.44149 0.76543 0.45378 0.76749 0.46204 0.77012 0.47077 0.77460 0.47873 0.77830 0.48265 0.78478 0.48769
4 0.72884 0.41587 0.74603 0.41378 0.75656 0.41308 0.76535 0.40951 0.77323 0.40727 0.78428 0.39958 0.79560 0.39209 0.80355 0.37775 0.79910 0.36321 0.79453 0.34733 0.78440 0.32405 0.77756 0.30983 0.77104 0.29443 0.75729 0.28056 0.74663 0.27416 0.73442 0.27391 0.72162 0.27957 0.70966 0.29106 0.70274 0.30707 0.69698 0.31866 0.69129 0.33298 0.68508 0.34442 0.69540 0.36271 0.70050 0.37571 0.70598 0.39851 0.70759 0.40497 0.70667 0.41618 0.71339 0.41835 0.72884 0.41587
4 0.39173 0.53102 0.39789 0.52111 0.40048 0.51262 0.40282 0.50472 0.40147 0.49460 0.39582 0.48764 0.39028 0.48117 0.38155 0.46505 0.37996 0.46178 0.37171 0.46018 0.35953 0.45851 0.34907 0.45589 0.33800 0.45394 0.32704 0.45249 0.31732 0.45910 0.31583 0.47045 0.32149 0.48525 0.32739 0.49633 0.33464 0.51126 0.34140 0.52422 0.34951 0.53788 0.35541 0.54582 0.36181 0.55103 0.36833 0.55202 0.37990 0.54652 0.38618 0.53868 0.39173 0.53102
4 0.62199 0.56582 0.62870 0.54398 0.63457 0.52829 0.63041 0.49849 0.62753 0.47746 0.61871 0.45871 0.61518 0.45405 0.60374 0.44860 0.59136 0.44655 0.58187 0.44891 0.57517 0.45415 0.56381 0.46093 0.55758 0.46446 0.54771 0.46771 0.53672 0.49259 0.53689 0.51232 0.54711 0.53428 0.56236 0.55618 0.58431 0.57047 0.59538 0.57206 0.61305 0.57161 0.62199 0.56582
1 0.42436 0.38339 0.43037 0.38189 0.43379 0.38900 0.44064 0.39004 0.44555 0.39156 0.45479 0.39575 0.45995 0.40225 0.46770 0.40279 0.47100 0.40444 0.47113 0.39589 0.46390 0.38836 0.45647 0.38664 0.44059 0.37495 0.42637 0.37081 0.41416 0.37056 0.40305 0.37388 0.39135 0.37980 0.38253 0.38326 0.37435 0.39010 0.37015 0.39718 0.36852 0.40637 0.37265 0.42786 0.37567 0.44413 0.37973 0.45794 0.37852 0.43655 0.37524 0.41019 0.38229 0.40212 0.38843 0.39043 0.39716 0.38578 0.41332 0.38038 0.42436 0.38339
4 0.72859 0.52053 0.73878 0.52040 0.74547 0.51632 0.75473 0.51068 0.75837 0.50614 0.76272 0.49537 0.76394 0.48296 0.76295 0.46898 0.76268 0.45513 0.76212 0.44105 0.76219 0.43134 0.76063 0.42326 0.75765 0.41583 0.75230 0.41353 0.73984 0.41543 0.72296 0.41873 0.71377 0.41920 0.70750 0.41865 0.70665 0.41886 0.70145 0.42349 0.69240 0.42816 0.68926 0.43016 0.68969 0.43278 0.69140 0.43870 0.69352 0.44725 0.69494 0.45658 0.69693 0.46638 0.69999 0.47772 0.70326 0.48538 0.70852 0.49648 0.71471 0.50582 0.72126 0.51388 0.72859 0.52053
4 0.54846 0.46594 0.56502 0.45865 0.57787 0.45189 0.58159 0.44543 0.58281 0.43247 0.58226 0.42668 0.57511 0.39920 0.56532 0.37600 0.54983 0.36676 0.53392 0.35768 0.51792 0.34585 0.50508 0.34905 0.49485 0.34845 0.48675 0.35995 0.48245 0.38079 0.47500 0.39609 0.47434 0.40179 0.48335 0.43315 0.48957 0.45216 0.49785 0.45919 0.50417 0.46433 0.51310 0.46922 0.52882 0.47282 0.53999 0.47240 0.54846 0.46594
4 0.69409 0.42687 0.70507 0.41978 0.70750 0.40573 0.70278 0.37963 0.69441 0.36155 0.68224 0.34007 0.67350 0.32407 0.65583 0.31266 0.64002 0.30632 0.62234 0.30440 0.60755 0.30809 0.59461 0.31922 0.58352 0.33424 0.57373 0.36752 0.57735 0.38797 0.58496 0.41256 0.59407 0.43006 0.61156 0.43953 0.63007 0.43887 0.64942 0.44156 0.67176 0.43599 0.69409 0.42687
4 0.54905 0.54265 0.54521 0.53053 0.54120 0.52100 0.53676 0.51085 0.53531 0.50395 0.52916 0.49785 0.52028 0.49172 0.50900 0.48690 0.50345 0.48865 0.50054 0.48792 0.49499 0.48423 0.48952 0.47978 0.48414 0.47676 0.47824 0.47932 0.47362 0.48374 0.47054 0.48887 0.46874 0.49476 0.46677 0.50215 0.46053 0.50662 0.45617 0.51206 0.45454 0.52409 0.45410 0.54090 0.45546 0.55182 0.45776 0.56105 0.46211 0.57413 0.46672 0.58279 0.47372 0.59557 0.48730 0.60526 0.49858 0.60680 0.51200 0.60491 0.52594 0.59744 0.53484 0.58505 0.54382 0.56974 0.54870 0.55545 0.54905 0.54265
