4 0.65053 0.74648 0.64648 0.76276 0.65700 0.76005 0.67299 0.75599 0.68845 0.74473 0.70345 0.73550 0.71898 0.72219 0.72925 0.70459 0.73632 0.69047 0.73995 0.66391 0.74199 0.64961 0.74090 0.63675 0.73531 0.61962 0.72435 0.61257 0.71092 0.61004 0.69124 0.60936 0.66295 0.61196 0.64717 0.62116 0.63276 0.63554 0.62451 0.65064 0.62186 0.67107 0.61991 0.68281 0.62147 0.68235 0.62456 0.68246 0.63154 0.68168 0.64459 0.68418 0.64983 0.68898 0.65208 0.70189 0.65256 0.72141 0.65053 0.74648
4 0.28825 0.17682 0.28840 0.16143 0.28566 0.14035 0.27663 0.12254 0.26281 0.10877 0.24760 0.10208 0.23899 0.09408 0.23346 0.07541 0.23110 0.06558 0.22453 0.05458 0.21684 0.04245 0.20702 0.03600 0.19998 0.03832 0.19335 0.04010 0.18053 0.04221 0.16666 0.04127 0.15365 0.03768 0.14519 0.03641 0.13567 0.03249 0.12808 0.02863 0.12420 0.02896 0.11943 0.03295 0.11222 0.05117 0.10483 0.06374 0.09474 0.07621 0.09111 0.09148 0.08905 0.10629 0.08579 0.13337 0.08512 0.16357 0.08643 0.19240 0.09415 0.21474 0.09787 0.21892 0.10940 0.23169 0.13373 0.24280 0.15674 0.24771 0.17793 0.24948 0.18761 0.24879 0.19639 0.24089 0.20977 0.23366 0.22427 0.22801 0.23946 0.22443 0.25514 0.22908 0.26287 0.22879 0.27642 0.21700 0.28329 0.19717 0.28825 0.17682
4 0.87994 0.37565 0.88180 0.35431 0.88021 0.32024 0.87320 0.29859 0.86299 0.27237 0.85023 0.25495 0.83834 0.24488 0.81079 0.22175 0.79139 0.21964 0.77394 0.22493 0.76039 0.23108 0.74321 0.24526 0.73368 0.26268 0.72283 0.28667 0.71793 0.31534 0.71883 0.33826 0.72586 0.35918 0.73997 0.38554 0.75340 0.39935 0.76443 0.40194 0.78580 0.39530 0.79854 0.39646 0.82436 0.40624 0.84228 0.41867 0.85417 0.41318 0.86333 0.40539 0.87376 0.39318 0.87994 0.37565
4 0.54185 0.76521 0.54803 0.75414 0.54907 0.74648 0.55575 0.73234 0.56719 0.72556 0.58052 0.71987 0.58628 0.70981 0.59136 0.69715 0.59322 0.67721 0.59124 0.66739 0.58063 0.66137 0.57295 0.66008 0.56206 0.66226 0.55080 0.66392 0.53648 0.66445 0.52066 0.66390 0.50369 0.66330 0.49049 0.66490 0.48130 0.67381 0.47380 0.68946 0.47205 0.70633 0.47555 0.71671 0.48094 0.72819 0.48399 0.74061 0.48778 0.76486 0.49523 0.77282 0.50592 0.77627 0.52395 0.77998 0.53537 0.77371 0.54185 0.76521
4 0.47793 0.72162 0.46573 0.70801 0.44872 0.69058 0.43508 0.67184 0.42301 0.65464 0.41066 0.64543 0.39194 0.64622 0.37940 0.65896 0.37079 0.68422 0.37445 0.72093 0.38013 0.74745 0.39435 0.76622 0.41482 0.77863 0.42913 0.77913 0.45011 0.77694 0.46696 0.76804 0.47888 0.75747 0.48428 0.74447 0.47793 0.72162
4 0.85586 0.46106 0.84237 0.43596 0.83124 0.42264 0.81877 0.40804 0.80924 0.40217 0.79138 0.39600 0.77094 0.39714 0.75405 0.40270 0.73546 0.41745 0.72227 0.43669 0.71156 0.46464 0.70985 0.50030 0.71307 0.52750 0.72017 0.54992 0.73158 0.56817 0.74048 0.57895 0.75546 0.58810 0.77543 0.58695 0.80068 0.58106 0.81348 0.57288 0.83320 0.56557 0.84915 0.54703 0.85830 0.52395 0.86186 0.48837 0.85586 0.46106
4 0.31119 0.55442 0.29106 0.56321 0.28122 0.57749 0.27887 0.59716 0.27738 0.62415 0.27483 0.64967 0.27609 0.67675 0.28304 0.69891 0.29722 0.71772 0.30859 0.72397 0.33430 0.72779 0.34781 0.71949 0.35759 0.70813 0.36686 0.69383 0.36895 0.68149 0.37215 0.66841 0.37875 0.65330 0.38503 0.64695 0.38803 0.63972 0.39232 0.62745 0.39439 0.61582 0.39230 0.59599 0.38239 0.58102 0.36507 0.57241 0.34398 0.56141 0.32659 0.55496 0.31119 0.55442
4 0.73563 0.71795 0.74243 0.73542 0.75699 0.74332 0.77392 0.73652 0.79481 0.72247 0.83112 0.69172 0.84999 0.66898 0.85390 0.65003 0.85455 0.61804 0.84957 0.60124 0.83342 0.58589 0.81644 0.58099 0.80145 0.58539 0.77813 0.58950 0.75409 0.58743 0.73561 0.58556 0.72279 0.59435 0.71175 0.60504 0.71068 0.60932 0.71619 0.61074 0.73368 0.61443 0.73887 0.62508 0.74204 0.64058 0.74084 0.66148 0.73877 0.68111 0.73431 0.70251 0.73563 0.71795
4 0.65167 0.73462 0.65263 0.71823 0.65182 0.69716 0.64641 0.68620 0.63459 0.68168 0.62063 0.68325 0.61084 0.68701 0.60373 0.69138 0.59295 0.70126 0.58268 0.71887 0.57291 0.72212 0.55914 0.72933 0.55174 0.74190 0.55207 0.75474 0.55350 0.76916 0.55763 0.78367 0.56655 0.79373 0.57778 0.80387 0.59932 0.80668 0.61497 0.80107 0.63241 0.78834 0.64428 0.76925 0.64829 0.75400 0.65167 0.73462
4 0.28560 0.41765 0.29252 0.40763 0.30060 0.38636 0.30514 0.36702 0.30450 0.35211 0.30228 0.33818 0.29849 0.31393 0.29754 0.29696 0.29768 0.28209 0.29384 0.27015 0.28920 0.25921 0.28032 0.24813 0.27211 0.23963 0.25618 0.23138 0.24132 0.22522 0.22890 0.22683 0.21410 0.23042 0.19632 0.24160 0.18577 0.25612 0.17774 0.27585 0.17298 0.29056 0.16809 0.30886 0.16294 0.32357 0.16154 0.34148 0.15943 0.35782 0.15710 0.38032 0.15671 0.40237 0.16220 0.42206 0.17681 0.43540 0.19107 0.43641 0.19652 0.43506 0.20242 0.42090 0.21245 0.41047 0.22229 0.40517 0.23546 0.40409 0.25128 0.40465 0.26605 0.41337 0.27691 0.42299 0.28560 0.41765
4 0.95486 0.19061 0.95846 0.16708 0.95126 0.14984 0.94349 0.13331 0.94243 0.11628 0.94213 0.09262 0.93673 0.07247 0.93002 0.05674 0.91725 0.05629 0.90229 0.05428 0.89022 0.05017 0.86802 0.04867 0.85844 0.05203 0.84111 0.05363 0.82995 0.05473 0.80965 0.06285 0.79408 0.07857 0.78393 0.09818 0.77721 0.11570 0.76364 0.13811 0.75930 0.16603 0.75992 0.19709 0.76743 0.22101 0.78199 0.21782 0.79923 0.21765 0.82231 0.22585 0.85238 0.24096 0.87667 0.24699 0.89456 0.24464 0.92145 0.23896 0.94297 0.21236 0.95486 0.19061
4 0.29775 0.47036 0.29083 0.45595 0.28497 0.43789 0.27803 0.42410 0.26453 0.41255 0.24580 0.40451 0.22775 0.40388 0.20981 0.41310 0.19816 0.42809 0.19398 0.44149 0.18384 0.46638 0.17595 0.49320 0.17383 0.51406 0.17154 0.53984 0.17312 0.56083 0.17442 0.57689 0.18268 0.59257 0.20235 0.60003 0.22837 0.59848 0.25024 0.59616 0.27415 0.58838 0.27788 0.58789 0.28239 0.57820 0.28833 0.56732 0.29549 0.56141 0.30503 0.55374 0.30984 0.53544 0.30719 0.50517 0.30371 0.48535 0.29775 0.47036
