4 0.75808 0.59297 0.78928 0.56552 0.81324 0.51934 0.82607 0.45084 0.83817 0.38222 0.83969 0.36504 0.82361 0.31956 0.79848 0.30834 0.76096 0.30754 0.73278 0.33068 0.71107 0.35981 0.69033 0.39202 0.66381 0.40576 0.64902 0.45549 0.64879 0.49519 0.65255 0.53366 0.66956 0.56961 0.70187 0.59566 0.72020 0.60277 0.75808 0.59297
4 0.54695 0.80243 0.56670 0.76755 0.57930 0.74352 0.58715 0.69307 0.59710 0.65444 0.60164 0.63168 0.59555 0.61580 0.58469 0.60918 0.56119 0.60301 0.52970 0.59477 0.50897 0.58775 0.48582 0.57963 0.46961 0.58552 0.45798 0.60703 0.45086 0.65626 0.44549 0.72531 0.44027 0.79641 0.44328 0.82387 0.47851 0.82873 0.52591 0.83575 0.53257 0.83355 0.54695 0.80243
4 0.23324 0.68208 0.23846 0.67064 0.24369 0.63188 0.24836 0.59406 0.24904 0.57203 0.25094 0.55897 0.25121 0.54613 0.25178 0.52923 0.24797 0.51001 0.23930 0.49560 0.22783 0.49255 0.21602 0.49819 0.20247 0.50920 0.19181 0.51969 0.18080 0.53217 0.17331 0.54064 0.16075 0.55285 0.14928 0.57247 0.14152 0.59377 0.13854 0.60613 0.14117 0.61845 0.14747 0.63038 0.15339 0.64224 0.15991 0.65524 0.17142 0.67170 0.17803 0.67956 0.18896 0.69025 0.20197 0.69821 0.21697 0.70395 0.22590 0.69419 0.23324 0.68208
4 0.43483 0.52771 0.44423 0.47174 0.43054 0.46839 0.42320 0.44186 0.43123 0.41327 0.43455 0.38571 0.40864 0.34043 0.38362 0.26041 0.33765 0.21357 0.31612 0.21163 0.29847 0.22306 0.28069 0.26750 0.26501 0.31801 0.26188 0.39981 0.25788 0.46505 0.26303 0.51846 0.30383 0.55789 0.36358 0.57034 0.40289 0.56490 0.42512 0.55340 0.43483 0.52771
4 0.23094 0.72872 0.23666 0.73488 0.24743 0.74193 0.25828 0.74848 0.26923 0.75454 0.28026 0.76009 0.29057 0.76293 0.29600 0.75256 0.30339 0.73789 0.31078 0.72322 0.31577 0.71534 0.32184 0.70817 0.32562 0.70265 0.32823 0.69693 0.33093 0.69070 0.33443 0.67535 0.33702 0.65159 0.33815 0.63839 0.33825 0.62192 0.33761 0.60738 0.33295 0.59522 0.32282 0.58004 0.31655 0.57017 0.31196 0.56215 0.30550 0.55793 0.29404 0.55023 0.28341 0.54012 0.27355 0.53477 0.26015 0.53808 0.25370 0.54518 0.25190 0.55311 0.25051 0.56780 0.24922 0.58871 0.24678 0.60940 0.24500 0.62403 0.24204 0.64308 0.23839 0.67284 0.23601 0.68633 0.23281 0.70226 0.23099 0.71482 0.23048 0.72452 0.23094 0.72872
4 1.00000 0.28873 0.98415 0.28651 0.96523 0.29596 0.94335 0.31028 0.91103 0.32747 0.88070 0.35712 0.85772 0.38067 0.84299 0.39893 0.83486 0.40356 0.82675 0.44655 0.83356 0.46728 0.85102 0.50468 0.86150 0.54019 0.86860 0.57106 0.87926 0.58775 0.89169 0.59734 0.90912 0.59638 0.92722 0.58274 0.93885 0.56123 0.96191 0.49866 0.97587 0.45804 0.99599 0.41514 1.00000 0.40325 1.00000 0.28873
4 0.10779 0.40781 0.11385 0.42248 0.12533 0.42822 0.13694 0.42779 0.15250 0.42126 0.16171 0.40990 0.17219 0.39134 0.17670 0.37668 0.17892 0.35048 0.17969 0.33517 0.17982 0.31540 0.18113 0.29708 0.18212 0.28056 0.17696 0.25802 0.16379 0.23467 0.15577 0.21471 0.14616 0.19570 0.13667 0.18413 0.12978 0.18230 0.11967 0.21514 0.11232 0.24043 0.10729 0.27170 0.10565 0.29738 0.10622 0.32406 0.10706 0.33843 0.10767 0.35400 0.10808 0.37077 0.10807 0.38993 0.10779 0.40781
4 0.77039 0.83443 0.82145 0.82661 0.85666 0.82272 0.86902 0.82086 0.87574 0.77088 0.88205 0.69055 0.87849 0.64550 0.86924 0.62973 0.84893 0.61740 0.83477 0.60281 0.81819 0.60188 0.79899 0.60994 0.79021 0.62118 0.76755 0.64882 0.73710 0.69394 0.73091 0.72314 0.72345 0.74471 0.72852 0.76041 0.73407 0.80312 0.73670 0.83859 0.77039 0.83443
4 0.45704 0.47021 0.46263 0.47119 0.47437 0.47326 0.48563 0.47154 0.49452 0.47014 0.50621 0.46923 0.51976 0.47088 0.53640 0.47456 0.54982 0.47692 0.55963 0.48014 0.56807 0.48459 0.57776 0.48853 0.58223 0.48932 0.58757 0.49174 0.59410 0.49066 0.60020 0.48877 0.60398 0.49018 0.60757 0.49601 0.61141 0.50039 0.61786 0.50302 0.62452 0.50123 0.63280 0.49675 0.63943 0.48531 0.64476 0.47140 0.64980 0.45597 0.65246 0.44086 0.65629 0.42892 0.65952 0.41391 0.66061 0.40446 0.65857 0.38332 0.65582 0.35316 0.64923 0.33493 0.64000 0.30882 0.63008 0.28332 0.62210 0.27302 0.60959 0.25894 0.60428 0.24984 0.58361 0.23952 0.56379 0.23751 0.54420 0.24073 0.52908 0.24474 0.51195 0.25360 0.49127 0.26627 0.47473 0.28487 0.45855 0.30798 0.45146 0.32528 0.44313 0.34311 0.43597 0.38043 0.43463 0.39132 0.43163 0.41156 0.42816 0.42802 0.42506 0.44231 0.42595 0.45360 0.43015 0.46250 0.43424 0.46545 0.43970 0.46715 0.44852 0.46945 0.45704 0.47021
4 0.45869 0.58030 0.45171 0.57443 0.43753 0.57090 0.39312 0.56616 0.37883 0.56776 0.36734 0.56934 0.35444 0.56964 0.34614 0.56921 0.34351 0.56823 0.34283 0.57893 0.34124 0.59926 0.33795 0.62702 0.33670 0.64999 0.33248 0.68531 0.33019 0.72097 0.33016 0.74364 0.32915 0.77232 0.33225 0.78420 0.34087 0.78984 0.35785 0.79799 0.37366 0.80593 0.39264 0.81185 0.40031 0.80238 0.40770 0.78771 0.41444 0.77447 0.42330 0.76058 0.43476 0.74096 0.43720 0.73624 0.44559 0.71813 0.44691 0.69930 0.44791 0.68454 0.45015 0.66278 0.45374 0.62425 0.45757 0.60483 0.46284 0.59082 0.46294 0.58569 0.45869 0.58030
4 0.68797 0.84211 0.70104 0.83028 0.71432 0.77272 0.72794 0.73405 0.73934 0.68424 0.74348 0.64592 0.73188 0.62571 0.71546 0.61204 0.69473 0.60502 0.67532 0.60833 0.65141 0.60748 0.63361 0.61645 0.62543 0.61838 0.61040 0.62650 0.59858 0.63720 0.58768 0.68711 0.58014 0.74771 0.59089 0.79941 0.59683 0.82806 0.61011 0.83579 0.64467 0.83851 0.68797 0.84211
4 0.25902 0.42689 0.26002 0.41213 0.26085 0.39836 0.26110 0.36285 0.25986 0.34718 0.25693 0.33430 0.25458 0.32718 0.25029 0.30839 0.24716 0.28980 0.23769 0.26856 0.23201 0.25313 0.22592 0.24227 0.21905 0.23126 0.21165 0.22326 0.20609 0.22074 0.20078 0.22135 0.19704 0.22893 0.19315 0.24422 0.19006 0.26171 0.18724 0.27769 0.18315 0.29861 0.18037 0.31667 0.17879 0.33700 0.17747 0.35584 0.17700 0.37894 0.17764 0.40481 0.17875 0.41892 0.18277 0.44385 0.18877 0.46655 0.19591 0.47605 0.19762 0.47995 0.20921 0.48458 0.21820 0.48358 0.22839 0.46889 0.23651 0.45693 0.24457 0.44753 0.25302 0.43820 0.25902 0.42689
3 0.47805 0.47159 0.48321 0.46977 0.49036 0.46870 0.49778 0.46611 0.50503 0.46622 0.51139 0.46617 0.52235 0.46927 0.53389 0.47247 0.54504 0.47444 0.55834 0.47796 0.56391 0.48244 0.56929 0.48456 0.57793 0.48530 0.58650 0.48993 0.59462 0.49020 0.59803 0.48807 0.60360 0.48905 0.60741 0.49323 0.61088 0.49929 0.61823 0.50059 0.62417 0.50125 0.63098 0.49504 0.63504 0.48758 0.64128 0.47622 0.64509 0.46832 0.64679 0.46044 0.64305 0.45589 0.63412 0.45158 0.62724 0.45115 0.61787 0.45105 0.60678 0.44871 0.58856 0.44394 0.58234 0.43973 0.57556 0.43697 0.55895 0.43677 0.55067 0.43220 0.53420 0.43124 0.50963 0.42808 0.49230 0.42852 0.48456 0.42950 0.47349 0.43222 0.46723 0.42997 0.45525 0.43095 0.44191 0.42938 0.43333 0.43682 0.42749 0.44592 0.42688 0.45282 0.42741 0.45837 0.42908 0.46607 0.43463 0.46549 0.44118 0.46781 0.44701 0.47079 0.45397 0.47085 0.46134 0.47020 0.47805 0.47159
