1 0.87726 0.64472 0.87328 0.64748 0.87726 0.65522 0.88041 0.67676 0.88041 0.68449 0.88830 0.67511 0.89460 0.65190 0.89421 0.63699 0.89382 0.63146 0.88593 0.63202 0.88160 0.63588 0.87726 0.64472
1 0.51112 0.29577 0.53004 0.28195 0.53280 0.26869 0.53871 0.26483 0.55172 0.25710 0.56907 0.23721 0.58681 0.22174 0.60416 0.22561 0.62782 0.21953 0.63609 0.21346 0.62190 0.21235 0.60455 0.20904 0.58405 0.20904 0.56513 0.21842 0.54778 0.23168 0.53043 0.24826 0.51979 0.26980 0.50520 0.29466 0.51112 0.29577
1 0.13049 0.15961 0.13653 0.16058 0.13606 0.15213 0.13026 0.14172 0.12631 0.13750 0.12469 0.13587 0.11795 0.13327 0.11633 0.14497 0.11935 0.15571 0.12190 0.15994 0.13049 0.15961
4 0.83654 0.52063 0.83805 0.53289 0.84046 0.56587 0.83835 0.61450 0.83955 0.62888 0.85163 0.65932 0.85766 0.67074 0.86219 0.67666 0.86702 0.68300 0.87215 0.69273 0.87607 0.70245 0.87969 0.70499 0.88573 0.69949 0.88935 0.68850 0.89086 0.67581 0.89267 0.66228 0.89448 0.64959 0.89659 0.61534 0.89237 0.57687 0.88845 0.54768 0.88392 0.52908 0.87336 0.50878 0.86098 0.49356 0.85042 0.48426 0.83593 0.47496 0.82990 0.47327 0.82296 0.47327 0.81662 0.47707 0.81360 0.48257 0.81903 0.48934 0.82869 0.50075 0.83322 0.50836 0.83654 0.52063
1 0.81308 0.26511 0.79336 0.27615 0.77128 0.28334 0.75551 0.28830 0.74408 0.30985 0.74763 0.33250 0.74842 0.34797 0.76222 0.36012 0.77247 0.37172 0.77956 0.37338 0.78429 0.36123 0.79297 0.36288 0.79533 0.34244 0.79967 0.32421 0.80834 0.31869 0.82017 0.32311 0.81899 0.30820 0.82609 0.30543 0.83358 0.30820 0.84028 0.31316 0.84383 0.31869 0.84738 0.32532 0.85171 0.32919 0.85723 0.32311 0.86275 0.30046 0.86945 0.28278 0.87024 0.27118 0.88050 0.25793 0.88759 0.23417 0.89074 0.21208 0.89469 0.18887 0.88444 0.19163 0.86512 0.20931 0.84343 0.23583 0.83121 0.25130 0.81308 0.26511
1 0.70189 0.25682 0.69914 0.26234 0.71018 0.25461 0.72240 0.25185 0.73856 0.24798 0.75197 0.24908 0.74487 0.25461 0.73383 0.25903 0.74093 0.26511 0.75591 0.26566 0.76576 0.25958 0.77326 0.24853 0.77562 0.23803 0.77326 0.22589 0.76773 0.21594 0.75788 0.20655 0.74724 0.21153 0.73620 0.21704 0.71806 0.23196 0.70268 0.24246 0.70189 0.25682
4 0.11808 0.53688 0.11721 0.54540 0.11373 0.57098 0.11330 0.59168 0.11373 0.60568 0.11417 0.61421 0.11156 0.63004 0.11113 0.63248 0.10895 0.64283 0.10852 0.65257 0.10852 0.65866 0.10678 0.66597 0.10504 0.67389 0.10417 0.69519 0.10243 0.70798 0.10026 0.72564 0.09983 0.73660 0.09983 0.74878 0.09983 0.76096 0.10243 0.76887 0.10852 0.77618 0.11504 0.77740 0.12677 0.77313 0.13590 0.76278 0.14415 0.75061 0.15632 0.72503 0.16588 0.70798 0.17501 0.69093 0.18848 0.66110 0.20673 0.62030 0.21151 0.60203 0.21151 0.55393 0.20977 0.51496 0.20891 0.46381 0.21238 0.45955 0.21847 0.45528 0.22411 0.45285 0.22325 0.45103 0.22107 0.44980 0.21108 0.45163 0.19109 0.45407 0.17935 0.45650 0.14328 0.45650 0.13459 0.45894 0.12981 0.47599 0.12199 0.50887 0.12069 0.51861 0.11808 0.53688
1 0.82912 0.71266 0.83744 0.72592 0.83468 0.70991 0.82640 0.70604 0.82325 0.72151 0.82991 0.74360 0.82912 0.71266
2 0.32763 0.40785 0.32526 0.43381 0.31935 0.44652 0.32487 0.45149 0.33433 0.44873 0.35128 0.43768 0.35917 0.42553 0.37218 0.42111 0.38677 0.42663 0.40096 0.42166 0.41752 0.42884 0.42540 0.42387 0.43684 0.42553 0.44393 0.42442 0.45773 0.43436 0.47114 0.43326 0.48533 0.43326 0.48967 0.41779 0.48927 0.40122 0.48099 0.36586 0.47823 0.34266 0.47942 0.31835 0.46877 0.29516 0.44867 0.25925 0.42501 0.23328 0.40845 0.22279 0.38795 0.21561 0.36311 0.21285 0.33709 0.23273 0.32960 0.26754 0.32842 0.29792 0.33358 0.29803 0.33327 0.30096 0.33752 0.29985 0.34040 0.30648 0.34734 0.30825 0.34943 0.31538 0.34912 0.31979 0.35385 0.32023 0.35609 0.31736 0.35988 0.32311 0.36335 0.31582 0.36481 0.31758 0.36954 0.31869 0.37336 0.31891 0.37620 0.31935 0.37983 0.31736 0.38365 0.32090 0.38602 0.32515 0.38428 0.33355 0.38286 0.33581 0.38365 0.34780 0.37770 0.35371 0.36311 0.38409 0.35286 0.38630 0.33867 0.39238 0.32763 0.40785
4 0.21127 0.58410 0.21277 0.62620 0.21728 0.65881 0.22028 0.67249 0.22178 0.67880 0.22629 0.69774 0.22929 0.71773 0.23229 0.72825 0.23530 0.73246 0.23905 0.73772 0.24356 0.73878 0.24731 0.73878 0.25933 0.72825 0.26834 0.71563 0.27735 0.70511 0.28486 0.68722 0.29387 0.68301 0.29763 0.67775 0.29838 0.64408 0.30213 0.62304 0.30288 0.60515 0.30063 0.55359 0.29462 0.49151 0.29237 0.45469 0.29838 0.44943 0.30288 0.44417 0.28186 0.44627 0.23154 0.45153 0.21427 0.45785 0.20901 0.46311 0.20901 0.48415 0.21052 0.51361 0.21127 0.53465 0.21127 0.58410
2 0.79972 0.66880 0.80668 0.68051 0.81588 0.70550 0.82535 0.73594 0.83120 0.74609 0.83426 0.74804 0.83789 0.74023 0.83816 0.72462 0.83566 0.70901 0.83593 0.66412 0.83816 0.60674 0.83343 0.60401 0.82089 0.61025 0.81365 0.61845 0.79944 0.60401 0.78663 0.60050 0.77938 0.61064 0.78161 0.62235 0.78997 0.63835 0.79972 0.66880
4 0.42741 0.61881 0.44018 0.66522 0.46147 0.69571 0.46857 0.70830 0.47519 0.70632 0.48560 0.68908 0.49885 0.66124 0.50831 0.63207 0.51966 0.60754 0.52629 0.60555 0.52392 0.56180 0.52203 0.50546 0.51872 0.47099 0.51588 0.44911 0.50689 0.44513 0.48796 0.44712 0.45910 0.44513 0.45011 0.44513 0.44681 0.44845 0.40706 0.44447 0.40328 0.45044 0.40470 0.49352 0.41747 0.55252 0.42741 0.61881
4 0.31740 0.33319 0.31490 0.35336 0.31240 0.37528 0.30989 0.39457 0.30801 0.41649 0.30739 0.43578 0.30864 0.44543 0.30989 0.44718 0.32116 0.44981 0.32867 0.44893 0.33993 0.44455 0.34744 0.43841 0.35620 0.42789 0.36308 0.42438 0.36809 0.42438 0.37935 0.42614 0.38749 0.42614 0.39375 0.42438 0.40251 0.42526 0.41189 0.42614 0.42066 0.42789 0.43005 0.42789 0.44006 0.42877 0.44882 0.43052 0.45883 0.43490 0.46947 0.43578 0.47760 0.43490 0.48762 0.43140 0.49074 0.41123 0.49012 0.39633 0.48574 0.38405 0.48386 0.36563 0.48261 0.34810 0.48011 0.32968 0.47760 0.31390 0.46759 0.29111 0.45007 0.26305 0.43005 0.23762 0.41189 0.22359 0.39500 0.21833 0.37935 0.21482 0.36371 0.21394 0.34994 0.21920 0.34181 0.22710 0.33367 0.24201 0.32992 0.27708 0.32867 0.29286 0.32742 0.29987 0.32241 0.31478 0.31740 0.33319
1 0.87615 0.33139 0.87813 0.33968 0.89193 0.33913 0.89784 0.34078 0.90020 0.31979 0.90139 0.29715 0.89745 0.28223 0.88917 0.28555 0.88050 0.29273 0.87379 0.30211 0.87418 0.31427 0.87615 0.33139
4 0.64710 0.55639 0.64710 0.57758 0.64606 0.58708 0.64606 0.59731 0.64971 0.60607 0.65544 0.61046 0.65909 0.62069 0.66222 0.63457 0.66379 0.64115 0.66744 0.64845 0.67109 0.65722 0.67578 0.66746 0.67995 0.67622 0.68726 0.69084 0.69403 0.70179 0.70707 0.71422 0.72063 0.73175 0.72585 0.74125 0.73784 0.75513 0.74879 0.75587 0.75922 0.74710 0.76130 0.73175 0.76339 0.71276 0.76339 0.69376 0.76339 0.66746 0.76235 0.64699 0.76130 0.62069 0.76026 0.59731 0.75974 0.56735 0.75922 0.53593 0.75922 0.49793 0.75296 0.46286 0.74879 0.45555 0.74253 0.45044 0.73419 0.44532 0.72428 0.43948 0.71124 0.43656 0.70499 0.43437 0.69560 0.43290 0.68412 0.43071 0.67213 0.42925 0.65909 0.42852 0.65283 0.43071 0.64762 0.44606 0.64658 0.46652 0.64606 0.48624 0.64658 0.50378 0.64658 0.53666 0.64710 0.55639
4 0.24247 0.39926 0.24067 0.40245 0.24133 0.40821 0.23722 0.41365 0.23906 0.41815 0.23154 0.43605 0.22880 0.43765 0.24133 0.44534 0.25595 0.44368 0.26986 0.44401 0.28103 0.44341 0.29427 0.44242 0.30818 0.44017 0.30842 0.41657 0.31207 0.38521 0.31571 0.35896 0.32247 0.30825 0.30800 0.28637 0.29238 0.25760 0.27171 0.23129 0.26565 0.21717 0.25614 0.20703 0.24645 0.19450 0.23940 0.18594 0.23353 0.18866 0.22742 0.19662 0.22667 0.21233 0.23140 0.22486 0.23391 0.23579 0.22780 0.24163 0.22629 0.25230 0.22307 0.27331 0.22056 0.29068 0.22000 0.30774 0.22511 0.33085 0.23741 0.34676 0.24545 0.37062 0.24687 0.39052 0.24247 0.39926
4 0.11205 0.19572 0.11153 0.20960 0.11361 0.22349 0.11413 0.23299 0.11622 0.24249 0.11935 0.24541 0.12091 0.25856 0.11778 0.27683 0.11518 0.28560 0.10996 0.29583 0.10371 0.30532 0.09797 0.33893 0.10058 0.37182 0.10996 0.42589 0.11465 0.44123 0.12039 0.45220 0.13447 0.45366 0.16159 0.45658 0.18297 0.45658 0.20488 0.45000 0.21113 0.43904 0.22104 0.42077 0.23043 0.40032 0.23929 0.37986 0.24294 0.36524 0.23668 0.35063 0.22834 0.34186 0.21843 0.33382 0.19131 0.28340 0.16941 0.22495 0.14125 0.16065 0.13030 0.13654 0.11883 0.12923 0.11413 0.12777 0.10840 0.13434 0.10892 0.14603 0.11361 0.15626 0.11413 0.17088 0.11413 0.18111 0.11205 0.19572
1 0.18551 0.31119 0.19248 0.30696 0.19363 0.30078 0.18597 0.29752 0.17785 0.29428 0.17669 0.28972 0.17413 0.28744 0.16856 0.28582 0.16113 0.28777 0.16020 0.30305 0.15811 0.31086 0.17251 0.31021 0.18551 0.31119
4 0.65726 0.28786 0.66160 0.29670 0.66358 0.30665 0.67185 0.33151 0.68132 0.32819 0.68526 0.32875 0.69630 0.31272 0.69630 0.28676 0.70655 0.27019 0.71562 0.26963 0.72823 0.26743 0.74400 0.26577 0.76056 0.26632 0.77278 0.24864 0.77515 0.23262 0.77121 0.21936 0.76135 0.21053 0.74991 0.21053 0.74006 0.21274 0.72192 0.22710 0.70773 0.23980 0.70655 0.24699 0.70063 0.24422 0.69196 0.24920 0.67461 0.26577 0.65648 0.28234 0.65726 0.28786
4 0.74681 0.40929 0.74832 0.41647 0.75195 0.42493 0.75587 0.43128 0.75949 0.43551 0.76402 0.43846 0.76794 0.43889 0.77760 0.43339 0.78967 0.42578 0.79782 0.41986 0.80234 0.41732 0.80899 0.42367 0.82558 0.44100 0.83615 0.45453 0.84460 0.46130 0.85093 0.46891 0.85576 0.47610 0.86180 0.48244 0.86662 0.48540 0.87175 0.48667 0.87960 0.48033 0.88503 0.47187 0.88987 0.46130 0.89801 0.43889 0.90254 0.42705 0.90676 0.41140 0.91008 0.38814 0.91220 0.36066 0.91250 0.30696 0.91069 0.28624 0.91008 0.27144 0.91159 0.25833 0.91250 0.25114 0.91371 0.24438 0.90858 0.24776 0.89922 0.26425 0.89167 0.27482 0.88564 0.28370 0.87266 0.30231 0.86270 0.31457 0.84973 0.33867 0.81773 0.36023 0.79389 0.36912 0.77971 0.37335 0.76583 0.38222 0.76040 0.38519 0.75195 0.37927 0.74802 0.37292 0.74561 0.36827 0.74440 0.37927 0.74531 0.39280 0.74531 0.39872 0.74681 0.40929
1 0.25166 0.20119 0.23818 0.18568 0.23192 0.19175 0.22807 0.19917 0.22711 0.20794 0.23144 0.21468 0.24059 0.22682 0.25840 0.22143 0.26177 0.21468 0.25166 0.20119
1 0.33813 0.30334 0.35232 0.30599 0.35705 0.31196 0.36936 0.31395 0.37503 0.30732 0.38828 0.31527 0.39017 0.32389 0.39727 0.31793 0.40777 0.32363 0.42452 0.33748 0.43342 0.34531 0.43867 0.35081 0.44851 0.35313 0.45608 0.35585 0.46100 0.34942 0.46199 0.33834 0.46724 0.34391 0.47316 0.33927 0.47349 0.33099 0.47316 0.30845 0.46199 0.28312 0.44884 0.25966 0.43408 0.24263 0.41468 0.22744 0.39893 0.21869 0.38312 0.21637 0.36770 0.21498 0.35611 0.22313 0.34003 0.23705 0.33103 0.26556 0.33009 0.29804 0.33813 0.30334
4 0.33118 0.68875 0.35436 0.72256 0.36903 0.73051 0.38511 0.71791 0.39694 0.68941 0.40593 0.65295 0.41160 0.61583 0.40876 0.58401 0.40876 0.50844 0.40451 0.48458 0.40356 0.45276 0.39694 0.44613 0.38180 0.44812 0.34064 0.44812 0.31273 0.45276 0.30705 0.44746 0.29427 0.45673 0.29617 0.49982 0.30563 0.60722 0.30942 0.63903 0.33118 0.68875
1 0.29932 0.33743 0.30317 0.35160 0.31328 0.35295 0.32002 0.30843 0.30798 0.28685 0.29017 0.25785 0.28535 0.25110 0.28054 0.25515 0.27910 0.28550 0.28872 0.31046 0.29498 0.31720 0.29932 0.33743
2 0.11228 0.21927 0.11629 0.23669 0.11910 0.24568 0.12071 0.26367 0.11629 0.28672 0.10787 0.30638 0.12913 0.31088 0.14678 0.31257 0.16443 0.31313 0.17968 0.31369 0.19292 0.31201 0.20134 0.30526 0.19171 0.28615 0.17165 0.22994 0.15681 0.19791 0.14277 0.16643 0.12793 0.13383 0.11389 0.12877 0.11028 0.13496 0.11228 0.14957 0.11589 0.17037 0.11309 0.19172 0.11228 0.21927
2 0.73425 0.75128 0.74791 0.75557 0.75989 0.74464 0.76323 0.71654 0.76267 0.66268 0.76323 0.65096 0.75543 0.64042 0.74512 0.63925 0.74150 0.64160 0.72618 0.66072 0.71503 0.66775 0.70695 0.66540 0.69999 0.66150 0.68968 0.65643 0.68216 0.65057 0.66823 0.64706 0.69163 0.69585 0.70667 0.71693 0.72172 0.73606 0.73425 0.75128
4 0.72699 0.29814 0.72555 0.30778 0.72663 0.31691 0.73098 0.32909 0.73568 0.33721 0.74039 0.34939 0.74402 0.36055 0.74764 0.36968 0.75198 0.37882 0.75524 0.38186 0.75886 0.38592 0.76574 0.38288 0.77552 0.37476 0.78240 0.37070 0.79290 0.36917 0.79653 0.36766 0.81391 0.36156 0.82731 0.35294 0.84071 0.34482 0.84976 0.33721 0.85701 0.32452 0.86642 0.29458 0.87439 0.26972 0.88597 0.24385 0.89032 0.22202 0.89213 0.20223 0.89322 0.18803 0.88924 0.18600 0.88380 0.19158 0.87475 0.20071 0.85012 0.22963 0.83166 0.25044 0.81463 0.26211 0.78313 0.27835 0.75452 0.28799 0.75126 0.29053 0.74148 0.29357 0.73315 0.29611 0.72699 0.29814
4 0.53166 0.59208 0.54033 0.60699 0.55334 0.63461 0.57581 0.66720 0.59395 0.68654 0.61603 0.68985 0.63180 0.67715 0.63968 0.64511 0.64126 0.60036 0.64599 0.54236 0.64283 0.46834 0.64086 0.43243 0.62194 0.42967 0.59316 0.43409 0.58173 0.43685 0.57069 0.44127 0.55255 0.44348 0.54230 0.44072 0.52141 0.44624 0.51707 0.45287 0.52141 0.49154 0.52338 0.53463 0.53166 0.59208
1 0.73020 0.69996 0.74002 0.69665 0.74558 0.69002 0.75737 0.70604 0.75898 0.72592 0.76249 0.70328 0.76450 0.66737 0.75938 0.66019 0.75504 0.65025 0.74913 0.65245 0.74321 0.64251 0.72981 0.65577 0.71443 0.67566 0.71601 0.68615 0.72232 0.69665 0.73020 0.69996
4 0.75980 0.56631 0.76198 0.58255 0.76669 0.59473 0.77646 0.61096 0.78153 0.62162 0.78950 0.63938 0.79892 0.66779 0.80435 0.67794 0.80870 0.68809 0.81413 0.70281 0.81666 0.71042 0.81956 0.72006 0.82391 0.73275 0.82752 0.74035 0.83223 0.74797 0.83730 0.74543 0.83875 0.73072 0.83803 0.71854 0.83513 0.70585 0.83513 0.68301 0.83513 0.66018 0.83730 0.64090 0.83803 0.61045 0.83839 0.58661 0.83948 0.55819 0.83864 0.53998 0.83510 0.51557 0.82985 0.50121 0.81999 0.49035 0.81014 0.48005 0.79968 0.47066 0.79254 0.46538 0.78164 0.46275 0.77494 0.46214 0.76886 0.46214 0.76343 0.46066 0.76150 0.46097 0.75818 0.46447 0.75618 0.47548 0.75800 0.48563 0.75872 0.49780 0.75908 0.54246 0.75980 0.56631
1 0.79841 0.63920 0.80231 0.65522 0.80827 0.66350 0.81891 0.66626 0.82325 0.67289 0.82009 0.65908 0.82798 0.64307 0.83665 0.65522 0.83902 0.63146 0.83744 0.60881 0.82758 0.60936 0.81654 0.62870 0.81099 0.64307 0.79841 0.63920
