1 0.89967 0.63804 0.89875 0.62314 0.89817 0.61764 0.89031 0.61847 0.88610 0.62248 0.88208 0.63147 0.87820 0.63437 0.88245 0.64195 0.88635 0.66338 0.88662 0.67110 0.89417 0.66145 0.89967 0.63804
1 0.57705 0.21888 0.59452 0.22214 0.61795 0.21524 0.62601 0.20888 0.61179 0.20827 0.59433 0.20557 0.57385 0.20628 0.55526 0.21632 0.53839 0.23018 0.52163 0.24735 0.51174 0.26925 0.49803 0.29460 0.50398 0.29550 0.52241 0.28104 0.52470 0.26769 0.53048 0.26362 0.54321 0.25544 0.55986 0.23496 0.57705 0.21888
1 0.10539 0.14682 0.10417 0.15858 0.10756 0.16920 0.11026 0.17334 0.11884 0.17271 0.12490 0.17348 0.12414 0.16505 0.11798 0.15484 0.11389 0.15076 0.11221 0.14919 0.10539 0.14682
4 0.86340 0.65815 0.86813 0.66391 0.87318 0.67008 0.87865 0.67962 0.88291 0.68920 0.88662 0.69161 0.89246 0.68591 0.89569 0.67480 0.89676 0.66206 0.89810 0.64848 0.89946 0.63573 0.90038 0.60143 0.89481 0.56312 0.88987 0.53410 0.88470 0.51567 0.87344 0.49575 0.86054 0.48097 0.84966 0.47204 0.83486 0.46325 0.82876 0.46177 0.82183 0.46201 0.81563 0.46604 0.81280 0.47163 0.81847 0.47821 0.82852 0.48928 0.83331 0.49673 0.83705 0.50887 0.83899 0.52107 0.84255 0.55395 0.84214 0.60262 0.84385 0.61695 0.85697 0.64695 0.86340 0.65815
1 0.74296 0.33939 0.75717 0.35105 0.76782 0.36229 0.77497 0.36370 0.77928 0.35139 0.78801 0.35274 0.78965 0.33223 0.79335 0.31386 0.80183 0.30804 0.81380 0.31204 0.81210 0.29718 0.81910 0.29417 0.82668 0.29667 0.83355 0.30140 0.83729 0.30680 0.84107 0.31330 0.84554 0.31702 0.85084 0.31075 0.85557 0.28792 0.86165 0.27002 0.86203 0.25840 0.87181 0.24479 0.87808 0.22081 0.88046 0.19861 0.88359 0.17529 0.87344 0.17840 0.85475 0.19675 0.83400 0.22400 0.82233 0.23989 0.80469 0.25432 0.78537 0.26605 0.76356 0.27400 0.74797 0.27952 0.73730 0.30145 0.74163 0.32396 0.74296 0.33939
1 0.73616 0.24621 0.72528 0.25102 0.73258 0.25684 0.74757 0.25687 0.75721 0.25045 0.76431 0.23915 0.76631 0.22858 0.76352 0.21652 0.75766 0.20677 0.74748 0.19773 0.73702 0.20307 0.72618 0.20897 0.70857 0.22451 0.69357 0.23554 0.69328 0.24992 0.69072 0.25554 0.70148 0.24742 0.71360 0.24423 0.72962 0.23981 0.74306 0.24044 0.73616 0.24621
4 0.11634 0.64352 0.11598 0.64597 0.11418 0.65639 0.11408 0.66614 0.11430 0.67222 0.11281 0.67959 0.11135 0.68756 0.11122 0.70889 0.10993 0.72173 0.10838 0.73945 0.10833 0.75042 0.10875 0.76259 0.10918 0.77476 0.11206 0.78258 0.11840 0.78967 0.12495 0.79066 0.13653 0.78599 0.14529 0.77533 0.15312 0.76287 0.16439 0.73689 0.17334 0.71952 0.18187 0.70216 0.19429 0.67187 0.21111 0.63046 0.21525 0.61204 0.21357 0.56397 0.21047 0.52508 0.20782 0.47399 0.21115 0.46961 0.21708 0.46514 0.22264 0.46250 0.22171 0.46071 0.21949 0.45957 0.20957 0.46175 0.18967 0.46488 0.17803 0.46772 0.14198 0.46898 0.13338 0.47172 0.12920 0.48892 0.12253 0.52206 0.12157 0.53184 0.11960 0.55018 0.11903 0.55874 0.11645 0.58442 0.11674 0.60512 0.11766 0.61910 0.11839 0.62761 0.11634 0.64352
1 0.83634 0.70105 0.84512 0.71401 0.84180 0.69810 0.83339 0.69452 0.83078 0.71009 0.83821 0.73194 0.83634 0.70105
2 0.35666 0.43048 0.36950 0.42562 0.38428 0.43063 0.39829 0.42516 0.41508 0.43176 0.42279 0.42652 0.43428 0.42777 0.44133 0.42642 0.45547 0.43588 0.46882 0.43431 0.48301 0.43381 0.48681 0.41820 0.48583 0.40165 0.47632 0.36661 0.47275 0.34352 0.47309 0.31918 0.46164 0.29637 0.44030 0.26119 0.41575 0.23606 0.39883 0.22615 0.37809 0.21969 0.35318 0.21780 0.32786 0.23858 0.32159 0.27363 0.32147 0.30403 0.32664 0.30396 0.32642 0.30690 0.33064 0.30564 0.33374 0.31217 0.34074 0.31369 0.34308 0.32074 0.34292 0.32517 0.34766 0.32545 0.34981 0.32250 0.35379 0.32810 0.35700 0.32070 0.35852 0.32241 0.36329 0.32335 0.36712 0.32344 0.36997 0.32378 0.37353 0.32167 0.37747 0.32507 0.37998 0.32924 0.37854 0.33769 0.37720 0.34000 0.37841 0.35195 0.37267 0.35807 0.35915 0.38894 0.34898 0.39151 0.33501 0.39808 0.32452 0.41392 0.32306 0.43995 0.31759 0.45285 0.32328 0.45763 0.33264 0.45454 0.34920 0.44291 0.35666 0.43048
4 0.23705 0.72705 0.24042 0.73746 0.24357 0.74156 0.24751 0.74669 0.25205 0.74758 0.25580 0.74745 0.26744 0.73651 0.27601 0.72358 0.28464 0.71275 0.29152 0.69462 0.30039 0.69009 0.30395 0.68470 0.30353 0.65103 0.30655 0.62987 0.30667 0.61196 0.30262 0.56052 0.29445 0.49869 0.29091 0.46196 0.29673 0.45649 0.30105 0.45108 0.28011 0.45392 0.23001 0.46093 0.21297 0.46784 0.20790 0.47328 0.20864 0.49431 0.21117 0.52370 0.21265 0.54471 0.21438 0.59413 0.21735 0.63614 0.22299 0.66858 0.22647 0.68214 0.22819 0.68840 0.23335 0.70717 0.23705 0.72705
2 0.84606 0.72829 0.84580 0.71268 0.84275 0.69717 0.84146 0.65230 0.84168 0.59487 0.83685 0.59231 0.82454 0.59899 0.81759 0.60743 0.80289 0.59350 0.78996 0.59043 0.78307 0.60082 0.78571 0.61245 0.79462 0.62815 0.80543 0.65824 0.81280 0.66970 0.82286 0.69435 0.83339 0.72444 0.83958 0.73438 0.84271 0.73622 0.84606 0.72829
4 0.50448 0.66118 0.51291 0.63170 0.52341 0.60679 0.52995 0.60457 0.52606 0.56093 0.52221 0.50468 0.51769 0.47035 0.51409 0.44859 0.50497 0.44493 0.48613 0.44757 0.45721 0.44660 0.44823 0.44691 0.44504 0.45033 0.40518 0.44775 0.40161 0.45385 0.40453 0.49685 0.41936 0.55537 0.43160 0.62128 0.44598 0.66720 0.46833 0.69693 0.47586 0.70927 0.48241 0.70705 0.49221 0.68946 0.50448 0.66118
4 0.30685 0.45214 0.30816 0.45385 0.31951 0.45608 0.32699 0.45495 0.33809 0.45017 0.34538 0.44378 0.35377 0.43295 0.36053 0.42921 0.36553 0.42903 0.37685 0.43039 0.38498 0.43011 0.39117 0.42814 0.39996 0.42871 0.40937 0.42926 0.41819 0.43070 0.42757 0.43038 0.43761 0.43090 0.44642 0.43235 0.45658 0.43638 0.46725 0.43689 0.47535 0.43573 0.48523 0.43187 0.48765 0.41161 0.48651 0.39673 0.48170 0.38462 0.47918 0.36628 0.47732 0.34880 0.47417 0.33048 0.47112 0.31480 0.46032 0.29236 0.44183 0.26494 0.42093 0.24022 0.40230 0.22684 0.38523 0.22216 0.36947 0.21920 0.35381 0.21887 0.34023 0.22461 0.33238 0.23279 0.32477 0.24797 0.32224 0.28315 0.32154 0.29897 0.32054 0.30602 0.31605 0.32109 0.31169 0.33967 0.30990 0.35991 0.30816 0.38190 0.30633 0.40127 0.30522 0.42324 0.30526 0.44254 0.30685 0.45214
1 0.88961 0.26849 0.88144 0.27210 0.87303 0.27958 0.86666 0.28919 0.86747 0.30132 0.87004 0.31837 0.87230 0.32658 0.88607 0.32555 0.89204 0.32700 0.89367 0.30594 0.89406 0.28326 0.88961 0.26849
4 0.66321 0.61506 0.66682 0.62883 0.66861 0.63534 0.67251 0.64252 0.67647 0.65115 0.68152 0.66122 0.68599 0.66984 0.69380 0.68419 0.70096 0.69490 0.71442 0.70686 0.72858 0.72391 0.73413 0.73323 0.74660 0.74668 0.75757 0.74703 0.76768 0.73790 0.76923 0.72249 0.77065 0.70343 0.76999 0.68445 0.76908 0.65816 0.76732 0.63775 0.76536 0.61150 0.76350 0.58816 0.76193 0.55824 0.76032 0.52686 0.75899 0.48889 0.75151 0.45405 0.74709 0.44690 0.74065 0.44201 0.73214 0.43718 0.72203 0.43169 0.70890 0.42922 0.70257 0.42725 0.69314 0.42612 0.68159 0.42433 0.66956 0.42328 0.65650 0.42301 0.65032 0.42542 0.64565 0.44094 0.64532 0.46142 0.64549 0.48115 0.64662 0.49866 0.64777 0.53152 0.64898 0.55122 0.64972 0.57240 0.64901 0.58193 0.64936 0.59215 0.65332 0.60079 0.65920 0.60497 0.66321 0.61506
4 0.22679 0.44715 0.23958 0.45440 0.25414 0.45223 0.26805 0.45207 0.27918 0.45109 0.29239 0.44963 0.30621 0.44690 0.30563 0.42330 0.30817 0.39184 0.31090 0.36547 0.31589 0.31456 0.30066 0.29320 0.28405 0.26500 0.26247 0.23942 0.25593 0.22552 0.24607 0.21571 0.23594 0.20353 0.22859 0.19523 0.22283 0.19815 0.21700 0.20632 0.21679 0.22204 0.22196 0.23440 0.22485 0.24524 0.21895 0.25128 0.21781 0.26200 0.21533 0.28312 0.21343 0.30056 0.21346 0.31762 0.21937 0.34055 0.23222 0.35602 0.24109 0.37959 0.24320 0.39942 0.23911 0.40831 0.23742 0.41156 0.23829 0.41730 0.23437 0.42287 0.23637 0.42731 0.22947 0.44546 0.22679 0.44715
4 0.11272 0.27194 0.11023 0.29031 0.10793 0.29916 0.10307 0.30956 0.09715 0.31927 0.09259 0.35306 0.09635 0.38583 0.10761 0.43954 0.11284 0.45472 0.11896 0.46547 0.13307 0.46644 0.16028 0.46842 0.18165 0.46767 0.20331 0.46033 0.20918 0.44916 0.21844 0.43056 0.22711 0.40978 0.23526 0.38903 0.23839 0.37430 0.23163 0.35990 0.22299 0.35143 0.21281 0.34375 0.18394 0.29431 0.16001 0.23666 0.12963 0.17338 0.11784 0.14966 0.10612 0.14276 0.10138 0.14146 0.09587 0.14823 0.09680 0.15990 0.10185 0.16996 0.10288 0.18454 0.10324 0.19477 0.10167 0.20944 0.10163 0.22334 0.10420 0.23714 0.10505 0.24661 0.10747 0.25604 0.11070 0.25885 0.11272 0.27194
1 0.16692 0.29895 0.16129 0.29751 0.15393 0.29973 0.15354 0.31503 0.15172 0.32291 0.16608 0.32176 0.17911 0.32228 0.18593 0.31781 0.18687 0.31159 0.17910 0.30861 0.17087 0.30564 0.16955 0.30113 0.16692 0.29895
4 0.68964 0.30599 0.68874 0.28004 0.69840 0.26312 0.70744 0.26225 0.71998 0.25960 0.73568 0.25740 0.75225 0.25737 0.76384 0.23927 0.76565 0.22318 0.76125 0.21007 0.75109 0.20158 0.73966 0.20198 0.72989 0.20454 0.71226 0.21952 0.69852 0.23271 0.69759 0.23993 0.69159 0.23738 0.68309 0.24265 0.66633 0.25982 0.64879 0.27701 0.64976 0.28250 0.65441 0.29119 0.65673 0.30106 0.66587 0.32561 0.67521 0.32197 0.67917 0.32238 0.68964 0.30599
4 0.76565 0.42957 0.77511 0.42375 0.78690 0.41572 0.79484 0.40952 0.79927 0.40682 0.80613 0.41293 0.82332 0.42968 0.83436 0.44283 0.84304 0.44930 0.84963 0.45668 0.85471 0.46370 0.86096 0.46982 0.86589 0.47262 0.87106 0.47370 0.87869 0.46709 0.88382 0.45845 0.88828 0.44772 0.89564 0.42503 0.89975 0.41305 0.90343 0.39726 0.90593 0.37390 0.90708 0.34636 0.90551 0.29268 0.90298 0.27204 0.90185 0.25727 0.90291 0.24412 0.90356 0.23690 0.90453 0.23010 0.89953 0.23365 0.89075 0.25046 0.88358 0.26129 0.87786 0.27037 0.86554 0.28942 0.85601 0.30202 0.84388 0.32656 0.81266 0.34923 0.78915 0.35894 0.77512 0.36366 0.76156 0.37302 0.75623 0.37617 0.74758 0.37055 0.74344 0.36434 0.74086 0.35978 0.74004 0.37081 0.74142 0.38430 0.74162 0.39022 0.74350 0.40073 0.74526 0.40786 0.74917 0.41619 0.75332 0.42239 0.75708 0.42649 0.76171 0.42929 0.76565 0.42957
1 0.23121 0.23604 0.24882 0.23003 0.25195 0.22317 0.24138 0.21004 0.22737 0.19501 0.22133 0.20129 0.21774 0.20884 0.21708 0.21764 0.22165 0.22423 0.23121 0.23604
1 0.38409 0.32783 0.39098 0.32162 0.40168 0.32695 0.41889 0.34022 0.42806 0.34773 0.43350 0.35304 0.44341 0.35502 0.45107 0.35747 0.45577 0.35087 0.45637 0.33977 0.46182 0.34515 0.46756 0.34031 0.46761 0.33201 0.46649 0.30950 0.45445 0.28458 0.44048 0.26159 0.42514 0.24508 0.40522 0.23059 0.38917 0.22239 0.37330 0.22062 0.35783 0.21977 0.34654 0.22832 0.33095 0.24280 0.32296 0.27160 0.32315 0.30409 0.33137 0.30911 0.34564 0.31127 0.35058 0.31706 0.36294 0.31862 0.36839 0.31180 0.38190 0.31928 0.38409 0.32783
4 0.41570 0.61884 0.41175 0.58714 0.40912 0.51162 0.40403 0.48792 0.40197 0.45615 0.39512 0.44976 0.38006 0.45228 0.33893 0.45371 0.31119 0.45932 0.30533 0.45422 0.29289 0.46394 0.29629 0.50694 0.30949 0.61393 0.31438 0.64560 0.33787 0.69452 0.36222 0.72750 0.37715 0.73494 0.39279 0.72179 0.40361 0.69289 0.41132 0.65614 0.41570 0.61884
1 0.27680 0.25874 0.27213 0.26295 0.27175 0.29334 0.28224 0.31795 0.28873 0.32446 0.29377 0.34454 0.29811 0.35856 0.30826 0.35955 0.31344 0.31483 0.30066 0.29368 0.28184 0.26532 0.27680 0.25874
2 0.12276 0.32394 0.14045 0.32501 0.15812 0.32495 0.17337 0.32498 0.18654 0.32284 0.19472 0.31580 0.18443 0.29704 0.16243 0.24157 0.14648 0.21007 0.13135 0.17910 0.11538 0.14704 0.10117 0.14247 0.09778 0.14878 0.10029 0.16331 0.10462 0.18397 0.10257 0.20542 0.10272 0.23297 0.10734 0.25024 0.11046 0.25913 0.11269 0.27705 0.10908 0.30024 0.10135 0.32019 0.12276 0.32394
2 0.76017 0.63143 0.74983 0.63062 0.74629 0.63308 0.73165 0.65273 0.72076 0.66014 0.71260 0.65808 0.70551 0.65442 0.69503 0.64971 0.68730 0.64412 0.67326 0.64110 0.69835 0.68904 0.71412 0.70958 0.72982 0.72818 0.74288 0.74295 0.75667 0.74676 0.76827 0.73542 0.77062 0.70722 0.76819 0.65341 0.76834 0.64168 0.76017 0.63143
4 0.73900 0.35212 0.74294 0.36112 0.74760 0.37010 0.75097 0.37303 0.75472 0.37695 0.76149 0.37367 0.77098 0.36522 0.77772 0.36092 0.78816 0.35903 0.79173 0.35739 0.80889 0.35069 0.82198 0.34161 0.83508 0.33302 0.84387 0.32510 0.85066 0.31217 0.85903 0.28192 0.86612 0.25680 0.87680 0.23053 0.88038 0.20857 0.88150 0.18873 0.88209 0.17450 0.87804 0.17261 0.87281 0.17838 0.86408 0.18781 0.84047 0.21758 0.82275 0.23902 0.80614 0.25127 0.77522 0.26860 0.74696 0.27924 0.74380 0.28189 0.73413 0.28527 0.72589 0.28810 0.71981 0.29034 0.71870 0.30002 0.72011 0.30911 0.72487 0.32113 0.72986 0.32908 0.73499 0.34109 0.73900 0.35212
4 0.63790 0.67244 0.64466 0.64014 0.64468 0.59537 0.64738 0.53724 0.64164 0.46337 0.63842 0.42755 0.61941 0.42545 0.59080 0.43088 0.57947 0.43403 0.56859 0.43884 0.55055 0.44168 0.54021 0.43928 0.51952 0.44553 0.51541 0.45230 0.52110 0.49079 0.52457 0.53379 0.53485 0.59091 0.54404 0.60552 0.55801 0.63267 0.58160 0.66446 0.60040 0.68315 0.62258 0.68569 0.63790 0.67244
1 0.77018 0.65804 0.76481 0.65104 0.76013 0.64125 0.75430 0.64367 0.74804 0.63393 0.73510 0.64766 0.72043 0.66807 0.72237 0.67850 0.72905 0.68877 0.73704 0.69180 0.74674 0.68815 0.75206 0.68133 0.76440 0.69693 0.76671 0.71675 0.76943 0.69399 0.77018 0.65804
4 0.80459 0.65726 0.81037 0.66721 0.81507 0.67720 0.82101 0.69172 0.82381 0.69924 0.82704 0.70877 0.83183 0.72130 0.83571 0.72878 0.84068 0.73622 0.84566 0.73351 0.84660 0.71875 0.84545 0.70661 0.84211 0.69403 0.84132 0.67121 0.84052 0.64839 0.84202 0.62904 0.84168 0.59859 0.84121 0.57475 0.84130 0.54631 0.83983 0.52813 0.83544 0.50387 0.82969 0.48970 0.81946 0.47919 0.80926 0.46923 0.79847 0.46022 0.79116 0.45519 0.78017 0.45294 0.77345 0.45257 0.76737 0.45278 0.76189 0.45150 0.75998 0.45187 0.75678 0.45548 0.75517 0.46655 0.75734 0.47663 0.75849 0.48878 0.76040 0.53339 0.76196 0.55720 0.76470 0.57336 0.76983 0.58536 0.78017 0.60125 0.78561 0.61172 0.79419 0.62919 0.80459 0.65726
1 0.83277 0.63153 0.84186 0.64337 0.84340 0.61955 0.84103 0.59697 0.83120 0.59786 0.82084 0.61757 0.81579 0.63213 0.80308 0.62870 0.80754 0.64457 0.81378 0.65264 0.82452 0.65503 0.82908 0.66151 0.82545 0.64782 0.83277 0.63153
