4 0.87409 0.15541 0.87988 0.14593 0.88109 0.13794 0.87792 0.12949 0.87048 0.12305 0.86301 0.11685 0.85948 0.11180 0.85709 0.10294 0.85026 0.09066 0.84485 0.08246 0.83550 0.07656 0.82452 0.07220 0.80623 0.06708 0.78764 0.06488 0.76337 0.06405 0.74708 0.06456 0.72625 0.06606 0.70785 0.06905 0.69483 0.07358 0.69211 0.08191 0.69215 0.09200 0.69454 0.10087 0.70058 0.10667 0.71177 0.11252 0.71905 0.11697 0.72689 0.12321 0.73034 0.12899 0.73641 0.13799 0.74073 0.14607 0.74424 0.15481 0.74821 0.16261 0.75237 0.16870 0.75617 0.17476 0.75743 0.18375 0.75785 0.19388 0.76750 0.19687 0.78293 0.19750 0.79477 0.19727 0.81095 0.19430 0.82554 0.18894 0.83720 0.18328 0.84820 0.17705 0.85770 0.17092 0.86655 0.16397 0.87409 0.15541
4 0.15625 0.70163 0.15725 0.71041 0.16469 0.71762 0.17882 0.73004 0.19673 0.74767 0.21091 0.75495 0.22925 0.76395 0.24136 0.77261 0.26163 0.77699 0.27365 0.77279 0.29814 0.75994 0.30640 0.75020 0.30846 0.72598 0.31568 0.70778 0.31868 0.69298 0.31037 0.67572 0.28201 0.66567 0.25575 0.66323 0.23535 0.66462 0.23138 0.67031 0.22543 0.67643 0.21447 0.67978 0.20909 0.68050 0.18992 0.67945 0.17561 0.67795 0.16258 0.68268 0.15591 0.68648 0.15625 0.70163
1 0.42008 0.73985 0.42352 0.74183 0.42200 0.74005 0.41601 0.73691 0.42008 0.73985
4 0.13329 0.47935 0.14118 0.47767 0.14730 0.47360 0.15632 0.46732 0.16388 0.46175 0.17086 0.45569 0.17915 0.45019 0.18723 0.44590 0.19293 0.44055 0.19863 0.43436 0.20184 0.42833 0.20300 0.42337 0.20426 0.41750 0.20352 0.41234 0.19837 0.40629 0.19272 0.39970 0.18635 0.39394 0.17657 0.38912 0.16816 0.38438 0.16033 0.38019 0.15415 0.37868 0.14180 0.37481 0.12753 0.37074 0.12262 0.36857 0.11080 0.36562 0.09441 0.36432 0.08093 0.36499 0.06908 0.36846 0.06557 0.37745 0.06519 0.38715 0.06846 0.41462 0.07257 0.45680 0.07291 0.46578 0.07724 0.47260 0.08315 0.47751 0.08861 0.47980 0.09607 0.48223 0.10797 0.48434 0.11687 0.48442 0.12408 0.48224 0.13329 0.47935
4 0.20954 0.68087 0.22397 0.67660 0.23484 0.66488 0.23962 0.65157 0.24431 0.62988 0.24573 0.60720 0.24015 0.59601 0.22600 0.58842 0.21462 0.58658 0.19634 0.58626 0.18711 0.58690 0.17123 0.58202 0.16586 0.58724 0.14700 0.59233 0.12736 0.59573 0.11604 0.60708 0.11955 0.62866 0.13002 0.64840 0.15392 0.66410 0.17165 0.67432 0.18375 0.67848 0.20954 0.68087
1 0.54670 0.78153 0.54854 0.78248 0.55004 0.78348 0.55216 0.78385 0.55373 0.78310 0.54999 0.78172 0.54743 0.78115 0.54670 0.78153
1 0.48115 0.17882 0.47972 0.17823 0.47757 0.17776 0.47719 0.17848 0.47699 0.17870 0.47660 0.17953 0.47635 0.18026 0.47645 0.18102 0.47744 0.18121 0.47879 0.18083 0.48007 0.18061 0.48161 0.18014 0.48173 0.17955 0.48115 0.17882
4 0.57878 0.84763 0.60630 0.85006 0.65009 0.84957 0.68020 0.84718 0.69318 0.84253 0.71842 0.83361 0.72825 0.81937 0.74394 0.79556 0.75127 0.77874 0.75970 0.75139 0.75365 0.74289 0.74166 0.73144 0.72689 0.72665 0.68669 0.71270 0.66413 0.70941 0.63803 0.70667 0.61345 0.70269 0.59566 0.70684 0.58721 0.72123 0.58135 0.73728 0.58293 0.74207 0.58313 0.76662 0.58401 0.79125 0.57828 0.81934 0.56368 0.82614 0.56910 0.84059 0.57878 0.84763
4 0.39204 0.79777 0.41407 0.79462 0.42691 0.79179 0.44339 0.79095 0.45312 0.78555 0.45859 0.77937 0.45869 0.76460 0.46344 0.75159 0.46263 0.74090 0.45208 0.72661 0.43971 0.70667 0.43213 0.69623 0.40934 0.67905 0.39036 0.67159 0.37091 0.66858 0.34980 0.67215 0.33255 0.68030 0.31916 0.69753 0.31463 0.71313 0.30768 0.72879 0.30510 0.74877 0.30928 0.76400 0.32103 0.78066 0.33464 0.78884 0.36078 0.79706 0.39204 0.79777
4 0.18887 0.56555 0.20509 0.55343 0.21417 0.54506 0.21526 0.53007 0.20662 0.51598 0.19688 0.50307 0.18469 0.49986 0.16436 0.48679 0.14984 0.48269 0.14074 0.47756 0.12471 0.48327 0.10581 0.48418 0.09211 0.48145 0.08007 0.49047 0.07531 0.50829 0.07780 0.54423 0.08074 0.56672 0.09464 0.58586 0.10961 0.59483 0.12620 0.59754 0.15480 0.59154 0.17123 0.58202 0.18887 0.56555
4 0.70176 0.85960 0.71201 0.86117 0.72745 0.86646 0.74425 0.87150 0.76172 0.87101 0.77878 0.86725 0.79363 0.86464 0.81969 0.86088 0.84073 0.85248 0.85165 0.84063 0.85922 0.82804 0.86317 0.81735 0.87291 0.80399 0.88372 0.79312 0.88019 0.78070 0.86610 0.76256 0.83920 0.74818 0.80023 0.73525 0.77203 0.73323 0.75004 0.73880 0.75258 0.73996 0.76071 0.74826 0.75677 0.76589 0.74724 0.79078 0.73308 0.81290 0.71691 0.83436 0.70087 0.84195 0.69387 0.84905 0.70176 0.85960
4 0.44387 0.80337 0.46460 0.81758 0.48614 0.82401 0.50963 0.82509 0.53259 0.82472 0.56132 0.82219 0.57903 0.81951 0.58313 0.80361 0.58432 0.78499 0.58124 0.76082 0.57927 0.73729 0.57228 0.72318 0.56373 0.71663 0.55728 0.70929 0.53993 0.70265 0.52145 0.69881 0.50375 0.69482 0.48471 0.69888 0.47473 0.70802 0.46172 0.72609 0.45737 0.73443 0.46377 0.74621 0.46193 0.75712 0.45822 0.76599 0.45760 0.77843 0.45193 0.78616 0.44037 0.79050 0.44387 0.80337
1 0.36460 0.73313 0.37371 0.72979 0.38119 0.73147 0.38718 0.73120 0.39687 0.72922 0.40297 0.72913 0.40832 0.73253 0.41273 0.73454 0.40972 0.73082 0.40328 0.72730 0.39540 0.72826 0.38881 0.72846 0.38179 0.72812 0.37553 0.72747 0.37185 0.72781 0.36514 0.73035 0.35886 0.73342 0.35398 0.73817 0.34834 0.74090 0.34840 0.74269 0.35244 0.74125 0.35765 0.73791 0.36460 0.73313
4 0.29705 0.27854 0.30517 0.27152 0.30912 0.25496 0.30667 0.24314 0.30272 0.23509 0.29892 0.22559 0.29762 0.21684 0.29189 0.20467 0.27967 0.19453 0.26928 0.18803 0.25004 0.18502 0.23150 0.18578 0.21680 0.18866 0.19640 0.19316 0.18660 0.19509 0.17483 0.19828 0.16871 0.20378 0.15982 0.21466 0.15324 0.22110 0.14798 0.22547 0.14330 0.23138 0.14092 0.24343 0.14488 0.25148 0.15175 0.25983 0.16097 0.27039 0.16851 0.27241 0.17845 0.27616 0.19220 0.28229 0.20060 0.28661 0.20648 0.29043 0.22173 0.29277 0.23451 0.29411 0.25776 0.29065 0.28431 0.28385 0.29705 0.27854
4 0.71901 0.21890 0.74263 0.21072 0.75498 0.19561 0.75715 0.18374 0.75288 0.16874 0.74485 0.15743 0.73744 0.14599 0.73429 0.13787 0.72697 0.12562 0.71820 0.11834 0.70823 0.11073 0.69136 0.10158 0.66883 0.09060 0.65157 0.08509 0.63340 0.08236 0.61230 0.08117 0.58332 0.08181 0.57000 0.08575 0.55458 0.09192 0.54934 0.09793 0.54517 0.10836 0.54256 0.11854 0.54190 0.12483 0.54229 0.12692 0.55429 0.13269 0.56206 0.13781 0.56849 0.14689 0.57156 0.15275 0.57365 0.16220 0.57274 0.17666 0.57174 0.19501 0.57275 0.20578 0.57353 0.21017 0.58099 0.21813 0.59093 0.22307 0.59352 0.22478 0.61075 0.22761 0.62905 0.22912 0.64727 0.22838 0.66519 0.22759 0.69002 0.22549 0.71901 0.21890
4 0.22598 0.34638 0.22619 0.34021 0.22315 0.33546 0.22242 0.32977 0.22260 0.32802 0.22560 0.32479 0.22530 0.31915 0.21460 0.30297 0.20795 0.29459 0.20319 0.28937 0.19617 0.28449 0.18518 0.27950 0.17232 0.27549 0.15739 0.27422 0.13991 0.27622 0.12800 0.27999 0.11578 0.28668 0.10953 0.29133 0.10192 0.30057 0.09887 0.30852 0.09801 0.31670 0.09746 0.32195 0.09800 0.32939 0.09779 0.33557 0.09775 0.34442 0.10083 0.34888 0.10581 0.35620 0.12110 0.36666 0.12827 0.37007 0.13857 0.37322 0.14937 0.37583 0.15953 0.37601 0.17533 0.37325 0.19193 0.36702 0.20215 0.36248 0.21334 0.35716 0.22037 0.35347 0.22598 0.34638
1 0.43135 0.75060 0.43436 0.75092 0.42903 0.74720 0.42616 0.74446 0.42465 0.74495 0.42721 0.74838 0.43135 0.75060
4 0.31927 0.25676 0.32775 0.26381 0.33676 0.26943 0.34278 0.27178 0.35407 0.27322 0.37055 0.27446 0.38458 0.27445 0.40396 0.26911 0.41709 0.26360 0.42672 0.25625 0.43070 0.25002 0.43328 0.23947 0.44068 0.22179 0.44605 0.21276 0.44763 0.20480 0.44811 0.19674 0.44551 0.18637 0.44095 0.17704 0.43638 0.17139 0.42494 0.16084 0.41362 0.15620 0.40029 0.15308 0.39019 0.15079 0.37648 0.14787 0.35838 0.14449 0.34370 0.14369 0.32261 0.14418 0.30766 0.14950 0.29531 0.15459 0.28982 0.16115 0.28653 0.17139 0.28428 0.17878 0.28471 0.18522 0.28472 0.18867 0.28745 0.19781 0.28839 0.19939 0.29092 0.20334 0.29411 0.20811 0.29657 0.21280 0.29854 0.21866 0.30046 0.22501 0.30300 0.23242 0.30698 0.24022 0.31304 0.24922 0.31927 0.25676
