4 0.55144 0.85492 0.56689 0.84569 0.57520 0.83865 0.58067 0.83176 0.58145 0.82487 0.58155 0.81651 0.57979 0.80889 0.57617 0.80537 0.57411 0.80566 0.57187 0.80654 0.56922 0.80742 0.56512 0.80918 0.56073 0.81152 0.55398 0.81417 0.54656 0.81651 0.54138 0.81886 0.53668 0.82369 0.53571 0.82721 0.53590 0.83102 0.53658 0.83835 0.53590 0.84656 0.53365 0.85712 0.53463 0.86167 0.54059 0.86152 0.55144 0.85492
4 0.65553 0.58734 0.66212 0.58820 0.66750 0.58844 0.67296 0.58966 0.67842 0.59235 0.68110 0.59076 0.68192 0.58783 0.68330 0.58160 0.68542 0.57586 0.68762 0.56230 0.68844 0.55814 0.69007 0.55179 0.69121 0.54837 0.69283 0.54238 0.69463 0.53701 0.69650 0.53041 0.69748 0.52479 0.69894 0.52002 0.69732 0.51807 0.69528 0.51734 0.69170 0.51575 0.68762 0.51416 0.68298 0.51404 0.67972 0.51428 0.67622 0.51550 0.67320 0.51624 0.66880 0.51538 0.66652 0.51416 0.66245 0.51380 0.66123 0.51392 0.65699 0.51575 0.65545 0.51673 0.65268 0.51990 0.65088 0.52406 0.64868 0.52870 0.64722 0.53200 0.64477 0.53835 0.64290 0.54214 0.64127 0.54678 0.64029 0.55362 0.64013 0.55827 0.64013 0.56401 0.63931 0.56804 0.63915 0.57207 0.64013 0.57769 0.64200 0.58233 0.64787 0.58600 0.65137 0.58685 0.65553 0.58734
1 0.31304 0.52796 0.30995 0.53081 0.31352 0.53117 0.31590 0.53161 0.31923 0.53349 0.32090 0.53643 0.32167 0.54241 0.31977 0.54767 0.31923 0.55160 0.32042 0.55490 0.32084 0.55374 0.32090 0.55017 0.32209 0.54562 0.32309 0.54187 0.32268 0.53858 0.32494 0.53991 0.32595 0.53634 0.32726 0.53482 0.32078 0.53188 0.31798 0.52751 0.31626 0.52198 0.31822 0.51743 0.31762 0.51118 0.31804 0.50690 0.31572 0.50922 0.31578 0.51315 0.31608 0.51779 0.31530 0.52376 0.31304 0.52796
2 0.65923 0.49084 0.65726 0.49843 0.65677 0.50323 0.65923 0.49861 0.66170 0.49602 0.66343 0.49436 0.66589 0.49602 0.66910 0.49473 0.67182 0.49528 0.67502 0.49491 0.67823 0.49343 0.68119 0.49177 0.68378 0.48880 0.68526 0.48529 0.68341 0.48400 0.68329 0.48048 0.68366 0.47548 0.68070 0.47475 0.67922 0.47252 0.67440 0.47789 0.66947 0.48085 0.66170 0.48436 0.65923 0.49084
4 0.33617 0.57194 0.34123 0.57042 0.34650 0.56799 0.35218 0.56495 0.35258 0.55431 0.35137 0.54458 0.34914 0.53121 0.34853 0.52330 0.34691 0.51965 0.34488 0.51418 0.34306 0.50871 0.34063 0.50233 0.33677 0.49685 0.33252 0.49290 0.32745 0.49169 0.32198 0.49108 0.31488 0.49108 0.30738 0.49047 0.30090 0.48986 0.29988 0.49169 0.30029 0.49625 0.30394 0.51327 0.30779 0.53182 0.31063 0.54823 0.31407 0.56617 0.31488 0.57164 0.31813 0.57194 0.32117 0.57194 0.32360 0.57103 0.32927 0.57103 0.33617 0.57194
4 0.65512 0.49323 0.65336 0.49615 0.65248 0.49923 0.65336 0.50363 0.65444 0.50583 0.65590 0.50905 0.65727 0.51081 0.65903 0.51288 0.66108 0.51375 0.66372 0.51375 0.66529 0.51389 0.66793 0.51464 0.67008 0.51536 0.67330 0.51594 0.67712 0.51508 0.68054 0.51360 0.68728 0.51331 0.68904 0.51389 0.69217 0.51567 0.69442 0.51684 0.69706 0.51712 0.69931 0.51550 0.70097 0.51288 0.70165 0.50876 0.70185 0.50260 0.70224 0.49822 0.70331 0.49175 0.70351 0.47841 0.70370 0.47431 0.70312 0.47124 0.69911 0.47094 0.69412 0.47211 0.68845 0.47269 0.68239 0.47269 0.67760 0.47357 0.67506 0.47533 0.67213 0.47753 0.66431 0.48149 0.66079 0.48340 0.65835 0.48780 0.65512 0.49323
4 0.60142 0.75724 0.60540 0.75672 0.60940 0.75865 0.61174 0.76217 0.61362 0.77026 0.61444 0.78276 0.61901 0.77924 0.62406 0.77255 0.62898 0.76428 0.63415 0.75531 0.63708 0.74704 0.63778 0.74000 0.63708 0.73367 0.63614 0.72962 0.63426 0.72452 0.63227 0.71959 0.62980 0.71819 0.62382 0.71766 0.61608 0.71801 0.60740 0.72065 0.60095 0.72223 0.59274 0.72821 0.58980 0.73543 0.58722 0.74440 0.58628 0.75654 0.58722 0.76322 0.58804 0.76375 0.59356 0.76094 0.60142 0.75724
4 0.33854 0.68719 0.34593 0.70953 0.34722 0.71024 0.34945 0.70935 0.35285 0.70830 0.35836 0.70707 0.36188 0.70583 0.36681 0.70425 0.37162 0.70460 0.37643 0.70478 0.38124 0.70425 0.38300 0.69950 0.38241 0.68719 0.38194 0.68191 0.38065 0.67646 0.37889 0.67188 0.37666 0.66748 0.37385 0.66326 0.37068 0.65939 0.36798 0.65622 0.36435 0.65253 0.36083 0.64971 0.35895 0.64936 0.35602 0.64936 0.35437 0.64989 0.35179 0.65059 0.34874 0.65217 0.34323 0.65376 0.34006 0.65394 0.33584 0.65376 0.33197 0.65306 0.33127 0.65323 0.33267 0.66133 0.33525 0.67259 0.33854 0.68719
4 0.63838 0.66081 0.64336 0.66198 0.64678 0.66374 0.65490 0.67195 0.65939 0.67620 0.66037 0.67254 0.66360 0.66081 0.66497 0.65494 0.66750 0.64483 0.66946 0.63632 0.67171 0.62797 0.67376 0.61961 0.67611 0.61257 0.67777 0.60393 0.67875 0.59762 0.67757 0.59337 0.67601 0.59102 0.67347 0.58956 0.66839 0.58838 0.66193 0.58780 0.65656 0.58750 0.65314 0.58750 0.64903 0.58663 0.64590 0.58501 0.64287 0.58296 0.64033 0.58194 0.63896 0.58252 0.63603 0.58472 0.63232 0.58604 0.62997 0.58912 0.62655 0.59527 0.62450 0.60172 0.62313 0.60598 0.62029 0.61316 0.61775 0.61990 0.61540 0.62577 0.61403 0.62900 0.61335 0.63207 0.61218 0.63706 0.61140 0.64278 0.61101 0.65084 0.61159 0.65935 0.61394 0.66213 0.61785 0.66448 0.62342 0.66506 0.62893 0.66171 0.63407 0.66066 0.63838 0.66081
4 0.63290 0.72070 0.63490 0.72510 0.63560 0.72915 0.63724 0.73689 0.63923 0.73548 0.64217 0.73091 0.64475 0.72563 0.64745 0.71859 0.65038 0.71155 0.65214 0.70575 0.65519 0.69607 0.65812 0.68446 0.65941 0.67795 0.65824 0.67549 0.65507 0.67197 0.65202 0.66845 0.64909 0.66546 0.64780 0.66405 0.64663 0.66353 0.64452 0.66229 0.64064 0.66053 0.63501 0.66053 0.63079 0.66106 0.62575 0.66353 0.62258 0.66669 0.61976 0.66828 0.61683 0.67056 0.61308 0.67602 0.61026 0.68481 0.60932 0.69290 0.60756 0.70258 0.60921 0.71085 0.61448 0.71859 0.62387 0.71771 0.63020 0.71789 0.63290 0.72070
4 0.32507 0.61970 0.33084 0.65263 0.33225 0.65263 0.33591 0.65390 0.34097 0.65369 0.34520 0.65305 0.35013 0.65136 0.35449 0.64904 0.35913 0.64904 0.36209 0.65115 0.36631 0.65453 0.36969 0.65685 0.37293 0.65685 0.37617 0.65622 0.37814 0.65411 0.37941 0.64925 0.38095 0.64355 0.38095 0.63616 0.38081 0.63300 0.38011 0.63025 0.37898 0.62582 0.37814 0.62117 0.37743 0.61864 0.37701 0.61717 0.37631 0.61526 0.37546 0.61231 0.37462 0.60893 0.37378 0.60703 0.37307 0.60450 0.37180 0.59964 0.37040 0.59225 0.36857 0.58592 0.36730 0.58148 0.36533 0.57705 0.36293 0.57325 0.35956 0.57156 0.35717 0.57093 0.35505 0.57072 0.35336 0.56966 0.35083 0.56966 0.34801 0.57051 0.34576 0.57093 0.34309 0.57114 0.33971 0.57156 0.33689 0.57177 0.33309 0.57156 0.32958 0.57135 0.32479 0.57114 0.32197 0.57198 0.31958 0.57262 0.31662 0.57241 0.31522 0.57220 0.31648 0.57621 0.31803 0.58275 0.32507 0.61970
4 0.42504 0.82756 0.42885 0.83123 0.43217 0.83445 0.43618 0.83812 0.43833 0.84090 0.44078 0.84340 0.44547 0.84780 0.44928 0.85146 0.45339 0.85483 0.45251 0.84633 0.45202 0.83988 0.45221 0.83460 0.45339 0.83035 0.45475 0.82712 0.45730 0.82448 0.45867 0.82346 0.46121 0.82287 0.46248 0.82243 0.46336 0.82243 0.46375 0.82184 0.46355 0.81540 0.46306 0.81085 0.46160 0.80542 0.45847 0.80161 0.45231 0.79751 0.44742 0.79384 0.44342 0.78945 0.43823 0.78475 0.43423 0.78255 0.43071 0.77962 0.42699 0.77757 0.42425 0.77698 0.42152 0.77713 0.41966 0.77874 0.41849 0.78153 0.41820 0.78475 0.41771 0.79326 0.41761 0.80440 0.41771 0.81158 0.41702 0.81891 0.41839 0.82038 0.42005 0.82287 0.42250 0.82551 0.42504 0.82756
4 0.35743 0.74039 0.36809 0.76077 0.37239 0.76531 0.37444 0.76400 0.37679 0.75989 0.37962 0.75505 0.38177 0.75212 0.38725 0.75212 0.39087 0.75358 0.39507 0.75490 0.39907 0.75300 0.40025 0.75007 0.40113 0.74494 0.40064 0.74039 0.39947 0.73526 0.39956 0.73291 0.39820 0.72661 0.39624 0.71942 0.39272 0.71444 0.39057 0.71444 0.38764 0.71341 0.38490 0.71151 0.38109 0.70945 0.37718 0.70813 0.37219 0.70623 0.36701 0.70506 0.36300 0.70550 0.35411 0.70828 0.35108 0.71048 0.34883 0.71517 0.34844 0.71869 0.34912 0.72221 0.35137 0.72749 0.35743 0.74039
4 0.57858 0.80714 0.57870 0.80731 0.58034 0.81119 0.58163 0.81681 0.58175 0.82473 0.58632 0.82086 0.59371 0.81470 0.60133 0.80837 0.60849 0.79764 0.61400 0.78515 0.61388 0.78163 0.61377 0.77406 0.61283 0.76703 0.61119 0.76104 0.60861 0.75788 0.60450 0.75717 0.59969 0.75788 0.59265 0.76157 0.58702 0.76509 0.58315 0.76825 0.57553 0.77301 0.57295 0.77477 0.56743 0.77881 0.56192 0.78497 0.55981 0.79078 0.55922 0.79940 0.55934 0.80784 0.55993 0.81171 0.57212 0.80661 0.57612 0.80520 0.57858 0.80714
4 0.29506 0.45902 0.29822 0.47909 0.29993 0.48383 0.30358 0.48565 0.30795 0.48711 0.31598 0.48748 0.32279 0.48638 0.32912 0.48492 0.33447 0.48201 0.34104 0.47690 0.34420 0.46924 0.34493 0.46194 0.34468 0.45100 0.34347 0.44115 0.34055 0.43349 0.33739 0.42838 0.33495 0.42509 0.32912 0.41853 0.32425 0.41524 0.31987 0.41342 0.31574 0.41342 0.31063 0.41196 0.30795 0.40941 0.30528 0.40795 0.30236 0.40831 0.29993 0.40941 0.29871 0.41926 0.29555 0.43896 0.29506 0.45902
4 0.38581 0.79011 0.39250 0.79820 0.39825 0.80506 0.40517 0.81140 0.41162 0.81615 0.41702 0.81896 0.41702 0.81755 0.41748 0.81404 0.41772 0.81017 0.41772 0.80612 0.41760 0.80119 0.41760 0.79609 0.41772 0.78976 0.41807 0.78501 0.41889 0.78043 0.41960 0.77867 0.42112 0.77726 0.42194 0.77603 0.42523 0.77691 0.42053 0.77445 0.41596 0.77093 0.41256 0.76847 0.40880 0.76653 0.40458 0.76442 0.40095 0.76266 0.39825 0.76126 0.39602 0.75949 0.39461 0.75721 0.39238 0.75457 0.38968 0.75264 0.38616 0.75140 0.38347 0.75210 0.38170 0.75246 0.38006 0.75527 0.37854 0.75774 0.37631 0.76090 0.37479 0.76477 0.37420 0.76724 0.37467 0.77322 0.37784 0.77674 0.38065 0.78149 0.38581 0.79011
4 0.46726 0.86785 0.47488 0.87181 0.48388 0.87518 0.48984 0.87416 0.49297 0.87255 0.49492 0.86859 0.49580 0.86433 0.49639 0.85862 0.49649 0.85715 0.49707 0.85143 0.49688 0.84659 0.49531 0.84381 0.49306 0.84220 0.49121 0.84176 0.49033 0.83853 0.48964 0.83120 0.48984 0.82402 0.48945 0.82211 0.48759 0.82035 0.48397 0.81845 0.47997 0.81654 0.47791 0.81683 0.47088 0.81830 0.46736 0.81962 0.46501 0.82109 0.46413 0.82196 0.46247 0.82270 0.46012 0.82358 0.45719 0.82475 0.45484 0.82768 0.45299 0.83061 0.45211 0.83413 0.45230 0.83897 0.45260 0.84542 0.45377 0.85656 0.45582 0.85876 0.46003 0.86213 0.46726 0.86785
4 0.50747 0.87140 0.51464 0.87042 0.52230 0.86725 0.53028 0.86309 0.53273 0.85955 0.53346 0.85674 0.53460 0.85246 0.53557 0.84574 0.53598 0.84012 0.53582 0.83389 0.53533 0.82803 0.53435 0.82424 0.53280 0.82131 0.53077 0.81862 0.52841 0.81825 0.52531 0.81813 0.52181 0.81777 0.51798 0.81764 0.51334 0.81764 0.50935 0.81777 0.50421 0.81789 0.49721 0.81813 0.49330 0.81935 0.49159 0.82058 0.49061 0.82290 0.48979 0.82497 0.48979 0.82705 0.48963 0.83194 0.49012 0.83658 0.49101 0.84049 0.49183 0.84147 0.49387 0.84208 0.49566 0.84367 0.49721 0.84770 0.49704 0.85173 0.49647 0.85979 0.49525 0.86761 0.49533 0.86969 0.49810 0.87018 0.50747 0.87140
