4 0.15366 0.65760 0.16578 0.67504 0.17902 0.68892 0.19359 0.69706 0.22156 0.70368 0.25005 0.70520 0.28790 0.69448 0.30974 0.67547 0.32107 0.65168 0.33279 0.63087 0.34194 0.60685 0.34966 0.54742 0.32766 0.52600 0.30429 0.50371 0.29500 0.48730 0.28844 0.47266 0.27934 0.46142 0.27723 0.46045 0.27507 0.46023 0.26210 0.46475 0.24748 0.47790 0.21564 0.49439 0.19937 0.50224 0.18462 0.50289 0.15692 0.48676 0.14659 0.47318 0.13562 0.47276 0.12923 0.48458 0.12575 0.49670 0.12143 0.51682 0.11865 0.53637 0.11581 0.54929 0.11559 0.56543 0.11866 0.57824 0.12577 0.59441 0.14413 0.62942 0.15366 0.65760
1 0.50811 0.32185 0.51779 0.32923 0.52462 0.33336 0.52611 0.33646 0.53204 0.34050 0.53260 0.34168 0.53550 0.34221 0.52736 0.33114 0.51627 0.32203 0.50843 0.31666 0.50078 0.31381 0.49412 0.31016 0.48827 0.30750 0.49484 0.31205 0.49910 0.31682 0.50224 0.31942 0.50811 0.32185
4 0.38332 0.68568 0.39705 0.70059 0.41127 0.71678 0.43362 0.73138 0.46078 0.74096 0.48681 0.74370 0.51215 0.74146 0.52107 0.72648 0.53608 0.69439 0.54590 0.67093 0.55421 0.64425 0.55908 0.62701 0.55465 0.61674 0.53176 0.60148 0.51770 0.58960 0.50232 0.57879 0.49078 0.57207 0.48344 0.57192 0.45891 0.58403 0.43749 0.58973 0.42371 0.59257 0.40731 0.59146 0.37030 0.56491 0.35611 0.55425 0.34929 0.54924 0.34757 0.56560 0.34566 0.58376 0.34356 0.60375 0.33735 0.62207 0.32999 0.63960 0.32544 0.65387 0.33474 0.65853 0.34437 0.66015 0.36298 0.66946 0.38332 0.68568
1 0.41490 0.27730 0.41605 0.27287 0.41248 0.27001 0.40790 0.27271 0.40877 0.27507 0.41250 0.27865 0.41490 0.27730
2 0.80174 0.72820 0.83801 0.74222 0.85881 0.74338 0.87770 0.74333 0.89407 0.74301 0.90508 0.74008 0.89404 0.73840 0.88308 0.73572 0.87537 0.72675 0.87361 0.72402 0.86618 0.71711 0.86402 0.71331 0.86033 0.70476 0.85565 0.70070 0.85007 0.69552 0.84957 0.69547 0.84805 0.69531 0.84089 0.69557 0.82738 0.69773 0.80917 0.69633 0.79352 0.69468 0.78123 0.69033 0.76425 0.68192 0.75409 0.67676 0.74452 0.67065 0.73905 0.66446 0.73121 0.65649 0.72175 0.64938 0.71238 0.64635 0.70318 0.64641 0.69532 0.65323 0.69795 0.66219 0.70386 0.68373 0.71871 0.71233 0.72920 0.71445 0.75310 0.72003 0.78019 0.72441 0.78814 0.72167 0.80174 0.72820
1 0.75233 0.42608 0.74163 0.40296 0.72868 0.38309 0.70736 0.37313 0.68684 0.37020 0.66324 0.37081 0.64648 0.37330 0.62425 0.38214 0.59557 0.39070 0.57259 0.40024 0.59164 0.39877 0.61682 0.39409 0.64073 0.39044 0.65477 0.38535 0.68027 0.38494 0.70825 0.39405 0.72681 0.40449 0.73852 0.40689 0.75233 0.42608
4 0.61052 0.65637 0.64647 0.65682 0.68849 0.65656 0.71406 0.63526 0.73576 0.56822 0.74478 0.49518 0.75070 0.44515 0.74952 0.41837 0.73984 0.39407 0.71900 0.37605 0.68216 0.36795 0.65703 0.36485 0.63571 0.37421 0.60920 0.37975 0.58198 0.39215 0.57072 0.40090 0.54429 0.41145 0.53658 0.42131 0.53194 0.46548 0.51914 0.51745 0.50239 0.55636 0.48893 0.57028 0.50978 0.58113 0.53855 0.60548 0.57694 0.63351 0.61052 0.65637
4 1.00000 0.45992 0.99195 0.45287 0.97530 0.44378 0.96586 0.42886 0.96499 0.40891 0.95856 0.40013 0.93598 0.39118 0.90707 0.39400 0.86977 0.40625 0.84287 0.41737 0.81205 0.43106 0.76669 0.44318 0.76082 0.44328 0.75155 0.44746 0.74279 0.50312 0.73653 0.56271 0.72369 0.60765 0.71516 0.63532 0.71060 0.63994 0.70285 0.64576 0.69711 0.65179 0.69526 0.65976 0.69879 0.66983 0.70126 0.68029 0.70785 0.69527 0.71470 0.70773 0.72361 0.71529 0.74480 0.71752 0.76774 0.72248 0.78339 0.72412 0.79072 0.72235 0.79380 0.72216 0.80150 0.72654 0.81702 0.73430 0.83435 0.73918 0.84979 0.74285 0.86398 0.74382 0.88969 0.74194 0.90716 0.74070 0.92843 0.73733 0.94439 0.71656 0.95793 0.68481 0.96807 0.65628 0.97378 0.62581 0.98086 0.60747 0.98685 0.59270 0.99465 0.56704 0.99869 0.53588 0.99946 0.52127 1.00000 0.51694 1.00000 0.45992
4 0.07435 0.43071 0.10846 0.45496 0.14826 0.47581 0.16454 0.49219 0.18452 0.50495 0.21338 0.49666 0.25433 0.47496 0.28176 0.44852 0.29245 0.42298 0.31507 0.37270 0.33577 0.30889 0.34624 0.28532 0.34856 0.23158 0.34442 0.20115 0.32517 0.17513 0.28523 0.15560 0.24786 0.14968 0.21417 0.14680 0.17531 0.16138 0.14659 0.18103 0.12116 0.20101 0.08705 0.24008 0.07407 0.26205 0.05947 0.29318 0.04876 0.31272 0.02815 0.33121 0.02177 0.35387 0.03392 0.39048 0.05731 0.42159 0.07435 0.43071
4 0.40531 0.59214 0.43051 0.59346 0.47557 0.57687 0.50478 0.55260 0.51935 0.51549 0.53364 0.44300 0.54185 0.37121 0.55425 0.28132 0.53283 0.25201 0.50385 0.23800 0.46018 0.24153 0.43509 0.24972 0.42198 0.25862 0.40247 0.27295 0.36734 0.31287 0.32960 0.34224 0.31153 0.38099 0.28868 0.43991 0.27736 0.45872 0.28847 0.46723 0.30499 0.50028 0.31732 0.51624 0.36309 0.55637 0.40531 0.59214
