4 0.37043 0.46558 0.37960 0.46699 0.39064 0.46629 0.40050 0.46206 0.40755 0.45818 0.41624 0.45325 0.42118 0.44444 0.42611 0.43317 0.43034 0.42471 0.43550 0.41590 0.44138 0.40603 0.44561 0.40004 0.44819 0.39581 0.44890 0.38735 0.44819 0.37995 0.44396 0.37361 0.43692 0.36586 0.43198 0.35917 0.42728 0.35353 0.42258 0.34507 0.42023 0.35247 0.41812 0.36339 0.41812 0.36375 0.41577 0.37643 0.41319 0.38700 0.40990 0.39793 0.40732 0.40357 0.40097 0.41273 0.38453 0.43633 0.37419 0.45008 0.36573 0.45043 0.35798 0.44796 0.35211 0.43951 0.34952 0.43880 0.35258 0.44796 0.35751 0.45642 0.36221 0.46206 0.37043 0.46558
4 0.46325 0.38992 0.45649 0.38789 0.45750 0.39246 0.45987 0.40159 0.46190 0.40819 0.46596 0.41631 0.46968 0.42290 0.47272 0.42899 0.47780 0.43508 0.48761 0.44269 0.49877 0.44422 0.51569 0.44675 0.52550 0.44371 0.53565 0.43660 0.54309 0.42848 0.55053 0.41631 0.55628 0.40667 0.56068 0.39804 0.56880 0.38789 0.57387 0.38333 0.57421 0.35338 0.56947 0.33664 0.56575 0.32700 0.56169 0.32142 0.55527 0.31939 0.55324 0.31787 0.55188 0.32802 0.54985 0.33664 0.54613 0.35237 0.54444 0.35592 0.54309 0.35745 0.53970 0.36150 0.53700 0.36810 0.53362 0.37571 0.52347 0.38789 0.51738 0.39043 0.50858 0.38840 0.48829 0.37470 0.47814 0.36861 0.47712 0.37267 0.47340 0.38434 0.47002 0.39043 0.46325 0.38992
4 0.31419 0.38219 0.33231 0.40672 0.34468 0.42992 0.35882 0.44782 0.37297 0.44980 0.38932 0.42992 0.40788 0.40274 0.41627 0.37357 0.42335 0.33711 0.41142 0.32188 0.40125 0.30928 0.39595 0.30596 0.38357 0.29602 0.37031 0.28673 0.35264 0.28143 0.33850 0.27414 0.32082 0.27679 0.30137 0.28541 0.30402 0.29469 0.30049 0.30927 0.30182 0.33844 0.30579 0.36694 0.31419 0.38219
4 0.08277 0.29480 0.08309 0.30594 0.08342 0.31224 0.08374 0.31757 0.08374 0.32920 0.08406 0.33986 0.08535 0.34664 0.08890 0.37910 0.09246 0.39510 0.09440 0.40382 0.09666 0.41399 0.09957 0.42174 0.10376 0.42998 0.10667 0.42659 0.11152 0.42320 0.11572 0.41835 0.11733 0.41060 0.11862 0.40382 0.12250 0.39267 0.12605 0.38540 0.12767 0.38250 0.12508 0.36893 0.12444 0.35100 0.12637 0.32726 0.12734 0.31273 0.12767 0.30158 0.12282 0.29092 0.11572 0.28123 0.10893 0.27251 0.10021 0.26282 0.09375 0.25604 0.09149 0.25507 0.08535 0.25507 0.08374 0.26912 0.08374 0.27687 0.08309 0.28850 0.08277 0.29480
4 0.20636 0.37556 0.21122 0.40141 0.22006 0.41533 0.23906 0.42727 0.25718 0.42992 0.27132 0.42395 0.27839 0.41335 0.28903 0.40658 0.29535 0.39555 0.30568 0.36812 0.30358 0.35395 0.29960 0.32651 0.29253 0.31855 0.28193 0.30927 0.26823 0.29137 0.25674 0.26950 0.23773 0.26552 0.22403 0.26817 0.21741 0.28143 0.21166 0.31723 0.20989 0.34838 0.20636 0.37556
4 0.58528 0.26701 0.58123 0.28138 0.57718 0.29684 0.57865 0.30623 0.58307 0.32502 0.59007 0.32888 0.60148 0.33109 0.60333 0.33717 0.61032 0.33717 0.62579 0.34767 0.64200 0.35540 0.66225 0.34545 0.67403 0.33275 0.68582 0.34490 0.70018 0.34711 0.71270 0.33551 0.72596 0.32778 0.73259 0.30955 0.73738 0.28193 0.73848 0.26038 0.73333 0.24712 0.72044 0.23663 0.70681 0.22172 0.68435 0.22061 0.66115 0.21674 0.65083 0.22116 0.63794 0.22945 0.61622 0.24657 0.60406 0.25486 0.58528 0.26701
4 0.57277 0.33749 0.57277 0.34129 0.57305 0.34848 0.57390 0.35947 0.57446 0.37258 0.57446 0.38273 0.57475 0.38865 0.57672 0.39203 0.58095 0.39711 0.58518 0.40472 0.58997 0.41275 0.59561 0.41994 0.60124 0.42586 0.60829 0.43263 0.61280 0.43897 0.62182 0.44278 0.63395 0.44489 0.64184 0.44616 0.65030 0.44320 0.66326 0.43263 0.67115 0.42460 0.67707 0.41698 0.68243 0.40937 0.68638 0.40260 0.68835 0.39753 0.69089 0.39034 0.69258 0.38315 0.69173 0.37301 0.68779 0.36074 0.68384 0.35313 0.67905 0.34510 0.67510 0.34383 0.67031 0.34129 0.66580 0.34298 0.65960 0.34763 0.64888 0.35313 0.64212 0.35609 0.60801 0.33918 0.60265 0.33622 0.59927 0.33283 0.59279 0.33072 0.58518 0.32818 0.58208 0.32269 0.58038 0.31973 0.57785 0.32100 0.57587 0.32607 0.57362 0.33326 0.57277 0.33749
4 0.44173 0.34198 0.45535 0.34860 0.47377 0.36407 0.49145 0.37733 0.50949 0.38727 0.51428 0.39224 0.52975 0.38120 0.54006 0.35744 0.54337 0.35523 0.55332 0.32430 0.55332 0.29557 0.54705 0.26795 0.54300 0.25027 0.53306 0.23647 0.51870 0.21989 0.50728 0.21713 0.49218 0.23094 0.48077 0.24475 0.47119 0.25856 0.45462 0.28287 0.44357 0.30552 0.43915 0.32761 0.44173 0.34198
4 0.29605 0.39436 0.29377 0.39998 0.29100 0.40439 0.28757 0.40708 0.28121 0.41197 0.27632 0.41393 0.27501 0.41613 0.27207 0.42176 0.26914 0.42519 0.26702 0.42666 0.26604 0.42862 0.26800 0.43669 0.27028 0.44525 0.27272 0.45382 0.27468 0.45773 0.27566 0.45994 0.27795 0.46483 0.28055 0.46801 0.28904 0.46875 0.29817 0.46777 0.30454 0.46459 0.30992 0.45872 0.31318 0.45431 0.31775 0.44868 0.32150 0.44281 0.32591 0.43743 0.33080 0.42984 0.33325 0.42495 0.33586 0.41956 0.33700 0.41736 0.33276 0.40684 0.31922 0.38873 0.30650 0.36891 0.30552 0.37062 0.30258 0.37502 0.30013 0.38139 0.29817 0.38702 0.29605 0.39436
4 0.13285 0.40598 0.14352 0.41573 0.15067 0.42627 0.15642 0.42793 0.16526 0.42263 0.17145 0.43390 0.18691 0.43323 0.20061 0.43257 0.21431 0.41798 0.21917 0.41401 0.21343 0.40738 0.20857 0.38683 0.20768 0.36628 0.21033 0.33977 0.21210 0.31723 0.19929 0.30132 0.18957 0.27745 0.17587 0.26154 0.16349 0.25359 0.14979 0.24895 0.13918 0.24961 0.13256 0.25889 0.12725 0.27679 0.12725 0.30861 0.12460 0.36960 0.13285 0.40598
