4 0.69211 0.48075 0.67869 0.48311 0.66195 0.48999 0.63660 0.48829 0.63135 0.49034 0.63030 0.49501 0.63218 0.52048 0.63600 0.55066 0.65396 0.58676 0.67339 0.60577 0.69159 0.60929 0.70557 0.58888 0.71021 0.57067 0.70920 0.53102 0.70280 0.49681 0.69211 0.48075
4 0.46909 0.62304 0.46860 0.60724 0.46711 0.59720 0.46160 0.58701 0.45471 0.57878 0.44774 0.57013 0.44161 0.56133 0.43399 0.54894 0.42967 0.54068 0.42402 0.53137 0.41883 0.52628 0.41272 0.52735 0.40509 0.52956 0.40127 0.53710 0.39813 0.55011 0.39655 0.56713 0.39577 0.58058 0.39444 0.59413 0.39429 0.60789 0.39505 0.62193 0.39925 0.63278 0.40422 0.63663 0.41302 0.64109 0.42583 0.64226 0.43965 0.64111 0.45033 0.63837 0.46501 0.63235 0.46909 0.62304
1 0.54830 0.42266 0.54960 0.42281 0.55185 0.42107 0.55079 0.41725 0.54607 0.41579 0.54328 0.41513 0.54024 0.41452 0.54485 0.42040 0.54830 0.42266
1 0.55267 0.40984 0.55205 0.40632 0.54877 0.40365 0.54564 0.40248 0.54378 0.40281 0.54632 0.40924 0.55048 0.41119 0.55267 0.40984
1 0.46954 0.39659 0.46805 0.40183 0.47315 0.39825 0.47931 0.39201 0.48427 0.38979 0.48914 0.38703 0.49393 0.38312 0.50131 0.38450 0.50707 0.38539 0.50938 0.38116 0.50667 0.37953 0.50186 0.37752 0.49567 0.37421 0.49096 0.37715 0.48530 0.38044 0.47896 0.38423 0.47430 0.38887 0.46954 0.39659
4 0.59589 0.47565 0.59692 0.48262 0.59910 0.48821 0.60436 0.48877 0.61721 0.48948 0.62711 0.48923 0.63814 0.48639 0.64452 0.48765 0.65032 0.48782 0.65527 0.48546 0.66187 0.48459 0.66669 0.48374 0.67180 0.48225 0.67800 0.48025 0.68446 0.47852 0.68868 0.47539 0.69431 0.46903 0.69571 0.46342 0.69681 0.45726 0.69686 0.44741 0.69595 0.43773 0.68960 0.41977 0.68695 0.41487 0.68537 0.40590 0.68410 0.39986 0.68160 0.39017 0.67646 0.38243 0.66968 0.37557 0.66307 0.37077 0.65435 0.36754 0.64284 0.36540 0.63181 0.36257 0.62180 0.36106 0.61055 0.36035 0.59839 0.36131 0.59011 0.36396 0.58650 0.37056 0.58139 0.38100 0.57971 0.38726 0.57777 0.39208 0.57514 0.39970 0.57616 0.40548 0.57656 0.41227 0.57830 0.41762 0.58148 0.42661 0.58423 0.43208 0.58743 0.44345 0.59046 0.45275 0.59260 0.45924 0.59442 0.46845 0.59589 0.47565
4 0.62846 0.55031 0.62525 0.51722 0.61998 0.49795 0.61617 0.48909 0.60010 0.48912 0.58160 0.49238 0.55942 0.50022 0.54570 0.50937 0.54954 0.53113 0.55462 0.55996 0.56104 0.58575 0.57786 0.60691 0.60067 0.61747 0.61189 0.61325 0.61764 0.59709 0.62684 0.57079 0.62846 0.55031
4 0.74561 0.59199 0.75120 0.59530 0.75668 0.59791 0.76464 0.60115 0.77055 0.60083 0.77911 0.59932 0.78382 0.59491 0.78883 0.58544 0.79052 0.57476 0.79082 0.56291 0.78944 0.55241 0.78739 0.54347 0.78479 0.53141 0.78486 0.52102 0.78354 0.50944 0.77970 0.49581 0.77270 0.48452 0.75723 0.47794 0.73840 0.47804 0.72568 0.48029 0.71368 0.48527 0.70949 0.48994 0.71111 0.50182 0.71420 0.50986 0.71519 0.51684 0.71701 0.52582 0.71989 0.53677 0.72264 0.54559 0.72572 0.55220 0.72921 0.55981 0.73382 0.56974 0.73569 0.57764 0.73924 0.58560 0.74561 0.59199
4 0.83045 0.49723 0.82157 0.48618 0.80803 0.47670 0.79831 0.47767 0.79127 0.48262 0.78921 0.49337 0.78878 0.49938 0.78919 0.50450 0.79026 0.51618 0.79227 0.52473 0.79389 0.53112 0.79541 0.53976 0.79617 0.54408 0.79863 0.54958 0.80108 0.55508 0.80407 0.56643 0.81645 0.58057 0.82780 0.58598 0.84921 0.58963 0.85906 0.58938 0.86575 0.58523 0.86468 0.57355 0.86316 0.56491 0.85424 0.53681 0.83960 0.51268 0.83045 0.49723
1 0.64050 0.37032 0.63836 0.37086 0.63744 0.37102 0.63696 0.37254 0.63832 0.37485 0.63940 0.37673 0.64097 0.37661 0.64165 0.37505 0.64186 0.37199 0.64050 0.37032
2 0.68459 0.43338 0.69015 0.43680 0.69547 0.43889 0.68968 0.42064 0.68619 0.41438 0.68174 0.39122 0.67600 0.38260 0.66970 0.37600 0.66363 0.37074 0.64389 0.36596 0.63300 0.36348 0.62273 0.36145 0.63016 0.37967 0.63312 0.39538 0.63811 0.41019 0.64350 0.41475 0.64906 0.40881 0.65696 0.40990 0.66114 0.41384 0.67178 0.41279 0.67738 0.42061 0.68459 0.43338
2 0.59582 0.46422 0.59478 0.45225 0.59298 0.44293 0.59182 0.43373 0.59265 0.42372 0.59302 0.41104 0.59348 0.40064 0.58806 0.40114 0.58208 0.40105 0.57944 0.40082 0.57757 0.40666 0.57687 0.41137 0.57929 0.41989 0.58195 0.42722 0.58426 0.43162 0.58772 0.44340 0.59096 0.45315 0.59244 0.45977 0.59449 0.46882 0.59582 0.46422
1 0.58254 0.40173 0.58158 0.40284 0.58242 0.40760 0.58107 0.40996 0.58244 0.41370 0.58391 0.41304 0.58512 0.40885 0.58687 0.40721 0.58803 0.40475 0.58647 0.40343 0.58399 0.40294 0.58254 0.40173
2 0.71170 0.43520 0.71570 0.43917 0.72321 0.44638 0.73072 0.43488 0.73497 0.41734 0.74085 0.40281 0.74570 0.40223 0.75424 0.39963 0.75205 0.38928 0.74550 0.37612 0.74400 0.36758 0.73931 0.36180 0.72829 0.36071 0.72413 0.35897 0.71468 0.37302 0.71208 0.38119 0.71181 0.39004 0.70990 0.40001 0.70193 0.41518 0.70435 0.42576 0.70673 0.43305 0.71170 0.43520
1 0.71282 0.40308 0.71139 0.40223 0.70865 0.40436 0.70674 0.41020 0.70613 0.41609 0.70813 0.42950 0.71073 0.43180 0.71533 0.43291 0.71939 0.43302 0.72115 0.42638 0.71867 0.42269 0.70984 0.41736 0.71083 0.41361 0.71335 0.40711 0.71282 0.40308
2 0.50518 0.41713 0.50944 0.40743 0.51242 0.40222 0.51998 0.40089 0.52526 0.40580 0.53151 0.41508 0.54144 0.42544 0.55222 0.43068 0.55634 0.43125 0.56407 0.42991 0.55679 0.39908 0.53989 0.38569 0.52367 0.37765 0.50880 0.37871 0.50177 0.37567 0.49515 0.37460 0.48313 0.37895 0.46974 0.38404 0.46044 0.38724 0.45227 0.39686 0.44850 0.41233 0.45139 0.43753 0.45213 0.44908 0.46007 0.43522 0.47048 0.43533 0.47920 0.43769 0.49238 0.43731 0.50055 0.42769 0.50518 0.41713
4 0.46747 0.50607 0.47608 0.51027 0.48535 0.51007 0.49379 0.50786 0.50431 0.50529 0.51572 0.50507 0.52462 0.50279 0.53699 0.49989 0.55290 0.49816 0.56306 0.49350 0.56489 0.48495 0.56524 0.47881 0.56537 0.46876 0.56504 0.45737 0.56561 0.44439 0.56509 0.43196 0.56303 0.42302 0.56097 0.41265 0.55793 0.40352 0.55528 0.39934 0.55229 0.39593 0.54575 0.38993 0.54068 0.38689 0.53521 0.38427 0.52541 0.37741 0.51910 0.37817 0.51169 0.37804 0.50799 0.37870 0.50205 0.37616 0.49769 0.37443 0.49358 0.37408 0.48844 0.37606 0.47932 0.37981 0.46483 0.38559 0.45883 0.38808 0.45222 0.39390 0.44865 0.40204 0.44752 0.41727 0.44920 0.43629 0.45148 0.45593 0.45322 0.47530 0.45700 0.48859 0.46068 0.49867 0.46747 0.50607
4 0.53925 0.55375 0.53370 0.52444 0.52718 0.50652 0.51971 0.50447 0.50436 0.50437 0.49387 0.50847 0.48051 0.51755 0.46454 0.52878 0.46971 0.56658 0.48073 0.59941 0.49368 0.62405 0.51286 0.63525 0.53010 0.62492 0.53450 0.60956 0.54159 0.57129 0.53925 0.55375
4 0.70575 0.43337 0.71061 0.43560 0.71372 0.43763 0.71869 0.44242 0.72281 0.44633 0.72693 0.45024 0.73097 0.45365 0.73757 0.45404 0.74532 0.45318 0.75216 0.45301 0.75884 0.45389 0.76736 0.45548 0.77771 0.45572 0.78100 0.45101 0.78057 0.44078 0.77970 0.42805 0.77834 0.41645 0.77543 0.39995 0.77260 0.38191 0.76734 0.36377 0.75991 0.35477 0.74737 0.35183 0.73569 0.35183 0.72556 0.35671 0.71880 0.36511 0.71419 0.37211 0.71142 0.37981 0.71161 0.39060 0.71067 0.39695 0.71011 0.39962 0.70748 0.40421 0.70337 0.41008 0.70114 0.41305 0.70125 0.41561 0.70196 0.41961 0.70275 0.42411 0.70461 0.42687 0.70479 0.42787 0.70575 0.43337
