4 0.56799 0.65688 0.57014 0.66775 0.57171 0.69476 0.58365 0.69476 0.59559 0.69154 0.61164 0.68889 0.63083 0.68508 0.64414 0.68185 0.64747 0.67539 0.64708 0.66863 0.64649 0.66188 0.64532 0.65189 0.64258 0.63721 0.64023 0.63045 0.63455 0.62312 0.62907 0.61959 0.62672 0.61842 0.62300 0.61548 0.62006 0.61225 0.61634 0.60902 0.61262 0.60990 0.61106 0.61108 0.60812 0.61372 0.60636 0.61842 0.60381 0.62223 0.59931 0.62752 0.59520 0.63281 0.59070 0.63750 0.58541 0.64426 0.58208 0.64631 0.57954 0.64426 0.57660 0.63897 0.57230 0.63457 0.56760 0.63427 0.56407 0.63662 0.56153 0.64103 0.56173 0.64308 0.56388 0.64690 0.56799 0.65688
4 0.64383 0.45937 0.64636 0.46614 0.64890 0.47291 0.65144 0.47840 0.65454 0.48263 0.65679 0.48644 0.66130 0.48898 0.66779 0.48898 0.67315 0.48686 0.67954 0.48158 0.68425 0.47481 0.69150 0.46305 0.70207 0.44191 0.71010 0.41371 0.71830 0.38229 0.72146 0.36939 0.72107 0.36351 0.71850 0.35942 0.71498 0.35586 0.71106 0.35413 0.70365 0.35442 0.69640 0.35764 0.68975 0.36292 0.68358 0.36656 0.67737 0.37193 0.66582 0.38542 0.65961 0.39345 0.64966 0.40495 0.64670 0.41109 0.64517 0.41626 0.64383 0.43104 0.64129 0.45472 0.64270 0.45768 0.64383 0.45937
2 0.55102 0.36920 0.55280 0.37533 0.55759 0.37986 0.56115 0.38545 0.56487 0.38865 0.56860 0.38625 0.57162 0.38439 0.57429 0.37959 0.57393 0.37080 0.57340 0.36494 0.57269 0.35721 0.56932 0.35109 0.56310 0.35002 0.55670 0.35082 0.55280 0.35508 0.55031 0.36228 0.55102 0.36920
4 0.36076 0.64122 0.37274 0.64615 0.37744 0.64615 0.38003 0.64298 0.38003 0.63910 0.38049 0.63241 0.38143 0.61902 0.38190 0.61303 0.38049 0.60563 0.37908 0.60245 0.37767 0.59963 0.37580 0.59435 0.37392 0.59153 0.37039 0.58977 0.36499 0.58836 0.35865 0.58730 0.35465 0.58730 0.35230 0.58907 0.34996 0.59153 0.34502 0.59646 0.34150 0.59963 0.33750 0.60210 0.33163 0.60175 0.32599 0.60140 0.32388 0.60281 0.32317 0.60527 0.32294 0.60985 0.32223 0.61232 0.32975 0.61866 0.34479 0.63205 0.36076 0.64122
4 0.27732 0.42358 0.27681 0.45577 0.27758 0.47882 0.28193 0.48458 0.28551 0.48803 0.29727 0.48841 0.30776 0.49033 0.32489 0.49877 0.34765 0.50031 0.36505 0.49916 0.37425 0.48803 0.38397 0.46766 0.38781 0.45005 0.39343 0.38560 0.39395 0.37598 0.38985 0.35760 0.38218 0.33880 0.37016 0.32576 0.35942 0.32116 0.34791 0.31694 0.33129 0.31732 0.32055 0.31694 0.30955 0.31886 0.30060 0.32998 0.29267 0.33957 0.28576 0.36144 0.28116 0.38867 0.27732 0.42358
1 0.63069 0.37489 0.63162 0.37593 0.63595 0.37477 0.63719 0.37315 0.63952 0.37593 0.64099 0.37779 0.63928 0.37141 0.63704 0.37059 0.63503 0.37233 0.63278 0.37396 0.63069 0.37489
4 0.53605 0.69938 0.55297 0.69854 0.56988 0.69685 0.57101 0.69473 0.57101 0.69050 0.57073 0.68290 0.56988 0.66810 0.56819 0.65879 0.56509 0.64991 0.56199 0.64357 0.55776 0.63680 0.55466 0.63427 0.54959 0.63088 0.54564 0.62877 0.54169 0.62539 0.53746 0.62116 0.53267 0.61862 0.52619 0.61735 0.52140 0.61820 0.51745 0.62158 0.51576 0.62412 0.51012 0.63088 0.50195 0.63976 0.49433 0.65203 0.49095 0.66556 0.48757 0.69220 0.49772 0.69643 0.52027 0.69896 0.53605 0.69938
4 0.58244 0.38080 0.57934 0.38344 0.57802 0.41725 0.57492 0.43979 0.57360 0.45305 0.58774 0.47824 0.60232 0.49614 0.61558 0.49282 0.63105 0.47294 0.64121 0.45239 0.64696 0.40200 0.65226 0.36754 0.65138 0.34500 0.64563 0.32180 0.63458 0.32644 0.62442 0.34102 0.60541 0.36024 0.59967 0.37417 0.58244 0.38080
2 0.61310 0.36473 0.61144 0.36930 0.61266 0.37297 0.61022 0.37780 0.61031 0.38303 0.61510 0.38329 0.61946 0.38839 0.62320 0.39074 0.62521 0.38486 0.62983 0.37885 0.63480 0.37532 0.63776 0.37453 0.64090 0.37976 0.64273 0.38643 0.64482 0.38839 0.64639 0.38198 0.64769 0.37192 0.64900 0.36460 0.64665 0.35963 0.64586 0.35375 0.64377 0.34695 0.64142 0.34159 0.63819 0.33806 0.63445 0.33937 0.62983 0.34552 0.62364 0.35113 0.61780 0.35859 0.61310 0.36473
2 0.25800 0.46841 0.25942 0.47880 0.26315 0.47187 0.26617 0.46921 0.27025 0.46548 0.26865 0.46335 0.26901 0.45802 0.27079 0.44497 0.26741 0.44337 0.26297 0.44310 0.26102 0.44284 0.25889 0.43964 0.25658 0.43990 0.25214 0.43671 0.24894 0.43937 0.24610 0.43724 0.24983 0.45003 0.25622 0.45775 0.25800 0.46841
4 0.48294 0.38136 0.47925 0.38550 0.47803 0.42325 0.47527 0.44121 0.48202 0.46284 0.49030 0.47435 0.49736 0.48908 0.50903 0.50703 0.52130 0.50888 0.53726 0.49737 0.55475 0.48678 0.56795 0.46284 0.57501 0.44443 0.57838 0.41128 0.57746 0.38182 0.57654 0.33395 0.57317 0.32060 0.56396 0.31231 0.55260 0.31093 0.54217 0.31139 0.53388 0.31922 0.52038 0.33303 0.51087 0.34545 0.49491 0.36940 0.48294 0.38136
4 0.63380 0.62243 0.63991 0.62948 0.64367 0.63935 0.64649 0.66155 0.64861 0.67599 0.65589 0.67212 0.66552 0.66719 0.67304 0.66190 0.68149 0.65803 0.68948 0.65274 0.70052 0.64675 0.70851 0.63970 0.70945 0.63300 0.70851 0.62525 0.70663 0.61820 0.70217 0.61186 0.69888 0.60975 0.69441 0.60622 0.69160 0.60446 0.68408 0.60129 0.68102 0.60059 0.67116 0.59988 0.66528 0.60165 0.66152 0.60376 0.65965 0.60622 0.65589 0.61080 0.65189 0.61398 0.64861 0.61292 0.64508 0.61116 0.64109 0.60658 0.63568 0.60165 0.63216 0.60024 0.62958 0.60024 0.62488 0.60165 0.62112 0.60446 0.61830 0.60799 0.61830 0.60975 0.62652 0.61820 0.63380 0.62243
4 0.13968 0.34457 0.14170 0.37258 0.14455 0.38963 0.14780 0.40180 0.15185 0.41155 0.15591 0.41703 0.16322 0.42129 0.16566 0.42007 0.16769 0.42068 0.16890 0.42190 0.17093 0.42494 0.17255 0.42555 0.17743 0.42373 0.17865 0.42251 0.18068 0.42251 0.18352 0.42433 0.18757 0.42494 0.19164 0.42494 0.19651 0.42129 0.19610 0.41825 0.19488 0.40180 0.19367 0.38719 0.19488 0.36223 0.19935 0.33970 0.20138 0.32995 0.17783 0.28490 0.15632 0.25080 0.15104 0.25871 0.14495 0.27942 0.14130 0.30438 0.13886 0.32630 0.13968 0.34457
4 0.38730 0.45769 0.38371 0.46693 0.38653 0.47307 0.38832 0.48420 0.39395 0.49302 0.40315 0.49340 0.41312 0.49375 0.42054 0.49877 0.43614 0.49758 0.45558 0.49567 0.46402 0.48569 0.47092 0.46425 0.47706 0.43471 0.47860 0.40590 0.47732 0.37065 0.47399 0.35645 0.46325 0.34341 0.44944 0.33152 0.43563 0.33152 0.42591 0.33458 0.41389 0.33995 0.40264 0.35338 0.39625 0.37141 0.39420 0.38595 0.39087 0.42665 0.38730 0.45769
4 0.26501 0.47088 0.26726 0.46792 0.26952 0.46623 0.27177 0.46665 0.27629 0.46876 0.27629 0.45016 0.27629 0.42944 0.28108 0.38715 0.28192 0.37700 0.27770 0.36685 0.27234 0.35502 0.26755 0.34740 0.26219 0.33895 0.25120 0.32119 0.24217 0.31104 0.23541 0.30300 0.23090 0.29793 0.22188 0.29286 0.21539 0.29117 0.20891 0.29540 0.20468 0.30470 0.20271 0.31315 0.20102 0.32838 0.19961 0.34233 0.19594 0.36305 0.19425 0.38039 0.19482 0.39857 0.19482 0.41422 0.19679 0.42817 0.20102 0.44677 0.20440 0.45523 0.21173 0.46242 0.22075 0.46961 0.22300 0.47045 0.22780 0.47511 0.23344 0.47891 0.24330 0.48356 0.25035 0.48399 0.25486 0.48314 0.25881 0.47891 0.26163 0.47553 0.26501 0.47088
