4 0.29848 0.98603 0.31787 0.98867 0.33721 0.98893 0.35380 0.98447 0.35768 0.97726 0.35781 0.94690 0.35785 0.91118 0.35907 0.88555 0.35954 0.85518 0.35744 0.83022 0.35475 0.81002 0.35135 0.78686 0.34877 0.77262 0.34458 0.76198 0.33381 0.75621 0.31777 0.75411 0.29260 0.76348 0.26829 0.78415 0.25432 0.80523 0.24421 0.83696 0.23866 0.86265 0.23770 0.88410 0.23761 0.89839 0.23818 0.91207 0.24185 0.93106 0.25022 0.95235 0.26012 0.96527 0.27163 0.97519 0.28172 0.98037 0.29848 0.98603
2 0.78307 0.30318 0.78731 0.31668 0.78731 0.33955 0.79938 0.34362 0.81423 0.34622 0.82660 0.36743 0.82973 0.38595 0.84210 0.38431 0.85201 0.40200 0.86362 0.40251 0.87378 0.41162 0.88397 0.39930 0.88428 0.37143 0.88286 0.35859 0.89207 0.33629 0.89816 0.34118 0.89865 0.34689 0.90809 0.33744 0.92465 0.32357 0.93568 0.33624 0.94612 0.33892 0.95070 0.30312 0.93294 0.30194 0.92835 0.28350 0.94156 0.28399 0.95071 0.28097 0.95691 0.26943 0.95509 0.23374 0.95427 0.20947 0.94942 0.18383 0.94677 0.14673 0.94597 0.12389 0.94153 0.09896 0.92504 0.07067 0.89666 0.04902 0.88321 0.05039 0.85904 0.04825 0.83993 0.05358 0.83845 0.06427 0.83364 0.08298 0.82825 0.07236 0.82643 0.05953 0.80929 0.08627 0.79182 0.09371 0.77632 0.16828 0.76999 0.21840 0.77303 0.25478 0.77838 0.28612 0.78307 0.30318
2 0.28016 0.61433 0.27170 0.58965 0.25768 0.58317 0.25305 0.56230 0.25870 0.54975 0.25523 0.53458 0.24918 0.52414 0.24015 0.49757 0.22194 0.49503 0.20266 0.49251 0.20411 0.51445 0.19737 0.52790 0.19554 0.54514 0.18328 0.54726 0.16053 0.57141 0.14645 0.58595 0.13893 0.59441 0.13376 0.60403 0.13099 0.61717 0.12997 0.63344 0.13364 0.65463 0.13618 0.66649 0.14133 0.67474 0.14364 0.67178 0.14761 0.65260 0.16287 0.64817 0.17603 0.65145 0.18946 0.64354 0.19888 0.62968 0.21379 0.64127 0.22142 0.64875 0.23395 0.63133 0.24355 0.60062 0.26326 0.59552 0.28016 0.61433
2 0.85985 0.49979 0.86083 0.52341 0.86274 0.53368 0.87012 0.52634 0.87268 0.50880 0.87177 0.48928 0.87911 0.48195 0.89588 0.48577 0.89453 0.47347 0.88720 0.44889 0.87164 0.44916 0.86069 0.44834 0.84750 0.41874 0.83183 0.41283 0.81670 0.40380 0.79806 0.39181 0.78918 0.41256 0.77665 0.41998 0.76364 0.46754 0.75512 0.50674 0.75191 0.52120 0.76875 0.52912 0.79526 0.52973 0.80877 0.51098 0.81980 0.48197 0.82891 0.47664 0.84230 0.48569 0.85985 0.49979
2 0.28647 0.81360 0.28620 0.79812 0.28080 0.79405 0.27151 0.79659 0.26494 0.80207 0.25707 0.80994 0.25321 0.81775 0.24678 0.83155 0.24050 0.85369 0.23842 0.86801 0.23819 0.87397 0.24354 0.87507 0.25668 0.86412 0.26715 0.85263 0.27627 0.83997 0.28274 0.82914 0.28647 0.81360
1 0.13400 0.50680 0.14830 0.50138 0.16957 0.49898 0.18041 0.49361 0.19381 0.46867 0.20247 0.43768 0.21075 0.41593 0.21060 0.37479 0.19159 0.34750 0.15431 0.35107 0.11862 0.35378 0.09610 0.34899 0.08798 0.31317 0.09441 0.28627 0.10638 0.27886 0.13580 0.28144 0.15357 0.27601 0.15662 0.25226 0.14988 0.22875 0.13589 0.21970 0.11455 0.21805 0.09777 0.21525 0.08650 0.22884 0.05261 0.26748 0.04185 0.31190 0.03955 0.37677 0.04529 0.40959 0.04966 0.42904 0.06222 0.45555 0.07484 0.48516 0.09065 0.53328 0.12069 0.53686 0.13400 0.50680
4 0.15293 0.75848 0.15622 0.77330 0.16275 0.78629 0.16772 0.80227 0.17399 0.81943 0.18089 0.83241 0.18801 0.83942 0.20864 0.83728 0.22555 0.82984 0.24228 0.81645 0.25524 0.79479 0.27552 0.75336 0.28465 0.72046 0.29343 0.67149 0.28729 0.62516 0.27992 0.60267 0.26525 0.58506 0.25917 0.58041 0.25492 0.56619 0.25575 0.55487 0.25790 0.54590 0.25184 0.52160 0.24429 0.50923 0.23937 0.49681 0.22727 0.48928 0.21190 0.48895 0.20300 0.49328 0.19944 0.50108 0.19860 0.51002 0.19678 0.51899 0.19372 0.53452 0.18650 0.54119 0.17666 0.55029 0.16779 0.55938 0.15283 0.57929 0.14163 0.58901 0.13585 0.59982 0.13309 0.61535 0.13134 0.62788 0.13234 0.64692 0.13386 0.65939 0.14120 0.67712 0.14542 0.69134 0.14746 0.71273 0.15293 0.75848
4 0.89472 0.42709 0.91177 0.41441 0.93377 0.38729 0.95105 0.35407 0.96226 0.30244 0.97480 0.23024 0.97262 0.17057 0.95749 0.12869 0.94094 0.07236 0.91213 0.04000 0.88723 0.03216 0.86720 0.03870 0.85113 0.04208 0.82656 0.05382 0.80948 0.06644 0.78915 0.08942 0.77233 0.18234 0.76896 0.22044 0.77185 0.25433 0.77246 0.28932 0.77774 0.32626 0.78157 0.34881 0.79284 0.36612 0.80286 0.38035 0.81756 0.39754 0.83681 0.40958 0.85310 0.41853 0.87162 0.42541 0.89472 0.42709
4 0.79788 0.89927 0.81789 0.89035 0.83148 0.87040 0.84027 0.85227 0.84521 0.83159 0.84663 0.80412 0.84419 0.77332 0.83789 0.74259 0.82802 0.72729 0.81009 0.71819 0.79883 0.70553 0.78235 0.69725 0.75978 0.69508 0.74346 0.69620 0.72724 0.70249 0.71692 0.74381 0.70960 0.76364 0.70902 0.78598 0.71430 0.81333 0.71706 0.83382 0.72090 0.86120 0.72463 0.88173 0.72923 0.89880 0.74485 0.91305 0.77221 0.91257 0.79788 0.89927
4 0.80718 0.69300 0.81881 0.70000 0.83092 0.70080 0.84884 0.70359 0.86373 0.69922 0.87868 0.69586 0.88925 0.67508 0.89722 0.63690 0.90042 0.58951 0.90200 0.54835 0.90369 0.51331 0.90365 0.47628 0.89805 0.45376 0.88521 0.44369 0.87477 0.43976 0.86303 0.42764 0.84436 0.41457 0.82688 0.40255 0.80479 0.39163 0.78185 0.39715 0.76894 0.41589 0.75797 0.44799 0.75388 0.50980 0.74969 0.53559 0.74790 0.56437 0.74834 0.59008 0.75104 0.61272 0.75851 0.64343 0.76821 0.67207 0.77826 0.68630 0.79110 0.69638 0.80191 0.68899 0.80718 0.69300
