4 0.64450 0.56878 0.64205 0.56333 0.63805 0.55642 0.63422 0.55422 0.62959 0.55109 0.62690 0.55039 0.62586 0.55196 0.62490 0.55639 0.62248 0.56347 0.61935 0.56920 0.61785 0.57370 0.61513 0.58389 0.61204 0.59331 0.61227 0.59739 0.61439 0.60021 0.61505 0.60219 0.61667 0.60425 0.62220 0.60357 0.62892 0.60254 0.65055 0.59803 0.65584 0.59533 0.65387 0.59043 0.65131 0.58520 0.64808 0.57902 0.64579 0.57376 0.64450 0.56878
4 0.69568 0.57542 0.69567 0.57166 0.69534 0.56621 0.69494 0.56010 0.69309 0.55622 0.69024 0.54973 0.68810 0.54520 0.68594 0.53982 0.68460 0.53450 0.68312 0.52989 0.68039 0.52423 0.67706 0.52326 0.67392 0.52467 0.67145 0.52584 0.66949 0.52762 0.66552 0.52965 0.66251 0.52934 0.65641 0.52974 0.65144 0.53121 0.64937 0.53283 0.64692 0.53331 0.64533 0.53248 0.64066 0.53356 0.63939 0.53610 0.63776 0.54060 0.63723 0.54459 0.63738 0.55040 0.63859 0.55572 0.64180 0.56130 0.64411 0.56721 0.64610 0.57399 0.65059 0.58371 0.65625 0.59361 0.66000 0.59521 0.66677 0.59473 0.67626 0.59116 0.69114 0.58214 0.69568 0.57542
4 0.42118 0.44601 0.42398 0.45656 0.42684 0.46422 0.43276 0.47007 0.43651 0.47269 0.44148 0.47413 0.44695 0.47408 0.45397 0.47219 0.46068 0.46993 0.46746 0.46602 0.47177 0.46322 0.47528 0.46054 0.47705 0.45826 0.47729 0.45577 0.47687 0.45233 0.47581 0.45040 0.47523 0.44903 0.47568 0.44713 0.47585 0.44629 0.47605 0.44339 0.47618 0.44111 0.47636 0.43924 0.47564 0.43563 0.47360 0.43239 0.47155 0.43018 0.46907 0.42781 0.46788 0.42487 0.46736 0.41836 0.46746 0.41362 0.46718 0.40914 0.46760 0.40580 0.46766 0.40189 0.46721 0.39927 0.46578 0.39657 0.46354 0.39397 0.46180 0.39315 0.46014 0.39192 0.45513 0.39131 0.45198 0.39128 0.44805 0.39156 0.44337 0.39254 0.43835 0.39398 0.43334 0.39562 0.42977 0.39668 0.42785 0.39774 0.42347 0.40218 0.42120 0.40492 0.41944 0.40842 0.41867 0.41222 0.41895 0.41670 0.41913 0.42038 0.41886 0.42493 0.41857 0.42928 0.41898 0.43478 0.41981 0.44043 0.42118 0.44601
4 0.60967 0.59985 0.60914 0.59820 0.60871 0.59655 0.60816 0.59490 0.60771 0.59410 0.60667 0.59217 0.60520 0.58841 0.60394 0.58566 0.60253 0.58258 0.60057 0.57957 0.59884 0.57756 0.59639 0.57614 0.59377 0.57629 0.58999 0.57710 0.58562 0.57764 0.58179 0.57811 0.57466 0.57864 0.57042 0.57933 0.56781 0.58051 0.56632 0.58223 0.56430 0.58727 0.56393 0.59245 0.56399 0.59587 0.56456 0.59957 0.56489 0.60227 0.56470 0.60537 0.56525 0.60702 0.56685 0.60888 0.56782 0.61030 0.56868 0.61259 0.56907 0.61391 0.57160 0.61326 0.59276 0.60980 0.60797 0.60725 0.61079 0.60519 0.61082 0.60365 0.61022 0.60150 0.61006 0.60118 0.60967 0.59985
4 0.65791 0.40081 0.66162 0.40159 0.66672 0.39899 0.66847 0.39582 0.67018 0.38970 0.67074 0.38223 0.67079 0.37458 0.67132 0.36687 0.67212 0.35864 0.67155 0.35131 0.67011 0.34631 0.66851 0.34527 0.66590 0.34412 0.66293 0.34399 0.65775 0.34462 0.65308 0.34544 0.65110 0.34667 0.64914 0.35086 0.64712 0.35579 0.64372 0.36558 0.64093 0.37233 0.63736 0.37671 0.63366 0.37865 0.63101 0.38119 0.62887 0.38515 0.62928 0.38979 0.63111 0.39400 0.63254 0.39629 0.63672 0.39824 0.64149 0.39963 0.64638 0.39927 0.65134 0.39817 0.65440 0.39903 0.65791 0.40081
4 0.41525 0.44221 0.41286 0.43323 0.40297 0.42400 0.39189 0.41145 0.38102 0.40892 0.37064 0.41251 0.36484 0.42405 0.36741 0.44499 0.37145 0.46111 0.37738 0.47159 0.38431 0.47770 0.39343 0.47851 0.40480 0.47248 0.41162 0.46507 0.41453 0.45312 0.41525 0.44221
4 0.36500 0.42700 0.35426 0.42137 0.33920 0.41626 0.32678 0.41160 0.32122 0.41460 0.31948 0.42138 0.31902 0.43652 0.32664 0.45452 0.33556 0.47468 0.34441 0.48596 0.35101 0.48090 0.35236 0.47726 0.35341 0.46901 0.36275 0.44854 0.36585 0.43811 0.36500 0.42700
4 0.51064 0.61429 0.50843 0.59956 0.50644 0.59344 0.50485 0.59055 0.50169 0.58930 0.49901 0.58983 0.49041 0.59335 0.48325 0.59752 0.47592 0.60253 0.46875 0.60772 0.46573 0.61097 0.46495 0.61579 0.46551 0.62147 0.46723 0.62763 0.46739 0.63008 0.47157 0.62956 0.48028 0.62911 0.50085 0.62823 0.51009 0.62648 0.51243 0.62434 0.51321 0.62178 0.51258 0.62001 0.51131 0.61749 0.51064 0.61429
4 0.57796 0.42467 0.57941 0.41027 0.57782 0.39438 0.57663 0.38323 0.57457 0.37812 0.56818 0.36683 0.56163 0.36307 0.54763 0.36559 0.54081 0.37126 0.53442 0.38036 0.53137 0.39201 0.53274 0.41331 0.53601 0.42392 0.54359 0.43319 0.54915 0.43331 0.55969 0.43175 0.56884 0.43196 0.57235 0.43287 0.57796 0.42467
2 0.45223 0.41654 0.45483 0.42166 0.45631 0.42613 0.45664 0.43215 0.46052 0.43851 0.46560 0.44193 0.46629 0.44588 0.46548 0.44769 0.46791 0.45485 0.47207 0.46257 0.47488 0.46098 0.47702 0.45823 0.47727 0.45432 0.47569 0.45156 0.47518 0.44914 0.47563 0.44862 0.47581 0.44580 0.47581 0.44409 0.47564 0.44271 0.47638 0.43952 0.47576 0.43617 0.47416 0.43327 0.47197 0.43058 0.46963 0.42838 0.46764 0.42397 0.46717 0.41595 0.46711 0.41207 0.46789 0.40747 0.46789 0.40157 0.46623 0.39727 0.46391 0.39445 0.46054 0.39315 0.45650 0.39225 0.45172 0.39341 0.44886 0.39251 0.45089 0.39673 0.45236 0.40239 0.45310 0.40509 0.45558 0.40836 0.45445 0.41099 0.45223 0.41654
4 0.55909 0.60793 0.55854 0.60669 0.55760 0.60419 0.55656 0.59825 0.55595 0.59333 0.55501 0.59083 0.55348 0.58805 0.55246 0.58615 0.55060 0.58460 0.54874 0.58363 0.54753 0.58343 0.54508 0.58349 0.54258 0.58320 0.53886 0.58259 0.53556 0.58216 0.53289 0.58237 0.52986 0.58286 0.52718 0.58366 0.52355 0.58506 0.52040 0.58652 0.51890 0.58849 0.51863 0.59209 0.51877 0.59707 0.51936 0.60258 0.52079 0.61227 0.52052 0.61457 0.52077 0.61727 0.52140 0.61981 0.52247 0.62146 0.52364 0.62322 0.52780 0.62223 0.53714 0.62085 0.55085 0.61893 0.55827 0.61671 0.55919 0.61457 0.55939 0.61229 0.55935 0.61063 0.55917 0.60922 0.55909 0.60793
4 0.62912 0.36632 0.62556 0.35334 0.61942 0.34845 0.61032 0.35011 0.60319 0.35179 0.59606 0.36367 0.58475 0.37069 0.58064 0.38086 0.58511 0.39105 0.59208 0.39825 0.59877 0.40762 0.60509 0.41248 0.61128 0.42058 0.61938 0.42683 0.62284 0.42292 0.62760 0.40489 0.62839 0.38654 0.62912 0.36632
4 0.44896 0.62264 0.44719 0.62108 0.44443 0.61787 0.44305 0.61626 0.44041 0.61245 0.43772 0.60982 0.43453 0.60636 0.43142 0.60349 0.43004 0.60188 0.42859 0.59969 0.42630 0.59554 0.42404 0.59315 0.42234 0.59218 0.41954 0.59666 0.41681 0.60173 0.41580 0.60955 0.41491 0.62001 0.41431 0.62955 0.41472 0.63128 0.41862 0.63257 0.43635 0.63395 0.45141 0.63299 0.45314 0.63100 0.45285 0.62867 0.45213 0.62757 0.45068 0.62538 0.44896 0.62264
4 0.41557 0.60928 0.41653 0.60266 0.41860 0.59707 0.41741 0.59219 0.41559 0.58857 0.41342 0.58381 0.41047 0.58062 0.40706 0.58015 0.40361 0.57939 0.40197 0.58048 0.39760 0.58338 0.39519 0.58309 0.39208 0.58347 0.38744 0.58581 0.38354 0.58777 0.37930 0.58858 0.37561 0.58904 0.37175 0.59129 0.36979 0.59626 0.36857 0.60558 0.36897 0.61530 0.36821 0.62516 0.36840 0.62986 0.37375 0.63335 0.37778 0.63404 0.38549 0.63576 0.39609 0.63534 0.40896 0.63258 0.41314 0.62970 0.41460 0.62390 0.41533 0.61700 0.41557 0.60928
