4 0.41095 0.88210 0.45438 0.90599 0.48521 0.90110 0.50658 0.88526 0.53100 0.87662 0.56130 0.84477 0.57095 0.80011 0.57846 0.74002 0.58076 0.71618 0.57674 0.66487 0.56096 0.60109 0.55057 0.57220 0.53347 0.56189 0.52291 0.54683 0.50765 0.53961 0.50060 0.53810 0.47020 0.55106 0.45527 0.55511 0.44659 0.55132 0.44492 0.55427 0.43822 0.54840 0.42614 0.53390 0.41198 0.52900 0.39978 0.52155 0.38585 0.52514 0.36770 0.53656 0.35278 0.54674 0.33385 0.55494 0.32285 0.56532 0.31761 0.57541 0.32150 0.59892 0.32318 0.64790 0.32013 0.69140 0.31950 0.72170 0.33347 0.73405 0.35775 0.79901 0.37920 0.83551 0.41095 0.88210
4 0.16523 0.50710 0.19254 0.46651 0.21520 0.41322 0.22417 0.33031 0.22649 0.28309 0.21536 0.21302 0.19912 0.14713 0.17849 0.09915 0.15418 0.08276 0.11894 0.09148 0.08744 0.11079 0.06025 0.16128 0.04574 0.18952 0.03967 0.22615 0.03116 0.25701 0.02394 0.31235 0.02155 0.36841 0.03500 0.42168 0.05064 0.46600 0.07791 0.51855 0.09887 0.53217 0.12397 0.52300 0.14876 0.50796 0.16523 0.50710
1 0.52190 0.54381 0.52680 0.55210 0.52887 0.55429 0.53484 0.56252 0.53222 0.54655 0.53490 0.53656 0.53450 0.53230 0.53668 0.52627 0.53530 0.51682 0.53399 0.50900 0.53081 0.49932 0.53144 0.48744 0.52888 0.49143 0.52725 0.49517 0.52282 0.49813 0.51374 0.52090 0.51653 0.52306 0.52073 0.52843 0.51888 0.53049 0.51971 0.53604 0.52190 0.54381
4 0.14676 0.68886 0.15937 0.71905 0.17215 0.74471 0.18888 0.77543 0.20163 0.80035 0.21437 0.82526 0.23470 0.84677 0.25276 0.86388 0.27577 0.86643 0.28793 0.85677 0.29998 0.83733 0.30608 0.82121 0.30844 0.80378 0.30876 0.78646 0.30948 0.76911 0.31214 0.74189 0.31711 0.71981 0.31936 0.69261 0.32269 0.65481 0.32220 0.61421 0.31879 0.58805 0.31528 0.56792 0.31046 0.55388 0.30489 0.54890 0.29458 0.54718 0.28131 0.54337 0.27294 0.53177 0.26389 0.51494 0.25297 0.49369 0.24384 0.47536 0.24026 0.46953 0.23306 0.46464 0.22555 0.46954 0.21568 0.47608 0.20797 0.48476 0.19773 0.49207 0.19367 0.48476 0.19269 0.48180 0.18830 0.47601 0.18712 0.47682 0.18455 0.48223 0.17895 0.49230 0.17053 0.50328 0.16396 0.51039 0.15341 0.51170 0.14485 0.51215 0.14047 0.52216 0.13732 0.53210 0.13614 0.54872 0.13656 0.56450 0.13683 0.59307 0.13603 0.63224 0.13545 0.66011 0.13885 0.67047 0.14676 0.68886
4 0.57965 0.68552 0.58159 0.70298 0.58264 0.72298 0.59198 0.73880 0.60777 0.75427 0.61986 0.77057 0.63252 0.79122 0.64390 0.80693 0.65745 0.81876 0.67861 0.83270 0.70002 0.83847 0.71716 0.84071 0.74033 0.83448 0.75957 0.81842 0.77542 0.80254 0.78707 0.78438 0.79947 0.76115 0.81208 0.73541 0.81928 0.71685 0.82302 0.69722 0.82301 0.66462 0.81786 0.62476 0.81227 0.59621 0.80444 0.57656 0.79924 0.56178 0.78872 0.53663 0.77279 0.50548 0.76208 0.49601 0.75547 0.51266 0.74063 0.52849 0.72619 0.53865 0.70339 0.54549 0.67606 0.53062 0.65978 0.51893 0.64918 0.52450 0.64239 0.52486 0.63311 0.52973 0.62472 0.53205 0.60940 0.51906 0.60144 0.51007 0.59529 0.52920 0.58823 0.55027 0.57937 0.56327 0.56445 0.57095 0.55023 0.57232 0.55685 0.58828 0.56384 0.61111 0.57061 0.63646 0.57525 0.66005 0.57965 0.68552
1 0.69786 0.56188 0.69679 0.55797 0.69364 0.55523 0.69358 0.55959 0.69614 0.56461 0.69777 0.56426 0.69786 0.56188
4 0.30245 0.55290 0.31968 0.54611 0.35381 0.53647 0.37423 0.52951 0.39158 0.48444 0.39932 0.40847 0.39557 0.36745 0.39083 0.31765 0.39053 0.28136 0.38882 0.22846 0.38344 0.20715 0.36161 0.17689 0.34020 0.17507 0.31877 0.18306 0.30137 0.19673 0.28263 0.21538 0.27313 0.23747 0.26449 0.25558 0.24542 0.27817 0.22966 0.29273 0.22227 0.35495 0.21437 0.42798 0.22597 0.44808 0.23854 0.46204 0.26765 0.51940 0.27723 0.53950 0.30245 0.55290
4 0.48050 0.54719 0.50141 0.53656 0.51328 0.52299 0.51992 0.52904 0.51942 0.53407 0.52204 0.54315 0.52549 0.54860 0.52855 0.55355 0.52997 0.55557 0.53190 0.55831 0.53360 0.56061 0.53462 0.56221 0.54874 0.57115 0.56567 0.57081 0.57906 0.56234 0.58989 0.54644 0.60119 0.51143 0.61307 0.46065 0.61730 0.45586 0.62462 0.40484 0.62426 0.36411 0.62418 0.34572 0.62063 0.34154 0.61671 0.31612 0.61033 0.27979 0.60176 0.25537 0.57693 0.22709 0.56257 0.21442 0.54572 0.20351 0.52432 0.19557 0.50557 0.19730 0.48280 0.20402 0.46942 0.21855 0.45930 0.23012 0.43939 0.25836 0.41990 0.27907 0.41705 0.28270 0.40441 0.29562 0.39316 0.31394 0.40076 0.35306 0.39883 0.41518 0.39639 0.46028 0.40254 0.48586 0.41389 0.51184 0.43641 0.54610 0.45698 0.55729 0.48050 0.54719
4 0.64686 0.50236 0.67084 0.52631 0.68693 0.53972 0.70415 0.54549 0.72571 0.53966 0.74141 0.52855 0.75549 0.51125 0.76329 0.49271 0.77060 0.47263 0.77726 0.46479 0.78955 0.47478 0.80460 0.48455 0.81311 0.49371 0.82481 0.49371 0.83683 0.48736 0.84377 0.47282 0.84630 0.44550 0.84905 0.40985 0.84969 0.39230 0.84854 0.37532 0.85017 0.36767 0.85125 0.34792 0.84531 0.30796 0.84103 0.28501 0.83227 0.26039 0.82313 0.24288 0.81632 0.21891 0.79785 0.20168 0.77913 0.19135 0.76583 0.18462 0.75008 0.17862 0.73202 0.18128 0.70940 0.19671 0.68505 0.22633 0.66880 0.25451 0.64946 0.29505 0.63238 0.33615 0.62516 0.34675 0.62433 0.39450 0.62209 0.42937 0.61749 0.46164 0.62033 0.45802 0.62700 0.46237 0.63320 0.47820 0.64686 0.50236
1 0.72592 0.67538 0.72352 0.67233 0.72110 0.67040 0.71978 0.67316 0.71966 0.67919 0.71922 0.68397 0.72141 0.68956 0.72351 0.69341 0.72561 0.69409 0.72720 0.69005 0.72640 0.68454 0.72601 0.68044 0.72704 0.67865 0.72592 0.67538
