4 0.31568 0.63845 0.31036 0.68173 0.30814 0.71195 0.32145 0.72501 0.34229 0.79116 0.36180 0.82873 0.39107 0.87691 0.43320 0.90304 0.46424 0.89978 0.48641 0.88508 0.51125 0.87773 0.54317 0.84751 0.55515 0.80341 0.56579 0.74379 0.56934 0.72011 0.56801 0.66866 0.55559 0.60415 0.54672 0.57475 0.53018 0.56356 0.52043 0.54796 0.50557 0.53995 0.49861 0.53808 0.46757 0.54943 0.45244 0.55270 0.44397 0.54845 0.44215 0.55131 0.43577 0.54510 0.42446 0.52999 0.41058 0.52436 0.39879 0.51627 0.38469 0.51913 0.36597 0.52959 0.35054 0.53897 0.33120 0.54616 0.31967 0.55596 0.31391 0.56576 0.31657 0.58945 0.31568 0.63845
4 0.03973 0.39745 0.05304 0.44253 0.07751 0.49643 0.09774 0.51113 0.12328 0.50329 0.14882 0.48957 0.16532 0.48957 0.19472 0.45047 0.22013 0.39843 0.23343 0.31611 0.23822 0.26907 0.23077 0.19851 0.21800 0.13187 0.19991 0.08287 0.17649 0.06523 0.14084 0.07210 0.10838 0.08973 0.07858 0.13873 0.06262 0.16617 0.05463 0.20243 0.04452 0.23281 0.03441 0.28769 0.02909 0.34355 0.03973 0.39745
1 0.52289 0.49933 0.51262 0.52160 0.51530 0.52389 0.51922 0.52947 0.51726 0.53144 0.51779 0.53702 0.51958 0.54490 0.52403 0.55343 0.52599 0.55573 0.53152 0.56426 0.52973 0.54818 0.53294 0.53833 0.53276 0.53407 0.53526 0.52816 0.53437 0.51864 0.53348 0.51076 0.53080 0.50093 0.53205 0.48910 0.52929 0.49296 0.52746 0.49661 0.52289 0.49933
4 0.13409 0.52961 0.13368 0.54539 0.13246 0.57394 0.12960 0.61301 0.12757 0.64081 0.13042 0.65133 0.13736 0.67011 0.14837 0.70092 0.15980 0.72722 0.17489 0.75877 0.18632 0.78432 0.19774 0.80987 0.21692 0.83241 0.23405 0.85044 0.25690 0.85420 0.26955 0.84518 0.28260 0.82640 0.28954 0.81062 0.29280 0.79334 0.29403 0.77606 0.29566 0.75877 0.29974 0.73172 0.30586 0.70994 0.30953 0.68289 0.31483 0.64532 0.31647 0.60475 0.31443 0.57845 0.31198 0.55816 0.30790 0.54388 0.30260 0.53863 0.29240 0.53637 0.27934 0.53186 0.27159 0.51984 0.26343 0.50256 0.25363 0.48077 0.24548 0.46199 0.24221 0.45598 0.23528 0.45072 0.22753 0.45522 0.21732 0.46123 0.20916 0.46950 0.19856 0.47626 0.19488 0.46875 0.19407 0.46574 0.18999 0.45973 0.18876 0.46048 0.18591 0.46574 0.17979 0.47551 0.17081 0.48603 0.16387 0.49279 0.15327 0.49354 0.14470 0.49354 0.13980 0.50331 0.13613 0.51308 0.13409 0.52961
4 0.56065 0.57423 0.54637 0.57485 0.55215 0.59113 0.55793 0.61430 0.56337 0.63997 0.56677 0.66376 0.56983 0.68944 0.57085 0.70697 0.57085 0.72700 0.57935 0.74328 0.59431 0.75956 0.60553 0.77647 0.61709 0.79776 0.62763 0.81404 0.64055 0.82656 0.66095 0.84159 0.68203 0.84847 0.69903 0.85161 0.72249 0.84660 0.74255 0.83157 0.75921 0.81654 0.77179 0.79901 0.78539 0.77647 0.79933 0.75142 0.80749 0.73327 0.81225 0.71385 0.81395 0.68130 0.81089 0.64122 0.80681 0.61242 0.80001 0.59239 0.79559 0.57736 0.78641 0.55168 0.77213 0.51975 0.76193 0.50974 0.75445 0.52602 0.73881 0.54104 0.72385 0.55043 0.70073 0.55607 0.67421 0.53979 0.65857 0.52727 0.64769 0.53227 0.64089 0.53227 0.63137 0.53666 0.62287 0.53854 0.60825 0.52476 0.60077 0.51537 0.59363 0.53415 0.58547 0.55482 0.57595 0.56734 0.56065 0.57423
1 0.69435 0.57215 0.69349 0.56819 0.69048 0.56529 0.69019 0.56964 0.69249 0.57479 0.69413 0.57452 0.69435 0.57215
4 0.23024 0.34061 0.21853 0.41313 0.22906 0.43380 0.24088 0.44841 0.26696 0.50721 0.27547 0.52779 0.29995 0.54249 0.31751 0.53661 0.35210 0.52877 0.37285 0.52289 0.39254 0.47879 0.40425 0.40333 0.40265 0.36217 0.40052 0.31219 0.40212 0.27593 0.40319 0.22301 0.39893 0.20145 0.37871 0.17009 0.35742 0.16715 0.33560 0.17401 0.31751 0.18675 0.29782 0.20439 0.28718 0.22595 0.27760 0.24359 0.25738 0.26515 0.24088 0.27887 0.23024 0.34061
4 0.40341 0.41000 0.39861 0.45492 0.40341 0.48078 0.41339 0.50732 0.43408 0.54271 0.45404 0.55496 0.47806 0.54611 0.49949 0.53658 0.51206 0.52365 0.51838 0.53004 0.51761 0.53504 0.51975 0.54424 0.52291 0.54987 0.52570 0.55497 0.52702 0.55706 0.52880 0.55990 0.53038 0.56228 0.53131 0.56394 0.54495 0.57360 0.56187 0.57415 0.57569 0.56639 0.58733 0.55108 0.60045 0.51671 0.61498 0.46662 0.61945 0.46206 0.62943 0.41150 0.63120 0.37080 0.63209 0.35243 0.62876 0.34807 0.62617 0.32248 0.62170 0.28587 0.61442 0.26103 0.59110 0.23149 0.57743 0.21808 0.56117 0.20631 0.54022 0.19726 0.52141 0.19801 0.49831 0.20352 0.48420 0.21733 0.47348 0.22836 0.45212 0.25552 0.43157 0.27518 0.42854 0.27865 0.41524 0.29090 0.40304 0.30860 0.40859 0.34807 0.40341 0.41000
4 0.62968 0.40115 0.62562 0.43586 0.61934 0.46785 0.62237 0.46437 0.62880 0.46907 0.63415 0.48520 0.64653 0.51004 0.66922 0.53522 0.68460 0.54945 0.70149 0.55611 0.72332 0.55142 0.73958 0.54114 0.75455 0.52460 0.76331 0.50650 0.77166 0.48683 0.77872 0.47935 0.79047 0.48996 0.80500 0.50051 0.81301 0.51011 0.82469 0.51072 0.83703 0.50500 0.84472 0.49085 0.84868 0.46369 0.85330 0.42824 0.85485 0.41075 0.85459 0.39373 0.85662 0.38618 0.85873 0.36651 0.85488 0.32629 0.85182 0.30315 0.84435 0.27811 0.83615 0.26014 0.83060 0.23585 0.81305 0.21768 0.79491 0.20638 0.78197 0.19896 0.76656 0.19215 0.74838 0.19386 0.72499 0.20808 0.69912 0.23639 0.68142 0.26368 0.65999 0.30315 0.64077 0.34331 0.63301 0.35351 0.62968 0.40115
1 0.71308 0.70485 0.71514 0.70564 0.71695 0.70168 0.71643 0.69614 0.71626 0.69202 0.71737 0.69028 0.71643 0.68696 0.71420 0.68379 0.71187 0.68174 0.71041 0.68443 0.70998 0.69044 0.70930 0.69519 0.71119 0.70089 0.71308 0.70485
