4 0.20798 0.83782 0.21400 0.82003 0.21673 0.79620 0.22070 0.76944 0.22527 0.73251 0.22997 0.69902 0.22685 0.69175 0.20878 0.67897 0.19919 0.67358 0.19173 0.67657 0.18391 0.67920 0.17630 0.68030 0.16855 0.68542 0.16229 0.70348 0.15859 0.72097 0.15715 0.73412 0.15642 0.75109 0.15546 0.77859 0.15543 0.79348 0.15403 0.80788 0.15164 0.82927 0.15145 0.84540 0.15667 0.84799 0.17325 0.84784 0.18655 0.84598 0.19787 0.84353 0.20798 0.83782
1 0.65266 0.77590 0.65109 0.77428 0.65045 0.77442 0.64965 0.77618 0.64955 0.78027 0.65061 0.78324 0.65244 0.78584 0.65414 0.78432 0.65325 0.78173 0.65299 0.77912 0.65266 0.77590
1 0.68651 0.21313 0.69088 0.20748 0.69348 0.20382 0.69661 0.20068 0.70101 0.19057 0.70189 0.18220 0.69672 0.17656 0.68771 0.16858 0.68260 0.16250 0.67512 0.16056 0.67654 0.16746 0.67689 0.17556 0.67693 0.18585 0.67690 0.19881 0.67702 0.20643 0.67784 0.21548 0.67828 0.21867 0.67891 0.22055 0.68250 0.21837 0.68651 0.21313
4 0.66594 0.78620 0.66290 0.76968 0.65821 0.75721 0.65334 0.75116 0.64714 0.74439 0.64038 0.73647 0.63523 0.72984 0.62626 0.72751 0.61760 0.73058 0.60374 0.73507 0.59569 0.74145 0.59233 0.75010 0.58897 0.75875 0.58509 0.76089 0.58138 0.75929 0.57654 0.75808 0.57226 0.75801 0.56562 0.76459 0.55970 0.77610 0.56019 0.77777 0.56295 0.78353 0.56635 0.78991 0.56747 0.79972 0.56767 0.82121 0.56822 0.85294 0.56602 0.86604 0.56944 0.86974 0.58160 0.86716 0.60327 0.86055 0.62814 0.84902 0.65687 0.83804 0.66780 0.83153 0.66988 0.82431 0.66865 0.81019 0.66594 0.78620
4 0.71044 0.33267 0.71351 0.33907 0.72141 0.34651 0.73001 0.35070 0.74154 0.35344 0.75035 0.34909 0.75871 0.33909 0.76663 0.32343 0.77370 0.30133 0.77841 0.28373 0.78156 0.26667 0.78252 0.26158 0.77832 0.25615 0.75945 0.23487 0.74285 0.21689 0.73218 0.20272 0.72484 0.20542 0.71543 0.21229 0.70856 0.21878 0.70310 0.22583 0.69611 0.24199 0.69203 0.25334 0.68935 0.26004 0.68589 0.26700 0.68045 0.27742 0.67512 0.29232 0.67021 0.30430 0.66376 0.31307 0.65654 0.32026 0.65857 0.32352 0.66699 0.32545 0.67412 0.32422 0.68427 0.32266 0.69340 0.32134 0.70121 0.32057 0.70482 0.31959 0.70609 0.31940 0.70839 0.32605 0.71044 0.33267
4 0.56717 0.80829 0.56560 0.79023 0.55831 0.77507 0.55361 0.76764 0.54185 0.75800 0.53457 0.75144 0.52666 0.74356 0.51515 0.73211 0.50587 0.72527 0.49472 0.72001 0.48160 0.72001 0.46846 0.73477 0.45747 0.75167 0.45305 0.76273 0.44994 0.78197 0.44674 0.80181 0.44309 0.82774 0.43822 0.85657 0.43490 0.88316 0.43718 0.89024 0.45015 0.88838 0.49081 0.88487 0.52949 0.87801 0.56197 0.87150 0.56493 0.86208 0.56663 0.85002 0.56716 0.83165 0.56717 0.80829
4 0.31377 0.20778 0.33020 0.15032 0.32132 0.12208 0.32100 0.06035 0.27980 0.05167 0.24952 0.05223 0.23319 0.09524 0.22270 0.13329 0.20654 0.19335 0.20493 0.22462 0.21166 0.24098 0.23952 0.24233 0.27890 0.25011 0.31151 0.24217 0.31377 0.20778
4 0.28713 0.78708 0.28941 0.73277 0.29408 0.71094 0.28126 0.69548 0.27131 0.69007 0.26062 0.68615 0.25272 0.68584 0.24458 0.69354 0.23057 0.69800 0.22899 0.72830 0.22359 0.76289 0.21551 0.82039 0.20732 0.84816 0.22661 0.85569 0.25585 0.86863 0.26724 0.86381 0.28051 0.84559 0.28713 0.78708
4 0.70359 0.81013 0.72450 0.79072 0.74444 0.77608 0.75832 0.76641 0.76495 0.75527 0.76318 0.74876 0.76035 0.74345 0.75486 0.73374 0.74662 0.72453 0.73951 0.71996 0.72760 0.71560 0.71731 0.71460 0.70537 0.71471 0.69184 0.71773 0.68476 0.72567 0.68153 0.73595 0.67710 0.74203 0.67234 0.74404 0.66773 0.74295 0.65793 0.73844 0.64835 0.73665 0.64219 0.73802 0.65020 0.74675 0.66042 0.75891 0.66411 0.77508 0.66833 0.80652 0.66971 0.82638 0.67411 0.82477 0.68420 0.82082 0.69563 0.81796 0.70359 0.81013
4 0.56751 0.22482 0.58034 0.17923 0.58568 0.13741 0.57254 0.07853 0.55236 0.06204 0.51815 0.05401 0.50330 0.05675 0.49210 0.07927 0.47397 0.11689 0.45580 0.17378 0.45220 0.20701 0.45733 0.23906 0.47330 0.25496 0.49652 0.25742 0.52424 0.26212 0.54470 0.25375 0.56751 0.22482
4 0.35571 0.73902 0.36489 0.74031 0.36735 0.72136 0.34002 0.70993 0.32283 0.70474 0.30308 0.70011 0.29402 0.71181 0.28741 0.77207 0.27945 0.85068 0.27680 0.86514 0.30461 0.87832 0.33479 0.88349 0.35135 0.85800 0.35110 0.82459 0.35092 0.76431 0.35571 0.73902
4 0.43573 0.86138 0.43858 0.83687 0.44159 0.81683 0.44351 0.80317 0.44584 0.79223 0.44911 0.78023 0.45056 0.76709 0.45005 0.75664 0.44835 0.74484 0.44495 0.73665 0.44088 0.73608 0.43540 0.73709 0.42704 0.74036 0.41596 0.74177 0.40414 0.74011 0.39688 0.73968 0.39380 0.74192 0.38902 0.74362 0.38410 0.74204 0.38229 0.73941 0.37418 0.73945 0.36812 0.74038 0.36048 0.73990 0.35293 0.74299 0.35176 0.74846 0.35176 0.75410 0.35154 0.76415 0.35089 0.78422 0.35108 0.81242 0.35173 0.84157 0.35307 0.86577 0.35491 0.88501 0.36255 0.88549 0.37175 0.88619 0.38721 0.88866 0.40048 0.88994 0.41446 0.88893 0.42762 0.88811 0.43172 0.88424 0.43403 0.87627 0.43573 0.86138
4 0.19630 0.23888 0.19941 0.22948 0.20096 0.22478 0.20403 0.22498 0.20590 0.21470 0.20677 0.19680 0.21092 0.17749 0.22049 0.14034 0.22861 0.11202 0.23166 0.10498 0.23322 0.09836 0.23115 0.08506 0.22842 0.07502 0.22588 0.06505 0.22188 0.05984 0.21712 0.05980 0.20554 0.06559 0.19691 0.07247 0.18799 0.08145 0.18332 0.08670 0.18064 0.08820 0.16902 0.09555 0.16133 0.10471 0.15448 0.11524 0.15062 0.12341 0.14408 0.14391 0.14362 0.20017 0.14310 0.24839 0.14565 0.25992 0.15401 0.26199 0.16313 0.26282 0.17143 0.26310 0.18133 0.26270 0.18668 0.25853 0.19267 0.24775 0.19630 0.23888
4 0.41936 0.25860 0.43516 0.25412 0.44725 0.24110 0.45490 0.22477 0.45302 0.19371 0.45795 0.16495 0.46789 0.13555 0.47379 0.11898 0.46365 0.11487 0.45389 0.08271 0.45473 0.05136 0.45367 0.03984 0.44639 0.04082 0.41700 0.04673 0.39088 0.04842 0.36549 0.05757 0.34533 0.09624 0.33123 0.13308 0.32770 0.16137 0.31714 0.20473 0.31265 0.23356 0.31684 0.24820 0.32232 0.25366 0.38651 0.25733 0.40351 0.25704 0.41936 0.25860
4 0.58104 0.27082 0.58563 0.27155 0.58886 0.27200 0.59017 0.27443 0.61520 0.32352 0.62873 0.32620 0.64181 0.33028 0.64979 0.32631 0.65991 0.31525 0.66746 0.31078 0.67526 0.29565 0.68012 0.27934 0.68837 0.25732 0.70111 0.22899 0.70861 0.19760 0.70457 0.18235 0.69203 0.16900 0.67765 0.15771 0.66452 0.14118 0.64506 0.11836 0.62848 0.10444 0.60995 0.12270 0.58636 0.15492 0.58238 0.17043 0.57832 0.19056 0.57437 0.20584 0.56598 0.22043 0.56609 0.23102 0.56739 0.24411 0.57095 0.25473 0.57585 0.26492 0.58104 0.27082
