4 0.46954 0.72585 0.45046 0.72193 0.43452 0.72288 0.42940 0.72976 0.42672 0.74042 0.42362 0.75157 0.41893 0.76881 0.41747 0.77853 0.41865 0.78378 0.43617 0.78242 0.44927 0.77765 0.46960 0.76926 0.47732 0.75843 0.47909 0.74977 0.48063 0.73334 0.47899 0.72909 0.46954 0.72585
4 0.30746 0.49873 0.30830 0.47554 0.30966 0.46168 0.31243 0.46084 0.32031 0.45881 0.32799 0.45418 0.33054 0.43989 0.32986 0.42744 0.32435 0.41207 0.31884 0.40238 0.31171 0.39362 0.30363 0.38737 0.29429 0.38258 0.28217 0.38432 0.27133 0.39544 0.26337 0.40419 0.25686 0.41975 0.25211 0.43234 0.25125 0.44468 0.24963 0.46782 0.24840 0.48530 0.25555 0.50492 0.26212 0.51055 0.27563 0.51666 0.28480 0.51833 0.29129 0.51413 0.30085 0.51015 0.30746 0.49873
4 0.36747 0.73525 0.35803 0.73200 0.34053 0.72768 0.32718 0.73036 0.31446 0.73516 0.30544 0.74228 0.30035 0.75432 0.30280 0.76896 0.31659 0.77664 0.32870 0.78059 0.35271 0.78589 0.36578 0.78163 0.36649 0.77703 0.36752 0.76780 0.37059 0.75717 0.37216 0.74022 0.36747 0.73525
4 0.50938 0.51362 0.51408 0.49070 0.51475 0.47008 0.51332 0.44621 0.51115 0.42746 0.50472 0.40324 0.50033 0.38846 0.48742 0.37929 0.47121 0.37867 0.46000 0.38409 0.44562 0.39600 0.43770 0.41509 0.43532 0.43249 0.43497 0.45417 0.43568 0.46610 0.43864 0.47923 0.44148 0.49389 0.44097 0.50677 0.44309 0.51519 0.45663 0.52079 0.47673 0.52116 0.48797 0.52091 0.49841 0.52113 0.50938 0.51362
4 0.57078 0.46139 0.56928 0.43855 0.56386 0.41698 0.55660 0.40408 0.54057 0.40140 0.52714 0.41028 0.51930 0.42265 0.51407 0.43107 0.51421 0.45123 0.51500 0.46266 0.51577 0.47925 0.51511 0.49367 0.51531 0.50247 0.52724 0.50898 0.53883 0.50928 0.55491 0.50575 0.56504 0.49923 0.57096 0.48155 0.57078 0.46139
4 0.31102 0.72174 0.30592 0.71725 0.28372 0.71368 0.26362 0.71326 0.25405 0.71724 0.24706 0.72863 0.24445 0.74395 0.24473 0.75643 0.25877 0.76046 0.27092 0.76389 0.28877 0.76875 0.29903 0.76586 0.29901 0.76069 0.30004 0.75146 0.30489 0.74301 0.31342 0.73172 0.31102 0.72174
4 0.36601 0.52318 0.38443 0.52550 0.40117 0.52409 0.41816 0.51908 0.43113 0.51069 0.43406 0.47989 0.43339 0.44522 0.42592 0.41369 0.41216 0.38896 0.39903 0.37203 0.38706 0.36602 0.36938 0.36427 0.35463 0.37047 0.34519 0.37808 0.34041 0.39118 0.33283 0.41649 0.33151 0.42983 0.33117 0.44582 0.33034 0.45765 0.32916 0.46894 0.32900 0.48236 0.32922 0.49581 0.33354 0.50593 0.33924 0.51304 0.35190 0.52013 0.36601 0.52318
1 0.30307 0.43471 0.29850 0.44302 0.31162 0.44859 0.32559 0.44693 0.32319 0.43875 0.32311 0.42547 0.31162 0.41867 0.30605 0.42030 0.30307 0.43471
4 0.60527 0.47966 0.60611 0.45647 0.60605 0.43528 0.60531 0.41818 0.60049 0.40957 0.58877 0.40565 0.58213 0.41759 0.57765 0.43175 0.57161 0.44455 0.57189 0.46266 0.57214 0.47735 0.56978 0.48907 0.56674 0.49919 0.56617 0.50742 0.57126 0.51759 0.57384 0.52501 0.57792 0.53304 0.58419 0.53193 0.59353 0.52018 0.60141 0.50161 0.60527 0.47966
4 0.22329 0.51682 0.22999 0.50954 0.23684 0.50020 0.24677 0.48539 0.24746 0.47562 0.24833 0.45760 0.24832 0.44106 0.24630 0.43679 0.24249 0.43600 0.23588 0.43089 0.22959 0.42115 0.22412 0.40527 0.22194 0.39220 0.21221 0.38738 0.20587 0.38952 0.20017 0.40462 0.19339 0.41862 0.18557 0.44184 0.18424 0.46087 0.18686 0.48430 0.19312 0.50541 0.19699 0.51653 0.20882 0.51891 0.22329 0.51682
4 0.43141 0.72318 0.41831 0.72227 0.40581 0.72398 0.39026 0.72495 0.37320 0.72531 0.37112 0.73292 0.37008 0.74783 0.36981 0.76280 0.36918 0.77722 0.36812 0.78696 0.37694 0.78810 0.38727 0.78985 0.40313 0.78993 0.41358 0.78446 0.41541 0.77477 0.42014 0.75701 0.42598 0.73985 0.43242 0.72532 0.43141 0.72318
