4 0.76180 0.46380 0.76411 0.45713 0.76725 0.45035 0.76882 0.44462 0.77037 0.44102 0.77159 0.44172 0.77337 0.44235 0.78039 0.44405 0.78339 0.44070 0.78884 0.42725 0.79336 0.41093 0.79528 0.39877 0.79668 0.38240 0.79817 0.36220 0.79974 0.34028 0.80191 0.31403 0.80168 0.29360 0.79942 0.28451 0.79240 0.28282 0.78404 0.29108 0.77575 0.30446 0.76999 0.31539 0.76913 0.31762 0.76830 0.32242 0.77045 0.38392 0.76965 0.39126 0.76782 0.40640 0.76398 0.42604 0.76219 0.43691 0.75435 0.44469 0.74471 0.44715 0.73771 0.44801 0.72647 0.44428 0.71157 0.43163 0.70950 0.42634 0.70779 0.42399 0.70953 0.43358 0.71243 0.44558 0.71702 0.45524 0.72281 0.46305 0.72839 0.46918 0.74120 0.47868 0.74936 0.47811 0.75379 0.47714 0.75843 0.47103 0.76180 0.46380
4 0.63370 0.64586 0.64745 0.67393 0.66405 0.68117 0.67234 0.66469 0.67522 0.64617 0.67666 0.62860 0.67633 0.59231 0.67691 0.55088 0.67851 0.53870 0.67533 0.51281 0.66897 0.49040 0.66134 0.47858 0.64333 0.47461 0.62941 0.47246 0.61806 0.47223 0.61088 0.47473 0.60196 0.47969 0.59609 0.48853 0.59486 0.49525 0.59774 0.51036 0.60059 0.53358 0.59998 0.55376 0.60114 0.57371 0.60576 0.59247 0.61971 0.61588 0.63370 0.64586
4 0.50972 0.45841 0.52288 0.46235 0.53768 0.46703 0.56019 0.46659 0.57404 0.46860 0.59583 0.46731 0.60718 0.46406 0.61345 0.45727 0.61889 0.44361 0.61963 0.42450 0.61849 0.40006 0.61469 0.37920 0.60799 0.34477 0.60399 0.31975 0.60413 0.30582 0.59703 0.29324 0.59053 0.28059 0.57641 0.26887 0.56449 0.26245 0.54879 0.26299 0.53058 0.26569 0.51765 0.27377 0.50884 0.28505 0.50285 0.29924 0.49584 0.31262 0.48540 0.32828 0.48012 0.33821 0.48260 0.38104 0.48970 0.40613 0.49444 0.42967 0.50129 0.45017 0.50972 0.45841
4 0.74091 0.44712 0.74693 0.44895 0.75348 0.44405 0.76089 0.43496 0.76435 0.42431 0.76747 0.40808 0.76973 0.39042 0.77011 0.36021 0.76835 0.32924 0.76546 0.27796 0.76479 0.25862 0.76333 0.24949 0.76032 0.24276 0.75147 0.24118 0.74212 0.24382 0.73401 0.25161 0.72285 0.26509 0.71413 0.27920 0.70956 0.29336 0.70508 0.30516 0.69823 0.31515 0.69475 0.32064 0.69352 0.32345 0.70014 0.37315 0.70035 0.41233 0.69893 0.42212 0.69401 0.43285 0.69553 0.43276 0.70111 0.43105 0.70358 0.42615 0.70543 0.42183 0.70668 0.41810 0.71027 0.42788 0.71522 0.43494 0.72026 0.43995 0.72720 0.44370 0.73423 0.44539 0.74091 0.44712
4 0.19874 0.63561 0.19545 0.65050 0.19441 0.66511 0.19278 0.68192 0.19009 0.70398 0.18733 0.72775 0.18814 0.74129 0.19605 0.73861 0.20591 0.73101 0.21402 0.71383 0.22343 0.69563 0.22308 0.68118 0.22189 0.67153 0.22228 0.66083 0.22310 0.64668 0.22468 0.63413 0.22421 0.62566 0.21907 0.62544 0.20681 0.62737 0.19874 0.63561
4 0.41421 0.47287 0.42977 0.47374 0.44301 0.47583 0.46072 0.46901 0.47681 0.46658 0.48195 0.45806 0.48307 0.44957 0.48579 0.43394 0.48600 0.41304 0.48448 0.39560 0.48257 0.38006 0.48054 0.35851 0.47922 0.34342 0.46700 0.32451 0.44843 0.29664 0.43243 0.27959 0.41109 0.27201 0.39492 0.27121 0.37731 0.27384 0.36533 0.27948 0.36013 0.28754 0.35620 0.30004 0.35256 0.31069 0.34935 0.33242 0.34808 0.34973 0.35053 0.37726 0.35544 0.41979 0.35817 0.44450 0.36770 0.46420 0.38047 0.47005 0.39839 0.47249 0.41421 0.47287
4 0.69998 0.62774 0.71012 0.64098 0.72023 0.66317 0.72585 0.67654 0.73215 0.68855 0.74160 0.69846 0.75102 0.70114 0.76018 0.70172 0.76312 0.69795 0.76450 0.68373 0.75938 0.64899 0.74878 0.60428 0.73445 0.54768 0.72256 0.50867 0.70878 0.48437 0.69776 0.48018 0.69268 0.48507 0.69017 0.49006 0.68575 0.49103 0.68043 0.49169 0.67512 0.49702 0.67412 0.50268 0.67431 0.51118 0.67689 0.52066 0.67828 0.53200 0.67812 0.54224 0.67745 0.55297 0.67640 0.58377 0.67612 0.59531 0.67728 0.60241 0.68237 0.60690 0.68795 0.61303 0.69998 0.62774
4 0.26092 0.44532 0.25676 0.41145 0.25241 0.37865 0.23809 0.37295 0.22037 0.35702 0.20717 0.34525 0.19492 0.33329 0.18077 0.33687 0.17189 0.35159 0.17044 0.37020 0.17772 0.40777 0.18808 0.45298 0.19883 0.50135 0.21793 0.52337 0.23575 0.51750 0.25895 0.49237 0.26545 0.46745 0.26092 0.44532
4 0.24680 0.59251 0.24155 0.59628 0.23203 0.60536 0.22553 0.61904 0.22450 0.64064 0.22286 0.66722 0.22374 0.69110 0.22406 0.71370 0.22519 0.72951 0.22718 0.73908 0.23093 0.74298 0.23371 0.74564 0.24595 0.74537 0.25238 0.73783 0.25625 0.72269 0.26135 0.70427 0.26956 0.68787 0.27598 0.67358 0.28154 0.66560 0.28319 0.66233 0.28258 0.65744 0.27765 0.61387 0.27613 0.60485 0.27407 0.60143 0.27147 0.60359 0.26345 0.60150 0.25403 0.59475 0.24680 0.59251
4 0.51397 0.67370 0.51786 0.65080 0.52507 0.62557 0.52127 0.58623 0.51732 0.54149 0.51061 0.51410 0.50323 0.50225 0.49312 0.49963 0.46490 0.50270 0.44832 0.50204 0.43146 0.50527 0.42771 0.51036 0.42590 0.52295 0.42969 0.54954 0.43824 0.58985 0.44211 0.61295 0.45067 0.62813 0.46278 0.65332 0.47493 0.67463 0.48814 0.68150 0.50711 0.68498 0.51397 0.67370
4 0.32860 0.46808 0.33947 0.45839 0.34532 0.44561 0.34928 0.42750 0.35265 0.41967 0.34694 0.38327 0.34470 0.35247 0.34203 0.34584 0.33431 0.34586 0.32033 0.33274 0.31270 0.32347 0.29923 0.31955 0.28799 0.31862 0.27517 0.31741 0.26416 0.32340 0.25744 0.33164 0.25135 0.35001 0.25083 0.37095 0.25393 0.38866 0.25910 0.43580 0.26691 0.47426 0.27377 0.48733 0.28338 0.48754 0.29133 0.48425 0.31294 0.47649 0.32860 0.46808
4 0.80815 0.68692 0.81828 0.68619 0.81967 0.68090 0.81820 0.67444 0.81614 0.66600 0.81485 0.66105 0.81502 0.65131 0.81513 0.64108 0.81364 0.62899 0.81035 0.61610 0.80072 0.58201 0.79357 0.55988 0.78686 0.54127 0.77960 0.52939 0.77343 0.52350 0.76698 0.51816 0.76002 0.51697 0.75605 0.51796 0.74998 0.52126 0.74529 0.52747 0.74051 0.53572 0.73433 0.54364 0.75125 0.61211 0.75318 0.61392 0.75862 0.61938 0.76693 0.62603 0.77605 0.63922 0.78129 0.65136 0.79234 0.67199 0.79990 0.68078 0.80815 0.68692
4 0.67308 0.44437 0.68917 0.44194 0.69171 0.43745 0.69900 0.42125 0.70014 0.41045 0.70046 0.39788 0.70028 0.37379 0.69620 0.35063 0.69278 0.32276 0.68885 0.29078 0.68376 0.27703 0.67510 0.26186 0.66327 0.25867 0.65173 0.26287 0.63228 0.27825 0.62400 0.29132 0.61411 0.31155 0.60493 0.31732 0.60503 0.33075 0.60975 0.35661 0.61718 0.39188 0.61897 0.40650 0.61943 0.43798 0.62204 0.43905 0.63423 0.44266 0.65187 0.44281 0.67308 0.44437
4 0.31537 0.74047 0.32240 0.72550 0.32923 0.71817 0.33488 0.70124 0.33930 0.67936 0.34619 0.65487 0.35500 0.63848 0.36397 0.63599 0.35961 0.61565 0.35310 0.59790 0.34598 0.57512 0.34184 0.54641 0.34124 0.53396 0.32696 0.52598 0.31665 0.52260 0.30289 0.52383 0.29081 0.53366 0.27819 0.55000 0.27708 0.57017 0.27649 0.59432 0.27898 0.62541 0.28415 0.66749 0.29062 0.70209 0.29385 0.72841 0.29911 0.73847 0.31537 0.74047
4 0.42593 0.67035 0.43006 0.63511 0.43645 0.61830 0.44243 0.61623 0.43363 0.56989 0.42699 0.53397 0.42606 0.52273 0.41178 0.49710 0.40368 0.49275 0.38589 0.49293 0.36465 0.49755 0.35186 0.50580 0.34501 0.51532 0.34164 0.52775 0.34296 0.55297 0.34952 0.58823 0.35958 0.62306 0.38155 0.67513 0.39299 0.69576 0.40660 0.70144 0.41946 0.69385 0.42593 0.67035
4 0.57579 0.66727 0.58916 0.66292 0.59568 0.63622 0.60017 0.60359 0.60250 0.58901 0.60039 0.56762 0.60013 0.53403 0.59755 0.50883 0.59273 0.49049 0.58447 0.48609 0.56454 0.48545 0.53694 0.48729 0.53155 0.48950 0.51339 0.49056 0.51196 0.49577 0.51006 0.50335 0.51007 0.51185 0.51581 0.53549 0.51889 0.55637 0.52155 0.59276 0.52691 0.62379 0.53618 0.63425 0.55045 0.65608 0.56353 0.66606 0.57579 0.66727
