4 0.19732 0.51762 0.21264 0.50330 0.21795 0.49052 0.22314 0.47232 0.21772 0.45213 0.21107 0.42845 0.20267 0.39865 0.19513 0.37879 0.18944 0.36599 0.17515 0.34992 0.15244 0.34072 0.13400 0.33996 0.12783 0.34275 0.11907 0.36157 0.11233 0.38828 0.11168 0.41674 0.11305 0.45772 0.11729 0.47992 0.12808 0.51574 0.13953 0.52768 0.15551 0.53154 0.18516 0.52871 0.19732 0.51762
4 0.51167 0.49347 0.52666 0.50026 0.54867 0.50040 0.56186 0.50018 0.58557 0.49733 0.60061 0.49036 0.61347 0.48374 0.62380 0.47480 0.62643 0.44965 0.62775 0.43937 0.62662 0.42308 0.62506 0.39950 0.62053 0.38007 0.61771 0.36223 0.61030 0.34325 0.60375 0.32505 0.59607 0.30430 0.58179 0.28370 0.56709 0.27414 0.54578 0.26925 0.53277 0.27040 0.50501 0.27571 0.49559 0.28546 0.48998 0.29184 0.48913 0.30477 0.48621 0.33268 0.48485 0.36131 0.48226 0.38187 0.48324 0.40181 0.48806 0.42306 0.49475 0.44215 0.50013 0.46235 0.50512 0.47985 0.51167 0.49347
4 0.47657 0.61896 0.47671 0.60151 0.47704 0.58499 0.47821 0.56465 0.47812 0.54547 0.47613 0.52836 0.47189 0.51533 0.47020 0.50462 0.46647 0.48597 0.46610 0.46956 0.46502 0.49995 0.46261 0.50764 0.45686 0.51313 0.44757 0.51918 0.43438 0.52399 0.41195 0.52573 0.40266 0.52720 0.38560 0.53081 0.38475 0.53004 0.38631 0.53987 0.39116 0.56106 0.40266 0.59218 0.40780 0.60603 0.42477 0.62988 0.43764 0.63701 0.44947 0.64244 0.46266 0.64222 0.47482 0.62654 0.47657 0.61896
4 0.37673 0.52471 0.39628 0.52821 0.41585 0.52391 0.43851 0.52153 0.45087 0.51297 0.46364 0.50702 0.46532 0.49748 0.46635 0.48417 0.46621 0.44989 0.46422 0.42386 0.46218 0.41099 0.45914 0.37853 0.44909 0.35508 0.43883 0.34351 0.41230 0.32268 0.39684 0.31853 0.37999 0.31198 0.36620 0.30490 0.35671 0.30509 0.34951 0.30623 0.33704 0.32684 0.32466 0.34291 0.32209 0.37253 0.31929 0.40068 0.31931 0.43644 0.32987 0.47003 0.33355 0.49201 0.34626 0.51901 0.35841 0.52238 0.37673 0.52471
4 0.11743 0.47627 0.10964 0.45000 0.10979 0.43260 0.10640 0.41576 0.09555 0.40282 0.09127 0.39433 0.07713 0.38378 0.06370 0.37764 0.05771 0.37678 0.04856 0.37913 0.04823 0.40482 0.05262 0.43249 0.06026 0.46699 0.07021 0.50204 0.07403 0.52158 0.08289 0.53574 0.10245 0.53904 0.12007 0.52527 0.12224 0.51117 0.11743 0.47627
4 0.28494 0.61728 0.28927 0.60284 0.29243 0.58587 0.28904 0.55986 0.28536 0.54578 0.27725 0.52234 0.27240 0.51031 0.26283 0.50543 0.24996 0.50288 0.24152 0.49596 0.23256 0.48549 0.22168 0.47714 0.22055 0.48371 0.21565 0.49915 0.20674 0.51245 0.19675 0.52320 0.19586 0.52243 0.19670 0.54149 0.19967 0.56026 0.20580 0.57576 0.21245 0.59944 0.21877 0.60670 0.22932 0.62241 0.24346 0.63296 0.25874 0.63699 0.27175 0.63584 0.28494 0.61728
4 0.29459 0.50679 0.30388 0.49616 0.31122 0.47761 0.31410 0.46341 0.31311 0.44342 0.30759 0.41316 0.30533 0.39891 0.29524 0.37668 0.28794 0.36776 0.27436 0.35616 0.25452 0.34651 0.23925 0.34253 0.22822 0.35158 0.22017 0.36112 0.21243 0.38154 0.20739 0.40525 0.21234 0.43192 0.21772 0.45671 0.22611 0.47734 0.23454 0.49339 0.25180 0.50531 0.27169 0.50584 0.29459 0.50679
4 0.77569 0.47089 0.79256 0.46636 0.80072 0.45318 0.80576 0.43404 0.80354 0.41062 0.80057 0.39185 0.79374 0.35359 0.79077 0.34399 0.78723 0.32621 0.78039 0.29707 0.77615 0.28404 0.76946 0.27412 0.75273 0.27037 0.73784 0.27364 0.73223 0.28460 0.71761 0.31709 0.71041 0.33657 0.71291 0.38468 0.72187 0.40431 0.72328 0.41784 0.72654 0.43380 0.73125 0.44035 0.74666 0.45438 0.76198 0.46299 0.77569 0.47089
4 0.19492 0.64614 0.19582 0.62862 0.20001 0.60872 0.20802 0.59923 0.20892 0.58172 0.20156 0.55357 0.19419 0.53534 0.19500 0.52514 0.17842 0.52791 0.16767 0.52962 0.15839 0.53109 0.14552 0.52854 0.13312 0.51952 0.12082 0.51140 0.12351 0.51465 0.12478 0.54099 0.12860 0.56512 0.13784 0.59569 0.14322 0.61590 0.14563 0.64025 0.14789 0.65455 0.15402 0.66546 0.17315 0.67523 0.18648 0.66672 0.19492 0.64614
4 0.87226 0.43726 0.87343 0.41234 0.86848 0.38109 0.86198 0.35835 0.85887 0.33411 0.85392 0.30744 0.83619 0.28823 0.82620 0.28982 0.81386 0.30462 0.80382 0.31537 0.79665 0.33479 0.79717 0.35209 0.79911 0.39208 0.80307 0.41251 0.81278 0.42744 0.83352 0.44249 0.84822 0.45205 0.86335 0.45514 0.87226 0.43726
4 0.69642 0.48435 0.69944 0.47103 0.70391 0.45753 0.69708 0.44672 0.68393 0.44694 0.64118 0.44092 0.63661 0.43066 0.62549 0.41137 0.63029 0.44627 0.62785 0.46318 0.62036 0.47625 0.60146 0.49572 0.58745 0.49975 0.59231 0.50266 0.59812 0.52556 0.60480 0.54919 0.61037 0.56115 0.62993 0.56903 0.64755 0.56443 0.67055 0.55711 0.67573 0.54803 0.68266 0.51766 0.69025 0.50090 0.69642 0.48435
4 0.36365 0.66062 0.37553 0.65234 0.38274 0.63292 0.38518 0.61601 0.38480 0.59960 0.38711 0.57727 0.38754 0.56622 0.38716 0.54981 0.38103 0.52972 0.37245 0.52650 0.35675 0.51982 0.34662 0.51593 0.34375 0.50722 0.33319 0.49610 0.33178 0.48715 0.33008 0.47644 0.32079 0.47791 0.31363 0.47905 0.30820 0.48172 0.30275 0.49361 0.29629 0.49917 0.28356 0.50668 0.27126 0.50772 0.27197 0.51219 0.27809 0.52311 0.28036 0.53741 0.28532 0.55954 0.28903 0.57814 0.29470 0.59558 0.30653 0.61018 0.31326 0.62468 0.32693 0.64629 0.33848 0.65453 0.34908 0.66111 0.36365 0.66062
4 0.90816 0.35375 0.90449 0.33056 0.90335 0.31422 0.89826 0.29125 0.89011 0.27697 0.87653 0.28723 0.87366 0.29786 0.86805 0.30424 0.86287 0.33619 0.86297 0.36000 0.86764 0.38032 0.88305 0.40810 0.89606 0.41153 0.91552 0.40019 0.91396 0.38578 0.90816 0.35375
4 0.67801 0.71520 0.70464 0.69819 0.72382 0.68049 0.72160 0.64790 0.72306 0.63392 0.70482 0.59747 0.68742 0.57549 0.67027 0.56904 0.64854 0.57067 0.63605 0.57995 0.63148 0.58344 0.61744 0.60123 0.61013 0.61060 0.59652 0.62192 0.59576 0.64491 0.61231 0.67529 0.62616 0.69319 0.64473 0.70400 0.65341 0.71270 0.67159 0.71622 0.67801 0.71520
4 0.81850 0.58858 0.82638 0.57927 0.83341 0.56254 0.82999 0.53840 0.82287 0.51636 0.82098 0.49298 0.81415 0.46843 0.81231 0.45225 0.80934 0.43806 0.80416 0.44714 0.79728 0.45921 0.78756 0.46715 0.76966 0.46998 0.74468 0.45107 0.73511 0.44619 0.73469 0.44349 0.72808 0.46191 0.71961 0.47791 0.70674 0.48912 0.70594 0.52128 0.71820 0.55228 0.73106 0.55941 0.75821 0.57345 0.77707 0.57686 0.79578 0.58397 0.81850 0.58858
4 0.53374 0.61907 0.54792 0.62504 0.56480 0.62055 0.57064 0.61137 0.57597 0.59405 0.57813 0.57996 0.57861 0.55978 0.57549 0.53554 0.57426 0.52289 0.57328 0.50295 0.56597 0.50315 0.54839 0.49863 0.53151 0.49853 0.51837 0.49422 0.50937 0.48834 0.50239 0.47202 0.49800 0.45810 0.49442 0.44950 0.48655 0.45075 0.48329 0.45308 0.48594 0.47462 0.48990 0.49964 0.49230 0.51482 0.49985 0.55302 0.50635 0.57576 0.51393 0.59561 0.52290 0.61072 0.53374 0.61907
4 0.71098 0.43717 0.71941 0.43034 0.72314 0.41237 0.71918 0.39653 0.71550 0.37329 0.71126 0.35567 0.70645 0.32530 0.70320 0.30476 0.69994 0.28423 0.68938 0.26847 0.67524 0.25791 0.65606 0.25728 0.64333 0.26020 0.63259 0.28482 0.63259 0.28023 0.62223 0.31210 0.61587 0.35063 0.61799 0.37317 0.62549 0.40220 0.63505 0.42542 0.64660 0.43820 0.66145 0.44410 0.68463 0.44225 0.69821 0.44010 0.71098 0.43717
