4 0.45687 0.52809 0.45087 0.53077 0.44185 0.54344 0.44062 0.56060 0.43942 0.57508 0.44124 0.59678 0.44484 0.61033 0.44655 0.62459 0.45091 0.63989 0.45745 0.65847 0.46909 0.67049 0.48109 0.67104 0.49164 0.65628 0.49782 0.63552 0.50255 0.61421 0.50145 0.59836 0.50255 0.58525 0.50364 0.55902 0.50320 0.53984 0.50080 0.52716 0.49902 0.51721 0.49240 0.51721 0.48335 0.51268 0.47073 0.51268 0.46531 0.51268 0.46833 0.51361 0.46713 0.51809 0.45687 0.52809
4 0.22822 0.49639 0.22942 0.51809 0.23244 0.53257 0.23785 0.54432 0.24025 0.54612 0.24927 0.54705 0.26251 0.54164 0.26975 0.53710 0.27996 0.52989 0.28600 0.52262 0.28960 0.51087 0.28902 0.49820 0.28720 0.48557 0.28178 0.46388 0.28058 0.45481 0.26975 0.44667 0.26495 0.43945 0.25833 0.43131 0.25051 0.42044 0.24025 0.41322 0.23364 0.41142 0.23004 0.42858 0.22884 0.44760 0.22822 0.47290 0.22822 0.49639
4 0.78844 0.47563 0.78844 0.50454 0.78782 0.51995 0.78484 0.53891 0.77880 0.55339 0.77942 0.55880 0.78422 0.56967 0.79324 0.56967 0.80647 0.56333 0.81251 0.54525 0.81673 0.51541 0.81793 0.48465 0.82091 0.45842 0.82091 0.43765 0.81549 0.43131 0.81131 0.43224 0.80647 0.43585 0.79265 0.43852 0.78542 0.44033 0.78724 0.45027 0.78844 0.46568 0.78844 0.47563
4 0.65665 0.59858 0.65967 0.61213 0.66447 0.63388 0.67171 0.64743 0.67833 0.66459 0.68673 0.67727 0.69756 0.68809 0.70480 0.69355 0.71382 0.69355 0.72524 0.67907 0.72887 0.66191 0.72887 0.64382 0.72887 0.62027 0.72767 0.59858 0.72524 0.58049 0.72404 0.56333 0.72345 0.54705 0.72284 0.54251 0.71622 0.53530 0.70778 0.52535 0.70116 0.52082 0.69396 0.51541 0.68735 0.51541 0.68255 0.51721 0.67109 0.52262 0.66807 0.52355 0.66207 0.52623 0.65545 0.54164 0.65425 0.56607 0.65545 0.57781 0.65665 0.59858
4 0.37022 0.61033 0.37385 0.62661 0.38047 0.64197 0.38767 0.65197 0.39851 0.66279 0.41055 0.66459 0.42200 0.64831 0.43342 0.62393 0.43822 0.61126 0.43942 0.60038 0.44004 0.58596 0.44004 0.57148 0.44004 0.55792 0.43942 0.54612 0.43582 0.54164 0.42738 0.53984 0.41956 0.53984 0.40996 0.53891 0.39309 0.53803 0.38647 0.53710 0.37505 0.53077 0.37145 0.52989 0.36724 0.55246 0.36604 0.56421 0.36724 0.59137 0.37022 0.61033
4 0.52967 0.47650 0.53029 0.50005 0.53691 0.51995 0.55076 0.52623 0.56338 0.52809 0.58564 0.52809 0.60673 0.53530 0.63018 0.53437 0.63680 0.52896 0.64160 0.50814 0.64222 0.48825 0.64160 0.47290 0.64102 0.45574 0.63920 0.43852 0.63738 0.41956 0.63138 0.39694 0.62658 0.38339 0.62295 0.36891 0.61873 0.35716 0.61033 0.34721 0.60673 0.34180 0.59709 0.34000 0.58625 0.33907 0.57844 0.33907 0.57422 0.33907 0.56036 0.35082 0.54295 0.38066 0.53633 0.42044 0.53211 0.44306 0.52967 0.47650
4 0.57782 0.60311 0.58145 0.62208 0.59047 0.64290 0.60011 0.65557 0.61273 0.66459 0.62415 0.66912 0.63920 0.66732 0.64822 0.65284 0.65185 0.63475 0.65604 0.60131 0.65665 0.59224 0.65364 0.57055 0.65004 0.55066 0.64644 0.53710 0.64102 0.53169 0.63378 0.53169 0.62175 0.53530 0.61455 0.53530 0.59589 0.53257 0.58385 0.52989 0.58807 0.53350 0.58265 0.53617 0.57724 0.54978 0.57604 0.57781 0.57782 0.60311
4 0.28480 0.47743 0.28720 0.50005 0.29382 0.51809 0.29982 0.53257 0.31065 0.54164 0.31727 0.54432 0.33713 0.53257 0.34618 0.52716 0.35520 0.51721 0.35640 0.50454 0.35640 0.48738 0.35578 0.46475 0.35880 0.44760 0.36000 0.43311 0.35098 0.41863 0.34255 0.40601 0.32571 0.39060 0.31909 0.38519 0.30400 0.38689 0.29862 0.39787 0.29142 0.42317 0.28600 0.45213 0.28480 0.47743
4 0.26916 0.56694 0.26495 0.59044 0.25953 0.61033 0.26000 0.62568 0.26145 0.64317 0.26545 0.65082 0.27698 0.65557 0.28778 0.64650 0.30465 0.62481 0.31127 0.61033 0.31669 0.59590 0.31847 0.57415 0.31967 0.55158 0.31065 0.53984 0.29924 0.53169 0.29262 0.52896 0.28658 0.53257 0.27938 0.53710 0.27276 0.55158 0.26916 0.56694
4 0.37324 0.38700 0.36662 0.40508 0.36062 0.42770 0.35520 0.45027 0.35338 0.48104 0.35578 0.50093 0.36062 0.51448 0.36964 0.52809 0.37745 0.53530 0.38709 0.53710 0.40393 0.53710 0.41596 0.53710 0.43524 0.53710 0.44305 0.53530 0.46229 0.52623 0.46531 0.51448 0.46953 0.49732 0.46953 0.46929 0.46891 0.45574 0.46833 0.44033 0.46713 0.41683 0.46469 0.40421 0.46171 0.38339 0.45087 0.36984 0.44004 0.36169 0.43400 0.35716 0.42076 0.34995 0.41716 0.34902 0.40753 0.34721 0.39913 0.35175 0.39069 0.35989 0.38105 0.36891 0.37324 0.38700
4 0.64222 0.45842 0.64400 0.48284 0.65004 0.49552 0.65545 0.51448 0.66869 0.52443 0.67291 0.52443 0.68011 0.51809 0.68553 0.50273 0.69036 0.48645 0.69455 0.46929 0.69455 0.44940 0.69516 0.43852 0.69516 0.42044 0.69455 0.40689 0.69516 0.38519 0.69095 0.36891 0.68615 0.36710 0.67651 0.36623 0.66927 0.36623 0.66389 0.36803 0.65905 0.37164 0.65062 0.38792 0.64400 0.41230 0.64342 0.44126 0.64222 0.45842
4 0.50564 0.58322 0.50564 0.60131 0.51164 0.62842 0.51345 0.63656 0.51705 0.65197 0.52247 0.66098 0.53055 0.67104 0.53855 0.67541 0.55055 0.66995 0.55891 0.66120 0.56458 0.64382 0.57000 0.62661 0.57240 0.60945 0.57484 0.59224 0.57604 0.57601 0.57724 0.55973 0.57724 0.54251 0.57542 0.53350 0.57240 0.53257 0.56760 0.53169 0.55978 0.52896 0.54535 0.52443 0.54171 0.52443 0.53571 0.51902 0.53029 0.51628 0.52185 0.51628 0.51767 0.51902 0.51225 0.52896 0.50684 0.54978 0.50564 0.56421 0.50564 0.58322
4 0.31367 0.62754 0.31367 0.64197 0.32269 0.65284 0.32931 0.65465 0.33775 0.65284 0.34978 0.64563 0.35578 0.62574 0.36120 0.60585 0.36182 0.59317 0.36542 0.57869 0.36542 0.56514 0.36662 0.54525 0.36662 0.53169 0.36302 0.52443 0.35578 0.52175 0.34796 0.52443 0.33775 0.52989 0.32931 0.53617 0.32029 0.54251 0.31971 0.54705 0.31909 0.56421 0.31727 0.58776 0.31429 0.61760 0.31367 0.62754
4 0.69156 0.47202 0.69276 0.48918 0.69578 0.50273 0.70902 0.52262 0.72284 0.54251 0.73185 0.55066 0.73549 0.56153 0.74571 0.56607 0.75775 0.56694 0.77160 0.56694 0.78062 0.54885 0.78484 0.52716 0.78604 0.50366 0.78724 0.48284 0.78604 0.46295 0.78542 0.44579 0.78422 0.41956 0.78182 0.40235 0.78000 0.39153 0.76618 0.39060 0.75353 0.38973 0.74873 0.38973 0.74149 0.39607 0.72945 0.40508 0.70720 0.43131 0.69698 0.44940 0.69156 0.47202
