4 0.11690 0.47930 0.11128 0.49920 0.10317 0.52540 0.09383 0.55795 0.08759 0.57875 0.08510 0.59595 0.08324 0.61495 0.08324 0.62850 0.08635 0.64475 0.08945 0.65650 0.09821 0.66285 0.10445 0.66105 0.11690 0.65200 0.12500 0.63935 0.13248 0.62760 0.14059 0.61040 0.14997 0.59515 0.15869 0.57605 0.16379 0.56800 0.16310 0.55050 0.16555 0.53175 0.17241 0.51200 0.17552 0.49555 0.17928 0.48470 0.17738 0.47480 0.16617 0.45670 0.16117 0.45125 0.15807 0.45035 0.15059 0.45215 0.13810 0.45760 0.12876 0.46575 0.11690 0.47930
1 0.11469 0.37025 0.12435 0.36325 0.12469 0.35625 0.12021 0.35175 0.11503 0.35025 0.10779 0.36425 0.10435 0.36925 0.10779 0.37475 0.11469 0.37025
4 0.87221 0.29165 0.87041 0.30340 0.86772 0.31770 0.86683 0.33725 0.86683 0.35155 0.86683 0.36330 0.86503 0.38800 0.86414 0.39715 0.86145 0.41535 0.86145 0.41795 0.86235 0.42450 0.86952 0.43360 0.87400 0.43620 0.88659 0.44140 0.89286 0.44010 0.90276 0.42840 0.90903 0.41275 0.91793 0.39200 0.91965 0.37350 0.92172 0.35300 0.92252 0.32945 0.92252 0.31120 0.92252 0.27995 0.92341 0.27215 0.92341 0.26170 0.92341 0.24610 0.92252 0.24090 0.91710 0.23305 0.91262 0.23305 0.90903 0.23570 0.90186 0.24610 0.89645 0.25520 0.88928 0.26430 0.88210 0.27865 0.87221 0.29165
4 0.34514 0.59050 0.34576 0.61405 0.34890 0.63665 0.35014 0.65745 0.35886 0.67915 0.36259 0.69000 0.36883 0.70085 0.37821 0.70985 0.38755 0.71620 0.39752 0.71980 0.41062 0.71980 0.42372 0.71170 0.43183 0.70175 0.44365 0.68185 0.45114 0.66375 0.45552 0.64930 0.45800 0.61955 0.45800 0.59865 0.45738 0.57605 0.45738 0.55795 0.45738 0.53805 0.45676 0.52360 0.45303 0.51635 0.45052 0.50735 0.44555 0.50735 0.43617 0.50735 0.42497 0.51910 0.41372 0.52540 0.39814 0.52540 0.38069 0.52270 0.35824 0.51725 0.34762 0.51725 0.34576 0.51820 0.34576 0.52995 0.34452 0.54630 0.34390 0.56610 0.34514 0.59050
4 0.77669 0.51915 0.77793 0.54810 0.78165 0.57160 0.78728 0.59060 0.79976 0.61595 0.81472 0.63220 0.83279 0.64940 0.83903 0.65935 0.86024 0.67020 0.87707 0.67020 0.88455 0.66295 0.88579 0.65480 0.88455 0.63490 0.88083 0.60690 0.87345 0.58000 0.86897 0.55100 0.86517 0.53100 0.85759 0.51300 0.85400 0.49205 0.84590 0.47850 0.84090 0.47125 0.83093 0.47035 0.81221 0.46945 0.80038 0.46945 0.79538 0.46490 0.79165 0.46765 0.78479 0.47485 0.77793 0.48755 0.77669 0.50560 0.77669 0.51915
4 0.08945 0.17830 0.08883 0.19365 0.08883 0.22440 0.08883 0.23795 0.08821 0.25425 0.08821 0.26960 0.08883 0.28225 0.08945 0.30395 0.08945 0.31935 0.08945 0.33380 0.09197 0.35640 0.09445 0.37360 0.09569 0.38895 0.09759 0.40160 0.10007 0.40705 0.10445 0.41430 0.11128 0.42060 0.11876 0.42060 0.12562 0.41970 0.13748 0.41430 0.14745 0.40345 0.15183 0.39440 0.15807 0.38355 0.16303 0.37000 0.16493 0.35370 0.16865 0.32655 0.16990 0.30215 0.17052 0.27595 0.17179 0.24520 0.16803 0.21805 0.16303 0.19815 0.15245 0.17645 0.13997 0.15840 0.13062 0.14390 0.12065 0.13035 0.10817 0.12495 0.10379 0.13035 0.09693 0.14845 0.09259 0.15930 0.08945 0.17830
4 0.18548 0.23075 0.17928 0.24520 0.17365 0.26235 0.17179 0.28500 0.16990 0.29855 0.16803 0.31570 0.16679 0.33470 0.16617 0.35190 0.16555 0.36635 0.16493 0.38085 0.16803 0.39530 0.16928 0.40160 0.17303 0.41520 0.17738 0.42785 0.18238 0.43870 0.19172 0.45135 0.20421 0.46040 0.21355 0.46310 0.22665 0.46310 0.23724 0.45680 0.24662 0.45225 0.25224 0.44050 0.25783 0.43055 0.26469 0.40795 0.26655 0.39440 0.26721 0.37000 0.26783 0.35010 0.26969 0.32205 0.27403 0.30305 0.27717 0.28405 0.27779 0.26960 0.27531 0.25245 0.26907 0.23435 0.26097 0.21895 0.24972 0.20180 0.24414 0.18900 0.23538 0.18100 0.22852 0.17465 0.22241 0.17450 0.21355 0.18190 0.20545 0.19910 0.19735 0.21265 0.18548 0.23075
4 0.86086 0.52190 0.86897 0.54180 0.87083 0.56620 0.87397 0.58245 0.87959 0.59330 0.89017 0.60870 0.90138 0.61865 0.90952 0.62495 0.92197 0.63580 0.94131 0.63130 0.94193 0.61500 0.93321 0.57070 0.93007 0.54540 0.92697 0.52190 0.91948 0.50020 0.91386 0.48210 0.90638 0.46310 0.89828 0.45045 0.88083 0.45045 0.86897 0.45135 0.86086 0.45770 0.85214 0.46855 0.84776 0.48030 0.85462 0.49655 0.86086 0.52190
4 0.57838 0.64665 0.58210 0.67380 0.58959 0.70185 0.59521 0.71175 0.60269 0.71900 0.61393 0.72260 0.62638 0.72355 0.64197 0.72260 0.65259 0.71270 0.66255 0.68735 0.66569 0.67560 0.67065 0.65570 0.67503 0.62770 0.67690 0.61140 0.67876 0.59515 0.68065 0.56800 0.68065 0.54990 0.68128 0.53365 0.68314 0.51915 0.68190 0.49930 0.67690 0.49025 0.67003 0.48570 0.65883 0.47940 0.64821 0.47665 0.63700 0.47665 0.62824 0.48845 0.62265 0.49840 0.60893 0.50925 0.59145 0.52010 0.57750 0.52320 0.57648 0.52820 0.57152 0.55080 0.57152 0.56800 0.57338 0.59695 0.57838 0.63130 0.57838 0.64665
4 0.68500 0.61865 0.69624 0.64305 0.70183 0.66925 0.70683 0.68015 0.72493 0.70275 0.73552 0.71270 0.75548 0.71990 0.77345 0.71350 0.78103 0.70185 0.78103 0.67290 0.77979 0.63580 0.77603 0.59515 0.77603 0.56620 0.77603 0.52730 0.77293 0.49930 0.76607 0.47940 0.74862 0.47485 0.74486 0.47485 0.73490 0.47575 0.72055 0.48390 0.69624 0.48755 0.69062 0.49115 0.68814 0.49655 0.68252 0.52460 0.68252 0.55895 0.68314 0.59150 0.68500 0.61865
4 0.77703 0.28255 0.76893 0.30600 0.76714 0.32550 0.76714 0.34895 0.76714 0.37630 0.76714 0.41145 0.77076 0.43230 0.77435 0.44400 0.78421 0.45965 0.79948 0.46875 0.81024 0.47135 0.82731 0.47135 0.84259 0.46095 0.85697 0.44400 0.86324 0.41925 0.86414 0.38280 0.86503 0.34245 0.86683 0.31510 0.86593 0.27995 0.86503 0.25650 0.86235 0.23700 0.85621 0.21900 0.84528 0.19920 0.83448 0.19650 0.82731 0.19400 0.81483 0.20200 0.80310 0.21500 0.78965 0.24200 0.78152 0.26955 0.77703 0.28255
4 0.28090 0.28500 0.27217 0.31480 0.27031 0.32750 0.26783 0.35100 0.26783 0.37000 0.26783 0.39530 0.26969 0.42785 0.27155 0.44140 0.27341 0.46400 0.27655 0.48030 0.28279 0.49115 0.29338 0.50020 0.31397 0.50470 0.32831 0.50830 0.36135 0.51915 0.37072 0.52010 0.38193 0.52100 0.39503 0.52190 0.41624 0.52280 0.42683 0.51555 0.43431 0.50830 0.44179 0.49025 0.44679 0.47125 0.44865 0.45770 0.45052 0.42785 0.45241 0.40345 0.45303 0.37900 0.45241 0.35010 0.45241 0.33380 0.44690 0.30750 0.44552 0.29200 0.44069 0.26850 0.42435 0.24430 0.40128 0.22620 0.37945 0.21625 0.36324 0.21265 0.34014 0.20810 0.32645 0.20995 0.31521 0.21535 0.31083 0.22260 0.30148 0.23435 0.29652 0.24520 0.29028 0.26690 0.28090 0.28500
4 0.63335 0.33725 0.63603 0.36980 0.63962 0.40885 0.64235 0.43490 0.64593 0.45445 0.65221 0.47135 0.66479 0.48305 0.67824 0.48830 0.69621 0.48830 0.70879 0.48570 0.72855 0.47915 0.74379 0.47265 0.75638 0.45965 0.76535 0.44140 0.76714 0.41405 0.76714 0.38670 0.76803 0.35415 0.76803 0.32945 0.76355 0.30600 0.75638 0.28515 0.74469 0.26300 0.72855 0.23830 0.70969 0.22395 0.68552 0.23450 0.67555 0.24480 0.66659 0.25780 0.65669 0.28385 0.64324 0.30470 0.63335 0.33725
4 0.23914 0.51005 0.23790 0.53805 0.23790 0.55885 0.23914 0.59325 0.24038 0.61130 0.24038 0.63210 0.24348 0.65200 0.24476 0.66555 0.24724 0.67640 0.25035 0.68910 0.25597 0.70175 0.26283 0.71350 0.27217 0.71980 0.28403 0.71800 0.29776 0.71350 0.31083 0.69810 0.32021 0.68285 0.33141 0.66285 0.34141 0.63300 0.34390 0.61405 0.34390 0.58690 0.34390 0.56520 0.34390 0.53990 0.34390 0.52540 0.34141 0.51195 0.33393 0.51195 0.31769 0.50460 0.29962 0.50010 0.28965 0.49375 0.28152 0.48470 0.27531 0.47305 0.27469 0.46575 0.27217 0.46210 0.26593 0.46575 0.25097 0.47570 0.24476 0.48925 0.23914 0.51005
4 0.48248 0.25520 0.47352 0.26695 0.46452 0.27995 0.45645 0.30080 0.45376 0.31510 0.45107 0.34895 0.45107 0.38800 0.45017 0.44010 0.45286 0.47655 0.45376 0.48045 0.46272 0.50520 0.47800 0.52345 0.49507 0.52475 0.50672 0.52475 0.51572 0.52475 0.53186 0.52475 0.54624 0.52085 0.55972 0.51955 0.58217 0.51825 0.59835 0.51565 0.61269 0.50780 0.61900 0.50520 0.62528 0.49610 0.63424 0.47525 0.63693 0.46095 0.63783 0.43230 0.63783 0.41275 0.63783 0.38930 0.63783 0.36720 0.63335 0.33725 0.63335 0.31120 0.63245 0.28645 0.62976 0.26300 0.62169 0.24480 0.60103 0.22005 0.57859 0.21095 0.56421 0.20965 0.54714 0.20965 0.53907 0.20965 0.51841 0.21875 0.51662 0.22395 0.50045 0.23440 0.49238 0.24220 0.48248 0.25520
4 0.92241 0.29150 0.92172 0.31100 0.92341 0.32945 0.92252 0.34895 0.92072 0.37370 0.92162 0.38930 0.92700 0.39845 0.93238 0.40625 0.93955 0.40755 0.95035 0.39195 0.95662 0.37240 0.96200 0.35025 0.96290 0.31900 0.96562 0.29950 0.96562 0.26955 0.96562 0.26040 0.96472 0.24480 0.96472 0.22915 0.95931 0.22135 0.95393 0.22395 0.94945 0.23570 0.94497 0.24610 0.93793 0.25650 0.92862 0.27100 0.92241 0.29150
4 0.45990 0.60410 0.45928 0.62395 0.45862 0.64750 0.46238 0.67370 0.46614 0.68545 0.47297 0.70265 0.47921 0.71890 0.49107 0.72345 0.50479 0.73165 0.51852 0.72975 0.53221 0.72885 0.54345 0.71620 0.55531 0.69000 0.55655 0.67825 0.56028 0.65020 0.56341 0.62305 0.56900 0.59685 0.57152 0.56880 0.57276 0.55345 0.56965 0.53265 0.56528 0.52270 0.55655 0.52190 0.54283 0.52360 0.51976 0.52540 0.50228 0.52540 0.48000 0.52650 0.46800 0.51635 0.46548 0.51820 0.46362 0.52450 0.46114 0.54170 0.45990 0.57425 0.45990 0.60410
4 0.16555 0.54350 0.16493 0.56970 0.16555 0.58780 0.16431 0.61040 0.16369 0.62670 0.16369 0.64660 0.16555 0.66375 0.17117 0.68365 0.17428 0.69090 0.17800 0.69630 0.18862 0.69280 0.19735 0.68285 0.20483 0.67280 0.21731 0.65200 0.22228 0.63845 0.23041 0.62215 0.23414 0.60770 0.23724 0.59050 0.23790 0.57695 0.23852 0.55705 0.23852 0.53175 0.24162 0.51005 0.24410 0.49375 0.24662 0.47385 0.24410 0.46755 0.23862 0.45850 0.23035 0.46100 0.21793 0.46500 0.20241 0.45950 0.19424 0.45305 0.19424 0.45490 0.18986 0.46030 0.17865 0.49105 0.17179 0.51275 0.16555 0.54350
