1 0.58379 0.62854 0.58549 0.62600 0.58293 0.61606 0.57769 0.60896 0.57349 0.61302 0.57454 0.62434 0.58379 0.62854
1 0.51986 0.46068 0.51205 0.44910 0.50687 0.44788 0.50487 0.45352 0.50865 0.45966 0.51638 0.47070 0.52299 0.48075 0.52559 0.48276 0.52693 0.47180 0.51986 0.46068
1 0.24506 0.48818 0.25910 0.48766 0.26861 0.49129 0.27449 0.49537 0.27758 0.49319 0.27836 0.48290 0.26945 0.47619 0.25750 0.48006 0.24412 0.48050 0.24054 0.46775 0.23546 0.44798 0.23216 0.44299 0.23331 0.46084 0.23530 0.47979 0.23818 0.49203 0.24506 0.48818
1 0.40511 0.47033 0.40554 0.47687 0.40995 0.47993 0.41535 0.48287 0.42011 0.49428 0.42225 0.48982 0.42038 0.48285 0.41495 0.47392 0.40769 0.46702 0.40511 0.47033
1 0.37377 0.48857 0.37885 0.48075 0.37467 0.47407 0.36730 0.48817 0.36750 0.50074 0.37239 0.49954 0.37377 0.48857
1 0.27879 0.70024 0.26956 0.69921 0.29009 0.73789 0.30537 0.74363 0.32539 0.74333 0.33518 0.73889 0.34823 0.72643 0.33093 0.72424 0.30847 0.72916 0.29438 0.72327 0.28523 0.70814 0.27879 0.70024
4 0.68791 0.86356 0.70864 0.77118 0.72334 0.66526 0.75136 0.60845 0.76571 0.55331 0.76269 0.46385 0.75048 0.40550 0.73805 0.35755 0.71797 0.33656 0.69214 0.32804 0.64639 0.30631 0.60704 0.26430 0.57717 0.24063 0.55741 0.22224 0.53730 0.22471 0.49890 0.23854 0.47663 0.30635 0.46977 0.33969 0.47849 0.48183 0.50252 0.66635 0.51776 0.79593 0.55523 0.88117 0.58794 0.91619 0.62551 0.91938 0.65497 0.90407 0.68791 0.86356
4 1.00000 0.47274 0.97792 0.30465 0.96979 0.30954 0.94089 0.31183 0.89330 0.29812 0.85630 0.29355 0.83852 0.29184 0.80689 0.30094 0.78420 0.32975 0.76311 0.38961 0.76332 0.46245 0.77217 0.60589 0.80022 0.71567 0.85323 0.84458 0.90269 0.89704 0.95629 0.89435 0.99235 0.84963 1.00000 0.82785 1.00000 0.47274
4 0.47944 0.47782 0.47240 0.39664 0.46914 0.34631 0.47422 0.31054 0.48793 0.27371 0.50009 0.24229 0.46760 0.21504 0.43920 0.20941 0.40801 0.21060 0.38167 0.22169 0.35955 0.23742 0.33466 0.23658 0.31224 0.22626 0.28657 0.21904 0.27053 0.22490 0.24785 0.23027 0.22877 0.24694 0.22177 0.27905 0.21386 0.33339 0.22705 0.51792 0.23892 0.62057 0.26417 0.70731 0.28610 0.74366 0.32382 0.75984 0.34641 0.74795 0.37490 0.69503 0.42758 0.58961 0.46405 0.51875 0.47944 0.47782
2 0.62338 0.89487 0.65715 0.87729 0.67577 0.84514 0.68843 0.81228 0.69489 0.78312 0.68999 0.75686 0.66475 0.80320 0.62511 0.82749 0.58240 0.82674 0.55948 0.81018 0.54634 0.79836 0.52218 0.75803 0.52932 0.79595 0.55441 0.84361 0.58293 0.89234 0.62338 0.89487
1 0.72417 0.59572 0.72067 0.57815 0.71313 0.56049 0.71354 0.58029 0.71420 0.59934 0.70870 0.61741 0.70162 0.63087 0.69991 0.64427 0.71251 0.64572 0.72105 0.63868 0.72581 0.62550 0.72782 0.61452 0.72417 0.59572
1 0.66010 0.55800 0.66508 0.56579 0.66998 0.56465 0.67392 0.55571 0.67353 0.54436 0.66722 0.54214 0.65798 0.54627 0.66010 0.55800
