4 0.62672 0.82500 0.64329 0.82646 0.65936 0.82354 0.66764 0.81770 0.66959 0.81112 0.66959 0.80455 0.66959 0.80016 0.66910 0.79431 0.66862 0.78263 0.66862 0.76290 0.66862 0.73878 0.66667 0.72417 0.66375 0.71832 0.65741 0.71248 0.65352 0.71102 0.64329 0.70883 0.63257 0.70663 0.62478 0.70371 0.61893 0.70005 0.61211 0.69275 0.60724 0.68544 0.60140 0.68106 0.59555 0.68252 0.58727 0.68910 0.58337 0.70590 0.58288 0.73221 0.58386 0.75924 0.58581 0.78335 0.58775 0.80162 0.58678 0.80966 0.59360 0.81696 0.60919 0.82208 0.62672 0.82500
1 0.48433 0.45263 0.48834 0.45276 0.48999 0.45224 0.49156 0.45146 0.49322 0.44976 0.49522 0.44727 0.49775 0.44584 0.49879 0.44545 0.49993 0.44257 0.49391 0.44427 0.48711 0.44832 0.48424 0.45159 0.48433 0.45263
2 0.85972 0.35020 0.87197 0.34915 0.88346 0.36639 0.89009 0.38097 0.89274 0.36904 0.88346 0.34053 0.87860 0.33258 0.87064 0.32993 0.86092 0.32661 0.85032 0.33059 0.84298 0.33466 0.84832 0.34366 0.85384 0.35162 0.85972 0.35020
4 0.79058 0.45183 0.79098 0.46157 0.79261 0.46888 0.79342 0.47497 0.79626 0.48349 0.79788 0.48410 0.79910 0.48471 0.80032 0.48654 0.80032 0.49323 0.80032 0.49567 0.79991 0.50907 0.79991 0.51759 0.79991 0.52429 0.80032 0.53220 0.80154 0.53890 0.80357 0.54682 0.80722 0.55656 0.81331 0.56448 0.82102 0.56996 0.83320 0.57179 0.84538 0.57300 0.86040 0.56935 0.87704 0.56265 0.88435 0.54499 0.88841 0.52246 0.89044 0.50176 0.89287 0.46705 0.89125 0.42747 0.89287 0.40068 0.89287 0.38120 0.89165 0.36171 0.88760 0.35014 0.88151 0.33675 0.87582 0.33005 0.86446 0.32700 0.85025 0.32579 0.83442 0.33309 0.82183 0.34223 0.80884 0.36354 0.79788 0.38607 0.79261 0.39642 0.78814 0.41043 0.78895 0.42017 0.78936 0.43478 0.78976 0.44087 0.79058 0.45183
4 0.44121 0.66798 0.44615 0.66622 0.44990 0.66693 0.45272 0.66693 0.45554 0.66552 0.45742 0.66270 0.46024 0.66094 0.46235 0.66058 0.46776 0.66199 0.47011 0.66340 0.47387 0.66869 0.47903 0.68032 0.48397 0.67891 0.48725 0.67609 0.49172 0.67151 0.49665 0.66834 0.50229 0.66552 0.50605 0.66235 0.50581 0.65671 0.50394 0.64931 0.50112 0.64367 0.49712 0.63874 0.49266 0.63592 0.48819 0.63415 0.48303 0.63240 0.47645 0.63204 0.47152 0.63098 0.46588 0.63028 0.46118 0.62957 0.45625 0.62817 0.45319 0.62570 0.44967 0.62358 0.44568 0.62288 0.44192 0.62323 0.43839 0.62358 0.43040 0.62535 0.42430 0.62746 0.41772 0.63098 0.41537 0.63345 0.40809 0.63909 0.40034 0.65177 0.39282 0.67151 0.39024 0.68772 0.38742 0.70815 0.39117 0.71098 0.39940 0.71485 0.41020 0.71873 0.41467 0.71802 0.41748 0.70957 0.41983 0.69864 0.42336 0.68701 0.42876 0.67715 0.43534 0.67151 0.44121 0.66798
1 0.77705 0.46463 0.77293 0.46658 0.76816 0.45422 0.76166 0.44511 0.75862 0.44576 0.76144 0.45649 0.76470 0.46430 0.76665 0.46885 0.77077 0.47731 0.77315 0.49065 0.77619 0.48870 0.77727 0.47145 0.77705 0.46463
4 0.40729 0.41335 0.40688 0.42248 0.40810 0.44257 0.41095 0.46632 0.41338 0.48093 0.41703 0.50286 0.42231 0.52538 0.42556 0.53817 0.42921 0.54365 0.44058 0.54609 0.44992 0.54487 0.45966 0.53817 0.46331 0.53026 0.46493 0.52173 0.46128 0.47911 0.45884 0.44927 0.45925 0.43466 0.46047 0.42248 0.45316 0.41030 0.44180 0.39691 0.43286 0.38107 0.43043 0.37438 0.42596 0.36890 0.41785 0.36464 0.41460 0.36707 0.41216 0.37499 0.41095 0.38595 0.40932 0.39691 0.40729 0.41335
4 0.89575 0.47437 0.90421 0.48655 0.91132 0.50481 0.91876 0.52359 0.92992 0.54541 0.94142 0.54947 0.95259 0.54744 0.96104 0.54186 0.97187 0.53526 0.97660 0.52105 0.98134 0.50075 0.98438 0.47437 0.98709 0.45255 0.99047 0.42616 0.99589 0.37694 0.99825 0.35918 0.99961 0.32671 0.99521 0.31504 0.98878 0.30793 0.98202 0.30438 0.97728 0.30337 0.97221 0.30438 0.96713 0.30692 0.96172 0.30997 0.95495 0.31808 0.94751 0.33026 0.94311 0.34193 0.93533 0.35513 0.92992 0.36832 0.92248 0.38050 0.91504 0.38659 0.90895 0.39014 0.90590 0.39572 0.90218 0.40029 0.89948 0.40536 0.89542 0.40942 0.89203 0.41703 0.89339 0.46676 0.89575 0.47437
4 0.56944 0.80557 0.58405 0.81214 0.58551 0.80337 0.58503 0.79095 0.58405 0.77634 0.58405 0.75369 0.58356 0.74127 0.58210 0.72373 0.58210 0.70692 0.58551 0.69085 0.58844 0.68427 0.59769 0.68135 0.59915 0.67039 0.59769 0.66966 0.58941 0.66089 0.57626 0.65797 0.56262 0.65724 0.55093 0.65870 0.53972 0.66162 0.53047 0.66966 0.52462 0.67551 0.52024 0.68720 0.51927 0.70839 0.52170 0.75077 0.52608 0.78511 0.53339 0.78949 0.54411 0.79461 0.56944 0.80557
4 0.52149 0.78828 0.52262 0.78406 0.52262 0.77687 0.52177 0.76883 0.52121 0.76122 0.52121 0.74558 0.52008 0.72528 0.51980 0.71090 0.51980 0.69441 0.52093 0.68384 0.52290 0.67707 0.52206 0.67031 0.52093 0.66735 0.50965 0.66693 0.50373 0.66819 0.49612 0.67031 0.48851 0.67454 0.48062 0.68088 0.47385 0.69145 0.46793 0.70498 0.46258 0.72274 0.45947 0.74220 0.45807 0.75573 0.46314 0.76334 0.48034 0.77222 0.52149 0.78828
4 0.45864 0.44358 0.45922 0.46025 0.46059 0.47601 0.46155 0.48976 0.46373 0.50697 0.46487 0.52248 0.46682 0.53390 0.46799 0.54091 0.47091 0.54091 0.47793 0.53828 0.48494 0.53478 0.49020 0.53039 0.50072 0.51198 0.50657 0.50058 0.51417 0.49006 0.52352 0.47778 0.53170 0.46200 0.53814 0.44709 0.54749 0.43569 0.55801 0.42517 0.56444 0.40764 0.56736 0.39536 0.56853 0.38747 0.56152 0.38484 0.54807 0.38659 0.52878 0.38308 0.51008 0.37958 0.48436 0.37607 0.46974 0.37519 0.46565 0.37607 0.46507 0.38835 0.46331 0.40237 0.45981 0.42517 0.45864 0.44358
2 0.80039 0.48144 0.80082 0.48697 0.80082 0.50811 0.80082 0.52991 0.80472 0.51299 0.80733 0.49933 0.81318 0.48925 0.82055 0.48242 0.82684 0.47331 0.82814 0.45705 0.82424 0.45705 0.81231 0.46063 0.80126 0.46063 0.79649 0.47331 0.79757 0.47884 0.80039 0.48144
4 0.84383 0.77694 0.86040 0.77035 0.87495 0.76426 0.89085 0.75614 0.90506 0.74904 0.91960 0.74092 0.91927 0.73432 0.91690 0.72417 0.91318 0.71352 0.91047 0.70793 0.90573 0.70185 0.90134 0.69779 0.89491 0.69373 0.89017 0.69119 0.88510 0.68865 0.88003 0.68713 0.87258 0.68358 0.86582 0.68104 0.85804 0.67749 0.85026 0.67800 0.84112 0.68155 0.83402 0.68967 0.82793 0.69677 0.81981 0.70692 0.81507 0.71757 0.81102 0.73331 0.81102 0.75005 0.81034 0.76528 0.80966 0.77999 0.81169 0.78912 0.82015 0.79014 0.82895 0.78506 0.84383 0.77694
2 0.40042 0.67037 0.41423 0.67820 0.42252 0.68234 0.42313 0.68833 0.42835 0.67866 0.43940 0.67083 0.45044 0.66485 0.45321 0.67083 0.45934 0.66070 0.47100 0.66439 0.47469 0.67175 0.47991 0.68004 0.48696 0.67267 0.48911 0.66439 0.49034 0.65702 0.49402 0.64782 0.49034 0.64045 0.48420 0.63999 0.47837 0.64413 0.47193 0.64275 0.46057 0.63446 0.45382 0.62572 0.44277 0.62157 0.43786 0.62480 0.43265 0.62940 0.42589 0.64229 0.40656 0.65334 0.39888 0.66024 0.40042 0.67037
4 0.72210 0.76828 0.72413 0.78046 0.72575 0.79202 0.72697 0.80116 0.72778 0.81090 0.72818 0.81455 0.74280 0.81212 0.75132 0.80847 0.75619 0.80603 0.76634 0.80359 0.77446 0.80177 0.78339 0.79994 0.78989 0.79933 0.80044 0.79872 0.80450 0.79629 0.80653 0.78776 0.80694 0.76950 0.80734 0.75427 0.80897 0.73844 0.81059 0.72261 0.81018 0.70617 0.81018 0.69460 0.80653 0.69156 0.80206 0.68973 0.79760 0.69095 0.79110 0.68668 0.78217 0.68364 0.76837 0.68303 0.74442 0.68790 0.72656 0.69216 0.71804 0.69460 0.71479 0.69704 0.71276 0.70495 0.71438 0.71957 0.71641 0.73296 0.72007 0.75184 0.72210 0.76828
2 0.41799 0.70605 0.41645 0.71641 0.42029 0.71641 0.42541 0.72178 0.43257 0.71871 0.44305 0.72139 0.45328 0.71832 0.45789 0.71372 0.46428 0.70375 0.46351 0.69722 0.46172 0.69607 0.46607 0.68572 0.46684 0.67689 0.47016 0.66884 0.46760 0.66193 0.46420 0.65966 0.46096 0.66137 0.45858 0.66212 0.45324 0.67130 0.45079 0.66563 0.44817 0.66462 0.44050 0.66807 0.43461 0.67229 0.42796 0.67920 0.42362 0.69224 0.41799 0.70605
1 0.81533 0.48172 0.81679 0.47953 0.81543 0.47670 0.81313 0.47216 0.81062 0.46870 0.80749 0.46918 0.80456 0.46902 0.80153 0.47263 0.80309 0.48016 0.80937 0.48423 0.81324 0.48392 0.81533 0.48172
4 0.42725 0.73467 0.43543 0.73974 0.44417 0.74270 0.45093 0.74820 0.45657 0.75539 0.45742 0.75454 0.45854 0.74651 0.45995 0.73763 0.46193 0.72579 0.46503 0.71310 0.46897 0.70380 0.47377 0.69238 0.47659 0.68519 0.47659 0.68266 0.47630 0.67843 0.47518 0.67378 0.47349 0.66870 0.47236 0.66574 0.47010 0.66447 0.46728 0.66194 0.46221 0.66109 0.46108 0.66109 0.46024 0.66194 0.45657 0.66532 0.45432 0.66743 0.45347 0.66828 0.45319 0.66828 0.45234 0.66828 0.45150 0.66659 0.44811 0.66574 0.44332 0.66743 0.43571 0.67251 0.43176 0.67589 0.42810 0.67970 0.42387 0.68815 0.42021 0.69746 0.41823 0.70803 0.41710 0.71733 0.42161 0.72621 0.42387 0.72960 0.42725 0.73467
1 0.50646 0.43865 0.50515 0.44152 0.50611 0.44453 0.50890 0.44505 0.51108 0.44531 0.51274 0.44662 0.51413 0.44806 0.51535 0.44937 0.51666 0.44950 0.51744 0.44937 0.51822 0.44688 0.51858 0.44518 0.51858 0.44309 0.51457 0.43943 0.51169 0.43786 0.50890 0.43747 0.50646 0.43865
1 0.51918 0.46989 0.52075 0.46610 0.52250 0.46270 0.52337 0.45995 0.52328 0.45629 0.52206 0.45512 0.52049 0.45839 0.51901 0.45839 0.51762 0.45642 0.51622 0.45472 0.51535 0.45446 0.51326 0.45577 0.51378 0.46022 0.51439 0.46479 0.51692 0.46701 0.51918 0.46989
2 0.47839 0.51478 0.48099 0.52649 0.48273 0.53235 0.48815 0.53105 0.49205 0.52096 0.50073 0.50958 0.50875 0.49592 0.52155 0.47965 0.52935 0.46502 0.52957 0.45688 0.52501 0.44810 0.51938 0.43997 0.50853 0.43509 0.50029 0.43835 0.48360 0.44713 0.47297 0.46534 0.47579 0.49819 0.47839 0.51478
4 0.63932 0.52506 0.63932 0.53832 0.65037 0.54440 0.67025 0.54992 0.69456 0.54992 0.72034 0.55268 0.73728 0.55378 0.75496 0.55434 0.76490 0.55102 0.77337 0.53556 0.77668 0.48584 0.77890 0.43391 0.77226 0.40022 0.77263 0.38088 0.75753 0.35437 0.70598 0.36320 0.65957 0.36818 0.65479 0.38641 0.64632 0.43612 0.64042 0.47645 0.63932 0.52506
