4 0.71914 0.76615 0.71764 0.76048 0.71513 0.74905 0.71171 0.72962 0.70752 0.70587 0.70306 0.69182 0.69917 0.68657 0.69192 0.68191 0.68783 0.68115 0.67737 0.68077 0.66644 0.68047 0.65825 0.67895 0.65186 0.67636 0.64388 0.67035 0.63781 0.66400 0.63130 0.66070 0.62579 0.66316 0.61878 0.67107 0.61786 0.68830 0.62195 0.71429 0.62760 0.74074 0.63371 0.76415 0.63880 0.78180 0.63923 0.78988 0.64722 0.79590 0.66346 0.79823 0.68124 0.79806 0.69780 0.79662 0.71312 0.79095 0.72026 0.78376 0.72104 0.77694 0.71990 0.77047 0.71914 0.76615
1 0.48838 0.44705 0.48934 0.44648 0.48995 0.44345 0.48433 0.44617 0.47834 0.45134 0.47607 0.45506 0.47634 0.45607 0.48031 0.45551 0.48185 0.45471 0.48326 0.45366 0.48459 0.45170 0.48614 0.44890 0.48838 0.44705
2 0.84377 0.26938 0.83548 0.26815 0.82533 0.26657 0.81558 0.27233 0.80906 0.27762 0.81588 0.28555 0.82270 0.29243 0.82825 0.29001 0.84013 0.28685 0.85443 0.30183 0.86350 0.31504 0.86403 0.30283 0.84994 0.27637 0.84377 0.26938
4 0.79190 0.43300 0.79342 0.43459 0.79458 0.44119 0.79501 0.44359 0.79693 0.45685 0.79841 0.46525 0.79958 0.47184 0.80135 0.47957 0.80371 0.48595 0.80708 0.49340 0.81237 0.50235 0.81975 0.50909 0.82829 0.51315 0.84060 0.51283 0.85281 0.51192 0.86696 0.50571 0.88219 0.49623 0.88632 0.47757 0.88641 0.45468 0.88481 0.43393 0.88118 0.39933 0.87271 0.36064 0.86966 0.33397 0.86627 0.31478 0.86169 0.29580 0.85569 0.28511 0.84736 0.27298 0.84060 0.26737 0.82888 0.26635 0.81468 0.26761 0.80035 0.27756 0.78955 0.28874 0.78046 0.31198 0.77357 0.33607 0.77017 0.34718 0.76821 0.36175 0.77070 0.37120 0.77364 0.38552 0.77509 0.39145 0.77780 0.40210 0.77989 0.41163 0.78276 0.41854 0.78461 0.42440 0.78889 0.43230 0.79060 0.43262 0.79190 0.43300
4 0.48879 0.66540 0.49081 0.66468 0.49638 0.66513 0.49893 0.66611 0.50355 0.67066 0.51066 0.68122 0.51528 0.67897 0.51803 0.67563 0.52163 0.67034 0.52594 0.66636 0.53100 0.66261 0.53415 0.65883 0.53294 0.65332 0.52980 0.64636 0.52605 0.64130 0.52126 0.63713 0.51637 0.63513 0.51167 0.63417 0.50628 0.63333 0.49974 0.63413 0.49469 0.63394 0.48902 0.63423 0.48427 0.63435 0.47917 0.63382 0.47573 0.63192 0.47189 0.63045 0.46784 0.63045 0.46420 0.63145 0.46079 0.63240 0.45323 0.63553 0.44758 0.63867 0.44172 0.64328 0.43983 0.64612 0.43364 0.65294 0.42820 0.66678 0.42423 0.68751 0.42450 0.70393 0.42527 0.72454 0.42946 0.72667 0.43823 0.72905 0.44955 0.73100 0.45382 0.72953 0.45513 0.72071 0.45555 0.70954 0.45700 0.69748 0.46060 0.68683 0.46610 0.68013 0.47127 0.67564 0.47583 0.67305 0.47965 0.67309 0.48243 0.67260 0.48496 0.67072 0.48632 0.66762 0.48879 0.66540
1 0.75448 0.41888 0.75719 0.42302 0.76271 0.43064 0.76738 0.44336 0.77003 0.44091 0.76810 0.42374 0.76670 0.41705 0.76298 0.41969 0.75614 0.40835 0.74815 0.40051 0.74528 0.40168 0.74992 0.41175 0.75448 0.41888
4 0.42790 0.53849 0.43332 0.55052 0.43787 0.55528 0.44948 0.55571 0.45847 0.55289 0.46690 0.54460 0.46912 0.53617 0.46924 0.52749 0.45824 0.48615 0.45066 0.45719 0.44852 0.44273 0.44761 0.43052 0.43830 0.41980 0.42478 0.40858 0.41323 0.39454 0.40967 0.38837 0.40432 0.38375 0.39559 0.38096 0.39281 0.38392 0.39179 0.39214 0.39249 0.40314 0.39280 0.41422 0.39365 0.43076 0.39484 0.43983 0.39953 0.45940 0.40645 0.48230 0.41138 0.49627 0.41879 0.51722 0.42790 0.53849
4 0.95395 0.46813 0.96131 0.46116 0.97082 0.45279 0.97302 0.43797 0.97416 0.41716 0.97257 0.39065 0.97145 0.36869 0.97020 0.34212 0.96698 0.29270 0.96623 0.27480 0.96192 0.24259 0.95557 0.23186 0.94800 0.22597 0.94072 0.22365 0.93588 0.22348 0.93106 0.22536 0.92651 0.22874 0.92171 0.23268 0.91645 0.24185 0.91124 0.25513 0.90893 0.26739 0.90356 0.28173 0.90052 0.29566 0.89531 0.30895 0.88904 0.31624 0.88366 0.32080 0.88163 0.32682 0.87876 0.33196 0.87697 0.33743 0.87368 0.34213 0.87167 0.35022 0.88164 0.39895 0.88529 0.40604 0.89574 0.41656 0.90590 0.43332 0.91649 0.45051 0.93127 0.47006 0.94331 0.47206 0.95395 0.46813
4 0.62419 0.72309 0.61971 0.70607 0.61679 0.68952 0.61735 0.67310 0.61909 0.66612 0.62770 0.66163 0.62723 0.65058 0.62567 0.65012 0.61599 0.64292 0.60253 0.64233 0.58897 0.64397 0.57771 0.64744 0.56719 0.65227 0.55947 0.66179 0.55473 0.66856 0.55244 0.68084 0.55516 0.70188 0.56492 0.74319 0.57520 0.77625 0.58315 0.77929 0.59460 0.78247 0.62145 0.78887 0.63698 0.79281 0.63689 0.78392 0.63426 0.77177 0.63076 0.75755 0.62683 0.73524 0.62419 0.72309
4 0.55890 0.71837 0.55612 0.70426 0.55326 0.68802 0.55253 0.67742 0.55330 0.67041 0.55130 0.66389 0.54967 0.66117 0.53849 0.66272 0.53288 0.66499 0.52575 0.66840 0.51899 0.67388 0.51232 0.68150 0.50750 0.69308 0.50401 0.70744 0.50182 0.72586 0.50215 0.74555 0.50311 0.75912 0.50943 0.76574 0.52790 0.77150 0.57123 0.78017 0.57160 0.77581 0.57035 0.76873 0.56813 0.76097 0.56625 0.75357 0.56353 0.73816 0.55890 0.71837
4 0.47321 0.53914 0.47558 0.54585 0.47846 0.54534 0.48491 0.54153 0.49121 0.53686 0.49563 0.53163 0.50279 0.51167 0.50657 0.49943 0.51223 0.48775 0.51931 0.47403 0.52463 0.45707 0.52837 0.44127 0.53560 0.42843 0.54414 0.41623 0.54742 0.39785 0.54817 0.38525 0.54795 0.37728 0.54059 0.37590 0.52765 0.37997 0.50804 0.37986 0.48901 0.37966 0.46308 0.38067 0.44853 0.38234 0.44465 0.38392 0.44621 0.39611 0.44692 0.41023 0.44742 0.43329 0.44947 0.45163 0.45294 0.46793 0.45702 0.48322 0.46036 0.49659 0.46550 0.51317 0.46931 0.52824 0.47321 0.53914
2 0.80656 0.43503 0.81263 0.42702 0.81724 0.41696 0.81570 0.40072 0.81185 0.40140 0.80073 0.40699 0.78984 0.40891 0.78735 0.42223 0.78937 0.42749 0.79260 0.42956 0.79399 0.43493 0.79766 0.45575 0.80145 0.47722 0.80235 0.45988 0.80254 0.44597 0.80656 0.43503
4 0.95358 0.65796 0.94949 0.64837 0.94398 0.63853 0.94034 0.63350 0.93462 0.62833 0.92958 0.62509 0.92255 0.62221 0.91745 0.62053 0.91201 0.61892 0.90675 0.61830 0.89880 0.61609 0.89170 0.61477 0.88342 0.61262 0.87584 0.61447 0.86747 0.61955 0.86188 0.62878 0.85712 0.63684 0.85088 0.64824 0.84807 0.65956 0.84680 0.67575 0.84971 0.69225 0.85169 0.70735 0.85358 0.72196 0.85716 0.73061 0.86567 0.73014 0.87345 0.72361 0.88670 0.71303 0.90188 0.70366 0.91514 0.69514 0.92939 0.68438 0.94215 0.67492 0.95506 0.66439 0.95358 0.65796
2 0.47982 0.67095 0.48358 0.67636 0.48787 0.66532 0.49999 0.66692 0.50490 0.67354 0.51147 0.68079 0.51715 0.67231 0.51782 0.66378 0.51775 0.65631 0.51978 0.64661 0.51487 0.63999 0.50875 0.64060 0.50373 0.64570 0.49714 0.64546 0.48452 0.63927 0.47635 0.63183 0.46475 0.62966 0.46048 0.63369 0.45614 0.63913 0.45172 0.65300 0.43460 0.66724 0.42825 0.67537 0.43152 0.68507 0.44648 0.69038 0.45536 0.69303 0.45700 0.69881 0.46046 0.68839 0.46998 0.67876 0.47982 0.67095
4 0.79331 0.76522 0.80107 0.76014 0.80544 0.75689 0.81501 0.75273 0.82269 0.74952 0.83117 0.74618 0.83746 0.74445 0.84775 0.74201 0.85132 0.73891 0.85184 0.73016 0.84907 0.71210 0.84683 0.69704 0.84568 0.68117 0.84453 0.66530 0.84127 0.64917 0.83926 0.63778 0.83514 0.63542 0.83042 0.63439 0.82624 0.63637 0.81910 0.63330 0.80978 0.63185 0.79608 0.63365 0.77334 0.64260 0.75649 0.64990 0.74852 0.65378 0.74574 0.65675 0.74512 0.66489 0.74925 0.67900 0.75358 0.69184 0.76045 0.70980 0.76531 0.72564 0.76942 0.73728 0.77303 0.74839 0.77581 0.75717 0.77830 0.76662 0.77934 0.77015 0.79331 0.76522
2 0.49190 0.72312 0.49564 0.71779 0.50020 0.70685 0.49831 0.70056 0.49635 0.69974 0.49884 0.68879 0.49806 0.67996 0.49993 0.67145 0.49622 0.66510 0.49247 0.66346 0.48957 0.66570 0.48737 0.66685 0.48370 0.67681 0.48030 0.67165 0.47754 0.67112 0.47058 0.67585 0.46552 0.68102 0.46018 0.68898 0.45816 0.70258 0.45502 0.71716 0.45530 0.72763 0.45908 0.72696 0.46505 0.73136 0.47157 0.72709 0.48236 0.72792 0.49190 0.72312
1 0.79455 0.41660 0.79219 0.42068 0.79504 0.42783 0.80193 0.43075 0.80569 0.42977 0.80737 0.42725 0.80843 0.42483 0.80660 0.42228 0.80354 0.41820 0.80047 0.41524 0.79746 0.41625 0.79455 0.41660
4 0.50198 0.74996 0.50182 0.74097 0.50171 0.72897 0.50256 0.71594 0.50483 0.70609 0.50757 0.69402 0.50910 0.68645 0.50866 0.68395 0.50765 0.67983 0.50573 0.67545 0.50318 0.67075 0.50156 0.66802 0.49912 0.66717 0.49590 0.66516 0.49076 0.66521 0.48965 0.66540 0.48896 0.66638 0.48594 0.67035 0.48408 0.67282 0.48340 0.67380 0.48312 0.67385 0.48229 0.67400 0.48116 0.67248 0.47768 0.67224 0.47326 0.67473 0.46664 0.68105 0.46334 0.68507 0.46039 0.68945 0.45770 0.69852 0.45571 0.70831 0.45560 0.71907 0.45610 0.72842 0.46209 0.73639 0.46490 0.73933 0.46911 0.74373 0.47804 0.74731 0.48716 0.74871 0.49478 0.75295 0.50158 0.75905 0.50227 0.75807 0.50198 0.74996
1 0.50490 0.44639 0.50633 0.44747 0.50763 0.44737 0.50838 0.44711 0.50872 0.44453 0.50877 0.44279 0.50841 0.44073 0.50383 0.43782 0.50072 0.43678 0.49791 0.43688 0.49571 0.43846 0.49492 0.44152 0.49639 0.44431 0.49923 0.44434 0.50142 0.44422 0.50327 0.44522 0.50490 0.44639
1 0.51295 0.45546 0.51150 0.45572 0.50978 0.45403 0.50811 0.45260 0.50721 0.45249 0.50538 0.45414 0.50666 0.45843 0.50806 0.46283 0.51093 0.46458 0.51366 0.46702 0.51455 0.46301 0.51568 0.45936 0.51606 0.45650 0.51534 0.45291 0.51393 0.45197 0.51295 0.45546
2 0.50791 0.49446 0.51768 0.47622 0.52283 0.46045 0.52163 0.45240 0.51562 0.44455 0.50866 0.43752 0.49713 0.43459 0.48958 0.43923 0.47466 0.45078 0.46736 0.47056 0.47584 0.50243 0.48129 0.51831 0.48588 0.52939 0.48861 0.53485 0.49372 0.53263 0.49581 0.52202 0.50238 0.50931 0.50791 0.49446
4 0.74301 0.51176 0.76052 0.50924 0.76974 0.50425 0.77539 0.48755 0.77002 0.43801 0.76318 0.38649 0.75080 0.35445 0.74781 0.33535 0.72833 0.31186 0.67909 0.32951 0.63426 0.34247 0.63271 0.36125 0.63300 0.41169 0.63420 0.45242 0.64155 0.50049 0.64386 0.51354 0.65579 0.51761 0.67633 0.51960 0.70027 0.51537 0.72614 0.51362 0.74301 0.51176
