4 0.70670 0.71456 0.71343 0.69459 0.73678 0.60486 0.74047 0.58585 0.74281 0.56977 0.74228 0.54718 0.73703 0.53163 0.72805 0.51688 0.72368 0.52238 0.71474 0.53597 0.69764 0.55107 0.68745 0.55373 0.67448 0.54776 0.66906 0.55141 0.66135 0.57599 0.65383 0.59633 0.64681 0.63602 0.64853 0.66315 0.65461 0.68315 0.66113 0.70273 0.67227 0.71900 0.68344 0.72512 0.69581 0.72722 0.70670 0.71456
4 0.84802 0.65793 0.85045 0.63812 0.85125 0.61421 0.85132 0.59551 0.85094 0.57885 0.84718 0.57643 0.83744 0.59041 0.83215 0.59356 0.82678 0.59030 0.81672 0.58065 0.80734 0.57201 0.80741 0.57922 0.80466 0.60056 0.80418 0.62293 0.80134 0.64801 0.80959 0.67117 0.81695 0.68343 0.82577 0.69387 0.83671 0.69940 0.83985 0.69471 0.84148 0.68702 0.84475 0.67329 0.84802 0.65793
4 0.17234 0.59374 0.18147 0.57589 0.19330 0.55540 0.20394 0.54055 0.21438 0.52834 0.21635 0.52072 0.22075 0.47992 0.22406 0.47100 0.22691 0.45931 0.23195 0.45235 0.23583 0.44248 0.23277 0.44183 0.22844 0.44739 0.21810 0.45049 0.20862 0.45483 0.19779 0.44883 0.19737 0.43911 0.19318 0.42699 0.19103 0.41531 0.18895 0.41166 0.18560 0.41737 0.18127 0.42767 0.17376 0.44961 0.16695 0.47491 0.16066 0.49445 0.15341 0.51859 0.14625 0.54219 0.14226 0.56596 0.14460 0.58679 0.15552 0.60248 0.17234 0.59374
4 0.64278 0.53335 0.66869 0.54657 0.67525 0.54952 0.69194 0.55307 0.70638 0.54303 0.71412 0.53312 0.72423 0.51448 0.73285 0.49087 0.73741 0.47183 0.74305 0.44528 0.74458 0.43329 0.74613 0.40665 0.74485 0.39096 0.73852 0.37731 0.73173 0.36585 0.71741 0.35356 0.71005 0.35200 0.69925 0.34970 0.68228 0.36920 0.66800 0.37849 0.65713 0.38620 0.64715 0.40179 0.63809 0.42992 0.63164 0.45550 0.62238 0.47972 0.61895 0.49825 0.62764 0.52014 0.64278 0.53335
4 0.80465 0.61233 0.80596 0.58266 0.80465 0.56206 0.80255 0.55679 0.79535 0.57398 0.78727 0.58349 0.77753 0.59048 0.76705 0.58662 0.75317 0.57465 0.74640 0.56626 0.74462 0.56800 0.73935 0.58936 0.73573 0.61480 0.73420 0.65888 0.73738 0.68416 0.74989 0.70234 0.76232 0.70925 0.78408 0.70907 0.79325 0.68266 0.79906 0.64699 0.80465 0.61233
4 0.40490 0.66978 0.41532 0.66263 0.42295 0.65043 0.43188 0.63360 0.44984 0.61335 0.45491 0.61042 0.46191 0.59986 0.46723 0.58181 0.47069 0.56695 0.47649 0.53966 0.47842 0.52492 0.48114 0.51212 0.48190 0.50024 0.48129 0.48762 0.47699 0.48002 0.47330 0.47923 0.46642 0.48090 0.45472 0.48688 0.44027 0.48649 0.42025 0.48446 0.40971 0.48222 0.40196 0.47967 0.39523 0.47646 0.39090 0.47867 0.38681 0.49653 0.38290 0.53314 0.38090 0.56077 0.37803 0.58113 0.37590 0.60655 0.38079 0.63656 0.38451 0.65117 0.38846 0.66182 0.39439 0.66754 0.40490 0.66978
4 0.88644 0.61794 0.88136 0.60670 0.87828 0.59267 0.87701 0.59026 0.86791 0.58779 0.85743 0.58182 0.85215 0.57481 0.85310 0.57877 0.85202 0.61062 0.84996 0.63374 0.85243 0.65727 0.85968 0.66844 0.86674 0.67207 0.88058 0.67233 0.88571 0.66326 0.88867 0.65267 0.88660 0.63564 0.88644 0.61794
4 0.25033 0.42761 0.25936 0.41411 0.26767 0.37738 0.27138 0.35273 0.27019 0.32937 0.26835 0.30663 0.26477 0.28970 0.25395 0.26583 0.23999 0.25670 0.23145 0.25102 0.22165 0.25579 0.21544 0.26844 0.20733 0.29213 0.19918 0.33045 0.19385 0.37246 0.19107 0.40961 0.19310 0.43624 0.20255 0.45211 0.21124 0.45473 0.23301 0.44395 0.25033 0.42761
4 0.47440 0.62748 0.48159 0.63838 0.49068 0.65145 0.49814 0.66105 0.50585 0.66805 0.51302 0.66644 0.52409 0.65765 0.53343 0.64717 0.54276 0.63265 0.55119 0.61393 0.55810 0.59534 0.56975 0.54476 0.57068 0.53203 0.57084 0.51870 0.56236 0.50976 0.55695 0.50728 0.54520 0.50388 0.53230 0.49891 0.52091 0.49248 0.51264 0.48672 0.51054 0.48537 0.50235 0.48764 0.49736 0.48881 0.49097 0.49370 0.48288 0.50937 0.47677 0.53258 0.47275 0.55847 0.46984 0.58194 0.46866 0.59862 0.46925 0.61124 0.47440 0.62748
4 0.83515 0.59351 0.84984 0.57506 0.85827 0.54990 0.86848 0.52357 0.88188 0.48712 0.88930 0.45943 0.89268 0.43627 0.89466 0.41974 0.88371 0.41817 0.87580 0.42882 0.86238 0.44369 0.84439 0.45835 0.83050 0.47544 0.82253 0.49607 0.81107 0.53063 0.80505 0.54936 0.80748 0.56683 0.81441 0.57523 0.82726 0.58721 0.83515 0.59351
4 0.34195 0.46710 0.35168 0.45993 0.36035 0.44329 0.36474 0.42265 0.36580 0.39592 0.36718 0.36772 0.37108 0.34697 0.37305 0.33044 0.36637 0.31360 0.35904 0.29741 0.34953 0.27459 0.33346 0.26578 0.31891 0.26424 0.30810 0.27889 0.29405 0.29670 0.28186 0.32030 0.26905 0.36610 0.26320 0.40568 0.26080 0.42906 0.26590 0.45094 0.27893 0.46681 0.29581 0.47424 0.31363 0.47728 0.34195 0.46710
4 0.51273 0.48647 0.52767 0.49580 0.54192 0.50114 0.56307 0.51026 0.57926 0.51370 0.59181 0.51252 0.60511 0.50071 0.61686 0.48395 0.62685 0.46834 0.64527 0.41063 0.64683 0.40327 0.65007 0.38084 0.65022 0.36085 0.65148 0.33799 0.65226 0.31505 0.65205 0.29190 0.63810 0.26583 0.62445 0.25522 0.61430 0.25229 0.59050 0.25572 0.57176 0.27868 0.56455 0.29333 0.55857 0.29976 0.54790 0.31136 0.53058 0.32771 0.52090 0.34183 0.51271 0.35626 0.50305 0.38964 0.49675 0.41450 0.49298 0.43220 0.49123 0.45493 0.49443 0.46639 0.51273 0.48647
4 0.31858 0.64851 0.32971 0.64637 0.33970 0.63758 0.34723 0.62828 0.35637 0.61546 0.36406 0.60747 0.37307 0.59525 0.37690 0.58322 0.37905 0.56505 0.38010 0.54604 0.38257 0.53243 0.38501 0.51690 0.38666 0.50312 0.38775 0.48796 0.38997 0.47751 0.38114 0.46472 0.36900 0.46150 0.36042 0.45968 0.34859 0.46101 0.33805 0.46840 0.32760 0.47131 0.31704 0.47677 0.30332 0.47619 0.30114 0.47918 0.29876 0.50241 0.30024 0.51557 0.29876 0.53259 0.29980 0.55784 0.30206 0.58145 0.30280 0.60408 0.30263 0.61494 0.30344 0.62924 0.31172 0.64255 0.31858 0.64851
4 0.42080 0.48464 0.43454 0.48756 0.45852 0.48572 0.47007 0.48202 0.48049 0.47653 0.48788 0.46346 0.49306 0.44146 0.49754 0.41313 0.50264 0.37956 0.50452 0.35377 0.50388 0.31819 0.50228 0.30397 0.49884 0.28400 0.49706 0.26820 0.48465 0.24939 0.46476 0.23437 0.44758 0.23072 0.42149 0.23288 0.41327 0.24500 0.40569 0.25649 0.39832 0.27187 0.38279 0.30632 0.37299 0.34276 0.36563 0.37738 0.36365 0.41086 0.36486 0.43654 0.37093 0.45864 0.38345 0.46977 0.39756 0.47816 0.42080 0.48464
4 0.74294 0.54233 0.74723 0.56558 0.75470 0.57872 0.77177 0.59005 0.78270 0.58929 0.79365 0.57160 0.80120 0.55779 0.81285 0.52714 0.82190 0.49902 0.82856 0.47734 0.83663 0.44900 0.84468 0.41836 0.84711 0.39730 0.84853 0.37372 0.84740 0.35731 0.84084 0.35436 0.83054 0.35217 0.81410 0.35716 0.80276 0.36708 0.78283 0.40290 0.77195 0.42756 0.76244 0.44093 0.74965 0.45285 0.73800 0.46424 0.73484 0.47668 0.73124 0.49362 0.72730 0.50973 0.73871 0.52602 0.74294 0.54233
4 0.21601 0.55917 0.21457 0.57598 0.21537 0.58899 0.21610 0.60734 0.21778 0.61786 0.22137 0.62610 0.23539 0.63391 0.24491 0.63432 0.25213 0.62890 0.25663 0.61434 0.26417 0.59402 0.27225 0.57272 0.28086 0.55905 0.28886 0.55324 0.29786 0.54446 0.29987 0.52992 0.30086 0.51353 0.30140 0.49762 0.29933 0.48219 0.29848 0.47612 0.28710 0.47102 0.27284 0.46104 0.26460 0.45287 0.26269 0.44177 0.25906 0.42869 0.25879 0.42329 0.25464 0.42936 0.24779 0.43645 0.23924 0.44320 0.23375 0.45060 0.22469 0.46471 0.22176 0.48014 0.21844 0.50084 0.21703 0.52086 0.21573 0.54038 0.21601 0.55917
4 0.55993 0.63254 0.56717 0.65548 0.56950 0.67469 0.57674 0.68586 0.58941 0.69497 0.59848 0.69583 0.60933 0.69172 0.62135 0.68037 0.63052 0.66574 0.63895 0.64453 0.64824 0.61921 0.65713 0.58578 0.65937 0.57023 0.66215 0.55209 0.65662 0.54129 0.63908 0.53167 0.62788 0.52234 0.62528 0.51109 0.62091 0.50321 0.60932 0.50072 0.60391 0.50440 0.59421 0.50982 0.58387 0.51993 0.57537 0.53312 0.56837 0.54927 0.56465 0.56347 0.56099 0.58569 0.55919 0.61259 0.55993 0.63254
4 0.89243 0.57255 0.90070 0.54812 0.91211 0.50896 0.91794 0.48632 0.92039 0.46757 0.91579 0.46506 0.91285 0.46444 0.90600 0.46529 0.89678 0.47489 0.88429 0.48301 0.87803 0.49554 0.86864 0.52282 0.86023 0.55032 0.85388 0.57054 0.86086 0.58357 0.86972 0.59008 0.88067 0.58932 0.89243 0.57255
4 0.16573 0.44197 0.17446 0.43228 0.18154 0.42070 0.18974 0.40625 0.19350 0.38856 0.19636 0.34372 0.19834 0.32718 0.19869 0.31108 0.19302 0.29911 0.18959 0.28143 0.18717 0.26625 0.18025 0.25333 0.17090 0.25357 0.16737 0.26053 0.15940 0.28116 0.15152 0.31339 0.14828 0.33349 0.14743 0.36644 0.14405 0.39191 0.14292 0.41171 0.14310 0.43023 0.14820 0.43518 0.16573 0.44197
