4 0.41042 0.56428 0.43658 0.57276 0.45145 0.55546 0.47002 0.52341 0.48282 0.46154 0.48583 0.44447 0.49385 0.41067 0.50079 0.37133 0.50229 0.34252 0.49518 0.31604 0.47524 0.29260 0.46302 0.26997 0.45103 0.25627 0.44228 0.25313 0.42567 0.27470 0.40471 0.32382 0.39543 0.36197 0.38022 0.39295 0.36297 0.44725 0.35825 0.47401 0.35824 0.50613 0.36647 0.53208 0.38693 0.54943 0.41042 0.56428
4 0.58080 0.58516 0.58870 0.60719 0.61197 0.62051 0.62874 0.62115 0.64558 0.61568 0.65968 0.59372 0.67018 0.56036 0.67541 0.53065 0.67555 0.48631 0.66801 0.43906 0.66591 0.39587 0.66287 0.37541 0.66179 0.35535 0.65606 0.32984 0.63428 0.31684 0.61919 0.32411 0.60718 0.34573 0.60365 0.36574 0.60670 0.39768 0.60539 0.42267 0.60355 0.45910 0.60111 0.48466 0.59721 0.51537 0.58564 0.55770 0.58080 0.58516
4 0.18827 0.45088 0.19231 0.42792 0.21449 0.35452 0.21789 0.33525 0.22468 0.31117 0.23660 0.28419 0.23973 0.26642 0.23057 0.25178 0.21717 0.24633 0.20028 0.24644 0.19128 0.25098 0.17509 0.29630 0.16097 0.36191 0.16102 0.38488 0.15449 0.43345 0.15191 0.47129 0.15980 0.48185 0.17765 0.48803 0.18773 0.47148 0.18827 0.45088
4 0.58565 0.65086 0.58763 0.63962 0.59314 0.61465 0.58930 0.60294 0.58442 0.59711 0.57398 0.59141 0.56344 0.59672 0.55145 0.60399 0.53102 0.60260 0.53066 0.60253 0.51796 0.59919 0.51338 0.60004 0.50043 0.66508 0.49358 0.68926 0.48522 0.72200 0.48116 0.75550 0.48010 0.78456 0.49729 0.79808 0.51124 0.79226 0.52236 0.79201 0.53450 0.76711 0.58565 0.65086
4 0.27772 0.69849 0.28571 0.63870 0.28680 0.61516 0.28975 0.57518 0.29898 0.54314 0.30962 0.52051 0.29603 0.49897 0.28964 0.48868 0.28566 0.47650 0.27175 0.48856 0.24005 0.52889 0.21191 0.59280 0.20275 0.62716 0.19649 0.67733 0.19638 0.71859 0.21201 0.74888 0.24434 0.74851 0.25686 0.73847 0.27772 0.69849
4 0.84273 0.58251 0.83863 0.58068 0.82833 0.58880 0.81604 0.58939 0.81349 0.60384 0.81858 0.63785 0.81640 0.67113 0.81898 0.69421 0.82267 0.71307 0.83962 0.69233 0.84835 0.65745 0.85509 0.61504 0.84963 0.59366 0.84273 0.58251
4 0.32584 0.78578 0.33961 0.75687 0.34906 0.71797 0.35887 0.66231 0.36647 0.63075 0.37300 0.58218 0.37190 0.54755 0.36752 0.52614 0.35873 0.52073 0.34188 0.51472 0.32483 0.51552 0.30897 0.52421 0.29521 0.55009 0.27963 0.60932 0.29035 0.64719 0.28343 0.70105 0.28170 0.72828 0.27620 0.77096 0.28797 0.79136 0.31402 0.79750 0.32584 0.78578
4 0.74194 0.51336 0.75989 0.51040 0.77349 0.47681 0.77977 0.44117 0.78225 0.39801 0.77901 0.35842 0.77315 0.31605 0.77079 0.28583 0.77019 0.25742 0.76503 0.23432 0.73200 0.21851 0.71605 0.22960 0.68700 0.27332 0.67732 0.29915 0.67435 0.33919 0.66961 0.38350 0.66795 0.40462 0.66591 0.45095 0.67765 0.47443 0.69890 0.49043 0.72004 0.50414 0.74194 0.51336
4 0.64694 0.74218 0.66631 0.69097 0.67879 0.64742 0.68418 0.60637 0.68013 0.58745 0.66843 0.58262 0.65787 0.59014 0.64886 0.60566 0.63692 0.61680 0.61710 0.61827 0.60239 0.61789 0.59223 0.63155 0.58235 0.65409 0.56834 0.68749 0.54991 0.73335 0.54189 0.76836 0.53261 0.80425 0.53186 0.84827 0.54164 0.86820 0.56910 0.87581 0.58381 0.85522 0.59882 0.83083 0.61758 0.79771 0.63199 0.77045 0.64694 0.74218
4 0.74870 0.72210 0.75121 0.70158 0.75367 0.65621 0.75093 0.62151 0.74649 0.59644 0.74147 0.59556 0.73399 0.60031 0.71980 0.61381 0.71331 0.61708 0.69674 0.61471 0.68598 0.62551 0.67505 0.67490 0.67474 0.73114 0.68492 0.77598 0.69613 0.79617 0.70365 0.81846 0.71820 0.82599 0.73221 0.80308 0.73932 0.76901 0.74870 0.72210
4 0.40039 0.74617 0.41882 0.69970 0.42268 0.66898 0.43042 0.63977 0.43786 0.60052 0.44102 0.57961 0.43683 0.57429 0.42357 0.57118 0.40871 0.56249 0.39174 0.55718 0.38263 0.54790 0.37456 0.54422 0.37128 0.57730 0.37074 0.61236 0.36691 0.65147 0.36213 0.68738 0.35716 0.72707 0.35291 0.75998 0.35365 0.78765 0.37758 0.77962 0.38942 0.76487 0.40039 0.74617
4 0.12843 0.67272 0.13935 0.65478 0.14486 0.64030 0.15188 0.61725 0.16118 0.57916 0.16888 0.55017 0.18065 0.51692 0.18319 0.50247 0.18472 0.49170 0.17455 0.48660 0.16205 0.47998 0.15365 0.47739 0.14630 0.47720 0.13736 0.49439 0.12959 0.51123 0.11916 0.53478 0.11404 0.55540 0.10799 0.58137 0.10602 0.61138 0.10045 0.63247 0.10414 0.66182 0.11456 0.66972 0.12843 0.67272
4 0.29170 0.49440 0.30477 0.50741 0.32032 0.51782 0.34411 0.51357 0.35249 0.50666 0.35849 0.49315 0.35954 0.46960 0.36307 0.44959 0.37604 0.41667 0.38514 0.38538 0.39157 0.36356 0.40122 0.33772 0.40881 0.31229 0.41344 0.29170 0.40703 0.27296 0.39577 0.26711 0.38705 0.26712 0.38050 0.26365 0.36184 0.26499 0.34847 0.28863 0.33633 0.31099 0.32294 0.33462 0.30248 0.38383 0.29521 0.42233 0.28780 0.45850 0.28737 0.47835 0.29170 0.49440
4 0.22540 0.55693 0.23398 0.52859 0.23175 0.51213 0.22023 0.50475 0.19577 0.50425 0.19002 0.49330 0.18904 0.49004 0.18159 0.50633 0.16693 0.56036 0.14900 0.63297 0.14828 0.67495 0.15342 0.68347 0.17857 0.66269 0.19395 0.63935 0.20366 0.61049 0.21482 0.58487 0.22540 0.55693
4 0.75750 0.51224 0.73315 0.51103 0.70557 0.49618 0.69678 0.48779 0.68916 0.48181 0.68150 0.48736 0.67900 0.51909 0.67827 0.54650 0.68608 0.57464 0.69245 0.59950 0.70423 0.61686 0.71971 0.61346 0.73895 0.58854 0.75393 0.54985 0.76090 0.52205 0.75750 0.51224
4 0.12091 0.53950 0.12706 0.52348 0.13534 0.49955 0.14264 0.48539 0.14441 0.47742 0.14583 0.46939 0.14224 0.46876 0.12434 0.47609 0.11604 0.47076 0.11838 0.45959 0.11808 0.45291 0.10540 0.46833 0.08731 0.49550 0.07342 0.55541 0.07165 0.58434 0.08014 0.61785 0.09471 0.62318 0.10114 0.61603 0.10772 0.59126 0.11308 0.56295 0.12091 0.53950
4 0.80716 0.70261 0.81708 0.66518 0.81366 0.62595 0.80914 0.59921 0.80398 0.58450 0.79295 0.59470 0.77823 0.59652 0.75870 0.59418 0.75114 0.60775 0.75202 0.62998 0.75139 0.67125 0.75169 0.68842 0.74748 0.72906 0.75201 0.75359 0.76745 0.76238 0.78617 0.74416 0.79350 0.72559 0.80716 0.70261
4 0.85560 0.53947 0.86315 0.50255 0.86301 0.47422 0.86063 0.43556 0.85790 0.41902 0.84408 0.40736 0.82131 0.40876 0.81474 0.40832 0.80862 0.42561 0.80365 0.45382 0.80329 0.48207 0.80734 0.50265 0.80154 0.55289 0.80347 0.57084 0.80760 0.58536 0.82171 0.59243 0.83772 0.57997 0.85560 0.53947
4 0.51024 0.59645 0.49736 0.58805 0.47844 0.57936 0.47211 0.56291 0.46404 0.54774 0.45943 0.54770 0.44918 0.55660 0.44666 0.55919 0.44288 0.57767 0.43250 0.64240 0.42491 0.68543 0.42444 0.74048 0.43225 0.75714 0.45835 0.75716 0.47442 0.72402 0.49120 0.68415 0.50687 0.62417 0.51024 0.59645
4 0.74720 0.58238 0.76547 0.59477 0.77910 0.59871 0.79812 0.58673 0.80294 0.57384 0.80648 0.54229 0.80504 0.50688 0.80333 0.47595 0.79797 0.43367 0.79130 0.41643 0.77977 0.42362 0.78057 0.44820 0.77794 0.46308 0.76600 0.49310 0.75878 0.50788 0.75929 0.51945 0.75994 0.53336 0.75645 0.54726 0.74790 0.57252 0.74720 0.58238
4 0.17607 0.28279 0.17658 0.26191 0.16449 0.24355 0.14906 0.23702 0.13323 0.23991 0.12038 0.27297 0.10531 0.31512 0.08765 0.38259 0.09347 0.43715 0.11275 0.43564 0.11939 0.40154 0.14282 0.34845 0.15268 0.33589 0.16875 0.30627 0.17607 0.28279
4 0.16980 0.31121 0.16400 0.31499 0.14951 0.34295 0.12118 0.39513 0.11668 0.43158 0.11983 0.47502 0.13349 0.47362 0.14675 0.46354 0.15585 0.43369 0.16302 0.39301 0.16768 0.35570 0.16980 0.31121
4 0.24301 0.48885 0.26205 0.47388 0.28038 0.46563 0.28516 0.45881 0.29462 0.41688 0.29945 0.39245 0.31010 0.36679 0.32060 0.34492 0.32719 0.31931 0.32653 0.29392 0.31232 0.25852 0.30146 0.24745 0.27961 0.24360 0.25885 0.25980 0.23112 0.30083 0.21934 0.33854 0.20321 0.39232 0.19140 0.43311 0.18691 0.46444 0.19139 0.49431 0.20282 0.50781 0.22374 0.50537 0.24301 0.48885
4 0.55316 0.59723 0.56647 0.58854 0.58132 0.57135 0.59527 0.52508 0.60559 0.47535 0.60751 0.42282 0.60163 0.37659 0.59845 0.33199 0.57770 0.31062 0.53980 0.31828 0.52317 0.34073 0.50802 0.37664 0.49219 0.42451 0.48077 0.48088 0.47327 0.51924 0.46871 0.54928 0.47863 0.58078 0.51859 0.59665 0.53948 0.60365 0.55316 0.59723
