4 0.29964 0.69174 0.32069 0.68055 0.34384 0.65510 0.36285 0.60971 0.37244 0.56740 0.37918 0.50923 0.37661 0.49067 0.36187 0.47760 0.34865 0.46599 0.33914 0.45079 0.33532 0.44655 0.33032 0.44612 0.29930 0.45644 0.28690 0.46456 0.27726 0.48853 0.27049 0.51798 0.26595 0.56073 0.26953 0.59632 0.27699 0.63490 0.28821 0.67903 0.29964 0.69174
4 0.82867 0.51586 0.81491 0.49109 0.80437 0.48759 0.77892 0.50105 0.76851 0.50537 0.75283 0.56018 0.74886 0.60556 0.75743 0.64166 0.78037 0.68549 0.79286 0.69571 0.81442 0.69760 0.82963 0.67669 0.83373 0.60128 0.83168 0.55795 0.82867 0.51586
4 0.26988 0.50615 0.25813 0.47772 0.23850 0.45377 0.22269 0.44325 0.20127 0.42960 0.18767 0.46110 0.17351 0.50817 0.16542 0.56240 0.16302 0.61837 0.18063 0.63692 0.20810 0.62887 0.22370 0.61323 0.24173 0.58866 0.26202 0.55774 0.26988 0.50615
4 0.62757 0.60541 0.63244 0.54965 0.62600 0.50858 0.60787 0.50567 0.56646 0.50072 0.55031 0.49408 0.53004 0.48708 0.51687 0.49381 0.50917 0.55323 0.50930 0.61862 0.51150 0.68936 0.52110 0.72290 0.54032 0.75204 0.55738 0.75744 0.58699 0.74435 0.60475 0.70407 0.62084 0.64407 0.62757 0.60541
4 0.49785 0.47255 0.50869 0.42512 0.51324 0.38237 0.51315 0.32618 0.49855 0.29221 0.47425 0.26394 0.43183 0.24197 0.39917 0.25214 0.37502 0.26049 0.35192 0.29506 0.32908 0.36494 0.33113 0.40827 0.33685 0.43881 0.36130 0.48410 0.40170 0.50074 0.44318 0.50437 0.48310 0.49741 0.49785 0.47255
4 0.07989 0.35136 0.06789 0.34215 0.05678 0.39012 0.05743 0.42852 0.06308 0.46596 0.07796 0.47284 0.09635 0.47535 0.11142 0.46217 0.11334 0.42693 0.11100 0.39403 0.09723 0.37191 0.07989 0.35136
4 0.18886 0.38013 0.17992 0.35844 0.16727 0.34032 0.14038 0.32236 0.11433 0.38149 0.11279 0.41795 0.11377 0.45464 0.12034 0.47445 0.12305 0.48933 0.14113 0.48673 0.16379 0.48515 0.19793 0.44890 0.19328 0.41580 0.18886 0.38013
4 0.33265 0.40059 0.33274 0.36135 0.32477 0.32796 0.31348 0.29435 0.29526 0.27310 0.27377 0.26076 0.23246 0.25457 0.21370 0.26861 0.19370 0.30604 0.18465 0.36150 0.19082 0.39599 0.21116 0.44092 0.23209 0.45976 0.27289 0.46201 0.30464 0.45300 0.32554 0.43392 0.33265 0.40059
4 0.48449 0.67264 0.49522 0.61739 0.50280 0.55922 0.50819 0.51654 0.50725 0.47986 0.49301 0.47994 0.47859 0.49178 0.45017 0.50101 0.41589 0.50066 0.38960 0.50491 0.38439 0.53582 0.38004 0.57594 0.37686 0.61226 0.38492 0.67306 0.39401 0.72223 0.40991 0.75109 0.43090 0.75948 0.45319 0.75355 0.47247 0.71474 0.48449 0.67264
4 0.70040 0.43277 0.70651 0.38227 0.70673 0.32220 0.70163 0.29429 0.67588 0.25412 0.65511 0.25230 0.60726 0.25466 0.59020 0.25840 0.56655 0.27989 0.54479 0.31849 0.53339 0.37235 0.52947 0.40735 0.53220 0.46245 0.54496 0.48839 0.59932 0.50757 0.66657 0.51346 0.68065 0.50549 0.69345 0.47398 0.70040 0.43277
4 0.96518 0.40888 0.94555 0.39405 0.92791 0.43301 0.91072 0.45765 0.89849 0.48272 0.89678 0.50223 0.91012 0.52166 0.93414 0.53422 0.94557 0.52741 0.95623 0.49175 0.96348 0.43745 0.96518 0.40888
4 0.89687 0.47212 0.90734 0.39071 0.90026 0.36660 0.88095 0.37669 0.86258 0.39593 0.84591 0.41413 0.83025 0.44015 0.82443 0.46843 0.82485 0.51162 0.83823 0.54019 0.85938 0.55647 0.87621 0.54616 0.88778 0.50925 0.89687 0.47212
4 0.83133 0.41808 0.84004 0.36656 0.84294 0.32366 0.82906 0.29108 0.81864 0.28626 0.77766 0.29571 0.75103 0.31304 0.71790 0.35713 0.70915 0.39951 0.70552 0.44102 0.71333 0.46652 0.73667 0.48690 0.77144 0.50040 0.79469 0.50243 0.81147 0.48298 0.82095 0.46025 0.83133 0.41808
4 0.74475 0.52810 0.73087 0.49552 0.71315 0.47829 0.69479 0.47800 0.68099 0.50161 0.66105 0.51946 0.63791 0.51618 0.63466 0.51457 0.63233 0.54183 0.62960 0.58209 0.64226 0.65772 0.66668 0.69381 0.69581 0.71469 0.71805 0.69962 0.72951 0.65490 0.74090 0.62975 0.74776 0.57019 0.74475 0.52810
