4 0.44305 0.46517 0.47658 0.45953 0.47843 0.42813 0.47847 0.36291 0.47020 0.28772 0.45985 0.22309 0.44028 0.18110 0.39400 0.15874 0.35964 0.14878 0.32198 0.14167 0.28543 0.13964 0.24868 0.15071 0.21671 0.16935 0.19200 0.22799 0.18456 0.30143 0.19546 0.39339 0.20963 0.43177 0.24408 0.47691 0.29460 0.48078 0.34600 0.48460 0.39086 0.47967 0.44305 0.46517
4 0.50782 0.88816 0.55820 0.88940 0.57621 0.86892 0.58975 0.82909 0.59963 0.78556 0.60860 0.74203 0.62091 0.67884 0.62334 0.59263 0.61383 0.56052 0.58515 0.55945 0.55574 0.56099 0.52803 0.56244 0.47040 0.55501 0.46813 0.56164 0.45391 0.58849 0.44837 0.61483 0.44455 0.64113 0.44493 0.73107 0.46122 0.77716 0.47204 0.81829 0.49188 0.86552 0.50782 0.88816
4 0.55535 0.47231 0.57941 0.46574 0.60352 0.46722 0.62922 0.47134 0.64969 0.46589 0.66491 0.45743 0.69725 0.44917 0.71791 0.42861 0.73120 0.41746 0.74251 0.40122 0.75111 0.34993 0.75352 0.31331 0.75201 0.26775 0.73597 0.16035 0.72408 0.13230 0.70116 0.12568 0.65563 0.13458 0.56860 0.14565 0.53832 0.14724 0.51384 0.16029 0.48838 0.20463 0.47517 0.23400 0.46894 0.31388 0.47545 0.35524 0.48909 0.40016 0.49349 0.45082 0.49829 0.45965 0.51542 0.47183 0.52601 0.47516 0.55535 0.47231
4 0.74002 0.79905 0.75731 0.73166 0.77111 0.68010 0.78054 0.62872 0.78470 0.59200 0.78098 0.55439 0.76706 0.53684 0.72624 0.51944 0.66751 0.52515 0.65197 0.52596 0.62803 0.51676 0.62041 0.53670 0.61922 0.66327 0.62112 0.69967 0.62363 0.76345 0.63620 0.80449 0.65020 0.84026 0.67927 0.86483 0.70303 0.87141 0.72522 0.84809 0.74002 0.79905
4 0.29490 0.81587 0.31937 0.78591 0.33116 0.74617 0.32241 0.69448 0.31126 0.63115 0.30718 0.60269 0.29118 0.57874 0.26730 0.55395 0.24186 0.53180 0.21866 0.51994 0.20723 0.51666 0.18612 0.51125 0.17386 0.50927 0.16302 0.53462 0.16122 0.58298 0.16700 0.70914 0.16945 0.75596 0.17395 0.80918 0.18922 0.83574 0.20478 0.85058 0.23530 0.85418 0.26738 0.83684 0.29490 0.81587
4 0.01546 0.74838 0.03978 0.78229 0.06574 0.81354 0.08497 0.81642 0.09475 0.80419 0.12003 0.75723 0.15337 0.68118 0.16250 0.62330 0.15937 0.56349 0.15337 0.53250 0.12412 0.45453 0.11208 0.43951 0.06453 0.42635 0.04593 0.45211 0.02957 0.48816 0.01286 0.53335 0.00513 0.58460 0.00644 0.62628 0.00890 0.67310 0.01546 0.74838
4 0.19415 0.41699 0.19200 0.34405 0.18845 0.27644 0.17815 0.21175 0.16107 0.15136 0.13749 0.11478 0.10485 0.10478 0.06638 0.09898 0.03422 0.09803 0.02883 0.11139 0.02475 0.14942 0.02077 0.20566 0.02158 0.32037 0.02335 0.35425 0.04000 0.39388 0.08452 0.43039 0.12108 0.44708 0.16858 0.45718 0.19415 0.41699
4 0.34689 0.79749 0.37179 0.80921 0.39775 0.80785 0.40860 0.79946 0.43044 0.75267 0.43705 0.73017 0.44416 0.69981 0.44294 0.67640 0.44191 0.65692 0.44503 0.61763 0.44932 0.58348 0.45463 0.56886 0.47471 0.53782 0.47726 0.50382 0.45837 0.47482 0.42631 0.47519 0.37458 0.48178 0.33931 0.48757 0.31050 0.48388 0.30188 0.48560 0.29770 0.48844 0.29966 0.54180 0.30476 0.58980 0.31080 0.63900 0.31593 0.68699 0.32378 0.73742 0.33273 0.77607 0.34689 0.79749
4 0.86596 0.38955 0.90175 0.36031 0.91415 0.33225 0.92316 0.28877 0.92056 0.22242 0.91378 0.17582 0.90701 0.09667 0.90476 0.08634 0.89735 0.07759 0.85560 0.07589 0.81728 0.08961 0.79793 0.10107 0.77912 0.12291 0.76236 0.15115 0.74935 0.18444 0.74815 0.22751 0.74803 0.27447 0.75392 0.30415 0.75555 0.33536 0.75739 0.37045 0.77792 0.39810 0.81552 0.40396 0.86596 0.38955
4 0.96066 0.40675 0.92966 0.36142 0.91207 0.35715 0.88894 0.37921 0.86714 0.39343 0.86299 0.39753 0.85957 0.43163 0.86517 0.47173 0.88330 0.55296 0.90368 0.61055 0.91897 0.65408 0.95823 0.65853 0.97218 0.62650 0.98380 0.55027 0.97418 0.46601 0.96066 0.40675
3 0.59644 0.44543 0.58079 0.44493 0.56210 0.45242 0.54627 0.46496 0.53465 0.47471 0.54936 0.47394 0.58645 0.46942 0.61331 0.46927 0.63415 0.46950 0.62713 0.45164 0.61024 0.44339 0.59644 0.44543
4 0.81523 0.79380 0.83056 0.82167 0.87611 0.84669 0.89504 0.81046 0.89237 0.74280 0.88909 0.66347 0.88377 0.56202 0.87747 0.52454 0.85613 0.44872 0.82743 0.41373 0.78081 0.40184 0.76157 0.46544 0.73953 0.50830 0.73509 0.52292 0.77112 0.54839 0.77988 0.56615 0.78143 0.64563 0.77754 0.68759 0.77419 0.72295 0.79397 0.76886 0.81523 0.79380
