4 0.43922 0.47237 0.47182 0.46269 0.46983 0.43130 0.46192 0.36655 0.44455 0.29293 0.42640 0.23005 0.40186 0.19076 0.35320 0.17420 0.31789 0.16850 0.27964 0.16603 0.24311 0.16848 0.20799 0.18394 0.17852 0.20634 0.16114 0.26755 0.16271 0.34135 0.18473 0.43130 0.20348 0.46767 0.24317 0.50828 0.29379 0.50595 0.34527 0.50348 0.38920 0.49313 0.43922 0.47237
4 0.55506 0.88431 0.60523 0.87940 0.62060 0.85688 0.62918 0.81570 0.63369 0.77129 0.63728 0.72699 0.64180 0.66277 0.63371 0.57691 0.62036 0.54620 0.59177 0.54863 0.56276 0.55374 0.53543 0.55856 0.47733 0.55821 0.47588 0.56507 0.46504 0.59345 0.46275 0.62026 0.46216 0.64683 0.47350 0.73606 0.49528 0.77982 0.51104 0.81933 0.53649 0.86378 0.55506 0.88431
4 0.55157 0.46577 0.57464 0.45632 0.59875 0.45484 0.62477 0.45580 0.64442 0.44790 0.65849 0.43765 0.68958 0.42551 0.70758 0.40258 0.71941 0.38990 0.72866 0.37240 0.73095 0.32045 0.72888 0.28380 0.72183 0.23877 0.69281 0.13413 0.67760 0.10774 0.65404 0.10396 0.60994 0.11833 0.52491 0.13993 0.49504 0.14520 0.47234 0.16113 0.45247 0.20825 0.44294 0.23900 0.44649 0.31906 0.45799 0.35931 0.47700 0.40224 0.48755 0.45198 0.49338 0.46016 0.51187 0.47016 0.52279 0.47218 0.55157 0.46577
4 0.77467 0.76757 0.78363 0.69857 0.79103 0.64572 0.79413 0.59357 0.79379 0.55662 0.78551 0.51974 0.76956 0.50402 0.72692 0.49173 0.66932 0.50455 0.65400 0.50725 0.62912 0.50104 0.62399 0.52175 0.63823 0.64753 0.64456 0.68342 0.65482 0.74642 0.67229 0.78562 0.69054 0.81942 0.72239 0.84027 0.74678 0.84390 0.76596 0.81805 0.77467 0.76757
4 0.33493 0.83851 0.35556 0.80579 0.36242 0.76491 0.34743 0.71467 0.32865 0.65317 0.32113 0.62542 0.30233 0.60360 0.27561 0.58190 0.24766 0.56303 0.22319 0.55408 0.21145 0.55221 0.18983 0.54942 0.17742 0.54895 0.16975 0.57543 0.17386 0.62365 0.19497 0.74816 0.20311 0.79433 0.21406 0.84661 0.23245 0.87111 0.24970 0.88394 0.28044 0.88379 0.31017 0.86268 0.33493 0.83851
4 0.04934 0.80557 0.07761 0.83627 0.10719 0.86412 0.12663 0.86464 0.13484 0.85132 0.15421 0.80162 0.17803 0.72207 0.18004 0.66351 0.16964 0.60453 0.15992 0.57450 0.12138 0.50067 0.10760 0.48723 0.05880 0.47997 0.04347 0.50781 0.03163 0.54558 0.02056 0.59247 0.01913 0.64427 0.02551 0.68549 0.03365 0.73166 0.04934 0.80557
4 0.00000 0.35496 0.00325 0.38001 0.00915 0.41343 0.03049 0.45073 0.07913 0.48155 0.11745 0.49365 0.16583 0.49789 0.18631 0.45488 0.17529 0.38275 0.16353 0.31607 0.14542 0.25312 0.12111 0.19526 0.09324 0.16183 0.05963 0.15589 0.02074 0.15481 0.00000 0.15674 0.00000 0.35496
4 0.38428 0.81393 0.41043 0.82253 0.43603 0.81802 0.44578 0.80836 0.46175 0.75927 0.46557 0.73612 0.46893 0.70512 0.46486 0.68204 0.46147 0.66282 0.45977 0.62345 0.45987 0.58903 0.46336 0.57388 0.47951 0.54062 0.47789 0.50656 0.45561 0.48008 0.42383 0.48435 0.37330 0.49720 0.33899 0.50725 0.30995 0.50710 0.30160 0.50985 0.29780 0.51318 0.30625 0.56590 0.31716 0.61292 0.32915 0.66102 0.34010 0.70803 0.35403 0.75712 0.36762 0.79440 0.38428 0.81393
4 0.84977 0.34577 0.88173 0.31239 0.89062 0.28303 0.89426 0.23877 0.88359 0.17323 0.87119 0.12781 0.85482 0.05008 0.85133 0.04009 0.84290 0.03231 0.80126 0.03571 0.76490 0.05400 0.74709 0.06774 0.73108 0.09170 0.71789 0.12177 0.70904 0.15640 0.71310 0.19930 0.71869 0.24592 0.72815 0.27466 0.73358 0.30545 0.73968 0.34005 0.76343 0.36499 0.80146 0.36622 0.84977 0.34577
4 0.94586 0.35130 0.90957 0.31009 0.89159 0.30799 0.87132 0.33271 0.85142 0.34948 0.84780 0.35405 0.84856 0.38832 0.85900 0.42743 0.88690 0.50586 0.91415 0.56053 0.93462 0.60187 0.97414 0.60150 0.98407 0.56801 0.98632 0.49093 0.96650 0.40848 0.94586 0.35130
3 0.58907 0.43408 0.57348 0.43550 0.55584 0.44521 0.54165 0.45958 0.53131 0.47068 0.54581 0.46812 0.58208 0.45912 0.60872 0.45569 0.62943 0.45337 0.62029 0.43651 0.60252 0.43038 0.58907 0.43408
4 0.84868 0.75319 0.86730 0.77898 0.91556 0.79827 0.92994 0.76000 0.91904 0.69317 0.90611 0.61483 0.88847 0.51479 0.87765 0.47835 0.84723 0.40570 0.81447 0.37447 0.76675 0.36835 0.75541 0.43382 0.73875 0.47904 0.73613 0.49410 0.77500 0.51499 0.78586 0.53155 0.79708 0.61025 0.79834 0.65237 0.79932 0.68787 0.82454 0.73103 0.84868 0.75319
