4 0.49128 0.89930 0.49128 0.92424 0.49520 0.95464 0.50629 0.96766 0.52000 0.96982 0.53372 0.94704 0.55134 0.88410 0.55787 0.85154 0.56374 0.81900 0.55852 0.78862 0.54416 0.77560 0.53111 0.77234 0.51087 0.77450 0.50237 0.78644 0.49193 0.79622 0.48931 0.83094 0.48931 0.86566 0.49128 0.89930
4 0.55656 0.87760 0.55134 0.89930 0.54939 0.91448 0.56635 0.92534 0.58268 0.92100 0.59508 0.89930 0.60422 0.87000 0.61271 0.83418 0.61793 0.80598 0.62120 0.78102 0.61597 0.76908 0.59117 0.76040 0.57485 0.75498 0.55852 0.76148 0.55526 0.78210 0.56178 0.80814 0.56374 0.84286 0.55656 0.87760
4 0.40640 0.87434 0.40705 0.92424 0.40836 0.94812 0.41294 0.95680 0.43318 0.96874 0.44296 0.95680 0.46385 0.93726 0.47300 0.91014 0.48279 0.87868 0.49128 0.84178 0.49389 0.79730 0.49324 0.77450 0.48670 0.76148 0.47626 0.75172 0.46320 0.73870 0.45537 0.74088 0.43513 0.75932 0.42077 0.77016 0.40771 0.80598 0.40771 0.83962 0.40640 0.87434
4 0.72501 0.61392 0.73088 0.63888 0.74525 0.64214 0.76744 0.65298 0.79943 0.66058 0.80923 0.65840 0.81575 0.61174 0.81510 0.58246 0.80531 0.53796 0.80008 0.51626 0.78964 0.49348 0.77658 0.48154 0.74393 0.48154 0.73741 0.48046 0.73023 0.48046 0.72892 0.49782 0.72369 0.53036 0.72304 0.58354 0.72501 0.61392
4 0.37442 0.61608 0.39466 0.63562 0.41294 0.62802 0.42729 0.60632 0.43644 0.58896 0.44101 0.55858 0.43970 0.52712 0.42860 0.50324 0.40966 0.48262 0.39531 0.49782 0.39073 0.49998 0.37442 0.51626 0.36788 0.55098 0.36788 0.58570 0.37442 0.61608
4 0.44492 0.59764 0.46581 0.64430 0.48344 0.64972 0.51413 0.63020 0.52522 0.61066 0.53306 0.58354 0.53502 0.54882 0.53176 0.51844 0.52065 0.49348 0.49193 0.46092 0.48475 0.46092 0.46059 0.46744 0.45146 0.48372 0.44166 0.52060 0.43970 0.56292 0.44492 0.59764
4 0.60880 0.94704 0.61597 0.97090 0.63491 0.96006 0.64209 0.94162 0.65384 0.91666 0.67212 0.87000 0.67734 0.84286 0.67734 0.81358 0.65384 0.79512 0.63099 0.79188 0.62904 0.79622 0.61663 0.82226 0.61075 0.87216 0.60813 0.91448 0.60880 0.94704
4 0.71717 0.86674 0.71391 0.88628 0.70412 0.91122 0.69758 0.92534 0.69432 0.94162 0.69628 0.96222 0.70150 0.97742 0.71456 0.97958 0.72108 0.97200 0.72631 0.94052 0.72436 0.90146 0.72762 0.87000 0.73153 0.83636 0.72436 0.82442 0.71391 0.80272 0.70607 0.80056 0.70280 0.81466 0.71586 0.82550 0.71782 0.84504 0.71717 0.86674
4 0.61853 0.59000 0.62515 0.61720 0.64729 0.62580 0.66101 0.62920 0.67930 0.63346 0.69823 0.63670 0.72175 0.63996 0.72240 0.62152 0.72369 0.58028 0.72108 0.55642 0.71782 0.53146 0.71195 0.49564 0.70607 0.47828 0.68910 0.46310 0.66428 0.45876 0.64665 0.45876 0.63230 0.45876 0.62250 0.48914 0.62120 0.52820 0.62120 0.56184 0.61853 0.59000
4 0.33851 0.90038 0.36723 0.90364 0.37442 0.89278 0.38486 0.87000 0.38747 0.84612 0.38355 0.81358 0.37375 0.78862 0.36331 0.78754 0.35809 0.77450 0.35091 0.77016 0.32675 0.76908 0.31892 0.77342 0.30782 0.79296 0.30064 0.81358 0.29738 0.84286 0.32479 0.87868 0.33851 0.90038
4 0.67473 0.86240 0.66173 0.89380 0.65580 0.91666 0.64862 0.94162 0.65123 0.96114 0.66495 0.97308 0.68322 0.95354 0.69367 0.93618 0.70345 0.90906 0.71521 0.87216 0.71913 0.83202 0.71260 0.82442 0.69106 0.80706 0.67800 0.80814 0.67930 0.81358 0.67930 0.83860 0.67473 0.86240
4 0.81379 0.58462 0.81575 0.61608 0.81184 0.63562 0.81836 0.65190 0.82751 0.66600 0.84057 0.67252 0.84448 0.67360 0.85101 0.66058 0.85166 0.63996 0.85101 0.60524 0.84774 0.57594 0.84579 0.54014 0.84122 0.52060 0.83534 0.50650 0.82490 0.49782 0.81640 0.50216 0.81053 0.51626 0.80727 0.53580 0.80857 0.55966 0.81379 0.58462
