4 0.77796 0.14904 0.78827 0.16656 0.80379 0.17661 0.81832 0.18518 0.84145 0.19385 0.87122 0.19888 0.89069 0.18568 0.90922 0.16791 0.91783 0.13865 0.91912 0.09198 0.91874 0.05730 0.91169 0.02624 0.89454 0.00681 0.88341 0.00662 0.87455 0.00831 0.85974 0.01631 0.84450 0.01909 0.82798 0.00820 0.82842 0.01202 0.82123 0.00553 0.80744 0.00529 0.79707 0.00995 0.78840 0.01507 0.77969 0.04960 0.78398 0.09489 0.78034 0.12723 0.77796 0.14904
4 0.66117 0.79628 0.65206 0.77661 0.63776 0.75902 0.62843 0.75233 0.62040 0.75219 0.61527 0.75319 0.60486 0.76600 0.59934 0.78982 0.59368 0.82120 0.59257 0.84286 0.60325 0.85822 0.61789 0.85418 0.64645 0.84707 0.66037 0.84187 0.66219 0.82130 0.66313 0.80936 0.66117 0.79628
4 0.68972 0.70563 0.67956 0.70219 0.66330 0.71603 0.66127 0.74856 0.66429 0.79095 0.68652 0.80542 0.70698 0.80252 0.73077 0.77581 0.73922 0.74992 0.73085 0.72917 0.71662 0.71044 0.70496 0.70915 0.68972 0.70563
4 0.35917 0.76367 0.35972 0.73221 0.35349 0.71258 0.34333 0.70915 0.33179 0.70351 0.30546 0.70848 0.29290 0.71914 0.28032 0.72865 0.27285 0.74047 0.27174 0.76214 0.29219 0.80158 0.30717 0.81924 0.31874 0.82373 0.33625 0.82404 0.34445 0.81228 0.35217 0.78855 0.35891 0.77888 0.35917 0.76367
4 0.55353 0.78359 0.54988 0.78352 0.53146 0.79510 0.52318 0.81127 0.51457 0.84476 0.52299 0.86442 0.54039 0.86908 0.56156 0.86727 0.58489 0.86659 0.59259 0.84178 0.58724 0.81565 0.57450 0.79265 0.55353 0.78359
4 0.31538 0.60016 0.29672 0.58353 0.28447 0.57462 0.27210 0.57440 0.25527 0.57846 0.23893 0.59448 0.22680 0.62248 0.22331 0.65498 0.23345 0.70179 0.26001 0.72291 0.28333 0.72332 0.29600 0.70832 0.31111 0.67711 0.31887 0.65121 0.32011 0.62193 0.31538 0.60016
4 0.27248 0.34329 0.27155 0.31289 0.26999 0.27704 0.26101 0.24976 0.24393 0.22451 0.21784 0.21753 0.19758 0.20957 0.17933 0.21143 0.16234 0.22309 0.15105 0.24458 0.13734 0.27907 0.12341 0.32438 0.13447 0.40165 0.13916 0.42342 0.16360 0.44336 0.19064 0.43954 0.22865 0.43259 0.24872 0.41017 0.26808 0.38659 0.27248 0.34329
4 0.29220 0.46626 0.28099 0.44111 0.26870 0.43438 0.25641 0.42981 0.24911 0.42969 0.21331 0.43558 0.19900 0.46028 0.19069 0.47857 0.18417 0.51753 0.18937 0.55453 0.22595 0.58773 0.25376 0.58169 0.26699 0.57431 0.28189 0.55506 0.29125 0.52049 0.29320 0.49231 0.29220 0.46626
4 0.25453 0.10245 0.25538 0.05371 0.23818 0.02922 0.21581 0.01198 0.17680 0.00939 0.13635 0.01809 0.13498 0.02535 0.11444 0.04771 0.10855 0.09637 0.10129 0.15060 0.11199 0.18829 0.15054 0.21522 0.17572 0.21566 0.19857 0.20480 0.21751 0.20329 0.24438 0.17750 0.25453 0.10245
4 0.78014 0.57414 0.80609 0.56552 0.82016 0.54391 0.82089 0.50174 0.81780 0.47603 0.81367 0.45112 0.80742 0.43291 0.79101 0.41528 0.77795 0.41054 0.75197 0.41036 0.74239 0.41748 0.73878 0.42117 0.73365 0.42483 0.72591 0.43301 0.72102 0.45401 0.71617 0.47051 0.71268 0.49681 0.71360 0.52998 0.71574 0.55339 0.73619 0.56957 0.76393 0.57609 0.78014 0.57414
4 0.74330 0.39488 0.76179 0.40803 0.78654 0.40993 0.80862 0.42086 0.83937 0.42819 0.85080 0.41105 0.86463 0.37363 0.87351 0.32932 0.87611 0.29545 0.87399 0.27280 0.86687 0.24555 0.85514 0.22121 0.84228 0.20294 0.82630 0.19206 0.80205 0.19707 0.79363 0.20660 0.78596 0.21098 0.76822 0.21295 0.75546 0.22099 0.74506 0.23511 0.73647 0.26284 0.73340 0.29448 0.73197 0.31782 0.73181 0.35625 0.73690 0.38499 0.74330 0.39488
4 0.75515 0.56898 0.71578 0.58704 0.70499 0.62811 0.71166 0.67867 0.74422 0.70755 0.77402 0.71514 0.80099 0.68414 0.80685 0.63739 0.79874 0.59599 0.78527 0.57510 0.75515 0.56898
4 0.43643 0.81301 0.43267 0.77713 0.42341 0.76392 0.40157 0.76245 0.38315 0.77409 0.36324 0.78787 0.34965 0.81585 0.34931 0.83536 0.36263 0.86489 0.38944 0.87405 0.40400 0.87431 0.42457 0.86488 0.43303 0.84008 0.43643 0.81301
4 0.50515 0.80117 0.49952 0.78917 0.49521 0.78474 0.47326 0.78980 0.45172 0.81328 0.43973 0.83259 0.43632 0.86074 0.44904 0.88270 0.47378 0.88531 0.48909 0.88449 0.50172 0.87166 0.51008 0.85121 0.51201 0.82412 0.50515 0.80117
