1 0.53573 0.58828 0.54277 0.59531 0.55171 0.59562 0.56431 0.58776 0.56605 0.56971 0.55514 0.56182 0.55271 0.56700 0.54222 0.57869 0.53573 0.58828
4 0.18579 0.66653 0.18618 0.65524 0.18241 0.65057 0.17360 0.64650 0.16073 0.64605 0.14802 0.62526 0.14310 0.62206 0.13603 0.61578 0.11975 0.61673 0.10095 0.64245 0.09227 0.68210 0.10209 0.72166 0.12724 0.73914 0.14761 0.73306 0.16506 0.68240 0.17542 0.67446 0.18053 0.67237 0.18579 0.66653
4 0.57500 0.63414 0.56236 0.62764 0.54100 0.62992 0.53249 0.63265 0.51830 0.63819 0.50600 0.65357 0.49678 0.67739 0.49635 0.72186 0.52195 0.74235 0.54053 0.73924 0.55988 0.73086 0.57457 0.71102 0.57971 0.67577 0.58213 0.65474 0.57500 0.63414
4 0.16950 0.51838 0.14372 0.48673 0.13024 0.46908 0.11957 0.46687 0.10135 0.46897 0.08572 0.47384 0.07294 0.49331 0.06950 0.53390 0.07393 0.58020 0.09559 0.59543 0.11943 0.60532 0.13952 0.58791 0.17522 0.58555 0.18036 0.55405 0.16950 0.51838
4 0.58636 0.56591 0.60874 0.56593 0.63749 0.56091 0.65423 0.54641 0.65572 0.52008 0.65365 0.49890 0.65550 0.46201 0.65358 0.43708 0.64448 0.40884 0.62395 0.40361 0.60972 0.40990 0.59719 0.41624 0.58814 0.41820 0.58301 0.42102 0.57319 0.42973 0.55732 0.45104 0.55126 0.46440 0.54473 0.47474 0.53053 0.49687 0.53190 0.53762 0.55316 0.55420 0.58636 0.56591
1 0.20027 0.76265 0.19817 0.76738 0.20082 0.77446 0.20691 0.77645 0.21144 0.77661 0.21257 0.77226 0.20981 0.76779 0.20627 0.76679 0.20188 0.76271 0.20027 0.76265
4 0.64377 0.60562 0.63474 0.57514 0.61884 0.56553 0.59926 0.56485 0.57581 0.56327 0.56424 0.55759 0.55484 0.55426 0.54713 0.55021 0.53700 0.56797 0.52880 0.59406 0.53907 0.62080 0.55615 0.62894 0.57157 0.63626 0.57817 0.65609 0.59913 0.68096 0.61885 0.67789 0.64224 0.63346 0.64377 0.60562
4 0.24477 0.70929 0.23155 0.68696 0.18692 0.66581 0.18676 0.67034 0.17643 0.67750 0.16150 0.68830 0.15004 0.72785 0.14952 0.75875 0.16742 0.77522 0.20448 0.78857 0.22045 0.78007 0.23192 0.75636 0.24433 0.73793 0.24477 0.70929
1 0.13776 0.48471 0.12079 0.48954 0.11206 0.48923 0.10107 0.49610 0.08595 0.50553 0.07695 0.53235 0.09427 0.53657 0.11013 0.54437 0.13734 0.55435 0.14976 0.54485 0.15593 0.52245 0.15131 0.50056 0.13776 0.48471
2 0.64116 0.43965 0.62702 0.42785 0.60267 0.43528 0.58735 0.44079 0.57500 0.45769 0.55464 0.47960 0.56006 0.50090 0.57354 0.51570 0.59819 0.51580 0.61802 0.50895 0.64323 0.49251 0.64934 0.46180 0.64116 0.43965
