4 0.26067 0.61590 0.26582 0.61234 0.26472 0.59134 0.26368 0.57888 0.26317 0.56084 0.26147 0.54996 0.25879 0.54018 0.25520 0.53503 0.24867 0.53069 0.24430 0.53115 0.24101 0.53401 0.23807 0.54286 0.23809 0.56146 0.23749 0.57284 0.24049 0.58685 0.24212 0.59975 0.24906 0.61059 0.25646 0.61534 0.26067 0.61590
4 0.35569 0.59485 0.35963 0.59293 0.36218 0.58563 0.35798 0.56143 0.35742 0.55345 0.35551 0.54058 0.35212 0.52937 0.34619 0.52547 0.33969 0.52414 0.33181 0.52798 0.32917 0.53178 0.32154 0.54063 0.31764 0.54556 0.31986 0.56142 0.32211 0.56973 0.32606 0.57836 0.33325 0.59420 0.33623 0.59891 0.34376 0.59963 0.35043 0.59742 0.35569 0.59485
4 0.25184 0.50512 0.25539 0.49419 0.25657 0.48703 0.25310 0.46979 0.25267 0.46833 0.25069 0.45999 0.24605 0.44741 0.24299 0.43667 0.24019 0.42842 0.23210 0.41720 0.22523 0.41490 0.21972 0.41498 0.21408 0.41658 0.21140 0.41736 0.20770 0.42680 0.20872 0.44178 0.21316 0.46042 0.21769 0.47452 0.22141 0.48368 0.22775 0.49408 0.23138 0.49973 0.23791 0.50658 0.24746 0.50809 0.25184 0.50512
4 0.51366 0.48675 0.51967 0.48612 0.52188 0.47030 0.51768 0.45666 0.51446 0.44443 0.50802 0.43305 0.50221 0.42511 0.49245 0.41105 0.48216 0.40258 0.47504 0.39528 0.47088 0.39773 0.46831 0.41007 0.46962 0.43306 0.46874 0.44572 0.46917 0.46025 0.47583 0.47112 0.48825 0.47886 0.50122 0.48403 0.50662 0.48548 0.51366 0.48675
4 0.39165 0.56644 0.39498 0.55603 0.39529 0.54846 0.39316 0.53612 0.39000 0.52438 0.38954 0.51739 0.38576 0.50773 0.37992 0.50734 0.37090 0.50829 0.36172 0.51026 0.35602 0.51388 0.35475 0.51753 0.35247 0.52481 0.35379 0.53472 0.35857 0.55131 0.36313 0.56843 0.36566 0.57671 0.36915 0.57836 0.37532 0.57922 0.38062 0.57715 0.38726 0.57193 0.39165 0.56644
4 0.47309 0.50811 0.47975 0.49785 0.47124 0.47210 0.46888 0.46280 0.46425 0.44770 0.45551 0.43806 0.45158 0.43747 0.44365 0.43830 0.43993 0.43970 0.43616 0.44060 0.43165 0.44761 0.43126 0.45971 0.43111 0.46878 0.43090 0.47986 0.43123 0.49089 0.43641 0.50342 0.44107 0.51097 0.44947 0.51461 0.45809 0.51521 0.46849 0.51161 0.47309 0.50811
4 0.40010 0.43071 0.40636 0.42201 0.41013 0.41055 0.41205 0.39914 0.40927 0.38586 0.40570 0.36763 0.40416 0.35824 0.40014 0.35228 0.39344 0.34896 0.38650 0.34868 0.37885 0.34949 0.36667 0.34926 0.35984 0.34998 0.35560 0.35696 0.35091 0.36751 0.35615 0.39109 0.35975 0.40429 0.36271 0.41403 0.36595 0.42123 0.37018 0.42732 0.37513 0.43233 0.38282 0.43454 0.38712 0.43610 0.40010 0.43071
4 0.30059 0.49773 0.31194 0.49106 0.31319 0.47906 0.30143 0.43369 0.29798 0.42033 0.29339 0.40528 0.28223 0.39001 0.27208 0.38836 0.26231 0.38662 0.25021 0.38609 0.24182 0.39245 0.23776 0.41113 0.24479 0.43965 0.24788 0.45486 0.25635 0.47885 0.26036 0.49603 0.26828 0.50827 0.27477 0.50960 0.28667 0.50377 0.30059 0.49773
4 0.42515 0.52772 0.42581 0.50503 0.42400 0.48260 0.42239 0.47774 0.41710 0.47478 0.41004 0.47854 0.40368 0.48373 0.39995 0.48764 0.39524 0.49015 0.38920 0.49581 0.38569 0.49919 0.38585 0.51124 0.39054 0.52432 0.39549 0.53989 0.39794 0.54215 0.40181 0.54476 0.41047 0.54837 0.41605 0.54628 0.42280 0.53954 0.42515 0.52772
4 0.33098 0.58840 0.32027 0.56540 0.31923 0.55545 0.31747 0.54658 0.31898 0.53989 0.31309 0.53649 0.30562 0.53375 0.28776 0.53463 0.28305 0.53713 0.28242 0.54424 0.28823 0.56273 0.29746 0.58489 0.30307 0.59888 0.30806 0.60690 0.31493 0.60919 0.32511 0.60611 0.33381 0.60218 0.33098 0.58840
4 0.30064 0.61773 0.30124 0.60510 0.29757 0.58588 0.29137 0.56894 0.28781 0.55875 0.28533 0.55097 0.28158 0.54684 0.28008 0.54046 0.27857 0.53660 0.27255 0.52919 0.26490 0.52999 0.26071 0.53747 0.26174 0.54993 0.26346 0.56885 0.26506 0.58678 0.26597 0.60328 0.26738 0.61670 0.27246 0.62824 0.28453 0.62747 0.29186 0.62620 0.30064 0.61773
4 0.35860 0.46695 0.36303 0.46100 0.36948 0.45117 0.36918 0.43386 0.36278 0.41080 0.35362 0.38618 0.34882 0.37386 0.34362 0.36254 0.33193 0.35648 0.31901 0.35784 0.31199 0.36225 0.30592 0.36651 0.29921 0.36998 0.29727 0.38933 0.29916 0.40286 0.30182 0.42817 0.30597 0.44875 0.31033 0.46106 0.31675 0.47959 0.32318 0.48349 0.34009 0.47714 0.34855 0.47168 0.35860 0.46695
