4 0.79458 0.56920 0.80386 0.55053 0.81299 0.52970 0.80681 0.51483 0.79724 0.49526 0.77675 0.46828 0.76276 0.45988 0.75157 0.45174 0.74301 0.45360 0.73894 0.46094 0.73123 0.47355 0.72766 0.48695 0.72503 0.50096 0.72404 0.51564 0.73564 0.52450 0.73973 0.52787 0.74884 0.54297 0.75280 0.55768 0.76143 0.57803 0.77330 0.58684 0.78253 0.59338 0.78690 0.58618 0.79458 0.56920
4 0.44266 0.71810 0.44902 0.69834 0.44641 0.68616 0.43337 0.63005 0.43772 0.61823 0.42933 0.60923 0.40813 0.60205 0.38982 0.60251 0.36569 0.60411 0.36038 0.61337 0.36119 0.63585 0.37234 0.67004 0.39071 0.71448 0.39794 0.72851 0.40815 0.73098 0.42336 0.73111 0.43765 0.73142 0.44266 0.71810
4 0.37105 0.67751 0.36177 0.63857 0.35997 0.61176 0.36020 0.60266 0.35288 0.58845 0.34842 0.57285 0.34146 0.56926 0.33192 0.56412 0.32276 0.57414 0.31813 0.58985 0.31784 0.60884 0.31531 0.62661 0.31628 0.65358 0.32014 0.67342 0.32112 0.68721 0.33837 0.70568 0.36336 0.71563 0.37172 0.71030 0.37105 0.67751
4 0.69288 0.63585 0.68867 0.60443 0.67787 0.57087 0.67031 0.55759 0.66324 0.55416 0.65429 0.55453 0.64368 0.55488 0.62002 0.56256 0.59767 0.57205 0.59582 0.57721 0.59515 0.60546 0.60619 0.64516 0.61559 0.67522 0.63624 0.70825 0.63976 0.71168 0.66369 0.70909 0.68268 0.70060 0.68985 0.69474 0.68975 0.66493 0.69288 0.63585
4 0.41024 0.53013 0.42614 0.52704 0.44063 0.52330 0.44875 0.51436 0.46380 0.51191 0.46690 0.49848 0.46617 0.47843 0.46461 0.46542 0.45670 0.42798 0.44828 0.39615 0.43684 0.36994 0.41882 0.34090 0.40468 0.31384 0.38711 0.29847 0.36876 0.29057 0.34917 0.28610 0.32732 0.29770 0.31876 0.32414 0.31633 0.34563 0.31727 0.36519 0.31882 0.38336 0.32313 0.40672 0.33075 0.45046 0.34183 0.48365 0.35257 0.50831 0.36942 0.52924 0.39278 0.53167 0.41024 0.53013
4 0.32491 0.51560 0.33809 0.50858 0.34563 0.49979 0.34801 0.49614 0.34060 0.48071 0.33231 0.45621 0.32780 0.43638 0.32380 0.41583 0.32267 0.40204 0.32271 0.39661 0.31923 0.38551 0.30452 0.36990 0.29446 0.34192 0.28537 0.32012 0.27831 0.31098 0.27083 0.30766 0.26493 0.30562 0.25753 0.30834 0.25129 0.31592 0.24900 0.33929 0.25387 0.39949 0.26043 0.44566 0.26703 0.47622 0.27605 0.49771 0.28707 0.51245 0.29609 0.51579 0.30454 0.51733 0.31113 0.51382 0.32491 0.51560
4 0.25438 0.51880 0.26345 0.51449 0.27560 0.49653 0.26703 0.47622 0.26010 0.44285 0.25397 0.39883 0.25044 0.39315 0.24168 0.37415 0.23073 0.34953 0.21994 0.33029 0.20645 0.31190 0.19557 0.30128 0.18531 0.29722 0.18474 0.32376 0.18520 0.33068 0.18652 0.33520 0.19355 0.36567 0.20408 0.39834 0.22192 0.44932 0.23654 0.49393 0.24558 0.51096 0.25438 0.51880
4 0.31906 0.59461 0.31970 0.57596 0.33148 0.56627 0.34565 0.56886 0.35507 0.56456 0.34617 0.54366 0.34085 0.52658 0.33828 0.51185 0.33357 0.51401 0.32369 0.51593 0.31532 0.51385 0.30909 0.51259 0.29775 0.52015 0.28355 0.55254 0.28007 0.58737 0.28304 0.62754 0.28571 0.64718 0.29489 0.65774 0.30759 0.66598 0.31111 0.66653 0.31747 0.65089 0.31579 0.61294 0.31906 0.59461
4 0.54151 0.71157 0.54972 0.72815 0.55402 0.73075 0.57829 0.72500 0.60465 0.71782 0.60412 0.70043 0.60647 0.67837 0.60682 0.66184 0.59639 0.61551 0.58272 0.58182 0.56804 0.57953 0.54529 0.58086 0.53281 0.58260 0.51629 0.58547 0.50919 0.58925 0.50758 0.60294 0.52037 0.65773 0.53322 0.70187 0.54151 0.71157
4 0.75178 0.63570 0.77090 0.61192 0.76719 0.60132 0.76118 0.57749 0.75293 0.55766 0.74879 0.54338 0.73661 0.52451 0.72559 0.51871 0.70480 0.51204 0.69371 0.51856 0.68876 0.53123 0.68807 0.53970 0.68593 0.54845 0.68243 0.55588 0.67953 0.56359 0.67836 0.57096 0.68944 0.60695 0.69302 0.63454 0.69520 0.64068 0.70328 0.64255 0.71465 0.66034 0.72548 0.66824 0.73194 0.66184 0.74227 0.64783 0.75178 0.63570
4 0.61507 0.45770 0.62273 0.46964 0.63232 0.47320 0.63859 0.47085 0.64280 0.47117 0.65132 0.47123 0.66413 0.47103 0.67300 0.46787 0.67812 0.46573 0.68146 0.46051 0.68894 0.45020 0.69320 0.43651 0.69396 0.41293 0.69156 0.38738 0.68880 0.36706 0.68111 0.32854 0.66880 0.29979 0.65706 0.28006 0.64513 0.26752 0.63190 0.26152 0.62175 0.26320 0.61585 0.27350 0.61046 0.29055 0.60647 0.31476 0.59712 0.36230 0.59544 0.37806 0.59820 0.41868 0.60064 0.42821 0.60655 0.44335 0.61507 0.45770
4 0.53273 0.70299 0.50779 0.61010 0.50171 0.60202 0.49295 0.59721 0.48064 0.59857 0.46261 0.60105 0.44837 0.60587 0.43983 0.61199 0.43282 0.63085 0.43751 0.65257 0.44758 0.68971 0.45387 0.70254 0.46231 0.71668 0.46818 0.72857 0.47479 0.73449 0.52678 0.73467 0.52957 0.72213 0.53273 0.70299
4 0.81080 0.40595 0.81519 0.39685 0.81641 0.38600 0.82051 0.32896 0.81847 0.28923 0.81641 0.27248 0.81200 0.25345 0.80522 0.25031 0.79706 0.25841 0.78856 0.27447 0.78237 0.29144 0.77170 0.31101 0.77262 0.34993 0.77084 0.38594 0.77419 0.38975 0.77735 0.39256 0.78545 0.40128 0.79236 0.40508 0.79878 0.40760 0.80661 0.40882 0.81080 0.40595
4 0.73181 0.44634 0.74360 0.45331 0.75135 0.45043 0.75316 0.44390 0.75931 0.43036 0.76187 0.41546 0.76866 0.39425 0.77359 0.35487 0.76854 0.29962 0.76158 0.26016 0.75276 0.23067 0.74506 0.22153 0.73518 0.21591 0.72535 0.21782 0.71354 0.22663 0.70407 0.23773 0.69694 0.25352 0.69224 0.28187 0.68691 0.31790 0.68524 0.33741 0.68882 0.36553 0.69437 0.41486 0.70644 0.42932 0.71942 0.44120 0.73181 0.44634
4 0.60048 0.47533 0.59932 0.42716 0.59481 0.36877 0.58122 0.33932 0.57084 0.32109 0.55636 0.29230 0.54114 0.27550 0.51779 0.27313 0.49502 0.27903 0.47630 0.29699 0.46035 0.31688 0.45679 0.34424 0.45497 0.36830 0.44830 0.38491 0.45135 0.40061 0.47161 0.48902 0.47761 0.50761 0.48857 0.52178 0.50999 0.52305 0.55175 0.51641 0.58571 0.50833 0.59422 0.49235 0.60048 0.47533
