4 0.29609 0.40197 0.29174 0.45617 0.29750 0.49202 0.30830 0.52563 0.31623 0.54082 0.33493 0.55820 0.36659 0.56579 0.39246 0.56902 0.42772 0.56579 0.45435 0.55820 0.47091 0.55169 0.47594 0.51372 0.48384 0.47787 0.48243 0.44208 0.48170 0.40519 0.47594 0.37158 0.47091 0.34224 0.45221 0.30426 0.43275 0.27607 0.40902 0.25437 0.39384 0.23716 0.37174 0.22732 0.34645 0.23377 0.33348 0.26088 0.31551 0.31186 0.30181 0.37158 0.29609 0.40197
4 0.17953 0.48443 0.18239 0.51803 0.18529 0.53104 0.21120 0.52131 0.22485 0.52891 0.23996 0.54082 0.25435 0.55060 0.28167 0.55601 0.30112 0.55492 0.31333 0.54410 0.30616 0.51694 0.30040 0.48656 0.29464 0.45186 0.29174 0.40087 0.29609 0.36180 0.28743 0.34120 0.27594 0.31842 0.25580 0.29344 0.23565 0.27934 0.22485 0.27716 0.20109 0.30322 0.18888 0.35093 0.18098 0.39650 0.17808 0.46164 0.17953 0.48443
4 0.67391 0.39820 0.67134 0.42421 0.66873 0.45290 0.66703 0.48672 0.66442 0.51667 0.66529 0.54011 0.68427 0.54923 0.71710 0.56617 0.74732 0.56874 0.76804 0.57005 0.78616 0.56355 0.79909 0.53230 0.81120 0.48410 0.80946 0.45809 0.80946 0.44246 0.80862 0.40470 0.80601 0.39038 0.80170 0.36175 0.79909 0.33568 0.79221 0.30705 0.77149 0.28492 0.74989 0.27842 0.73091 0.27842 0.71880 0.29404 0.70761 0.31224 0.69812 0.33568 0.68341 0.36694 0.67391 0.39820
4 0.87623 0.69645 0.89279 0.71486 0.92301 0.73984 0.94315 0.75066 0.96330 0.73765 0.96330 0.72465 0.95971 0.69645 0.95105 0.66388 0.94025 0.63568 0.92804 0.59224 0.91797 0.57273 0.90645 0.55426 0.89710 0.55213 0.89207 0.56623 0.87551 0.57164 0.87337 0.57601 0.86906 0.60639 0.86402 0.63240 0.86543 0.66279 0.87623 0.69645
4 0.80946 0.48934 0.82069 0.50104 0.82674 0.52186 0.84315 0.54792 0.86558 0.57005 0.87938 0.57005 0.89062 0.56486 0.90272 0.52060 0.91478 0.47760 0.92344 0.43596 0.92862 0.39820 0.92515 0.35650 0.92101 0.32022 0.90442 0.30443 0.89580 0.30574 0.88717 0.30836 0.87076 0.31874 0.86388 0.32268 0.85265 0.34869 0.83710 0.37213 0.82156 0.40470 0.81812 0.42945 0.80946 0.48934
4 0.26225 0.72749 0.27304 0.76650 0.28888 0.80126 0.30757 0.82617 0.32844 0.83273 0.34786 0.81426 0.37018 0.77197 0.38384 0.71552 0.38960 0.65475 0.38960 0.61787 0.38601 0.58967 0.36442 0.57339 0.33707 0.56361 0.29174 0.55279 0.27880 0.57011 0.26873 0.59399 0.26152 0.62219 0.26083 0.69273 0.26225 0.72749
4 0.75536 0.63022 0.75681 0.65410 0.75895 0.68989 0.76975 0.73005 0.78630 0.76481 0.80862 0.79082 0.82946 0.80279 0.85250 0.80710 0.86906 0.79842 0.87623 0.78213 0.87841 0.73333 0.86833 0.68557 0.86330 0.65519 0.85681 0.62262 0.84243 0.58251 0.83667 0.56732 0.82877 0.54344 0.81149 0.53694 0.79420 0.55213 0.78199 0.56404 0.76688 0.58033 0.75895 0.59552 0.75536 0.63022
4 0.04569 0.66235 0.05507 0.68295 0.08384 0.68514 0.11765 0.65912 0.13851 0.63956 0.15290 0.60158 0.15580 0.56470 0.15866 0.52672 0.15217 0.50066 0.13924 0.47683 0.12485 0.47465 0.10254 0.48333 0.09319 0.50066 0.09033 0.50612 0.07087 0.54082 0.05721 0.58639 0.04427 0.63738 0.04569 0.66235
4 0.52127 0.78825 0.53275 0.83705 0.54931 0.86202 0.57018 0.86415 0.59823 0.84574 0.61909 0.77738 0.62917 0.71880 0.63207 0.66235 0.63493 0.62437 0.63279 0.60268 0.62054 0.58317 0.58746 0.57339 0.55217 0.57213 0.51837 0.57339 0.51630 0.60601 0.50975 0.64934 0.51265 0.72852 0.52127 0.78825
4 0.65076 0.72311 0.66301 0.77738 0.67464 0.80765 0.70399 0.84792 0.72127 0.85224 0.74203 0.82077 0.75076 0.76978 0.75293 0.72639 0.75797 0.68951 0.75870 0.65257 0.75725 0.62005 0.75076 0.59836 0.72775 0.57880 0.70112 0.56902 0.67029 0.58634 0.65580 0.58530 0.64645 0.59940 0.64214 0.62437 0.64141 0.66776 0.65076 0.72311
4 0.03562 0.36071 0.04138 0.41820 0.04859 0.46164 0.06152 0.49743 0.08025 0.50503 0.11261 0.47787 0.13707 0.44967 0.15866 0.41279 0.17159 0.37809 0.16728 0.31404 0.14714 0.26738 0.13062 0.22508 0.10757 0.19251 0.08384 0.17732 0.06946 0.17082 0.05217 0.17842 0.04355 0.19033 0.03275 0.24246 0.03275 0.30426 0.03562 0.36071
4 0.48297 0.39530 0.48011 0.44525 0.48083 0.48104 0.48156 0.52333 0.48873 0.54612 0.50674 0.55049 0.54844 0.56027 0.58732 0.56568 0.62185 0.56678 0.64127 0.56027 0.65924 0.55809 0.66286 0.52230 0.66931 0.48104 0.66931 0.44847 0.66931 0.40399 0.66645 0.36279 0.66069 0.31721 0.65851 0.27377 0.65062 0.24557 0.63265 0.23038 0.60815 0.22388 0.58011 0.22388 0.55348 0.24448 0.53406 0.26514 0.51750 0.30093 0.50529 0.32153 0.49808 0.34109 0.48659 0.36820 0.48297 0.39530
4 0.13634 0.72639 0.13779 0.77628 0.15290 0.80235 0.18239 0.79366 0.21406 0.77306 0.23924 0.74158 0.25290 0.69923 0.25938 0.64825 0.26152 0.59940 0.26225 0.57448 0.25580 0.55710 0.23493 0.53541 0.21120 0.52131 0.19536 0.51913 0.18312 0.54082 0.15938 0.57770 0.14641 0.61246 0.13707 0.67432 0.13634 0.72639
4 0.41696 0.80235 0.43062 0.83596 0.44859 0.84246 0.45580 0.85224 0.46801 0.85005 0.48457 0.82186 0.49391 0.80016 0.50326 0.75459 0.50830 0.69710 0.50902 0.65044 0.51192 0.61678 0.50761 0.57770 0.49319 0.57448 0.46801 0.57230 0.42127 0.57339 0.39464 0.57770 0.39536 0.58421 0.39105 0.61027 0.39105 0.65912 0.39967 0.73180 0.41696 0.80235
