4 0.09334 0.55100 0.12080 0.54000 0.13887 0.51499 0.14267 0.49572 0.14024 0.47028 0.14571 0.44833 0.15785 0.40788 0.16508 0.38096 0.17250 0.35330 0.16507 0.31495 0.15891 0.29010 0.15698 0.25859 0.14736 0.23518 0.14102 0.20488 0.12896 0.18092 0.11710 0.16242 0.11062 0.15534 0.09340 0.17904 0.08016 0.22389 0.06868 0.28236 0.05863 0.34124 0.05466 0.37365 0.04977 0.44074 0.05115 0.46829 0.05201 0.52054 0.06351 0.54047 0.09334 0.55100
4 0.40713 0.69023 0.41841 0.66353 0.42509 0.64498 0.41849 0.64255 0.40479 0.63761 0.38765 0.62787 0.36388 0.62195 0.34565 0.62287 0.32346 0.63130 0.31653 0.63425 0.30912 0.67430 0.30437 0.69333 0.30111 0.72513 0.30000 0.74817 0.31223 0.76518 0.32997 0.77040 0.35454 0.76486 0.37502 0.74665 0.39184 0.72055 0.40713 0.69023
4 0.84051 0.75537 0.87100 0.74045 0.89683 0.70499 0.92280 0.65864 0.94645 0.60709 0.96184 0.56199 0.97424 0.51225 0.98224 0.47387 0.98211 0.44354 0.97155 0.43003 0.95101 0.43815 0.92937 0.45680 0.90861 0.47804 0.88850 0.49476 0.87006 0.50880 0.86527 0.51769 0.84095 0.52638 0.81874 0.54106 0.81097 0.56396 0.79839 0.61444 0.78962 0.66818 0.79264 0.69529 0.79840 0.71773 0.80220 0.73963 0.81656 0.75019 0.84051 0.75537
4 0.73607 0.79922 0.74272 0.77452 0.75335 0.74220 0.75536 0.73414 0.73902 0.73784 0.72041 0.73399 0.69797 0.72682 0.68108 0.71410 0.66441 0.69829 0.65460 0.68807 0.65191 0.69675 0.64258 0.72387 0.63245 0.76252 0.63122 0.79640 0.63917 0.83876 0.64478 0.87198 0.66150 0.89794 0.68624 0.89786 0.70976 0.88198 0.72440 0.84604 0.73607 0.79922
4 0.11647 0.71790 0.15039 0.66857 0.16139 0.65920 0.17382 0.64648 0.18344 0.63024 0.19078 0.60318 0.19700 0.56835 0.18429 0.55493 0.16220 0.54198 0.13980 0.52519 0.13956 0.51866 0.12475 0.53360 0.11165 0.54149 0.09463 0.55031 0.07789 0.56292 0.06798 0.59024 0.05136 0.63459 0.04398 0.66164 0.03327 0.70459 0.02533 0.73899 0.03135 0.76189 0.04901 0.77282 0.07506 0.77003 0.10015 0.74367 0.11647 0.71790
4 0.28395 0.72164 0.29389 0.70857 0.31340 0.63031 0.30158 0.62815 0.28529 0.61711 0.27105 0.60190 0.26684 0.57759 0.26537 0.56478 0.26465 0.56150 0.25070 0.56580 0.23393 0.56702 0.22148 0.56572 0.20709 0.56112 0.20277 0.56393 0.18183 0.65422 0.16533 0.73475 0.16375 0.75142 0.17084 0.76643 0.18458 0.77526 0.20525 0.78120 0.22307 0.77787 0.24249 0.76407 0.26235 0.74419 0.28395 0.72164
4 0.46248 0.62710 0.45970 0.64516 0.47029 0.65946 0.50069 0.67352 0.52022 0.67771 0.53723 0.68004 0.56329 0.68394 0.59060 0.68625 0.60557 0.68480 0.62011 0.68324 0.63311 0.67933 0.64633 0.67615 0.66133 0.66243 0.67329 0.63692 0.68179 0.60283 0.68972 0.56921 0.69149 0.55867 0.70046 0.51236 0.70521 0.45723 0.70605 0.43153 0.70424 0.40782 0.70201 0.38395 0.69761 0.36731 0.68938 0.34521 0.67265 0.33653 0.64800 0.33038 0.62847 0.33131 0.61089 0.33470 0.58990 0.33983 0.56760 0.35691 0.54611 0.38456 0.52512 0.41362 0.51356 0.43079 0.49536 0.46770 0.48948 0.48949 0.48021 0.52666 0.47615 0.55673 0.46906 0.59895 0.46248 0.62710
4 0.65592 0.67364 0.65356 0.68939 0.67526 0.71186 0.70022 0.72738 0.73431 0.73515 0.75898 0.73116 0.78133 0.68706 0.79665 0.63805 0.80667 0.58542 0.81503 0.54560 0.82196 0.51782 0.83450 0.47589 0.83835 0.44188 0.82810 0.41679 0.81079 0.40161 0.77508 0.40436 0.74973 0.42755 0.74353 0.43997 0.73121 0.45014 0.71910 0.46576 0.70709 0.48293 0.70028 0.50606 0.69523 0.54907 0.69109 0.57603 0.68720 0.59370 0.67725 0.62540 0.66542 0.65427 0.65592 0.67364
4 0.00000 0.68149 0.02057 0.66881 0.03504 0.65288 0.05500 0.62986 0.06707 0.60122 0.07445 0.56668 0.08765 0.55600 0.08631 0.54638 0.06771 0.54174 0.05556 0.52846 0.05145 0.50784 0.05349 0.48227 0.04869 0.47922 0.02310 0.50263 0.00000 0.52768 0.00000 0.68149
4 0.14031 0.51535 0.15463 0.53447 0.17777 0.55111 0.20671 0.56294 0.22805 0.56826 0.24779 0.56547 0.25661 0.56530 0.26507 0.56431 0.26868 0.54578 0.27645 0.51044 0.28610 0.47173 0.29607 0.43384 0.31126 0.39567 0.31091 0.36607 0.29762 0.33477 0.29077 0.31059 0.27798 0.27710 0.26256 0.25225 0.24916 0.24817 0.22939 0.25721 0.22537 0.25689 0.21566 0.26077 0.20842 0.27530 0.19878 0.29537 0.18881 0.31468 0.17680 0.34429 0.16679 0.37829 0.16042 0.40385 0.14813 0.44893 0.13955 0.48334 0.14031 0.51535
4 0.62820 0.76923 0.63938 0.73474 0.64897 0.70452 0.65484 0.68503 0.65791 0.66868 0.65110 0.67323 0.64043 0.67676 0.62697 0.68118 0.60649 0.68694 0.58887 0.68334 0.57260 0.68238 0.54338 0.67977 0.53685 0.68124 0.52715 0.70366 0.52104 0.73012 0.51698 0.76093 0.52278 0.79966 0.53492 0.83141 0.55310 0.85148 0.57244 0.85242 0.59633 0.83506 0.61564 0.80107 0.62820 0.76923
4 0.52512 0.71886 0.53173 0.69640 0.53057 0.67827 0.49427 0.66690 0.47914 0.66155 0.46631 0.64906 0.45934 0.63567 0.45594 0.62863 0.44696 0.64187 0.43537 0.64912 0.43096 0.65033 0.42877 0.64669 0.41085 0.72067 0.40307 0.76221 0.40129 0.79826 0.40490 0.83334 0.42581 0.84864 0.44763 0.84783 0.47600 0.82077 0.49675 0.77470 0.51116 0.75418 0.52512 0.71886
4 0.26648 0.56466 0.26664 0.57957 0.26890 0.59630 0.28465 0.61577 0.30515 0.62476 0.33034 0.63037 0.35343 0.62509 0.38529 0.62909 0.41306 0.64052 0.43550 0.64758 0.44691 0.64135 0.45709 0.62120 0.46528 0.59868 0.47209 0.57645 0.47747 0.54394 0.48818 0.49305 0.49631 0.46208 0.50539 0.42745 0.50995 0.39885 0.50421 0.35986 0.48827 0.33257 0.47138 0.31090 0.45320 0.29083 0.43168 0.27904 0.41324 0.27377 0.40090 0.27519 0.39120 0.27277 0.38553 0.27136 0.37012 0.27985 0.34535 0.31378 0.33439 0.33886 0.31535 0.39111 0.30107 0.43283 0.29075 0.45875 0.28058 0.48922 0.27097 0.52433 0.26648 0.56466
4 0.86309 0.79361 0.85996 0.74625 0.85081 0.75405 0.82310 0.75571 0.80457 0.74331 0.79495 0.72616 0.79134 0.70352 0.79117 0.68563 0.78851 0.67562 0.77751 0.69698 0.76809 0.72025 0.75537 0.74040 0.75536 0.73414 0.74699 0.77401 0.74676 0.80578 0.75394 0.84721 0.75885 0.88955 0.77143 0.91758 0.78828 0.92020 0.82778 0.90212 0.85192 0.87553 0.86354 0.84345 0.86309 0.79361
