4 0.39305 0.53921 0.40386 0.56229 0.41739 0.56891 0.42784 0.56809 0.43843 0.56310 0.45586 0.56465 0.46866 0.56538 0.48146 0.56611 0.49403 0.56318 0.50340 0.55697 0.50450 0.54487 0.50366 0.52932 0.50011 0.49338 0.49352 0.44494 0.48782 0.39499 0.48262 0.35789 0.47791 0.32485 0.47058 0.31931 0.46145 0.30662 0.45339 0.29011 0.44223 0.27446 0.42386 0.26014 0.41463 0.25344 0.40327 0.25392 0.38408 0.25904 0.36885 0.26137 0.36664 0.28374 0.36309 0.30396 0.36356 0.33061 0.36039 0.35217 0.36681 0.40617 0.37453 0.46553 0.38120 0.49878 0.38713 0.52429 0.39305 0.53921
4 0.53805 0.68275 0.54170 0.68689 0.54611 0.68917 0.55089 0.69176 0.55711 0.69135 0.56141 0.68871 0.56626 0.68246 0.57045 0.67348 0.57331 0.66183 0.57583 0.65411 0.57835 0.64498 0.57980 0.63527 0.58157 0.62552 0.58315 0.61686 0.58424 0.60825 0.58422 0.59731 0.58330 0.58578 0.58185 0.57395 0.58057 0.56353 0.54052 0.56562 0.52072 0.56452 0.51271 0.55845 0.50725 0.54359 0.50480 0.54247 0.50458 0.54603 0.50409 0.55280 0.50277 0.55684 0.49855 0.56018 0.49718 0.56247 0.50348 0.60299 0.50699 0.62621 0.50892 0.63656 0.51360 0.64375 0.51639 0.64765 0.52152 0.65443 0.52637 0.66301 0.53028 0.67064 0.53440 0.67720 0.53805 0.68275
4 0.19995 0.69912 0.20290 0.71194 0.20690 0.73340 0.21011 0.74838 0.21237 0.75835 0.21385 0.76768 0.21499 0.77413 0.21644 0.77761 0.22076 0.77928 0.22548 0.77870 0.23087 0.77511 0.23614 0.76787 0.24133 0.75992 0.24567 0.75060 0.24915 0.73993 0.25408 0.72980 0.25932 0.71672 0.26263 0.70460 0.26503 0.69626 0.26683 0.68579 0.26597 0.66760 0.26234 0.63804 0.25974 0.61127 0.25749 0.58740 0.25579 0.57077 0.25503 0.55623 0.25395 0.54465 0.25012 0.53854 0.24375 0.53126 0.23867 0.52896 0.23183 0.52907 0.22907 0.53453 0.22450 0.54753 0.21855 0.55485 0.21182 0.55860 0.20097 0.55116 0.19874 0.54411 0.19751 0.55085 0.19664 0.57730 0.19683 0.59558 0.19720 0.61529 0.19734 0.62479 0.19735 0.64163 0.19717 0.65409 0.19744 0.67308 0.19863 0.68831 0.19995 0.69912
4 0.84801 0.64894 0.85272 0.65934 0.85622 0.66928 0.85922 0.67745 0.86063 0.67728 0.86849 0.67387 0.87549 0.66813 0.87937 0.65790 0.88267 0.64285 0.88483 0.62795 0.88564 0.60894 0.88427 0.59081 0.88226 0.57215 0.88012 0.55473 0.87792 0.53914 0.87566 0.52539 0.87286 0.51415 0.86934 0.50177 0.86539 0.48823 0.86131 0.47592 0.85952 0.47065 0.85633 0.46555 0.85576 0.46562 0.85479 0.46696 0.85058 0.46992 0.84841 0.47080 0.84462 0.47248 0.84145 0.47226 0.83737 0.47154 0.83334 0.46899 0.82910 0.46463 0.82640 0.46130 0.82386 0.45917 0.82131 0.45704 0.82040 0.45655 0.81846 0.46167 0.81703 0.47099 0.81442 0.48229 0.81070 0.49616 0.82047 0.53156 0.82874 0.57568 0.83806 0.63064 0.84297 0.64041 0.84801 0.64894
4 0.65187 0.52907 0.66360 0.52809 0.67563 0.52431 0.68741 0.51826 0.69465 0.50356 0.69790 0.47048 0.69575 0.44772 0.68795 0.40172 0.67819 0.34860 0.66613 0.29069 0.65838 0.27323 0.64859 0.26017 0.63577 0.25759 0.62528 0.26165 0.61549 0.27666 0.61048 0.30075 0.60351 0.30897 0.60758 0.33840 0.61359 0.39106 0.61827 0.43790 0.62316 0.49531 0.62387 0.51686 0.62848 0.52458 0.63335 0.53089 0.64205 0.52982 0.65187 0.52907
4 0.75810 0.57718 0.75972 0.58258 0.76233 0.58835 0.76925 0.59818 0.77386 0.60473 0.78167 0.61800 0.78516 0.62316 0.79025 0.63168 0.79310 0.63743 0.79476 0.64130 0.79950 0.64885 0.80523 0.65678 0.80948 0.66236 0.81250 0.66758 0.81798 0.67149 0.82397 0.67380 0.82807 0.67431 0.83411 0.67306 0.83995 0.67031 0.84104 0.66560 0.84149 0.66148 0.84059 0.64837 0.83719 0.62846 0.83216 0.59910 0.82784 0.57167 0.82397 0.54978 0.81910 0.52954 0.81316 0.50638 0.80988 0.49509 0.80668 0.50006 0.80283 0.50358 0.79735 0.49968 0.77393 0.47359 0.76708 0.46426 0.76570 0.46850 0.76116 0.48583 0.75814 0.49992 0.75397 0.51060 0.75143 0.51701 0.74519 0.52235 0.74801 0.53369 0.74886 0.53867 0.75287 0.55394 0.75582 0.56628 0.75810 0.57718
4 0.38260 0.54004 0.38901 0.52912 0.38440 0.51265 0.37677 0.47676 0.37097 0.43834 0.36577 0.39248 0.36005 0.35452 0.35454 0.34138 0.34559 0.32637 0.33506 0.30556 0.32429 0.29676 0.31345 0.29625 0.30263 0.29942 0.29613 0.32186 0.29437 0.34969 0.29708 0.38757 0.29784 0.42707 0.30551 0.48781 0.31319 0.51679 0.32311 0.53813 0.33526 0.54585 0.35178 0.54520 0.37378 0.54526 0.38260 0.54004
4 0.72593 0.52200 0.73284 0.52777 0.74136 0.52342 0.75037 0.51678 0.75967 0.49354 0.76619 0.46457 0.76583 0.42373 0.76096 0.37351 0.74898 0.30758 0.74248 0.27358 0.72280 0.25224 0.69742 0.24983 0.67848 0.25768 0.66631 0.26800 0.66845 0.28544 0.67708 0.33685 0.69117 0.41578 0.69817 0.46021 0.69779 0.48236 0.70383 0.49156 0.71030 0.49795 0.71602 0.50664 0.72593 0.52200
4 0.55887 0.56305 0.57470 0.56387 0.58797 0.56316 0.60192 0.56098 0.61246 0.54680 0.62023 0.53112 0.62231 0.50416 0.61849 0.44846 0.61065 0.37761 0.60430 0.32591 0.60147 0.30462 0.59004 0.26920 0.57468 0.25313 0.56222 0.24637 0.54643 0.25291 0.53245 0.25140 0.51221 0.25849 0.49986 0.26323 0.49458 0.27631 0.48876 0.29913 0.48421 0.32178 0.47863 0.32891 0.49082 0.41580 0.49576 0.46491 0.50580 0.53780 0.51328 0.55852 0.52245 0.56475 0.54088 0.56572 0.55887 0.56305
4 0.81808 0.42395 0.81934 0.44820 0.81938 0.45551 0.82560 0.45963 0.83254 0.46732 0.84066 0.47303 0.84930 0.47136 0.85805 0.46357 0.86404 0.45186 0.86684 0.43749 0.86908 0.41159 0.86788 0.38552 0.86628 0.36314 0.86435 0.34509 0.86241 0.32703 0.85962 0.30663 0.85593 0.28818 0.85173 0.26795 0.84779 0.25441 0.84437 0.24751 0.84218 0.24595 0.84106 0.24609 0.83798 0.24890 0.83414 0.25487 0.83094 0.26136 0.82565 0.27177 0.82226 0.28133 0.81930 0.29207 0.81675 0.30153 0.81315 0.31173 0.81220 0.31794 0.81342 0.33487 0.81302 0.35017 0.81360 0.36656 0.81425 0.38112 0.81537 0.39257 0.81576 0.40046 0.81745 0.41183 0.81808 0.42395
4 0.28820 0.56268 0.29907 0.54063 0.30326 0.53090 0.31299 0.51360 0.30541 0.48875 0.30307 0.46970 0.29920 0.43288 0.29789 0.38885 0.29459 0.35151 0.28617 0.33551 0.27598 0.31927 0.26110 0.28933 0.25122 0.28778 0.23539 0.28696 0.22362 0.29117 0.21928 0.30137 0.21554 0.31656 0.21638 0.34270 0.21843 0.36638 0.22059 0.41031 0.22856 0.45767 0.23617 0.49863 0.24899 0.52744 0.26648 0.55752 0.28009 0.56505 0.28820 0.56268
4 0.18858 0.49907 0.19077 0.51022 0.19390 0.52565 0.19568 0.53684 0.19826 0.54443 0.20235 0.55096 0.20795 0.55642 0.21241 0.55587 0.21605 0.55542 0.21959 0.55411 0.22563 0.54634 0.22772 0.53994 0.22960 0.53180 0.23309 0.52347 0.23702 0.51860 0.23972 0.51387 0.23928 0.50690 0.23609 0.49763 0.22781 0.45034 0.22071 0.41257 0.22017 0.38804 0.21883 0.36713 0.21753 0.35324 0.21615 0.34199 0.20872 0.33500 0.20107 0.32627 0.19118 0.31607 0.18273 0.30745 0.17742 0.30107 0.16907 0.29331 0.16551 0.29112 0.16006 0.29355 0.16120 0.29955 0.16258 0.31080 0.16243 0.33629 0.16297 0.36081 0.16605 0.38591 0.16941 0.40657 0.17318 0.42719 0.17911 0.45544 0.18358 0.47510 0.18858 0.49907
4 0.16162 0.37062 0.15908 0.36850 0.15717 0.36690 0.15159 0.36332 0.14777 0.36012 0.14140 0.35237 0.13831 0.35275 0.13558 0.35613 0.13362 0.37040 0.13444 0.39104 0.13590 0.41220 0.13805 0.43207 0.14200 0.45720 0.14770 0.48273 0.15358 0.50274 0.15969 0.52456 0.16507 0.54280 0.16828 0.55034 0.17415 0.55633 0.18279 0.55466 0.18901 0.54718 0.19421 0.53374 0.19467 0.52819 0.18643 0.48895 0.18130 0.46579 0.17705 0.44741 0.16944 0.40870 0.16653 0.39198 0.16368 0.37342 0.16290 0.37168 0.16162 0.37062
4 0.28830 0.79367 0.29400 0.80102 0.29907 0.80333 0.30643 0.80462 0.31485 0.80066 0.31851 0.79143 0.32153 0.77422 0.32340 0.76155 0.32567 0.74371 0.32809 0.72438 0.33053 0.70798 0.33373 0.69221 0.33812 0.67777 0.34287 0.66621 0.34756 0.65977 0.34856 0.65673 0.34390 0.62436 0.33548 0.58368 0.32892 0.54423 0.32246 0.53624 0.31314 0.51616 0.31014 0.52238 0.30504 0.53106 0.30187 0.53877 0.29654 0.55113 0.29194 0.55828 0.28605 0.56340 0.28057 0.56334 0.27778 0.56295 0.27194 0.56001 0.26839 0.55898 0.26482 0.55503 0.25894 0.54623 0.25562 0.54152 0.25441 0.55118 0.25535 0.56717 0.25763 0.59690 0.26524 0.65891 0.26892 0.69725 0.27430 0.73830 0.27874 0.76045 0.28195 0.77542 0.28496 0.78603 0.28830 0.79367
4 0.61810 0.64698 0.62191 0.64969 0.62751 0.65359 0.63282 0.65647 0.63743 0.65767 0.64333 0.65730 0.64910 0.65588 0.65324 0.65325 0.65785 0.64775 0.66074 0.64174 0.66392 0.63394 0.66549 0.62386 0.66550 0.61186 0.66464 0.59679 0.66103 0.57147 0.65626 0.54064 0.65470 0.53060 0.65379 0.52859 0.63189 0.52916 0.62886 0.52600 0.62597 0.52001 0.62435 0.51350 0.62206 0.50566 0.62247 0.51302 0.62150 0.52126 0.62021 0.53095 0.61797 0.53687 0.61225 0.54816 0.60485 0.55790 0.59857 0.56325 0.58584 0.56446 0.58046 0.56371 0.58447 0.59640 0.58674 0.60141 0.58909 0.60572 0.59377 0.61290 0.59688 0.61676 0.60037 0.62092 0.60424 0.62962 0.60893 0.63681 0.61226 0.64240 0.61810 0.64698
4 0.19731 0.54482 0.19603 0.54243 0.19367 0.53934 0.19289 0.54113 0.19066 0.54394 0.18688 0.54864 0.18455 0.55231 0.18130 0.55483 0.17769 0.55612 0.17309 0.55584 0.16862 0.55173 0.16644 0.54522 0.16314 0.54097 0.15962 0.54140 0.15778 0.54416 0.15528 0.55930 0.15301 0.58922 0.15341 0.62645 0.15494 0.66311 0.15961 0.69303 0.16806 0.72800 0.17709 0.75146 0.18834 0.77040 0.19604 0.77666 0.20077 0.77481 0.20130 0.77263 0.20285 0.76269 0.20382 0.75283 0.20489 0.74380 0.20678 0.73976 0.20513 0.72472 0.20177 0.71030 0.19826 0.68490 0.19686 0.65415 0.19652 0.61099 0.19611 0.56572 0.19678 0.55505 0.19772 0.54816 0.19731 0.54482
4 0.80043 0.50364 0.80632 0.50048 0.81125 0.48951 0.81575 0.47493 0.81880 0.45564 0.81809 0.42890 0.81710 0.41621 0.81437 0.39398 0.81399 0.38853 0.81374 0.37027 0.81320 0.34960 0.81293 0.32645 0.81122 0.31020 0.80933 0.28786 0.80670 0.27110 0.80474 0.25975 0.80066 0.24745 0.79587 0.23401 0.78924 0.24275 0.78219 0.25277 0.77682 0.26257 0.77268 0.27528 0.76657 0.29067 0.76025 0.30425 0.75659 0.31629 0.75463 0.33056 0.75429 0.33243 0.75510 0.33904 0.76188 0.38030 0.76590 0.42006 0.76613 0.43588 0.76629 0.46270 0.76877 0.46667 0.78380 0.48678 0.80043 0.50364
4 0.37317 0.70767 0.38015 0.71108 0.38628 0.71216 0.39226 0.71203 0.39626 0.70971 0.40175 0.69867 0.40341 0.69358 0.40586 0.69024 0.40928 0.68555 0.41292 0.68266 0.41652 0.67246 0.42012 0.66226 0.42260 0.65220 0.42378 0.63863 0.42190 0.61630 0.42111 0.60054 0.41898 0.58555 0.41679 0.57240 0.41592 0.56763 0.40379 0.56180 0.39945 0.55440 0.39497 0.54580 0.39162 0.53707 0.38841 0.52953 0.38312 0.53994 0.37329 0.54359 0.35614 0.54569 0.33750 0.54737 0.32947 0.54470 0.33777 0.59369 0.34560 0.63420 0.34821 0.64852 0.35080 0.65796 0.35430 0.66790 0.35745 0.67727 0.36032 0.68668 0.36416 0.69475 0.36765 0.70225 0.37317 0.70767
4 0.44647 0.67476 0.45148 0.68191 0.45611 0.68734 0.46070 0.69242 0.46295 0.69462 0.46720 0.69692 0.47226 0.69771 0.47733 0.69603 0.48083 0.69490 0.48573 0.69041 0.48910 0.68152 0.49262 0.67121 0.49607 0.66161 0.49904 0.65348 0.50151 0.64541 0.50442 0.63411 0.50583 0.62405 0.50327 0.60319 0.49853 0.57130 0.49693 0.56232 0.48827 0.56444 0.47232 0.56640 0.44873 0.56400 0.43778 0.56358 0.42470 0.56872 0.41924 0.56868 0.41942 0.57149 0.42076 0.57838 0.42285 0.59401 0.42413 0.60444 0.42616 0.61831 0.42838 0.62968 0.43097 0.64137 0.43371 0.65020 0.43617 0.65943 0.44088 0.66556 0.44647 0.67476
4 0.68909 0.65115 0.69481 0.66279 0.69849 0.67117 0.70354 0.67867 0.70685 0.68144 0.71260 0.68391 0.71584 0.68739 0.72002 0.69182 0.72960 0.69452 0.73503 0.69704 0.73930 0.69686 0.74366 0.69598 0.74593 0.69570 0.74797 0.69615 0.75201 0.69672 0.75710 0.69645 0.76177 0.68881 0.76360 0.67411 0.76372 0.65892 0.76302 0.64242 0.76164 0.62176 0.75939 0.59945 0.75335 0.56772 0.74638 0.52975 0.74413 0.52085 0.74130 0.52473 0.73521 0.52760 0.73064 0.52674 0.72365 0.52089 0.71825 0.51062 0.70992 0.49787 0.70254 0.48890 0.69749 0.48140 0.69590 0.48865 0.69497 0.49724 0.69359 0.50482 0.69090 0.51256 0.68744 0.51793 0.67372 0.52597 0.65794 0.52931 0.65812 0.53212 0.65826 0.53457 0.65949 0.55136 0.66150 0.56770 0.66388 0.58577 0.66628 0.59994 0.66788 0.60892 0.67009 0.61748 0.67396 0.62618 0.67922 0.63400 0.68909 0.65115
