4 0.55955 0.44400 0.56087 0.46891 0.56219 0.48737 0.56285 0.49823 0.56021 0.50474 0.56021 0.50691 0.57142 0.51994 0.58396 0.53080 0.59580 0.54274 0.61823 0.55354 0.63472 0.55354 0.64396 0.55354 0.66306 0.55354 0.68087 0.54594 0.69472 0.53949 0.72042 0.51777 0.73163 0.49497 0.73691 0.47000 0.74219 0.44074 0.74417 0.39623 0.74417 0.36257 0.74087 0.33114 0.73361 0.28989 0.72833 0.26383 0.72306 0.24109 0.71316 0.21611 0.69736 0.20200 0.68285 0.19223 0.66569 0.19331 0.64462 0.21611 0.62417 0.24977 0.60701 0.28446 0.58726 0.31920 0.57208 0.33657 0.56549 0.33983 0.56087 0.35606 0.55889 0.39189 0.55823 0.42120 0.55955 0.44400
4 0.46611 0.76200 0.47535 0.80326 0.48326 0.84120 0.49052 0.86183 0.50833 0.88571 0.52281 0.90634 0.53733 0.92149 0.55646 0.92474 0.57295 0.92366 0.58611 0.90634 0.59271 0.86726 0.59535 0.82817 0.59931 0.78697 0.60062 0.74789 0.59601 0.70777 0.59271 0.67411 0.59007 0.64697 0.58611 0.61989 0.57819 0.60794 0.56569 0.59817 0.54524 0.59383 0.52347 0.59383 0.49844 0.59817 0.45823 0.60686 0.44767 0.62531 0.44503 0.65240 0.44701 0.67846 0.45757 0.72080 0.46611 0.76200
4 0.60656 0.74571 0.61250 0.78263 0.62767 0.82491 0.64149 0.85531 0.65997 0.88571 0.67844 0.90743 0.70017 0.92149 0.72062 0.92474 0.74306 0.90743 0.75094 0.87160 0.75160 0.82926 0.75358 0.76634 0.75358 0.71863 0.75160 0.67086 0.74701 0.62531 0.74042 0.59600 0.73052 0.57754 0.70941 0.55909 0.68899 0.55257 0.65403 0.55366 0.63556 0.56343 0.61580 0.57320 0.60128 0.59491 0.59007 0.61989 0.59073 0.65566 0.59865 0.70343 0.60656 0.74571
4 0.16549 0.81303 0.17799 0.85531 0.18920 0.88571 0.20899 0.90851 0.22677 0.91069 0.24458 0.88354 0.24722 0.84880 0.24326 0.80869 0.23337 0.76526 0.22153 0.72943 0.21625 0.69800 0.21427 0.66109 0.21229 0.64371 0.20174 0.63720 0.18326 0.63069 0.16153 0.63286 0.13910 0.63937 0.12590 0.64480 0.12590 0.65349 0.13118 0.68931 0.14174 0.73269 0.15163 0.76634 0.16549 0.81303
4 0.73955 0.43206 0.73757 0.46240 0.73757 0.47543 0.75142 0.49389 0.77382 0.50691 0.79625 0.51451 0.82132 0.52103 0.83580 0.51777 0.86944 0.46240 0.87142 0.44400 0.87208 0.39514 0.86944 0.36040 0.86285 0.30617 0.85889 0.27903 0.85097 0.26491 0.83646 0.24109 0.82920 0.23023 0.81802 0.23566 0.80219 0.26274 0.78899 0.27686 0.76920 0.30291 0.76066 0.32246 0.75472 0.33006 0.74417 0.34960 0.74351 0.37017 0.74417 0.39949 0.73955 0.43206
4 0.05385 0.39406 0.05056 0.43097 0.05122 0.47109 0.05385 0.51994 0.05517 0.55680 0.06705 0.61760 0.09142 0.62520 0.10594 0.62737 0.12045 0.62846 0.14219 0.63171 0.15340 0.62737 0.16330 0.62520 0.18569 0.62303 0.20417 0.61326 0.20351 0.60349 0.20153 0.58829 0.19889 0.55571 0.19823 0.52863 0.19691 0.49714 0.19493 0.46240 0.19361 0.42663 0.19559 0.38537 0.20483 0.33440 0.20549 0.32246 0.21354 0.29771 0.21007 0.27714 0.19444 0.25200 0.18111 0.24109 0.15472 0.21720 0.14219 0.20960 0.11913 0.20851 0.09340 0.22046 0.07559 0.24434 0.06833 0.28337 0.06045 0.31703 0.05781 0.34960 0.05385 0.39406
4 0.86219 0.31920 0.86285 0.36149 0.87010 0.38429 0.87274 0.41143 0.87604 0.44937 0.87670 0.45371 0.88854 0.45589 0.89646 0.46240 0.91823 0.47326 0.93604 0.47109 0.95646 0.45046 0.97295 0.40600 0.97295 0.38971 0.96899 0.34851 0.96569 0.31269 0.96174 0.27360 0.96108 0.23240 0.95118 0.20091 0.93538 0.16943 0.92219 0.15754 0.90899 0.15754 0.89448 0.18137 0.88524 0.19549 0.87986 0.21486 0.87076 0.24109 0.86219 0.26491 0.86087 0.28989 0.86219 0.31920
4 0.75490 0.71971 0.75556 0.75874 0.75819 0.78697 0.76611 0.81194 0.77535 0.83686 0.78920 0.85640 0.81622 0.87920 0.84656 0.87486 0.86438 0.84337 0.87292 0.79240 0.88149 0.73811 0.88281 0.69583 0.87753 0.64480 0.87094 0.60577 0.85451 0.55886 0.83854 0.54800 0.82222 0.54057 0.80174 0.53943 0.77931 0.54823 0.76875 0.56234 0.75764 0.58057 0.74438 0.61446 0.74569 0.63829 0.74965 0.67629 0.75490 0.71971
4 0.33889 0.73051 0.35007 0.75766 0.36128 0.79349 0.37184 0.83143 0.38503 0.87594 0.39889 0.89657 0.41601 0.91611 0.43118 0.91611 0.44767 0.90200 0.45295 0.86726 0.45757 0.82491 0.45885 0.77286 0.45757 0.73486 0.45163 0.70560 0.44437 0.64589 0.44240 0.63394 0.44108 0.62749 0.42458 0.61989 0.40677 0.61880 0.38174 0.61989 0.36524 0.61989 0.34347 0.62314 0.33955 0.62640 0.32965 0.63177 0.32635 0.64697 0.32833 0.66326 0.33163 0.70017 0.33889 0.73051
4 0.24063 0.79023 0.25184 0.82709 0.26833 0.87377 0.27889 0.90091 0.29337 0.92909 0.31910 0.94429 0.33955 0.93451 0.35601 0.89983 0.35601 0.87486 0.35601 0.83577 0.34545 0.76960 0.34021 0.74463 0.33361 0.70343 0.33097 0.67954 0.32437 0.65240 0.31976 0.63611 0.30392 0.62966 0.26701 0.63069 0.24920 0.63286 0.22743 0.63200 0.21691 0.64371 0.21559 0.67411 0.22021 0.71971 0.22809 0.75766 0.24063 0.79023
4 1.00000 0.65817 0.98962 0.61446 0.98632 0.60143 0.98042 0.57971 0.97514 0.55800 0.96788 0.54280 0.96590 0.53309 0.95337 0.52223 0.94215 0.51354 0.92698 0.51246 0.91448 0.51137 0.89667 0.51897 0.88149 0.52983 0.86764 0.54931 0.86354 0.56000 0.86319 0.57543 0.86635 0.59057 0.87424 0.60686 0.88017 0.63720 0.88149 0.66977 0.88215 0.69149 0.88215 0.70994 0.88545 0.73920 0.89205 0.76743 0.90128 0.80543 0.91910 0.83034 0.94215 0.84663 0.96392 0.85314 0.97778 0.84663 0.99358 0.82600 1.00000 0.80491 1.00000 0.65817
4 0.39340 0.43097 0.39274 0.47869 0.39340 0.52537 0.39538 0.55897 0.41056 0.57091 0.43361 0.57200 0.46396 0.57634 0.48767 0.56874 0.51868 0.56331 0.55493 0.52211 0.55889 0.50257 0.56021 0.46131 0.55493 0.40926 0.55229 0.36474 0.54503 0.32137 0.53514 0.27794 0.52594 0.24543 0.50747 0.21177 0.49097 0.20091 0.47253 0.20200 0.45139 0.20971 0.43090 0.22800 0.42188 0.24629 0.40868 0.27371 0.40462 0.28771 0.39934 0.31051 0.39604 0.34634 0.39406 0.38646 0.39340 0.43097
4 0.19757 0.45154 0.19625 0.49606 0.19757 0.53080 0.19955 0.57743 0.21146 0.60686 0.22726 0.61543 0.25361 0.62737 0.28528 0.63063 0.31361 0.62629 0.36108 0.61000 0.37163 0.60349 0.38747 0.58286 0.39406 0.55029 0.39736 0.49931 0.39604 0.44617 0.39736 0.41577 0.39802 0.37994 0.39736 0.33549 0.39604 0.29206 0.38812 0.25303 0.37361 0.22806 0.35122 0.20960 0.32483 0.19766 0.30045 0.19766 0.26632 0.21600 0.24111 0.23349 0.22000 0.26383 0.20747 0.32789 0.20087 0.36040 0.19823 0.40274 0.19757 0.45154
