4 0.56742 0.53087 0.57811 0.54355 0.58793 0.55720 0.60840 0.57138 0.62469 0.57396 0.63381 0.57540 0.65267 0.57839 0.67145 0.57367 0.68615 0.56946 0.71492 0.55203 0.72957 0.53127 0.73869 0.50743 0.74848 0.47936 0.75739 0.43570 0.76266 0.40246 0.76432 0.37090 0.76360 0.32902 0.76247 0.30245 0.76081 0.27917 0.75495 0.25295 0.74155 0.23654 0.72874 0.22462 0.71163 0.22301 0.68725 0.24223 0.66178 0.27228 0.63941 0.30385 0.61447 0.33508 0.59676 0.34986 0.58974 0.35205 0.58264 0.36735 0.57508 0.40243 0.56984 0.43128 0.56758 0.45400 0.56498 0.47882 0.56340 0.49725 0.56235 0.50808 0.55873 0.51410 0.55839 0.51625 0.56742 0.53087
4 0.47093 0.92214 0.48932 0.92835 0.50578 0.92985 0.52148 0.91481 0.53412 0.87724 0.54284 0.83905 0.55319 0.79897 0.56061 0.76058 0.56232 0.72023 0.56433 0.68647 0.56597 0.65925 0.56630 0.63188 0.56035 0.61885 0.54953 0.60724 0.53001 0.59975 0.50850 0.59635 0.48310 0.59672 0.44203 0.59901 0.42871 0.61559 0.42187 0.64192 0.41975 0.66797 0.42355 0.71144 0.42554 0.75347 0.42821 0.79567 0.43009 0.83438 0.43403 0.85589 0.44789 0.88227 0.45897 0.90491 0.47093 0.92214
4 0.63177 0.94761 0.65146 0.95403 0.67633 0.94043 0.68972 0.90628 0.69699 0.86456 0.70879 0.80273 0.71625 0.75560 0.72177 0.70811 0.72437 0.66241 0.72244 0.63243 0.71555 0.61265 0.69759 0.59112 0.67844 0.58149 0.64374 0.57709 0.62396 0.58385 0.60292 0.59041 0.58519 0.60959 0.57021 0.63250 0.56526 0.66793 0.56561 0.71636 0.56681 0.75936 0.56690 0.79675 0.57527 0.84089 0.58417 0.87307 0.59766 0.90599 0.61250 0.93033 0.63177 0.94761
4 0.19577 0.80496 0.19814 0.76472 0.19515 0.72028 0.18907 0.68304 0.18877 0.65117 0.19259 0.61440 0.19335 0.59694 0.18395 0.58885 0.16672 0.57953 0.14491 0.57827 0.12174 0.58120 0.10786 0.58450 0.10650 0.59308 0.10611 0.62929 0.10975 0.67378 0.11426 0.70857 0.12064 0.75685 0.12637 0.80057 0.13269 0.83235 0.14867 0.85796 0.16589 0.86289 0.18773 0.83886 0.19577 0.80496
4 0.81407 0.57103 0.82888 0.57008 0.87078 0.52066 0.87561 0.50279 0.88391 0.45464 0.88673 0.41991 0.88870 0.36532 0.88904 0.33789 0.88343 0.32271 0.87282 0.29691 0.86735 0.28505 0.85546 0.28866 0.83558 0.31294 0.82034 0.32481 0.79672 0.34745 0.78522 0.36542 0.77817 0.37200 0.76469 0.38965 0.76082 0.40986 0.75688 0.43892 0.74723 0.47037 0.74053 0.50003 0.73849 0.51290 0.74928 0.53329 0.76937 0.54966 0.79033 0.56068 0.81407 0.57103
4 0.07687 0.55974 0.09086 0.56416 0.10503 0.56750 0.12599 0.57412 0.13775 0.57158 0.14786 0.57099 0.17032 0.57235 0.19009 0.56558 0.19097 0.55583 0.19139 0.54051 0.19388 0.50792 0.19747 0.48107 0.20109 0.44976 0.20457 0.41514 0.20886 0.37960 0.21727 0.33916 0.23437 0.29026 0.23689 0.27857 0.24871 0.25539 0.24850 0.23453 0.23700 0.20725 0.22554 0.19439 0.20321 0.16667 0.19202 0.15720 0.16942 0.15252 0.14214 0.16029 0.12081 0.18110 0.10754 0.21851 0.09449 0.25052 0.08678 0.28228 0.07592 0.32557 0.06689 0.36151 0.06126 0.40124 0.05623 0.44990 0.05176 0.48651 0.05398 0.54842 0.07687 0.55974
4 0.89066 0.51721 0.89746 0.52488 0.91726 0.53901 0.93520 0.53965 0.95859 0.52247 0.98183 0.48114 0.98438 0.46506 0.98692 0.42375 0.98926 0.38784 0.99147 0.34862 0.99726 0.30782 0.99241 0.27518 0.98173 0.24161 0.97056 0.22780 0.95753 0.22574 0.93947 0.24700 0.92814 0.25950 0.91979 0.27779 0.90670 0.30227 0.89450 0.32447 0.88929 0.34893 0.88601 0.37808 0.88005 0.41995 0.88365 0.44361 0.88201 0.47083 0.87933 0.50882 0.87930 0.51321 0.89066 0.51721
4 0.75300 0.92400 0.78365 0.92446 0.80617 0.89615 0.82258 0.84714 0.83955 0.79486 0.84747 0.75330 0.85023 0.70208 0.84983 0.66250 0.84094 0.61359 0.82686 0.60037 0.81191 0.59048 0.79185 0.58615 0.76832 0.59133 0.75569 0.60362 0.74186 0.61988 0.72346 0.65128 0.72104 0.67502 0.71900 0.71317 0.71739 0.75688 0.71193 0.79553 0.71012 0.82383 0.71404 0.84973 0.71926 0.87578 0.72989 0.89725 0.75300 0.92400
4 0.35195 0.89785 0.36693 0.90023 0.38543 0.88887 0.39608 0.85538 0.40726 0.81428 0.41668 0.76306 0.42135 0.72533 0.42006 0.69550 0.42224 0.63539 0.42215 0.62328 0.42186 0.61670 0.40676 0.60661 0.38933 0.60275 0.36444 0.59991 0.34815 0.59733 0.32614 0.59714 0.32175 0.59974 0.31114 0.60350 0.30550 0.61800 0.30491 0.63439 0.30239 0.67137 0.30481 0.70247 0.31161 0.73103 0.31708 0.76817 0.32157 0.80730 0.32764 0.85333 0.33810 0.87587 0.35195 0.89785
4 0.27355 0.90406 0.29523 0.87238 0.29914 0.84772 0.30525 0.80911 0.30518 0.74210 0.30391 0.71662 0.30384 0.67490 0.30497 0.65089 0.30270 0.62305 0.30068 0.60624 0.28605 0.59739 0.24944 0.59263 0.23151 0.59199 0.21014 0.58774 0.19791 0.59766 0.19185 0.62748 0.18928 0.67324 0.19113 0.71195 0.19842 0.74608 0.20373 0.78424 0.21271 0.83293 0.21889 0.86139 0.22879 0.89148 0.25182 0.91052 0.27355 0.90406
4 0.95499 0.60556 0.94431 0.59288 0.93459 0.58254 0.91977 0.57910 0.90760 0.57607 0.88882 0.58079 0.87213 0.58914 0.85540 0.60622 0.84968 0.61613 0.84692 0.63132 0.84767 0.64677 0.85291 0.66408 0.85403 0.69498 0.85024 0.72736 0.84749 0.74891 0.84461 0.76714 0.84329 0.79655 0.84539 0.82547 0.84856 0.86444 0.86226 0.89184 0.88248 0.91153 0.90297 0.92137 0.91767 0.91710 0.93650 0.89920 0.94615 0.87938 0.96910 0.73444 0.96568 0.68964 0.96447 0.67626 0.96203 0.65389 0.96022 0.63161 0.95543 0.61547 0.95499 0.60556
4 0.45246 0.56976 0.47707 0.56597 0.50855 0.56546 0.55080 0.53043 0.55776 0.51175 0.56552 0.47121 0.56845 0.41897 0.57281 0.37459 0.57242 0.33062 0.56944 0.28617 0.56544 0.25262 0.55246 0.21649 0.53787 0.20318 0.51949 0.20137 0.49740 0.20568 0.47430 0.22054 0.46253 0.23719 0.44520 0.26221 0.43900 0.27541 0.43022 0.29710 0.42136 0.33197 0.41313 0.37128 0.40551 0.41515 0.39740 0.46217 0.39075 0.50838 0.38745 0.54188 0.40056 0.55605 0.42317 0.56073 0.45246 0.56976
4 0.23672 0.58726 0.26749 0.59543 0.29615 0.59557 0.34558 0.58691 0.35702 0.58213 0.37589 0.56423 0.38750 0.53309 0.39873 0.48327 0.40574 0.43057 0.41180 0.40075 0.41806 0.36547 0.42436 0.32145 0.42985 0.27835 0.42814 0.23857 0.41771 0.21163 0.39848 0.18990 0.37428 0.17398 0.35020 0.17016 0.31362 0.18294 0.28599 0.19627 0.26039 0.22293 0.23799 0.28424 0.22639 0.31532 0.21716 0.35673 0.20887 0.40483 0.20061 0.44859 0.19648 0.48311 0.19114 0.52947 0.19830 0.56040 0.21256 0.57134 0.23672 0.58726
