4 0.30683 0.67367 0.33329 0.67260 0.35771 0.64653 0.37125 0.62487 0.37671 0.59227 0.37671 0.55647 0.36992 0.53807 0.35975 0.52067 0.35771 0.51093 0.35025 0.53260 0.33942 0.54240 0.31700 0.55107 0.29938 0.55107 0.28583 0.55327 0.27700 0.56080 0.27904 0.58907 0.28512 0.62160 0.29058 0.64873 0.30683 0.67367
4 0.50758 0.68347 0.52792 0.69753 0.56046 0.70947 0.58558 0.68453 0.60117 0.65200 0.60592 0.61833 0.60929 0.57600 0.61271 0.54347 0.61000 0.52933 0.59100 0.53047 0.56454 0.52827 0.54421 0.52173 0.53063 0.50660 0.53063 0.50547 0.52996 0.53047 0.52387 0.54127 0.51367 0.55760 0.50350 0.56407 0.49471 0.56407 0.49400 0.57060 0.49604 0.61833 0.49742 0.64873 0.50758 0.68347
1 0.19133 0.45320 0.19967 0.46587 0.21592 0.46053 0.22758 0.44920 0.22592 0.43253 0.21675 0.41053 0.20133 0.39187 0.19258 0.38520 0.18258 0.37520 0.17550 0.37587 0.17217 0.39587 0.17083 0.40933 0.17300 0.41187 0.17425 0.42987 0.18008 0.44187 0.19133 0.45320
4 0.85433 0.47193 0.85379 0.48733 0.84079 0.51807 0.84021 0.53167 0.85321 0.54160 0.87696 0.54067 0.89617 0.53613 0.91088 0.52353 0.92217 0.50273 0.93067 0.47013 0.93292 0.45207 0.93233 0.42767 0.92104 0.42133 0.90863 0.42220 0.89167 0.43040 0.88317 0.43307 0.86337 0.43487 0.85550 0.43853 0.85550 0.45027 0.85433 0.47193
4 0.11058 0.46713 0.13604 0.48073 0.16571 0.47100 0.17183 0.45213 0.16050 0.41593 0.14546 0.38733 0.12850 0.36840 0.11342 0.35793 0.10496 0.35420 0.10163 0.38053 0.10021 0.40240 0.10354 0.43480 0.11058 0.46713
4 0.75400 0.62493 0.77321 0.62133 0.78733 0.59333 0.79017 0.56620 0.78621 0.52640 0.78113 0.50287 0.77433 0.50653 0.75796 0.51553 0.74154 0.52187 0.72121 0.52187 0.72121 0.52913 0.71837 0.56980 0.71783 0.58607 0.71725 0.59780 0.72008 0.60600 0.72913 0.62133 0.73871 0.62493 0.75400 0.62493
4 0.22546 0.48813 0.23429 0.52287 0.26617 0.55213 0.29733 0.55433 0.32312 0.54567 0.34550 0.53807 0.35633 0.50980 0.35704 0.46100 0.35433 0.42847 0.34958 0.40567 0.33396 0.37527 0.31771 0.34053 0.30346 0.32860 0.28787 0.32320 0.27092 0.32213 0.26004 0.32427 0.24783 0.33513 0.23563 0.36553 0.22887 0.40027 0.22479 0.44253 0.22546 0.48813
4 0.68796 0.47513 0.69342 0.50440 0.70900 0.51420 0.72867 0.51740 0.75717 0.51960 0.78154 0.50547 0.79783 0.48920 0.80463 0.47833 0.81004 0.46427 0.81750 0.44800 0.82021 0.42413 0.82158 0.39700 0.82088 0.36987 0.81342 0.34493 0.80667 0.32427 0.79579 0.31340 0.78154 0.31020 0.76054 0.30907 0.74088 0.31453 0.71917 0.32320 0.69875 0.33533 0.69342 0.35033 0.68867 0.37313 0.68458 0.40133 0.68458 0.43933 0.68796 0.47513
4 0.63167 0.68347 0.63846 0.69427 0.65679 0.69213 0.67917 0.68887 0.69679 0.67367 0.70629 0.64440 0.71579 0.60747 0.71713 0.58033 0.71983 0.54347 0.72121 0.52173 0.70696 0.51307 0.69408 0.50873 0.69067 0.49467 0.68596 0.47947 0.68121 0.47833 0.67100 0.50227 0.66017 0.52067 0.64117 0.52720 0.62221 0.53153 0.61338 0.53913 0.61067 0.59667 0.61133 0.63247 0.62221 0.66393 0.63167 0.68347
4 0.17417 0.47773 0.18404 0.48827 0.19442 0.49207 0.19912 0.47927 0.20525 0.47320 0.21371 0.46947 0.22363 0.46647 0.22738 0.44160 0.22317 0.41900 0.21183 0.40467 0.19679 0.39187 0.18750 0.37800 0.18125 0.37133 0.17375 0.37933 0.16958 0.39400 0.17042 0.41973 0.17042 0.44980 0.17417 0.47773
4 0.35092 0.44473 0.35433 0.49353 0.37125 0.54020 0.39092 0.56300 0.41671 0.56627 0.43775 0.57167 0.47367 0.57060 0.50758 0.56627 0.52587 0.54567 0.53333 0.50660 0.53200 0.45233 0.53200 0.41000 0.53063 0.37093 0.51708 0.34053 0.50146 0.31127 0.47908 0.28633 0.45333 0.26893 0.43500 0.25807 0.41129 0.25487 0.38212 0.27113 0.36721 0.31340 0.35704 0.35900 0.35158 0.40240 0.35092 0.44473
4 0.42554 0.70407 0.45267 0.69860 0.46892 0.66607 0.47637 0.63893 0.48250 0.60207 0.48317 0.56407 0.48046 0.56627 0.46213 0.57167 0.44246 0.57273 0.41942 0.57167 0.39704 0.56733 0.38212 0.56407 0.38279 0.56627 0.38892 0.61180 0.39367 0.65413 0.40313 0.68560 0.42554 0.70407
4 0.82554 0.53527 0.83458 0.53253 0.84417 0.50813 0.85208 0.47920 0.85550 0.44667 0.85604 0.43307 0.84529 0.41953 0.83625 0.41407 0.82212 0.41407 0.82212 0.42853 0.82046 0.44667 0.81196 0.46747 0.79842 0.48640 0.78879 0.50087 0.78825 0.50273 0.79729 0.51267 0.80746 0.52620 0.81933 0.53527 0.82554 0.53527
1 0.84812 0.47193 0.85154 0.45207 0.85096 0.43580 0.84362 0.42220 0.83625 0.41500 0.82496 0.41773 0.82442 0.43220 0.82100 0.45567 0.81142 0.46293 0.80746 0.47560 0.80688 0.48733 0.81592 0.50180 0.82779 0.49820 0.83683 0.49093 0.84812 0.47193
4 0.19917 0.50373 0.19692 0.54893 0.20083 0.57800 0.20333 0.61133 0.21458 0.62400 0.22875 0.62400 0.24500 0.61200 0.25625 0.59800 0.26758 0.58053 0.26529 0.55073 0.25458 0.54347 0.23875 0.52540 0.22800 0.50187 0.22404 0.47567 0.22067 0.47027 0.21387 0.47207 0.20596 0.47207 0.19804 0.47840 0.19917 0.50373
1 0.11842 0.43320 0.13258 0.44520 0.14508 0.44453 0.15217 0.42720 0.16133 0.42987 0.16092 0.40920 0.14550 0.38853 0.12717 0.36920 0.11383 0.35787 0.10383 0.35453 0.10092 0.38253 0.10050 0.41320 0.10550 0.42853 0.11842 0.43320
4 0.53063 0.45667 0.53675 0.48707 0.53742 0.50767 0.55029 0.52613 0.56321 0.52933 0.58217 0.53047 0.60454 0.53153 0.62625 0.53047 0.64863 0.52500 0.66696 0.51527 0.67983 0.48593 0.68321 0.45233 0.68663 0.41980 0.68796 0.38940 0.68663 0.36767 0.67033 0.35687 0.65204 0.36120 0.62354 0.36767 0.60050 0.37200 0.57675 0.37313 0.56917 0.37333 0.56117 0.37853 0.54896 0.38833 0.53608 0.40240 0.53267 0.42300 0.53063 0.45667
1 0.88033 0.51173 0.87638 0.52800 0.88092 0.53887 0.88883 0.53800 0.90408 0.53073 0.91708 0.51173 0.92500 0.49007 0.92950 0.46473 0.92950 0.44120 0.92725 0.43040 0.91992 0.42587 0.91538 0.42673 0.90633 0.43580 0.88658 0.46200 0.88204 0.48280 0.88033 0.51173
