4 0.36485 0.51019 0.35852 0.49105 0.35855 0.48111 0.34674 0.50075 0.33411 0.50809 0.31038 0.51190 0.29314 0.50824 0.27944 0.50757 0.26923 0.51311 0.26535 0.54118 0.26454 0.57427 0.26424 0.60194 0.27495 0.62971 0.30105 0.63417 0.33035 0.61375 0.34810 0.59537 0.36022 0.56462 0.36766 0.52960 0.36485 0.51019
4 0.59110 0.59706 0.60121 0.56595 0.60150 0.55156 0.58268 0.54872 0.55725 0.54107 0.53872 0.53045 0.52858 0.51282 0.52882 0.51171 0.52297 0.53603 0.51477 0.54533 0.50139 0.55918 0.49010 0.56339 0.48150 0.56157 0.47945 0.56781 0.47153 0.61493 0.46655 0.64495 0.46927 0.68103 0.48624 0.69902 0.51559 0.71746 0.54535 0.69830 0.56735 0.66971 0.57900 0.63777 0.59110 0.59706
1 0.23034 0.33213 0.22317 0.32379 0.21547 0.31193 0.20840 0.31111 0.20098 0.32998 0.19688 0.34288 0.19847 0.34580 0.19595 0.36367 0.19916 0.37662 0.20781 0.39005 0.21333 0.40417 0.23033 0.40233 0.24410 0.39367 0.24593 0.37702 0.24154 0.35360 0.23034 0.33213
4 0.88000 0.61771 0.89700 0.60845 0.91237 0.59045 0.92747 0.56033 0.93342 0.54312 0.93793 0.51913 0.92820 0.51059 0.91587 0.50886 0.89758 0.51335 0.88871 0.51419 0.86898 0.51184 0.86051 0.51379 0.85807 0.52527 0.85242 0.54622 0.84869 0.56117 0.82959 0.58853 0.82619 0.60171 0.83684 0.61413 0.86027 0.61815 0.88000 0.61771
4 0.16398 0.29404 0.15140 0.28066 0.14390 0.27525 0.13517 0.30032 0.12924 0.32141 0.12576 0.35380 0.12593 0.38689 0.14800 0.40548 0.17904 0.40213 0.18896 0.38495 0.18540 0.34718 0.17663 0.31608 0.16398 0.29404
4 0.76698 0.56343 0.74909 0.56883 0.73172 0.57161 0.71183 0.56738 0.71032 0.57449 0.69909 0.61368 0.69518 0.62948 0.69217 0.64083 0.69324 0.64944 0.69889 0.66632 0.70752 0.67183 0.72247 0.67501 0.74201 0.67548 0.76165 0.65103 0.77006 0.62508 0.77447 0.58533 0.77439 0.56125 0.76698 0.56343
4 0.35744 0.47972 0.36827 0.43213 0.37239 0.39974 0.37248 0.37645 0.36352 0.34347 0.35485 0.30612 0.34339 0.29148 0.32927 0.28296 0.31290 0.27839 0.30182 0.27822 0.28762 0.28631 0.26936 0.31350 0.25554 0.34608 0.24275 0.38657 0.23392 0.43131 0.23534 0.46712 0.26044 0.50238 0.29047 0.51101 0.31750 0.50789 0.34096 0.50511 0.35744 0.47972
4 0.79357 0.55136 0.80247 0.54214 0.81070 0.52951 0.82137 0.51515 0.82898 0.49237 0.83597 0.46611 0.84092 0.43942 0.83881 0.41348 0.83650 0.39187 0.82812 0.37898 0.81485 0.37288 0.79455 0.36741 0.77417 0.36867 0.75114 0.37263 0.72864 0.38025 0.72031 0.39382 0.71092 0.41513 0.70106 0.44187 0.69316 0.47904 0.68902 0.51475 0.68827 0.54452 0.70148 0.55734 0.72005 0.56456 0.74747 0.57264 0.77425 0.56388 0.79357 0.55136
4 0.68873 0.64998 0.69568 0.62372 0.70599 0.58822 0.71186 0.56725 0.69972 0.55581 0.68803 0.54890 0.68761 0.53442 0.68616 0.51858 0.68175 0.51648 0.66679 0.53777 0.65237 0.55352 0.63243 0.55596 0.61298 0.55625 0.60276 0.56185 0.58815 0.61756 0.58136 0.65272 0.58545 0.68576 0.59065 0.70683 0.59504 0.71881 0.61342 0.72053 0.63598 0.72199 0.65638 0.71079 0.67176 0.68413 0.68873 0.64998
4 0.23664 0.40974 0.24548 0.38619 0.24606 0.36321 0.23795 0.34684 0.22590 0.33119 0.21969 0.31569 0.21497 0.30787 0.20597 0.31414 0.19884 0.32762 0.19431 0.35296 0.18806 0.38237 0.18592 0.41048 0.19339 0.42283 0.20274 0.42871 0.21001 0.41716 0.21726 0.41250 0.22631 0.41061 0.23664 0.40974
4 0.45956 0.56358 0.49364 0.56640 0.51582 0.55005 0.53123 0.51339 0.54121 0.46003 0.55001 0.41862 0.55679 0.38012 0.54987 0.34757 0.54067 0.31569 0.52396 0.28665 0.50240 0.26428 0.48672 0.24984 0.46420 0.24178 0.43228 0.25163 0.40891 0.28987 0.38948 0.33236 0.37512 0.37367 0.36567 0.41495 0.35886 0.46339 0.36570 0.51255 0.38020 0.53894 0.40475 0.54750 0.42421 0.55716 0.45956 0.56358
4 0.46711 0.56076 0.44805 0.56223 0.42859 0.55918 0.40628 0.55335 0.38529 0.54446 0.37138 0.53816 0.37157 0.54045 0.36810 0.58626 0.36394 0.62866 0.36665 0.66140 0.38474 0.68413 0.41241 0.68442 0.43507 0.65597 0.44800 0.63099 0.46166 0.59620 0.47021 0.55917 0.46711 0.56076
4 0.85448 0.49308 0.84677 0.48585 0.83295 0.48292 0.82995 0.49707 0.82454 0.51446 0.81190 0.53304 0.79472 0.54874 0.78230 0.56089 0.78138 0.56260 0.78816 0.57420 0.79529 0.58955 0.80502 0.60089 0.81110 0.60218 0.82051 0.60139 0.83495 0.57951 0.84871 0.55286 0.85882 0.52175 0.86218 0.50855 0.85448 0.49308
1 0.83142 0.50113 0.82320 0.52337 0.81232 0.52849 0.80581 0.54006 0.80280 0.55141 0.80864 0.56744 0.82100 0.56639 0.83136 0.56116 0.84635 0.54493 0.85382 0.52620 0.85664 0.51017 0.85229 0.49534 0.84657 0.48677 0.83496 0.48709 0.83142 0.50113
4 0.22729 0.55653 0.24120 0.54518 0.25592 0.53045 0.25987 0.50083 0.25091 0.49149 0.23918 0.47053 0.23356 0.44527 0.23513 0.41882 0.23295 0.41284 0.22594 0.41319 0.21819 0.41154 0.20913 0.41609 0.20496 0.44110 0.19337 0.48485 0.19115 0.51410 0.18667 0.54722 0.19504 0.56195 0.20890 0.56489 0.22729 0.55653
1 0.17642 0.31726 0.16251 0.29454 0.15182 0.28068 0.14273 0.27534 0.13406 0.30213 0.12728 0.33204 0.12898 0.34807 0.14064 0.35532 0.15201 0.37001 0.16437 0.37195 0.17490 0.35647 0.18332 0.36099 0.18720 0.34068 0.17642 0.31726
4 0.59570 0.55258 0.61716 0.55605 0.64018 0.55535 0.66014 0.54965 0.67883 0.52363 0.68912 0.49147 0.69922 0.46035 0.70685 0.43090 0.71006 0.40936 0.69637 0.39541 0.67758 0.39584 0.64836 0.39624 0.62492 0.39569 0.60145 0.39186 0.59399 0.39048 0.58508 0.39390 0.57110 0.40095 0.55559 0.41203 0.54796 0.43147 0.53897 0.46398 0.53864 0.49499 0.53500 0.51528 0.54376 0.53602 0.55573 0.54183 0.57404 0.54688 0.59570 0.55258
1 0.91778 0.57865 0.92745 0.55480 0.93234 0.53178 0.93238 0.52075 0.92615 0.51479 0.92153 0.51470 0.91080 0.52168 0.88604 0.54321 0.87727 0.56261 0.86958 0.59055 0.86233 0.60564 0.86451 0.61721 0.87244 0.61801 0.88886 0.61407 0.90553 0.59819 0.91778 0.57865
