4 0.30215 0.52582 0.31574 0.52432 0.32342 0.52188 0.33083 0.50198 0.33522 0.47429 0.34324 0.43893 0.35706 0.38618 0.36365 0.35613 0.36767 0.34211 0.36828 0.32301 0.36267 0.30469 0.34779 0.28767 0.32811 0.26995 0.31108 0.26631 0.29588 0.27032 0.28196 0.28920 0.27003 0.31475 0.26328 0.34206 0.25257 0.37517 0.24319 0.40754 0.23738 0.44048 0.23540 0.47591 0.24362 0.48910 0.26283 0.50587 0.28483 0.52030 0.30215 0.52582
4 0.37323 0.57918 0.38417 0.57908 0.43433 0.58432 0.46086 0.58940 0.47370 0.58867 0.48134 0.57893 0.49021 0.54188 0.49436 0.51963 0.49587 0.48325 0.49817 0.45340 0.49822 0.41396 0.50057 0.38059 0.50339 0.31691 0.50343 0.30137 0.49399 0.28433 0.48087 0.26759 0.46969 0.25757 0.45637 0.25364 0.42900 0.25390 0.42192 0.25643 0.41131 0.26205 0.39838 0.27101 0.38947 0.28880 0.36772 0.34942 0.35843 0.37362 0.34856 0.41693 0.33791 0.46099 0.33380 0.48325 0.32947 0.51825 0.32791 0.54732 0.33245 0.56448 0.37323 0.57918
4 0.03184 0.66237 0.03554 0.67634 0.04526 0.68928 0.05839 0.68632 0.07457 0.66659 0.08436 0.63954 0.08894 0.60530 0.08774 0.58347 0.08768 0.55995 0.09352 0.53100 0.09880 0.50832 0.10458 0.49591 0.10674 0.48480 0.09890 0.48101 0.09541 0.47664 0.09441 0.46697 0.08819 0.46089 0.08387 0.45893 0.07288 0.45653 0.05995 0.46084 0.04839 0.46477 0.04157 0.48654 0.03658 0.50738 0.03481 0.54776 0.03342 0.58572 0.03224 0.63322 0.03184 0.66237
4 0.94187 0.44246 0.94382 0.42064 0.94312 0.40907 0.93553 0.40256 0.92311 0.40131 0.91025 0.41532 0.89988 0.42663 0.88928 0.44558 0.87899 0.46913 0.86775 0.50165 0.85481 0.53241 0.84750 0.54956 0.83553 0.57743 0.82487 0.60628 0.82604 0.63087 0.83765 0.65024 0.84987 0.65600 0.87527 0.63944 0.89739 0.61163 0.92147 0.57124 0.93355 0.53343 0.93911 0.50460 0.94183 0.47144 0.94187 0.44246
4 0.86028 0.69726 0.86261 0.67328 0.86248 0.65556 0.86058 0.65138 0.84899 0.65508 0.83149 0.64512 0.82647 0.63049 0.82404 0.61572 0.82524 0.60817 0.81704 0.61129 0.81327 0.62121 0.80164 0.63209 0.78687 0.64192 0.77366 0.64426 0.76645 0.64810 0.76708 0.66037 0.76686 0.68025 0.76195 0.71820 0.76115 0.71863 0.75889 0.73985 0.76126 0.77120 0.76821 0.80605 0.78279 0.83215 0.79898 0.83416 0.82501 0.81339 0.83662 0.78646 0.84660 0.75816 0.85752 0.72393 0.86028 0.69726
4 0.21905 0.42861 0.23448 0.40417 0.24740 0.38879 0.25920 0.36062 0.26817 0.33039 0.27108 0.30557 0.25501 0.27453 0.24314 0.25682 0.22707 0.22579 0.21383 0.19680 0.20117 0.17742 0.19215 0.16808 0.17397 0.16360 0.15504 0.19700 0.14593 0.26190 0.13514 0.34257 0.13867 0.40642 0.14011 0.46358 0.14637 0.48355 0.16863 0.48868 0.18564 0.47395 0.20162 0.45274 0.21905 0.42861
4 0.06600 0.45942 0.07961 0.45018 0.08656 0.43828 0.08622 0.40846 0.08708 0.37430 0.09115 0.34213 0.09842 0.30893 0.10220 0.28208 0.10444 0.25499 0.09707 0.23778 0.09182 0.22627 0.08559 0.21765 0.07189 0.21775 0.06260 0.24145 0.05508 0.27921 0.04510 0.32947 0.03676 0.36937 0.02978 0.41020 0.02974 0.43614 0.03276 0.44885 0.03711 0.45031 0.05257 0.45807 0.06600 0.45942
4 0.55567 0.57698 0.57879 0.58064 0.60051 0.58131 0.62048 0.58171 0.63509 0.57766 0.64783 0.55860 0.65609 0.53335 0.66185 0.49305 0.66557 0.43505 0.66598 0.38659 0.66489 0.34343 0.66120 0.30163 0.65696 0.28629 0.63926 0.27160 0.62486 0.26290 0.61108 0.26166 0.59220 0.26597 0.57366 0.27952 0.56516 0.29101 0.54049 0.33562 0.52761 0.37109 0.50737 0.43749 0.49935 0.47284 0.49237 0.50925 0.48723 0.53776 0.48667 0.56052 0.51659 0.57079 0.52014 0.57135 0.53334 0.57250 0.55567 0.57698
4 0.77057 0.64571 0.79502 0.63818 0.81170 0.62251 0.83264 0.58920 0.85274 0.53894 0.87284 0.48873 0.89146 0.44134 0.90159 0.40936 0.90539 0.37261 0.89809 0.34855 0.88519 0.33732 0.86443 0.34704 0.84417 0.35982 0.82653 0.37230 0.80339 0.39380 0.78707 0.40422 0.77833 0.42419 0.77444 0.44875 0.76819 0.48820 0.75984 0.52196 0.74527 0.56922 0.74023 0.58829 0.74416 0.62094 0.75376 0.63696 0.77057 0.64571
4 0.09421 0.47612 0.11078 0.48638 0.13247 0.48677 0.13907 0.47409 0.13708 0.45469 0.13512 0.42235 0.13522 0.38651 0.13618 0.34849 0.14499 0.28963 0.14873 0.26273 0.14886 0.24294 0.14298 0.23211 0.13614 0.22411 0.12462 0.22992 0.11241 0.24934 0.10191 0.27744 0.09492 0.31833 0.08782 0.35992 0.08596 0.39088 0.08794 0.44232 0.09421 0.47612
4 0.74472 0.79459 0.75454 0.75575 0.75992 0.72175 0.76595 0.69062 0.76755 0.66431 0.76574 0.64798 0.75761 0.63674 0.74886 0.62484 0.74313 0.61010 0.73962 0.59516 0.73860 0.59002 0.73367 0.60030 0.72707 0.60258 0.71387 0.60491 0.70158 0.61071 0.68830 0.61580 0.67657 0.62501 0.66714 0.63126 0.65949 0.62396 0.65702 0.62800 0.65131 0.65476 0.64981 0.69435 0.65244 0.72409 0.65606 0.76837 0.66554 0.79422 0.67632 0.81418 0.69000 0.82741 0.71031 0.83118 0.72947 0.82371 0.74472 0.79459
4 0.65390 0.65163 0.65579 0.62813 0.65648 0.61220 0.65556 0.59712 0.65551 0.57664 0.65620 0.56070 0.65307 0.54803 0.64786 0.55772 0.64363 0.56590 0.63449 0.57497 0.62256 0.58082 0.61211 0.58194 0.59870 0.58092 0.58314 0.57956 0.57922 0.58115 0.57461 0.59868 0.57140 0.62362 0.57181 0.65577 0.57920 0.69014 0.58441 0.70590 0.59449 0.71635 0.60611 0.71709 0.62686 0.70654 0.64399 0.67716 0.65390 0.65163
4 0.14879 0.66374 0.16474 0.63512 0.17459 0.60741 0.18089 0.58617 0.18196 0.56343 0.18282 0.53945 0.18214 0.51710 0.18402 0.50273 0.18022 0.48941 0.17484 0.48607 0.16652 0.48536 0.15635 0.48563 0.14249 0.48537 0.12946 0.48519 0.11724 0.48773 0.10984 0.48656 0.10382 0.49258 0.09475 0.51532 0.08745 0.55864 0.08768 0.60255 0.08610 0.64175 0.08785 0.68397 0.09129 0.70742 0.10367 0.71192 0.12693 0.69270 0.14879 0.66374
4 0.92360 0.64903 0.91858 0.64602 0.91093 0.63872 0.90322 0.62256 0.89978 0.61649 0.89540 0.61635 0.87799 0.63129 0.86631 0.64715 0.86314 0.65328 0.86192 0.67024 0.85885 0.70351 0.85808 0.71998 0.85190 0.74279 0.84574 0.75620 0.84321 0.76521 0.84400 0.77640 0.84903 0.80486 0.85695 0.82437 0.87977 0.82854 0.90365 0.80742 0.91875 0.76998 0.92692 0.73697 0.93121 0.71220 0.93136 0.68345 0.93076 0.66178 0.92360 0.64903
4 0.48727 0.58130 0.48772 0.56804 0.48480 0.57582 0.47835 0.58177 0.46977 0.58805 0.45585 0.59093 0.43944 0.58518 0.42724 0.58258 0.41450 0.58057 0.41278 0.58860 0.41233 0.59677 0.41064 0.61813 0.41112 0.64172 0.41719 0.65922 0.43102 0.67032 0.44798 0.66980 0.46278 0.65881 0.47415 0.63771 0.48514 0.60005 0.48727 0.58130
4 0.39190 0.59541 0.39662 0.58410 0.38596 0.58241 0.36936 0.57790 0.34960 0.56968 0.33659 0.56126 0.32752 0.54394 0.32643 0.52977 0.32438 0.51860 0.31856 0.52343 0.31211 0.52684 0.31238 0.53325 0.31057 0.53932 0.30698 0.56990 0.30875 0.59878 0.31312 0.64020 0.32345 0.66025 0.34159 0.66822 0.35537 0.65834 0.37228 0.63684 0.38506 0.61469 0.39190 0.59541
4 0.57271 0.60629 0.57493 0.58695 0.57098 0.57996 0.54710 0.57363 0.52697 0.57288 0.50692 0.56749 0.49403 0.56523 0.49342 0.57719 0.49144 0.60039 0.49307 0.62737 0.50162 0.66115 0.51701 0.68649 0.52603 0.68792 0.54426 0.68190 0.55913 0.66007 0.56829 0.63419 0.57271 0.60629
4 0.91736 0.64837 0.92809 0.65085 0.94349 0.64947 0.96578 0.61410 0.97912 0.58109 0.98903 0.54072 0.99540 0.50051 0.99457 0.46757 0.98834 0.44296 0.98023 0.43022 0.96268 0.43890 0.94995 0.45215 0.94439 0.46499 0.94047 0.48650 0.93472 0.52603 0.92612 0.56434 0.91515 0.58241 0.90712 0.59795 0.90059 0.61368 0.90714 0.63303 0.91736 0.64837
4 0.65638 0.61927 0.66523 0.63057 0.67299 0.62953 0.68890 0.61523 0.70328 0.60760 0.72062 0.60349 0.73311 0.59479 0.75033 0.55630 0.76442 0.51200 0.77299 0.46761 0.78163 0.41630 0.78579 0.38034 0.78839 0.34794 0.78352 0.32122 0.77309 0.31044 0.75667 0.30247 0.74212 0.30172 0.72233 0.31153 0.69966 0.32703 0.68422 0.34140 0.67293 0.36169 0.66822 0.37544 0.66579 0.40028 0.66673 0.42632 0.66687 0.44770 0.66353 0.47849 0.65752 0.51947 0.65642 0.55210 0.65641 0.58414 0.65628 0.60094 0.65638 0.61927
4 0.18744 0.66732 0.19217 0.69606 0.20004 0.70749 0.21457 0.71167 0.23497 0.70793 0.25425 0.69251 0.27460 0.66524 0.28807 0.63877 0.29947 0.60943 0.30723 0.56297 0.30879 0.53461 0.30717 0.52606 0.29420 0.52019 0.27411 0.51130 0.25940 0.50322 0.24253 0.48722 0.23823 0.47702 0.23750 0.45782 0.23768 0.44069 0.24033 0.42651 0.23970 0.42513 0.22996 0.42802 0.21473 0.43385 0.20720 0.44411 0.19672 0.45960 0.19159 0.47345 0.18707 0.49940 0.18298 0.53311 0.18053 0.59375 0.18393 0.63622 0.18744 0.66732
