4 0.77045 0.63279 0.78373 0.61672 0.79477 0.59782 0.80589 0.58052 0.81653 0.55217 0.81658 0.52020 0.81481 0.50261 0.81176 0.48238 0.79723 0.47683 0.78244 0.47985 0.76584 0.49337 0.75481 0.50293 0.74454 0.50952 0.72906 0.50767 0.72468 0.51664 0.72112 0.54300 0.72394 0.55857 0.73237 0.57175 0.73911 0.59312 0.74296 0.61054 0.75165 0.62840 0.76045 0.63471 0.77045 0.63279
4 0.63763 0.63803 0.64524 0.61994 0.65066 0.60486 0.64618 0.58209 0.64173 0.56436 0.63415 0.55658 0.62959 0.54098 0.62737 0.53895 0.61915 0.53530 0.61305 0.54086 0.60030 0.54895 0.59651 0.54937 0.59330 0.54419 0.58767 0.55491 0.58101 0.57973 0.57398 0.62314 0.57196 0.64272 0.57140 0.66198 0.57588 0.68475 0.58965 0.69348 0.60547 0.68765 0.62103 0.66738 0.63763 0.63803
4 0.71897 0.53229 0.72481 0.51049 0.72729 0.49009 0.72224 0.45674 0.69396 0.45614 0.68199 0.46544 0.66226 0.48122 0.64904 0.49328 0.64001 0.50653 0.63067 0.53214 0.62983 0.55758 0.64144 0.56457 0.66007 0.56956 0.68034 0.57032 0.69603 0.57136 0.70101 0.56961 0.71014 0.55408 0.71897 0.53229
4 0.71987 0.66941 0.72870 0.64159 0.73198 0.62593 0.73122 0.60128 0.73180 0.59569 0.72892 0.58413 0.72034 0.57320 0.70617 0.56941 0.69270 0.58018 0.67637 0.59305 0.66899 0.59827 0.65505 0.61251 0.64318 0.63449 0.64327 0.64961 0.65105 0.67039 0.66022 0.68938 0.66567 0.71025 0.67121 0.71533 0.68703 0.71813 0.70311 0.70447 0.71987 0.66941
4 0.47823 0.55290 0.48187 0.53590 0.48368 0.52057 0.47334 0.51277 0.45996 0.50775 0.45237 0.50859 0.43842 0.50917 0.42482 0.50840 0.41233 0.50865 0.40147 0.55606 0.40115 0.58473 0.40340 0.61409 0.41015 0.62669 0.42148 0.63763 0.43133 0.63524 0.44615 0.62627 0.45812 0.61078 0.47349 0.56889 0.47823 0.55290
4 0.38600 0.56054 0.39948 0.54115 0.40752 0.52317 0.40982 0.50941 0.40315 0.49828 0.39647 0.48714 0.39465 0.48018 0.38539 0.47698 0.37383 0.47029 0.36550 0.46878 0.35286 0.47474 0.34583 0.48723 0.33980 0.50287 0.33247 0.52679 0.32739 0.55778 0.32804 0.57593 0.33271 0.59803 0.34491 0.60058 0.36253 0.58805 0.37590 0.57078 0.38600 0.56054
4 0.59065 0.54550 0.60326 0.55046 0.61520 0.53957 0.62510 0.52115 0.63076 0.49075 0.63078 0.45718 0.62389 0.42881 0.61058 0.40964 0.59787 0.39919 0.57550 0.39319 0.56074 0.40175 0.54297 0.41518 0.52760 0.43478 0.51888 0.45926 0.51375 0.47651 0.50915 0.49555 0.50984 0.51529 0.51744 0.52042 0.54123 0.52679 0.55612 0.53078 0.58003 0.54028 0.59065 0.54550
4 0.46255 0.50736 0.46976 0.50843 0.47972 0.51901 0.49267 0.53096 0.49884 0.53025 0.50349 0.51668 0.50890 0.49081 0.51280 0.47625 0.51651 0.46244 0.51878 0.44277 0.51965 0.43215 0.51657 0.41565 0.50416 0.39672 0.49578 0.38902 0.48889 0.38487 0.47028 0.37600 0.46238 0.37388 0.45685 0.37391 0.44241 0.37939 0.43265 0.39158 0.42253 0.40138 0.40865 0.42347 0.39911 0.45909 0.39649 0.48449 0.40077 0.50318 0.40920 0.50709 0.41880 0.51045 0.44583 0.50828 0.46255 0.50736
4 0.28766 0.56007 0.30523 0.55975 0.31715 0.55648 0.33075 0.52633 0.33299 0.51111 0.32807 0.49685 0.32579 0.48474 0.32098 0.46835 0.31534 0.45678 0.30615 0.44641 0.29750 0.44265 0.28952 0.43979 0.27910 0.44778 0.26279 0.46570 0.25299 0.49543 0.24828 0.51645 0.23590 0.54549 0.23269 0.56260 0.23801 0.57193 0.25866 0.57387 0.27581 0.56481 0.28766 0.56007
4 0.84316 0.64048 0.84985 0.64227 0.86404 0.63054 0.87588 0.60697 0.87674 0.60375 0.88213 0.58363 0.88937 0.56486 0.89425 0.54460 0.89246 0.52859 0.87782 0.52553 0.86403 0.52960 0.84938 0.53689 0.82797 0.55704 0.81387 0.57051 0.81159 0.57077 0.80556 0.58295 0.79851 0.59487 0.80420 0.61278 0.81442 0.61380 0.83218 0.62373 0.83694 0.63277 0.84316 0.64048
4 0.22620 0.42060 0.22877 0.41273 0.23294 0.39904 0.23155 0.38378 0.23427 0.37365 0.22510 0.36494 0.21918 0.34617 0.21702 0.33000 0.21450 0.31142 0.20812 0.30726 0.19298 0.30795 0.18542 0.32311 0.17680 0.34963 0.17160 0.37469 0.16784 0.39799 0.16878 0.41305 0.18125 0.41869 0.19336 0.42193 0.20910 0.42464 0.21825 0.42228 0.22620 0.42060
4 0.35020 0.47022 0.36830 0.47341 0.38180 0.46768 0.39674 0.45299 0.40467 0.43643 0.40754 0.41455 0.40613 0.38994 0.40495 0.37014 0.39714 0.35087 0.38833 0.34081 0.36710 0.33433 0.35198 0.33876 0.34225 0.35255 0.33101 0.37219 0.32313 0.39423 0.31875 0.40866 0.31434 0.42703 0.31074 0.44785 0.31486 0.45291 0.33247 0.46546 0.35020 0.47022
4 0.78888 0.73349 0.79992 0.71632 0.80792 0.70192 0.81431 0.68494 0.81805 0.66582 0.81807 0.64857 0.81505 0.63410 0.80797 0.62789 0.78861 0.62629 0.77494 0.63269 0.76674 0.63409 0.75214 0.63018 0.74707 0.62163 0.73634 0.61876 0.73204 0.62623 0.73190 0.64561 0.73267 0.66163 0.73920 0.67848 0.74618 0.70910 0.74752 0.72816 0.75655 0.74424 0.77248 0.74491 0.78888 0.73349
4 0.55214 0.60506 0.56094 0.58082 0.56791 0.55824 0.57057 0.54314 0.56925 0.53775 0.56250 0.53378 0.54042 0.52859 0.53030 0.52516 0.51882 0.51992 0.50941 0.51381 0.50063 0.52943 0.49147 0.55501 0.48733 0.57907 0.48558 0.60448 0.48710 0.62286 0.49505 0.64297 0.50878 0.65527 0.52192 0.65088 0.53937 0.63040 0.55214 0.60506
4 0.29838 0.43440 0.30955 0.42258 0.31285 0.41024 0.31745 0.36697 0.30167 0.34570 0.28985 0.33383 0.27976 0.32495 0.25898 0.32247 0.25119 0.33282 0.24089 0.35271 0.22950 0.39883 0.22953 0.44715 0.23282 0.45357 0.24223 0.45760 0.25625 0.45748 0.26880 0.44603 0.28202 0.43397 0.29838 0.43440
