4 0.80125 0.49553 0.80579 0.47519 0.80705 0.45333 0.80911 0.43288 0.80571 0.40279 0.79125 0.37427 0.78168 0.35940 0.76978 0.34276 0.75432 0.34442 0.74251 0.35382 0.73386 0.37340 0.72837 0.38692 0.72220 0.39746 0.70758 0.40284 0.70775 0.41282 0.71654 0.43793 0.72612 0.45052 0.73962 0.45844 0.75533 0.47441 0.76666 0.48819 0.78252 0.50015 0.79322 0.50178 0.80125 0.49553
4 0.68530 0.56050 0.68386 0.54093 0.68185 0.52503 0.66751 0.50678 0.65550 0.49300 0.64521 0.48951 0.63407 0.47768 0.63117 0.47687 0.62219 0.47737 0.61928 0.48508 0.61159 0.49807 0.60840 0.50017 0.60319 0.49702 0.60304 0.50912 0.60838 0.53426 0.62182 0.57613 0.62891 0.59450 0.63715 0.61192 0.65148 0.63017 0.66771 0.63169 0.67917 0.61931 0.68382 0.59419 0.68530 0.56050
4 0.70976 0.42936 0.70507 0.40728 0.69801 0.38798 0.67837 0.36056 0.65291 0.37286 0.64646 0.38658 0.63604 0.40960 0.62974 0.42635 0.62772 0.44225 0.63102 0.46931 0.64182 0.49236 0.65534 0.49332 0.67421 0.48931 0.69261 0.48078 0.70706 0.47459 0.71070 0.47076 0.71179 0.45278 0.70976 0.42936
4 0.77281 0.55113 0.76805 0.52233 0.76386 0.50689 0.75200 0.48527 0.74997 0.48002 0.74216 0.47103 0.72956 0.46519 0.71521 0.46824 0.70810 0.48395 0.69939 0.50284 0.69518 0.51084 0.68923 0.52985 0.68863 0.55483 0.69558 0.56826 0.71194 0.58324 0.72874 0.59600 0.74307 0.61212 0.75031 0.61413 0.76567 0.60945 0.77380 0.58997 0.77281 0.55113
4 0.50462 0.55702 0.50014 0.54022 0.49479 0.52574 0.48205 0.52348 0.46785 0.52508 0.46147 0.52928 0.44929 0.53612 0.43683 0.54161 0.42581 0.54750 0.43766 0.59468 0.45039 0.62038 0.46573 0.64551 0.47746 0.65367 0.49252 0.65828 0.50021 0.65168 0.50935 0.63695 0.51298 0.61772 0.50765 0.57342 0.50462 0.55702
4 0.42591 0.60570 0.42912 0.58230 0.42812 0.56263 0.42393 0.54932 0.41292 0.54243 0.40191 0.53555 0.39714 0.53017 0.38743 0.53153 0.37410 0.53081 0.36598 0.53324 0.35743 0.54429 0.35684 0.55862 0.35856 0.57529 0.36289 0.59993 0.37243 0.62985 0.38126 0.64572 0.39544 0.66329 0.40747 0.66003 0.41748 0.64086 0.42156 0.61940 0.42591 0.60570
4 0.60142 0.49939 0.61491 0.49808 0.62060 0.48296 0.62107 0.46205 0.61231 0.43239 0.59709 0.40248 0.57807 0.38032 0.55750 0.36929 0.54144 0.36574 0.51879 0.37056 0.50952 0.38488 0.49978 0.40491 0.49498 0.42936 0.49832 0.45513 0.50158 0.47283 0.50613 0.49188 0.51571 0.50915 0.52481 0.51027 0.54890 0.50515 0.56398 0.50195 0.58960 0.49956 0.60142 0.49939
4 0.46998 0.52356 0.47689 0.52124 0.49056 0.52614 0.50753 0.53092 0.51270 0.52747 0.51068 0.51328 0.50376 0.48777 0.50063 0.47303 0.49765 0.45904 0.49076 0.44048 0.48671 0.43062 0.47647 0.41732 0.45682 0.40609 0.44585 0.40303 0.43783 0.40246 0.41723 0.40301 0.40923 0.40471 0.40431 0.40724 0.39393 0.41868 0.39077 0.43398 0.38620 0.44730 0.38386 0.47328 0.39153 0.50935 0.40073 0.53317 0.41303 0.54788 0.42232 0.54754 0.43239 0.54618 0.45550 0.53197 0.46998 0.52356
4 0.33808 0.64993 0.35359 0.64166 0.36272 0.63333 0.36115 0.60030 0.35624 0.58572 0.34538 0.57525 0.33785 0.56549 0.32612 0.55307 0.31584 0.54532 0.30295 0.54025 0.29353 0.54083 0.28513 0.54191 0.27947 0.55376 0.27308 0.57713 0.27784 0.60807 0.28318 0.62894 0.28533 0.66043 0.29025 0.67713 0.29922 0.68304 0.31850 0.67539 0.32967 0.65953 0.33808 0.64993
4 0.86953 0.46938 0.87631 0.46793 0.88363 0.45105 0.88347 0.42467 0.88278 0.42141 0.87845 0.40103 0.87638 0.38102 0.87152 0.36075 0.86267 0.34730 0.84823 0.35122 0.83779 0.36111 0.82805 0.37426 0.81812 0.40193 0.81167 0.42033 0.80976 0.42159 0.80992 0.43519 0.80904 0.44901 0.82224 0.46239 0.83181 0.45865 0.85215 0.45944 0.86049 0.46533 0.86953 0.46938
4 0.21999 0.55355 0.21871 0.54538 0.21621 0.53128 0.20805 0.51832 0.20587 0.50807 0.19375 0.50447 0.17995 0.49043 0.17069 0.47699 0.16001 0.46159 0.15243 0.46078 0.13925 0.46827 0.13940 0.48520 0.14375 0.51275 0.15050 0.53744 0.15773 0.55990 0.16540 0.57290 0.17908 0.57226 0.19134 0.56965 0.20660 0.56492 0.21367 0.55866 0.21999 0.55355
4 0.35301 0.54147 0.37059 0.53610 0.38001 0.52486 0.38665 0.50500 0.38620 0.48663 0.37883 0.46584 0.36640 0.44455 0.35635 0.42745 0.34064 0.41382 0.32823 0.40886 0.30638 0.41272 0.29491 0.42354 0.29251 0.44024 0.29140 0.46284 0.29439 0.48606 0.29704 0.50090 0.30145 0.51927 0.30769 0.53946 0.31366 0.54209 0.33505 0.54528 0.35301 0.54147
4 0.86339 0.57689 0.86544 0.55658 0.86603 0.54012 0.86401 0.52209 0.85867 0.50335 0.85085 0.48797 0.84159 0.47645 0.83246 0.47413 0.81449 0.48150 0.80521 0.49341 0.79854 0.49838 0.78376 0.50152 0.77536 0.49621 0.76449 0.49852 0.76405 0.50713 0.77273 0.52445 0.78069 0.53838 0.79416 0.55043 0.81428 0.57455 0.82412 0.59092 0.83947 0.60114 0.85396 0.59451 0.86339 0.57689
4 0.59415 0.56994 0.59099 0.54434 0.58695 0.52106 0.58247 0.50640 0.57885 0.50220 0.57102 0.50173 0.54900 0.50712 0.53842 0.50866 0.52581 0.50921 0.51466 0.50803 0.51392 0.52594 0.51738 0.55289 0.52460 0.57620 0.53458 0.59964 0.54428 0.61533 0.56050 0.62963 0.57831 0.63436 0.58803 0.62449 0.59428 0.59831 0.59415 0.56994
4 0.29057 0.53309 0.29516 0.51748 0.29250 0.50499 0.27696 0.46434 0.25323 0.45256 0.23731 0.44735 0.22429 0.44402 0.20465 0.45124 0.20241 0.46400 0.20227 0.48640 0.21305 0.53266 0.23502 0.57571 0.24087 0.57993 0.25108 0.57925 0.26352 0.57277 0.26950 0.55688 0.27580 0.54013 0.29057 0.53309
