4 0.21679 0.62713 0.22797 0.59715 0.23314 0.56957 0.23984 0.52848 0.24246 0.50965 0.24303 0.50697 0.22622 0.50527 0.20680 0.49653 0.18825 0.49352 0.16847 0.49299 0.16151 0.52573 0.15749 0.55443 0.15146 0.57627 0.14945 0.61468 0.14599 0.64075 0.15573 0.67237 0.17748 0.68628 0.19474 0.67605 0.20507 0.65331 0.21679 0.62713
4 0.16321 0.43240 0.17713 0.37147 0.18904 0.35268 0.19581 0.33018 0.19284 0.30692 0.18111 0.28311 0.16369 0.27672 0.14452 0.28331 0.12359 0.31215 0.11895 0.34314 0.11502 0.38488 0.10946 0.42497 0.11228 0.46285 0.12173 0.48349 0.12969 0.48780 0.14279 0.47731 0.15470 0.45852 0.16321 0.43240
4 0.51704 0.73496 0.53030 0.70175 0.54276 0.66556 0.55421 0.63102 0.55791 0.60407 0.56421 0.57767 0.56666 0.56616 0.56938 0.55009 0.55324 0.54205 0.52746 0.53750 0.49766 0.52930 0.48190 0.52595 0.46923 0.52419 0.45890 0.53403 0.45496 0.55258 0.44932 0.57912 0.44398 0.61402 0.44443 0.64740 0.44179 0.67919 0.44450 0.72783 0.45217 0.74984 0.47288 0.76534 0.50044 0.75823 0.51704 0.73496
4 0.78830 0.55262 0.79497 0.52449 0.80081 0.47766 0.80448 0.43125 0.80702 0.40318 0.80469 0.35275 0.79159 0.32410 0.76610 0.31494 0.74338 0.31846 0.73036 0.33140 0.71675 0.35345 0.70332 0.38114 0.69253 0.41581 0.69109 0.45802 0.68631 0.48381 0.68261 0.51076 0.68882 0.53334 0.71895 0.56025 0.73641 0.58042 0.75762 0.58400 0.78830 0.55262
4 0.56598 0.52387 0.59079 0.52553 0.61258 0.52730 0.64116 0.51860 0.66023 0.51617 0.68178 0.51794 0.68685 0.51347 0.69192 0.47023 0.69484 0.43388 0.69621 0.38237 0.68721 0.34069 0.67870 0.30652 0.66774 0.28387 0.64564 0.26533 0.62144 0.25645 0.59273 0.25590 0.57231 0.26820 0.55871 0.27734 0.54357 0.29351 0.53307 0.31721 0.52687 0.34638 0.51642 0.38573 0.50740 0.42820 0.50438 0.46178 0.50400 0.50883 0.51711 0.51810 0.53708 0.51773 0.56598 0.52387
4 0.19651 0.49989 0.23130 0.50728 0.25634 0.50244 0.27624 0.48629 0.26112 0.47017 0.25890 0.45492 0.26255 0.42796 0.27197 0.39667 0.28268 0.36566 0.29074 0.33409 0.29826 0.32459 0.30208 0.31617 0.29901 0.30081 0.29415 0.28581 0.28630 0.27118 0.27148 0.26342 0.25093 0.25998 0.23112 0.27242 0.21745 0.29170 0.20355 0.31836 0.19387 0.34124 0.17716 0.38113 0.16835 0.40975 0.16559 0.43229 0.16024 0.46076 0.16303 0.47980 0.18266 0.49414 0.19651 0.49989
4 0.27998 0.48153 0.30850 0.48947 0.33651 0.49635 0.37890 0.50998 0.40391 0.51810 0.42502 0.51236 0.43594 0.49343 0.44342 0.46453 0.45188 0.42475 0.45689 0.39160 0.46638 0.34368 0.46825 0.32837 0.46741 0.30968 0.45891 0.28200 0.44858 0.26596 0.43304 0.24876 0.41896 0.23748 0.38015 0.23290 0.36251 0.23844 0.34893 0.25401 0.33345 0.27197 0.31495 0.29765 0.29954 0.32486 0.28810 0.34649 0.28033 0.37345 0.27232 0.40136 0.26445 0.42556 0.25806 0.45562 0.26065 0.47562 0.27998 0.48153
4 0.30249 0.68231 0.31795 0.65786 0.32922 0.62422 0.33479 0.58844 0.34269 0.55128 0.34730 0.53287 0.34391 0.51638 0.33566 0.50359 0.31990 0.49376 0.29469 0.48653 0.28046 0.48906 0.27539 0.48704 0.26008 0.49769 0.24876 0.50264 0.24153 0.52055 0.23322 0.58530 0.23191 0.61738 0.24115 0.66746 0.24593 0.68045 0.26214 0.69780 0.28353 0.69399 0.30249 0.68231
4 0.41057 0.71918 0.42755 0.68763 0.44052 0.65249 0.44956 0.61651 0.45200 0.57913 0.45644 0.54865 0.45726 0.52850 0.45296 0.51650 0.43872 0.51253 0.41837 0.51469 0.39907 0.51520 0.37411 0.50990 0.35670 0.50800 0.34269 0.55128 0.34041 0.57486 0.33402 0.60492 0.33428 0.63913 0.33445 0.67707 0.33839 0.70384 0.34821 0.72532 0.36470 0.73805 0.38917 0.73589 0.41057 0.71918
4 0.87200 0.56212 0.87917 0.51558 0.88406 0.47317 0.88775 0.43973 0.89306 0.39840 0.88959 0.38208 0.87897 0.37110 0.86184 0.37120 0.84363 0.39245 0.83403 0.40518 0.82242 0.41475 0.81084 0.43354 0.79865 0.48456 0.79459 0.51979 0.78783 0.55158 0.77805 0.57169 0.79157 0.59863 0.80822 0.62343 0.82867 0.62409 0.85793 0.59609 0.87200 0.56212
4 0.72670 0.76843 0.73975 0.74252 0.75063 0.71068 0.76781 0.66533 0.77077 0.64838 0.77453 0.62418 0.77998 0.59853 0.77539 0.58465 0.76660 0.57443 0.75580 0.58323 0.73600 0.58277 0.72484 0.57391 0.71349 0.56595 0.70188 0.57551 0.68047 0.59222 0.67737 0.60353 0.66847 0.63586 0.65943 0.67184 0.66381 0.72545 0.66952 0.74056 0.68580 0.76715 0.69399 0.77718 0.70851 0.78307 0.72670 0.76843
4 0.64100 0.73263 0.64910 0.70106 0.65917 0.66350 0.66444 0.63868 0.66989 0.61304 0.67422 0.59270 0.67853 0.56588 0.66992 0.55482 0.64414 0.54379 0.61691 0.54262 0.59404 0.54704 0.57680 0.55722 0.56582 0.57340 0.55501 0.62097 0.55168 0.64620 0.54595 0.66991 0.55159 0.71456 0.55718 0.73981 0.56915 0.76729 0.58378 0.77595 0.60764 0.77360 0.62655 0.76191 0.64100 0.73263
