4 0.86142 0.51357 0.86547 0.51356 0.87318 0.51107 0.87960 0.50689 0.88802 0.48974 0.88883 0.47885 0.88894 0.40606 0.88522 0.38893 0.87960 0.38223 0.87168 0.39297 0.86713 0.39939 0.86128 0.41677 0.85820 0.42612 0.86155 0.43445 0.86113 0.44780 0.86062 0.45737 0.85594 0.48216 0.85425 0.49066 0.85591 0.50115 0.85758 0.50531 0.86142 0.51357
4 0.63527 0.71037 0.64614 0.70548 0.65050 0.70099 0.65190 0.68748 0.64491 0.67214 0.63515 0.66166 0.61127 0.65469 0.59024 0.64979 0.57030 0.64852 0.56102 0.64746 0.54907 0.64872 0.54619 0.65613 0.54941 0.68283 0.55077 0.69464 0.55096 0.70220 0.56497 0.70758 0.58314 0.70723 0.59568 0.70968 0.61009 0.71119 0.62589 0.71185 0.63527 0.71037
4 0.33002 0.47484 0.32653 0.43876 0.32272 0.41468 0.32134 0.38744 0.31190 0.36970 0.30283 0.34918 0.29398 0.33039 0.28272 0.31939 0.27059 0.31214 0.25930 0.31025 0.24446 0.30893 0.22470 0.32763 0.21891 0.36974 0.22003 0.39981 0.22337 0.43497 0.22806 0.45530 0.25072 0.47823 0.27133 0.48781 0.29999 0.49333 0.32028 0.49195 0.33002 0.47484
4 0.39351 0.52889 0.43340 0.53080 0.45095 0.53074 0.46494 0.52669 0.47243 0.50905 0.47674 0.48546 0.47580 0.45175 0.47368 0.42463 0.46589 0.39840 0.45564 0.37528 0.44652 0.35477 0.43112 0.33613 0.41459 0.32413 0.39358 0.31645 0.37774 0.31807 0.35915 0.33019 0.34295 0.35288 0.32845 0.38631 0.32256 0.42293 0.32548 0.45544 0.33201 0.48738 0.33456 0.49425 0.33812 0.50742 0.35156 0.51813 0.36784 0.52378 0.39351 0.52889
4 0.67955 0.53383 0.69812 0.53279 0.70879 0.52983 0.71681 0.51654 0.72245 0.50742 0.72424 0.49638 0.72556 0.47592 0.72580 0.44867 0.72405 0.42806 0.71816 0.41001 0.71186 0.39582 0.70477 0.38619 0.69925 0.38010 0.67338 0.37661 0.66320 0.38265 0.65222 0.39325 0.64184 0.40438 0.63490 0.42130 0.62441 0.43815 0.62213 0.44294 0.62093 0.45136 0.62195 0.48980 0.62310 0.51619 0.62436 0.53055 0.63452 0.54033 0.64943 0.53860 0.66671 0.53586 0.67955 0.53383
4 0.21497 0.43725 0.21983 0.42636 0.22058 0.39878 0.21952 0.36876 0.21638 0.34452 0.20355 0.31909 0.18986 0.30202 0.18150 0.28600 0.17550 0.27594 0.17237 0.26543 0.16483 0.25935 0.15008 0.25890 0.13707 0.26918 0.13206 0.28833 0.13200 0.31580 0.13681 0.35990 0.14204 0.39293 0.15094 0.43088 0.15981 0.44504 0.17862 0.45763 0.20406 0.45176 0.21497 0.43725
4 0.12640 0.42838 0.13768 0.41653 0.14199 0.40667 0.14403 0.39173 0.13780 0.36614 0.13271 0.33398 0.13157 0.31308 0.12578 0.29793 0.11632 0.28930 0.10695 0.28129 0.10152 0.27576 0.09865 0.27622 0.09006 0.29131 0.08260 0.31356 0.08311 0.33088 0.08307 0.36291 0.09127 0.41470 0.09409 0.42799 0.10968 0.43374 0.12640 0.42838
4 0.53119 0.71388 0.54048 0.71178 0.54730 0.70373 0.54861 0.68644 0.54687 0.66583 0.54433 0.64662 0.53694 0.63830 0.52026 0.63525 0.50101 0.63197 0.48057 0.62761 0.46221 0.62356 0.44997 0.62297 0.44907 0.63007 0.44618 0.64698 0.44477 0.66365 0.44505 0.67817 0.44659 0.70070 0.44904 0.71297 0.46078 0.71680 0.48635 0.71845 0.50245 0.71780 0.51974 0.71506 0.53119 0.71388
4 0.62226 0.52563 0.62203 0.49637 0.61878 0.46208 0.62067 0.43248 0.61628 0.40476 0.60409 0.37379 0.59207 0.35829 0.57355 0.34749 0.54823 0.34967 0.52607 0.35773 0.50504 0.37296 0.49475 0.39111 0.47710 0.42320 0.47306 0.44852 0.47402 0.47311 0.47600 0.49931 0.48098 0.52598 0.50124 0.54296 0.53563 0.54757 0.55621 0.55254 0.58379 0.55089 0.60592 0.54739 0.62226 0.52563
4 0.85611 0.47587 0.86089 0.44499 0.85847 0.41374 0.85465 0.39599 0.84142 0.39239 0.83172 0.40468 0.82251 0.42323 0.81568 0.43127 0.81459 0.43397 0.80489 0.44943 0.80329 0.46487 0.80009 0.48943 0.80065 0.51212 0.80724 0.52499 0.82055 0.53871 0.83358 0.54424 0.84436 0.53595 0.84903 0.51749 0.85611 0.47587
4 0.35292 0.67820 0.35253 0.67257 0.34980 0.65212 0.34558 0.63507 0.34106 0.61933 0.33654 0.60360 0.32371 0.59930 0.31088 0.59817 0.29706 0.59719 0.28126 0.59653 0.26901 0.59594 0.26309 0.59688 0.25676 0.60168 0.25615 0.61696 0.25957 0.63857 0.26963 0.64140 0.28326 0.64114 0.29353 0.64205 0.31010 0.65081 0.31720 0.65728 0.32530 0.66043 0.33575 0.66890 0.35292 0.67820
4 0.80125 0.50316 0.80415 0.47992 0.80283 0.44596 0.80188 0.42080 0.80625 0.40366 0.80834 0.39130 0.80668 0.37764 0.80503 0.36082 0.79744 0.35443 0.78993 0.35498 0.77035 0.37834 0.75936 0.39526 0.74827 0.41157 0.73847 0.42641 0.73363 0.43098 0.72402 0.45338 0.72388 0.47808 0.72504 0.49498 0.72462 0.50834 0.73733 0.52784 0.74827 0.53940 0.76672 0.54723 0.77719 0.54621 0.79351 0.52780 0.80125 0.50316
4 0.41775 0.70400 0.42821 0.70931 0.43849 0.70388 0.44216 0.69191 0.44446 0.67446 0.44547 0.65848 0.44937 0.62876 0.44128 0.62244 0.42055 0.62256 0.39695 0.61744 0.37168 0.61448 0.35776 0.60973 0.35193 0.61445 0.35280 0.62950 0.35533 0.64871 0.35610 0.66631 0.35717 0.67310 0.36694 0.67408 0.38231 0.68063 0.39661 0.69103 0.41775 0.70400
