4 0.65458 0.43147 0.64601 0.42656 0.63770 0.42344 0.63402 0.42088 0.63278 0.42105 0.62933 0.42891 0.62586 0.43369 0.62393 0.44067 0.62477 0.44667 0.62562 0.45266 0.63125 0.45742 0.64039 0.46037 0.64691 0.45946 0.65258 0.45255 0.65442 0.44497 0.65502 0.43752 0.65458 0.43147
4 0.56161 0.55597 0.56473 0.54624 0.56212 0.51354 0.55861 0.49934 0.54992 0.49763 0.54372 0.49688 0.53652 0.49805 0.52853 0.50134 0.52777 0.50660 0.52861 0.51971 0.52993 0.52907 0.53360 0.54102 0.53727 0.55303 0.54375 0.56020 0.54630 0.56055 0.55178 0.56053 0.55695 0.55834 0.56161 0.55597
4 0.53415 0.55200 0.53394 0.54688 0.53202 0.53685 0.52972 0.52395 0.52864 0.50577 0.53018 0.50257 0.52937 0.49683 0.51550 0.49363 0.51342 0.49322 0.50543 0.49288 0.50033 0.49213 0.49832 0.49898 0.49933 0.50620 0.50065 0.51556 0.50405 0.53270 0.50843 0.54607 0.51196 0.55366 0.52149 0.56110 0.52686 0.56035 0.53418 0.55563 0.53415 0.55200
4 0.47988 0.48839 0.47957 0.48252 0.47671 0.47631 0.46983 0.47364 0.46486 0.47358 0.45724 0.47243 0.45601 0.48144 0.45665 0.49675 0.46006 0.51394 0.46274 0.51867 0.46960 0.52507 0.47574 0.52275 0.47711 0.51811 0.47774 0.50848 0.47838 0.49885 0.47988 0.48839
4 0.44981 0.41253 0.44766 0.41137 0.43867 0.41117 0.43461 0.42128 0.43342 0.44130 0.43582 0.45499 0.44693 0.46288 0.45864 0.46123 0.46421 0.45822 0.46404 0.44653 0.46073 0.42640 0.45747 0.41731 0.44981 0.41253
4 0.50654 0.54705 0.50563 0.53687 0.50482 0.52745 0.50320 0.51596 0.50103 0.49713 0.50100 0.48981 0.49579 0.48464 0.48249 0.48211 0.48183 0.48443 0.48039 0.48832 0.47649 0.49618 0.47774 0.50848 0.47917 0.52227 0.48455 0.54282 0.48828 0.54815 0.49440 0.55612 0.50474 0.55538 0.50551 0.55381 0.50654 0.54705
4 0.59103 0.43232 0.58743 0.41743 0.58118 0.41538 0.57198 0.41374 0.56651 0.41375 0.56158 0.42475 0.55609 0.44238 0.55576 0.45419 0.55621 0.46443 0.56014 0.47120 0.56602 0.47406 0.58039 0.47719 0.59066 0.47575 0.59532 0.46626 0.59473 0.44796 0.59103 0.43232
4 0.65370 0.47421 0.64252 0.47285 0.63437 0.47839 0.62527 0.48113 0.61933 0.48126 0.62014 0.49069 0.62448 0.49669 0.63157 0.50817 0.63950 0.51150 0.64772 0.51691 0.65370 0.51314 0.66007 0.50199 0.66110 0.49155 0.65760 0.47735 0.65370 0.47421
4 0.61778 0.42417 0.60865 0.41960 0.60562 0.41926 0.59932 0.42752 0.59556 0.43976 0.59433 0.44877 0.59558 0.46107 0.59891 0.46722 0.60421 0.46940 0.61456 0.46870 0.62355 0.46522 0.62465 0.44820 0.62437 0.43208 0.61778 0.42417
4 0.50037 0.41790 0.49104 0.41189 0.47717 0.40869 0.46414 0.40830 0.46137 0.42045 0.46420 0.44060 0.46918 0.45828 0.47980 0.47370 0.48870 0.47316 0.50454 0.47240 0.50860 0.46229 0.50637 0.44644 0.50394 0.42916 0.50037 0.41790
4 0.59142 0.54835 0.59681 0.53729 0.59626 0.52267 0.59623 0.51536 0.59450 0.49944 0.58751 0.48866 0.58211 0.48942 0.56982 0.49044 0.56159 0.48862 0.56117 0.49973 0.56131 0.50779 0.56232 0.51497 0.56394 0.52651 0.56603 0.53798 0.56821 0.54277 0.57097 0.54829 0.57530 0.55061 0.58534 0.55142 0.59142 0.54835
4 0.54805 0.41711 0.53787 0.41192 0.52555 0.40921 0.51205 0.41257 0.50420 0.42029 0.50536 0.43926 0.50789 0.46092 0.51099 0.47225 0.52126 0.47813 0.53507 0.47695 0.54493 0.47627 0.55202 0.47017 0.55653 0.45262 0.55497 0.43083 0.54805 0.41711
4 0.69166 0.46781 0.68490 0.46139 0.67973 0.45969 0.66912 0.46118 0.66052 0.46790 0.65885 0.47061 0.65855 0.48044 0.66057 0.48869 0.66408 0.49618 0.67040 0.50266 0.68067 0.50485 0.69083 0.50040 0.69471 0.49248 0.69464 0.48027 0.69166 0.46781
