4 0.64657 0.41569 0.63754 0.41170 0.62895 0.40947 0.62502 0.40730 0.62380 0.40761 0.62119 0.41578 0.61824 0.42090 0.61705 0.42805 0.61852 0.43392 0.61998 0.43979 0.62608 0.44393 0.63548 0.44592 0.64186 0.44433 0.64678 0.43687 0.64782 0.42913 0.64764 0.42166 0.64657 0.41569
4 0.56712 0.54922 0.56921 0.53922 0.56319 0.50697 0.55822 0.49321 0.54940 0.49243 0.54316 0.49233 0.53612 0.49424 0.52852 0.49835 0.52830 0.50366 0.53052 0.51661 0.53280 0.52578 0.53770 0.53729 0.54261 0.54884 0.54980 0.55529 0.55237 0.55537 0.55782 0.55479 0.56273 0.55207 0.56712 0.54922
4 0.53940 0.54815 0.53865 0.54308 0.53569 0.53330 0.53206 0.52071 0.52909 0.50275 0.53028 0.49941 0.52888 0.49378 0.51475 0.49205 0.51264 0.49185 0.50466 0.49235 0.49951 0.49214 0.49822 0.49916 0.49998 0.50624 0.50227 0.51541 0.50745 0.53210 0.51320 0.54494 0.51750 0.55211 0.52776 0.55852 0.53303 0.55721 0.53980 0.55176 0.53940 0.54815
4 0.47878 0.49055 0.47786 0.48475 0.47437 0.47887 0.46725 0.47694 0.46229 0.47740 0.45459 0.47705 0.45431 0.48614 0.45655 0.50130 0.46174 0.51804 0.46490 0.52246 0.47239 0.52812 0.47825 0.52516 0.47913 0.52040 0.47875 0.51076 0.47837 0.50112 0.47878 0.49055
4 0.44095 0.41826 0.43869 0.41733 0.42972 0.41807 0.42674 0.42855 0.42765 0.44858 0.43147 0.46195 0.44334 0.46863 0.45482 0.46576 0.46004 0.46219 0.45865 0.45059 0.45325 0.43091 0.44906 0.42221 0.44095 0.41826
4 0.51143 0.54610 0.50945 0.53609 0.50766 0.52679 0.50485 0.51554 0.50073 0.49704 0.49993 0.48976 0.49420 0.48516 0.48072 0.48404 0.48030 0.48641 0.47927 0.49043 0.47623 0.49866 0.47875 0.51076 0.48161 0.52432 0.48911 0.54420 0.49338 0.54911 0.50030 0.55640 0.51050 0.55458 0.51110 0.55294 0.51143 0.54610
4 0.58345 0.42318 0.57832 0.40874 0.57189 0.40736 0.56257 0.40669 0.55713 0.40727 0.55338 0.41872 0.54976 0.43684 0.55067 0.44862 0.55218 0.45875 0.55680 0.46507 0.56294 0.46730 0.57756 0.46891 0.58763 0.46640 0.59127 0.45648 0.58877 0.43834 0.58345 0.42318
4 0.65016 0.45828 0.63890 0.45810 0.63137 0.46446 0.62261 0.46814 0.61672 0.46889 0.61851 0.47818 0.62345 0.48370 0.63170 0.49437 0.63994 0.49685 0.64868 0.50137 0.65423 0.49700 0.65940 0.48525 0.65934 0.47475 0.65437 0.46100 0.65016 0.45828
4 0.60921 0.41228 0.59965 0.40868 0.59660 0.40867 0.59120 0.41754 0.58874 0.43010 0.58846 0.43919 0.59099 0.45129 0.59494 0.45706 0.60044 0.45867 0.61066 0.45690 0.61924 0.45249 0.61855 0.43545 0.61659 0.41945 0.60921 0.41228
4 0.49179 0.41831 0.48188 0.41331 0.46775 0.41158 0.45475 0.41255 0.45326 0.42493 0.45819 0.44467 0.46499 0.46173 0.47717 0.47596 0.48595 0.47449 0.50163 0.47207 0.50461 0.46159 0.50074 0.44607 0.49652 0.42914 0.49179 0.41831
4 0.59597 0.53853 0.60018 0.52697 0.59810 0.51249 0.59730 0.50521 0.59393 0.48957 0.58585 0.47957 0.58055 0.48090 0.56844 0.48319 0.56006 0.48224 0.56081 0.49334 0.56179 0.50134 0.56354 0.50838 0.56636 0.51968 0.56964 0.53087 0.57231 0.53541 0.57563 0.54061 0.58018 0.54246 0.59025 0.54222 0.59597 0.53853
4 0.53912 0.41254 0.52846 0.40845 0.51592 0.40704 0.50285 0.41179 0.49585 0.42029 0.49898 0.43903 0.50376 0.46031 0.50803 0.47125 0.51886 0.47603 0.53246 0.47341 0.54220 0.47170 0.54861 0.46490 0.55127 0.44697 0.54744 0.42546 0.53912 0.41254
4 0.68724 0.44796 0.67985 0.44227 0.67453 0.44113 0.66414 0.44372 0.65628 0.45130 0.65490 0.45416 0.65564 0.46398 0.65850 0.47197 0.66278 0.47905 0.66975 0.48483 0.68019 0.48594 0.68982 0.48045 0.69286 0.47217 0.69151 0.46003 0.68724 0.44796
