4 0.32335 0.48506 0.32865 0.41925 0.33445 0.37184 0.31255 0.35645 0.28834 0.31727 0.25993 0.26664 0.23212 0.24244 0.21972 0.26506 0.21560 0.29858 0.21538 0.35243 0.22716 0.42146 0.23905 0.49129 0.25251 0.50948 0.27411 0.50442 0.29979 0.51327 0.31791 0.50912 0.32335 0.48506
4 0.32755 0.62030 0.34952 0.69407 0.36329 0.73313 0.37354 0.75300 0.37954 0.76031 0.38901 0.76666 0.39987 0.77323 0.41043 0.77175 0.41744 0.76477 0.42157 0.75481 0.42414 0.74763 0.42708 0.73907 0.43100 0.72571 0.43275 0.71650 0.43169 0.70896 0.42986 0.70369 0.40963 0.63823 0.38854 0.57304 0.37238 0.52407 0.36979 0.51982 0.36728 0.51607 0.36404 0.51192 0.36085 0.50571 0.35691 0.49652 0.35427 0.48716 0.35232 0.48744 0.34506 0.48999 0.33766 0.49155 0.33170 0.49392 0.32172 0.49839 0.31987 0.50173 0.31830 0.50708 0.31425 0.51123 0.30810 0.51261 0.30186 0.51502 0.30083 0.51855 0.29942 0.52218 0.29941 0.52987 0.29949 0.54226 0.30167 0.55773 0.30496 0.56752 0.31039 0.58253 0.31667 0.59190 0.32755 0.62030
4 0.82574 0.30759 0.83028 0.29465 0.83284 0.27892 0.83545 0.26072 0.83499 0.24049 0.83398 0.21911 0.83169 0.20283 0.82930 0.17734 0.82637 0.15931 0.82203 0.13409 0.81776 0.11502 0.81405 0.09709 0.81240 0.08257 0.81259 0.07823 0.81064 0.07851 0.80886 0.07999 0.79899 0.07768 0.79220 0.07741 0.78821 0.09150 0.78328 0.10449 0.77843 0.11808 0.77345 0.13354 0.77074 0.14253 0.76463 0.15569 0.76509 0.16177 0.76836 0.18222 0.77185 0.21554 0.77794 0.26450 0.78608 0.27996 0.80290 0.29788 0.81123 0.30901 0.81845 0.31230 0.82574 0.30759
4 0.71818 0.38047 0.73192 0.38411 0.75559 0.38357 0.76967 0.38113 0.77890 0.37193 0.78182 0.35850 0.78367 0.31500 0.77797 0.27149 0.77452 0.24485 0.76928 0.18980 0.76087 0.14984 0.75944 0.13294 0.75327 0.11893 0.74432 0.12158 0.73389 0.13932 0.73298 0.16920 0.73103 0.19597 0.72741 0.22158 0.72250 0.24226 0.71177 0.26422 0.70296 0.27429 0.71198 0.32137 0.71893 0.37292 0.71818 0.38047
4 0.19374 0.67674 0.19940 0.69438 0.20330 0.70798 0.20935 0.72558 0.21462 0.74328 0.22032 0.74986 0.23401 0.74548 0.24388 0.73363 0.25474 0.72042 0.26112 0.70355 0.26000 0.67296 0.25466 0.63497 0.25065 0.60356 0.24922 0.57363 0.25019 0.55505 0.24860 0.53805 0.24430 0.52452 0.23646 0.51394 0.22775 0.50286 0.21803 0.49316 0.20459 0.48521 0.19715 0.48318 0.18798 0.49431 0.18315 0.50237 0.18025 0.51569 0.17838 0.53071 0.17667 0.55247 0.17736 0.58004 0.17819 0.60575 0.18099 0.62565 0.18418 0.64549 0.18889 0.66205 0.19374 0.67674
4 0.82302 0.52202 0.83499 0.52239 0.84632 0.52285 0.86881 0.53198 0.86696 0.52353 0.86532 0.51659 0.86412 0.50805 0.86145 0.49612 0.85833 0.47863 0.85380 0.45108 0.85142 0.43656 0.84819 0.42061 0.84419 0.40631 0.83955 0.39211 0.83238 0.37415 0.82142 0.35981 0.81303 0.35433 0.80669 0.35163 0.79758 0.34574 0.79214 0.34241 0.78413 0.34199 0.78265 0.34323 0.78317 0.34930 0.78242 0.35812 0.78077 0.36758 0.77902 0.37397 0.77178 0.37909 0.78152 0.38233 0.79042 0.39850 0.79736 0.41494 0.80405 0.43655 0.80950 0.45884 0.81330 0.47881 0.81703 0.49827 0.81841 0.51754 0.82302 0.52202
2 0.50628 0.35849 0.49872 0.36128 0.49529 0.36326 0.49208 0.36640 0.48989 0.36940 0.49011 0.37340 0.49377 0.37962 0.50053 0.37947 0.50418 0.37442 0.50423 0.36590 0.50547 0.36022 0.51172 0.35613 0.51548 0.35343 0.51921 0.35335 0.52455 0.35997 0.53032 0.36204 0.53529 0.36074 0.53885 0.35831 0.54553 0.35809 0.54901 0.36055 0.55173 0.35883 0.55570 0.35370 0.55825 0.35576 0.56150 0.35858 0.56503 0.36129 0.57205 0.37001 0.57441 0.37641 0.57843 0.37845 0.58842 0.37648 0.59616 0.37483 0.60296 0.37164 0.60676 0.36513 0.60489 0.35007 0.60603 0.34616 0.60793 0.34331 0.60672 0.33824 0.60374 0.33247 0.59895 0.32588 0.59461 0.32423 0.58924 0.32219 0.58510 0.32016 0.58038 0.31670 0.57675 0.31574 0.57331 0.31453 0.57063 0.31528 0.56780 0.31829 0.56512 0.31904 0.55851 0.31922 0.55389 0.32080 0.55064 0.32425 0.55051 0.32671 0.54894 0.33286 0.54971 0.34082 0.54814 0.34696 0.54682 0.35118 0.54093 0.35012 0.53318 0.35067 0.52338 0.35151 0.51561 0.35314 0.51349 0.35321 0.50628 0.35849
4 0.12977 0.62082 0.13355 0.64094 0.13600 0.65831 0.14275 0.69278 0.14722 0.70765 0.15347 0.72153 0.16193 0.72402 0.17039 0.70955 0.17363 0.68844 0.17825 0.67377 0.18052 0.65943 0.18105 0.63944 0.17953 0.61161 0.17745 0.55951 0.17762 0.54031 0.18049 0.51998 0.18396 0.50400 0.18903 0.49591 0.18911 0.48630 0.17428 0.47584 0.16102 0.46295 0.14216 0.46117 0.13101 0.47012 0.12711 0.48985 0.12501 0.52925 0.12400 0.55596 0.12418 0.58102 0.12625 0.59918 0.12977 0.62082
1 0.12465 0.40777 0.12008 0.41585 0.11240 0.43181 0.12295 0.42986 0.12653 0.43401 0.13204 0.43044 0.13598 0.41780 0.14386 0.40972 0.13920 0.40433 0.13358 0.40930 0.12465 0.40777
4 0.58945 0.65897 0.60383 0.67094 0.61896 0.68200 0.63871 0.68271 0.65492 0.68044 0.66953 0.66439 0.66856 0.64758 0.66664 0.62525 0.66143 0.59559 0.65559 0.53050 0.65093 0.48004 0.64716 0.44452 0.63429 0.42723 0.62103 0.42694 0.60622 0.42553 0.59603 0.43099 0.58282 0.43850 0.57798 0.44241 0.57429 0.45207 0.56989 0.46533 0.56290 0.47250 0.55815 0.48447 0.56355 0.50685 0.57387 0.54064 0.58147 0.58235 0.58365 0.61270 0.58340 0.63938 0.58945 0.65897
4 0.07402 0.44051 0.07441 0.43834 0.08920 0.44582 0.09728 0.44468 0.11190 0.43626 0.11474 0.43692 0.12625 0.44061 0.13911 0.44412 0.14494 0.44649 0.15420 0.45369 0.15935 0.45615 0.17119 0.45236 0.17772 0.44507 0.18449 0.43455 0.18709 0.41400 0.18791 0.39051 0.18830 0.36389 0.18516 0.33670 0.17389 0.30535 0.16279 0.28991 0.14292 0.27570 0.12060 0.25865 0.10195 0.24321 0.08469 0.23288 0.06958 0.23288 0.03393 0.26764 0.02356 0.28185 0.01864 0.30061 0.01744 0.32628 0.02171 0.34692 0.02754 0.37373 0.03419 0.40149 0.04093 0.42498 0.04948 0.44184 0.06410 0.45785 0.07069 0.45586 0.07402 0.44051
4 0.61807 0.35489 0.62380 0.36515 0.62799 0.37120 0.63336 0.38225 0.63977 0.39389 0.64560 0.40488 0.65187 0.41212 0.65696 0.41435 0.66251 0.41652 0.66993 0.41843 0.67803 0.42172 0.68478 0.42225 0.69471 0.42159 0.70163 0.41988 0.71208 0.41620 0.71692 0.41330 0.71900 0.39752 0.71725 0.37489 0.71406 0.34878 0.71036 0.31904 0.70619 0.28938 0.69978 0.26076 0.69738 0.24708 0.69522 0.22156 0.69236 0.20794 0.68983 0.20018 0.68117 0.19623 0.67317 0.19366 0.65967 0.19261 0.65025 0.19688 0.63857 0.20886 0.63182 0.22530 0.63265 0.24142 0.63583 0.25720 0.63922 0.26780 0.64014 0.27431 0.63938 0.28253 0.63796 0.28937 0.63249 0.29457 0.62478 0.30082 0.62222 0.30634 0.61876 0.31568 0.61686 0.32259 0.61424 0.33108 0.61386 0.33851 0.61528 0.34863 0.61807 0.35489
4 0.26549 0.71500 0.26951 0.73463 0.27456 0.75359 0.27854 0.76779 0.28076 0.77793 0.28320 0.78681 0.28654 0.79926 0.29163 0.80715 0.30049 0.81082 0.31217 0.80057 0.32275 0.78248 0.32682 0.76900 0.33102 0.75365 0.33401 0.74093 0.33670 0.72334 0.34064 0.71172 0.34160 0.69313 0.34170 0.67406 0.33715 0.65011 0.32423 0.61195 0.31667 0.59211 0.31013 0.57950 0.30150 0.55489 0.29870 0.53499 0.29982 0.52315 0.30062 0.51750 0.30067 0.51503 0.28701 0.50835 0.27784 0.50533 0.26878 0.50599 0.25335 0.51072 0.25230 0.52214 0.25111 0.53256 0.25062 0.55261 0.25140 0.58171 0.25346 0.60345 0.25662 0.64246 0.26062 0.66854 0.26309 0.68613 0.26347 0.70299 0.26549 0.71500
4 0.49037 0.37372 0.49285 0.37780 0.49492 0.37898 0.49981 0.37977 0.50335 0.37780 0.50330 0.37411 0.50567 0.36714 0.50786 0.36240 0.51193 0.35741 0.51547 0.35544 0.51734 0.35517 0.51942 0.35636 0.52149 0.35754 0.52377 0.36017 0.52792 0.36254 0.53073 0.36214 0.53530 0.36076 0.54061 0.35780 0.54249 0.35754 0.54446 0.35800 0.54560 0.35931 0.54897 0.35958 0.55101 0.35708 0.55231 0.35616 0.55371 0.35596 0.55465 0.35583 0.55558 0.35570 0.55953 0.35662 0.56331 0.35978 0.56455 0.36182 0.56616 0.36307 0.56844 0.36570 0.57092 0.36977 0.57320 0.37241 0.57387 0.37379 0.57615 0.37642 0.58186 0.37635 0.59085 0.37583 0.59356 0.37471 0.60178 0.37208 0.60522 0.36938 0.60528 0.36643 0.60550 0.36123 0.60515 0.35537 0.60518 0.34873 0.60654 0.34485 0.60707 0.34182 0.60699 0.33445 0.60540 0.32656 0.60174 0.31749 0.59824 0.30617 0.59639 0.29979 0.59104 0.28210 0.58636 0.26578 0.58079 0.25328 0.57247 0.23822 0.56533 0.22815 0.56248 0.22487 0.55325 0.22026 0.54078 0.21980 0.53069 0.22269 0.52127 0.22697 0.51804 0.23111 0.51265 0.24368 0.51136 0.25492 0.51272 0.26801 0.51134 0.27854 0.51092 0.28229 0.50626 0.29327 0.50430 0.30314 0.50058 0.31399 0.49582 0.32425 0.48933 0.33918 0.48451 0.35241 0.48325 0.35701 0.48728 0.36530 0.48775 0.36523 0.48882 0.36951 0.49037 0.37372
4 0.50745 0.68706 0.51109 0.69885 0.51277 0.70230 0.52147 0.70477 0.52906 0.71354 0.53267 0.72226 0.53862 0.73064 0.54532 0.73585 0.55373 0.73344 0.56286 0.73339 0.57270 0.73262 0.57734 0.72889 0.58192 0.71903 0.58317 0.70532 0.58422 0.68734 0.58409 0.67506 0.58529 0.66383 0.58550 0.65396 0.58346 0.63949 0.57800 0.62611 0.57038 0.61427 0.56210 0.60068 0.55471 0.58204 0.55200 0.56275 0.54515 0.53665 0.53775 0.49526 0.53047 0.46615 0.52768 0.44626 0.52198 0.43968 0.51532 0.43754 0.50329 0.43678 0.49323 0.43880 0.48700 0.43968 0.48447 0.44434 0.48586 0.45705 0.48747 0.46851 0.48925 0.48118 0.48808 0.49548 0.48562 0.50628 0.47845 0.51467 0.46709 0.51872 0.46669 0.52431 0.46868 0.53572 0.47240 0.55364 0.47647 0.56844 0.48191 0.58735 0.48584 0.60402 0.49084 0.62545 0.49628 0.64436 0.50052 0.66037 0.50420 0.67522 0.50745 0.68706
4 0.81541 0.55911 0.81800 0.54645 0.81864 0.51992 0.81719 0.50106 0.81410 0.47628 0.80956 0.46094 0.80348 0.44027 0.79627 0.41730 0.78354 0.38896 0.77603 0.38080 0.75988 0.38183 0.73740 0.38315 0.72497 0.38244 0.71938 0.38507 0.71825 0.38830 0.71748 0.39701 0.71623 0.41072 0.71253 0.41555 0.70485 0.42031 0.70345 0.42727 0.70562 0.43988 0.72330 0.49212 0.73838 0.54288 0.74926 0.55242 0.76457 0.55949 0.77949 0.56662 0.79649 0.57161 0.80980 0.56728 0.81541 0.55911
1 0.13902 0.35601 0.13156 0.34358 0.13100 0.32460 0.13528 0.31656 0.13259 0.30810 0.12572 0.30628 0.11847 0.31242 0.11077 0.32186 0.11027 0.33541 0.11627 0.35456 0.12488 0.36450 0.12593 0.38481 0.12510 0.40027 0.12957 0.39360 0.13752 0.37528 0.14072 0.36600 0.13902 0.35601
4 0.47055 0.76653 0.47738 0.76987 0.48655 0.77289 0.49478 0.77481 0.49764 0.77256 0.50233 0.76637 0.50535 0.75672 0.50676 0.74975 0.50884 0.73348 0.50910 0.72114 0.50969 0.71122 0.51081 0.69938 0.50828 0.68990 0.49695 0.64599 0.48732 0.60861 0.47391 0.56130 0.46495 0.52013 0.45854 0.51980 0.44147 0.52281 0.42145 0.52747 0.40148 0.52967 0.38754 0.52670 0.38105 0.52577 0.37185 0.51969 0.40071 0.60910 0.43141 0.70869 0.43614 0.71971 0.43894 0.72547 0.44480 0.73325 0.45385 0.74674 0.46179 0.75792 0.47055 0.76653
4 0.66111 0.58799 0.66611 0.62357 0.67495 0.63278 0.68270 0.63415 0.69177 0.64210 0.70045 0.65010 0.71216 0.67121 0.71832 0.68387 0.72237 0.69006 0.72933 0.70569 0.73488 0.71967 0.73930 0.71720 0.74586 0.71013 0.75595 0.69703 0.76127 0.68398 0.76348 0.67137 0.76505 0.65147 0.76555 0.63235 0.76420 0.61716 0.76125 0.60466 0.75741 0.58860 0.75226 0.57457 0.74671 0.56059 0.73859 0.53960 0.73344 0.52556 0.72778 0.50791 0.72397 0.49492 0.72007 0.48132 0.71068 0.45128 0.70239 0.42908 0.69817 0.42168 0.69683 0.42064 0.69410 0.42103 0.69137 0.42141 0.68388 0.42185 0.67418 0.42075 0.66657 0.41752 0.66172 0.41697 0.65506 0.41483 0.64954 0.40945 0.64423 0.40282 0.64031 0.39477 0.63699 0.39093 0.63535 0.39054 0.63387 0.39137 0.63095 0.39608 0.62611 0.40967 0.62419 0.42716 0.62809 0.42661 0.63480 0.42629 0.64128 0.43275 0.64609 0.44437 0.64868 0.46000 0.65257 0.49327 0.65648 0.52961 0.65963 0.56053 0.66111 0.58799
4 0.44723 0.52076 0.46605 0.51867 0.48022 0.51166 0.48889 0.50152 0.48883 0.47028 0.48066 0.41732 0.47432 0.37470 0.47844 0.36297 0.45983 0.33323 0.45154 0.30762 0.43344 0.26610 0.42218 0.26043 0.40036 0.26684 0.37971 0.26360 0.36430 0.25406 0.35821 0.29285 0.34933 0.32979 0.33645 0.36898 0.34077 0.39459 0.34393 0.42483 0.35088 0.47684 0.35851 0.50032 0.36820 0.51792 0.38216 0.52488 0.39971 0.52911 0.42085 0.52558 0.44723 0.52076
