2 0.61672 0.51916 0.63139 0.51841 0.63727 0.51691 0.64272 0.52440 0.64272 0.50944 0.63769 0.48103 0.62678 0.44663 0.62006 0.43543 0.61294 0.44290 0.60581 0.46833 0.60581 0.49524 0.60791 0.51393 0.61672 0.51916
4 0.39427 0.55446 0.39897 0.58167 0.40602 0.59738 0.42247 0.60368 0.44303 0.60997 0.45537 0.61309 0.47477 0.61415 0.49297 0.61521 0.50297 0.60262 0.50648 0.58588 0.50708 0.55446 0.50825 0.51989 0.50531 0.49685 0.49827 0.46752 0.49297 0.45075 0.48122 0.43295 0.46889 0.42457 0.45478 0.41410 0.44891 0.41410 0.43775 0.41410 0.42481 0.42875 0.41425 0.44760 0.40131 0.48008 0.39486 0.51674 0.39427 0.55446
4 0.17688 0.57643 0.18334 0.59111 0.19392 0.61415 0.20097 0.62671 0.21155 0.63616 0.23211 0.62045 0.24562 0.59426 0.25972 0.56284 0.26913 0.54398 0.27264 0.51568 0.26913 0.49265 0.26206 0.46752 0.25031 0.45075 0.23211 0.43610 0.21036 0.42666 0.19861 0.42666 0.18216 0.44969 0.17747 0.46331 0.17217 0.49474 0.17217 0.53139 0.17688 0.57643
4 0.26398 0.64889 0.27256 0.66345 0.28847 0.67145 0.30478 0.66635 0.31825 0.65036 0.32641 0.63507 0.33172 0.61616 0.33417 0.59362 0.32764 0.59070 0.31458 0.59507 0.30194 0.59724 0.29581 0.58415 0.28520 0.54707 0.28398 0.54053 0.28316 0.52961 0.28112 0.51435 0.27827 0.51435 0.27256 0.51797 0.27011 0.53106 0.26847 0.54053 0.26398 0.55652 0.26195 0.55944 0.25909 0.57033 0.25583 0.58852 0.25705 0.60889 0.25909 0.63217 0.26398 0.64889
4 0.28205 0.53036 0.28852 0.56493 0.30438 0.59844 0.32728 0.59215 0.33963 0.58379 0.36136 0.57435 0.37781 0.55969 0.37958 0.52930 0.37547 0.49894 0.36900 0.47276 0.35725 0.44760 0.34197 0.42875 0.32553 0.42248 0.31025 0.42563 0.29145 0.45390 0.28675 0.46752 0.28145 0.49685 0.28205 0.53036
4 0.53409 0.57331 0.54173 0.60053 0.54820 0.61100 0.56817 0.62357 0.59520 0.62253 0.62106 0.61833 0.64280 0.61624 0.65689 0.60159 0.65808 0.58167 0.64514 0.52092 0.64280 0.50312 0.63869 0.48008 0.63339 0.46437 0.62634 0.44446 0.61459 0.41933 0.59873 0.40992 0.57992 0.41095 0.56994 0.42666 0.56289 0.44237 0.55642 0.44657 0.54527 0.47694 0.53586 0.51045 0.53292 0.53875 0.53409 0.57331
4 0.66630 0.56596 0.68980 0.57958 0.71213 0.58379 0.73211 0.57855 0.74033 0.55549 0.74503 0.50627 0.74503 0.49162 0.73856 0.46646 0.73798 0.45808 0.73092 0.44237 0.72211 0.42875 0.71153 0.42666 0.70802 0.42772 0.69567 0.44969 0.67628 0.47590 0.66806 0.50312 0.66277 0.54398 0.66630 0.56596
4 0.65156 0.55020 0.65548 0.56590 0.65548 0.57989 0.65352 0.59560 0.65058 0.60259 0.64470 0.61306 0.63931 0.62178 0.63931 0.63401 0.64030 0.64797 0.64813 0.66454 0.65498 0.67939 0.66037 0.68549 0.67848 0.68724 0.69367 0.68287 0.70198 0.67590 0.70591 0.66543 0.70983 0.64710 0.71178 0.63226 0.71130 0.60432 0.70983 0.59036 0.70591 0.58599 0.68681 0.57727 0.67653 0.57028 0.66919 0.56242 0.66673 0.55370 0.66478 0.54496 0.66430 0.53187 0.66086 0.52053 0.65303 0.52053 0.64911 0.52053 0.64716 0.52577 0.64959 0.53538 0.65156 0.55020
2 0.71977 0.51883 0.73505 0.51359 0.74267 0.49474 0.73856 0.47067 0.73386 0.45390 0.72798 0.44552 0.71977 0.43398 0.71389 0.43398 0.70391 0.43713 0.69391 0.45284 0.69039 0.46020 0.68392 0.47694 0.68980 0.49997 0.70391 0.51256 0.71977 0.51883
4 0.09873 0.57226 0.11108 0.59215 0.14103 0.57958 0.14456 0.57749 0.16102 0.57540 0.17217 0.56596 0.17334 0.54710 0.17217 0.53245 0.15625 0.50195 0.14984 0.49370 0.14339 0.47694 0.13516 0.45914 0.12106 0.44760 0.10461 0.43922 0.09463 0.45390 0.08816 0.46752 0.08639 0.48950 0.08933 0.52721 0.09520 0.55025 0.09873 0.57226
4 0.83419 0.54410 0.83272 0.55457 0.85427 0.55805 0.85964 0.56418 0.87384 0.57552 0.88022 0.57638 0.88853 0.55195 0.88952 0.52752 0.89000 0.49958 0.89098 0.47253 0.89294 0.44632 0.89000 0.42889 0.87825 0.43150 0.86455 0.44284 0.85377 0.45593 0.85034 0.47253 0.84105 0.48563 0.83664 0.50220 0.83761 0.53362 0.83419 0.54410
4 0.73725 0.56590 0.72452 0.57989 0.71520 0.58688 0.71130 0.59908 0.71325 0.62616 0.72452 0.64797 0.73480 0.66891 0.74655 0.68376 0.76172 0.68638 0.77445 0.68811 0.78767 0.67590 0.79012 0.66716 0.79109 0.65407 0.79159 0.62526 0.79159 0.61131 0.79159 0.59735 0.79012 0.57465 0.78963 0.56590 0.78228 0.54496 0.77787 0.53624 0.76858 0.52315 0.76417 0.51443 0.75634 0.50657 0.75144 0.50919 0.74850 0.51267 0.74459 0.52401 0.74214 0.53886 0.74019 0.55109 0.73822 0.56067 0.73725 0.56590
4 0.77250 0.52053 0.78816 0.55543 0.79600 0.57638 0.80236 0.58251 0.80970 0.58251 0.81363 0.58251 0.82537 0.57114 0.83419 0.54410 0.83713 0.51877 0.83713 0.47164 0.83713 0.45855 0.83517 0.42713 0.83370 0.42189 0.82537 0.41228 0.80775 0.40794 0.79992 0.41490 0.79012 0.42799 0.78228 0.43585 0.76612 0.46117 0.75683 0.48212 0.76270 0.50395 0.77250 0.52053
2 0.44853 0.49373 0.45231 0.47953 0.44895 0.46607 0.44141 0.45710 0.43092 0.45635 0.41875 0.46607 0.41541 0.48552 0.42380 0.50345 0.43973 0.50270 0.44853 0.49373
2 0.31809 0.49150 0.32900 0.51318 0.33991 0.53487 0.34956 0.55655 0.35920 0.55357 0.36508 0.52663 0.36466 0.51242 0.35878 0.49150 0.35500 0.47878 0.34830 0.46309 0.34117 0.45560 0.33320 0.46457 0.32230 0.45936 0.31769 0.46457 0.31809 0.49150
4 0.80323 0.64925 0.81570 0.66543 0.82817 0.67755 0.83922 0.68512 0.84659 0.68816 0.84970 0.67351 0.84970 0.65836 0.84772 0.63866 0.84234 0.61390 0.83837 0.59724 0.83553 0.58359 0.83355 0.56894 0.83044 0.56086 0.82873 0.56237 0.82448 0.57098 0.81967 0.57602 0.81089 0.58209 0.80069 0.58159 0.79530 0.57752 0.79020 0.56944 0.78878 0.57401 0.79077 0.57602 0.79077 0.58460 0.79020 0.59724 0.79133 0.61240 0.79530 0.62905 0.80323 0.64925
4 0.36314 0.66345 0.37048 0.67507 0.38720 0.67799 0.40434 0.67362 0.42148 0.66635 0.42719 0.65471 0.42964 0.63145 0.42759 0.60961 0.42025 0.60454 0.40639 0.59724 0.39863 0.58488 0.39373 0.56671 0.39128 0.54997 0.39006 0.53688 0.38517 0.52669 0.38067 0.52014 0.37905 0.53251 0.37864 0.54560 0.37048 0.57178 0.35580 0.57908 0.35089 0.57980 0.34681 0.58852 0.34845 0.60889 0.35456 0.62707 0.35823 0.64382 0.36314 0.66345
