2 0.63464 0.47180 0.63018 0.45953 0.62176 0.46550 0.60991 0.48910 0.60478 0.51551 0.60327 0.53426 0.61092 0.54108 0.62546 0.54314 0.63152 0.54279 0.63544 0.55118 0.63830 0.53650 0.63878 0.50765 0.63464 0.47180
4 0.45345 0.60724 0.47112 0.61175 0.48333 0.60130 0.48998 0.58554 0.49656 0.55481 0.50430 0.52110 0.50582 0.49792 0.50450 0.46779 0.50250 0.45032 0.49436 0.43060 0.48385 0.42002 0.47200 0.40705 0.46624 0.40592 0.45529 0.40380 0.43979 0.41571 0.42582 0.43220 0.40693 0.46162 0.39360 0.49637 0.38582 0.53328 0.38524 0.56089 0.38916 0.57766 0.40411 0.58698 0.42309 0.59708 0.43462 0.60250 0.45345 0.60724
4 0.23231 0.54399 0.25214 0.51584 0.26498 0.49912 0.27382 0.47201 0.27477 0.44873 0.27263 0.42272 0.26430 0.40401 0.24922 0.38616 0.22967 0.37274 0.21814 0.37050 0.19760 0.38997 0.19039 0.40245 0.17920 0.43228 0.17220 0.46826 0.16823 0.51338 0.17178 0.52902 0.17776 0.55365 0.18228 0.56733 0.19087 0.57862 0.21405 0.56712 0.23231 0.54399
4 0.31265 0.58191 0.31935 0.56026 0.31350 0.55614 0.29985 0.55794 0.28702 0.55766 0.28351 0.54364 0.28017 0.50523 0.28022 0.49857 0.28149 0.48769 0.28241 0.47232 0.27960 0.47177 0.27331 0.47424 0.26841 0.48662 0.26499 0.49561 0.25754 0.51045 0.25498 0.51293 0.25010 0.52307 0.24342 0.54031 0.24073 0.56053 0.23830 0.58378 0.23991 0.60112 0.24555 0.61705 0.25964 0.62794 0.27663 0.62605 0.29290 0.61292 0.30382 0.59946 0.31265 0.58191
4 0.36867 0.53528 0.37620 0.50579 0.37796 0.47520 0.37660 0.44826 0.36987 0.42133 0.35847 0.39990 0.34353 0.39061 0.32793 0.39079 0.30408 0.41495 0.29687 0.42743 0.28607 0.45521 0.28026 0.48822 0.28001 0.52338 0.28919 0.55930 0.31287 0.55750 0.32658 0.55165 0.34972 0.54653 0.36867 0.53528
4 0.61799 0.64135 0.63462 0.62966 0.63959 0.61033 0.63848 0.54823 0.63958 0.53031 0.63994 0.50691 0.63774 0.49048 0.63462 0.46958 0.62788 0.44268 0.61411 0.43041 0.59545 0.42783 0.58265 0.44135 0.57273 0.45543 0.56558 0.45832 0.54883 0.48600 0.53321 0.51710 0.52492 0.54432 0.51948 0.57847 0.52179 0.60665 0.52614 0.61816 0.54334 0.63430 0.57007 0.63845 0.59626 0.63925 0.61799 0.64135
4 0.74213 0.53852 0.74058 0.51260 0.74161 0.50426 0.73768 0.48749 0.73162 0.47244 0.72164 0.46837 0.71799 0.46874 0.70168 0.48795 0.67764 0.50998 0.66438 0.53513 0.65138 0.57423 0.65066 0.59648 0.67112 0.61433 0.69224 0.62272 0.71286 0.62140 0.72532 0.60032 0.73933 0.55291 0.74213 0.53852
4 0.61352 0.64613 0.61118 0.65813 0.60949 0.67202 0.61401 0.68978 0.61791 0.70566 0.62204 0.71268 0.63948 0.71786 0.65522 0.71646 0.66471 0.71121 0.67056 0.70168 0.67790 0.68444 0.68265 0.67024 0.68751 0.64272 0.68873 0.62874 0.68572 0.62370 0.66864 0.61150 0.65988 0.60267 0.65417 0.59356 0.65342 0.58453 0.65317 0.57557 0.65520 0.56263 0.65399 0.55085 0.64630 0.54935 0.64245 0.54860 0.63954 0.55337 0.64010 0.56327 0.63920 0.57819 0.64005 0.59436 0.63738 0.60809 0.63245 0.62313 0.62824 0.62944 0.62047 0.63860 0.61352 0.64613
2 0.72833 0.47713 0.72256 0.47601 0.71216 0.47719 0.69934 0.49071 0.69449 0.49725 0.68494 0.51245 0.68632 0.53619 0.69776 0.55124 0.71213 0.56042 0.72813 0.55819 0.73922 0.54114 0.73978 0.51673 0.73836 0.49937 0.73419 0.49002 0.72833 0.47713
4 0.17036 0.48391 0.17200 0.46930 0.16219 0.43632 0.15748 0.42701 0.15434 0.40932 0.14966 0.39027 0.13802 0.37626 0.12347 0.36489 0.11087 0.37740 0.10192 0.38953 0.09599 0.41077 0.09168 0.44835 0.09305 0.47209 0.09232 0.49436 0.10064 0.51624 0.13244 0.50962 0.13631 0.50825 0.15286 0.50934 0.16561 0.50220 0.17036 0.48391
4 0.87148 0.62513 0.87711 0.60134 0.88291 0.57400 0.88904 0.54764 0.89596 0.52229 0.89640 0.50461 0.88437 0.50494 0.86876 0.51345 0.85567 0.52424 0.84915 0.53989 0.83752 0.55097 0.83004 0.56639 0.82499 0.59742 0.81963 0.60705 0.81619 0.61705 0.83668 0.62458 0.84079 0.63162 0.85257 0.64546 0.85866 0.64753 0.87148 0.62513
4 0.69825 0.71061 0.70695 0.72743 0.72135 0.73289 0.73352 0.73702 0.74882 0.72756 0.75290 0.71945 0.75635 0.70678 0.76233 0.67860 0.76500 0.66490 0.76766 0.65120 0.77055 0.62864 0.77173 0.61996 0.76852 0.59799 0.76585 0.58860 0.75923 0.57397 0.75657 0.56457 0.75038 0.55537 0.74506 0.55700 0.74152 0.55986 0.73552 0.57024 0.73028 0.58435 0.72603 0.59598 0.72227 0.60501 0.72032 0.60996 0.70515 0.62126 0.69467 0.62635 0.68851 0.63758 0.68526 0.66453 0.69216 0.68809 0.69825 0.71061
4 0.80582 0.63192 0.81963 0.60705 0.82735 0.58276 0.83634 0.53649 0.83884 0.52364 0.84292 0.49242 0.84247 0.48700 0.83613 0.47598 0.81966 0.46835 0.81065 0.47369 0.79853 0.48468 0.78934 0.49089 0.76865 0.51266 0.75552 0.53145 0.75712 0.55401 0.76358 0.57215 0.77228 0.60940 0.77599 0.63145 0.78106 0.63868 0.78827 0.64009 0.79212 0.64083 0.80582 0.63192
2 0.41973 0.46964 0.42454 0.48885 0.44033 0.49115 0.45067 0.48403 0.45710 0.47080 0.45636 0.45696 0.45067 0.44671 0.44052 0.44397 0.42672 0.45119 0.41973 0.46964
2 0.36477 0.48637 0.36300 0.46471 0.36171 0.45150 0.35813 0.43482 0.35256 0.42611 0.34303 0.43339 0.33332 0.42620 0.32780 0.43043 0.32306 0.45695 0.32963 0.48030 0.33619 0.50369 0.34154 0.52680 0.35157 0.52572 0.36248 0.50040 0.36477 0.48637
4 0.81306 0.72217 0.81487 0.70246 0.81432 0.67713 0.81360 0.66002 0.81342 0.64608 0.81426 0.63132 0.81275 0.62280 0.81079 0.62395 0.80498 0.63159 0.79929 0.63562 0.78952 0.63990 0.77960 0.63746 0.77508 0.63244 0.77162 0.62354 0.76935 0.62775 0.77092 0.63010 0.76928 0.63852 0.76632 0.65083 0.76453 0.66592 0.76525 0.68303 0.76919 0.70437 0.77834 0.72263 0.78826 0.73690 0.79766 0.74645 0.80432 0.75084 0.81017 0.73705 0.81306 0.72217
4 0.40585 0.61561 0.40801 0.59378 0.40177 0.58740 0.38956 0.57759 0.38429 0.56397 0.38296 0.54521 0.38374 0.52831 0.38505 0.51523 0.38219 0.50428 0.37902 0.49700 0.37507 0.50883 0.37217 0.52160 0.35917 0.54575 0.34336 0.55011 0.33840 0.54989 0.33274 0.55767 0.33046 0.57797 0.33299 0.59699 0.33340 0.61412 0.33447 0.63434 0.33946 0.64714 0.35531 0.65320 0.37297 0.65218 0.39119 0.64831 0.39901 0.63797 0.40585 0.61561
