4 0.67307 0.71164 0.69005 0.69691 0.69611 0.68056 0.70265 0.65765 0.70382 0.63866 0.70983 0.61212 0.71324 0.59446 0.71398 0.55871 0.70938 0.53713 0.70284 0.52798 0.69147 0.51839 0.68590 0.51138 0.67750 0.50743 0.66692 0.50433 0.64984 0.50818 0.64131 0.51083 0.62760 0.51444 0.61843 0.52001 0.60950 0.54016 0.60736 0.55700 0.60906 0.58093 0.61029 0.61294 0.61445 0.63460 0.62200 0.65458 0.63545 0.68009 0.64501 0.69707 0.65901 0.70873 0.67307 0.71164
4 0.24384 0.50845 0.25587 0.50637 0.26993 0.50199 0.28908 0.49589 0.29388 0.48834 0.29316 0.47455 0.29143 0.45791 0.29029 0.43609 0.28967 0.41575 0.28869 0.40561 0.28599 0.39557 0.27561 0.37932 0.26635 0.36742 0.25653 0.35410 0.25198 0.34925 0.24731 0.34295 0.24253 0.33446 0.23432 0.32685 0.22936 0.32277 0.22227 0.31949 0.21265 0.31780 0.20632 0.32108 0.20237 0.32852 0.19795 0.34392 0.19621 0.35946 0.19486 0.38356 0.19534 0.40906 0.19566 0.43161 0.19661 0.44974 0.20177 0.46550 0.20974 0.48552 0.22198 0.50450 0.23086 0.50843 0.24384 0.50845
4 0.29347 0.48038 0.30072 0.49458 0.31385 0.50553 0.32672 0.51140 0.34212 0.51644 0.35513 0.51645 0.36672 0.51439 0.37873 0.51232 0.38804 0.50818 0.40613 0.48177 0.41376 0.47043 0.41852 0.45345 0.42077 0.43076 0.41969 0.40164 0.41623 0.37705 0.40443 0.35741 0.39725 0.34505 0.39028 0.33615 0.37852 0.31860 0.36822 0.31184 0.35736 0.30292 0.35117 0.30035 0.34087 0.29435 0.32998 0.29272 0.32112 0.29758 0.31557 0.30731 0.30992 0.32288 0.30617 0.33402 0.30325 0.35310 0.29957 0.36499 0.29790 0.37451 0.29244 0.39448 0.28993 0.42083 0.29047 0.43099 0.29015 0.44993 0.29151 0.46734 0.29347 0.48038
4 0.69712 0.52330 0.70548 0.52581 0.72106 0.52569 0.74570 0.52440 0.76542 0.52047 0.77951 0.51684 0.79158 0.50747 0.79823 0.48599 0.79795 0.47217 0.79587 0.44091 0.79091 0.40407 0.78725 0.36710 0.77927 0.33035 0.76976 0.28935 0.76090 0.26944 0.74519 0.25058 0.73433 0.24166 0.71937 0.23665 0.70115 0.24485 0.69255 0.26208 0.68157 0.30925 0.67989 0.33487 0.67779 0.36045 0.67617 0.37946 0.67314 0.41238 0.67388 0.43497 0.67543 0.45596 0.67930 0.48858 0.68488 0.50432 0.69712 0.52330
4 0.92744 0.54110 0.92165 0.52178 0.91858 0.51245 0.90750 0.50793 0.89807 0.50912 0.89062 0.51611 0.89012 0.53142 0.89323 0.54949 0.89445 0.57269 0.89443 0.58873 0.88968 0.61375 0.88718 0.64010 0.89414 0.66596 0.89792 0.68035 0.90660 0.70536 0.91197 0.70873 0.92218 0.70530 0.92659 0.68174 0.93110 0.64365 0.93029 0.62036 0.92847 0.56072 0.92744 0.54110
4 0.59399 0.74055 0.60308 0.70656 0.60616 0.68383 0.60901 0.63778 0.60980 0.61152 0.60917 0.58313 0.60930 0.56199 0.60797 0.53660 0.60363 0.52733 0.59640 0.52117 0.57841 0.50828 0.56961 0.49855 0.56340 0.48718 0.55777 0.48678 0.54943 0.49232 0.54135 0.50368 0.53037 0.52538 0.52267 0.53597 0.50844 0.54615 0.49826 0.54889 0.49710 0.57662 0.50077 0.62232 0.50430 0.65635 0.51158 0.69608 0.52348 0.73256 0.53211 0.74959 0.55132 0.76027 0.56713 0.76454 0.58155 0.75869 0.59399 0.74055
4 0.78514 0.61107 0.78713 0.59128 0.78970 0.55040 0.78860 0.52933 0.78292 0.52013 0.77248 0.51848 0.75961 0.52060 0.74847 0.52269 0.73300 0.52495 0.72301 0.52547 0.71537 0.52732 0.71400 0.53538 0.71240 0.54496 0.71324 0.56095 0.71478 0.57395 0.71316 0.59296 0.71140 0.60984 0.71392 0.63228 0.72268 0.66678 0.72933 0.68681 0.73703 0.70099 0.74841 0.71203 0.76076 0.71578 0.77126 0.70209 0.78070 0.67538 0.78265 0.62138 0.78514 0.61107
4 0.84249 0.61535 0.84415 0.59779 0.84639 0.57434 0.84563 0.55980 0.84445 0.53728 0.84223 0.51922 0.82888 0.52062 0.82173 0.51665 0.81419 0.51265 0.80553 0.50512 0.79565 0.50563 0.78862 0.51330 0.78833 0.52419 0.79031 0.53648 0.78926 0.55766 0.78802 0.58325 0.78546 0.60086 0.78552 0.61834 0.78957 0.63781 0.79715 0.65848 0.81063 0.70148 0.81496 0.70929 0.82379 0.70443 0.83007 0.69172 0.83573 0.67689 0.83809 0.65564 0.84053 0.63583 0.84249 0.61535
4 0.47490 0.69215 0.47926 0.67624 0.48641 0.66359 0.49247 0.64059 0.49771 0.62104 0.49782 0.60355 0.49542 0.57746 0.49582 0.55561 0.48938 0.55155 0.47535 0.54181 0.46332 0.53023 0.44319 0.50333 0.43797 0.49306 0.43141 0.47680 0.42375 0.46932 0.41503 0.47157 0.40909 0.47710 0.39838 0.49080 0.39194 0.49727 0.38375 0.50904 0.37978 0.51272 0.37702 0.55923 0.37917 0.60016 0.38556 0.64266 0.39210 0.67815 0.39866 0.69441 0.41433 0.70586 0.42965 0.71114 0.44379 0.71306 0.45971 0.70956 0.47490 0.69215
4 0.89288 0.54742 0.89132 0.51764 0.88517 0.51651 0.87675 0.52060 0.87120 0.52234 0.85226 0.52408 0.84395 0.52307 0.84377 0.53616 0.84503 0.56012 0.84475 0.57912 0.84193 0.62441 0.84145 0.63243 0.84554 0.65265 0.85089 0.67199 0.85728 0.68624 0.86300 0.69613 0.87340 0.69633 0.88064 0.66898 0.88758 0.63661 0.89167 0.59923 0.89370 0.57146 0.89288 0.54742
4 0.83253 0.52060 0.85557 0.52229 0.87365 0.52065 0.88558 0.51638 0.90104 0.50607 0.90280 0.48196 0.90168 0.44341 0.89858 0.40930 0.88766 0.37422 0.87864 0.34263 0.87239 0.32258 0.86686 0.30828 0.85812 0.28790 0.85035 0.27419 0.84202 0.26368 0.83225 0.25910 0.82229 0.25893 0.81265 0.27327 0.80820 0.29608 0.80380 0.31963 0.80181 0.34741 0.79885 0.36504 0.79746 0.39712 0.79813 0.42626 0.80239 0.46609 0.80749 0.49714 0.81627 0.51636 0.83253 0.52060
4 0.10179 0.46640 0.10612 0.47492 0.11332 0.48033 0.12518 0.48335 0.14028 0.48187 0.15910 0.47793 0.17256 0.47873 0.18076 0.47830 0.20402 0.47557 0.19791 0.44967 0.19590 0.44468 0.19572 0.41633 0.19639 0.41265 0.19574 0.40030 0.19128 0.38085 0.18099 0.37485 0.16170 0.36202 0.15401 0.35583 0.14538 0.33955 0.13925 0.33038 0.12962 0.31196 0.12435 0.30205 0.11218 0.29319 0.09638 0.29697 0.08864 0.30681 0.08418 0.32088 0.08014 0.34297 0.07879 0.36637 0.07997 0.38888 0.08240 0.40259 0.09070 0.42033 0.09657 0.44115 0.10179 0.46640
4 0.35814 0.61527 0.37027 0.58928 0.37506 0.56194 0.37659 0.53124 0.37769 0.51284 0.37045 0.51321 0.35284 0.51414 0.32490 0.50686 0.30156 0.49761 0.29355 0.48402 0.29149 0.49379 0.28200 0.50124 0.27821 0.50844 0.27748 0.53383 0.27785 0.57051 0.28095 0.60010 0.28602 0.61731 0.29155 0.63364 0.30064 0.64885 0.31842 0.65058 0.33524 0.64443 0.34892 0.63758 0.35814 0.61527
4 0.90434 0.48691 0.90465 0.50600 0.92116 0.50137 0.93241 0.49279 0.93713 0.47576 0.93666 0.45032 0.93553 0.41177 0.93155 0.38575 0.92710 0.36706 0.92182 0.34841 0.91658 0.33120 0.90926 0.31555 0.90481 0.30485 0.89981 0.29556 0.89384 0.29379 0.89256 0.31932 0.88990 0.34279 0.88873 0.36178 0.88968 0.37996 0.89559 0.39349 0.89933 0.40712 0.90030 0.43619 0.90221 0.45287 0.90224 0.47313 0.90434 0.48691
4 0.44945 0.51515 0.46069 0.53135 0.46674 0.53902 0.47879 0.54643 0.48461 0.54978 0.49926 0.54825 0.51335 0.54462 0.52244 0.53610 0.53290 0.52102 0.53893 0.51197 0.55213 0.48285 0.55194 0.47922 0.55607 0.46737 0.55702 0.46072 0.55710 0.42940 0.55443 0.40332 0.55142 0.37870 0.54060 0.33777 0.53637 0.32271 0.53207 0.30690 0.52680 0.29699 0.52049 0.28418 0.51246 0.27152 0.49981 0.26124 0.49183 0.25802 0.48146 0.25856 0.46655 0.26299 0.46090 0.27058 0.45494 0.28108 0.45018 0.28931 0.44580 0.30488 0.43848 0.33073 0.43492 0.34551 0.42767 0.36406 0.42194 0.37825 0.41849 0.38717 0.42232 0.45175 0.42767 0.47115 0.43443 0.48463 0.44001 0.50037 0.44945 0.51515
4 0.22599 0.62220 0.23467 0.61914 0.25055 0.61477 0.26530 0.60879 0.27476 0.58115 0.27558 0.56715 0.27481 0.54271 0.27446 0.52612 0.27359 0.50955 0.27271 0.50259 0.26500 0.50392 0.25165 0.50723 0.24021 0.50696 0.22224 0.50090 0.21568 0.49510 0.20939 0.48409 0.20449 0.47995 0.19857 0.47592 0.18199 0.47678 0.15579 0.48250 0.14034 0.48510 0.13413 0.48543 0.12820 0.49182 0.12551 0.50944 0.12327 0.55592 0.12915 0.58878 0.13186 0.60091 0.14813 0.61400 0.16376 0.62459 0.17473 0.62575 0.18635 0.62948 0.19970 0.62618 0.22599 0.62220
4 0.58281 0.51476 0.60347 0.52097 0.61384 0.52043 0.62792 0.51604 0.63937 0.51180 0.65390 0.50808 0.66321 0.50395 0.67377 0.49321 0.67691 0.48430 0.67570 0.46110 0.67380 0.43347 0.67323 0.42262 0.66839 0.38791 0.65534 0.35363 0.64494 0.32865 0.63886 0.32023 0.62993 0.30687 0.61844 0.29439 0.61262 0.29029 0.60419 0.28639 0.59484 0.29852 0.58216 0.31452 0.57151 0.34055 0.56107 0.37241 0.55595 0.39085 0.55608 0.41782 0.55585 0.43821 0.56114 0.47289 0.56623 0.48790 0.57344 0.50142 0.58281 0.51476
