4 0.65255 0.59053 0.64771 0.57857 0.64342 0.56542 0.63960 0.55994 0.63175 0.55454 0.62719 0.55360 0.61585 0.55872 0.61475 0.56111 0.61051 0.56455 0.60627 0.56892 0.60463 0.57156 0.60432 0.57659 0.60666 0.59835 0.61236 0.61571 0.61309 0.62500 0.62482 0.63863 0.63355 0.63559 0.65179 0.62993 0.65633 0.62368 0.65501 0.60840 0.65255 0.59053
4 0.69447 0.45564 0.69192 0.46136 0.68604 0.47286 0.67748 0.48572 0.67621 0.49212 0.67622 0.50357 0.67868 0.51911 0.68032 0.52948 0.67860 0.53324 0.67739 0.54051 0.68420 0.54651 0.68745 0.54865 0.69009 0.55000 0.69578 0.53760 0.69718 0.52061 0.69955 0.50607 0.70110 0.47844 0.69925 0.45931 0.69728 0.45431 0.69447 0.45564
4 0.53779 0.66514 0.55513 0.65863 0.56332 0.65617 0.56776 0.65049 0.56764 0.63950 0.56498 0.62271 0.56059 0.60012 0.55990 0.59834 0.55594 0.59659 0.54629 0.59746 0.53611 0.59780 0.52791 0.59489 0.52082 0.59657 0.51534 0.59804 0.50953 0.60273 0.51167 0.62136 0.51176 0.62190 0.51443 0.63874 0.51565 0.64646 0.51783 0.66022 0.51936 0.66734 0.52890 0.66832 0.53779 0.66514
4 0.57745 0.58455 0.57997 0.57254 0.58243 0.55738 0.58135 0.54687 0.58029 0.53298 0.57878 0.52343 0.57382 0.50302 0.56949 0.49054 0.56065 0.46799 0.55371 0.45763 0.54551 0.44305 0.53775 0.43892 0.52388 0.43669 0.51490 0.43905 0.50858 0.44796 0.50151 0.46236 0.49704 0.48597 0.49640 0.49681 0.49691 0.52234 0.49815 0.54505 0.50129 0.56486 0.50460 0.57855 0.51927 0.59305 0.53113 0.59726 0.55095 0.59594 0.56338 0.59309 0.57745 0.58455
4 0.43048 0.57430 0.42587 0.54942 0.42169 0.52624 0.41868 0.50724 0.41603 0.49797 0.41026 0.48384 0.39867 0.46625 0.39213 0.45844 0.38047 0.45940 0.37256 0.46154 0.36795 0.47289 0.36334 0.48862 0.36122 0.51197 0.36490 0.53523 0.36841 0.55409 0.38019 0.58758 0.40090 0.59935 0.40750 0.60007 0.41828 0.59748 0.43097 0.58485 0.43048 0.57430
4 0.49109 0.58949 0.50342 0.57968 0.50000 0.55809 0.49853 0.53951 0.49696 0.51520 0.49655 0.51261 0.49361 0.49802 0.48760 0.47867 0.47507 0.46649 0.46252 0.45349 0.44577 0.44817 0.43169 0.45572 0.42484 0.46831 0.41789 0.47998 0.41573 0.49979 0.41744 0.51805 0.42365 0.54977 0.43143 0.57615 0.43740 0.59290 0.45378 0.59640 0.47301 0.59412 0.49109 0.58949
4 0.67567 0.54078 0.67866 0.52620 0.67647 0.51238 0.67282 0.48557 0.66937 0.46753 0.66719 0.45377 0.66210 0.44395 0.65300 0.43831 0.64252 0.43909 0.63753 0.44873 0.63487 0.45800 0.63171 0.46735 0.62607 0.49121 0.62402 0.50830 0.62649 0.52384 0.63023 0.54001 0.63721 0.55041 0.64564 0.55527 0.65501 0.55910 0.66690 0.55633 0.67567 0.54078
4 0.37596 0.58294 0.36907 0.54691 0.36696 0.53756 0.36368 0.51683 0.36026 0.50592 0.35235 0.48947 0.34257 0.47603 0.33600 0.47176 0.33052 0.47085 0.32509 0.47702 0.32177 0.49697 0.32022 0.52460 0.32212 0.54732 0.32937 0.58241 0.33043 0.58489 0.33837 0.60571 0.34683 0.61057 0.36430 0.60603 0.37317 0.59489 0.37596 0.58294
4 0.33250 0.61284 0.33523 0.60798 0.33400 0.60021 0.33243 0.59426 0.33056 0.58570 0.32756 0.56676 0.32352 0.55241 0.31967 0.53974 0.31803 0.52938 0.31762 0.51887 0.31365 0.51242 0.30816 0.50798 0.30474 0.50498 0.29638 0.50011 0.29558 0.50643 0.29287 0.52279 0.29286 0.54133 0.29349 0.55274 0.29431 0.55792 0.29829 0.57140 0.30311 0.58745 0.30826 0.59720 0.31291 0.60443 0.32042 0.61121 0.33250 0.61284
4 0.61516 0.56364 0.62491 0.55059 0.62430 0.52861 0.62325 0.50665 0.62020 0.48417 0.61446 0.45858 0.60527 0.44941 0.59905 0.44686 0.59170 0.45599 0.58822 0.46008 0.58637 0.46745 0.58469 0.47126 0.57758 0.48561 0.57395 0.50035 0.57672 0.52110 0.57789 0.53596 0.57909 0.54722 0.58213 0.56268 0.58821 0.56437 0.60488 0.56527 0.61516 0.56364
4 0.51511 0.63797 0.51361 0.62847 0.51054 0.61418 0.50870 0.60767 0.50376 0.60231 0.49106 0.59696 0.48738 0.59699 0.47692 0.60042 0.46746 0.60253 0.46245 0.60459 0.45814 0.60832 0.45790 0.61450 0.45883 0.62293 0.46111 0.63728 0.46292 0.64872 0.46647 0.66349 0.47278 0.66985 0.48639 0.67328 0.49574 0.67302 0.50849 0.67100 0.51580 0.66552 0.51739 0.65233 0.51511 0.63797
4 0.46163 0.63316 0.45984 0.62183 0.45591 0.61260 0.45170 0.60652 0.44092 0.60026 0.42809 0.59919 0.41953 0.59933 0.41459 0.60443 0.41297 0.61204 0.41332 0.62731 0.41446 0.63449 0.41658 0.64279 0.41800 0.65175 0.42014 0.66247 0.42624 0.67008 0.43317 0.67269 0.44233 0.67124 0.46385 0.66783 0.46511 0.66022 0.46163 0.63316
4 0.41250 0.61981 0.40858 0.60853 0.39991 0.60493 0.39012 0.60681 0.37938 0.60851 0.37302 0.61417 0.37281 0.63118 0.37533 0.65242 0.37772 0.66222 0.38304 0.66901 0.39700 0.67698 0.40982 0.67240 0.41963 0.66432 0.41653 0.64711 0.41388 0.62850 0.41250 0.61981
4 0.59573 0.64324 0.60840 0.63957 0.61212 0.63511 0.61190 0.61744 0.60824 0.60363 0.60483 0.59145 0.60285 0.58125 0.60005 0.57284 0.59288 0.57176 0.58176 0.57131 0.57767 0.57805 0.57405 0.58305 0.56780 0.59012 0.56680 0.59305 0.56543 0.59603 0.56486 0.59944 0.56445 0.60614 0.56420 0.61614 0.56626 0.62688 0.56938 0.64188 0.57228 0.64861 0.58025 0.65011 0.59157 0.64721 0.59573 0.64324
4 0.68217 0.61018 0.68840 0.60532 0.68894 0.59251 0.68366 0.58007 0.67648 0.56959 0.67186 0.56368 0.66830 0.55982 0.66363 0.56056 0.65377 0.56101 0.65070 0.56355 0.64872 0.56497 0.64780 0.56749 0.64927 0.57445 0.65057 0.58033 0.65303 0.58658 0.65503 0.59456 0.65951 0.60658 0.66250 0.61385 0.67039 0.61481 0.67461 0.61359 0.68217 0.61018
