4 0.65411 0.58785 0.64906 0.57598 0.64454 0.56291 0.64063 0.55749 0.63269 0.55223 0.62810 0.55138 0.61686 0.55669 0.61580 0.55910 0.61162 0.56261 0.60746 0.56706 0.60586 0.56973 0.60564 0.57476 0.60836 0.59647 0.61436 0.61373 0.61526 0.62300 0.62722 0.63643 0.63589 0.63324 0.65404 0.62726 0.65846 0.62093 0.65688 0.60567 0.65411 0.58785
4 0.69367 0.45226 0.69121 0.45802 0.68554 0.46961 0.67720 0.48263 0.67605 0.48905 0.67625 0.50049 0.67899 0.51599 0.68081 0.52633 0.67915 0.53011 0.67807 0.53741 0.68498 0.54329 0.68827 0.54538 0.69093 0.54668 0.69641 0.53417 0.69751 0.51717 0.69963 0.50259 0.70070 0.47493 0.69851 0.45584 0.69645 0.45088 0.69367 0.45226
4 0.54067 0.66445 0.55789 0.65764 0.56603 0.65504 0.57037 0.64928 0.57006 0.63830 0.56711 0.62156 0.56233 0.59904 0.56161 0.59728 0.55762 0.59560 0.54798 0.59663 0.53781 0.59715 0.52957 0.59439 0.52250 0.59619 0.51705 0.59776 0.51132 0.60254 0.51379 0.62114 0.51389 0.62168 0.51685 0.63847 0.51820 0.64616 0.52062 0.65989 0.52228 0.66697 0.53184 0.66779 0.54067 0.66445
4 0.57892 0.58319 0.58122 0.57113 0.58342 0.55593 0.58216 0.54544 0.58086 0.53158 0.57918 0.52205 0.57386 0.50174 0.56931 0.48933 0.56008 0.46693 0.55296 0.45670 0.54451 0.44227 0.53667 0.43827 0.52277 0.43628 0.51384 0.43880 0.50767 0.44782 0.50085 0.46234 0.49680 0.48603 0.49635 0.49687 0.49730 0.52239 0.49894 0.54508 0.50242 0.56483 0.50597 0.57846 0.52089 0.59270 0.53282 0.59670 0.55261 0.59504 0.56499 0.59197 0.57892 0.58319
4 0.43178 0.57551 0.42675 0.55070 0.42215 0.52760 0.41882 0.50865 0.41601 0.49944 0.40999 0.48541 0.39810 0.46803 0.39143 0.46033 0.37978 0.46149 0.37191 0.46377 0.36750 0.47520 0.36316 0.49100 0.36145 0.51439 0.36554 0.53758 0.36937 0.55638 0.38174 0.58966 0.40265 0.60106 0.40926 0.60167 0.41999 0.59889 0.43246 0.58604 0.43178 0.57551
4 0.49265 0.58963 0.50481 0.57961 0.50101 0.55808 0.49922 0.53953 0.49722 0.51525 0.49677 0.51267 0.49358 0.49814 0.48723 0.47889 0.47449 0.46693 0.46171 0.45415 0.44487 0.44913 0.43092 0.45691 0.42430 0.46962 0.41756 0.48141 0.41574 0.50126 0.41777 0.51949 0.42453 0.55110 0.43277 0.57733 0.43903 0.59398 0.45547 0.59719 0.47466 0.59458 0.49265 0.58963
4 0.67635 0.53771 0.67909 0.52308 0.67666 0.50930 0.67254 0.48256 0.66878 0.46458 0.66636 0.45086 0.66110 0.44113 0.65190 0.43565 0.64143 0.43661 0.63661 0.44634 0.63412 0.45565 0.63113 0.46506 0.62590 0.48901 0.62415 0.50613 0.62688 0.52163 0.63090 0.53773 0.63807 0.54801 0.64658 0.55273 0.65602 0.55639 0.66786 0.55341 0.67635 0.53771
4 0.37742 0.58509 0.36991 0.54918 0.36764 0.53987 0.36400 0.51921 0.36039 0.50836 0.35219 0.49205 0.34217 0.47878 0.33553 0.47462 0.33003 0.47382 0.32471 0.48008 0.32174 0.50008 0.32067 0.52774 0.32297 0.55041 0.33084 0.58537 0.33194 0.58784 0.34023 0.60852 0.34878 0.61323 0.36617 0.60838 0.37485 0.59709 0.37742 0.58509
4 0.33449 0.61574 0.33714 0.61084 0.33577 0.60309 0.33410 0.59717 0.33208 0.58865 0.32875 0.56976 0.32446 0.55548 0.32039 0.54288 0.31857 0.53255 0.31797 0.52205 0.31389 0.51567 0.30833 0.51133 0.30485 0.50839 0.29642 0.50366 0.29572 0.51000 0.29330 0.52640 0.29361 0.54494 0.29444 0.55633 0.29535 0.56150 0.29956 0.57490 0.30467 0.59087 0.30999 0.60053 0.31476 0.60768 0.32239 0.61433 0.33449 0.61574
4 0.61625 0.56162 0.62577 0.54840 0.62478 0.52644 0.62335 0.50450 0.61991 0.48208 0.61372 0.45659 0.60437 0.44758 0.59811 0.44514 0.59092 0.45439 0.58751 0.45855 0.58579 0.46595 0.58418 0.46979 0.57731 0.48426 0.57394 0.49906 0.57708 0.51976 0.57851 0.53460 0.57990 0.54584 0.58321 0.56124 0.58932 0.56282 0.60601 0.56343 0.61625 0.56162
4 0.51752 0.63768 0.51585 0.62821 0.51253 0.61398 0.51057 0.60750 0.50555 0.60223 0.49275 0.59710 0.48908 0.59720 0.47867 0.60081 0.46925 0.60308 0.46428 0.60523 0.46004 0.60903 0.45991 0.61522 0.46098 0.62363 0.46351 0.63794 0.46552 0.64935 0.46933 0.66405 0.47575 0.67030 0.48942 0.67349 0.49876 0.67306 0.51147 0.67082 0.51868 0.66522 0.52004 0.65200 0.51752 0.63768
4 0.46396 0.63381 0.46197 0.62251 0.45788 0.61335 0.45357 0.60734 0.44268 0.60127 0.42983 0.60043 0.42127 0.60072 0.41643 0.60590 0.41493 0.61355 0.41556 0.62881 0.41682 0.63596 0.41909 0.64422 0.42066 0.65315 0.42299 0.66384 0.42922 0.67134 0.43620 0.67383 0.44533 0.67222 0.46678 0.66844 0.46791 0.66080 0.46396 0.63381
4 0.41460 0.62132 0.41049 0.61011 0.40176 0.60666 0.39200 0.60871 0.38129 0.61060 0.37504 0.61636 0.37512 0.63338 0.37801 0.65457 0.38057 0.66433 0.38600 0.67103 0.40010 0.67875 0.41285 0.67395 0.42250 0.66570 0.41911 0.64854 0.41613 0.62998 0.41460 0.62132
4 0.59822 0.64154 0.61082 0.63766 0.61446 0.63313 0.61393 0.61547 0.61003 0.60173 0.60641 0.58960 0.60425 0.57944 0.60130 0.57108 0.59412 0.57013 0.58299 0.56987 0.57903 0.57668 0.57549 0.58174 0.56937 0.58892 0.56841 0.59187 0.56709 0.59487 0.56659 0.59829 0.56630 0.60500 0.56621 0.61500 0.56847 0.62570 0.57184 0.64065 0.57487 0.64733 0.58286 0.64869 0.59413 0.64559 0.59822 0.64154
4 0.68407 0.60699 0.69020 0.60202 0.69053 0.58920 0.68503 0.57685 0.67766 0.56650 0.67295 0.56067 0.66932 0.55687 0.66467 0.55769 0.65481 0.55832 0.65179 0.56091 0.64983 0.56236 0.64895 0.56490 0.65054 0.57183 0.65195 0.57769 0.65452 0.58390 0.65666 0.59184 0.66135 0.60378 0.66446 0.61100 0.67236 0.61182 0.67657 0.61053 0.68407 0.60699
