4 0.63124 0.37191 0.64457 0.38159 0.65473 0.39133 0.66672 0.39720 0.67147 0.38944 0.67506 0.37595 0.67732 0.35960 0.67693 0.34906 0.67746 0.33082 0.67572 0.31647 0.67083 0.30376 0.66693 0.29967 0.66295 0.30262 0.65586 0.31042 0.64902 0.32013 0.64663 0.32880 0.64415 0.33300 0.64136 0.34360 0.63440 0.34596 0.63070 0.35306 0.62780 0.35759 0.62753 0.36622 0.63124 0.37191
1 0.67353 0.43987 0.67525 0.44539 0.68039 0.44419 0.68536 0.44167 0.68643 0.43565 0.68459 0.43169 0.68108 0.43330 0.67741 0.43426 0.67353 0.43987
1 0.72190 0.46137 0.71464 0.45950 0.70588 0.46475 0.69714 0.47090 0.69236 0.48453 0.68618 0.49396 0.68653 0.50550 0.69786 0.50397 0.70968 0.49644 0.72011 0.48582 0.72763 0.47725 0.72701 0.46705 0.72190 0.46137
4 0.50643 0.35235 0.51127 0.36154 0.51433 0.36692 0.51813 0.36558 0.52561 0.36800 0.53436 0.37073 0.54492 0.36703 0.54843 0.36121 0.55006 0.34520 0.54913 0.32859 0.54934 0.31611 0.55016 0.30203 0.54795 0.29728 0.54268 0.28745 0.53692 0.28564 0.52742 0.28932 0.52046 0.29232 0.51500 0.29561 0.50913 0.29987 0.50412 0.30475 0.50083 0.31120 0.49957 0.32433 0.49733 0.32949 0.50171 0.33741 0.50332 0.34410 0.50321 0.35049 0.50643 0.35235
4 0.41335 0.65838 0.41291 0.65202 0.41219 0.64788 0.41180 0.64397 0.41202 0.63785 0.41263 0.63563 0.41288 0.63122 0.41132 0.62562 0.40885 0.62395 0.40413 0.62379 0.40054 0.62287 0.39678 0.62171 0.39255 0.62179 0.38719 0.62188 0.38411 0.62242 0.37828 0.62351 0.37585 0.62452 0.37280 0.62654 0.37093 0.63122 0.36925 0.63737 0.36760 0.64499 0.36645 0.65382 0.36658 0.66140 0.36681 0.66531 0.38723 0.67107 0.39961 0.67233 0.40759 0.67292 0.41246 0.67259 0.41277 0.67136 0.41286 0.66745 0.41278 0.66280 0.41335 0.65838
4 0.27607 0.52622 0.28164 0.53229 0.28690 0.53191 0.29293 0.53063 0.29972 0.52875 0.30381 0.52809 0.30929 0.52946 0.31386 0.53379 0.31903 0.53987 0.32509 0.54035 0.33030 0.53732 0.33601 0.52900 0.33817 0.51838 0.33855 0.50663 0.33737 0.49519 0.33185 0.49147 0.32394 0.48574 0.31942 0.48347 0.31584 0.48244 0.31071 0.48511 0.30610 0.48773 0.30331 0.48845 0.29941 0.48881 0.29393 0.48744 0.28983 0.48233 0.28767 0.47648 0.28555 0.46778 0.28408 0.45941 0.28263 0.44942 0.28106 0.44166 0.28015 0.43599 0.27801 0.43603 0.27376 0.43845 0.27135 0.44554 0.26996 0.45555 0.26937 0.46613 0.26838 0.47702 0.26816 0.48671 0.26872 0.49639 0.27066 0.50693 0.27317 0.51658 0.27607 0.52622
4 0.25760 0.55993 0.26003 0.56483 0.26195 0.56726 0.26453 0.56792 0.26738 0.57033 0.26881 0.57172 0.27096 0.57415 0.27598 0.58005 0.28097 0.58419 0.28570 0.58728 0.29373 0.59102 0.30078 0.59231 0.30617 0.59257 0.31315 0.58998 0.31938 0.58529 0.32466 0.57920 0.32920 0.57102 0.33019 0.56043 0.33096 0.55090 0.33083 0.54350 0.32979 0.53788 0.32561 0.53971 0.32210 0.53977 0.31836 0.53984 0.31379 0.53323 0.30858 0.52944 0.30246 0.52778 0.29524 0.53002 0.28870 0.53084 0.28334 0.53199 0.28076 0.53204 0.27624 0.52789 0.27380 0.52194 0.27223 0.51280 0.26917 0.49841 0.26745 0.49350 0.26535 0.49425 0.26262 0.49852 0.26179 0.50488 0.26054 0.51336 0.25858 0.52220 0.25753 0.52857 0.25646 0.53493 0.25563 0.54093 0.25581 0.55115 0.25760 0.55993
4 0.62400 0.65472 0.62274 0.64916 0.62069 0.64391 0.61870 0.64160 0.61710 0.63927 0.61370 0.63463 0.61149 0.63085 0.60907 0.62649 0.60766 0.62358 0.60228 0.61721 0.59753 0.61348 0.59479 0.61323 0.59246 0.61386 0.58819 0.61511 0.58607 0.61632 0.58550 0.61751 0.58362 0.62106 0.58133 0.62433 0.57906 0.62848 0.57646 0.63587 0.57558 0.64147 0.57356 0.64826 0.57327 0.65414 0.57462 0.66468 0.57563 0.67789 0.57877 0.67871 0.59342 0.67963 0.61392 0.68045 0.62638 0.67935 0.62633 0.67612 0.62623 0.67083 0.62612 0.66437 0.62527 0.65998 0.62400 0.65472
4 0.70394 0.66380 0.70236 0.65894 0.69999 0.65490 0.69625 0.65027 0.69143 0.64587 0.68828 0.64368 0.68582 0.64271 0.68139 0.64503 0.67779 0.64815 0.67540 0.65105 0.67533 0.65492 0.67576 0.65614 0.67694 0.66183 0.67713 0.66509 0.67758 0.66753 0.67760 0.66834 0.67749 0.66977 0.67845 0.67077 0.68520 0.66903 0.69342 0.66684 0.70394 0.66380
4 0.46113 0.64655 0.46132 0.64031 0.46157 0.63295 0.46097 0.63097 0.45926 0.63029 0.45557 0.62923 0.45161 0.62858 0.44398 0.62815 0.43928 0.62823 0.43137 0.62781 0.42573 0.62805 0.41963 0.62872 0.41700 0.62947 0.41524 0.63063 0.41376 0.63279 0.41334 0.63492 0.41262 0.63720 0.41230 0.64032 0.41209 0.64514 0.41317 0.65234 0.41392 0.66309 0.41485 0.67299 0.41635 0.67339 0.42512 0.67437 0.44058 0.67580 0.45806 0.68017 0.45849 0.67804 0.45925 0.67250 0.45996 0.66470 0.46079 0.65321 0.46113 0.64655
4 0.56212 0.34275 0.56556 0.34493 0.57210 0.35472 0.57497 0.36075 0.58057 0.36512 0.58757 0.36500 0.59860 0.36385 0.60533 0.36022 0.60740 0.35666 0.60735 0.34196 0.60626 0.32791 0.60565 0.31769 0.60505 0.30715 0.60043 0.29828 0.59315 0.29488 0.58546 0.29246 0.58000 0.29607 0.57134 0.29878 0.56076 0.30089 0.55720 0.30383 0.55469 0.30611 0.55267 0.31190 0.55127 0.31736 0.55142 0.32567 0.55238 0.33205 0.55678 0.34060 0.56212 0.34275
2 0.45703 0.35301 0.45767 0.35116 0.45913 0.34930 0.46019 0.34765 0.46066 0.34397 0.45995 0.34194 0.45962 0.33828 0.45982 0.33460 0.45960 0.32971 0.45873 0.32647 0.45746 0.32363 0.45552 0.32081 0.45497 0.32062 0.45350 0.32145 0.45177 0.32373 0.44980 0.32703 0.44881 0.33235 0.44821 0.33685 0.44790 0.34215 0.44746 0.34828 0.44659 0.35258 0.44571 0.35688 0.44565 0.36096 0.44625 0.36441 0.44790 0.36602 0.44911 0.36538 0.45193 0.36350 0.45432 0.36081 0.45430 0.35979 0.45482 0.35835 0.45614 0.35670 0.45626 0.35547 0.45703 0.35301
4 0.36848 0.63959 0.36905 0.63542 0.36853 0.63322 0.36701 0.63031 0.36402 0.62645 0.36042 0.62504 0.35684 0.62462 0.35131 0.62495 0.34921 0.62573 0.34453 0.62777 0.33972 0.63128 0.33748 0.63352 0.33461 0.63651 0.33290 0.64143 0.33215 0.64487 0.33062 0.65004 0.33083 0.65273 0.33443 0.65438 0.34030 0.65525 0.35291 0.66042 0.36598 0.66435 0.36595 0.66264 0.36605 0.65872 0.36612 0.65382 0.36743 0.64499 0.36848 0.63959
4 0.36610 0.40112 0.36853 0.39419 0.36662 0.38730 0.36307 0.37355 0.36073 0.35633 0.35454 0.35222 0.34118 0.34631 0.33127 0.34802 0.32480 0.35695 0.31969 0.37047 0.32037 0.38044 0.32118 0.39769 0.32438 0.42027 0.33374 0.43085 0.34327 0.43683 0.34905 0.43212 0.35872 0.41660 0.36610 0.40112
4 0.43260 0.37024 0.43795 0.37270 0.44365 0.37068 0.44908 0.36547 0.45578 0.35992 0.45753 0.35030 0.46067 0.34768 0.46327 0.33869 0.46354 0.32973 0.46640 0.32328 0.46772 0.31367 0.46605 0.30347 0.46256 0.29777 0.45422 0.29504 0.44307 0.28884 0.43263 0.28679 0.42379 0.29141 0.41879 0.29694 0.41364 0.30630 0.41211 0.31560 0.41374 0.32388 0.41246 0.33573 0.41308 0.34692 0.41507 0.35168 0.41955 0.36471 0.42447 0.36686 0.43260 0.37024
4 0.57340 0.64857 0.57314 0.64269 0.57238 0.63683 0.57099 0.63123 0.56896 0.62710 0.56629 0.62299 0.56232 0.61890 0.55642 0.61656 0.55335 0.61734 0.54929 0.61790 0.54476 0.61896 0.54087 0.61976 0.53632 0.61984 0.52998 0.61971 0.52658 0.62099 0.52260 0.62571 0.52172 0.63087 0.52104 0.63846 0.52093 0.65095 0.52179 0.66317 0.52356 0.68076 0.52764 0.68143 0.54567 0.68037 0.55883 0.67990 0.57571 0.67838 0.57547 0.67398 0.57469 0.66641 0.57375 0.65933 0.57337 0.65615 0.57340 0.64857
4 0.68805 0.51364 0.69240 0.51112 0.69771 0.50785 0.70416 0.50504 0.71057 0.49930 0.71310 0.49583 0.71840 0.49158 0.72417 0.48682 0.72943 0.48110 0.73178 0.47617 0.73348 0.47075 0.73529 0.46265 0.73575 0.45211 0.73445 0.44284 0.73271 0.43626 0.73153 0.43359 0.72648 0.42389 0.72618 0.42487 0.72494 0.42881 0.72359 0.43495 0.72260 0.44353 0.72153 0.44771 0.71849 0.45046 0.71381 0.45225 0.70992 0.45330 0.70653 0.45458 0.70381 0.45708 0.69755 0.46159 0.69436 0.46483 0.68726 0.46813 0.68109 0.46873 0.67358 0.46690 0.66507 0.46338 0.65851 0.46032 0.65942 0.46617 0.66031 0.47056 0.66290 0.47884 0.66565 0.48760 0.66824 0.49588 0.67179 0.50414 0.67448 0.50874 0.68127 0.51597 0.68805 0.51364
4 0.66843 0.64045 0.66476 0.63512 0.66080 0.63128 0.65749 0.62840 0.65354 0.62528 0.65108 0.62410 0.64879 0.62341 0.64635 0.62345 0.64311 0.62424 0.64102 0.62550 0.63814 0.62775 0.63654 0.62950 0.63448 0.63247 0.63355 0.63542 0.63131 0.63742 0.62987 0.63843 0.62585 0.64119 0.62392 0.64244 0.62136 0.64445 0.62255 0.64785 0.62603 0.66101 0.62633 0.66859 0.62619 0.67912 0.63415 0.67873 0.65636 0.67541 0.67742 0.67088 0.67785 0.66794 0.67695 0.66232 0.67571 0.65671 0.67417 0.65233 0.67212 0.64650 0.66843 0.64045
4 0.31663 0.48224 0.31990 0.48316 0.32598 0.48673 0.33158 0.49079 0.33716 0.49412 0.34450 0.49521 0.34983 0.49341 0.35413 0.48844 0.35731 0.48398 0.35947 0.47758 0.36255 0.46773 0.36512 0.45667 0.36478 0.44664 0.36254 0.43910 0.35758 0.43454 0.35236 0.43340 0.34882 0.43567 0.34431 0.43819 0.34090 0.43825 0.33580 0.43492 0.33266 0.43203 0.32852 0.42721 0.32583 0.42236 0.32347 0.41751 0.32144 0.40359 0.31762 0.39901 0.31321 0.39786 0.30637 0.39749 0.30135 0.39832 0.29714 0.39937 0.29248 0.40239 0.28978 0.40635 0.28694 0.41129 0.28473 0.41525 0.28171 0.41922 0.28019 0.42487 0.28025 0.42854 0.28072 0.43685 0.28291 0.45052 0.28528 0.46492 0.28845 0.47906 0.29329 0.48656 0.29855 0.48941 0.30535 0.48807 0.31082 0.48454 0.31663 0.48224
4 0.65906 0.45578 0.66263 0.45924 0.66856 0.46325 0.67425 0.46520 0.68226 0.46595 0.69238 0.46430 0.69623 0.46130 0.70278 0.45707 0.70741 0.45376 0.71555 0.45098 0.71980 0.44855 0.72256 0.43881 0.72469 0.42673 0.72616 0.41055 0.72578 0.39969 0.72169 0.38919 0.71729 0.38251 0.71388 0.37758 0.70988 0.37207 0.70666 0.36625 0.70405 0.36219 0.70067 0.35813 0.69458 0.35560 0.68852 0.35482 0.67961 0.35879 0.67772 0.36206 0.67667 0.36913 0.67526 0.37796 0.67382 0.38474 0.67123 0.39301 0.66857 0.39717 0.66565 0.39722 0.65482 0.39153 0.65111 0.39160 0.64667 0.39432 0.64170 0.40028 0.63966 0.40619 0.64039 0.41410 0.64204 0.41965 0.64451 0.42666 0.64780 0.43630 0.65126 0.44446 0.65586 0.45143 0.65906 0.45578
4 0.52079 0.65471 0.52047 0.64928 0.52006 0.64520 0.51951 0.63961 0.51853 0.63503 0.51757 0.63182 0.51605 0.62896 0.51467 0.62762 0.51229 0.62698 0.51004 0.62770 0.50714 0.62928 0.50153 0.63142 0.49814 0.63131 0.49485 0.63069 0.49283 0.63123 0.49070 0.63212 0.48812 0.63285 0.48574 0.63238 0.48235 0.63227 0.47941 0.63181 0.47613 0.63153 0.47455 0.63189 0.47332 0.63259 0.47200 0.63432 0.47116 0.63773 0.47077 0.64148 0.46996 0.64676 0.46919 0.65425 0.46959 0.65815 0.47018 0.65967 0.47332 0.67134 0.47552 0.68083 0.47589 0.68252 0.47668 0.68233 0.49135 0.68174 0.52113 0.68088 0.52112 0.68020 0.52118 0.67663 0.52139 0.66966 0.52125 0.66150 0.52079 0.65471
2 0.70544 0.50215 0.71489 0.49444 0.71905 0.48771 0.72849 0.47888 0.73205 0.47171 0.73402 0.46635 0.73052 0.45997 0.72512 0.45496 0.72105 0.45015 0.71957 0.44951 0.71727 0.45288 0.71358 0.45316 0.71221 0.45896 0.70594 0.46307 0.69612 0.46679 0.69282 0.47195 0.69209 0.48063 0.68952 0.48578 0.68632 0.49694 0.68704 0.50447 0.69343 0.50702 0.70544 0.50215
4 0.39191 0.39031 0.39944 0.38404 0.40239 0.37747 0.40519 0.36284 0.40687 0.35667 0.41133 0.34969 0.41269 0.34007 0.40734 0.32520 0.40034 0.31880 0.38878 0.31363 0.37856 0.31189 0.37096 0.31433 0.36494 0.32019 0.36053 0.33024 0.35943 0.34024 0.36011 0.34982 0.36021 0.35557 0.36067 0.36746 0.36529 0.38426 0.37128 0.39106 0.37480 0.38869 0.38477 0.39005 0.39191 0.39031
