4 0.33944 0.81172 0.34856 0.84250 0.35896 0.86239 0.36940 0.89133 0.39548 0.91306 0.43976 0.90944 0.47364 0.87689 0.48408 0.81350 0.49320 0.73933 0.48668 0.68322 0.47628 0.65244 0.45280 0.64517 0.39156 0.65244 0.37460 0.65244 0.32380 0.66328 0.33032 0.69589 0.33160 0.74833 0.33684 0.76828 0.33944 0.81172
4 0.18176 0.82800 0.19740 0.87506 0.21304 0.91128 0.25992 0.92211 0.29904 0.88411 0.32120 0.80628 0.32772 0.76467 0.32772 0.70494 0.31208 0.66150 0.29120 0.62711 0.27168 0.60172 0.25604 0.58006 0.23908 0.59450 0.21432 0.60539 0.19088 0.61806 0.16872 0.63433 0.16480 0.66689 0.16480 0.71939 0.17392 0.79000 0.18176 0.82800
4 0.50624 0.54744 0.50756 0.58728 0.51536 0.61261 0.53100 0.63794 0.56620 0.64156 0.60660 0.64700 0.64308 0.65244 0.69120 0.62889 0.73040 0.62333 0.74600 0.58889 0.74360 0.53111 0.75240 0.48611 0.73560 0.41556 0.72640 0.35556 0.70560 0.31389 0.69000 0.28111 0.66784 0.26150 0.63784 0.25606 0.60528 0.26150 0.56620 0.29406 0.55184 0.32844 0.52968 0.35200 0.52316 0.38272 0.51404 0.44789 0.50884 0.49494 0.50624 0.54744
4 0.25732 0.47867 0.25732 0.53294 0.26256 0.57822 0.28732 0.62344 0.32248 0.65783 0.38504 0.65606 0.44500 0.65244 0.47756 0.65061 0.49192 0.62167 0.50756 0.57461 0.51144 0.51489 0.50624 0.44611 0.49452 0.38456 0.48148 0.34111 0.45540 0.29767 0.42284 0.26689 0.38372 0.24339 0.36160 0.23611 0.33032 0.25606 0.30424 0.29589 0.27296 0.37006 0.26384 0.42617 0.25732 0.47867
4 0.75516 0.56556 0.79164 0.60539 0.82680 0.61444 0.86592 0.61444 0.92064 0.55833 0.92584 0.52394 0.92064 0.46056 0.91152 0.41172 0.90108 0.37550 0.89068 0.33028 0.88024 0.29589 0.86720 0.27417 0.84768 0.25967 0.81116 0.26150 0.79424 0.28500 0.78120 0.32844 0.77080 0.37189 0.75644 0.41350 0.74992 0.47506 0.74732 0.52933 0.75516 0.56556
4 0.73560 0.88056 0.77080 0.85889 0.78240 0.80111 0.78640 0.75922 0.79684 0.67956 0.79944 0.64700 0.78380 0.60539 0.77080 0.58728 0.74864 0.56556 0.74600 0.57461 0.74212 0.60900 0.71344 0.62528 0.68088 0.63072 0.65612 0.64517 0.64568 0.66689 0.65088 0.69589 0.64568 0.72483 0.66132 0.77550 0.67696 0.82617 0.70560 0.88056 0.73560 0.88056
4 0.03840 0.79539 0.04100 0.84972 0.05272 0.87867 0.06316 0.89678 0.08792 0.90222 0.11528 0.87322 0.13876 0.83522 0.15568 0.78639 0.16612 0.75200 0.15828 0.71217 0.16480 0.68139 0.16740 0.65061 0.15828 0.63250 0.14136 0.61444 0.10356 0.60172 0.09184 0.58544 0.08400 0.58006 0.03580 0.65061 0.03060 0.69222 0.03448 0.74111 0.03840 0.79539
4 0.09572 0.57278 0.11268 0.60900 0.16088 0.62528 0.20520 0.62167 0.23388 0.60172 0.25080 0.58906 0.25864 0.56556 0.25732 0.53478 0.25472 0.47867 0.25212 0.45333 0.25212 0.41711 0.24952 0.39361 0.24040 0.33206 0.22868 0.30856 0.21320 0.28722 0.20000 0.26889 0.18320 0.26667 0.16220 0.27233 0.14396 0.28861 0.12180 0.33389 0.11520 0.37556 0.09572 0.44250 0.08532 0.49856 0.09572 0.57278
4 0.85288 0.81350 0.87372 0.84250 0.89848 0.87322 0.92196 0.87867 0.93888 0.84789 0.94020 0.78456 0.94280 0.72844 0.93628 0.64156 0.92976 0.60900 0.91544 0.57822 0.89848 0.58906 0.87112 0.60717 0.83332 0.61622 0.79684 0.61622 0.80336 0.65606 0.81248 0.71761 0.83332 0.75561 0.85288 0.81350
4 0.49320 0.84789 0.50884 0.86783 0.52708 0.89317 0.54012 0.90583 0.57792 0.90222 0.59876 0.86961 0.61960 0.81711 0.63656 0.75378 0.64568 0.71761 0.64960 0.67956 0.64568 0.65606 0.61832 0.65244 0.57268 0.63978 0.53752 0.63794 0.51536 0.62167 0.49580 0.62167 0.48668 0.65244 0.49060 0.67056 0.49452 0.73933 0.49452 0.77006 0.49192 0.80444 0.49320 0.84789
