4 0.91903 0.45603 0.91468 0.43892 0.90627 0.43266 0.88752 0.43384 0.86695 0.43602 0.85064 0.44388 0.84231 0.44906 0.83768 0.46998 0.83153 0.48943 0.82560 0.50763 0.82166 0.54769 0.82665 0.57251 0.83191 0.60117 0.83949 0.63142 0.84933 0.64550 0.87052 0.65101 0.88971 0.61056 0.90277 0.57178 0.90889 0.52822 0.91636 0.48104 0.91903 0.45603
4 0.12102 0.57851 0.13966 0.53241 0.13867 0.47438 0.13540 0.43281 0.09889 0.41852 0.06672 0.40942 0.04679 0.38532 0.04528 0.40337 0.02883 0.44829 0.02257 0.48549 0.01746 0.53653 0.01895 0.57636 0.03294 0.59201 0.05403 0.59349 0.08531 0.58723 0.12102 0.57851
4 0.45733 0.52220 0.40583 0.51347 0.39087 0.49002 0.37856 0.46240 0.35684 0.46542 0.34599 0.50655 0.33578 0.57216 0.33491 0.60708 0.33944 0.63967 0.36020 0.65782 0.40348 0.64563 0.44629 0.61512 0.46973 0.56356 0.47578 0.52783 0.45733 0.52220
4 0.51569 0.40249 0.51980 0.35887 0.51156 0.31660 0.49353 0.27902 0.47423 0.25043 0.43384 0.22037 0.42293 0.21883 0.39779 0.22446 0.38858 0.26124 0.37624 0.34173 0.37706 0.39366 0.38227 0.47209 0.41080 0.51417 0.43682 0.52390 0.47666 0.51427 0.50200 0.47821 0.51912 0.45015 0.51569 0.40249
4 0.63909 0.45488 0.66573 0.43119 0.66041 0.36798 0.64497 0.30489 0.63176 0.23295 0.61652 0.16840 0.60418 0.14073 0.58231 0.10874 0.54386 0.11553 0.53747 0.11767 0.52303 0.16287 0.51338 0.23155 0.51422 0.30478 0.51604 0.35685 0.51548 0.40395 0.52374 0.44628 0.54158 0.48532 0.58377 0.48060 0.61683 0.47608 0.63909 0.45488
4 0.34494 0.51402 0.34728 0.46866 0.32857 0.44318 0.29121 0.43490 0.26524 0.44648 0.24119 0.44464 0.22000 0.42947 0.19264 0.44389 0.16855 0.44205 0.15343 0.44142 0.13674 0.49541 0.14096 0.54478 0.13522 0.59270 0.14281 0.61816 0.16952 0.63714 0.20489 0.64515 0.25757 0.65255 0.30351 0.62855 0.32732 0.58163 0.34494 0.51402
4 1.00000 0.18120 0.99417 0.17120 0.98549 0.16082 0.96582 0.15657 0.94477 0.17646 0.92971 0.19718 0.91891 0.23065 0.92780 0.26849 0.93540 0.31525 0.94495 0.36989 0.93558 0.42950 0.95159 0.44543 0.98127 0.43592 1.00000 0.42179 1.00000 0.18120
4 0.82855 0.51693 0.83628 0.47994 0.83926 0.45878 0.83670 0.44065 0.82681 0.43292 0.81142 0.42822 0.80148 0.42682 0.79277 0.41671 0.79073 0.40119 0.78824 0.40084 0.77965 0.41994 0.77027 0.43259 0.76629 0.45487 0.75825 0.48801 0.75157 0.51753 0.74690 0.54480 0.74470 0.57241 0.75062 0.60243 0.75929 0.61888 0.77436 0.64385 0.78155 0.65882 0.79276 0.64516 0.80288 0.62120 0.80708 0.59133 0.81629 0.55582 0.82855 0.51693
4 0.61303 0.48167 0.59472 0.48213 0.55072 0.48505 0.53231 0.47182 0.52169 0.45360 0.50561 0.47419 0.48891 0.49921 0.48479 0.52148 0.47714 0.56157 0.47401 0.63425 0.48157 0.65964 0.49438 0.70565 0.50980 0.71846 0.54032 0.71056 0.56393 0.63618 0.58436 0.56290 0.60720 0.51584 0.61303 0.48167
4 0.78593 0.34755 0.77041 0.29206 0.75607 0.24281 0.75160 0.22391 0.74168 0.19360 0.71953 0.17830 0.70539 0.17780 0.68623 0.18427 0.67155 0.23093 0.65508 0.33374 0.65801 0.37068 0.65983 0.39378 0.68341 0.40625 0.73181 0.42977 0.74394 0.42999 0.77644 0.42236 0.78679 0.39181 0.78593 0.34755
4 0.63759 0.82400 0.64256 0.82470 0.65522 0.81246 0.67540 0.78362 0.69491 0.74067 0.71583 0.68771 0.72850 0.63359 0.73336 0.57970 0.74435 0.54593 0.75413 0.50531 0.76559 0.45985 0.76768 0.43349 0.76384 0.43047 0.74929 0.42589 0.73269 0.42355 0.71149 0.42438 0.69986 0.42275 0.67706 0.41695 0.65570 0.43050 0.65103 0.43994 0.64068 0.45372 0.63813 0.47604 0.63188 0.51324 0.62386 0.57761 0.62085 0.63507 0.61000 0.67620 0.59979 0.71284 0.59062 0.74202 0.59018 0.77390 0.60589 0.80293 0.62409 0.81189 0.63759 0.82400
4 0.92122 0.43052 0.94049 0.40889 0.94605 0.38373 0.94320 0.33919 0.93295 0.29664 0.92245 0.26316 0.91077 0.23105 0.89989 0.19299 0.89070 0.17189 0.87617 0.14546 0.85199 0.12987 0.82226 0.13943 0.79028 0.18670 0.78149 0.22050 0.77386 0.28189 0.77956 0.32077 0.79044 0.35883 0.79501 0.41278 0.80205 0.42751 0.83229 0.42867 0.86728 0.43209 0.89200 0.42944 0.92122 0.43052
