4 0.92076 0.47802 0.91731 0.46071 0.90924 0.45402 0.89046 0.45421 0.86979 0.45531 0.85310 0.46231 0.84451 0.46704 0.83879 0.48770 0.83163 0.50679 0.82475 0.52466 0.81872 0.56446 0.82241 0.58950 0.82616 0.61840 0.83214 0.64901 0.84124 0.66358 0.86210 0.67020 0.88339 0.63080 0.89846 0.59276 0.90685 0.54958 0.91678 0.50286 0.92076 0.47802
4 0.11743 0.55857 0.13845 0.51350 0.14050 0.45550 0.13942 0.41382 0.10370 0.39764 0.07205 0.38687 0.05341 0.36175 0.05096 0.37970 0.03218 0.42371 0.02399 0.46052 0.01620 0.51123 0.01561 0.55108 0.02876 0.56744 0.04975 0.57002 0.08132 0.56541 0.11743 0.55857
4 0.45623 0.51994 0.40525 0.50853 0.39155 0.48432 0.38069 0.45610 0.35884 0.45798 0.34586 0.49848 0.33222 0.56347 0.32953 0.59830 0.33235 0.63107 0.35213 0.65028 0.39599 0.64038 0.44034 0.61215 0.46645 0.56189 0.47436 0.52652 0.45623 0.51994
4 0.52077 0.40345 0.52716 0.36010 0.52115 0.31746 0.50510 0.27899 0.48732 0.24943 0.44856 0.21729 0.43775 0.21518 0.41235 0.21949 0.40123 0.25574 0.38469 0.33547 0.38279 0.38737 0.38389 0.46596 0.41018 0.50948 0.43566 0.52056 0.47595 0.51303 0.50314 0.47834 0.52171 0.45122 0.52077 0.40345
4 0.64126 0.46222 0.66911 0.43996 0.66710 0.37656 0.65498 0.31274 0.64555 0.24021 0.63372 0.17495 0.62284 0.14667 0.60267 0.11358 0.56392 0.11835 0.55742 0.12015 0.54065 0.16454 0.52741 0.23261 0.52441 0.30579 0.52351 0.35789 0.52049 0.40489 0.52652 0.44760 0.54229 0.48751 0.58467 0.48501 0.61792 0.48223 0.64126 0.46222
4 0.34442 0.50589 0.34913 0.46071 0.33178 0.43429 0.29490 0.42406 0.26836 0.43427 0.24444 0.43117 0.22407 0.41491 0.19599 0.42788 0.17204 0.42478 0.15698 0.42336 0.13748 0.47640 0.13911 0.52593 0.13087 0.57348 0.13711 0.59930 0.16279 0.61966 0.19770 0.62951 0.24992 0.63966 0.29705 0.61809 0.32329 0.57248 0.34442 0.50589
4 1.00000 0.18600 0.98316 0.18142 0.96110 0.20018 0.94497 0.22009 0.93243 0.25295 0.93933 0.29119 0.94448 0.33829 0.95115 0.39336 0.93867 0.45239 0.95383 0.46914 0.98397 0.46120 1.00000 0.45037 1.00000 0.18600
4 0.82721 0.53410 0.83687 0.49757 0.84095 0.47659 0.83934 0.45836 0.82987 0.45011 0.81475 0.44461 0.80490 0.44270 0.79673 0.43215 0.79550 0.41654 0.79304 0.41607 0.78345 0.43469 0.77343 0.44682 0.76829 0.46887 0.75853 0.50154 0.75031 0.53068 0.74421 0.55766 0.74058 0.58512 0.74492 0.61541 0.75271 0.63229 0.76645 0.65801 0.77285 0.67333 0.78476 0.66028 0.79612 0.63689 0.80188 0.60728 0.81294 0.57230 0.82721 0.53410
4 0.61384 0.48761 0.59552 0.48712 0.55143 0.48773 0.53374 0.47355 0.52408 0.45480 0.50695 0.47452 0.48897 0.49863 0.48369 0.52065 0.47395 0.56029 0.46702 0.63270 0.47324 0.65846 0.48362 0.70507 0.49835 0.71868 0.52925 0.71238 0.55671 0.63934 0.58095 0.56723 0.60623 0.52143 0.61384 0.48761
4 0.79351 0.36272 0.78092 0.30650 0.76918 0.25656 0.76570 0.23746 0.75739 0.20667 0.73606 0.19023 0.72197 0.18899 0.70250 0.19445 0.68540 0.24028 0.66357 0.34208 0.66456 0.37912 0.66517 0.40229 0.68807 0.41598 0.73517 0.44200 0.74727 0.44285 0.78012 0.43694 0.79206 0.40697 0.79351 0.36272
4 0.62045 0.83075 0.62537 0.83171 0.63866 0.82015 0.66031 0.79241 0.68205 0.75054 0.70571 0.69875 0.72120 0.64537 0.72887 0.59180 0.74161 0.55865 0.75351 0.51860 0.76733 0.47381 0.77079 0.44759 0.76712 0.44437 0.75282 0.43903 0.73637 0.43583 0.71516 0.43555 0.70363 0.43331 0.68117 0.42633 0.65912 0.43874 0.65396 0.44793 0.64291 0.46115 0.63920 0.48330 0.63100 0.52012 0.61963 0.58399 0.61362 0.64121 0.60063 0.68172 0.58851 0.71777 0.57783 0.74643 0.57572 0.77825 0.58989 0.80806 0.60760 0.81796 0.62045 0.83075
4 0.92428 0.45266 0.94466 0.43207 0.95152 0.40724 0.95101 0.36260 0.94300 0.31957 0.93427 0.28559 0.92429 0.25292 0.91541 0.21434 0.90734 0.19279 0.89421 0.16563 0.87088 0.14880 0.84069 0.15679 0.80628 0.20232 0.79573 0.23562 0.78490 0.29652 0.78855 0.33565 0.79743 0.37422 0.79917 0.42834 0.80543 0.44341 0.83557 0.44615 0.87033 0.45141 0.89515 0.45005 0.92428 0.45266
