4 0.62698 0.47234 0.65495 0.46212 0.67133 0.44029 0.67560 0.40850 0.66564 0.35114 0.65648 0.29684 0.64551 0.25285 0.61959 0.19442 0.59635 0.15011 0.58447 0.13040 0.56980 0.10658 0.55093 0.09030 0.52956 0.07458 0.49320 0.07558 0.47728 0.09573 0.46200 0.12540 0.45850 0.16025 0.45948 0.21660 0.45955 0.25537 0.46765 0.30188 0.48112 0.34537 0.49996 0.38596 0.53137 0.45252 0.54250 0.46917 0.56257 0.46579 0.58296 0.47057 0.60241 0.47522 0.62698 0.47234
4 0.88040 0.14238 0.87187 0.13963 0.85077 0.15295 0.84677 0.19280 0.85352 0.22341 0.85721 0.26615 0.87013 0.31796 0.87463 0.36050 0.87817 0.38872 0.88583 0.41592 0.90788 0.43790 0.93631 0.44699 0.95477 0.44414 0.96769 0.40844 0.95538 0.34517 0.94587 0.28608 0.93373 0.23739 0.92018 0.20048 0.89083 0.15271 0.88040 0.14238
4 0.57766 0.85497 0.57106 0.79353 0.55978 0.74475 0.54814 0.68769 0.53251 0.62850 0.52081 0.60250 0.50552 0.58670 0.48297 0.59069 0.46001 0.59642 0.43684 0.61194 0.41327 0.62587 0.41557 0.65603 0.42771 0.70472 0.43992 0.75021 0.45657 0.79940 0.47478 0.85151 0.49902 0.90687 0.52060 0.93384 0.54989 0.93947 0.57020 0.90205 0.57766 0.85497
4 0.85881 0.56975 0.83975 0.51791 0.82066 0.49375 0.79093 0.46544 0.77955 0.46178 0.76395 0.46567 0.74257 0.49530 0.74214 0.51802 0.74410 0.54682 0.75215 0.59316 0.76461 0.64664 0.77805 0.71444 0.78678 0.72894 0.79913 0.74335 0.82630 0.77518 0.85309 0.80566 0.87255 0.81374 0.89730 0.80113 0.89462 0.74840 0.88887 0.68681 0.87371 0.62263 0.85881 0.56975
4 0.64687 0.60804 0.63739 0.56999 0.62684 0.56619 0.60695 0.55978 0.57554 0.55631 0.54960 0.56765 0.53238 0.57194 0.52626 0.59289 0.53137 0.62391 0.54200 0.66655 0.56602 0.75937 0.56794 0.76358 0.57843 0.81268 0.59697 0.84853 0.61477 0.88144 0.63640 0.90172 0.66442 0.90929 0.68275 0.87080 0.67688 0.77039 0.66978 0.71395 0.66030 0.65485 0.64687 0.60804
4 0.77260 0.46189 0.79097 0.44113 0.79707 0.37821 0.78359 0.31361 0.76401 0.24898 0.74479 0.20686 0.72658 0.17586 0.71039 0.14592 0.69257 0.11644 0.67914 0.09406 0.66478 0.07484 0.65430 0.06777 0.64244 0.06923 0.63247 0.09907 0.62795 0.12300 0.62571 0.15248 0.63212 0.20266 0.64007 0.23803 0.65243 0.27355 0.66402 0.35155 0.66806 0.37477 0.67634 0.41150 0.70168 0.43273 0.72468 0.44798 0.74534 0.45738 0.77260 0.46189
4 0.09824 0.65270 0.11287 0.63450 0.12449 0.60412 0.12460 0.57661 0.10468 0.52817 0.09228 0.49247 0.07503 0.43369 0.06321 0.38979 0.04952 0.35598 0.03565 0.33520 0.02636 0.32940 0.01529 0.33053 0.00689 0.34574 0.00298 0.35465 0.00010 0.39903 0.00600 0.45415 0.01203 0.50280 0.02290 0.55343 0.03804 0.59657 0.05900 0.63175 0.07510 0.64729 0.08391 0.65465 0.09824 0.65270
4 0.82288 0.48171 0.85470 0.48346 0.86924 0.47177 0.88092 0.43813 0.88127 0.37658 0.87443 0.32819 0.86144 0.25866 0.85139 0.20783 0.84227 0.17125 0.83058 0.14181 0.82083 0.11676 0.81456 0.10214 0.80178 0.08922 0.79039 0.08556 0.77871 0.09815 0.76767 0.12033 0.75881 0.15827 0.75537 0.16543 0.75419 0.20958 0.75885 0.24233 0.77240 0.27924 0.78612 0.33078 0.79328 0.36635 0.79928 0.41501 0.79812 0.43129 0.79037 0.45265 0.79818 0.47006 0.82288 0.48171
4 0.43420 0.51397 0.46025 0.49954 0.47536 0.47616 0.49081 0.45775 0.49707 0.45138 0.49598 0.42255 0.49236 0.37655 0.48164 0.34043 0.47094 0.30106 0.45866 0.25884 0.43665 0.21255 0.41886 0.18306 0.40546 0.15730 0.38800 0.12930 0.36113 0.10202 0.34814 0.09882 0.33411 0.10550 0.31260 0.14160 0.30507 0.17071 0.29703 0.20857 0.29230 0.26309 0.29418 0.31602 0.30429 0.36360 0.31280 0.41163 0.32587 0.45366 0.34832 0.49816 0.36442 0.51032 0.40337 0.52322 0.43420 0.51397
4 0.22617 0.79863 0.21544 0.74153 0.20855 0.69647 0.19965 0.66783 0.17907 0.63417 0.15955 0.60843 0.14284 0.60435 0.13754 0.60405 0.12467 0.61538 0.11679 0.64320 0.12245 0.73236 0.13588 0.80015 0.15479 0.87951 0.17034 0.92092 0.18412 0.94822 0.20374 0.94995 0.21397 0.90355 0.22779 0.86456 0.22617 0.79863
4 0.78137 0.71036 0.76783 0.64903 0.75342 0.59122 0.74393 0.55317 0.73425 0.52486 0.71909 0.50596 0.69269 0.49799 0.67468 0.49923 0.65587 0.52172 0.64035 0.56445 0.64643 0.60977 0.65694 0.65894 0.66939 0.71579 0.68646 0.76332 0.71751 0.82491 0.74260 0.85907 0.77082 0.85690 0.79142 0.82753 0.79025 0.75987 0.78137 0.71036
4 0.42429 0.69102 0.41810 0.65215 0.41026 0.63474 0.39308 0.61473 0.36919 0.60295 0.34556 0.59909 0.32403 0.61758 0.29999 0.63313 0.29944 0.66238 0.31249 0.72864 0.33587 0.80851 0.35851 0.86432 0.38219 0.90689 0.41489 0.95052 0.44586 0.95585 0.46634 0.90858 0.46150 0.84027 0.42429 0.69102
4 0.34353 0.83570 0.33296 0.78981 0.31417 0.72497 0.30171 0.67149 0.30068 0.63939 0.28534 0.63029 0.26525 0.61268 0.24259 0.60216 0.22143 0.61874 0.21133 0.65523 0.20258 0.70751 0.22068 0.76608 0.23694 0.83480 0.25114 0.88135 0.27195 0.92632 0.29483 0.94810 0.32655 0.93550 0.33826 0.89848 0.34353 0.83570
4 0.91036 0.47932 0.89968 0.46094 0.88396 0.45030 0.87562 0.45888 0.85944 0.47097 0.84616 0.48403 0.82973 0.48812 0.83074 0.49917 0.83775 0.51679 0.84710 0.54038 0.85274 0.54541 0.86526 0.59563 0.88088 0.63383 0.88575 0.65685 0.89005 0.66709 0.90395 0.68786 0.92166 0.72391 0.94124 0.74652 0.96435 0.75531 0.97742 0.73425 0.97914 0.68872 0.97066 0.63731 0.95576 0.58443 0.94183 0.54262 0.91036 0.47932
4 0.19620 0.46513 0.17492 0.40072 0.16753 0.36053 0.16358 0.33079 0.14268 0.29234 0.12333 0.25675 0.10247 0.23603 0.07826 0.21945 0.06685 0.21905 0.05857 0.22436 0.05005 0.26365 0.05782 0.32967 0.06931 0.41425 0.09158 0.48615 0.11567 0.55129 0.13465 0.58541 0.16344 0.61702 0.19137 0.63110 0.23159 0.60003 0.23959 0.56568 0.19620 0.46513
4 0.27709 0.56926 0.29699 0.55461 0.30897 0.54675 0.33330 0.53588 0.34767 0.50962 0.34002 0.48242 0.32200 0.44163 0.31074 0.38947 0.30573 0.35531 0.29568 0.30110 0.28444 0.26992 0.26482 0.22972 0.24653 0.20192 0.22900 0.17700 0.20878 0.16586 0.19900 0.16511 0.17274 0.17166 0.15883 0.19287 0.15984 0.27026 0.16635 0.31392 0.17313 0.36557 0.17719 0.40984 0.19100 0.45818 0.21394 0.51873 0.23010 0.54868 0.24444 0.56771 0.27709 0.56926
