4 0.52755 0.38933 0.54193 0.46152 0.54869 0.48036 0.56899 0.48194 0.58761 0.49152 0.60536 0.50073 0.62990 0.50388 0.65951 0.50073 0.68069 0.48352 0.69252 0.45370 0.69673 0.39564 0.70098 0.34073 0.70098 0.29539 0.68997 0.23243 0.67814 0.18382 0.67137 0.16182 0.66291 0.13515 0.64853 0.11479 0.63160 0.09436 0.59608 0.08655 0.57575 0.10224 0.55376 0.12733 0.54193 0.16030 0.52925 0.21521 0.51993 0.25285 0.51654 0.29994 0.51908 0.34539 0.52755 0.38933
4 0.97595 0.52430 0.97931 0.45994 0.98438 0.40030 0.98438 0.35012 0.98016 0.31103 0.96324 0.25757 0.95562 0.24503 0.94801 0.24030 0.92431 0.24812 0.91078 0.28582 0.90993 0.31715 0.90317 0.35952 0.90317 0.41291 0.89725 0.45527 0.89386 0.48352 0.89471 0.51176 0.91078 0.53842 0.93618 0.55412 0.95477 0.55582 0.97595 0.52430
4 0.38543 0.78000 0.39049 0.83497 0.40062 0.89455 0.41503 0.92594 0.44209 0.93848 0.47085 0.90709 0.48948 0.86321 0.49794 0.80200 0.49879 0.75194 0.50131 0.69376 0.50046 0.63255 0.49539 0.60448 0.48438 0.58545 0.46154 0.58388 0.43788 0.58388 0.41163 0.59333 0.38539 0.60115 0.38033 0.63097 0.38033 0.68115 0.38118 0.72824 0.38543 0.78000
4 0.76866 0.88200 0.78559 0.89455 0.81265 0.88830 0.82281 0.83648 0.83212 0.77533 0.83294 0.70939 0.83127 0.65448 0.82533 0.59957 0.81265 0.57152 0.79065 0.53685 0.78049 0.53055 0.76441 0.53055 0.73650 0.55412 0.73059 0.57606 0.72552 0.60448 0.72212 0.65139 0.72127 0.70630 0.71791 0.77533 0.72288 0.79152 0.73137 0.80848 0.75003 0.84594 0.76866 0.88200
4 0.53516 0.92279 0.56052 0.93691 0.58761 0.90400 0.60621 0.80515 0.61297 0.74867 0.61807 0.68903 0.61637 0.64036 0.61637 0.60115 0.60706 0.59491 0.58931 0.58388 0.55967 0.57291 0.53176 0.57764 0.51402 0.57764 0.50301 0.59648 0.50046 0.62782 0.50046 0.67176 0.50131 0.76764 0.50216 0.77218 0.50046 0.82236 0.50977 0.86164 0.51908 0.89788 0.53516 0.92279
4 0.69507 0.39564 0.69337 0.41915 0.69252 0.45679 0.71196 0.48352 0.73059 0.50388 0.74837 0.51800 0.77372 0.52897 0.79657 0.51327 0.81771 0.45370 0.82026 0.38776 0.81690 0.32030 0.80843 0.27479 0.79827 0.24030 0.78980 0.20733 0.77964 0.17442 0.77203 0.14945 0.76275 0.12733 0.75428 0.11794 0.74242 0.11648 0.72552 0.14303 0.71536 0.16515 0.70605 0.19321 0.70013 0.24345 0.69928 0.27970 0.70268 0.31715 0.69507 0.39564
4 0.02585 0.38467 0.02415 0.43643 0.02840 0.48194 0.04023 0.52115 0.05209 0.54012 0.05886 0.54939 0.07324 0.55097 0.09183 0.53685 0.11046 0.51018 0.11722 0.48352 0.10961 0.43170 0.10621 0.39406 0.10369 0.33285 0.10284 0.28739 0.09775 0.25127 0.08931 0.22776 0.08170 0.21988 0.07069 0.21830 0.05886 0.23103 0.05291 0.23873 0.03938 0.28109 0.03176 0.33600 0.02585 0.38467
4 0.81856 0.40503 0.81690 0.44127 0.81095 0.48994 0.80588 0.50545 0.79320 0.52430 0.79657 0.54309 0.81771 0.56036 0.84817 0.56976 0.86510 0.56194 0.88458 0.53212 0.89980 0.47248 0.90487 0.42388 0.90908 0.35327 0.91163 0.30152 0.91163 0.26382 0.90742 0.23243 0.90402 0.20576 0.90147 0.19006 0.89219 0.17442 0.88203 0.16812 0.86765 0.17752 0.85157 0.19636 0.83379 0.23103 0.82873 0.23715 0.81690 0.27970 0.81350 0.31261 0.81771 0.35170 0.81856 0.40503
4 0.34310 0.32030 0.33974 0.36897 0.34225 0.41291 0.35327 0.46152 0.36595 0.47721 0.40062 0.49915 0.43278 0.49764 0.46154 0.48994 0.48186 0.47091 0.50131 0.45679 0.50892 0.45212 0.51484 0.42388 0.52245 0.37836 0.52078 0.34073 0.51993 0.29994 0.51824 0.25600 0.50807 0.20576 0.49794 0.17285 0.49118 0.14461 0.48101 0.11321 0.46154 0.08024 0.44971 0.07400 0.43448 0.07709 0.40487 0.10691 0.39052 0.13333 0.37356 0.16812 0.35578 0.21988 0.34480 0.27170 0.34310 0.32030
4 0.07324 0.78473 0.07830 0.82867 0.08507 0.85848 0.10369 0.86491 0.12484 0.82236 0.14768 0.78788 0.16206 0.72352 0.16546 0.66552 0.16967 0.62012 0.16797 0.59018 0.15614 0.55255 0.14343 0.52285 0.12820 0.51485 0.12314 0.51327 0.10791 0.52115 0.09353 0.54624 0.07745 0.63412 0.07408 0.70315 0.07324 0.78473
4 0.61722 0.80061 0.63245 0.86788 0.64853 0.90709 0.67644 0.91182 0.70353 0.88830 0.71876 0.82236 0.72212 0.77218 0.72382 0.70939 0.72382 0.64982 0.72382 0.61061 0.72127 0.58079 0.71114 0.55879 0.68745 0.54467 0.66967 0.54152 0.64598 0.55879 0.62059 0.59648 0.61552 0.64194 0.61382 0.69218 0.61216 0.75036 0.61722 0.80061
4 0.27458 0.81927 0.28725 0.86630 0.30843 0.91655 0.33719 0.92921 0.36850 0.88830 0.38033 0.82085 0.38033 0.66703 0.38372 0.62782 0.38033 0.60903 0.36850 0.58545 0.34817 0.56824 0.32618 0.55879 0.30082 0.57152 0.27372 0.58079 0.26611 0.60903 0.26275 0.67648 0.26611 0.75964 0.27458 0.81927
4 0.16376 0.76121 0.16628 0.80982 0.17559 0.85848 0.19252 0.88515 0.22634 0.88061 0.24667 0.84752 0.26696 0.78788 0.26781 0.74079 0.26526 0.67333 0.26611 0.61843 0.27288 0.58703 0.26020 0.57448 0.24497 0.55255 0.22552 0.53685 0.20098 0.54782 0.18235 0.58079 0.16121 0.62939 0.16461 0.69061 0.16376 0.76121
4 0.88879 0.86006 0.90657 0.84279 0.91925 0.79903 0.92346 0.74709 0.92180 0.69218 0.91840 0.64824 0.90317 0.57921 0.89725 0.55879 0.88458 0.54467 0.87441 0.55097 0.85578 0.55879 0.83974 0.56824 0.82281 0.56824 0.82111 0.57921 0.82366 0.59800 0.82703 0.62315 0.83127 0.62939 0.83127 0.68115 0.83719 0.72200 0.83634 0.74552 0.83804 0.75648 0.84650 0.78000 0.85497 0.81927 0.86850 0.84594 0.88879 0.86006
4 0.11467 0.45679 0.12484 0.49448 0.14513 0.53212 0.16882 0.55255 0.21536 0.53212 0.23144 0.50073 0.21366 0.39267 0.20860 0.32503 0.21114 0.28424 0.21451 0.25443 0.20353 0.21206 0.19337 0.17285 0.17814 0.14770 0.15866 0.12576 0.14768 0.12261 0.13837 0.12576 0.12059 0.16182 0.11216 0.22776 0.10284 0.31261 0.10706 0.38776 0.11467 0.45679
4 0.21536 0.29048 0.20860 0.33443 0.21029 0.38467 0.21791 0.44897 0.22634 0.48194 0.23565 0.50388 0.26696 0.51327 0.28980 0.50388 0.30333 0.49915 0.32958 0.49448 0.34987 0.47248 0.34902 0.44424 0.34140 0.40030 0.34310 0.34697 0.34650 0.31261 0.34987 0.25757 0.34650 0.22461 0.33719 0.18085 0.32618 0.14945 0.31520 0.12103 0.29827 0.10533 0.28895 0.10224 0.26190 0.10224 0.24327 0.11945 0.22552 0.19479 0.22128 0.23873 0.21536 0.29048
