4 0.35332 0.61378 0.33554 0.60495 0.32366 0.59037 0.31025 0.57302 0.29840 0.59989 0.27773 0.63309 0.25882 0.64444 0.24602 0.67150 0.24614 0.70839 0.23872 0.75285 0.24694 0.80039 0.25730 0.85369 0.27546 0.87479 0.30295 0.88173 0.34616 0.84565 0.36849 0.79522 0.38775 0.75462 0.38369 0.69237 0.37883 0.65185 0.35332 0.61378
4 0.70232 0.49105 0.69664 0.48179 0.69145 0.49239 0.68521 0.51290 0.67141 0.52151 0.64998 0.53605 0.63377 0.54213 0.61585 0.54711 0.61171 0.56350 0.61650 0.58552 0.62211 0.61703 0.62588 0.63116 0.63621 0.65953 0.64923 0.68660 0.66667 0.70395 0.68733 0.71551 0.70068 0.70476 0.70520 0.64534 0.71045 0.60285 0.70853 0.55283 0.70686 0.51684 0.70232 0.49105
4 0.91175 0.58967 0.90169 0.54075 0.89142 0.50823 0.87962 0.49410 0.86713 0.48790 0.83889 0.49339 0.81402 0.50775 0.81016 0.51108 0.80974 0.52926 0.81200 0.54955 0.81910 0.58611 0.82419 0.61532 0.82990 0.62715 0.83845 0.64796 0.86621 0.68050 0.87690 0.70347 0.89545 0.73522 0.90553 0.76951 0.91356 0.78180 0.92346 0.76603 0.92351 0.69956 0.91844 0.65309 0.91175 0.58967
4 0.16639 0.48419 0.15750 0.42294 0.15281 0.38849 0.12760 0.36727 0.11395 0.35913 0.10366 0.38882 0.09001 0.43755 0.09941 0.50644 0.11755 0.56895 0.12659 0.61022 0.13557 0.62537 0.16400 0.63213 0.19181 0.62522 0.18953 0.59798 0.17655 0.54675 0.16639 0.48419
4 0.72434 0.28968 0.70921 0.26344 0.68597 0.25256 0.66829 0.25450 0.64345 0.28695 0.64661 0.30323 0.65511 0.32621 0.68998 0.45924 0.69884 0.47903 0.72641 0.49668 0.74615 0.48979 0.77079 0.46660 0.75738 0.39232 0.74071 0.33258 0.72434 0.28968
4 0.55122 0.51539 0.54927 0.47430 0.52961 0.41970 0.51211 0.35550 0.50120 0.32539 0.49061 0.29670 0.46995 0.27303 0.44218 0.26465 0.42235 0.26077 0.39824 0.27625 0.38212 0.30700 0.37971 0.35667 0.37724 0.39556 0.38737 0.45813 0.39301 0.50773 0.41583 0.56322 0.42824 0.57004 0.45814 0.56884 0.49945 0.55925 0.53280 0.53431 0.55122 0.51539
4 0.27819 0.64067 0.28685 0.61286 0.31012 0.57760 0.30711 0.54133 0.29598 0.49435 0.27162 0.40531 0.25248 0.38446 0.22664 0.33417 0.20259 0.31889 0.17307 0.31696 0.15919 0.33344 0.15139 0.36570 0.16158 0.46972 0.17361 0.50580 0.17974 0.54763 0.19650 0.60280 0.20803 0.63130 0.21816 0.65234 0.24159 0.65396 0.26058 0.63798 0.27819 0.64067
4 0.39769 0.52678 0.39132 0.48349 0.38559 0.43852 0.37441 0.39150 0.35435 0.35543 0.33928 0.33996 0.32370 0.33220 0.30604 0.31874 0.28828 0.33603 0.28417 0.41827 0.28927 0.44952 0.29318 0.47488 0.30797 0.54578 0.31739 0.58392 0.33234 0.60402 0.36265 0.59969 0.40351 0.58252 0.41209 0.55933 0.39769 0.52678
4 0.54979 0.50800 0.53473 0.53394 0.51795 0.55104 0.53051 0.57934 0.53701 0.61805 0.53867 0.65763 0.54299 0.67987 0.55722 0.69094 0.57934 0.70660 0.60714 0.69964 0.62763 0.66036 0.62429 0.62260 0.61808 0.58539 0.61108 0.53911 0.58924 0.52490 0.56146 0.51646 0.54979 0.50800
4 0.25008 0.67688 0.24277 0.64450 0.22299 0.65140 0.20332 0.62760 0.19594 0.62592 0.17580 0.63601 0.15327 0.63883 0.15239 0.64979 0.15538 0.70146 0.15570 0.74442 0.15716 0.79328 0.16551 0.83624 0.18463 0.84169 0.20585 0.84218 0.23376 0.81524 0.23479 0.76896 0.24459 0.72097 0.25008 0.67688
4 0.82808 0.29103 0.81982 0.25884 0.80882 0.23329 0.79308 0.21945 0.77576 0.21820 0.76633 0.25234 0.75337 0.28404 0.74520 0.31942 0.75122 0.36590 0.76572 0.41995 0.78158 0.44449 0.81347 0.46903 0.85079 0.48023 0.86458 0.46832 0.86270 0.42261 0.83999 0.34708 0.82808 0.29103
4 0.78705 0.45829 0.76570 0.43577 0.77082 0.44958 0.77113 0.46653 0.75757 0.47882 0.74423 0.48734 0.71991 0.50172 0.70528 0.49641 0.70491 0.51428 0.70615 0.54808 0.70839 0.57952 0.71379 0.62000 0.73329 0.66289 0.75157 0.70452 0.78306 0.73693 0.80983 0.74503 0.83479 0.72166 0.83564 0.65852 0.82079 0.58212 0.81011 0.52715 0.79624 0.47574 0.78705 0.45829
4 0.68895 0.50552 0.68731 0.45053 0.67811 0.40318 0.66616 0.36247 0.65425 0.32176 0.64382 0.29916 0.63415 0.28570 0.61849 0.26723 0.59550 0.24713 0.58120 0.24068 0.55962 0.24332 0.54129 0.25767 0.52152 0.27991 0.51007 0.30365 0.51352 0.32143 0.52253 0.36271 0.53272 0.40992 0.54611 0.45802 0.56527 0.50499 0.59919 0.52452 0.62770 0.54199 0.65289 0.53710 0.67111 0.52744 0.68895 0.50552
4 0.90951 0.27658 0.89345 0.25525 0.88111 0.23308 0.87320 0.22845 0.85950 0.25112 0.84851 0.28245 0.84313 0.32190 0.85156 0.37557 0.86512 0.42981 0.88644 0.46713 0.90633 0.49706 0.93911 0.51070 0.95608 0.48433 0.94356 0.39916 0.92733 0.33604 0.90951 0.27658
4 0.44472 0.59296 0.44893 0.63517 0.45350 0.67419 0.46095 0.72805 0.46924 0.74490 0.49419 0.74928 0.52538 0.73399 0.54201 0.68006 0.53827 0.61930 0.52674 0.57546 0.51689 0.55586 0.47963 0.55544 0.44999 0.57348 0.44472 0.59296
4 0.35607 0.60714 0.36509 0.63301 0.37172 0.66708 0.38153 0.70202 0.38783 0.75000 0.39037 0.75256 0.40872 0.76433 0.43535 0.76689 0.45790 0.74866 0.45454 0.68477 0.45184 0.63460 0.43948 0.59704 0.41922 0.57023 0.40481 0.56842 0.36654 0.59893 0.35607 0.60714
