4 0.32053 0.54743 0.30761 0.53235 0.30237 0.51428 0.29681 0.49307 0.27539 0.51318 0.24340 0.53566 0.22156 0.53872 0.19920 0.55862 0.18489 0.59263 0.16069 0.63066 0.14968 0.67763 0.13839 0.73074 0.14687 0.75726 0.16946 0.77439 0.22334 0.75806 0.26359 0.72037 0.29719 0.69052 0.31776 0.63163 0.32913 0.59243 0.32053 0.54743
4 0.68973 0.57082 0.68812 0.56007 0.67920 0.56780 0.66545 0.58424 0.64938 0.58678 0.62397 0.59178 0.60667 0.59105 0.58823 0.58863 0.57802 0.60210 0.57382 0.62424 0.56668 0.65544 0.56462 0.66991 0.56305 0.70007 0.56446 0.73008 0.57373 0.75285 0.58823 0.77157 0.60472 0.76690 0.63209 0.71396 0.65354 0.67690 0.67131 0.63011 0.68384 0.59633 0.68973 0.57082
4 0.84398 0.74343 0.85384 0.69446 0.85708 0.66051 0.85175 0.64290 0.84267 0.63231 0.81453 0.62633 0.78602 0.62983 0.78117 0.63139 0.77368 0.64796 0.76783 0.66752 0.76009 0.70394 0.75336 0.73282 0.75399 0.74595 0.75373 0.76844 0.76657 0.80924 0.76744 0.83456 0.77211 0.87104 0.76798 0.90654 0.77058 0.92098 0.78585 0.91034 0.81187 0.84918 0.82536 0.80442 0.84398 0.74343
4 0.19909 0.35509 0.21484 0.29524 0.22397 0.26170 0.20907 0.23231 0.19968 0.21949 0.17861 0.24279 0.14701 0.28232 0.12874 0.34940 0.12102 0.41403 0.11321 0.45555 0.11556 0.47301 0.13908 0.49034 0.16738 0.49485 0.17593 0.46888 0.18400 0.41665 0.19909 0.35509
4 0.78868 0.39406 0.78501 0.36399 0.76787 0.34489 0.75083 0.33977 0.71529 0.35994 0.71184 0.37616 0.71069 0.40063 0.69081 0.53671 0.69123 0.55839 0.70971 0.58541 0.73057 0.58678 0.76232 0.57506 0.77899 0.50145 0.78699 0.43994 0.78868 0.39406
4 0.54114 0.53418 0.55540 0.49560 0.55863 0.43765 0.56761 0.37172 0.56934 0.33974 0.57079 0.30920 0.56102 0.27934 0.53874 0.26077 0.52200 0.24945 0.49376 0.25427 0.46690 0.27629 0.44528 0.32107 0.42781 0.35590 0.41268 0.41745 0.39849 0.46531 0.39781 0.52531 0.40658 0.53643 0.43457 0.54701 0.47634 0.55433 0.51679 0.54440 0.54114 0.53418
4 0.24086 0.54282 0.25970 0.52061 0.29490 0.49724 0.30630 0.46268 0.31441 0.41509 0.32677 0.32360 0.31730 0.29693 0.31317 0.24055 0.29700 0.21708 0.27058 0.20377 0.25136 0.21352 0.23158 0.24016 0.20032 0.33990 0.19729 0.37780 0.18659 0.41871 0.18046 0.47604 0.17994 0.50678 0.18104 0.53011 0.20198 0.54075 0.22570 0.53347 0.24086 0.54282
4 0.39536 0.48467 0.40640 0.44234 0.41871 0.39871 0.42679 0.35105 0.42242 0.31001 0.41459 0.28989 0.40328 0.27666 0.39229 0.25736 0.36918 0.26634 0.33326 0.34043 0.32574 0.37119 0.31943 0.39607 0.30535 0.46711 0.29912 0.50589 0.30503 0.53024 0.33462 0.53810 0.37894 0.53825 0.39590 0.52027 0.39536 0.48467
4 0.54270 0.52682 0.51871 0.54481 0.49658 0.55400 0.49708 0.58495 0.48795 0.62313 0.47401 0.66021 0.46930 0.68237 0.47806 0.69812 0.49231 0.72118 0.52062 0.72563 0.55483 0.69748 0.56651 0.66141 0.57533 0.62474 0.58697 0.57940 0.57241 0.55779 0.55015 0.53916 0.54270 0.52682
4 0.20084 0.56517 0.20676 0.53251 0.18585 0.53113 0.17705 0.50153 0.17091 0.49710 0.14843 0.49852 0.12659 0.49231 0.12149 0.50205 0.10406 0.55079 0.08756 0.59046 0.06982 0.63600 0.06072 0.67881 0.07620 0.69130 0.09553 0.70004 0.13175 0.68615 0.15079 0.64395 0.17855 0.60361 0.20084 0.56517
4 0.88365 0.43583 0.88863 0.40297 0.88848 0.37516 0.87940 0.35627 0.86394 0.34835 0.84193 0.37609 0.81761 0.40021 0.79627 0.42959 0.78365 0.47472 0.77588 0.53013 0.78089 0.55892 0.80065 0.59397 0.83063 0.61887 0.84797 0.61329 0.86411 0.57048 0.87271 0.49208 0.88365 0.43583
4 0.78053 0.57376 0.76968 0.54469 0.76899 0.55940 0.76266 0.57513 0.74538 0.58114 0.72976 0.58378 0.70175 0.58751 0.69036 0.57691 0.68304 0.59321 0.67098 0.62481 0.66075 0.65462 0.64990 0.69399 0.65110 0.74110 0.65166 0.78656 0.66798 0.82870 0.68946 0.84661 0.72157 0.83485 0.74703 0.77706 0.76320 0.70094 0.77485 0.64616 0.78217 0.59341 0.78053 0.57376
4 0.67177 0.57891 0.69175 0.52765 0.70178 0.48047 0.70668 0.43833 0.71163 0.39620 0.71086 0.37132 0.70722 0.35515 0.70002 0.33203 0.68672 0.30455 0.67607 0.29302 0.65517 0.28702 0.63269 0.29307 0.60580 0.30581 0.58599 0.32319 0.58222 0.34091 0.57438 0.38243 0.56532 0.42987 0.55884 0.47937 0.55813 0.53010 0.58173 0.56133 0.60115 0.58855 0.62624 0.59389 0.64679 0.59212 0.67177 0.57891
4 0.96425 0.45435 0.95780 0.42844 0.95511 0.40321 0.94963 0.39585 0.92817 0.41138 0.90581 0.43591 0.88544 0.47013 0.87223 0.52283 0.86352 0.57805 0.86857 0.62074 0.87517 0.65606 0.90002 0.68143 0.92595 0.66379 0.94770 0.58049 0.95743 0.51604 0.96425 0.45435
4 0.41279 0.56397 0.40018 0.60447 0.38913 0.64217 0.37495 0.69467 0.37600 0.71341 0.39725 0.72719 0.43194 0.72530 0.46832 0.68216 0.48862 0.62477 0.49512 0.57991 0.49372 0.55802 0.45959 0.54307 0.42525 0.54810 0.41279 0.56397
4 0.32565 0.54238 0.32385 0.56972 0.31663 0.60367 0.31201 0.63967 0.29907 0.68630 0.30040 0.68965 0.31270 0.70765 0.33621 0.72041 0.36409 0.71244 0.38595 0.65232 0.40307 0.60508 0.40638 0.56567 0.39820 0.53309 0.38564 0.52579 0.33849 0.53892 0.32565 0.54238
