4 0.39960 0.68628 0.40964 0.72852 0.41767 0.75869 0.42971 0.77230 0.46382 0.78131 0.48793 0.74661 0.49596 0.71645 0.50498 0.65612 0.49996 0.60333 0.49393 0.54907 0.48389 0.51437 0.46182 0.50984 0.44375 0.50530 0.41767 0.50984 0.39858 0.51738 0.39055 0.54153 0.38553 0.59885 0.39156 0.65164 0.39960 0.68628
4 0.26509 0.78131 0.27916 0.82055 0.31127 0.82055 0.33836 0.79339 0.35945 0.75268 0.37851 0.69383 0.38956 0.64410 0.38051 0.59126 0.36749 0.56109 0.35244 0.53399 0.33335 0.52339 0.31931 0.51437 0.29622 0.52191 0.28618 0.53093 0.27313 0.55208 0.26109 0.58224 0.25705 0.67120 0.25909 0.72852 0.26509 0.78131
4 0.52807 0.72852 0.56520 0.75869 0.59633 0.74060 0.61338 0.69836 0.61640 0.61694 0.61036 0.52945 0.59935 0.48721 0.58225 0.47366 0.56218 0.47213 0.53509 0.48120 0.50800 0.48120 0.50098 0.50984 0.49996 0.61087 0.51000 0.68481 0.52807 0.72852
4 0.88236 0.40126 0.88338 0.34847 0.88236 0.30623 0.88138 0.25792 0.87535 0.22175 0.85829 0.19912 0.84222 0.21268 0.81313 0.23836 0.78604 0.25792 0.78502 0.29869 0.78102 0.32732 0.78502 0.34093 0.78804 0.39219 0.82116 0.41180 0.86029 0.42082 0.88236 0.40126
4 0.76895 0.64410 0.80909 0.67120 0.84327 0.66503 0.84618 0.60328 0.83418 0.53246 0.81513 0.46306 0.79305 0.42689 0.75993 0.40574 0.74084 0.42388 0.72280 0.43743 0.72178 0.47060 0.71676 0.49628 0.72178 0.54454 0.73785 0.60186 0.76895 0.64410
4 0.16273 0.45705 0.18480 0.51137 0.21593 0.53246 0.26709 0.55055 0.29924 0.51738 0.31127 0.47814 0.31629 0.40727 0.30324 0.36503 0.27211 0.29415 0.25105 0.26700 0.23400 0.24437 0.20989 0.23984 0.17476 0.25344 0.15571 0.28814 0.14665 0.33486 0.15269 0.41481 0.16273 0.45705
4 0.14665 0.67426 0.14065 0.69836 0.13964 0.73306 0.14265 0.76322 0.16775 0.78284 0.19985 0.77831 0.23298 0.74661 0.25105 0.69836 0.25607 0.66219 0.25607 0.60186 0.26109 0.55962 0.24702 0.54601 0.21691 0.53546 0.20287 0.53546 0.18480 0.53546 0.16975 0.57617 0.15869 0.61240 0.15469 0.63049 0.14665 0.67426
4 0.82015 0.48721 0.82916 0.52945 0.84124 0.56109 0.87335 0.57923 0.90345 0.58678 0.91047 0.57169 0.90545 0.52645 0.88738 0.47967 0.87735 0.43896 0.86531 0.41934 0.83920 0.40880 0.83120 0.40880 0.82116 0.41781 0.80611 0.43743 0.80909 0.45552 0.82015 0.48721
4 0.06738 0.73907 0.08244 0.74661 0.11353 0.69989 0.13160 0.68628 0.14767 0.66219 0.15771 0.63350 0.16273 0.59579 0.16273 0.57317 0.14567 0.56716 0.12258 0.57923 0.10149 0.58678 0.08644 0.59131 0.07440 0.62902 0.06636 0.68027 0.06436 0.71344 0.06738 0.73907
4 0.07338 0.50984 0.07036 0.55208 0.07440 0.57770 0.10451 0.58525 0.13462 0.57317 0.15869 0.54153 0.16673 0.50530 0.17076 0.46158 0.15469 0.41328 0.15069 0.38918 0.11756 0.37863 0.09647 0.36956 0.08142 0.35147 0.06135 0.35601 0.05233 0.36656 0.04429 0.42535 0.05833 0.46459 0.07338 0.50984
4 0.45989 0.33339 0.44582 0.30770 0.43076 0.26240 0.40964 0.23535 0.38255 0.23383 0.36451 0.24738 0.35542 0.29710 0.34945 0.34087 0.34742 0.41475 0.34742 0.46306 0.36949 0.50984 0.41167 0.51279 0.45989 0.49317 0.51502 0.48115 0.57225 0.47656 0.60138 0.46306 0.61927 0.44044 0.61855 0.34863 0.61040 0.28202 0.60342 0.23383 0.58833 0.20967 0.55418 0.21273 0.53615 0.23230 0.52807 0.24585 0.51604 0.27000 0.50905 0.30465 0.49196 0.35448 0.47385 0.36503 0.45989 0.33339
4 0.65655 0.43443 0.70171 0.45705 0.73785 0.43596 0.76796 0.39519 0.78400 0.32885 0.78102 0.28208 0.77098 0.23383 0.76095 0.19760 0.75091 0.17197 0.73684 0.14634 0.71175 0.12825 0.68465 0.13126 0.66156 0.16743 0.65655 0.18557 0.64549 0.22022 0.63244 0.25792 0.62742 0.32732 0.63244 0.38465 0.65655 0.43443
4 0.61236 0.59885 0.62945 0.65164 0.65756 0.70137 0.68265 0.72852 0.71676 0.74060 0.74185 0.70590 0.74084 0.63656 0.73080 0.55508 0.71676 0.50077 0.69269 0.46459 0.67058 0.44497 0.63545 0.44497 0.62945 0.44798 0.61640 0.46306 0.60636 0.49322 0.61036 0.54601 0.61236 0.59885
