4 0.54105 0.71256 0.53733 0.65167 0.52145 0.60108 0.50426 0.54926 0.48723 0.51741 0.46470 0.51756 0.44608 0.51688 0.42152 0.52674 0.40441 0.53808 0.40157 0.56338 0.40858 0.62049 0.42546 0.67087 0.44052 0.70309 0.45912 0.74232 0.47326 0.77015 0.48786 0.78096 0.52310 0.78269 0.53946 0.74373 0.54105 0.71256
4 0.42194 0.66391 0.40209 0.61411 0.38309 0.58731 0.36273 0.56393 0.34185 0.55753 0.32625 0.55163 0.30523 0.56380 0.29728 0.57471 0.28891 0.59811 0.28341 0.63012 0.29796 0.71797 0.31187 0.77362 0.32871 0.82400 0.35063 0.85946 0.38204 0.85278 0.40290 0.82058 0.41506 0.77638 0.42146 0.71485 0.42194 0.66391
4 0.59452 0.46684 0.57498 0.45713 0.55503 0.45981 0.53042 0.47432 0.50392 0.47995 0.50300 0.50942 0.52302 0.60846 0.54820 0.67869 0.57497 0.71769 0.61756 0.73948 0.64425 0.71532 0.65215 0.67045 0.63817 0.59018 0.61407 0.50586 0.59452 0.46684
4 0.77500 0.14780 0.75189 0.17897 0.72945 0.20374 0.73693 0.24383 0.73898 0.27267 0.74572 0.28515 0.75933 0.33466 0.79581 0.34696 0.83595 0.34764 0.85348 0.32392 0.84350 0.27207 0.83372 0.23097 0.82272 0.18392 0.80929 0.14979 0.78791 0.13121 0.77500 0.14780
4 0.77145 0.36755 0.73465 0.35376 0.71975 0.37547 0.70492 0.39248 0.71082 0.42513 0.71125 0.45130 0.72620 0.49745 0.75383 0.55018 0.79303 0.58503 0.83793 0.60320 0.87008 0.59005 0.86009 0.52905 0.83363 0.46227 0.80056 0.39835 0.77145 0.36755
4 0.30102 0.44749 0.27947 0.40889 0.23429 0.34603 0.20805 0.32385 0.18666 0.30526 0.16214 0.30584 0.13061 0.32645 0.11918 0.36435 0.12004 0.41194 0.14257 0.48888 0.16117 0.52811 0.19405 0.57665 0.22888 0.59081 0.28269 0.59787 0.30724 0.55874 0.31085 0.51786 0.30102 0.44749
4 0.29009 0.79674 0.29774 0.74578 0.29512 0.70936 0.28258 0.65035 0.27871 0.60799 0.26211 0.59760 0.23047 0.59355 0.21674 0.59647 0.19906 0.60022 0.19280 0.64317 0.18952 0.68091 0.18937 0.69943 0.19061 0.74392 0.18975 0.76874 0.19597 0.80289 0.20519 0.83177 0.23381 0.84574 0.26428 0.83463 0.29009 0.79674
4 0.90209 0.44157 0.87469 0.39958 0.85641 0.36184 0.84056 0.34515 0.81282 0.34027 0.80500 0.34193 0.79706 0.35284 0.78641 0.37515 0.79309 0.39223 0.81049 0.42093 0.82809 0.46037 0.84648 0.48881 0.88166 0.49988 0.91268 0.50100 0.91641 0.48479 0.90209 0.44157
4 0.19001 0.66382 0.18531 0.64169 0.16738 0.63936 0.14730 0.65597 0.12824 0.66773 0.11446 0.67530 0.11053 0.71468 0.11332 0.76649 0.11826 0.79935 0.12654 0.82379 0.14283 0.82804 0.16353 0.77587 0.17838 0.75881 0.18909 0.73190 0.19295 0.70175 0.19001 0.66382
4 0.17511 0.57448 0.16997 0.53088 0.14421 0.48697 0.13528 0.46423 0.10069 0.46080 0.07817 0.45631 0.05969 0.44175 0.04099 0.45036 0.03437 0.46255 0.03873 0.52173 0.06062 0.55719 0.08475 0.59832 0.09058 0.64027 0.09986 0.66449 0.13088 0.66561 0.15782 0.64754 0.17478 0.61158 0.17511 0.57448
4 0.31639 0.33160 0.31966 0.37565 0.33303 0.44834 0.34307 0.49559 0.37439 0.53676 0.41626 0.53087 0.45935 0.50166 0.51077 0.47844 0.56580 0.46205 0.59149 0.44279 0.60428 0.41694 0.58448 0.32730 0.56267 0.26383 0.54582 0.21814 0.52603 0.19765 0.49327 0.20775 0.47970 0.23063 0.47462 0.24556 0.46787 0.27169 0.46824 0.30703 0.46188 0.35933 0.44636 0.37341 0.42613 0.34537 0.40702 0.32317 0.38288 0.28199 0.35659 0.25993 0.32977 0.26406 0.31495 0.28107 0.31639 0.33160
4 0.70972 0.18330 0.69237 0.14995 0.67722 0.12697 0.65813 0.10483 0.62983 0.09235 0.60395 0.10092 0.58889 0.14111 0.58775 0.15990 0.58414 0.19608 0.57921 0.23568 0.58873 0.30460 0.60556 0.35963 0.63949 0.40331 0.68837 0.41605 0.71934 0.38790 0.74032 0.34177 0.74221 0.27355 0.72957 0.22841 0.70972 0.18330
4 0.76397 0.58350 0.73721 0.50589 0.71219 0.45568 0.68112 0.42530 0.65541 0.41071 0.62105 0.41801 0.61581 0.42220 0.60618 0.43967 0.60263 0.47126 0.61752 0.52206 0.63046 0.57333 0.65815 0.62141 0.69599 0.66421 0.72618 0.68555 0.76205 0.69027 0.77938 0.65112 0.76397 0.58350
