4 0.66216 0.52152 0.67579 0.48464 0.68359 0.44821 0.68970 0.37986 0.69037 0.35784 0.68938 0.32606 0.68552 0.30157 0.67828 0.26848 0.66990 0.25265 0.65711 0.24072 0.64308 0.23164 0.61691 0.24075 0.59029 0.25932 0.57164 0.28887 0.55820 0.32112 0.54416 0.36737 0.53695 0.40073 0.52846 0.43703 0.52026 0.48291 0.51959 0.50493 0.52155 0.52428 0.53028 0.54972 0.55282 0.56672 0.57545 0.57588 0.59752 0.57699 0.62322 0.57405 0.64793 0.55044 0.66216 0.52152
4 0.73682 0.31042 0.70418 0.32305 0.69233 0.33972 0.69076 0.35521 0.68778 0.39257 0.67949 0.44638 0.67160 0.49065 0.67538 0.48979 0.68404 0.50418 0.69838 0.52277 0.71501 0.54815 0.74278 0.53458 0.76156 0.48598 0.77084 0.44199 0.77627 0.38454 0.77210 0.33943 0.76113 0.31832 0.73682 0.31042
4 0.21007 0.31560 0.20927 0.31227 0.20293 0.28571 0.18811 0.25124 0.16773 0.24887 0.15844 0.28183 0.15055 0.32609 0.14435 0.38031 0.14395 0.41182 0.15029 0.43838 0.15802 0.45409 0.17204 0.45205 0.18507 0.42934 0.20028 0.38800 0.21007 0.31560
4 0.49604 0.56839 0.50416 0.53034 0.49922 0.52630 0.48269 0.53729 0.45212 0.53929 0.42606 0.52946 0.40600 0.53659 0.40342 0.54244 0.38968 0.59828 0.37805 0.66555 0.37398 0.71224 0.37667 0.75388 0.39528 0.77648 0.41907 0.75736 0.44634 0.71687 0.46543 0.67786 0.48518 0.61684 0.49604 0.56839
4 0.58583 0.57949 0.57504 0.57580 0.55071 0.55687 0.53026 0.54018 0.52530 0.53604 0.52325 0.53564 0.51564 0.53416 0.50476 0.53840 0.49505 0.55867 0.49120 0.57848 0.47935 0.63945 0.47109 0.70420 0.47249 0.74877 0.48306 0.77933 0.49768 0.78535 0.53061 0.76007 0.55956 0.70719 0.57151 0.64942 0.58080 0.60533 0.58583 0.57949
4 0.77218 0.55562 0.76940 0.55508 0.76269 0.58218 0.75518 0.62820 0.74758 0.67102 0.74314 0.69390 0.74611 0.68971 0.75321 0.70847 0.76608 0.71257 0.78229 0.71413 0.79820 0.68404 0.81066 0.63104 0.81537 0.58457 0.81586 0.54513 0.81208 0.54599 0.79500 0.56005 0.77218 0.55562
4 0.90458 0.35836 0.89459 0.35800 0.87515 0.38422 0.85863 0.41746 0.84838 0.44071 0.83690 0.48119 0.82831 0.51428 0.82458 0.52627 0.82726 0.55679 0.83437 0.56453 0.85372 0.56829 0.85700 0.56257 0.87201 0.53708 0.88643 0.49240 0.89868 0.44422 0.90628 0.40140 0.90995 0.36417 0.90458 0.35836
4 0.69338 0.54348 0.67203 0.52035 0.66646 0.51927 0.64702 0.54549 0.62289 0.56613 0.60054 0.57758 0.58394 0.58548 0.57238 0.63379 0.56131 0.67594 0.55539 0.71750 0.56647 0.70853 0.56689 0.73235 0.57886 0.76318 0.59892 0.77811 0.61967 0.76000 0.64537 0.72387 0.66732 0.67757 0.68747 0.61822 0.69662 0.58205 0.70190 0.55140 0.69338 0.54348
4 0.29252 0.34584 0.29873 0.30274 0.29408 0.27492 0.27519 0.24284 0.25810 0.22372 0.24762 0.21851 0.23625 0.22891 0.21993 0.25743 0.21638 0.27571 0.20365 0.34118 0.19577 0.39656 0.19369 0.47364 0.19787 0.48557 0.21179 0.49146 0.23533 0.47388 0.26033 0.43762 0.28184 0.38965 0.29252 0.34584
4 0.19218 0.42596 0.19272 0.41971 0.17301 0.43962 0.16098 0.47205 0.15681 0.51554 0.15237 0.53841 0.14881 0.55669 0.14585 0.57191 0.14349 0.58407 0.14600 0.60830 0.15075 0.62819 0.17516 0.62817 0.19067 0.60754 0.20646 0.55210 0.22039 0.49154 0.22188 0.48388 0.19687 0.47585 0.19004 0.46667 0.19218 0.42596
4 0.50156 0.53040 0.50801 0.51576 0.51973 0.47383 0.52872 0.43128 0.53088 0.40161 0.53177 0.36384 0.53227 0.33552 0.53165 0.30531 0.52632 0.27745 0.51690 0.25188 0.50308 0.23807 0.48359 0.23110 0.46365 0.23040 0.44309 0.24379 0.42379 0.26537 0.41183 0.28996 0.39801 0.33157 0.39091 0.36814 0.38350 0.40623 0.38271 0.43608 0.38174 0.49281 0.38490 0.51716 0.39490 0.52864 0.46005 0.54438 0.50156 0.53040
4 0.38471 0.56619 0.38927 0.52437 0.38331 0.51050 0.38162 0.47858 0.37024 0.44478 0.35937 0.44893 0.33802 0.47010 0.31709 0.47080 0.30453 0.48733 0.29643 0.52529 0.28953 0.56825 0.28369 0.61291 0.27827 0.65934 0.28285 0.69499 0.30863 0.71739 0.33117 0.70121 0.35419 0.66774 0.37177 0.62536 0.38471 0.56619
4 0.76813 0.53586 0.75436 0.52524 0.74063 0.52575 0.72401 0.54466 0.70721 0.54617 0.70278 0.53577 0.70208 0.54676 0.69765 0.56954 0.68558 0.62421 0.67333 0.67239 0.66525 0.68820 0.66136 0.71913 0.66238 0.73989 0.67859 0.77463 0.69859 0.79749 0.71806 0.78230 0.73732 0.72754 0.75163 0.65761 0.76338 0.59344 0.76989 0.54882 0.76813 0.53586
4 0.82335 0.53238 0.81645 0.54207 0.81499 0.56076 0.81239 0.58876 0.81054 0.62794 0.80582 0.66337 0.80830 0.65432 0.81502 0.66039 0.82527 0.67033 0.83714 0.66470 0.84957 0.63393 0.85454 0.59378 0.85362 0.57621 0.84363 0.57586 0.83219 0.56093 0.82555 0.53590 0.82335 0.53238
4 0.29832 0.51930 0.30116 0.48985 0.29917 0.48152 0.28099 0.46061 0.27495 0.43252 0.27513 0.42788 0.26961 0.42680 0.25994 0.43595 0.24601 0.46325 0.23225 0.47487 0.22278 0.47929 0.21595 0.50329 0.20862 0.53355 0.20044 0.57935 0.19316 0.63167 0.20236 0.67299 0.20146 0.67758 0.22816 0.68436 0.24921 0.66472 0.27074 0.62778 0.28706 0.57721 0.29832 0.51930
4 0.40591 0.28722 0.38349 0.27333 0.37139 0.26154 0.35065 0.24638 0.33037 0.24721 0.31160 0.27365 0.29962 0.29815 0.28914 0.34836 0.28037 0.39721 0.27813 0.44585 0.28862 0.47312 0.32074 0.47777 0.35147 0.46010 0.37796 0.41618 0.39623 0.36282 0.40699 0.31117 0.40591 0.28722
4 0.79584 0.36731 0.77590 0.39979 0.77424 0.42340 0.76420 0.48593 0.73835 0.53007 0.74765 0.53029 0.76366 0.53658 0.77059 0.56007 0.77258 0.55728 0.78424 0.56740 0.80529 0.55888 0.82229 0.53059 0.83937 0.47223 0.85636 0.39964 0.85870 0.35420 0.84875 0.34274 0.83993 0.33635 0.81778 0.34307 0.79584 0.36731
