4 0.66329 0.49018 0.66963 0.45138 0.67033 0.41413 0.66329 0.34587 0.65975 0.32413 0.65271 0.29312 0.64425 0.26982 0.63083 0.23872 0.61958 0.22477 0.60475 0.21550 0.58925 0.20927 0.56529 0.22321 0.54271 0.24651 0.53004 0.27908 0.52300 0.31330 0.51804 0.36138 0.51733 0.39550 0.51592 0.43275 0.51663 0.47936 0.52017 0.50110 0.52579 0.51972 0.53921 0.54303 0.56458 0.55541 0.58854 0.56009 0.61042 0.55697 0.63508 0.54917 0.65483 0.52128 0.66329 0.49018
4 0.69629 0.26872 0.66667 0.28734 0.65821 0.30596 0.65963 0.32147 0.66383 0.35872 0.66596 0.41312 0.66667 0.45807 0.67021 0.45651 0.68146 0.46899 0.69908 0.48450 0.72025 0.50624 0.74492 0.48761 0.75408 0.43633 0.75479 0.39138 0.74917 0.33395 0.73646 0.29046 0.72167 0.27183 0.69629 0.26872
4 0.18021 0.37431 0.17879 0.37119 0.16750 0.34633 0.14638 0.31532 0.12592 0.31688 0.12308 0.35101 0.12379 0.39596 0.12804 0.45037 0.13367 0.48138 0.14496 0.50624 0.15554 0.52018 0.16892 0.51550 0.17738 0.49073 0.18442 0.44725 0.18021 0.37431
4 0.50917 0.56789 0.50987 0.52899 0.50425 0.52596 0.49013 0.53991 0.46050 0.54771 0.43304 0.54303 0.41471 0.55385 0.41329 0.56009 0.41046 0.61752 0.41188 0.68578 0.41679 0.73239 0.42737 0.77275 0.44996 0.79138 0.46967 0.76807 0.48871 0.72312 0.50000 0.68119 0.50775 0.61752 0.50917 0.56789
4 0.59942 0.56165 0.58813 0.56009 0.56063 0.54615 0.53738 0.53367 0.53171 0.53055 0.52963 0.53055 0.52187 0.53055 0.51200 0.53679 0.50633 0.55853 0.50633 0.57872 0.50633 0.64082 0.51058 0.70596 0.52046 0.74945 0.53667 0.77743 0.55217 0.78055 0.57967 0.74945 0.59800 0.69202 0.59871 0.63303 0.59942 0.58798 0.59942 0.56165
4 0.77779 0.50266 0.77496 0.50266 0.77354 0.53055 0.77496 0.57716 0.77567 0.62064 0.77567 0.64395 0.77779 0.63927 0.78833 0.65633 0.80175 0.65789 0.81796 0.65633 0.82783 0.62376 0.82996 0.56936 0.82571 0.52284 0.81867 0.48404 0.81512 0.48560 0.80104 0.50266 0.77779 0.50266
4 0.87013 0.28376 0.86025 0.28532 0.84617 0.31477 0.83629 0.35055 0.83067 0.37532 0.82712 0.41725 0.82500 0.45138 0.82363 0.46385 0.83208 0.49330 0.84054 0.49954 0.86025 0.49954 0.86237 0.49330 0.87225 0.46541 0.87788 0.41881 0.88071 0.36917 0.88000 0.32569 0.87650 0.28844 0.87013 0.28376
4 0.69812 0.50578 0.67275 0.48716 0.66708 0.48716 0.65300 0.51661 0.63325 0.54147 0.61350 0.55697 0.59871 0.56789 0.59658 0.61752 0.59375 0.66101 0.59588 0.70294 0.60504 0.69202 0.61000 0.71532 0.62762 0.74330 0.65017 0.75413 0.66708 0.73239 0.68542 0.69202 0.69812 0.64239 0.70658 0.58027 0.70867 0.54303 0.70800 0.51193 0.69812 0.50578
4 0.26692 0.38826 0.26479 0.34477 0.25492 0.31835 0.23025 0.29046 0.20983 0.27495 0.19854 0.27183 0.18938 0.28422 0.17879 0.31532 0.17879 0.33395 0.17879 0.40064 0.18162 0.45651 0.19429 0.53257 0.20067 0.54349 0.21546 0.54661 0.23521 0.52486 0.25283 0.48450 0.26479 0.43330 0.26692 0.38826
4 0.18371 0.48605 0.18304 0.47982 0.16750 0.50312 0.16187 0.53725 0.16608 0.58073 0.16608 0.60404 0.16608 0.62266 0.16608 0.63817 0.16608 0.65055 0.17317 0.67385 0.18162 0.69248 0.20558 0.68780 0.21688 0.66459 0.22179 0.60716 0.22392 0.54505 0.22392 0.53725 0.19783 0.53413 0.18938 0.52642 0.18371 0.48605
4 0.50733 0.52954 0.51087 0.51395 0.51438 0.47055 0.51508 0.42706 0.51154 0.39752 0.50521 0.36028 0.50029 0.33239 0.49392 0.30284 0.48337 0.27651 0.46925 0.25321 0.45304 0.24229 0.43258 0.23917 0.41287 0.24229 0.39525 0.25936 0.38042 0.28422 0.37338 0.31064 0.36775 0.35413 0.36775 0.39138 0.36775 0.43018 0.37267 0.45963 0.38254 0.51550 0.39029 0.53881 0.40229 0.54817 0.46925 0.55119 0.50733 0.52954
4 0.39946 0.58697 0.39596 0.54505 0.38746 0.53257 0.37971 0.50156 0.36208 0.47055 0.35221 0.47670 0.33529 0.50156 0.31488 0.50624 0.30571 0.52486 0.30500 0.56367 0.30642 0.60716 0.30921 0.65211 0.31275 0.69872 0.32404 0.73284 0.35362 0.74991 0.37267 0.72972 0.38887 0.69248 0.39804 0.64752 0.39946 0.58697
4 0.77004 0.48404 0.75450 0.47624 0.74113 0.47936 0.72842 0.50110 0.71221 0.50578 0.70588 0.49642 0.70729 0.50734 0.70729 0.53055 0.70588 0.58651 0.70304 0.63615 0.69812 0.65321 0.70021 0.68431 0.70517 0.70450 0.72771 0.73550 0.75171 0.75413 0.76792 0.73550 0.77638 0.67807 0.77708 0.60670 0.77638 0.54147 0.77425 0.49642 0.77004 0.48404
4 0.82358 0.47009 0.81867 0.48092 0.82079 0.49954 0.82358 0.52752 0.82925 0.56633 0.83138 0.60202 0.83208 0.59266 0.83983 0.59734 0.85179 0.60514 0.86237 0.59734 0.86871 0.56477 0.86592 0.52440 0.86167 0.50734 0.85179 0.50890 0.83771 0.49642 0.82642 0.47312 0.82358 0.47009
4 0.30571 0.55743 0.30288 0.52798 0.29933 0.52018 0.27750 0.50312 0.26621 0.47670 0.26550 0.47211 0.25987 0.47211 0.25213 0.48294 0.24367 0.51239 0.23237 0.52642 0.22392 0.53257 0.22179 0.55743 0.22037 0.58853 0.22108 0.63505 0.22392 0.68780 0.24083 0.72661 0.24083 0.73128 0.26833 0.73284 0.28525 0.70954 0.29933 0.66917 0.30571 0.61642 0.30571 0.55743
4 0.36704 0.30908 0.34237 0.29973 0.32825 0.29046 0.30500 0.27954 0.28525 0.28422 0.27187 0.31376 0.26479 0.34009 0.26408 0.39138 0.26479 0.44101 0.27187 0.48918 0.28737 0.51395 0.31979 0.51239 0.34658 0.48918 0.36421 0.44101 0.37196 0.38514 0.37267 0.33239 0.36704 0.30908
4 0.76508 0.31330 0.75171 0.34899 0.75458 0.37248 0.75667 0.43578 0.73971 0.48404 0.74887 0.48248 0.76579 0.48560 0.77708 0.50734 0.77850 0.50422 0.79187 0.51193 0.81092 0.49954 0.82221 0.46853 0.82783 0.40798 0.83067 0.33349 0.82429 0.28844 0.81233 0.27908 0.80246 0.27450 0.78200 0.28532 0.76508 0.31330
