4 0.51970 0.48085 0.51193 0.49607 0.49325 0.51750 0.46840 0.53149 0.44027 0.53050 0.43223 0.53064 0.43682 0.56220 0.44566 0.61036 0.45667 0.66597 0.46430 0.69901 0.47959 0.71236 0.50228 0.69081 0.51927 0.62870 0.52126 0.56980 0.51844 0.52307 0.51970 0.48085
4 0.84787 0.36047 0.83815 0.37872 0.83270 0.41199 0.83219 0.43917 0.84030 0.44356 0.84875 0.46905 0.86628 0.49437 0.87722 0.48970 0.89560 0.44861 0.90172 0.39724 0.90187 0.34744 0.90028 0.31430 0.88514 0.31002 0.86638 0.32697 0.84787 0.36047
4 0.52112 0.38880 0.51939 0.34811 0.49551 0.30327 0.46193 0.27517 0.43174 0.27116 0.41497 0.28959 0.39249 0.32464 0.38509 0.35947 0.37830 0.43053 0.37732 0.48935 0.39172 0.51020 0.42821 0.52918 0.46835 0.52848 0.49925 0.51739 0.51196 0.49755 0.51728 0.45674 0.52112 0.38880
4 0.84492 0.53699 0.85236 0.55949 0.86063 0.57443 0.87572 0.57416 0.90885 0.57659 0.91676 0.56891 0.91324 0.54033 0.88974 0.51511 0.87541 0.50028 0.85593 0.47646 0.85190 0.47653 0.84328 0.49931 0.83937 0.50692 0.84492 0.53699
4 0.70066 0.32379 0.69612 0.35104 0.69275 0.38727 0.68322 0.41613 0.67529 0.42228 0.66768 0.44657 0.66690 0.45867 0.67237 0.48420 0.68141 0.48557 0.70364 0.49420 0.73873 0.49212 0.75065 0.48284 0.75596 0.44350 0.75659 0.42087 0.74963 0.36819 0.73704 0.33677 0.70943 0.30708 0.70066 0.32379
4 0.51992 0.49288 0.51908 0.50349 0.51995 0.55321 0.52833 0.57269 0.54641 0.63746 0.55599 0.66123 0.56468 0.69879 0.57981 0.70306 0.61013 0.65876 0.61864 0.57111 0.61879 0.52132 0.59673 0.52017 0.55051 0.51825 0.51992 0.49288
4 0.78756 0.35545 0.77524 0.39791 0.76734 0.40559 0.75963 0.42234 0.75617 0.45558 0.75823 0.45855 0.76442 0.46751 0.77795 0.49444 0.79432 0.51377 0.80935 0.51198 0.83193 0.48295 0.83700 0.42700 0.83461 0.34862 0.82594 0.31259 0.81786 0.30819 0.79998 0.31905 0.78756 0.35545
4 0.64605 0.35792 0.63328 0.31595 0.61668 0.28607 0.59742 0.27433 0.57844 0.28067 0.55372 0.30226 0.53215 0.33127 0.52233 0.34352 0.51896 0.37976 0.51939 0.46272 0.52693 0.49275 0.55658 0.52240 0.60970 0.51700 0.64461 0.50431 0.66917 0.47371 0.67053 0.43745 0.65677 0.39697 0.64605 0.35792
4 0.87751 0.50625 0.89463 0.51655 0.89787 0.52251 0.91712 0.51895 0.93049 0.51380 0.93211 0.48153 0.92597 0.46360 0.91764 0.44675 0.89648 0.44258 0.89371 0.45471 0.88793 0.46989 0.88113 0.48209 0.87751 0.50625
4 0.80834 0.51047 0.79043 0.51985 0.78045 0.52303 0.77777 0.54270 0.77798 0.55478 0.78937 0.57420 0.81602 0.60690 0.83868 0.63821 0.85784 0.64389 0.87271 0.63308 0.86586 0.58488 0.85004 0.54297 0.82807 0.49056 0.82387 0.48156 0.82006 0.49217 0.80834 0.51047
4 0.33166 0.57765 0.33225 0.55348 0.32190 0.53557 0.29962 0.52388 0.28227 0.50910 0.27486 0.48660 0.26693 0.49281 0.24982 0.54590 0.24943 0.58209 0.25217 0.62429 0.25689 0.66345 0.26651 0.69793 0.27980 0.71131 0.31383 0.70618 0.32217 0.66531 0.32132 0.61707 0.33166 0.57765
4 0.90330 0.37305 0.90562 0.39110 0.90406 0.41682 0.90230 0.43040 0.91055 0.44233 0.92271 0.44966 0.93646 0.43281 0.94493 0.39949 0.94900 0.34509 0.94270 0.33012 0.92659 0.32592 0.91278 0.34124 0.90592 0.35038 0.90330 0.37305
4 0.77795 0.49444 0.77059 0.47495 0.76127 0.46003 0.75727 0.46009 0.75452 0.47523 0.74572 0.49046 0.71575 0.49853 0.70292 0.50930 0.69931 0.53352 0.70482 0.56206 0.71318 0.58001 0.72166 0.60555 0.73040 0.64611 0.73989 0.67311 0.75791 0.66979 0.77678 0.65885 0.78699 0.61042 0.78534 0.57427 0.78167 0.53509 0.77795 0.49444
4 0.17472 0.50043 0.15686 0.51282 0.14504 0.52511 0.13508 0.52976 0.13111 0.53136 0.12336 0.54811 0.11970 0.56927 0.12728 0.59931 0.14833 0.59894 0.15818 0.58822 0.17399 0.57286 0.18170 0.55463 0.19020 0.52432 0.18580 0.50177 0.17472 0.50043
4 0.41999 0.51878 0.39180 0.51473 0.37537 0.49392 0.37342 0.49696 0.36066 0.51380 0.34392 0.53218 0.34000 0.53679 0.34074 0.57897 0.35049 0.62104 0.36129 0.66463 0.37177 0.69008 0.38890 0.69432 0.40645 0.66384 0.41270 0.61996 0.42611 0.58201 0.42737 0.53974 0.41999 0.51878
4 0.35975 0.40369 0.35192 0.35704 0.34330 0.32402 0.32599 0.30924 0.31603 0.31395 0.30421 0.32618 0.28880 0.36416 0.28228 0.39296 0.27490 0.43080 0.27153 0.46857 0.27913 0.50014 0.29559 0.52395 0.33189 0.53239 0.35385 0.52594 0.37633 0.49090 0.37442 0.43961 0.35975 0.40369
4 0.17725 0.41589 0.16066 0.38454 0.15236 0.36960 0.13715 0.36079 0.12415 0.36402 0.11030 0.37482 0.10378 0.40362 0.10548 0.44431 0.11428 0.48793 0.12286 0.51943 0.13906 0.52822 0.16669 0.50057 0.18441 0.48064 0.18498 0.45500 0.18352 0.42939 0.17725 0.41589
4 0.69589 0.51095 0.69376 0.50345 0.67450 0.49171 0.66539 0.48886 0.64765 0.50573 0.63376 0.51658 0.61882 0.52285 0.61835 0.55455 0.62468 0.57100 0.63182 0.57842 0.64642 0.60834 0.65415 0.64897 0.65852 0.66999 0.67062 0.67131 0.68914 0.64082 0.69750 0.60296 0.69973 0.55762 0.69936 0.53653 0.69589 0.51095
4 0.24914 0.56548 0.23767 0.54158 0.22676 0.54778 0.21578 0.55251 0.20249 0.53919 0.20133 0.52860 0.19150 0.54085 0.18378 0.55908 0.17539 0.59694 0.17384 0.62265 0.17423 0.64527 0.17767 0.66931 0.21069 0.65644 0.22829 0.64411 0.24788 0.60775 0.24914 0.56548
4 0.26567 0.42042 0.25268 0.41632 0.22606 0.39110 0.21909 0.34586 0.20892 0.33238 0.19239 0.35835 0.18499 0.39920 0.18389 0.45048 0.20164 0.49264 0.20133 0.52860 0.20751 0.53910 0.21477 0.55100 0.24037 0.52344 0.25893 0.49295 0.26831 0.45508 0.26567 0.42042
