4 0.47350 0.36981 0.45685 0.32891 0.44211 0.29838 0.41882 0.28531 0.39688 0.28723 0.37508 0.32547 0.36499 0.35963 0.36277 0.42648 0.36724 0.47754 0.38928 0.52254 0.42588 0.52691 0.47195 0.52439 0.49773 0.50070 0.49729 0.47665 0.48969 0.41688 0.47350 0.36981
4 0.11297 0.39624 0.09939 0.38503 0.08581 0.37964 0.07890 0.39485 0.07983 0.42760 0.08570 0.46723 0.09819 0.49902 0.11649 0.51423 0.13626 0.50151 0.13998 0.48879 0.13379 0.46232 0.13183 0.43986 0.12577 0.41484 0.11297 0.39624
4 0.35005 0.54414 0.34713 0.52176 0.34472 0.51102 0.33221 0.51212 0.31328 0.50650 0.30046 0.49301 0.29223 0.48204 0.28999 0.48956 0.28348 0.50399 0.28009 0.51523 0.28231 0.54058 0.28295 0.56461 0.28126 0.58960 0.27915 0.59857 0.28608 0.62788 0.28811 0.65109 0.29118 0.66980 0.29945 0.68659 0.31407 0.68752 0.32944 0.67448 0.34122 0.63184 0.34665 0.60507 0.35158 0.57833 0.35005 0.54414
4 0.80664 0.48918 0.78951 0.46002 0.78345 0.45176 0.77928 0.47040 0.76933 0.48442 0.75853 0.48827 0.74087 0.48615 0.72884 0.47627 0.73335 0.48902 0.75316 0.54350 0.75674 0.55122 0.77349 0.56511 0.78886 0.58565 0.80230 0.61148 0.81697 0.62410 0.82882 0.60404 0.82981 0.57112 0.82249 0.53161 0.80664 0.48918
4 0.21255 0.38813 0.20756 0.36583 0.19195 0.35966 0.18293 0.38314 0.18015 0.43182 0.18535 0.47985 0.19869 0.52862 0.21251 0.54864 0.23029 0.53343 0.23590 0.50569 0.23070 0.45771 0.22090 0.41465 0.21255 0.38813
4 0.77440 0.29265 0.76683 0.27288 0.75624 0.26798 0.74203 0.27214 0.72395 0.29269 0.70683 0.34674 0.70419 0.37182 0.70430 0.39520 0.70563 0.42720 0.70600 0.44248 0.71278 0.45358 0.72327 0.46797 0.74102 0.48248 0.75581 0.49072 0.76825 0.48306 0.78055 0.45713 0.78410 0.42034 0.78380 0.37800 0.78089 0.34468 0.77811 0.31862 0.77440 0.29265
4 0.57325 0.51658 0.54017 0.51586 0.51924 0.50379 0.50688 0.50125 0.51081 0.54613 0.52104 0.59638 0.52984 0.63065 0.54709 0.66126 0.56099 0.67028 0.58135 0.66484 0.58616 0.61990 0.58958 0.56484 0.58249 0.52235 0.57325 0.51658
4 0.91676 0.45154 0.91004 0.46734 0.90419 0.47749 0.89240 0.48108 0.88785 0.48705 0.89713 0.49281 0.90573 0.51033 0.91017 0.53022 0.91402 0.53952 0.92979 0.55435 0.95067 0.56572 0.96375 0.56508 0.98061 0.53826 0.98072 0.52048 0.97267 0.48977 0.96092 0.46339 0.94778 0.45189 0.92899 0.44490 0.91676 0.45154
4 0.12942 0.53428 0.12515 0.55217 0.12372 0.56906 0.11760 0.58786 0.11485 0.60637 0.13008 0.61965 0.14673 0.61016 0.16270 0.58758 0.16620 0.56098 0.15473 0.52403 0.14780 0.51149 0.13536 0.51915 0.12942 0.53428
4 0.17884 0.45035 0.17839 0.42846 0.17157 0.41154 0.15762 0.40182 0.14562 0.39775 0.13855 0.40569 0.13450 0.42005 0.13331 0.43320 0.13337 0.46432 0.14258 0.49714 0.16400 0.52468 0.17942 0.54009 0.19740 0.54585 0.20283 0.53589 0.19296 0.51191 0.18417 0.48346 0.17884 0.45035
4 0.81283 0.48789 0.79880 0.47742 0.80950 0.49405 0.81460 0.50821 0.82504 0.53867 0.83015 0.55865 0.84322 0.56920 0.85307 0.58731 0.86072 0.60270 0.86603 0.59130 0.86223 0.56463 0.84988 0.51958 0.83713 0.49967 0.82998 0.48423 0.82679 0.48667 0.81283 0.48789
4 0.68586 0.28433 0.67651 0.27200 0.66542 0.26715 0.65579 0.26799 0.64389 0.28143 0.63822 0.31113 0.63323 0.35393 0.62765 0.38433 0.62732 0.40845 0.62980 0.43675 0.63781 0.46159 0.64641 0.47108 0.66467 0.48042 0.68793 0.47984 0.70441 0.46892 0.70849 0.44883 0.70729 0.41827 0.70178 0.37785 0.69401 0.33326 0.69021 0.30659 0.68586 0.28433
4 0.36335 0.38703 0.35034 0.35334 0.33126 0.33081 0.31716 0.33054 0.29925 0.34420 0.29016 0.37833 0.28503 0.43479 0.29271 0.47648 0.30680 0.49949 0.33595 0.51059 0.35465 0.50589 0.36144 0.49170 0.36236 0.44469 0.36374 0.41425 0.36335 0.38703
4 0.73442 0.49550 0.72169 0.46665 0.70919 0.45680 0.70669 0.46139 0.69572 0.47480 0.67684 0.48081 0.66930 0.48875 0.67005 0.50841 0.67730 0.55235 0.68972 0.58338 0.72053 0.61426 0.74099 0.63732 0.76477 0.64834 0.77064 0.62669 0.76430 0.58198 0.74735 0.53232 0.73442 0.49550
4 0.22027 0.61903 0.22123 0.58537 0.21857 0.55494 0.19940 0.54126 0.17924 0.54377 0.16700 0.55363 0.16283 0.57808 0.16204 0.60224 0.16211 0.61975 0.16718 0.63316 0.18251 0.63112 0.19017 0.61876 0.19573 0.61024 0.19896 0.63038 0.19645 0.64596 0.19953 0.65372 0.21497 0.64725 0.22027 0.61903
4 0.87786 0.35873 0.86962 0.37963 0.86933 0.40490 0.87152 0.42995 0.86872 0.45545 0.86647 0.46824 0.87513 0.47125 0.90086 0.47783 0.91560 0.46264 0.91820 0.42713 0.91419 0.39089 0.91184 0.35450 0.90640 0.33846 0.89480 0.33200 0.88723 0.34150 0.87786 0.35873
4 0.97470 0.30147 0.96535 0.30319 0.95198 0.31510 0.93617 0.33069 0.92155 0.35225 0.91392 0.36913 0.91392 0.38433 0.91780 0.40583 0.91780 0.42104 0.91923 0.43170 0.93548 0.43826 0.95575 0.44662 0.96726 0.45119 0.97566 0.43168 0.97849 0.40609 0.98026 0.38410 0.98271 0.36210 0.98086 0.34098 0.97775 0.31691 0.97470 0.30147
4 0.84281 0.47578 0.83319 0.48244 0.83514 0.49327 0.84943 0.51826 0.85450 0.54267 0.86101 0.56182 0.87828 0.57050 0.89627 0.58208 0.91370 0.59300 0.91940 0.57473 0.91462 0.54253 0.90403 0.50987 0.88867 0.48417 0.88485 0.47943 0.86047 0.47790 0.84281 0.47578
4 0.67164 0.54336 0.66921 0.52093 0.66669 0.49776 0.66536 0.48257 0.65107 0.48016 0.63977 0.46724 0.63486 0.47209 0.63052 0.48923 0.62562 0.49990 0.61457 0.50669 0.59963 0.51312 0.58694 0.51789 0.58503 0.52388 0.59302 0.57066 0.60062 0.59118 0.61112 0.62238 0.62809 0.65011 0.64317 0.67800 0.65957 0.68821 0.67813 0.67855 0.68778 0.63901 0.68022 0.59149 0.67164 0.54336
4 0.42527 0.55000 0.42303 0.52972 0.42098 0.52845 0.39923 0.52377 0.38655 0.51760 0.37172 0.48678 0.36815 0.48488 0.36354 0.48750 0.35966 0.49878 0.35079 0.50834 0.34752 0.51520 0.34853 0.53775 0.35018 0.56240 0.35139 0.57619 0.35149 0.59370 0.35570 0.62545 0.36141 0.66290 0.37480 0.68291 0.38966 0.69185 0.40751 0.68517 0.41602 0.66615 0.42469 0.63182 0.42593 0.60179 0.42510 0.57557 0.42527 0.55000
4 0.82364 0.30079 0.81223 0.29812 0.80055 0.32544 0.79607 0.35208 0.78883 0.36878 0.78432 0.38965 0.78616 0.41067 0.78529 0.43920 0.78441 0.45168 0.78854 0.45423 0.79783 0.47168 0.81385 0.48855 0.82642 0.48815 0.83438 0.48455 0.83778 0.45137 0.83890 0.40897 0.83893 0.34251 0.83816 0.33380 0.82983 0.30531 0.82364 0.30079
4 0.50240 0.50079 0.48767 0.51458 0.48071 0.51810 0.47310 0.52534 0.45870 0.52735 0.43514 0.52941 0.42527 0.53319 0.42686 0.55714 0.42722 0.57759 0.42555 0.59741 0.42821 0.61108 0.44096 0.65157 0.45898 0.67991 0.48145 0.68748 0.49866 0.66770 0.50662 0.62028 0.50830 0.57205 0.50784 0.53244 0.50349 0.51325 0.50240 0.50079
4 0.62244 0.39111 0.61162 0.35628 0.60137 0.32796 0.59091 0.30257 0.57893 0.28756 0.55911 0.27760 0.54010 0.27635 0.52050 0.29634 0.50478 0.33275 0.49878 0.36976 0.49537 0.39711 0.49307 0.42652 0.49603 0.46567 0.50315 0.50173 0.54890 0.51580 0.57536 0.51860 0.60388 0.51174 0.62678 0.50171 0.63349 0.46754 0.63124 0.42538 0.62244 0.39111
4 0.84096 0.35473 0.84026 0.37452 0.84101 0.41094 0.83883 0.43598 0.83969 0.46220 0.84083 0.47520 0.85168 0.47721 0.86572 0.47157 0.86970 0.44497 0.86882 0.40705 0.86750 0.38092 0.86763 0.35461 0.86393 0.33445 0.85162 0.32680 0.84403 0.33986 0.84096 0.35473
4 0.27613 0.51412 0.26631 0.52958 0.25277 0.53001 0.24424 0.52127 0.23602 0.51617 0.22770 0.53732 0.21923 0.54610 0.21839 0.55862 0.21807 0.58274 0.21892 0.60891 0.22091 0.62630 0.22556 0.64633 0.24338 0.66665 0.25062 0.66090 0.26618 0.63911 0.27385 0.61580 0.28160 0.58812 0.28409 0.56090 0.28259 0.53840 0.27941 0.51313 0.27613 0.51412
4 0.28550 0.37115 0.26364 0.33974 0.24535 0.32623 0.22879 0.31995 0.21491 0.35765 0.21498 0.40458 0.22498 0.46122 0.23656 0.51321 0.26249 0.53363 0.27962 0.51095 0.29049 0.48576 0.28929 0.43743 0.28739 0.40427 0.28550 0.37115
