4 0.72111 0.34877 0.73950 0.36015 0.75734 0.35880 0.77188 0.32717 0.76267 0.28308 0.75093 0.24267 0.73984 0.22883 0.72591 0.26035 0.71765 0.28437 0.71793 0.30245 0.72111 0.34877
4 0.25551 0.62495 0.25216 0.60105 0.25043 0.58219 0.24878 0.58037 0.23490 0.57881 0.21807 0.58208 0.20676 0.59708 0.20250 0.61178 0.19825 0.62648 0.20319 0.65859 0.21540 0.69142 0.22423 0.70358 0.23138 0.72034 0.24176 0.71725 0.24936 0.69978 0.26031 0.67629 0.26110 0.65373 0.25551 0.62495
4 0.60595 0.52482 0.60176 0.50322 0.59566 0.48520 0.58806 0.47602 0.57017 0.48375 0.56326 0.49149 0.54701 0.50107 0.52478 0.50645 0.51149 0.50797 0.50441 0.51147 0.50843 0.52884 0.51423 0.55864 0.52134 0.57861 0.52873 0.58997 0.53893 0.61254 0.55779 0.64302 0.57403 0.66334 0.59028 0.68045 0.60791 0.68128 0.61927 0.65988 0.62329 0.62067 0.61775 0.58548 0.61115 0.55156 0.60595 0.52482
4 0.36529 0.61748 0.35722 0.58596 0.35588 0.57237 0.36775 0.56364 0.37464 0.55911 0.36287 0.55180 0.34651 0.54750 0.32869 0.54563 0.31740 0.55744 0.30876 0.57619 0.31322 0.58918 0.31722 0.60975 0.32388 0.63407 0.33040 0.65093 0.33403 0.66624 0.33706 0.67525 0.33966 0.68862 0.34629 0.71934 0.35404 0.73597 0.36206 0.74722 0.37683 0.74007 0.38200 0.71346 0.38366 0.68540 0.38570 0.66260 0.37445 0.64131 0.36529 0.61748
3 0.53234 0.32573 0.50126 0.31895 0.48554 0.31455 0.46816 0.30831 0.45324 0.30482 0.44779 0.31335 0.44883 0.34196 0.47161 0.34607 0.49066 0.35090 0.52557 0.37079 0.54786 0.38567 0.57187 0.39274 0.57899 0.38281 0.57547 0.35469 0.57560 0.33545 0.55798 0.33460 0.53234 0.32573
4 0.62170 0.21659 0.61489 0.21150 0.60762 0.24066 0.59724 0.27043 0.58070 0.29178 0.57146 0.30745 0.57745 0.33829 0.57924 0.37743 0.57879 0.41166 0.58517 0.41788 0.59484 0.42774 0.62023 0.44521 0.63553 0.45077 0.66402 0.44098 0.67051 0.40449 0.66570 0.35314 0.65811 0.31407 0.64408 0.27520 0.63308 0.24853 0.62170 0.21659
4 0.67105 0.24755 0.66417 0.27875 0.66149 0.30488 0.66396 0.33749 0.66743 0.37202 0.67133 0.40541 0.68678 0.42160 0.70589 0.41683 0.72293 0.41137 0.72269 0.36020 0.71690 0.30051 0.70794 0.25103 0.70069 0.22043 0.69039 0.21070 0.67913 0.21928 0.67105 0.24755
4 0.45566 0.45693 0.45280 0.42228 0.45144 0.38200 0.44751 0.35181 0.44170 0.32519 0.41236 0.28075 0.40248 0.26986 0.38164 0.25578 0.36757 0.24998 0.34681 0.25295 0.33450 0.26280 0.32122 0.29099 0.31865 0.33098 0.32652 0.38813 0.33408 0.43362 0.35231 0.47390 0.36689 0.48920 0.38388 0.48690 0.40322 0.47664 0.42441 0.47578 0.44609 0.46093 0.45566 0.45693
4 0.26855 0.45915 0.26213 0.42945 0.25527 0.40412 0.25087 0.38150 0.24498 0.36451 0.23124 0.34369 0.21477 0.32556 0.20370 0.30850 0.19460 0.30495 0.18336 0.31033 0.18243 0.35212 0.18838 0.38937 0.20006 0.43620 0.21580 0.46723 0.23288 0.50873 0.24297 0.52388 0.26107 0.51717 0.27156 0.50125 0.27190 0.48305 0.26855 0.45915
4 0.43913 0.56150 0.43076 0.54180 0.42258 0.52632 0.41533 0.52559 0.39906 0.54163 0.38528 0.55064 0.36983 0.56432 0.35650 0.57225 0.35602 0.57980 0.35772 0.60188 0.36543 0.62491 0.37485 0.64337 0.38303 0.65884 0.38672 0.66454 0.39815 0.69005 0.41553 0.72295 0.43362 0.74611 0.45541 0.74195 0.46368 0.72099 0.46211 0.67975 0.45947 0.64292 0.45552 0.61594 0.44766 0.58546 0.43913 0.56150
4 0.34101 0.44935 0.33342 0.41028 0.32762 0.38045 0.32136 0.35820 0.31033 0.33473 0.29387 0.31658 0.27865 0.29821 0.26489 0.28061 0.25825 0.27976 0.24971 0.28570 0.24837 0.32543 0.25402 0.40436 0.26042 0.43726 0.27424 0.47512 0.28467 0.49550 0.30472 0.50862 0.32631 0.49709 0.34032 0.48575 0.34271 0.47141 0.34101 0.44935
4 0.19669 0.41550 0.18811 0.39796 0.17599 0.38218 0.17010 0.36519 0.16354 0.35473 0.15401 0.35230 0.15225 0.36652 0.15239 0.40384 0.15994 0.44932 0.16947 0.47841 0.17925 0.50212 0.19414 0.50882 0.20816 0.49116 0.21160 0.47556 0.20623 0.44460 0.19669 0.41550
4 0.31985 0.61992 0.30932 0.61235 0.29406 0.60038 0.28299 0.58332 0.27313 0.56924 0.25735 0.57123 0.25038 0.58860 0.25384 0.62633 0.26048 0.65385 0.26181 0.67066 0.26012 0.67527 0.26366 0.70019 0.27066 0.73618 0.28309 0.76683 0.29107 0.78129 0.30309 0.78322 0.31779 0.75903 0.32635 0.72322 0.33251 0.67507 0.33125 0.64863 0.31985 0.61992
4 0.67607 0.46637 0.65364 0.47073 0.63116 0.48151 0.61115 0.49500 0.60826 0.52009 0.60862 0.52856 0.61649 0.55906 0.61842 0.57896 0.62353 0.58862 0.63865 0.61983 0.65605 0.64953 0.67534 0.67885 0.69372 0.69021 0.71096 0.68580 0.71319 0.63735 0.71152 0.58219 0.69970 0.52473 0.68610 0.48469 0.67607 0.46637
4 0.15867 0.45278 0.15287 0.42296 0.15156 0.40294 0.14685 0.39532 0.13909 0.37867 0.13458 0.37210 0.12594 0.36096 0.12201 0.36066 0.11824 0.36460 0.11589 0.37573 0.12023 0.40475 0.12828 0.43948 0.13434 0.46071 0.14497 0.48211 0.15544 0.49607 0.16063 0.49614 0.16793 0.49045 0.16960 0.48906 0.16720 0.47671 0.15867 0.45278
4 0.71392 0.42486 0.68688 0.43546 0.67000 0.44513 0.67138 0.45554 0.68920 0.48729 0.69443 0.50762 0.70082 0.51386 0.71721 0.54160 0.74020 0.57342 0.76100 0.59390 0.77147 0.58121 0.77137 0.53747 0.76478 0.50354 0.75633 0.46678 0.74740 0.44077 0.73341 0.42535 0.71392 0.42486
4 0.57342 0.48259 0.57879 0.45700 0.57925 0.42278 0.57808 0.38672 0.57643 0.35503 0.57498 0.32756 0.56756 0.29274 0.56256 0.26702 0.55116 0.23829 0.53246 0.21525 0.50787 0.20190 0.48211 0.20905 0.46118 0.23445 0.45513 0.26657 0.44817 0.31061 0.44583 0.34521 0.44829 0.37780 0.45330 0.43019 0.45803 0.46448 0.46285 0.48595 0.48160 0.50258 0.51207 0.50625 0.53156 0.50674 0.55481 0.50328 0.57342 0.48259
4 0.50618 0.52394 0.50359 0.51057 0.49158 0.50865 0.47587 0.50102 0.46430 0.49473 0.45437 0.49027 0.44189 0.49589 0.42918 0.50370 0.42183 0.51579 0.42625 0.53520 0.43196 0.54796 0.44581 0.58262 0.44984 0.59997 0.45722 0.61135 0.46882 0.64110 0.48768 0.67158 0.50104 0.68704 0.50821 0.70066 0.51845 0.69015 0.52754 0.66703 0.53192 0.63631 0.52703 0.59458 0.52041 0.56386 0.50618 0.52394
