4 0.43233 0.55225 0.43583 0.52805 0.43093 0.51655 0.42047 0.50605 0.41420 0.48930 0.40300 0.49350 0.39183 0.50185 0.38347 0.50815 0.38277 0.52385 0.38067 0.54270 0.38277 0.55645 0.39673 0.56890 0.41140 0.57635 0.42537 0.57310 0.43233 0.55225
4 0.68583 0.51445 0.69350 0.48720 0.70047 0.46310 0.70187 0.44425 0.69350 0.43065 0.67533 0.43275 0.65580 0.44530 0.64183 0.46425 0.63763 0.49465 0.64603 0.51235 0.66207 0.52700 0.67883 0.53130 0.68583 0.51445
4 0.59993 0.58150 0.61040 0.56785 0.61250 0.53550 0.60063 0.52595 0.58317 0.51560 0.58177 0.50930 0.57340 0.50930 0.57060 0.51865 0.56013 0.52490 0.55383 0.52700 0.55107 0.56160 0.56000 0.57850 0.57897 0.58565 0.59993 0.58150
4 0.37717 0.50185 0.39463 0.50300 0.40720 0.49675 0.40930 0.47780 0.40860 0.45170 0.40163 0.43180 0.38557 0.41390 0.37717 0.40760 0.35903 0.41715 0.35553 0.43485 0.35623 0.45590 0.36320 0.48510 0.37717 0.50185
4 0.53283 0.52270 0.55937 0.52375 0.57263 0.52270 0.57613 0.48920 0.57960 0.45675 0.57193 0.42845 0.55167 0.41695 0.53003 0.41900 0.52097 0.43785 0.50977 0.45150 0.50210 0.47245 0.49790 0.50175 0.50350 0.51645 0.53283 0.52270
4 0.63413 0.51445 0.63623 0.48825 0.63693 0.45590 0.63833 0.43905 0.63137 0.41505 0.61670 0.41390 0.59643 0.43275 0.58667 0.45055 0.58107 0.46845 0.58177 0.49465 0.58247 0.49885 0.58387 0.51865 0.59993 0.52805 0.61530 0.52920 0.63413 0.51445
4 0.31013 0.47685 0.31993 0.48510 0.33320 0.48090 0.34157 0.46730 0.35133 0.46010 0.35343 0.43485 0.34437 0.40655 0.33040 0.39400 0.30943 0.38675 0.29130 0.38885 0.28850 0.39725 0.29200 0.43390 0.30107 0.46010 0.31013 0.47685
4 0.45190 0.52280 0.47843 0.52490 0.48960 0.51655 0.49310 0.49255 0.49590 0.47055 0.49380 0.45380 0.48400 0.43810 0.46097 0.42435 0.43793 0.42435 0.42747 0.43485 0.41907 0.44530 0.41557 0.46425 0.41837 0.49980 0.42747 0.51865 0.45190 0.52280
4 0.33597 0.55740 0.35903 0.56365 0.37647 0.56470 0.38417 0.53340 0.38417 0.50720 0.37090 0.48930 0.35973 0.47475 0.35413 0.46010 0.34157 0.46635 0.33250 0.48930 0.32900 0.49350 0.32480 0.51865 0.32340 0.54385 0.33597 0.55740
4 0.66277 0.54385 0.65997 0.51865 0.64670 0.51445 0.63623 0.50185 0.63137 0.51445 0.61810 0.52920 0.61250 0.54385 0.61040 0.55855 0.61947 0.56890 0.63833 0.56890 0.66200 0.55950 0.66277 0.54385
