4 0.02739 0.90191 0.03739 0.94087 0.04322 0.98235 0.05239 0.99492 0.06156 0.99115 0.09156 0.99743 0.12656 0.98486 0.14322 0.96601 0.16656 0.95219 0.18739 0.91322 0.20322 0.87552 0.20989 0.83781 0.19989 0.80137 0.18573 0.78503 0.17406 0.78126 0.15656 0.80388 0.14322 0.82022 0.12323 0.81896 0.09739 0.81268 0.06906 0.81645 0.04406 0.82776 0.03156 0.83027 0.03406 0.81770 0.02323 0.86923 0.02739 0.90191
4 0.18482 0.42055 0.20065 0.42557 0.22565 0.40290 0.24482 0.37022 0.25899 0.33126 0.26149 0.29104 0.24815 0.25962 0.23482 0.24956 0.21149 0.26339 0.19065 0.28727 0.18149 0.30486 0.17565 0.34005 0.17982 0.38781 0.18482 0.42055
4 0.14982 0.61033 0.17149 0.62792 0.19232 0.62792 0.20399 0.59902 0.21649 0.56760 0.22149 0.53115 0.21399 0.51355 0.19565 0.51858 0.17315 0.53492 0.16149 0.53869 0.14232 0.51481 0.13315 0.50224 0.11399 0.51230 0.10232 0.53617 0.09149 0.56760 0.08649 0.59902 0.09649 0.61661 0.12315 0.61284 0.14982 0.61033
4 0.25732 0.31240 0.26315 0.34257 0.29149 0.33503 0.31982 0.29732 0.33982 0.25962 0.34149 0.21437 0.32732 0.16912 0.30565 0.14273 0.28815 0.14525 0.26815 0.17415 0.25565 0.21940 0.25399 0.26088 0.25732 0.31240
4 0.78826 0.64803 0.79743 0.66940 0.81409 0.69202 0.85159 0.69831 0.88830 0.69454 0.92413 0.65432 0.93163 0.60404 0.93080 0.55126 0.92246 0.51355 0.91163 0.48842 0.87659 0.47710 0.84076 0.47459 0.81493 0.48339 0.79826 0.49847 0.77659 0.52863 0.76826 0.56634 0.77243 0.60153 0.78826 0.64803
4 0.19315 0.51858 0.22232 0.51481 0.24982 0.51355 0.27482 0.47333 0.27565 0.41803 0.25649 0.40038 0.22232 0.41678 0.19149 0.42180 0.18065 0.41175 0.18232 0.38781 0.16982 0.37902 0.14982 0.39410 0.13565 0.41803 0.13232 0.46831 0.14315 0.52361 0.16232 0.54120 0.19315 0.51858
4 0.63409 0.23825 0.66076 0.24956 0.68326 0.26716 0.69576 0.26716 0.69993 0.22820 0.69909 0.18672 0.69326 0.15027 0.68159 0.11382 0.66243 0.08743 0.63909 0.07863 0.61826 0.08115 0.60576 0.09874 0.60326 0.15279 0.60243 0.17918 0.60243 0.20683 0.61576 0.22694 0.63409 0.23825
4 0.08739 0.80765 0.11656 0.81393 0.13822 0.82776 0.16823 0.78880 0.18406 0.72847 0.19323 0.67443 0.19072 0.63798 0.16906 0.62290 0.14072 0.61033 0.10989 0.61284 0.08572 0.61535 0.07406 0.60656 0.04739 0.67317 0.04072 0.69579 0.03572 0.74481 0.03406 0.77497 0.03156 0.77874 0.02989 0.81393 0.04420 0.82514 0.05739 0.82399 0.08739 0.80765
4 0.72076 0.41049 0.74493 0.41426 0.78159 0.38279 0.80409 0.37273 0.82493 0.35891 0.83159 0.31366 0.82493 0.26842 0.80909 0.24454 0.79826 0.23700 0.79159 0.27219 0.78743 0.30361 0.77326 0.30863 0.74909 0.30361 0.72909 0.29607 0.71409 0.29607 0.69909 0.30989 0.69576 0.35514 0.69993 0.37902 0.72076 0.41049
1 0.02917 0.90104 0.03783 0.94902 0.03841 0.96563 0.04942 0.99093 0.05692 0.99093 0.07257 0.99618 0.09167 0.99792 0.11018 0.99180 0.12696 0.98219 0.15533 0.96300 0.16630 0.93770 0.15475 0.93858 0.13797 0.91066 0.11656 0.87918 0.10438 0.86787 0.08645 0.87224 0.05460 0.86787 0.03609 0.85300 0.02511 0.86262 0.02395 0.88093 0.02917 0.90104
4 0.33899 0.15907 0.36232 0.15656 0.40399 0.14147 0.45978 0.12131 0.45899 0.09372 0.45649 0.05853 0.44232 0.02333 0.42149 0.00574 0.40315 0.00197 0.37982 0.00825 0.36065 0.01831 0.34565 0.04973 0.33149 0.09120 0.32982 0.13519 0.33899 0.15907
4 1.00000 0.75940 0.99913 0.72847 0.98996 0.67820 0.97663 0.64300 0.94330 0.63169 0.91330 0.65432 0.90163 0.68197 0.88330 0.70082 0.84826 0.70208 0.82743 0.70082 0.82159 0.69705 0.82493 0.73852 0.84826 0.80891 0.87576 0.84661 0.91163 0.87300 0.94996 0.85415 0.97496 0.84033 1.00000 0.81792 1.00000 0.75940
4 0.51862 0.00000 0.49485 0.01077 0.47732 0.06355 0.47399 0.08869 0.47149 0.11760 0.49485 0.13142 0.52985 0.13519 0.56985 0.13896 0.60069 0.15279 0.60319 0.11005 0.59819 0.06230 0.58152 0.03213 0.55819 0.01202 0.52152 0.00000 0.51862 0.00000
4 0.78909 0.30361 0.79326 0.25333 0.78909 0.20809 0.77243 0.17541 0.75159 0.15027 0.72159 0.12765 0.70243 0.13896 0.69659 0.16912 0.69743 0.21060 0.69743 0.25082 0.70243 0.26590 0.71243 0.28601 0.74326 0.30361 0.76743 0.30486 0.78909 0.30361
1 0.11569 0.76535 0.13721 0.76847 0.15250 0.76219 0.16290 0.74541 0.17471 0.72448 0.17540 0.69934 0.16152 0.68361 0.13167 0.66164 0.09902 0.64486 0.08442 0.63650 0.06221 0.64382 0.04971 0.66164 0.04417 0.68781 0.04000 0.73284 0.05040 0.73705 0.06500 0.75066 0.08721 0.75694 0.11569 0.76535
1 0.78493 0.65180 0.80326 0.66940 0.82326 0.66940 0.85243 0.68197 0.87326 0.66940 0.88830 0.65306 0.88080 0.62290 0.89663 0.60907 0.89496 0.58896 0.87996 0.57765 0.86594 0.55902 0.84493 0.56120 0.83243 0.58142 0.84493 0.60530 0.84493 0.63672 0.82159 0.65809 0.80243 0.65055 0.79159 0.63546 0.77659 0.62290 0.78493 0.65180
4 0.79743 0.49721 0.82159 0.48087 0.85576 0.47459 0.87826 0.44945 0.87909 0.41426 0.86576 0.37147 0.84493 0.35011 0.82493 0.35765 0.80576 0.37147 0.77659 0.38153 0.75409 0.40290 0.75076 0.41803 0.74409 0.42306 0.74993 0.46454 0.76659 0.49470 0.79743 0.49721
