4 0.22198 0.39974 0.21531 0.36616 0.20600 0.34508 0.18419 0.33471 0.17491 0.33114 0.15609 0.32930 0.14982 0.34297 0.14901 0.37634 0.16413 0.43810 0.17240 0.46454 0.18083 0.48395 0.19497 0.48361 0.22251 0.47418 0.23447 0.45737 0.22960 0.42712 0.22198 0.39974
4 0.65125 0.40863 0.64446 0.35665 0.63319 0.31296 0.62291 0.28933 0.61271 0.27533 0.59334 0.25862 0.58006 0.25189 0.55071 0.24920 0.52553 0.26017 0.51342 0.27525 0.50154 0.30169 0.48453 0.34612 0.48478 0.38290 0.49132 0.43226 0.49815 0.46760 0.51160 0.48482 0.53963 0.48937 0.57534 0.48799 0.61312 0.48468 0.64266 0.47246 0.64830 0.44305 0.65125 0.40863
4 0.59293 0.51011 0.58327 0.49345 0.56859 0.48771 0.54902 0.48593 0.52236 0.48826 0.49015 0.49544 0.48370 0.49865 0.48235 0.52593 0.48717 0.56406 0.48961 0.59189 0.50133 0.62326 0.52087 0.65047 0.54824 0.66473 0.57977 0.64970 0.59079 0.60493 0.59443 0.57834 0.59633 0.53173 0.59293 0.51011
4 0.72663 0.25483 0.71262 0.24819 0.69293 0.26216 0.68358 0.28313 0.66083 0.32193 0.64507 0.32943 0.64265 0.34456 0.65118 0.37360 0.65348 0.40843 0.64981 0.42629 0.65920 0.44825 0.68174 0.45853 0.71600 0.46605 0.74916 0.45263 0.76320 0.43390 0.76420 0.38560 0.75958 0.34133 0.74844 0.29937 0.73897 0.27654 0.72663 0.25483
4 0.77420 0.32077 0.75683 0.33544 0.76171 0.36567 0.76231 0.39804 0.76429 0.42065 0.78320 0.43215 0.80128 0.43405 0.82037 0.38771 0.82972 0.35798 0.83614 0.31184 0.83772 0.28717 0.83247 0.26136 0.81437 0.25943 0.79487 0.28392 0.77420 0.32077
4 0.27728 0.63938 0.28805 0.61739 0.27523 0.58173 0.27584 0.55451 0.27942 0.53579 0.27480 0.52569 0.25701 0.51848 0.24757 0.51318 0.23705 0.51233 0.22423 0.51084 0.21027 0.53046 0.20195 0.55485 0.19750 0.58940 0.20077 0.61803 0.20894 0.66025 0.21099 0.68373 0.22211 0.69152 0.24270 0.68795 0.26616 0.66575 0.27728 0.63938
4 0.48820 0.45619 0.48513 0.41265 0.47962 0.36669 0.47295 0.33311 0.45212 0.29989 0.43361 0.27608 0.41026 0.26500 0.38683 0.26180 0.35735 0.26612 0.34331 0.28488 0.32750 0.30026 0.32247 0.33664 0.32206 0.39188 0.32414 0.42410 0.33492 0.47047 0.35104 0.49272 0.39026 0.49718 0.42255 0.49085 0.45195 0.48566 0.47883 0.47716 0.48820 0.45619
4 0.79913 0.58847 0.79459 0.55380 0.79604 0.51074 0.78733 0.48785 0.76683 0.46688 0.74637 0.46339 0.71913 0.47630 0.71308 0.48383 0.70415 0.50127 0.69864 0.52365 0.70755 0.56580 0.72368 0.58805 0.73810 0.60783 0.75683 0.63421 0.77237 0.64951 0.79435 0.64494 0.80070 0.59797 0.79913 0.58847
4 0.37676 0.62452 0.38464 0.60369 0.37738 0.57190 0.37741 0.55526 0.37642 0.54397 0.36210 0.53381 0.32364 0.52928 0.31400 0.53013 0.29364 0.53629 0.28008 0.53486 0.27455 0.53973 0.27399 0.55905 0.27969 0.59008 0.29322 0.61694 0.30502 0.64920 0.31863 0.66816 0.33368 0.67825 0.34503 0.65447 0.35775 0.63759 0.37676 0.62452
4 0.32967 0.44466 0.32269 0.40759 0.31855 0.37730 0.30495 0.35832 0.28548 0.33198 0.27216 0.30774 0.26317 0.29889 0.25119 0.30694 0.24324 0.33567 0.23704 0.37566 0.22787 0.41589 0.23224 0.44880 0.24247 0.48033 0.27059 0.49450 0.30636 0.49401 0.32265 0.48382 0.33327 0.46887 0.32967 0.44466
4 0.48745 0.61835 0.49072 0.58741 0.48819 0.54995 0.47885 0.52009 0.47801 0.51053 0.46088 0.50239 0.43687 0.50100 0.41013 0.50244 0.38317 0.51008 0.37203 0.52769 0.38045 0.58127 0.38613 0.60356 0.40042 0.63035 0.41261 0.65030 0.43296 0.66956 0.44817 0.68138 0.46611 0.68155 0.47597 0.64914 0.48745 0.61835
4 0.69236 0.59691 0.69696 0.56411 0.69947 0.53321 0.70298 0.51363 0.70214 0.49530 0.68945 0.48677 0.66607 0.47569 0.63505 0.47928 0.60550 0.49150 0.59249 0.50392 0.59522 0.53620 0.59589 0.57031 0.59496 0.58442 0.61422 0.60813 0.62567 0.62817 0.64194 0.64339 0.65440 0.64932 0.67088 0.63298 0.68685 0.61931 0.69236 0.59691
4 0.77239 0.47075 0.78340 0.48557 0.79396 0.50392 0.79617 0.52913 0.79155 0.55320 0.79477 0.56430 0.80621 0.57557 0.82188 0.59260 0.84411 0.59066 0.85107 0.55937 0.83993 0.51741 0.82384 0.47852 0.80521 0.46175 0.78635 0.45115 0.77541 0.45385 0.77239 0.47075
