4 0.26977 0.31469 0.27440 0.28076 0.27245 0.25780 0.25521 0.24090 0.24759 0.23450 0.23040 0.22664 0.22002 0.23752 0.20839 0.26881 0.20258 0.33212 0.20180 0.35982 0.20344 0.38092 0.21692 0.38520 0.24604 0.38525 0.26282 0.37325 0.26806 0.34305 0.26977 0.31469
4 0.67276 0.46285 0.68325 0.41149 0.68682 0.36651 0.68480 0.34082 0.67971 0.32427 0.66684 0.30216 0.65648 0.29147 0.62960 0.27938 0.60222 0.28155 0.58586 0.29187 0.56602 0.31300 0.53547 0.34946 0.52373 0.38432 0.51385 0.43312 0.50880 0.46876 0.51591 0.48943 0.54093 0.50285 0.57515 0.51317 0.61194 0.52235 0.64386 0.52041 0.65876 0.49444 0.67276 0.46285
4 0.58458 0.53981 0.58086 0.52091 0.56885 0.51071 0.55093 0.50266 0.52496 0.49618 0.49217 0.49248 0.48503 0.49341 0.47487 0.51877 0.46702 0.55640 0.46026 0.58350 0.46113 0.61698 0.47075 0.64907 0.49198 0.67146 0.52669 0.66751 0.55168 0.62877 0.56378 0.60481 0.58075 0.56136 0.58458 0.53981
4 0.79411 0.34197 0.78302 0.33113 0.75985 0.33793 0.74418 0.35471 0.71005 0.38399 0.69269 0.38595 0.68549 0.39947 0.68410 0.42970 0.67493 0.46339 0.66564 0.47908 0.66737 0.50290 0.68534 0.51996 0.71529 0.53822 0.75101 0.53633 0.77038 0.52319 0.78705 0.47785 0.79710 0.43448 0.80022 0.39118 0.79871 0.36651 0.79411 0.34197
4 0.81761 0.41981 0.79642 0.42802 0.79118 0.45819 0.78122 0.48900 0.77572 0.51102 0.78987 0.52805 0.80633 0.53573 0.83948 0.49813 0.85799 0.47306 0.87908 0.43153 0.88861 0.40872 0.89205 0.38260 0.87556 0.37489 0.84915 0.39170 0.81761 0.41981
4 0.24404 0.55927 0.26137 0.54199 0.26086 0.50410 0.27030 0.47856 0.27978 0.46203 0.27871 0.45097 0.26423 0.43836 0.25703 0.43028 0.24737 0.42605 0.23573 0.42047 0.21614 0.43448 0.20033 0.45482 0.18487 0.48605 0.17864 0.51418 0.17263 0.55676 0.16692 0.57963 0.17490 0.59062 0.19553 0.59394 0.22493 0.58059 0.24404 0.55927
4 0.50310 0.45473 0.51438 0.41257 0.52413 0.36732 0.52876 0.33339 0.51988 0.29520 0.51013 0.26667 0.49165 0.24859 0.47055 0.23793 0.44127 0.23242 0.42189 0.24559 0.40192 0.25498 0.38533 0.28774 0.36695 0.33984 0.35843 0.37098 0.35352 0.41834 0.36152 0.44462 0.39715 0.46161 0.42975 0.46613 0.45923 0.47080 0.48742 0.47151 0.50310 0.45473
4 0.75403 0.68103 0.76102 0.64678 0.77642 0.60654 0.77564 0.58205 0.76307 0.55555 0.74486 0.54559 0.71490 0.54894 0.70674 0.55409 0.69261 0.56767 0.68012 0.58703 0.67482 0.62979 0.68283 0.65607 0.69003 0.67947 0.69915 0.71051 0.70885 0.73004 0.73113 0.73288 0.75243 0.69053 0.75403 0.68103
4 0.34294 0.57762 0.35717 0.56048 0.36065 0.52806 0.36610 0.51234 0.36884 0.50134 0.35861 0.48708 0.32372 0.47027 0.31432 0.46793 0.29307 0.46713 0.28071 0.46137 0.27389 0.46417 0.26707 0.48225 0.26237 0.51345 0.26642 0.54325 0.26707 0.57760 0.27376 0.59995 0.28471 0.61439 0.30319 0.59560 0.32070 0.58378 0.34294 0.57762
4 0.35697 0.39222 0.36244 0.35490 0.36839 0.32491 0.36170 0.30253 0.35187 0.27129 0.34716 0.24404 0.34155 0.23274 0.32760 0.23645 0.31073 0.26103 0.29185 0.29683 0.27008 0.33187 0.26350 0.36441 0.26290 0.39755 0.28488 0.42011 0.31886 0.43130 0.33758 0.42697 0.35249 0.41629 0.35697 0.39222
4 0.44960 0.60782 0.46277 0.57963 0.47257 0.54338 0.47346 0.51211 0.47578 0.50279 0.46223 0.48952 0.43998 0.48039 0.41423 0.47305 0.38626 0.47150 0.36998 0.48452 0.36050 0.53792 0.35862 0.56084 0.36341 0.59083 0.36843 0.61366 0.38141 0.63850 0.39194 0.65463 0.40885 0.66063 0.42872 0.63319 0.44960 0.60782
4 0.65033 0.65426 0.66535 0.62474 0.67779 0.59634 0.68748 0.57897 0.69266 0.56137 0.68343 0.54917 0.66494 0.53108 0.63444 0.52437 0.60252 0.52631 0.58618 0.53382 0.57824 0.56523 0.56778 0.59770 0.56230 0.61073 0.57279 0.63943 0.57709 0.66210 0.58752 0.68178 0.59738 0.69145 0.61828 0.68137 0.63783 0.67364 0.65033 0.65426
4 0.76707 0.56102 0.77266 0.57863 0.77667 0.59942 0.77055 0.62397 0.75834 0.64522 0.75777 0.65676 0.76493 0.67115 0.77419 0.69235 0.79585 0.69775 0.81261 0.67043 0.81574 0.62713 0.81319 0.58513 0.80103 0.56320 0.78666 0.54704 0.77543 0.54603 0.76707 0.56102
