4 0.73644 0.56109 0.73785 0.59459 0.74135 0.61137 0.74898 0.63650 0.75735 0.65432 0.77200 0.64590 0.77549 0.62814 0.77756 0.61448 0.78316 0.58202 0.78316 0.53492 0.77825 0.49721 0.76015 0.48355 0.73644 0.47727 0.72738 0.48984 0.72949 0.50978 0.73156 0.53596 0.73644 0.56109
4 0.40189 0.66585 0.40884 0.63443 0.41444 0.57574 0.41164 0.52339 0.40815 0.49721 0.39771 0.48880 0.39142 0.47311 0.36495 0.48568 0.33847 0.49197 0.33218 0.50765 0.33847 0.53596 0.33916 0.55481 0.33985 0.58519 0.34753 0.62077 0.35309 0.64382 0.38098 0.67104 0.40189 0.66585
4 0.54269 0.51607 0.59164 0.51694 0.62545 0.50055 0.63469 0.47415 0.62982 0.40918 0.61796 0.36104 0.60331 0.32333 0.58451 0.30027 0.56847 0.29607 0.54545 0.31492 0.52873 0.35055 0.52036 0.38929 0.51480 0.43437 0.51691 0.48251 0.54269 0.51607
4 0.83265 0.48776 0.84240 0.43852 0.84102 0.39557 0.83055 0.36208 0.81593 0.35158 0.79989 0.36000 0.80196 0.38093 0.79989 0.41027 0.79360 0.45213 0.78873 0.46470 0.77687 0.47208 0.76015 0.47311 0.77131 0.49300 0.79084 0.51393 0.81102 0.51918 0.83265 0.48776
4 0.23600 0.48672 0.26458 0.47727 0.28756 0.45005 0.30222 0.44377 0.31335 0.43016 0.31753 0.39874 0.30916 0.35262 0.29662 0.32230 0.28200 0.29716 0.26665 0.28563 0.25342 0.30131 0.24018 0.32749 0.23251 0.36104 0.22902 0.41967 0.22902 0.47311 0.23600 0.48672
4 0.56567 0.65639 0.57822 0.59880 0.58102 0.55585 0.58102 0.52022 0.55873 0.51290 0.54127 0.51607 0.52873 0.49929 0.51411 0.48672 0.50364 0.50869 0.50436 0.53382 0.50295 0.57891 0.49876 0.59984 0.50087 0.63333 0.51342 0.65743 0.53640 0.67213 0.56567 0.65639
4 0.79011 0.46891 0.80196 0.41967 0.80476 0.36940 0.79640 0.33377 0.78804 0.30131 0.78036 0.27514 0.76571 0.26361 0.74411 0.25940 0.72320 0.29716 0.71135 0.33066 0.69880 0.35891 0.70022 0.39454 0.70996 0.42700 0.71833 0.43437 0.74342 0.45213 0.76295 0.46579 0.77131 0.48044 0.79011 0.46891
4 0.14607 0.59251 0.15724 0.60404 0.17396 0.59672 0.18302 0.57891 0.18858 0.55164 0.19000 0.51186 0.19127 0.49508 0.17964 0.49618 0.17465 0.47940 0.17185 0.48251 0.16280 0.50661 0.15095 0.54432 0.14607 0.57049 0.14607 0.59251
4 0.49527 0.61661 0.49876 0.57891 0.50156 0.54535 0.50364 0.51607 0.50364 0.48672 0.49040 0.49508 0.45833 0.50350 0.42767 0.50137 0.41582 0.50033 0.40956 0.51607 0.41095 0.55481 0.41582 0.58306 0.41651 0.60404 0.42560 0.63546 0.44720 0.65115 0.47924 0.65219 0.49527 0.61661
4 0.39840 0.48776 0.42487 0.49929 0.46182 0.50350 0.48902 0.49612 0.51127 0.48142 0.51273 0.41760 0.50644 0.36415 0.48971 0.31077 0.47298 0.29503 0.45345 0.29191 0.43396 0.30027 0.42280 0.32016 0.39978 0.38825 0.39560 0.42492 0.39422 0.46158 0.39840 0.48776
4 0.63469 0.66792 0.64724 0.62918 0.65840 0.58306 0.66258 0.55585 0.66258 0.52754 0.66116 0.50454 0.64513 0.49825 0.62422 0.49508 0.60680 0.51186 0.58451 0.52443 0.58451 0.52863 0.58171 0.57470 0.57964 0.60716 0.58309 0.64700 0.58938 0.68153 0.60680 0.69727 0.63469 0.66792
4 0.25553 0.58098 0.26596 0.54432 0.26807 0.51186 0.26665 0.47208 0.25553 0.48465 0.23880 0.48672 0.23600 0.48147 0.22695 0.47836 0.21927 0.49612 0.21858 0.52443 0.21298 0.55377 0.21229 0.57366 0.21367 0.58727 0.21578 0.61448 0.22764 0.62497 0.24156 0.61661 0.25553 0.58098
4 0.85982 0.51290 0.85236 0.49836 0.84400 0.49563 0.83473 0.49093 0.82080 0.50454 0.80895 0.51607 0.81800 0.53175 0.82149 0.56213 0.82429 0.57049 0.83404 0.59147 0.85007 0.59672 0.86611 0.57995 0.85982 0.51290
4 0.17185 0.46683 0.18145 0.49508 0.21160 0.49612 0.22695 0.47623 0.23462 0.44066 0.22971 0.40186 0.22065 0.36311 0.21298 0.34847 0.20113 0.34530 0.18509 0.35574 0.17953 0.37989 0.17465 0.42596 0.17185 0.46683
4 0.82080 0.57366 0.81662 0.52863 0.80756 0.51814 0.79920 0.51393 0.78385 0.50350 0.78316 0.50350 0.78524 0.53382 0.78247 0.56317 0.78385 0.59044 0.79084 0.61344 0.80476 0.62290 0.82149 0.61240 0.82080 0.57366
4 0.28898 0.68049 0.31407 0.64700 0.33429 0.59776 0.34055 0.53596 0.33080 0.50240 0.31825 0.49093 0.30640 0.47415 0.28756 0.47098 0.26665 0.48044 0.26876 0.50350 0.26807 0.54120 0.25829 0.58202 0.25898 0.62077 0.26109 0.65743 0.27015 0.67421 0.28898 0.68049
4 0.70091 0.49093 0.71276 0.47415 0.71553 0.43645 0.69880 0.38093 0.69462 0.35683 0.67931 0.32437 0.65698 0.31388 0.63607 0.33273 0.62422 0.36311 0.62495 0.39033 0.63331 0.42180 0.63538 0.46158 0.63189 0.49093 0.65073 0.49929 0.66604 0.50454 0.68975 0.50033 0.70091 0.49093
4 0.88676 0.40863 0.88793 0.38508 0.88676 0.35891 0.87458 0.35716 0.86295 0.37459 0.84844 0.39645 0.84204 0.41300 0.83971 0.44180 0.84320 0.46541 0.84378 0.46628 0.86295 0.48022 0.88255 0.45410 0.88676 0.40863
4 0.70298 0.69623 0.72113 0.68678 0.73367 0.63333 0.73785 0.59563 0.73367 0.55377 0.72669 0.50350 0.72113 0.47940 0.70996 0.47727 0.69044 0.49612 0.67022 0.50765 0.66535 0.50978 0.66258 0.54224 0.65978 0.57574 0.65840 0.58202 0.66815 0.63126 0.67233 0.66060 0.68836 0.68574 0.70298 0.69623
4 0.20324 0.61033 0.21091 0.58727 0.21229 0.55689 0.21367 0.52650 0.21578 0.48880 0.20185 0.49929 0.19276 0.50137 0.19138 0.51393 0.19138 0.53907 0.18651 0.56005 0.18651 0.57995 0.18720 0.58623 0.18789 0.59984 0.19349 0.61240 0.20324 0.61033
4 0.31895 0.49404 0.34055 0.49929 0.35865 0.48251 0.37956 0.47208 0.39422 0.46787 0.39629 0.43541 0.39978 0.39033 0.39702 0.36732 0.38793 0.34219 0.37887 0.30863 0.36844 0.30863 0.35240 0.32645 0.34265 0.34426 0.33287 0.36732 0.32033 0.40082 0.31127 0.43120 0.31127 0.46470 0.31895 0.49404
