4 0.50203 0.49990 0.51460 0.52920 0.52507 0.54180 0.55160 0.53025 0.57397 0.50825 0.58930 0.48000 0.59490 0.45905 0.57673 0.40455 0.56697 0.38050 0.56000 0.35955 0.54743 0.34380 0.53417 0.33125 0.51880 0.32705 0.50623 0.32705 0.48667 0.34170 0.47830 0.36265 0.47550 0.38675 0.47830 0.40245 0.47760 0.42760 0.48177 0.45695 0.48947 0.48105 0.50203 0.49990
4 0.35120 0.64965 0.36657 0.66435 0.38123 0.65805 0.40833 0.63900 0.41767 0.62150 0.41823 0.60045 0.40357 0.57425 0.38750 0.54285 0.37983 0.52395 0.36587 0.50825 0.34560 0.50510 0.33443 0.50510 0.32327 0.51875 0.32047 0.54385 0.32677 0.58680 0.33793 0.62350 0.35120 0.64965
4 0.28627 0.67480 0.30023 0.69575 0.32257 0.69890 0.33653 0.69470 0.34980 0.67060 0.35400 0.64965 0.33793 0.61405 0.32677 0.58890 0.31700 0.56275 0.29603 0.55225 0.28137 0.54490 0.27580 0.54285 0.26600 0.54595 0.26183 0.55855 0.25973 0.60045 0.26880 0.64025 0.28627 0.67480
4 0.24207 0.72615 0.24973 0.71880 0.25253 0.71250 0.24903 0.69470 0.24137 0.68005 0.23227 0.66015 0.22460 0.64650 0.21063 0.64130 0.20157 0.64130 0.19527 0.65385 0.20573 0.69260 0.21623 0.71355 0.23090 0.72615 0.24207 0.72615
4 0.64797 0.39830 0.64727 0.38150 0.64100 0.35325 0.62983 0.33125 0.61377 0.31030 0.60050 0.29775 0.58653 0.28410 0.57537 0.28095 0.56277 0.27785 0.54603 0.30190 0.54463 0.32915 0.55440 0.34695 0.56627 0.38885 0.57673 0.41400 0.58723 0.42970 0.59070 0.44435 0.59980 0.45065 0.62003 0.43810 0.63540 0.42235 0.64797 0.39830
4 0.41970 0.59815 0.42670 0.61385 0.44067 0.61595 0.46790 0.60335 0.48323 0.58870 0.50490 0.56985 0.51747 0.54995 0.51257 0.52270 0.49500 0.48300 0.48393 0.45880 0.46720 0.43580 0.45393 0.42215 0.42740 0.41380 0.40293 0.42530 0.39177 0.44625 0.38270 0.45675 0.38270 0.47975 0.38340 0.51120 0.38827 0.54365 0.41970 0.59815
4 0.69687 0.25270 0.68220 0.22335 0.67520 0.21185 0.66193 0.19195 0.65497 0.18880 0.64937 0.18880 0.64447 0.20555 0.64587 0.21915 0.65007 0.23700 0.65773 0.26000 0.66683 0.28830 0.67380 0.31450 0.68010 0.32600 0.69057 0.32810 0.70663 0.30715 0.70523 0.27680 0.69687 0.25270
4 0.27927 0.72820 0.29603 0.72195 0.29743 0.69890 0.29113 0.67585 0.27370 0.65280 0.26323 0.61615 0.24717 0.60255 0.22480 0.59625 0.22063 0.60255 0.21433 0.60460 0.22133 0.64025 0.24087 0.68840 0.26600 0.72195 0.27927 0.72820
4 0.68010 0.32390 0.67310 0.30820 0.66403 0.27680 0.65703 0.25270 0.63820 0.22335 0.62983 0.21500 0.61933 0.21605 0.60817 0.23070 0.60607 0.25375 0.60190 0.28095 0.60747 0.30190 0.62143 0.31765 0.63540 0.33860 0.64377 0.36160 0.64797 0.37210 0.65773 0.37630 0.67450 0.37210 0.68360 0.35640 0.68010 0.32390
4 0.69733 0.26000 0.70867 0.26200 0.71760 0.24430 0.71480 0.22125 0.70850 0.20345 0.70363 0.18355 0.69400 0.17200 0.67850 0.15735 0.67640 0.15735 0.67150 0.16995 0.66940 0.18670 0.67430 0.20555 0.68617 0.22965 0.69733 0.26000
