4 0.59417 0.45740 0.57506 0.40323 0.56487 0.37935 0.55754 0.35852 0.54470 0.34300 0.53122 0.33068 0.51578 0.32675 0.50321 0.32697 0.48391 0.34196 0.47591 0.36305 0.47353 0.38720 0.47660 0.40284 0.47634 0.42800 0.48102 0.45727 0.48914 0.48124 0.50203 0.49986 0.51511 0.52894 0.52579 0.54136 0.55212 0.52935 0.57410 0.50696 0.58894 0.47845 0.59417 0.45740
4 0.40488 0.57592 0.38827 0.54481 0.38027 0.52604 0.36603 0.51059 0.34571 0.50779 0.33455 0.50799 0.32362 0.52183 0.32126 0.54698 0.32831 0.58981 0.34011 0.62631 0.35383 0.65222 0.36945 0.66665 0.38401 0.66010 0.41077 0.64058 0.41980 0.62292 0.42000 0.60186 0.40488 0.57592
4 0.33995 0.61686 0.32835 0.59191 0.31812 0.56593 0.29698 0.55580 0.28218 0.54871 0.27658 0.54676 0.26684 0.55003 0.26289 0.56270 0.26152 0.60463 0.27128 0.64426 0.28935 0.67850 0.30368 0.69921 0.32607 0.70197 0.33996 0.69752 0.35280 0.67320 0.35663 0.65217 0.33995 0.61686
4 0.22720 0.65128 0.21314 0.64633 0.20408 0.64649 0.19800 0.65915 0.20914 0.69771 0.22000 0.71847 0.23489 0.73081 0.24605 0.73062 0.25359 0.72313 0.25628 0.71679 0.25247 0.69905 0.24455 0.68454 0.23510 0.66480 0.22720 0.65128
4 0.58275 0.28262 0.57153 0.27967 0.55888 0.27679 0.54257 0.30113 0.54165 0.32840 0.55172 0.34602 0.56432 0.38771 0.57522 0.41267 0.58599 0.42819 0.58972 0.44277 0.59892 0.44892 0.61893 0.43601 0.63402 0.42000 0.64617 0.39573 0.64518 0.37895 0.63842 0.35081 0.62687 0.32901 0.61044 0.30834 0.59695 0.29603 0.58275 0.28262
4 0.51834 0.54964 0.51296 0.52248 0.49470 0.48309 0.48322 0.45909 0.46608 0.43638 0.45258 0.42297 0.42591 0.41508 0.40164 0.42700 0.39085 0.44815 0.38196 0.45880 0.38236 0.48180 0.38361 0.51323 0.38905 0.54559 0.42142 0.59954 0.42870 0.61511 0.44270 0.61697 0.46971 0.60389 0.48478 0.58898 0.50612 0.56975 0.51834 0.54964
4 0.63931 0.20307 0.64094 0.21665 0.64545 0.23442 0.65352 0.25728 0.66311 0.28542 0.67054 0.31150 0.67704 0.32288 0.68754 0.32480 0.70324 0.30357 0.70131 0.27325 0.69252 0.24930 0.67734 0.22021 0.67014 0.20884 0.65653 0.18917 0.64951 0.18614 0.64391 0.18624 0.63931 0.20307
4 0.24900 0.60695 0.22652 0.60104 0.22247 0.60741 0.21620 0.60957 0.22382 0.64509 0.24419 0.69289 0.26991 0.72600 0.28328 0.73202 0.29994 0.72548 0.30094 0.70240 0.29423 0.67947 0.27640 0.65673 0.26530 0.62026 0.24900 0.60695
4 0.61436 0.21401 0.60345 0.22885 0.60175 0.25194 0.59806 0.27920 0.60399 0.30005 0.61823 0.31556 0.63256 0.33626 0.64133 0.35911 0.64571 0.36954 0.65555 0.37357 0.67224 0.36907 0.68107 0.35322 0.67700 0.32078 0.66973 0.30521 0.66011 0.27397 0.65269 0.25000 0.63335 0.22098 0.62484 0.21278 0.61436 0.21401
4 0.68825 0.16866 0.67249 0.15429 0.67039 0.15432 0.66571 0.16701 0.66391 0.18379 0.66913 0.20255 0.68142 0.22644 0.69311 0.25659 0.70448 0.25839 0.71310 0.24054 0.70990 0.21754 0.70329 0.19986 0.69808 0.18004 0.68825 0.16866
