4 0.58358 0.47947 0.59162 0.46850 0.59137 0.43875 0.58718 0.41079 0.57652 0.38287 0.55042 0.35237 0.52116 0.33628 0.50519 0.33480 0.48618 0.34030 0.47707 0.34936 0.46061 0.37350 0.45506 0.38596 0.45093 0.39972 0.45093 0.41991 0.45988 0.45448 0.46584 0.48428 0.47469 0.50612 0.48617 0.50625 0.52355 0.49966 0.56373 0.49257 0.58358 0.47947
4 0.77195 0.56750 0.76152 0.56509 0.76217 0.60537 0.76428 0.62950 0.76274 0.65317 0.76270 0.66912 0.77578 0.69872 0.78799 0.72741 0.81108 0.73289 0.83112 0.72086 0.84952 0.68356 0.84737 0.63080 0.83347 0.60450 0.80167 0.59840 0.78380 0.57816 0.77195 0.56750
4 0.72413 0.32069 0.70259 0.33619 0.69149 0.35835 0.69213 0.39438 0.69895 0.42507 0.70719 0.45558 0.70882 0.48503 0.70284 0.49569 0.72325 0.51014 0.74109 0.53039 0.75694 0.55949 0.77640 0.56037 0.78535 0.50984 0.78747 0.45312 0.77663 0.37948 0.77023 0.35936 0.74990 0.33315 0.72413 0.32069
4 0.82198 0.45443 0.80243 0.45683 0.78607 0.47356 0.78208 0.49551 0.78233 0.52527 0.77684 0.55069 0.77794 0.56114 0.79469 0.59539 0.80989 0.60865 0.83013 0.60194 0.84781 0.60092 0.85632 0.58027 0.86347 0.54391 0.86350 0.50351 0.85479 0.47845 0.83660 0.46041 0.82198 0.45443
4 0.30433 0.60531 0.28867 0.59742 0.26623 0.61202 0.25344 0.63658 0.23735 0.66281 0.23241 0.67538 0.23423 0.68571 0.25257 0.72078 0.27909 0.78205 0.29271 0.79455 0.31088 0.78814 0.31609 0.74892 0.32174 0.71603 0.32200 0.68514 0.31949 0.65473 0.31286 0.62930 0.30433 0.60531
4 0.47520 0.54538 0.46639 0.52778 0.45506 0.52023 0.43537 0.53005 0.41637 0.53980 0.39538 0.54245 0.38517 0.54530 0.38944 0.57750 0.39595 0.61040 0.41049 0.66848 0.42511 0.69885 0.44661 0.71951 0.46906 0.70495 0.47831 0.67248 0.48223 0.62178 0.48035 0.58277 0.47520 0.54538
4 0.31795 0.44336 0.31041 0.41279 0.29330 0.40091 0.26169 0.39583 0.24875 0.40341 0.23693 0.42150 0.22951 0.46850 0.22870 0.49629 0.23830 0.54675 0.24720 0.57283 0.26612 0.59499 0.29883 0.58608 0.31532 0.57037 0.33223 0.54078 0.33259 0.51843 0.32877 0.47655 0.31795 0.44336
4 0.71782 0.52390 0.68054 0.52727 0.66590 0.53730 0.65591 0.57295 0.66279 0.60060 0.66671 0.63500 0.67489 0.68141 0.68570 0.71035 0.71193 0.73762 0.73379 0.73592 0.75033 0.70425 0.76142 0.63745 0.76016 0.58977 0.75126 0.54350 0.71782 0.52390
4 0.23534 0.52172 0.22525 0.47670 0.21649 0.46760 0.20606 0.46519 0.19226 0.47187 0.18062 0.49097 0.17510 0.51640 0.17828 0.54243 0.17776 0.58403 0.18630 0.63246 0.20142 0.65745 0.22230 0.66657 0.24437 0.64987 0.25471 0.62360 0.25991 0.60034 0.25274 0.57185 0.24375 0.55324 0.23534 0.52172
4 0.68820 0.40043 0.68016 0.37524 0.67134 0.35340 0.65143 0.33776 0.63437 0.33012 0.61373 0.33056 0.59306 0.34700 0.58531 0.37602 0.58554 0.40148 0.59431 0.43503 0.59609 0.46131 0.58648 0.47575 0.58881 0.48495 0.60524 0.50120 0.63010 0.50852 0.65876 0.51301 0.68303 0.51298 0.70208 0.50752 0.70575 0.49198 0.70550 0.45797 0.69955 0.43242 0.68820 0.40043
4 0.46402 0.49415 0.46079 0.45962 0.45402 0.43741 0.44604 0.41653 0.44050 0.39730 0.43114 0.37660 0.41162 0.36299 0.39458 0.35965 0.36464 0.36388 0.34598 0.38312 0.33063 0.40603 0.32919 0.42223 0.32448 0.46025 0.32954 0.50511 0.33876 0.52904 0.34665 0.54144 0.36403 0.54688 0.39832 0.53873 0.43310 0.52940 0.45329 0.51839 0.46402 0.49415
4 0.62769 0.51104 0.57656 0.51260 0.56672 0.51754 0.56329 0.54684 0.56244 0.57039 0.56563 0.59643 0.57872 0.65052 0.58957 0.68370 0.60618 0.70097 0.62006 0.69853 0.63991 0.66948 0.65476 0.61581 0.66072 0.56051 0.65314 0.52570 0.62769 0.51104
4 0.55049 0.50660 0.52462 0.50156 0.49170 0.50527 0.47321 0.51410 0.47966 0.56269 0.48767 0.60808 0.50307 0.66706 0.52136 0.69783 0.54268 0.69727 0.55578 0.66626 0.56110 0.61533 0.56030 0.56227 0.55634 0.52362 0.55049 0.50660
4 0.39765 0.66860 0.39750 0.62718 0.39213 0.58872 0.38445 0.56138 0.36894 0.55032 0.34761 0.55088 0.32685 0.55879 0.31642 0.57657 0.31076 0.58502 0.30905 0.60767 0.31272 0.63252 0.32331 0.67640 0.33371 0.69902 0.35124 0.74168 0.36662 0.75596 0.38254 0.75316 0.39472 0.71271 0.39765 0.66860
