4 0.68557 0.33467 0.69161 0.27717 0.68890 0.23897 0.68168 0.21167 0.66132 0.18931 0.62376 0.18663 0.59145 0.20598 0.57451 0.24717 0.56356 0.27129 0.54964 0.30774 0.53891 0.34579 0.53650 0.38471 0.55988 0.40234 0.58422 0.41885 0.60186 0.42702 0.61105 0.43557 0.64555 0.43541 0.66696 0.39969 0.68557 0.33467
4 0.52345 0.62098 0.49447 0.61667 0.48321 0.65972 0.47835 0.70597 0.47079 0.72160 0.46894 0.77954 0.47012 0.81631 0.48745 0.84341 0.51188 0.85103 0.54235 0.80116 0.56380 0.74907 0.57633 0.70995 0.58592 0.66673 0.56924 0.63338 0.52345 0.62098
4 0.53517 0.34353 0.55185 0.28083 0.55934 0.23360 0.56376 0.18351 0.55951 0.14389 0.53758 0.11252 0.49665 0.10190 0.45738 0.11546 0.43343 0.14327 0.40633 0.17707 0.38987 0.22968 0.37481 0.28497 0.36583 0.33837 0.38006 0.35503 0.41171 0.36594 0.43947 0.37391 0.49927 0.38904 0.52370 0.37265 0.53517 0.34353
4 0.39310 0.22052 0.40313 0.18113 0.40790 0.14372 0.39976 0.10116 0.38225 0.06773 0.36469 0.05072 0.33532 0.05016 0.31562 0.06957 0.29123 0.11756 0.26580 0.17555 0.24960 0.22566 0.24460 0.27315 0.25257 0.30938 0.29280 0.31866 0.34472 0.31274 0.36696 0.30118 0.38259 0.27249 0.39310 0.22052
4 0.48339 0.64205 0.47661 0.62617 0.44452 0.61142 0.41305 0.60685 0.39545 0.60627 0.37754 0.62460 0.37356 0.65451 0.36462 0.76352 0.36860 0.80565 0.37184 0.83884 0.38962 0.84577 0.41536 0.81688 0.44075 0.77532 0.45958 0.72422 0.47481 0.67527 0.48339 0.64205
4 0.86881 0.36898 0.82951 0.40540 0.81449 0.44432 0.80219 0.47335 0.78910 0.50989 0.79150 0.54300 0.81164 0.57545 0.82324 0.59310 0.83699 0.59833 0.87402 0.58200 0.89644 0.52875 0.90398 0.47268 0.91291 0.40406 0.89785 0.37093 0.86881 0.36898
4 0.92603 0.63928 0.95182 0.61798 0.98948 0.50804 0.98470 0.47347 0.96481 0.47138 0.93939 0.48019 0.91124 0.49998 0.89280 0.52332 0.89289 0.53849 0.88475 0.56797 0.87170 0.58808 0.86912 0.59665 0.87564 0.62261 0.88265 0.63599 0.89643 0.64881 0.92603 0.63928
4 0.73419 0.74423 0.70714 0.73760 0.68722 0.76710 0.67995 0.78024 0.68154 0.82183 0.68266 0.84244 0.68178 0.88279 0.69242 0.92561 0.71059 0.95280 0.73449 0.94141 0.75638 0.91717 0.76185 0.88110 0.77341 0.84314 0.77788 0.80064 0.75722 0.77319 0.73419 0.74423
4 0.68231 0.75774 0.65815 0.72360 0.63390 0.69831 0.61174 0.70103 0.58053 0.71797 0.56875 0.74201 0.55807 0.78765 0.55662 0.84942 0.56196 0.91064 0.57965 0.95041 0.60552 0.96830 0.62456 0.97914 0.64317 0.96214 0.65823 0.90686 0.67973 0.83835 0.68485 0.78960 0.68231 0.75774
4 0.38555 0.59638 0.36520 0.57402 0.32768 0.55491 0.31367 0.55217 0.30023 0.57604 0.29449 0.61461 0.28701 0.68586 0.28346 0.71961 0.28490 0.77789 0.30092 0.79348 0.33345 0.76404 0.35228 0.71294 0.36502 0.66373 0.38179 0.61620 0.38555 0.59638
4 0.24955 0.21807 0.26698 0.16430 0.27438 0.14991 0.28414 0.13703 0.28878 0.10087 0.28475 0.07517 0.27582 0.06413 0.26107 0.07648 0.23909 0.10955 0.22841 0.13117 0.21676 0.15396 0.20507 0.19317 0.18769 0.25453 0.18563 0.28212 0.19124 0.29282 0.21361 0.30402 0.23410 0.30112 0.24167 0.29307 0.24618 0.25815 0.24955 0.21807
4 0.83065 0.26651 0.81082 0.23915 0.78136 0.22341 0.73312 0.24235 0.70505 0.27732 0.68942 0.33002 0.67887 0.37440 0.67476 0.40556 0.68731 0.44612 0.70649 0.47972 0.71594 0.50978 0.74453 0.51784 0.78130 0.50402 0.80197 0.45943 0.81607 0.40525 0.83039 0.34104 0.83043 0.30061 0.83065 0.26651
4 0.28745 0.56964 0.26368 0.55577 0.24183 0.56358 0.24130 0.56858 0.23395 0.61457 0.22453 0.66413 0.21762 0.71395 0.21840 0.75447 0.23867 0.76166 0.26082 0.73492 0.27711 0.69998 0.28539 0.64525 0.29117 0.59025 0.28745 0.56964
4 0.78896 0.77526 0.77267 0.78619 0.77569 0.80546 0.78261 0.82767 0.77748 0.85241 0.78291 0.88078 0.78330 0.90105 0.80060 0.89654 0.81920 0.87954 0.84446 0.86324 0.86114 0.84857 0.84468 0.82914 0.81982 0.79367 0.80047 0.77774 0.78896 0.77526
