4 0.54935 0.39661 0.57527 0.41049 0.59367 0.41678 0.60371 0.42432 0.63800 0.42055 0.65556 0.38279 0.66727 0.31617 0.66727 0.25836 0.66058 0.22066 0.65055 0.19426 0.62796 0.17415 0.59033 0.17541 0.56022 0.19803 0.54767 0.24077 0.53931 0.26590 0.52927 0.30361 0.52258 0.34257 0.52425 0.38153 0.54935 0.39661
4 0.54851 0.84787 0.57360 0.79508 0.58949 0.74104 0.59785 0.70082 0.60287 0.65683 0.58280 0.62541 0.53596 0.61787 0.50669 0.61661 0.50000 0.66060 0.50000 0.70710 0.49411 0.72344 0.49833 0.78126 0.50335 0.81770 0.52342 0.84284 0.54851 0.84787
4 0.34967 0.35328 0.36556 0.36836 0.39818 0.37590 0.42662 0.38093 0.48767 0.38973 0.51025 0.37088 0.51862 0.34071 0.52865 0.27661 0.53116 0.22885 0.53033 0.17858 0.52196 0.13962 0.49687 0.11071 0.45505 0.10443 0.41742 0.12202 0.39651 0.15219 0.37309 0.18863 0.36222 0.24268 0.35302 0.29923 0.34967 0.35328
4 0.22229 0.30109 0.23400 0.33628 0.27498 0.34131 0.32600 0.33000 0.34691 0.31617 0.35945 0.28601 0.36447 0.23322 0.37033 0.19300 0.37116 0.15530 0.35862 0.11382 0.33771 0.08240 0.31847 0.06732 0.28920 0.06984 0.27164 0.09120 0.25240 0.14147 0.23316 0.20180 0.22229 0.25333 0.22229 0.30109
4 0.40796 0.85038 0.42636 0.85541 0.44895 0.82399 0.46985 0.78000 0.48324 0.72721 0.49327 0.67694 0.49833 0.64300 0.48993 0.62792 0.45647 0.61661 0.42469 0.61535 0.40713 0.61661 0.39124 0.63672 0.39040 0.66689 0.39291 0.77623 0.40127 0.81770 0.40796 0.85038
4 0.84542 0.56257 0.88055 0.54246 0.89727 0.48716 0.89891 0.43060 0.90062 0.36142 0.88218 0.33005 0.85309 0.33115 0.81782 0.37147 0.80695 0.41175 0.79775 0.44191 0.78855 0.47962 0.79440 0.51230 0.81782 0.54246 0.83120 0.55880 0.84542 0.56257
4 0.88975 0.52738 0.87887 0.54874 0.87720 0.55754 0.88640 0.58268 0.89476 0.59525 0.90982 0.60656 0.93825 0.59399 0.96167 0.57011 0.98764 0.45683 0.97927 0.42295 0.95927 0.42295 0.93491 0.43437 0.90898 0.45700 0.89309 0.48213 0.89476 0.49721 0.88975 0.52738
4 0.77935 0.91448 0.79858 0.88809 0.80025 0.85164 0.80778 0.81268 0.80778 0.76995 0.78436 0.74481 0.75844 0.71842 0.73084 0.71465 0.71411 0.74607 0.70825 0.75989 0.71418 0.80109 0.71745 0.82148 0.72080 0.86169 0.73585 0.90317 0.75676 0.92831 0.77935 0.91448
4 0.65389 0.95470 0.67396 0.96350 0.69069 0.94465 0.69989 0.88809 0.71411 0.81770 0.71411 0.76869 0.70825 0.73727 0.68065 0.70585 0.65389 0.68322 0.63215 0.68825 0.60287 0.70836 0.59367 0.73350 0.58782 0.78000 0.59284 0.84158 0.60455 0.90191 0.62629 0.93962 0.65389 0.95470
4 0.31513 0.79885 0.33269 0.81268 0.36196 0.78000 0.37535 0.72721 0.38287 0.67694 0.39458 0.62792 0.39625 0.60781 0.37367 0.58770 0.33436 0.57262 0.32015 0.57137 0.30927 0.59650 0.30760 0.63546 0.30760 0.70710 0.30760 0.74104 0.31513 0.79885
4 0.16458 0.31617 0.17127 0.32623 0.19469 0.33503 0.21476 0.33000 0.22145 0.32120 0.22229 0.28601 0.22145 0.24579 0.23316 0.19049 0.23902 0.17541 0.24738 0.16158 0.24822 0.12514 0.24153 0.10000 0.23149 0.08995 0.21811 0.10377 0.19971 0.13896 0.19135 0.16158 0.18215 0.18546 0.17462 0.22568 0.16375 0.28853 0.16458 0.31617
4 0.74505 0.49219 0.78018 0.47459 0.79607 0.42809 0.80444 0.37273 0.81196 0.30738 0.80778 0.26716 0.80444 0.23322 0.78185 0.20809 0.75091 0.19552 0.70491 0.21940 0.68065 0.25710 0.67062 0.31115 0.66476 0.35639 0.66393 0.38781 0.68065 0.42683 0.70324 0.45825 0.71578 0.48716 0.74505 0.49219
4 0.24655 0.78251 0.26745 0.78754 0.28669 0.75863 0.29924 0.72219 0.30175 0.66689 0.30175 0.61158 0.29589 0.59147 0.27080 0.58016 0.24989 0.59022 0.24989 0.59525 0.24738 0.64175 0.24320 0.69202 0.24153 0.74230 0.24655 0.78251
4 0.85713 0.84410 0.88055 0.82525 0.89560 0.80891 0.87720 0.79131 0.84876 0.75863 0.82785 0.74481 0.81615 0.74355 0.80109 0.75612 0.80611 0.77497 0.81531 0.79634 0.81280 0.82148 0.82116 0.84913 0.82367 0.86923 0.84040 0.86295 0.85713 0.84410
