4 0.65916 0.41178 0.66158 0.37718 0.66306 0.33067 0.66110 0.29816 0.64984 0.29245 0.63174 0.28877 0.61019 0.29528 0.60284 0.29994 0.60284 0.32049 0.60626 0.34460 0.60677 0.37350 0.60332 0.40521 0.60235 0.41920 0.61216 0.43037 0.62977 0.43773 0.65084 0.43037 0.65916 0.41178
4 0.60919 0.58589 0.61410 0.54669 0.61558 0.50577 0.61803 0.46387 0.61997 0.44528 0.61558 0.43491 0.60871 0.43037 0.59255 0.42472 0.57200 0.44239 0.56513 0.44423 0.56758 0.46472 0.57052 0.48705 0.56955 0.51043 0.57152 0.53466 0.57397 0.55601 0.57884 0.58018 0.59255 0.58951 0.60919 0.58589
4 0.28510 0.44055 0.30026 0.44528 0.30665 0.42374 0.31348 0.39871 0.32574 0.38104 0.33552 0.37067 0.33797 0.35117 0.33797 0.32227 0.33797 0.30932 0.31497 0.31018 0.28952 0.31675 0.26845 0.32601 0.25426 0.32798 0.25377 0.33344 0.25965 0.36417 0.26503 0.39491 0.27335 0.42374 0.28510 0.44055
4 0.53284 0.44344 0.55535 0.44613 0.57297 0.43773 0.58716 0.43221 0.59894 0.41638 0.60332 0.39871 0.60774 0.36233 0.60381 0.32601 0.59845 0.30558 0.59403 0.29442 0.57445 0.29337 0.54410 0.29442 0.52548 0.29816 0.51226 0.30362 0.50932 0.31761 0.50787 0.36601 0.51081 0.39767 0.51765 0.42932 0.53284 0.44344
4 0.54900 0.59883 0.55535 0.58123 0.56465 0.55049 0.56906 0.52528 0.57103 0.49650 0.56858 0.46387 0.56810 0.44423 0.56026 0.44804 0.54606 0.45074 0.53723 0.44528 0.52403 0.43491 0.51571 0.43037 0.51274 0.44528 0.51374 0.47123 0.51177 0.50117 0.50981 0.51969 0.51374 0.54945 0.51913 0.56718 0.52890 0.58669 0.54900 0.59883
4 0.41190 0.42472 0.42413 0.44613 0.44668 0.45172 0.46477 0.45356 0.48435 0.44804 0.49710 0.43307 0.50394 0.40988 0.50494 0.37638 0.50590 0.35018 0.50200 0.32049 0.50003 0.31577 0.47603 0.30644 0.45597 0.29632 0.43539 0.29528 0.41777 0.29166 0.41335 0.30092 0.40994 0.31761 0.40797 0.34564 0.40994 0.40055 0.41190 0.42472
4 0.69635 0.38650 0.69929 0.34834 0.70026 0.32982 0.69000 0.31865 0.66990 0.30748 0.66013 0.31110 0.66158 0.31945 0.66355 0.35215 0.66258 0.37067 0.66061 0.39687 0.66306 0.41540 0.66990 0.42472 0.68119 0.43411 0.69439 0.42006 0.69635 0.38650
4 0.48926 0.58399 0.49855 0.57282 0.50345 0.54669 0.50835 0.51595 0.51177 0.48245 0.51423 0.45540 0.51471 0.42761 0.50981 0.41724 0.50200 0.41816 0.49416 0.43221 0.48877 0.44153 0.47310 0.44890 0.45794 0.45172 0.44961 0.45644 0.45010 0.48055 0.45010 0.50117 0.45203 0.53466 0.45352 0.56350 0.45939 0.58399 0.47800 0.59601 0.48926 0.58399
4 0.66061 0.58018 0.66990 0.56632 0.67187 0.52816 0.67481 0.49276 0.67090 0.44239 0.66452 0.42104 0.65719 0.42656 0.64494 0.43411 0.63174 0.43687 0.62048 0.44153 0.61948 0.45460 0.61703 0.48429 0.61558 0.51233 0.62145 0.52626 0.63613 0.54295 0.64594 0.56061 0.65277 0.57552 0.66061 0.58018
4 0.35071 0.41920 0.36294 0.43589 0.38300 0.44344 0.40016 0.43957 0.40748 0.41920 0.40897 0.39301 0.40603 0.36135 0.40748 0.33448 0.40652 0.31018 0.40310 0.29166 0.38645 0.29061 0.36881 0.29337 0.35755 0.29902 0.34726 0.30748 0.34384 0.31761 0.33945 0.35951 0.33945 0.38650 0.35071 0.41920
4 0.44129 0.59239 0.44813 0.55515 0.44961 0.51509 0.44861 0.47313 0.44568 0.45270 0.43490 0.44705 0.41926 0.44153 0.41484 0.42932 0.40945 0.42190 0.40406 0.42571 0.39819 0.43877 0.38694 0.44528 0.38890 0.45460 0.39184 0.47877 0.39184 0.50847 0.39329 0.53466 0.39671 0.57006 0.40503 0.58767 0.42413 0.60068 0.44129 0.59239
4 0.30565 0.55135 0.32181 0.54945 0.33210 0.52350 0.33700 0.47963 0.34090 0.44613 0.34190 0.41638 0.34190 0.39117 0.33161 0.38466 0.31839 0.38933 0.30616 0.42656 0.30026 0.44528 0.29539 0.45460 0.29342 0.47313 0.29390 0.50479 0.29342 0.53086 0.30565 0.55135
4 0.36342 0.60908 0.38155 0.60068 0.38890 0.57282 0.39281 0.54202 0.39132 0.49362 0.39035 0.46196 0.38694 0.44153 0.37174 0.43773 0.35755 0.42840 0.34923 0.41074 0.34384 0.40804 0.34287 0.43037 0.33742 0.47055 0.33742 0.48528 0.33258 0.51969 0.33210 0.55233 0.33552 0.58123 0.34581 0.60252 0.36342 0.60908
