4 0.41916 0.51421 0.42942 0.53190 0.43583 0.54350 0.44575 0.54906 0.45184 0.54906 0.46017 0.53897 0.46498 0.51975 0.46466 0.49148 0.46337 0.47128 0.45922 0.45916 0.45377 0.45106 0.44769 0.44904 0.44095 0.45106 0.42781 0.46470 0.42333 0.47936 0.41852 0.49704 0.41916 0.51421
4 0.39802 0.49401 0.40634 0.50461 0.41500 0.51118 0.41564 0.51017 0.41852 0.50562 0.41852 0.49249 0.42300 0.47431 0.42845 0.46167 0.43647 0.45461 0.43870 0.45005 0.43742 0.44148 0.43455 0.43288 0.42942 0.42630 0.42461 0.42530 0.41659 0.43037 0.40795 0.44096 0.39577 0.46975 0.39545 0.48340 0.39802 0.49401
4 0.65206 0.28951 0.65622 0.28515 0.65852 0.27278 0.65991 0.24296 0.65438 0.22187 0.63961 0.21022 0.62114 0.20877 0.61745 0.21387 0.61792 0.23204 0.61930 0.25970 0.61792 0.27788 0.62022 0.28879 0.63038 0.29535 0.64283 0.29535 0.65206 0.28951
4 0.46980 0.55057 0.47748 0.56978 0.49127 0.56877 0.50055 0.56219 0.50536 0.54148 0.50889 0.52076 0.50856 0.49805 0.50856 0.47682 0.50697 0.46773 0.50183 0.46219 0.48838 0.45865 0.47748 0.45865 0.46530 0.46017 0.46434 0.47633 0.46498 0.50209 0.46594 0.52229 0.46980 0.55057
4 0.68575 0.26261 0.68391 0.24441 0.67283 0.23424 0.66406 0.23204 0.65667 0.23714 0.65759 0.25387 0.65806 0.27714 0.65898 0.28589 0.66914 0.30042 0.67652 0.30261 0.68391 0.28660 0.68575 0.26261
4 0.48641 0.27133 0.49056 0.28805 0.50994 0.29970 0.52055 0.30187 0.54409 0.29461 0.54778 0.29025 0.54916 0.26116 0.55239 0.23569 0.55102 0.21315 0.54178 0.20732 0.51963 0.20951 0.50072 0.21170 0.49564 0.21606 0.49148 0.21677 0.48272 0.22768 0.48317 0.24515 0.48641 0.27133
4 0.59348 0.53037 0.59733 0.55007 0.60533 0.56069 0.61462 0.56271 0.62456 0.55057 0.62969 0.51724 0.63194 0.47936 0.63066 0.46067 0.62136 0.45510 0.60245 0.45510 0.59508 0.46118 0.59252 0.47076 0.59316 0.48946 0.59348 0.50916 0.59348 0.53037
4 0.43011 0.29170 0.43703 0.27498 0.43334 0.25096 0.43195 0.24224 0.41997 0.24805 0.40889 0.25096 0.39966 0.26406 0.40427 0.28515 0.40981 0.30042 0.41950 0.30335 0.43011 0.29170
4 0.47164 0.29244 0.48087 0.28370 0.48225 0.25970 0.48272 0.23569 0.47856 0.22406 0.46056 0.22552 0.44580 0.23059 0.43334 0.24224 0.43473 0.26842 0.43934 0.28660 0.45180 0.29680 0.47164 0.29244
4 0.51209 0.52786 0.51497 0.54350 0.51722 0.55766 0.52716 0.56473 0.53933 0.56623 0.54798 0.55158 0.54991 0.51370 0.55086 0.47884 0.54953 0.45911 0.53836 0.45764 0.53036 0.45813 0.51850 0.46067 0.51469 0.46281 0.51048 0.46724 0.50953 0.47734 0.51048 0.49552 0.51209 0.52786
4 0.55537 0.56483 0.56884 0.57190 0.57973 0.56584 0.58806 0.55017 0.59191 0.51177 0.59191 0.49360 0.59319 0.47441 0.58711 0.46936 0.57236 0.46581 0.55858 0.46532 0.55506 0.46884 0.55186 0.48502 0.55089 0.51532 0.55089 0.54259 0.55537 0.56483
4 0.56716 0.29825 0.58055 0.29897 0.59716 0.29751 0.60730 0.29535 0.61377 0.28805 0.61884 0.26261 0.61930 0.23133 0.61608 0.21241 0.61053 0.19860 0.59484 0.19640 0.57223 0.19931 0.55886 0.20441 0.55470 0.21897 0.55147 0.24079 0.55147 0.26842 0.55423 0.29025 0.56716 0.29825
4 0.37742 0.46564 0.38544 0.47953 0.39238 0.49091 0.39559 0.48628 0.39452 0.46985 0.39933 0.45680 0.40520 0.44502 0.40894 0.43535 0.40761 0.42355 0.40200 0.41682 0.39452 0.41303 0.39184 0.41515 0.38303 0.42355 0.37583 0.43576 0.37342 0.44840 0.37742 0.46564
4 0.68673 0.46926 0.68994 0.46370 0.69570 0.45461 0.70019 0.43692 0.69538 0.41773 0.68866 0.40663 0.67936 0.40106 0.66975 0.40057 0.66205 0.40914 0.65244 0.41520 0.63706 0.42429 0.63417 0.43845 0.64411 0.44956 0.65116 0.45965 0.65628 0.47835 0.65948 0.49552 0.66205 0.51017 0.66333 0.51522 0.66911 0.51623 0.67903 0.50411 0.68512 0.48793 0.68673 0.46926
4 0.66013 0.54099 0.66205 0.51672 0.65661 0.48239 0.65116 0.46320 0.64539 0.44956 0.63642 0.44552 0.62520 0.44601 0.62520 0.45562 0.62809 0.46268 0.63097 0.46672 0.63289 0.47985 0.62969 0.50512 0.63033 0.52532 0.63194 0.54148 0.64058 0.55057 0.65244 0.55362 0.66013 0.54099
