4 0.46465 0.51914 0.46481 0.49086 0.46388 0.47065 0.45994 0.45846 0.45463 0.45026 0.44858 0.44813 0.44182 0.45004 0.42844 0.46345 0.42370 0.47802 0.41858 0.49562 0.41892 0.51280 0.42888 0.53066 0.43508 0.54237 0.44490 0.54811 0.45100 0.54822 0.45950 0.53826 0.46465 0.51914
4 0.42346 0.47297 0.42913 0.46043 0.43727 0.45350 0.43958 0.44899 0.43845 0.44040 0.43573 0.43175 0.43072 0.42508 0.42592 0.42399 0.41782 0.42893 0.40900 0.43936 0.39631 0.46794 0.39576 0.48158 0.39814 0.49224 0.40628 0.50297 0.41482 0.50970 0.41548 0.50870 0.41843 0.50419 0.41866 0.49107 0.42346 0.47297
4 0.62620 0.21093 0.62243 0.21596 0.62258 0.23414 0.62347 0.26182 0.62178 0.27997 0.62389 0.29092 0.63393 0.29765 0.64638 0.29787 0.65571 0.29219 0.65995 0.28791 0.66246 0.27558 0.66437 0.24579 0.65921 0.22461 0.64465 0.21270 0.62620 0.21093
4 0.50860 0.49820 0.50897 0.47698 0.50753 0.46786 0.50249 0.46223 0.48910 0.45845 0.47821 0.45826 0.46600 0.45957 0.46476 0.47571 0.46495 0.50148 0.46555 0.52169 0.46892 0.55003 0.47627 0.56937 0.49007 0.56861 0.49946 0.56219 0.50463 0.54157 0.50853 0.52092 0.50860 0.49820
4 0.66193 0.27994 0.66270 0.28869 0.67260 0.30340 0.67993 0.30572 0.68760 0.28984 0.68986 0.26589 0.68834 0.24766 0.67744 0.23729 0.66871 0.23495 0.66124 0.23992 0.66187 0.25665 0.66193 0.27994
4 0.55332 0.26205 0.55700 0.23664 0.55601 0.21409 0.54688 0.20809 0.52469 0.20989 0.50575 0.21176 0.50060 0.21603 0.49643 0.21667 0.48747 0.22742 0.48762 0.24489 0.49040 0.27113 0.49426 0.28792 0.51343 0.29991 0.52400 0.30226 0.54767 0.29541 0.55143 0.29111 0.55332 0.26205
4 0.63228 0.48167 0.63132 0.46295 0.62213 0.45722 0.60322 0.45689 0.59574 0.46285 0.59301 0.47238 0.59333 0.49109 0.59331 0.51079 0.59294 0.53200 0.59644 0.55177 0.60425 0.56252 0.61351 0.56470 0.62366 0.55273 0.62937 0.51950 0.63228 0.48167
4 0.40379 0.26235 0.40803 0.28351 0.41331 0.29888 0.42294 0.30197 0.43375 0.29051 0.44097 0.27391 0.43770 0.24984 0.43646 0.24109 0.42438 0.24670 0.41325 0.24941 0.40379 0.26235
4 0.45051 0.22969 0.43785 0.24112 0.43879 0.26732 0.44308 0.28558 0.45535 0.29599 0.47527 0.29197 0.48465 0.28339 0.48645 0.25943 0.48733 0.23543 0.48338 0.22373 0.46536 0.22487 0.45051 0.22969
4 0.54966 0.51456 0.55122 0.47973 0.55024 0.45998 0.53909 0.45831 0.53109 0.45866 0.51918 0.46099 0.51533 0.46307 0.51105 0.46743 0.50992 0.47751 0.51056 0.49570 0.51161 0.52806 0.51421 0.54375 0.51621 0.55795 0.52602 0.56519 0.53817 0.56691 0.54708 0.55241 0.54966 0.51456
4 0.59362 0.47604 0.58763 0.47088 0.57295 0.46708 0.55917 0.46635 0.55560 0.46981 0.55211 0.48593 0.55062 0.51621 0.55014 0.54347 0.55424 0.56578 0.56758 0.57309 0.57857 0.56722 0.58717 0.55170 0.59169 0.51338 0.59200 0.49520 0.59362 0.47604
4 0.62397 0.23345 0.62108 0.21448 0.61577 0.20057 0.60013 0.19810 0.57747 0.20062 0.56401 0.20548 0.55960 0.21996 0.55598 0.24173 0.55550 0.26936 0.55789 0.29122 0.57067 0.29945 0.58404 0.30040 0.60068 0.29924 0.61085 0.29725 0.61745 0.29007 0.62297 0.26472 0.62397 0.23345
4 0.40618 0.44338 0.41008 0.43377 0.40896 0.42195 0.40347 0.41513 0.39605 0.41120 0.39334 0.41327 0.38438 0.42152 0.37697 0.43361 0.37434 0.44620 0.37804 0.46351 0.38581 0.47754 0.39255 0.48903 0.39585 0.48446 0.39506 0.46802 0.40010 0.45505 0.40618 0.44338
4 0.68106 0.40420 0.67146 0.40354 0.66361 0.41198 0.65389 0.41787 0.63836 0.42669 0.63522 0.44080 0.64497 0.45208 0.65184 0.46230 0.65664 0.48108 0.65954 0.49830 0.66185 0.51300 0.66304 0.51807 0.66880 0.51918 0.67893 0.50724 0.68531 0.49116 0.68724 0.47252 0.69054 0.46702 0.69647 0.45803 0.70126 0.44043 0.69678 0.42116 0.69026 0.40993 0.68106 0.40420
4 0.62613 0.44820 0.62596 0.45781 0.62872 0.46493 0.63153 0.46902 0.63322 0.48217 0.62958 0.50739 0.62987 0.52759 0.63119 0.54377 0.63967 0.55301 0.65148 0.55627 0.65939 0.54377 0.66173 0.51955 0.65689 0.48513 0.65177 0.46585 0.64625 0.45210 0.63735 0.44791 0.62613 0.44820
