4 0.65590 0.54730 0.66496 0.52612 0.66300 0.47544 0.64455 0.41772 0.63167 0.38131 0.62236 0.34631 0.61237 0.32100 0.59778 0.30588 0.57566 0.29944 0.55055 0.30208 0.52337 0.32772 0.50880 0.35032 0.50493 0.38323 0.50533 0.41917 0.51265 0.47281 0.51655 0.52591 0.53284 0.55755 0.56305 0.56583 0.60611 0.56214 0.63394 0.55838 0.65590 0.54730
4 0.18717 0.44356 0.18576 0.40862 0.17513 0.38779 0.15850 0.36931 0.14124 0.35537 0.13307 0.35797 0.13302 0.37903 0.13042 0.41880 0.13422 0.47108 0.15911 0.57907 0.17440 0.60114 0.18600 0.61484 0.20860 0.60984 0.21052 0.58506 0.19382 0.52799 0.18944 0.48633 0.18717 0.44356
4 0.21252 0.64713 0.21168 0.61214 0.20426 0.61097 0.18313 0.61425 0.18293 0.61779 0.18039 0.64174 0.17621 0.67201 0.17781 0.71396 0.18434 0.75456 0.19300 0.79929 0.21222 0.79464 0.22540 0.77482 0.22909 0.74019 0.22295 0.69782 0.21252 0.64713
4 0.74470 0.33669 0.72179 0.29609 0.71225 0.28045 0.69756 0.27495 0.68128 0.29158 0.66055 0.32537 0.64641 0.36808 0.64468 0.39988 0.64632 0.42602 0.65787 0.46078 0.66283 0.48132 0.66541 0.50038 0.66807 0.52026 0.68110 0.54789 0.70065 0.55108 0.73114 0.55140 0.76018 0.54310 0.76804 0.52115 0.76880 0.50180 0.76702 0.47389 0.76150 0.43235 0.75594 0.37942 0.74470 0.33669
4 0.24691 0.61458 0.22356 0.61787 0.20896 0.62382 0.21097 0.64294 0.21797 0.67203 0.22331 0.70130 0.22771 0.73771 0.22970 0.75152 0.23573 0.77636 0.24684 0.78575 0.25440 0.77702 0.26438 0.76983 0.27252 0.74004 0.26850 0.70180 0.26331 0.65235 0.26465 0.62238 0.26419 0.61802 0.24691 0.61458
4 0.50610 0.58231 0.51769 0.55830 0.51560 0.51177 0.51451 0.46384 0.50218 0.41073 0.49769 0.37344 0.48677 0.34475 0.47781 0.32374 0.46289 0.29386 0.42927 0.27533 0.40854 0.27661 0.38951 0.29442 0.37355 0.32504 0.36690 0.35294 0.36459 0.39005 0.37184 0.48057 0.38179 0.53220 0.38767 0.56666 0.39990 0.59174 0.43186 0.59654 0.46887 0.58650 0.50610 0.58231
4 0.75599 0.59443 0.75325 0.55784 0.74583 0.54633 0.72424 0.55034 0.69693 0.55321 0.67982 0.54623 0.66924 0.53684 0.66762 0.54841 0.66682 0.57832 0.66630 0.60558 0.66532 0.63379 0.66463 0.64877 0.67600 0.68182 0.68774 0.71829 0.70062 0.75470 0.71821 0.78268 0.73438 0.78623 0.75248 0.76506 0.75940 0.73450 0.76252 0.66748 0.76053 0.63255 0.75599 0.59443
4 0.85605 0.31711 0.83139 0.32406 0.82389 0.34943 0.82261 0.38029 0.82569 0.41505 0.83057 0.45056 0.83512 0.48869 0.83842 0.52521 0.84813 0.53732 0.86823 0.54576 0.88848 0.54536 0.89835 0.49958 0.90302 0.47976 0.90778 0.42837 0.90571 0.39261 0.89733 0.35048 0.87870 0.32350 0.85605 0.31711
4 0.39835 0.59515 0.37882 0.59720 0.35666 0.60126 0.34493 0.61305 0.34851 0.64161 0.35598 0.67507 0.36187 0.69903 0.36500 0.71272 0.37568 0.76076 0.39587 0.81304 0.40590 0.81730 0.42549 0.78362 0.43263 0.73371 0.43408 0.67742 0.43230 0.63895 0.42294 0.60396 0.41750 0.59487 0.39835 0.59515
4 0.49709 0.59527 0.49487 0.59025 0.47796 0.59030 0.44885 0.59246 0.42484 0.59499 0.42509 0.60284 0.43240 0.62933 0.43646 0.64644 0.44482 0.69383 0.45137 0.71861 0.46322 0.75072 0.47768 0.77551 0.49969 0.77582 0.50721 0.73464 0.50351 0.68855 0.50386 0.63925 0.49816 0.61097 0.49709 0.59527
4 0.66889 0.57107 0.66829 0.53868 0.66581 0.53631 0.66197 0.54286 0.64139 0.55642 0.61750 0.55982 0.58744 0.56388 0.57830 0.57361 0.57608 0.57909 0.57770 0.59998 0.58661 0.65262 0.60193 0.70715 0.61589 0.75394 0.62981 0.76304 0.64434 0.75095 0.65996 0.71161 0.66277 0.65774 0.66715 0.60812 0.66889 0.57107
4 0.78397 0.54937 0.76770 0.53437 0.75954 0.53702 0.74910 0.55040 0.75474 0.56646 0.75855 0.59767 0.76210 0.64205 0.76267 0.67444 0.76228 0.69733 0.77133 0.71917 0.79076 0.73735 0.81457 0.72781 0.82289 0.71023 0.82587 0.66344 0.82334 0.62332 0.81904 0.57724 0.81947 0.55440 0.80720 0.56095 0.78397 0.54937
4 0.81659 0.31243 0.81052 0.28676 0.78786 0.27512 0.78068 0.28202 0.77134 0.31105 0.75891 0.34308 0.75578 0.37240 0.75917 0.39925 0.76381 0.43825 0.76632 0.48363 0.76852 0.50971 0.76957 0.53066 0.77969 0.54630 0.79660 0.55681 0.81769 0.55895 0.82971 0.54456 0.83694 0.50604 0.83525 0.46845 0.82551 0.41333 0.82325 0.37581 0.81988 0.34371 0.81659 0.31243
4 0.33664 0.61482 0.33173 0.60567 0.30702 0.60123 0.28640 0.59289 0.27763 0.59555 0.26288 0.62167 0.26164 0.64197 0.26335 0.67430 0.26663 0.70552 0.27584 0.74494 0.28442 0.77297 0.28986 0.80313 0.29723 0.83570 0.31672 0.85471 0.33817 0.82788 0.35239 0.79130 0.36369 0.75939 0.36188 0.68853 0.34801 0.64781 0.33664 0.61482
4 0.57933 0.62612 0.57642 0.59838 0.57449 0.57490 0.56632 0.56693 0.54391 0.56315 0.52618 0.55540 0.51702 0.53793 0.51839 0.55091 0.51519 0.57410 0.50370 0.58849 0.50988 0.62029 0.51494 0.64697 0.52321 0.69347 0.53412 0.73271 0.54613 0.76128 0.56028 0.76158 0.56542 0.75137 0.57382 0.72943 0.57650 0.68524 0.57933 0.62612
4 0.28101 0.57413 0.27414 0.53536 0.26761 0.49476 0.26853 0.44992 0.26442 0.42142 0.25098 0.39563 0.23708 0.38128 0.22956 0.36888 0.21136 0.35152 0.20423 0.34786 0.19788 0.35205 0.19349 0.36390 0.19075 0.38090 0.18875 0.41004 0.18842 0.43907 0.19191 0.49925 0.19999 0.55455 0.21225 0.61208 0.23734 0.61470 0.26125 0.61129 0.27940 0.59095 0.28053 0.58558 0.28101 0.57413
4 0.86517 0.53820 0.83343 0.54238 0.82626 0.54928 0.82112 0.55948 0.82006 0.58155 0.82289 0.60845 0.82627 0.64055 0.82749 0.67378 0.82765 0.69130 0.82438 0.69779 0.84407 0.72382 0.86447 0.74100 0.88156 0.75323 0.89977 0.76008 0.91152 0.73254 0.91062 0.68085 0.90766 0.62060 0.89578 0.57180 0.88404 0.54583 0.86517 0.53820
4 0.38899 0.57066 0.38347 0.53968 0.37406 0.50380 0.36708 0.45889 0.36687 0.42992 0.36478 0.40998 0.35125 0.38855 0.33380 0.37284 0.31203 0.36463 0.29930 0.36680 0.28850 0.37677 0.27848 0.39972 0.27205 0.41883 0.26975 0.44544 0.26977 0.48839 0.27373 0.54244 0.28453 0.58605 0.31084 0.59993 0.33294 0.60113 0.36253 0.59802 0.38301 0.58888 0.38899 0.57066
