1 0.49141 0.55988 0.49368 0.57139 0.49792 0.57620 0.50202 0.57882 0.50390 0.57797 0.50831 0.57109 0.50702 0.55954 0.49921 0.55279 0.49209 0.55548 0.49141 0.55988
4 0.40659 0.52646 0.39481 0.53239 0.38104 0.53770 0.38097 0.55085 0.39241 0.57484 0.39940 0.59110 0.40824 0.60582 0.41894 0.60507 0.42739 0.59353 0.42723 0.57022 0.42555 0.54626 0.42444 0.53032 0.40659 0.52646
4 0.62953 0.41315 0.61641 0.40020 0.60180 0.40050 0.59401 0.41491 0.58536 0.43082 0.57681 0.44820 0.58566 0.46289 0.59623 0.47454 0.59664 0.48034 0.61201 0.50480 0.63059 0.51224 0.65458 0.50618 0.65953 0.49344 0.65846 0.47091 0.66341 0.45817 0.66554 0.43980 0.66266 0.41960 0.65435 0.41213 0.62953 0.41315
4 0.58253 0.15676 0.56315 0.17033 0.55367 0.18618 0.54387 0.19722 0.53799 0.20612 0.54546 0.22565 0.56417 0.24319 0.57786 0.25862 0.59330 0.26423 0.60152 0.24787 0.60662 0.22197 0.60724 0.20188 0.60586 0.17040 0.60133 0.14641 0.58253 0.15676
4 0.26793 0.57817 0.27149 0.56493 0.27212 0.55045 0.27683 0.53361 0.28039 0.52070 0.27800 0.50328 0.26688 0.49562 0.24647 0.49669 0.23492 0.49645 0.23254 0.49943 0.21835 0.51168 0.21024 0.52383 0.20589 0.54242 0.21023 0.56393 0.21780 0.58801 0.22577 0.60468 0.23947 0.60865 0.25277 0.60033 0.26334 0.58975 0.26793 0.57817
4 0.24406 0.46165 0.22533 0.42653 0.20950 0.40383 0.19511 0.39166 0.17569 0.38543 0.16676 0.39365 0.15910 0.40988 0.15494 0.43295 0.15583 0.46023 0.15834 0.48640 0.17015 0.50986 0.19144 0.51395 0.21375 0.51290 0.23231 0.49741 0.25020 0.48655 0.24406 0.46165
4 0.53268 0.48700 0.51176 0.48774 0.49445 0.49844 0.48014 0.52423 0.48579 0.54935 0.49358 0.56996 0.51265 0.59123 0.52876 0.59154 0.54204 0.57897 0.54878 0.55662 0.55003 0.53975 0.55032 0.52295 0.54673 0.49259 0.53268 0.48700
4 0.60488 0.49363 0.59294 0.47624 0.58208 0.45365 0.56800 0.44080 0.56125 0.44199 0.55536 0.44823 0.55220 0.46595 0.55022 0.48649 0.55072 0.50762 0.54947 0.53178 0.55348 0.55410 0.56583 0.57001 0.58615 0.58170 0.60075 0.58798 0.61431 0.57244 0.61871 0.55173 0.61521 0.51550 0.60488 0.49363
4 0.36135 0.52158 0.34382 0.52209 0.33937 0.52822 0.33148 0.54117 0.33429 0.56723 0.33714 0.59401 0.34631 0.60649 0.35767 0.60861 0.36683 0.59995 0.37610 0.57890 0.37909 0.55900 0.37928 0.54077 0.37401 0.52799 0.36135 0.52158
2 0.27238 0.55640 0.27477 0.53748 0.27928 0.51946 0.27747 0.50338 0.26699 0.49399 0.25432 0.49689 0.24525 0.50311 0.25055 0.52552 0.24778 0.54393 0.23804 0.55980 0.23708 0.57508 0.23760 0.59224 0.24422 0.60444 0.25535 0.59910 0.26452 0.58934 0.27105 0.57625 0.27238 0.55640
4 0.32437 0.56501 0.31309 0.52934 0.30712 0.51373 0.30145 0.50245 0.29383 0.50517 0.28618 0.51444 0.28032 0.52143 0.27813 0.53178 0.27193 0.55482 0.27088 0.58187 0.27286 0.60289 0.28244 0.62845 0.29709 0.63544 0.30872 0.62737 0.32102 0.61483 0.32765 0.59102 0.32853 0.57565 0.32437 0.56501
4 0.48312 0.53203 0.47533 0.52529 0.46254 0.52399 0.44555 0.52518 0.44057 0.53063 0.44000 0.55036 0.44296 0.57203 0.44889 0.60079 0.46355 0.61507 0.48827 0.62646 0.49660 0.62005 0.49211 0.59776 0.49017 0.58403 0.48715 0.56165 0.48312 0.53203
1 0.25512 0.51619 0.25799 0.51989 0.26235 0.51899 0.26710 0.51506 0.26944 0.51129 0.26687 0.50607 0.26034 0.50172 0.25599 0.50563 0.25512 0.51619
1 0.22872 0.44982 0.23230 0.45290 0.23149 0.44545 0.22285 0.43354 0.21432 0.42369 0.20523 0.41725 0.18671 0.41980 0.17783 0.42877 0.16933 0.43476 0.16287 0.44233 0.16570 0.45465 0.17114 0.45718 0.18253 0.45221 0.19015 0.44540 0.20128 0.43712 0.20657 0.43633 0.21701 0.44229 0.22872 0.44982
