4 0.62268 0.63110 0.62277 0.59943 0.61723 0.58540 0.60590 0.56794 0.59800 0.55716 0.58059 0.55648 0.56857 0.56184 0.55370 0.57385 0.54501 0.57792 0.52992 0.58723 0.51958 0.65187 0.51630 0.67524 0.51820 0.71516 0.53001 0.74241 0.54798 0.75284 0.57535 0.74964 0.59911 0.71862 0.61760 0.67185 0.62268 0.63110
4 0.71303 0.43206 0.71214 0.40655 0.70383 0.38000 0.69953 0.35717 0.68509 0.35830 0.65696 0.37128 0.64341 0.38209 0.63312 0.39122 0.62119 0.40643 0.60727 0.44150 0.60113 0.47980 0.60294 0.51495 0.62922 0.55246 0.64722 0.56349 0.67170 0.56057 0.69639 0.51857 0.70720 0.47355 0.71303 0.43206
4 0.73487 0.66188 0.73739 0.62612 0.72789 0.59566 0.72281 0.58261 0.70178 0.56293 0.68239 0.56282 0.66423 0.56294 0.64444 0.56545 0.63304 0.57528 0.61968 0.59900 0.62196 0.63191 0.62597 0.68360 0.63128 0.69931 0.65132 0.72152 0.67332 0.73434 0.70155 0.72067 0.72167 0.70234 0.73487 0.66188
4 0.34762 0.54751 0.33605 0.54503 0.32672 0.54901 0.31039 0.54933 0.29306 0.54780 0.28323 0.54642 0.27516 0.56821 0.26775 0.60767 0.27026 0.65653 0.28127 0.68982 0.30018 0.70215 0.32315 0.68598 0.33375 0.64163 0.34291 0.59883 0.34946 0.55658 0.34762 0.54751
4 0.43470 0.55622 0.41762 0.55297 0.38935 0.55337 0.37084 0.55168 0.36382 0.55246 0.35255 0.55702 0.34399 0.59546 0.34110 0.63385 0.34167 0.68329 0.35325 0.70784 0.37401 0.71605 0.40213 0.69884 0.42668 0.62648 0.43240 0.59469 0.43607 0.57319 0.43470 0.55622
4 0.76128 0.58096 0.73596 0.58713 0.73033 0.58719 0.72307 0.58970 0.73406 0.62741 0.74224 0.66292 0.77505 0.69660 0.80514 0.69644 0.82438 0.65330 0.81592 0.60189 0.80397 0.56671 0.78517 0.55787 0.77514 0.57147 0.76128 0.58096
4 0.33979 0.53193 0.34986 0.49210 0.35775 0.44138 0.35241 0.39404 0.35235 0.36234 0.34978 0.33762 0.33931 0.32135 0.30278 0.33523 0.27805 0.35612 0.25836 0.37873 0.24074 0.42387 0.23312 0.46190 0.22981 0.50162 0.23986 0.52633 0.26759 0.54294 0.29558 0.54688 0.32581 0.55112 0.33979 0.53193
4 0.79458 0.49091 0.79192 0.51875 0.78558 0.55926 0.81778 0.57084 0.84186 0.56455 0.86315 0.51113 0.87059 0.48925 0.87101 0.44170 0.84693 0.43479 0.82643 0.43367 0.81122 0.44388 0.80289 0.45858 0.79458 0.49091
4 0.58909 0.41042 0.57299 0.39122 0.55027 0.38166 0.51993 0.39327 0.49845 0.41376 0.48727 0.43415 0.47697 0.52369 0.47743 0.54171 0.49852 0.56268 0.53025 0.57243 0.56441 0.56980 0.60000 0.51454 0.59947 0.47535 0.59558 0.42821 0.58909 0.41042
4 0.19887 0.32063 0.19133 0.29948 0.17969 0.30207 0.17116 0.32523 0.15738 0.35925 0.14539 0.41784 0.14614 0.44439 0.16031 0.45589 0.17344 0.45352 0.18561 0.41505 0.18983 0.38497 0.19743 0.34688 0.19887 0.32063
4 0.50588 0.68698 0.51561 0.63988 0.52418 0.61026 0.52905 0.58450 0.52484 0.57418 0.51023 0.56684 0.49816 0.55900 0.48427 0.55085 0.47483 0.53808 0.45431 0.54578 0.44563 0.55867 0.43791 0.56901 0.42730 0.63100 0.42714 0.67238 0.43015 0.71336 0.44002 0.74120 0.46322 0.75413 0.48984 0.73409 0.50588 0.68698
4 0.79845 0.47687 0.79277 0.44219 0.76816 0.42500 0.73546 0.43836 0.71856 0.46243 0.70489 0.48488 0.69950 0.52323 0.69848 0.54638 0.71147 0.57145 0.73288 0.58504 0.75454 0.58594 0.78031 0.56841 0.79248 0.51936 0.79845 0.47687
4 0.25903 0.34180 0.25219 0.30488 0.23685 0.30166 0.21999 0.32600 0.20895 0.35592 0.19060 0.38385 0.17796 0.44138 0.18688 0.48079 0.20786 0.50281 0.22729 0.50340 0.23418 0.48113 0.24029 0.43224 0.25350 0.38120 0.25903 0.34180
4 0.46990 0.53643 0.47909 0.46052 0.47949 0.44684 0.47991 0.42253 0.47232 0.38551 0.46534 0.35493 0.44692 0.34176 0.41653 0.33327 0.40241 0.34293 0.38490 0.36056 0.37196 0.38834 0.35833 0.42132 0.35543 0.44736 0.35031 0.48895 0.34742 0.52029 0.35763 0.53866 0.38032 0.54820 0.41157 0.55575 0.44811 0.55773 0.46990 0.53643
4 0.27722 0.54467 0.26863 0.53908 0.25587 0.53638 0.24281 0.52663 0.23680 0.52050 0.23349 0.51736 0.22254 0.51935 0.21914 0.54356 0.21245 0.58226 0.21213 0.62015 0.21602 0.65949 0.22967 0.68257 0.24527 0.67418 0.25564 0.64037 0.26419 0.60631 0.27333 0.57233 0.27722 0.54467
