4 0.59934 0.57149 0.57389 0.56608 0.54712 0.56999 0.53406 0.58006 0.53079 0.58262 0.52428 0.59409 0.51687 0.62570 0.51970 0.65091 0.52817 0.68481 0.54341 0.69662 0.56667 0.68340 0.59258 0.65138 0.60520 0.61768 0.60783 0.58614 0.59934 0.57149
4 0.48359 0.57362 0.46577 0.56452 0.45554 0.57411 0.44248 0.58098 0.43944 0.61135 0.44463 0.64135 0.44943 0.66705 0.47052 0.68010 0.48835 0.67960 0.50968 0.65627 0.51841 0.62494 0.52362 0.59395 0.51037 0.58576 0.48359 0.57362
4 0.70077 0.43130 0.68836 0.46402 0.67855 0.49409 0.68224 0.51521 0.70443 0.55202 0.71986 0.56604 0.74988 0.56277 0.77143 0.53845 0.78776 0.51622 0.79581 0.46224 0.78147 0.44634 0.75166 0.42927 0.72252 0.41559 0.70077 0.43130
4 0.55871 0.17893 0.56756 0.20269 0.60257 0.21910 0.65190 0.22576 0.68402 0.21328 0.70622 0.19361 0.71876 0.13459 0.72426 0.09333 0.72270 0.06215 0.71408 0.04107 0.70518 0.03244 0.62512 0.01542 0.61146 0.01926 0.59503 0.03890 0.58613 0.06911 0.57750 0.10200 0.56784 0.13975 0.55871 0.17893
4 0.92465 0.26688 0.92946 0.25077 0.92901 0.23354 0.91878 0.21423 0.89354 0.20458 0.87051 0.20717 0.85787 0.22487 0.83265 0.24733 0.82220 0.27081 0.81675 0.29644 0.81979 0.31741 0.83739 0.33081 0.85609 0.34227 0.86678 0.35310 0.89353 0.33629 0.90745 0.30606 0.92465 0.26688
4 0.46419 0.00000 0.45694 0.01469 0.44386 0.06457 0.43499 0.11026 0.43313 0.15355 0.45063 0.19069 0.49317 0.20230 0.53129 0.20012 0.55478 0.17810 0.56627 0.13942 0.58014 0.07811 0.58354 0.03132 0.57952 0.00573 0.55255 0.00000 0.46419 0.00000
4 0.86416 0.37825 0.85370 0.34067 0.83390 0.33115 0.80954 0.32060 0.78541 0.32187 0.76821 0.33535 0.74885 0.36550 0.74296 0.38995 0.73969 0.40856 0.74514 0.42469 0.75450 0.43204 0.76669 0.44212 0.78711 0.45183 0.79799 0.46807 0.80929 0.47259 0.82955 0.46405 0.84759 0.43361 0.85915 0.40180 0.86416 0.37825
4 0.34005 0.45315 0.32175 0.42682 0.30808 0.41426 0.28739 0.41197 0.28220 0.40767 0.27610 0.41066 0.25978 0.44894 0.26433 0.47561 0.27541 0.51012 0.28369 0.52901 0.30519 0.53038 0.31609 0.50803 0.32828 0.47961 0.34330 0.47315 0.34005 0.45315
4 0.41137 0.54759 0.38592 0.53898 0.37351 0.55559 0.37198 0.57559 0.37415 0.60393 0.38025 0.62984 0.39241 0.64636 0.40724 0.65054 0.42462 0.64567 0.43963 0.61356 0.44923 0.57813 0.43378 0.55772 0.41137 0.54759
4 0.29685 0.00000 0.30340 0.03985 0.30942 0.06169 0.32898 0.06585 0.35562 0.02525 0.36645 0.00000 0.29685 0.00000
4 0.32984 0.33430 0.32222 0.31554 0.29939 0.29784 0.26935 0.29145 0.24654 0.29300 0.22758 0.31148 0.22019 0.33669 0.22561 0.36886 0.23845 0.40157 0.25150 0.43005 0.26280 0.43782 0.27521 0.40836 0.29763 0.40884 0.31917 0.39411 0.32984 0.33430
4 0.73314 0.06694 0.72190 0.11213 0.71614 0.16231 0.72787 0.18793 0.77124 0.19612 0.79828 0.17331 0.81326 0.11738 0.81699 0.05792 0.74071 0.04673 0.73314 0.06694
4 0.36433 0.00000 0.35354 0.05439 0.35639 0.09098 0.37257 0.12269 0.40914 0.13172 0.42766 0.11767 0.44490 0.06736 0.46215 0.00163 0.46250 0.00000 0.36433 0.00000
4 0.64831 0.52404 0.62306 0.53690 0.60781 0.56364 0.60476 0.59406 0.61457 0.63144 0.62803 0.64824 0.66138 0.63939 0.68413 0.61624 0.69318 0.59589 0.70166 0.56114 0.70115 0.53528 0.67657 0.52257 0.64831 0.52404
4 0.87042 0.14495 0.89079 0.11073 0.90306 0.08381 0.90394 0.07469 0.82047 0.05695 0.81668 0.08984 0.81902 0.13277 0.82789 0.15265 0.82840 0.16172 0.84616 0.17452 0.87042 0.14495
4 0.38701 0.52099 0.36831 0.49668 0.34067 0.48224 0.33284 0.47732 0.31825 0.49461 0.31215 0.52330 0.31478 0.55595 0.32433 0.59437 0.34565 0.60963 0.36328 0.60373 0.37633 0.58080 0.37244 0.55753 0.38180 0.53593 0.38701 0.52099
