4 0.60731 0.55885 0.58139 0.55658 0.55530 0.56372 0.54357 0.57531 0.54063 0.57825 0.53556 0.59043 0.53206 0.62270 0.53794 0.64739 0.55048 0.68000 0.56705 0.68986 0.58852 0.67391 0.61034 0.63897 0.61875 0.60399 0.61752 0.57236 0.60731 0.55885
4 0.49268 0.57507 0.47388 0.56821 0.46490 0.57897 0.45277 0.58739 0.45346 0.61790 0.46227 0.64705 0.47017 0.67196 0.49269 0.68235 0.51032 0.67968 0.52865 0.65392 0.53350 0.62176 0.53489 0.59037 0.52074 0.58386 0.49268 0.57507
4 0.69090 0.40735 0.68257 0.44133 0.67650 0.47237 0.68274 0.49288 0.70925 0.52672 0.72627 0.53875 0.75567 0.53185 0.77409 0.50508 0.78759 0.48103 0.78900 0.42647 0.77283 0.41244 0.74117 0.39913 0.71057 0.38910 0.69090 0.40735
4 0.51915 0.17417 0.53082 0.19667 0.56757 0.20869 0.61735 0.20929 0.64771 0.19299 0.66734 0.17076 0.67260 0.11066 0.67302 0.06903 0.66768 0.03828 0.65655 0.01840 0.64667 0.01092 0.56513 0.00379 0.55204 0.00926 0.53812 0.03075 0.53298 0.06182 0.52842 0.09552 0.52343 0.13417 0.51915 0.17417
4 0.89308 0.21687 0.89588 0.20029 0.89334 0.18324 0.88083 0.16533 0.85461 0.15882 0.83206 0.16420 0.82167 0.18331 0.79938 0.20867 0.79187 0.23325 0.78958 0.25935 0.79515 0.27980 0.81426 0.29095 0.83422 0.30004 0.84614 0.30950 0.87064 0.28955 0.88077 0.25785 0.89308 0.21687
4 0.40635 0.00000 0.39811 0.02355 0.39121 0.07465 0.38797 0.12108 0.39141 0.16429 0.41330 0.19901 0.45694 0.20535 0.49451 0.19854 0.51514 0.17382 0.52184 0.13403 0.52813 0.07149 0.52580 0.02463 0.51877 0.00000 0.40635 0.00000
4 0.84661 0.33477 0.83165 0.29875 0.81083 0.29172 0.78537 0.28422 0.76157 0.28842 0.74614 0.30389 0.73060 0.33618 0.72774 0.36116 0.72676 0.38003 0.73414 0.39537 0.74432 0.40153 0.75765 0.41005 0.77910 0.41719 0.79188 0.43200 0.80365 0.43510 0.82271 0.42415 0.83691 0.39175 0.84451 0.35876 0.84661 0.33477
4 0.33554 0.47299 0.31416 0.44908 0.29906 0.43829 0.27825 0.43854 0.27257 0.43490 0.26688 0.43861 0.25535 0.47860 0.26312 0.50451 0.27832 0.53741 0.28884 0.55516 0.31035 0.55390 0.31844 0.53038 0.32708 0.50069 0.34119 0.49244 0.33554 0.47299
4 0.41783 0.55803 0.39152 0.55259 0.38123 0.57059 0.38215 0.59063 0.38775 0.61849 0.39696 0.64347 0.41105 0.65838 0.42628 0.66072 0.44293 0.65377 0.45392 0.62007 0.45913 0.58374 0.44130 0.56536 0.41783 0.55803
4 0.23056 0.00000 0.23209 0.01026 0.24879 0.06724 0.25743 0.08818 0.27735 0.08993 0.29884 0.04638 0.30921 0.01073 0.31092 0.00000 0.23056 0.00000
4 0.31092 0.35627 0.30107 0.33858 0.27625 0.32380 0.24565 0.32112 0.22320 0.32543 0.20664 0.34608 0.20237 0.37201 0.21168 0.40327 0.22840 0.43418 0.24482 0.46085 0.25699 0.46719 0.26572 0.43643 0.28803 0.43418 0.30761 0.41694 0.31092 0.35627
4 0.67863 0.04176 0.67297 0.08798 0.67338 0.13848 0.68814 0.16249 0.73219 0.16533 0.75625 0.13940 0.76430 0.08206 0.76075 0.02259 0.68368 0.02078 0.67863 0.04176
4 0.30961 0.00000 0.30477 0.01539 0.30033 0.07556 0.30761 0.11153 0.32753 0.14103 0.36493 0.14554 0.38161 0.12933 0.39259 0.07730 0.40170 0.00996 0.40257 0.00000 0.30961 0.00000
4 0.65014 0.50579 0.62664 0.52162 0.61476 0.55002 0.61544 0.58059 0.62973 0.61650 0.64514 0.63153 0.67716 0.61869 0.69692 0.59294 0.70343 0.57163 0.70761 0.53611 0.70395 0.51050 0.67800 0.50088 0.65014 0.50579
4 0.82439 0.10246 0.84044 0.06601 0.84934 0.03779 0.84910 0.02863 0.76409 0.02120 0.76433 0.05430 0.77188 0.09663 0.78311 0.11528 0.78473 0.12422 0.80391 0.13476 0.82439 0.10246
4 0.39041 0.53460 0.36889 0.51275 0.33970 0.50179 0.33132 0.49786 0.31895 0.51680 0.31639 0.54602 0.32298 0.57811 0.33715 0.61507 0.36016 0.62763 0.37694 0.61962 0.38710 0.59527 0.38040 0.57265 0.38706 0.55007 0.39041 0.53460
