4 0.55096 0.34148 0.54317 0.33424 0.53886 0.33450 0.52995 0.33785 0.51536 0.34772 0.50746 0.36187 0.50059 0.37969 0.50193 0.39409 0.50947 0.39702 0.52020 0.39672 0.53508 0.38403 0.54206 0.37192 0.54863 0.35692 0.55096 0.34148
4 0.54063 0.47375 0.53313 0.46369 0.52808 0.45745 0.51943 0.45155 0.51434 0.45244 0.50435 0.45924 0.49088 0.47209 0.48933 0.48690 0.49085 0.50631 0.49909 0.50932 0.52203 0.50816 0.52957 0.49755 0.53803 0.48489 0.54063 0.47375
4 0.61072 0.51249 0.59617 0.50169 0.59334 0.50140 0.58447 0.49761 0.57690 0.50181 0.56814 0.51729 0.56454 0.53117 0.56469 0.55686 0.57572 0.56729 0.59246 0.56406 0.60360 0.55311 0.61384 0.53707 0.61751 0.52248 0.61072 0.51249
4 0.62917 0.52014 0.62060 0.52708 0.61180 0.53614 0.60314 0.56361 0.60509 0.57965 0.62313 0.58440 0.63980 0.58187 0.64870 0.56498 0.65783 0.54597 0.65809 0.53673 0.64628 0.52693 0.62917 0.52014
4 0.66798 0.39243 0.65855 0.38174 0.63828 0.37440 0.62523 0.37303 0.60363 0.38652 0.58716 0.40148 0.57698 0.43115 0.57783 0.44001 0.59387 0.45496 0.61663 0.46234 0.63850 0.46464 0.64770 0.45170 0.66005 0.43460 0.66776 0.41081 0.66798 0.39243
4 0.58492 0.35560 0.56180 0.35845 0.54521 0.36633 0.52831 0.39351 0.53489 0.41438 0.55150 0.42319 0.56279 0.42438 0.57732 0.41977 0.58828 0.39896 0.59914 0.37906 0.59928 0.36146 0.58492 0.35560
4 0.77702 0.48198 0.77920 0.46117 0.77946 0.45064 0.76696 0.44405 0.75503 0.44893 0.74114 0.45624 0.72870 0.47426 0.72147 0.49618 0.72247 0.50698 0.72949 0.51485 0.74249 0.51871 0.75202 0.51971 0.76451 0.51753 0.77192 0.49727 0.77702 0.48198
4 0.73620 0.45308 0.74079 0.42640 0.71715 0.40901 0.70775 0.40624 0.68985 0.40963 0.67152 0.42525 0.66175 0.43478 0.65507 0.44812 0.64325 0.46015 0.64206 0.47143 0.66811 0.49157 0.70195 0.50554 0.71627 0.50490 0.72853 0.48394 0.73620 0.45308
4 0.79343 0.47037 0.78430 0.47583 0.77762 0.48511 0.77027 0.50074 0.76849 0.51767 0.76964 0.52706 0.77645 0.53619 0.78624 0.53878 0.80420 0.53069 0.82035 0.50600 0.83493 0.48257 0.83664 0.46635 0.82138 0.45548 0.80865 0.46127 0.79343 0.47037
4 0.57861 0.49913 0.56624 0.48785 0.55815 0.48343 0.55555 0.48102 0.54772 0.48091 0.53614 0.48255 0.53128 0.49487 0.52868 0.50601 0.52649 0.52004 0.53406 0.52940 0.54724 0.53292 0.56302 0.52531 0.57389 0.51005 0.57861 0.49913
4 0.73130 0.57295 0.72837 0.56693 0.70970 0.56140 0.70531 0.56237 0.70338 0.56716 0.70561 0.57310 0.69864 0.58520 0.69515 0.59125 0.69582 0.59845 0.70829 0.60190 0.72284 0.59916 0.72904 0.58768 0.73130 0.57295
4 0.66605 0.54170 0.65492 0.55265 0.65038 0.56943 0.64793 0.57916 0.65944 0.59178 0.68624 0.59460 0.69971 0.58175 0.70348 0.56560 0.69761 0.55357 0.67977 0.54756 0.66605 0.54170
