4 0.54124 0.31445 0.51678 0.30693 0.49551 0.32643 0.48558 0.34526 0.47609 0.40399 0.48068 0.44918 0.49147 0.49929 0.51623 0.50835 0.55563 0.50681 0.58829 0.49738 0.60426 0.46663 0.59852 0.40475 0.58353 0.37077 0.56097 0.33523 0.54124 0.31445
4 0.33945 0.62262 0.33975 0.59811 0.33363 0.56665 0.32757 0.54337 0.32261 0.53327 0.30984 0.52980 0.29638 0.51761 0.28665 0.49874 0.27820 0.48629 0.27235 0.50301 0.26633 0.53160 0.25441 0.56354 0.24945 0.56153 0.25106 0.58793 0.25525 0.63006 0.26494 0.65929 0.27801 0.69513 0.29006 0.71592 0.31193 0.72207 0.32170 0.70757 0.32753 0.67532 0.33224 0.64252 0.33945 0.62262
4 0.40169 0.53045 0.39538 0.52650 0.38261 0.51786 0.37395 0.50699 0.37212 0.51324 0.36538 0.52787 0.35098 0.53144 0.33835 0.53390 0.33087 0.54202 0.33800 0.57103 0.34197 0.59393 0.35138 0.62696 0.36714 0.66911 0.37976 0.67700 0.40066 0.67294 0.40979 0.64226 0.41418 0.61030 0.41085 0.57239 0.40169 0.53045
4 0.27196 0.41294 0.25970 0.37689 0.24146 0.35279 0.22375 0.33162 0.20535 0.34445 0.19814 0.38269 0.19887 0.42406 0.20448 0.46906 0.22191 0.53175 0.23870 0.54842 0.25642 0.55885 0.26704 0.52755 0.27025 0.49009 0.27542 0.46293 0.27196 0.41294
4 0.35466 0.40298 0.33914 0.35528 0.32129 0.32802 0.31037 0.31478 0.28893 0.31741 0.28014 0.35293 0.27453 0.39399 0.27079 0.42853 0.27945 0.48368 0.30505 0.52942 0.33986 0.53647 0.36862 0.52317 0.37193 0.49180 0.36186 0.44001 0.35466 0.40298
4 0.74871 0.40320 0.72842 0.35797 0.71589 0.32048 0.70699 0.29611 0.69230 0.28509 0.66900 0.28350 0.66340 0.30304 0.65693 0.31812 0.65691 0.33960 0.66152 0.36332 0.67132 0.39214 0.68280 0.42983 0.68943 0.45316 0.69577 0.46420 0.72384 0.48490 0.74640 0.47744 0.75317 0.44231 0.74871 0.40320
4 0.44515 0.53093 0.43139 0.52776 0.41446 0.53105 0.41002 0.53192 0.40878 0.54152 0.42056 0.59149 0.43121 0.63551 0.44332 0.66542 0.45839 0.67323 0.48055 0.66892 0.49078 0.64083 0.48976 0.59797 0.48316 0.53169 0.48085 0.51980 0.44515 0.53093
4 0.19063 0.54929 0.19648 0.53774 0.18850 0.53560 0.17150 0.53891 0.16630 0.54587 0.15885 0.57248 0.16387 0.61892 0.16614 0.64370 0.17359 0.67413 0.18649 0.67828 0.19542 0.66466 0.19278 0.64590 0.19044 0.60786 0.19326 0.57322 0.19063 0.54929
4 0.54686 0.51005 0.51983 0.51068 0.49696 0.50593 0.48905 0.51364 0.47898 0.52633 0.48357 0.57153 0.49033 0.60094 0.49941 0.63145 0.51278 0.66266 0.54070 0.66643 0.55796 0.64771 0.56283 0.59759 0.56098 0.55032 0.55392 0.51942 0.54686 0.51005
4 0.83747 0.30511 0.83379 0.31992 0.83332 0.33560 0.83637 0.35648 0.84066 0.38378 0.84199 0.41392 0.84156 0.42733 0.84573 0.43836 0.85269 0.44295 0.86940 0.44339 0.88265 0.42600 0.88513 0.41291 0.88241 0.38084 0.87659 0.34569 0.87183 0.31847 0.85828 0.29809 0.84421 0.29565 0.83747 0.30511
4 0.67257 0.49129 0.64644 0.48899 0.62832 0.49174 0.61914 0.49132 0.62069 0.50435 0.62415 0.54294 0.62693 0.56244 0.62692 0.57280 0.63804 0.60400 0.65135 0.63104 0.67015 0.65779 0.69019 0.66496 0.70014 0.64601 0.70324 0.61281 0.69736 0.56946 0.68671 0.52780 0.67800 0.49838 0.67257 0.49129
4 0.80675 0.46075 0.79913 0.46818 0.79114 0.47122 0.79175 0.48222 0.80259 0.50677 0.80662 0.52751 0.81189 0.55463 0.81744 0.58317 0.83513 0.58866 0.85184 0.59945 0.86606 0.59746 0.87753 0.58113 0.86920 0.53831 0.85121 0.50547 0.83734 0.47556 0.82617 0.46220 0.81535 0.45318 0.80675 0.46075
4 0.72636 0.48012 0.70774 0.47779 0.69520 0.46762 0.68324 0.46328 0.67491 0.47751 0.67221 0.48690 0.68228 0.50499 0.69116 0.55067 0.69505 0.56550 0.70311 0.59653 0.71512 0.60901 0.73141 0.63327 0.74375 0.64491 0.75991 0.64254 0.75985 0.60329 0.75425 0.57178 0.74874 0.54614 0.74314 0.51463 0.73550 0.49095 0.72636 0.48012
4 0.12606 0.52654 0.11390 0.52890 0.10251 0.54296 0.09711 0.56703 0.09671 0.59078 0.10386 0.61461 0.10571 0.62163 0.12064 0.64912 0.13855 0.65825 0.15221 0.64816 0.15976 0.62225 0.15941 0.59192 0.15622 0.56512 0.16046 0.54799 0.15819 0.53885 0.14292 0.53290 0.12606 0.52654
4 0.80135 0.37303 0.80897 0.40685 0.81011 0.42353 0.80624 0.45198 0.82424 0.45305 0.83674 0.44760 0.84638 0.41648 0.83992 0.37782 0.83214 0.33781 0.82292 0.31196 0.81315 0.30466 0.79602 0.34026 0.79674 0.34931 0.80135 0.37303
4 0.78611 0.31603 0.77518 0.30279 0.76195 0.29925 0.74210 0.30465 0.73360 0.33086 0.73201 0.33888 0.73131 0.36203 0.74410 0.39027 0.74985 0.41988 0.75734 0.44761 0.77805 0.46820 0.79962 0.47166 0.80826 0.45159 0.80568 0.40595 0.79731 0.35229 0.78611 0.31603
4 0.67032 0.38160 0.64886 0.34116 0.63203 0.31371 0.61058 0.28853 0.59717 0.30050 0.59750 0.31893 0.59116 0.34010 0.58571 0.36578 0.58786 0.38226 0.59160 0.40147 0.59953 0.42608 0.60527 0.46643 0.60930 0.48718 0.64311 0.49443 0.67173 0.48578 0.68513 0.46319 0.68713 0.43053 0.67032 0.38160
4 0.45753 0.36762 0.44387 0.34571 0.42385 0.32345 0.39726 0.32096 0.37178 0.32437 0.36000 0.36047 0.35567 0.40278 0.36113 0.45243 0.37278 0.50700 0.39454 0.52738 0.43885 0.52951 0.47176 0.52157 0.48963 0.50581 0.48760 0.46320 0.47407 0.40438 0.45753 0.36762
4 0.19542 0.40629 0.18565 0.38820 0.16954 0.36985 0.16001 0.36400 0.13875 0.37275 0.13743 0.39294 0.13760 0.42061 0.14306 0.47026 0.15602 0.51537 0.16392 0.52920 0.19253 0.53130 0.20779 0.52370 0.21009 0.49253 0.20333 0.45238 0.19542 0.40629
4 0.77560 0.46388 0.76139 0.45552 0.75249 0.44613 0.74936 0.46375 0.74173 0.47636 0.73225 0.48712 0.73703 0.49357 0.74473 0.52027 0.75069 0.55094 0.75707 0.58379 0.77776 0.60719 0.79289 0.62280 0.80677 0.62677 0.81918 0.61544 0.81805 0.58900 0.81253 0.56563 0.80587 0.53135 0.79759 0.49667 0.78734 0.46975 0.77560 0.46388
4 0.61714 0.48874 0.60688 0.48258 0.60020 0.47425 0.59321 0.48744 0.58355 0.49747 0.56386 0.50504 0.55518 0.51488 0.55845 0.53423 0.55991 0.56506 0.56449 0.59380 0.57432 0.61859 0.58406 0.63746 0.60280 0.66124 0.61654 0.65928 0.62386 0.63490 0.62657 0.59952 0.62581 0.56707 0.62360 0.53490 0.62139 0.50790 0.61714 0.48874
4 0.25065 0.59098 0.25038 0.56361 0.24552 0.54379 0.22977 0.53793 0.21958 0.51921 0.21249 0.49834 0.21091 0.50311 0.20453 0.52214 0.19579 0.53419 0.19250 0.54078 0.19099 0.54845 0.18917 0.58068 0.18913 0.62959 0.19690 0.65919 0.20256 0.67808 0.21285 0.69464 0.22948 0.69212 0.25234 0.67732 0.25746 0.65706 0.25372 0.62221 0.25065 0.59098
4 0.83852 0.46349 0.84032 0.47278 0.84310 0.48705 0.85288 0.51406 0.86164 0.53312 0.87314 0.55087 0.88971 0.56098 0.91372 0.56523 0.92435 0.56019 0.92150 0.52737 0.91131 0.49307 0.89470 0.46738 0.87889 0.45344 0.86148 0.44422 0.84406 0.45058 0.83852 0.46349
