4 0.61046 0.34531 0.59088 0.32883 0.56369 0.33847 0.54718 0.35193 0.51551 0.40228 0.50207 0.44568 0.49243 0.49601 0.51168 0.51403 0.54855 0.52800 0.58230 0.53208 0.60901 0.51002 0.62791 0.45082 0.62738 0.41368 0.62050 0.37215 0.61046 0.34531
4 0.30431 0.55014 0.31415 0.52770 0.32082 0.49634 0.32433 0.47255 0.32371 0.46131 0.31331 0.45313 0.30569 0.43665 0.30410 0.41548 0.30119 0.40071 0.28927 0.41382 0.27256 0.43779 0.24911 0.46253 0.24533 0.45874 0.23650 0.48367 0.22388 0.52409 0.22138 0.55478 0.21941 0.59288 0.22239 0.61672 0.24011 0.63094 0.25477 0.62140 0.27273 0.59399 0.28989 0.56564 0.30431 0.55014
4 0.39760 0.48962 0.39334 0.48352 0.38496 0.47058 0.38123 0.45718 0.37712 0.46222 0.36519 0.47306 0.35054 0.47072 0.33796 0.46804 0.32789 0.47259 0.32313 0.50208 0.31783 0.52472 0.31359 0.55880 0.31163 0.60375 0.32016 0.61595 0.34098 0.62038 0.36138 0.59570 0.37790 0.56799 0.38965 0.53181 0.39760 0.48962
4 0.32410 0.33076 0.32691 0.29278 0.31953 0.26347 0.31150 0.23706 0.28955 0.24168 0.26797 0.27406 0.25248 0.31244 0.24006 0.35605 0.23160 0.42057 0.24055 0.44248 0.25279 0.45900 0.27480 0.43434 0.29238 0.40111 0.30776 0.37812 0.32410 0.33076
4 0.40413 0.35390 0.40847 0.30393 0.40270 0.27187 0.39781 0.25541 0.37705 0.24945 0.35508 0.27871 0.33387 0.31432 0.31694 0.34465 0.30336 0.39880 0.30905 0.45090 0.33834 0.47100 0.37002 0.47000 0.38531 0.44241 0.39628 0.39081 0.40413 0.35390
4 0.76676 0.50807 0.76576 0.45851 0.76887 0.41911 0.77021 0.39320 0.76099 0.37731 0.74016 0.36675 0.72737 0.38254 0.71552 0.39390 0.70711 0.41366 0.70209 0.43729 0.69984 0.46765 0.69569 0.50683 0.69268 0.53090 0.69420 0.54354 0.71195 0.57357 0.73563 0.57550 0.75558 0.54582 0.76676 0.50807
4 0.43743 0.50704 0.42600 0.49875 0.40913 0.49516 0.40471 0.49422 0.39981 0.50258 0.39112 0.55317 0.38373 0.59786 0.38319 0.63012 0.39401 0.64320 0.41609 0.64790 0.43649 0.62604 0.45229 0.58618 0.47212 0.52259 0.47464 0.51075 0.43743 0.50704
4 0.19597 0.42449 0.20586 0.41615 0.19935 0.41106 0.18241 0.40746 0.17490 0.41183 0.15765 0.43342 0.14412 0.47813 0.13653 0.50182 0.13150 0.53275 0.14175 0.54162 0.15529 0.53256 0.16020 0.51426 0.17291 0.47833 0.18904 0.44755 0.19597 0.42449
4 0.53921 0.52756 0.51408 0.51758 0.49488 0.50427 0.48460 0.50828 0.47036 0.51602 0.45693 0.55942 0.45166 0.58914 0.44810 0.62077 0.44821 0.65472 0.47244 0.66910 0.49564 0.65861 0.51970 0.61438 0.53647 0.57014 0.54205 0.53895 0.53921 0.52756
4 0.88679 0.45246 0.87762 0.46466 0.87106 0.47890 0.86571 0.49932 0.85899 0.52613 0.84844 0.55439 0.84281 0.56657 0.84233 0.57835 0.84694 0.58530 0.86216 0.59223 0.88115 0.58140 0.88854 0.57032 0.89857 0.53974 0.90695 0.50510 0.91320 0.47819 0.90869 0.45413 0.89669 0.44639 0.88679 0.45246
4 0.66226 0.55941 0.63910 0.54708 0.62134 0.54254 0.61305 0.53856 0.60940 0.55116 0.59750 0.58803 0.59244 0.60707 0.58839 0.61660 0.58643 0.64967 0.58812 0.67976 0.59497 0.71172 0.61062 0.72616 0.62718 0.71260 0.64300 0.68325 0.65453 0.64105 0.66101 0.59855 0.66448 0.56806 0.66226 0.55941
4 0.79770 0.58373 0.78778 0.58759 0.77925 0.58726 0.77550 0.59763 0.77589 0.62446 0.77149 0.64513 0.76575 0.67215 0.75970 0.70060 0.77385 0.71255 0.78501 0.72902 0.79888 0.73274 0.81582 0.72219 0.82488 0.67953 0.82115 0.64226 0.82007 0.60931 0.81501 0.59265 0.80858 0.58012 0.79770 0.58373
4 0.71613 0.57015 0.69990 0.56073 0.69234 0.54646 0.68302 0.53780 0.66980 0.54764 0.66364 0.55523 0.66584 0.57581 0.65616 0.62134 0.65395 0.63650 0.64924 0.66822 0.65542 0.68440 0.66094 0.71309 0.66775 0.72863 0.68356 0.73276 0.69884 0.69661 0.70599 0.66542 0.71094 0.63967 0.71810 0.60847 0.72032 0.58369 0.71613 0.57015
4 0.14542 0.37832 0.13330 0.37575 0.11732 0.38423 0.10295 0.40428 0.09330 0.42599 0.09056 0.45072 0.08953 0.45790 0.09253 0.48904 0.10545 0.50445 0.12197 0.50049 0.13904 0.47959 0.15057 0.45153 0.15810 0.42561 0.16870 0.41151 0.17018 0.40221 0.15845 0.39076 0.14542 0.37832
4 0.82700 0.50087 0.82080 0.53498 0.81534 0.55078 0.80066 0.57546 0.81681 0.58348 0.83045 0.58334 0.85148 0.55846 0.86064 0.52034 0.86911 0.48048 0.87072 0.45308 0.86458 0.44255 0.83491 0.46862 0.83203 0.47724 0.82700 0.50087
4 0.83525 0.44244 0.83036 0.42599 0.81957 0.41756 0.79918 0.41477 0.78112 0.43558 0.77652 0.44234 0.76683 0.46338 0.76757 0.49437 0.76130 0.52387 0.75735 0.55233 0.76837 0.57937 0.78687 0.59098 0.80268 0.57589 0.81813 0.53286 0.83140 0.48020 0.83525 0.44244
4 0.70304 0.45756 0.69909 0.41196 0.69432 0.38011 0.68442 0.34855 0.66740 0.35432 0.66050 0.37143 0.64640 0.38843 0.63134 0.40993 0.62688 0.42595 0.62281 0.44509 0.62050 0.47085 0.61002 0.51023 0.60563 0.53091 0.63391 0.55079 0.66363 0.55401 0.68479 0.53845 0.69940 0.50917 0.70304 0.45756
4 0.51263 0.36155 0.50861 0.33605 0.49888 0.30773 0.47538 0.29505 0.45060 0.28824 0.42564 0.31686 0.40513 0.35412 0.39075 0.40195 0.38016 0.45673 0.39222 0.48400 0.43218 0.50327 0.46558 0.50882 0.48818 0.50130 0.50297 0.46128 0.51350 0.40185 0.51263 0.36155
4 0.25625 0.29473 0.25432 0.27426 0.24666 0.25108 0.24018 0.24196 0.21719 0.24172 0.20809 0.25979 0.19743 0.28532 0.18306 0.33316 0.17736 0.37975 0.17922 0.39557 0.20474 0.40867 0.22176 0.40765 0.23605 0.37985 0.24552 0.34025 0.25625 0.29473
4 0.76780 0.57444 0.75799 0.56119 0.75346 0.54907 0.74370 0.56407 0.73175 0.57269 0.71882 0.57890 0.72069 0.58670 0.71735 0.61428 0.71085 0.64484 0.70390 0.67757 0.71380 0.70720 0.72163 0.72748 0.73285 0.73655 0.74870 0.73097 0.75799 0.70620 0.76204 0.68252 0.76930 0.64837 0.77523 0.61321 0.77632 0.58443 0.76780 0.57444
4 0.61222 0.53540 0.60518 0.52573 0.60230 0.51544 0.59071 0.52486 0.57790 0.53032 0.55682 0.52960 0.54498 0.53526 0.54043 0.55435 0.52973 0.58330 0.52271 0.61154 0.52208 0.63820 0.52367 0.65938 0.53163 0.68859 0.54504 0.69216 0.56131 0.67257 0.57763 0.64106 0.58960 0.61089 0.60014 0.58042 0.60865 0.55470 0.61222 0.53540
4 0.23492 0.48632 0.24537 0.46102 0.24864 0.44088 0.23643 0.42933 0.23437 0.40812 0.23599 0.38613 0.23267 0.38991 0.21937 0.40493 0.20661 0.41260 0.20101 0.41738 0.19663 0.42386 0.18235 0.45282 0.16320 0.49782 0.15880 0.52811 0.15662 0.54770 0.15963 0.56697 0.17592 0.57115 0.20274 0.56646 0.21537 0.54980 0.22555 0.51627 0.23492 0.48632
4 0.82587 0.59867 0.82390 0.60792 0.82088 0.62214 0.81933 0.65082 0.81995 0.67179 0.82360 0.69262 0.83491 0.70840 0.85535 0.72170 0.86710 0.72121 0.87729 0.68989 0.88132 0.65433 0.87607 0.62420 0.86696 0.60519 0.85454 0.58989 0.83602 0.58894 0.82587 0.59867
