4 0.32327 0.41858 0.32095 0.38109 0.30818 0.35486 0.29658 0.33306 0.28553 0.31300 0.27509 0.29902 0.26695 0.29552 0.25938 0.29989 0.25589 0.32344 0.25415 0.36798 0.25302 0.40727 0.25647 0.45000 0.25822 0.46661 0.27622 0.47710 0.30004 0.47361 0.31749 0.47011 0.32327 0.45350 0.32327 0.41858
4 0.25302 0.42120 0.25244 0.40115 0.24313 0.38803 0.22280 0.37672 0.21524 0.36885 0.20480 0.36361 0.20422 0.39503 0.20422 0.43169 0.20247 0.47011 0.20945 0.49978 0.22862 0.52071 0.24720 0.51115 0.25822 0.49628 0.26229 0.47186 0.25647 0.44568 0.25302 0.42120
4 0.41007 0.49705 0.40658 0.48749 0.39960 0.50579 0.39378 0.52934 0.39265 0.54770 0.40018 0.56426 0.42109 0.57213 0.43793 0.56951 0.46058 0.56776 0.46640 0.55902 0.46989 0.53022 0.46931 0.51803 0.44956 0.51716 0.42575 0.50667 0.41007 0.49705
4 0.64182 0.49098 0.62789 0.51279 0.61102 0.52153 0.60465 0.52672 0.60815 0.55383 0.61800 0.56863 0.64589 0.57475 0.65982 0.56164 0.66564 0.53284 0.66273 0.49967 0.65516 0.47874 0.65171 0.46213 0.65113 0.45694 0.64647 0.47000 0.64182 0.49098
4 0.80840 0.47989 0.81665 0.44579 0.81956 0.39700 0.82004 0.34896 0.81665 0.30896 0.81276 0.28137 0.80455 0.26683 0.79098 0.26973 0.77745 0.28355 0.77065 0.31552 0.75516 0.33885 0.74305 0.35339 0.73822 0.37372 0.73629 0.40503 0.73436 0.43197 0.73629 0.45224 0.75760 0.46760 0.77695 0.47989 0.79295 0.48432 0.80840 0.47989
4 0.64764 0.35410 0.64218 0.31202 0.63345 0.29377 0.60440 0.28158 0.57636 0.29180 0.55447 0.32344 0.54284 0.35399 0.53702 0.39415 0.53356 0.44825 0.53356 0.49279 0.54516 0.51546 0.58465 0.52071 0.62415 0.51634 0.64400 0.48579 0.65204 0.40115 0.64764 0.35410
4 0.50240 0.51137 0.47804 0.51399 0.46873 0.52361 0.47105 0.54628 0.47804 0.58120 0.49895 0.59956 0.51927 0.58645 0.52913 0.56377 0.53320 0.53060 0.53495 0.50443 0.53378 0.49831 0.51753 0.50612 0.50240 0.51137
4 0.79400 0.48497 0.77578 0.48120 0.75567 0.46989 0.74876 0.47459 0.74687 0.48973 0.74876 0.51240 0.75378 0.53787 0.75567 0.54164 0.76949 0.55770 0.78898 0.57661 0.80345 0.59923 0.81160 0.60776 0.81916 0.60300 0.82040 0.56902 0.81662 0.53126 0.81225 0.50481 0.80531 0.49257 0.79400 0.48497
4 0.49869 0.51284 0.52367 0.50940 0.53356 0.49541 0.53240 0.45525 0.53589 0.40465 0.53760 0.37497 0.53415 0.34962 0.51727 0.31907 0.50335 0.30339 0.48011 0.29902 0.46444 0.30077 0.45222 0.30426 0.43596 0.31995 0.42029 0.34093 0.41564 0.37235 0.41331 0.41339 0.41156 0.45700 0.41273 0.48579 0.42204 0.50503 0.44702 0.51984 0.47313 0.51896 0.49869 0.51284
4 0.85633 0.48787 0.86698 0.44361 0.86553 0.40284 0.86313 0.36787 0.85636 0.34372 0.84520 0.34896 0.83455 0.35683 0.82440 0.36940 0.82149 0.38098 0.81760 0.40858 0.81520 0.45088 0.81084 0.47552 0.81567 0.49158 0.82876 0.51268 0.84135 0.51918 0.84909 0.51268 0.85633 0.48787
4 0.27709 0.47486 0.26600 0.47213 0.26309 0.48169 0.25731 0.49918 0.24858 0.50612 0.24276 0.52535 0.24451 0.55590 0.24858 0.58645 0.25615 0.61087 0.27473 0.61087 0.29622 0.58383 0.30898 0.55153 0.31305 0.50355 0.31015 0.47732 0.29636 0.47486 0.27709 0.47486
4 0.20269 0.45552 0.18935 0.44765 0.16902 0.43546 0.14869 0.42148 0.14462 0.41448 0.14462 0.44940 0.14287 0.48432 0.14287 0.51137 0.15160 0.53060 0.16611 0.53060 0.17887 0.52535 0.19167 0.51399 0.20211 0.50180 0.20269 0.47820 0.20269 0.45552
4 0.73185 0.46563 0.72022 0.47874 0.69989 0.48749 0.68538 0.48836 0.66331 0.48137 0.65575 0.48049 0.65691 0.49355 0.66447 0.51541 0.66447 0.53022 0.67382 0.53005 0.69055 0.53388 0.69600 0.55300 0.71211 0.57475 0.73476 0.58962 0.75393 0.56776 0.75102 0.53372 0.74753 0.49186 0.74345 0.47700 0.73185 0.46563
4 0.41331 0.41858 0.41505 0.38279 0.41331 0.35486 0.39822 0.33393 0.37964 0.31995 0.36047 0.30863 0.35756 0.30863 0.34825 0.32694 0.33665 0.35836 0.32967 0.38541 0.32618 0.43082 0.32560 0.45612 0.34302 0.48404 0.36276 0.49016 0.38716 0.49016 0.40807 0.48492 0.41273 0.44306 0.41331 0.41858
4 0.73047 0.46978 0.73436 0.42967 0.73582 0.38317 0.73389 0.35995 0.72902 0.33596 0.72178 0.31049 0.70822 0.30169 0.69273 0.30240 0.68400 0.32077 0.67047 0.33951 0.66080 0.36060 0.65498 0.38022 0.65207 0.40350 0.65207 0.42689 0.65062 0.45224 0.65593 0.47923 0.67047 0.48787 0.70095 0.48787 0.71985 0.48650 0.73047 0.46978
4 0.56167 0.51486 0.54887 0.51486 0.53960 0.50268 0.53378 0.50355 0.53611 0.52535 0.53844 0.56639 0.54484 0.59869 0.55876 0.62311 0.58258 0.62224 0.59651 0.58820 0.60582 0.55415 0.60582 0.52186 0.59476 0.52098 0.56167 0.51486
4 0.40309 0.50962 0.40600 0.49219 0.39844 0.48869 0.37695 0.48869 0.35371 0.48869 0.34153 0.48607 0.33338 0.47557 0.32931 0.46689 0.32178 0.46077 0.31305 0.47126 0.30956 0.47995 0.31480 0.50180 0.31364 0.52361 0.31247 0.55066 0.31189 0.54803 0.31131 0.57596 0.31189 0.59956 0.31596 0.61700 0.32411 0.61962 0.33745 0.61437 0.35371 0.60475 0.36767 0.58295 0.38858 0.55503 0.39553 0.52973 0.40309 0.50962
