4 0.31573 0.43750 0.30950 0.40046 0.29406 0.37571 0.28025 0.35524 0.26716 0.33645 0.25531 0.32363 0.24685 0.32100 0.23978 0.32614 0.23877 0.34993 0.24169 0.39440 0.24468 0.43359 0.25258 0.47573 0.25605 0.49207 0.27505 0.50062 0.29837 0.49465 0.31537 0.48935 0.31938 0.47223 0.31573 0.43750
4 0.24613 0.44745 0.24346 0.42757 0.23283 0.41550 0.21143 0.40637 0.20309 0.39934 0.19216 0.39521 0.19487 0.42652 0.19870 0.46299 0.20098 0.50137 0.21102 0.53015 0.23227 0.54896 0.24975 0.53751 0.25915 0.52158 0.26065 0.49686 0.25213 0.47144 0.24613 0.44745
4 0.41026 0.50647 0.40579 0.49732 0.40075 0.51625 0.39743 0.54029 0.39823 0.55866 0.40745 0.57434 0.42906 0.57998 0.44553 0.57562 0.46788 0.57151 0.47275 0.56220 0.47321 0.53320 0.47136 0.52114 0.45163 0.52234 0.42685 0.51439 0.41026 0.50647
4 0.64010 0.47621 0.62853 0.49935 0.61266 0.50981 0.60687 0.51564 0.61318 0.54223 0.62453 0.55592 0.65291 0.55910 0.66539 0.54460 0.66816 0.51535 0.66180 0.48266 0.65209 0.46264 0.64692 0.44648 0.64580 0.44138 0.64253 0.45485 0.64010 0.47621
4 0.80461 0.44776 0.80925 0.41299 0.80705 0.36415 0.80250 0.31634 0.79495 0.27691 0.78820 0.24987 0.77850 0.23628 0.76532 0.24057 0.75331 0.25574 0.74989 0.28824 0.73692 0.31306 0.72640 0.32878 0.72371 0.34951 0.72507 0.38085 0.72597 0.40784 0.73000 0.42780 0.75280 0.44085 0.77333 0.45105 0.78970 0.45378 0.80461 0.44776
4 0.63158 0.33947 0.62175 0.29819 0.61117 0.28095 0.58100 0.27187 0.55418 0.28496 0.53572 0.31872 0.52734 0.35031 0.52575 0.39086 0.52797 0.44503 0.53263 0.48932 0.54653 0.51066 0.58636 0.51175 0.62517 0.50327 0.64173 0.47082 0.64087 0.38580 0.63158 0.33947
4 0.50357 0.51105 0.47962 0.51621 0.47137 0.52675 0.47605 0.54906 0.48665 0.58305 0.50936 0.59913 0.52820 0.58396 0.53563 0.56038 0.53622 0.52696 0.53522 0.50075 0.53342 0.49478 0.51807 0.50425 0.50357 0.51105
4 0.79082 0.45432 0.77231 0.45248 0.75113 0.44333 0.74475 0.44873 0.74445 0.46398 0.74870 0.48633 0.75635 0.51113 0.75862 0.51469 0.77405 0.52922 0.79541 0.54599 0.81217 0.56697 0.82116 0.57460 0.82818 0.56908 0.82586 0.53515 0.81815 0.49799 0.81105 0.47214 0.80286 0.46070 0.79082 0.45432
4 0.50004 0.51291 0.52453 0.50687 0.53290 0.49193 0.52754 0.45210 0.52573 0.40142 0.52432 0.37173 0.51824 0.34687 0.49827 0.31826 0.48278 0.30412 0.45921 0.30220 0.44380 0.30557 0.43202 0.31033 0.41749 0.32762 0.40410 0.35013 0.40275 0.38187 0.40473 0.42292 0.40755 0.46647 0.41172 0.49499 0.42299 0.51315 0.44938 0.52527 0.47526 0.52167 0.50004 0.51291
4 0.85311 0.45069 0.85908 0.40555 0.85337 0.36517 0.84733 0.33064 0.83808 0.30732 0.82752 0.31371 0.81775 0.32265 0.80897 0.33620 0.80729 0.34803 0.80630 0.37588 0.80834 0.41820 0.80657 0.44316 0.81306 0.45863 0.82829 0.47824 0.84148 0.48340 0.84850 0.47612 0.85311 0.45069
4 0.27568 0.49830 0.26437 0.49674 0.26248 0.50656 0.25855 0.52455 0.25060 0.53237 0.24682 0.55210 0.25175 0.58230 0.25900 0.61225 0.26907 0.63576 0.28755 0.63381 0.30610 0.60467 0.31541 0.57121 0.31445 0.52307 0.30882 0.49729 0.29485 0.49629 0.27568 0.49830
4 0.19967 0.48684 0.18557 0.48041 0.16409 0.47042 0.14241 0.45863 0.13763 0.45210 0.14127 0.48682 0.14319 0.52173 0.14602 0.54863 0.15671 0.56685 0.17114 0.56533 0.18328 0.55878 0.19482 0.54614 0.20393 0.53293 0.20204 0.50939 0.19967 0.48684
4 0.72699 0.44158 0.71679 0.45584 0.69749 0.46666 0.68315 0.46905 0.66047 0.46440 0.65285 0.46432 0.65538 0.47719 0.66518 0.49813 0.66673 0.51286 0.67601 0.51172 0.69304 0.51378 0.70047 0.53223 0.71876 0.55217 0.74285 0.56459 0.75962 0.54085 0.75317 0.50729 0.74532 0.46603 0.73972 0.45167 0.72699 0.44158
4 0.40527 0.42809 0.40327 0.39231 0.39861 0.36472 0.38142 0.34548 0.36147 0.33351 0.34123 0.32427 0.33834 0.32457 0.33100 0.34375 0.32274 0.37621 0.31863 0.40384 0.31990 0.44937 0.32197 0.47459 0.34221 0.50054 0.36249 0.50456 0.38675 0.50201 0.40700 0.49461 0.40725 0.45249 0.40527 0.42809
4 0.72605 0.44586 0.72573 0.40556 0.72231 0.35916 0.71797 0.33626 0.71062 0.31292 0.70076 0.28835 0.68635 0.28102 0.67102 0.28334 0.66426 0.30251 0.65276 0.32257 0.64535 0.34456 0.64161 0.36467 0.64115 0.38813 0.64360 0.41139 0.64480 0.43676 0.65290 0.46305 0.66827 0.47012 0.69858 0.46693 0.71724 0.46360 0.72605 0.44586
4 0.56289 0.50834 0.55016 0.50967 0.53966 0.49852 0.53397 0.50000 0.53856 0.52144 0.54517 0.56201 0.55491 0.59346 0.57131 0.61630 0.59491 0.61294 0.60520 0.57763 0.61090 0.54280 0.60752 0.51068 0.59644 0.51096 0.56289 0.50834
4 0.40463 0.51970 0.40570 0.50205 0.39781 0.49937 0.37644 0.50161 0.35333 0.50404 0.34094 0.50271 0.33174 0.49312 0.32678 0.48491 0.31866 0.47961 0.31107 0.49095 0.30851 0.49996 0.31600 0.52115 0.31712 0.54296 0.31880 0.56998 0.31794 0.56743 0.32028 0.59526 0.32333 0.61868 0.32920 0.63559 0.33758 0.63735 0.35030 0.63074 0.36546 0.61947 0.37707 0.59633 0.39494 0.56637 0.39921 0.54048 0.40463 0.51970
