4 0.17401 0.30528 0.16111 0.29528 0.13922 0.31261 0.12571 0.34787 0.11408 0.41927 0.11384 0.44455 0.12672 0.46622 0.14855 0.46679 0.16854 0.45344 0.17878 0.41037 0.18402 0.36772 0.18761 0.32703 0.17401 0.30528
4 0.91277 0.36346 0.90087 0.39114 0.88467 0.41951 0.87888 0.43920 0.87854 0.46945 0.87668 0.49849 0.87744 0.50617 0.88857 0.53273 0.89700 0.54020 0.90785 0.54153 0.91928 0.51762 0.92446 0.48899 0.93552 0.44730 0.93770 0.41594 0.93317 0.38370 0.92231 0.36846 0.91277 0.36346
4 0.17462 0.47312 0.16630 0.46579 0.15878 0.48705 0.15049 0.51977 0.13605 0.55708 0.13348 0.58948 0.14294 0.62756 0.15469 0.64692 0.17778 0.64874 0.19807 0.61004 0.20895 0.56176 0.21998 0.51778 0.21952 0.48711 0.20233 0.47761 0.17462 0.47312
4 0.66754 0.37117 0.64982 0.32569 0.62427 0.30355 0.59276 0.30708 0.55948 0.34208 0.54263 0.38746 0.53091 0.43671 0.52778 0.47956 0.53729 0.51134 0.58126 0.52732 0.62215 0.52807 0.66550 0.50285 0.66985 0.46748 0.67170 0.40649 0.66754 0.37117
4 0.69937 0.62415 0.71409 0.59637 0.71640 0.56604 0.70647 0.53740 0.68627 0.51802 0.65573 0.51325 0.63587 0.52555 0.62251 0.53660 0.61621 0.55903 0.60993 0.63319 0.61476 0.66860 0.61968 0.69770 0.63180 0.72559 0.64895 0.72980 0.67034 0.71661 0.67987 0.69668 0.68384 0.66439 0.69937 0.62415
4 0.24394 0.47219 0.22477 0.49618 0.21611 0.52043 0.21353 0.56443 0.21736 0.61980 0.21718 0.65568 0.22767 0.67387 0.24649 0.66457 0.26718 0.63963 0.29368 0.60807 0.30754 0.56437 0.30315 0.51951 0.27862 0.48908 0.24394 0.47219
4 0.78620 0.44058 0.78501 0.40989 0.77967 0.37862 0.77206 0.35441 0.76396 0.33971 0.74804 0.31984 0.73299 0.31588 0.70874 0.33503 0.69354 0.37225 0.68904 0.40333 0.68312 0.42269 0.67562 0.46079 0.68166 0.50375 0.69509 0.52650 0.71590 0.53537 0.74055 0.53630 0.75563 0.54554 0.77706 0.53236 0.78912 0.48002 0.78620 0.44058
4 0.40756 0.50912 0.37061 0.48775 0.33330 0.49260 0.31458 0.52410 0.30546 0.55250 0.30535 0.59369 0.30105 0.60578 0.30163 0.63544 0.30512 0.66437 0.31955 0.69675 0.34571 0.70207 0.37608 0.66780 0.39465 0.62576 0.41210 0.56987 0.41235 0.53930 0.40756 0.50912
4 0.51001 0.52068 0.46989 0.51365 0.43023 0.50878 0.42862 0.51598 0.41759 0.55996 0.41274 0.59947 0.41191 0.65211 0.41584 0.69480 0.44146 0.72224 0.47114 0.70478 0.49581 0.65928 0.50047 0.60400 0.51118 0.56195 0.51259 0.52960 0.51001 0.52068
4 0.37363 0.40580 0.37432 0.36577 0.36877 0.33027 0.35376 0.30305 0.33901 0.29072 0.30836 0.31017 0.29309 0.33680 0.27505 0.39159 0.26463 0.41875 0.27263 0.47463 0.29128 0.48961 0.30587 0.49140 0.32590 0.48959 0.35029 0.46937 0.36373 0.45202 0.37363 0.40580
4 0.86822 0.61848 0.87376 0.56745 0.87418 0.54110 0.87525 0.52644 0.86400 0.53774 0.84194 0.55614 0.83200 0.56232 0.82125 0.54620 0.81278 0.55785 0.81078 0.57973 0.80552 0.60549 0.80149 0.63241 0.79788 0.65626 0.81378 0.68774 0.82100 0.69813 0.83370 0.70390 0.84883 0.67833 0.86052 0.65235 0.86822 0.61848
4 0.61120 0.55950 0.61044 0.53722 0.58917 0.52619 0.54964 0.52025 0.53362 0.51828 0.52043 0.53356 0.51408 0.56231 0.50803 0.61749 0.50397 0.65608 0.51267 0.70038 0.52205 0.72162 0.54558 0.72023 0.58144 0.66980 0.59217 0.63420 0.60560 0.59363 0.61120 0.55950
4 0.51422 0.48638 0.51921 0.44580 0.52122 0.38910 0.51655 0.32942 0.50545 0.29324 0.48221 0.28088 0.43210 0.28633 0.40933 0.32786 0.39052 0.38887 0.38089 0.42142 0.37858 0.45174 0.39884 0.48803 0.42948 0.50339 0.45324 0.51683 0.48102 0.52662 0.50210 0.52181 0.51422 0.48638
4 0.79466 0.64216 0.80850 0.58685 0.81221 0.54509 0.80244 0.52700 0.77096 0.53582 0.75344 0.54636 0.73516 0.53984 0.72715 0.54734 0.71690 0.57350 0.71181 0.60348 0.71386 0.63855 0.71913 0.66451 0.73055 0.70392 0.74304 0.74027 0.75544 0.74288 0.76088 0.73296 0.77688 0.69482 0.79466 0.64216
4 0.26958 0.30961 0.26049 0.27999 0.24145 0.26822 0.20515 0.29329 0.18890 0.33350 0.17798 0.38809 0.17475 0.43730 0.18110 0.47181 0.20485 0.48002 0.23112 0.46743 0.25740 0.44324 0.27000 0.39830 0.27351 0.35231 0.26958 0.30961
4 0.87562 0.37982 0.86451 0.35524 0.85089 0.34515 0.83582 0.35280 0.81666 0.37679 0.79693 0.40497 0.78271 0.44015 0.78656 0.44910 0.78678 0.47023 0.78918 0.49693 0.79307 0.51112 0.80458 0.53255 0.82562 0.55095 0.83978 0.56219 0.85916 0.54244 0.87321 0.51458 0.87758 0.48451 0.87929 0.43619 0.87811 0.40544 0.87562 0.37982
4 0.09829 0.52496 0.09237 0.56754 0.10818 0.57687 0.12918 0.56676 0.14370 0.53481 0.16094 0.48094 0.15713 0.46574 0.12827 0.47062 0.11395 0.48365 0.09829 0.52496
