4 0.20017 0.26700 0.18859 0.25550 0.16474 0.27004 0.14704 0.30339 0.12680 0.37284 0.12347 0.39790 0.13362 0.42098 0.15521 0.42421 0.17669 0.41339 0.19210 0.37190 0.20250 0.33020 0.21102 0.29025 0.20017 0.26700
4 0.92633 0.41478 0.91115 0.44081 0.89161 0.46699 0.88346 0.48583 0.87944 0.51581 0.87405 0.54441 0.87388 0.55212 0.88168 0.57984 0.88914 0.58828 0.89975 0.59093 0.91401 0.56859 0.92264 0.54080 0.93869 0.50077 0.94468 0.46991 0.94411 0.43735 0.93520 0.42091 0.92633 0.41478
4 0.18032 0.43367 0.17296 0.42537 0.16290 0.44557 0.15069 0.47703 0.13181 0.51230 0.12531 0.54415 0.13005 0.58310 0.13936 0.60375 0.16205 0.60836 0.18691 0.57242 0.20359 0.52583 0.21990 0.48352 0.22318 0.45303 0.20728 0.44150 0.18032 0.43367
4 0.68200 0.39255 0.66994 0.34525 0.64729 0.32016 0.61558 0.31982 0.57828 0.35051 0.55603 0.39349 0.53839 0.44095 0.53007 0.48310 0.53563 0.51580 0.57732 0.53702 0.61782 0.54275 0.66392 0.52300 0.67254 0.48842 0.68182 0.42812 0.68200 0.39255
4 0.68275 0.64752 0.70075 0.62174 0.70674 0.59192 0.70037 0.56229 0.68268 0.54059 0.65296 0.53213 0.63174 0.54191 0.61714 0.55125 0.60815 0.57276 0.59288 0.64559 0.59336 0.68132 0.59469 0.71082 0.60332 0.73997 0.61984 0.74624 0.64267 0.73576 0.65456 0.71713 0.66243 0.68557 0.68275 0.64752
4 0.24923 0.44120 0.22729 0.46266 0.21574 0.48568 0.20781 0.52904 0.20487 0.58446 0.20032 0.62005 0.20851 0.63938 0.22832 0.63245 0.25190 0.61022 0.28205 0.58212 0.30113 0.54043 0.30224 0.49537 0.28160 0.46218 0.24923 0.44120
4 0.79131 0.47590 0.79387 0.44529 0.79238 0.41361 0.78777 0.38865 0.78153 0.37307 0.76815 0.35141 0.75369 0.34565 0.72729 0.36170 0.70766 0.39679 0.69941 0.42709 0.69117 0.44558 0.67909 0.48249 0.67985 0.52586 0.69040 0.55008 0.70998 0.56142 0.73433 0.56534 0.74818 0.57636 0.77105 0.56589 0.78940 0.51541 0.79131 0.47590
4 0.40714 0.49779 0.37307 0.47207 0.33545 0.47234 0.31302 0.50133 0.30051 0.52840 0.29539 0.56927 0.28964 0.58075 0.28661 0.61026 0.28655 0.63940 0.29692 0.67330 0.32223 0.68176 0.35656 0.65144 0.38011 0.61198 0.40424 0.55864 0.40822 0.52832 0.40714 0.49779
4 0.50742 0.52174 0.46845 0.50988 0.42968 0.50021 0.42721 0.50716 0.41089 0.54947 0.40126 0.58810 0.39403 0.64024 0.39273 0.68310 0.41481 0.71345 0.44640 0.69974 0.47643 0.65759 0.48779 0.60328 0.50354 0.56285 0.50889 0.53092 0.50742 0.52174
4 0.38605 0.39110 0.39162 0.35146 0.39044 0.31555 0.37885 0.28670 0.36571 0.27266 0.33292 0.28823 0.31452 0.31280 0.28994 0.36498 0.27629 0.39067 0.27741 0.44711 0.29410 0.46425 0.30837 0.46781 0.32847 0.46845 0.35513 0.45136 0.37059 0.43577 0.38605 0.39110
4 0.85104 0.66247 0.86276 0.61249 0.86638 0.58639 0.86923 0.57197 0.85669 0.58182 0.83255 0.59739 0.82193 0.60231 0.81323 0.58501 0.80340 0.59554 0.79874 0.61701 0.79039 0.64194 0.78311 0.66817 0.77662 0.69140 0.78856 0.72458 0.79446 0.73577 0.80636 0.74304 0.82450 0.71952 0.83926 0.69515 0.85104 0.66247
4 0.60312 0.57261 0.60508 0.55040 0.58531 0.53686 0.54680 0.52615 0.53114 0.52224 0.51618 0.53580 0.50638 0.56356 0.49365 0.61759 0.48492 0.65540 0.48815 0.70043 0.49488 0.72265 0.51840 0.72415 0.56014 0.67846 0.57513 0.64443 0.59341 0.60580 0.60312 0.57261
4 0.51578 0.48821 0.52567 0.44854 0.53457 0.39251 0.53721 0.33270 0.53061 0.29544 0.50904 0.28035 0.45865 0.27965 0.43098 0.31809 0.40488 0.37635 0.39136 0.40749 0.38536 0.43730 0.40105 0.47579 0.42960 0.49478 0.45153 0.51101 0.47792 0.52411 0.49943 0.52190 0.51578 0.48821
4 0.77514 0.67701 0.79561 0.62380 0.80439 0.58281 0.79690 0.56365 0.76458 0.56857 0.74590 0.57690 0.72855 0.56820 0.71969 0.57467 0.70632 0.59938 0.69762 0.62852 0.69538 0.66358 0.69744 0.68999 0.70398 0.73050 0.71195 0.76810 0.72394 0.77220 0.73055 0.76302 0.75107 0.72711 0.77514 0.67701
4 0.29450 0.28295 0.28909 0.25245 0.27162 0.23844 0.23255 0.25889 0.21151 0.29683 0.19402 0.34968 0.18482 0.39813 0.18691 0.43316 0.20949 0.44420 0.23709 0.43491 0.26612 0.41410 0.28411 0.37103 0.29320 0.32581 0.29450 0.28295
4 0.88747 0.42649 0.87944 0.40074 0.86715 0.38907 0.85126 0.39483 0.82931 0.41630 0.80630 0.44187 0.78789 0.47505 0.79063 0.48440 0.78827 0.50541 0.78740 0.53219 0.78954 0.54675 0.79834 0.56943 0.81699 0.59025 0.82967 0.60313 0.85131 0.58590 0.86865 0.55995 0.87666 0.53064 0.88424 0.48289 0.88682 0.45222 0.88747 0.42649
4 0.09824 0.47582 0.08718 0.51735 0.10173 0.52855 0.12381 0.52107 0.14211 0.49113 0.16579 0.43976 0.16386 0.42421 0.13462 0.42553 0.11882 0.43673 0.09824 0.47582
