4 0.62291 0.77553 0.61282 0.78368 0.61378 0.79586 0.61113 0.82191 0.62591 0.82553 0.64751 0.82153 0.66510 0.81813 0.67180 0.80851 0.66921 0.79294 0.65499 0.77474 0.63752 0.77521 0.62291 0.77553
4 0.54973 0.76314 0.53240 0.75839 0.50304 0.75236 0.49552 0.76554 0.49097 0.78766 0.48675 0.80832 0.49244 0.82006 0.51227 0.82617 0.52976 0.83021 0.54265 0.83017 0.54948 0.81757 0.55479 0.79938 0.55740 0.77829 0.54973 0.76314
4 0.69895 0.75098 0.67446 0.74310 0.65572 0.74925 0.64878 0.75511 0.64592 0.77233 0.65424 0.77505 0.66424 0.78254 0.67154 0.79692 0.67630 0.80548 0.69078 0.79840 0.70880 0.78092 0.71872 0.76454 0.71450 0.75383 0.69895 0.75098
4 0.58005 0.77236 0.57047 0.77988 0.55880 0.79660 0.55258 0.81379 0.55602 0.82802 0.58300 0.82980 0.59933 0.82685 0.60896 0.81416 0.61071 0.79213 0.60601 0.77613 0.59671 0.76800 0.58005 0.77236
4 0.28469 0.69491 0.26360 0.68930 0.24314 0.68833 0.23972 0.69352 0.23031 0.70029 0.22520 0.72001 0.23613 0.74047 0.25276 0.75324 0.26453 0.74104 0.27310 0.72810 0.27952 0.72213 0.28708 0.71118 0.28819 0.70397 0.28469 0.69491
4 0.26172 0.69262 0.27740 0.69249 0.29076 0.68065 0.28846 0.67118 0.28783 0.66432 0.26881 0.65469 0.24785 0.64610 0.23453 0.64080 0.21639 0.63957 0.20890 0.65504 0.20515 0.68327 0.21286 0.69848 0.22284 0.70603 0.22190 0.71253 0.22530 0.71479 0.22966 0.70310 0.23574 0.69858 0.24763 0.69307 0.26172 0.69262
4 0.69862 0.71361 0.69241 0.72112 0.68281 0.73609 0.68138 0.74470 0.69146 0.74703 0.70648 0.74976 0.71878 0.75709 0.72220 0.75190 0.73746 0.73675 0.74759 0.72190 0.73836 0.71829 0.71726 0.71268 0.69862 0.71361
4 0.42826 0.79032 0.43274 0.77348 0.43512 0.76059 0.43547 0.74946 0.42229 0.74117 0.39808 0.73707 0.38713 0.73607 0.38255 0.73650 0.37552 0.74757 0.37555 0.76922 0.37573 0.78767 0.38674 0.80317 0.40095 0.80941 0.41445 0.80877 0.42140 0.80614 0.42826 0.79032
4 0.31499 0.73360 0.31498 0.72164 0.31185 0.70600 0.30332 0.70175 0.29108 0.70638 0.27929 0.71864 0.25885 0.74677 0.25499 0.75852 0.26634 0.77236 0.28515 0.78045 0.30215 0.78438 0.31352 0.77875 0.31541 0.76575 0.31475 0.74920 0.31499 0.73360
4 0.52885 0.14163 0.51210 0.14068 0.49095 0.15098 0.48750 0.16007 0.47856 0.18129 0.47513 0.20197 0.50463 0.20789 0.55088 0.21682 0.56220 0.21134 0.56893 0.18512 0.56876 0.16270 0.56290 0.15325 0.54767 0.14349 0.52885 0.14163
4 0.37214 0.75499 0.37792 0.74437 0.37960 0.73952 0.37350 0.73213 0.35625 0.72445 0.32799 0.72088 0.32769 0.72457 0.31296 0.73757 0.31671 0.76013 0.31374 0.77060 0.31095 0.78266 0.32568 0.78907 0.34552 0.79513 0.36582 0.79680 0.36903 0.78786 0.37013 0.77092 0.37214 0.75499
4 0.46986 0.75068 0.45148 0.74791 0.43963 0.75565 0.43363 0.77442 0.43106 0.79996 0.43283 0.80931 0.45521 0.81898 0.47221 0.82290 0.48172 0.81314 0.48785 0.79138 0.49190 0.77142 0.48744 0.75695 0.46986 0.75068
4 0.63053 0.17696 0.60964 0.16584 0.58954 0.16570 0.58087 0.17375 0.56942 0.18883 0.56344 0.20892 0.56653 0.21593 0.59127 0.22789 0.61974 0.23536 0.63505 0.23598 0.64533 0.23783 0.65226 0.20795 0.64497 0.19013 0.63053 0.17696
