4 0.23604 0.50835 0.24790 0.54195 0.27582 0.55420 0.30033 0.53740 0.32995 0.50835 0.34349 0.49005 0.35449 0.46255 0.35280 0.41520 0.34773 0.38160 0.32742 0.34955 0.29271 0.32815 0.27834 0.33275 0.25634 0.34650 0.24873 0.37705 0.23435 0.43810 0.23435 0.48090 0.23604 0.50835
4 0.21490 0.84125 0.25465 0.80770 0.27582 0.78630 0.29102 0.74660 0.29357 0.69925 0.28934 0.66110 0.28427 0.62445 0.27665 0.61525 0.26141 0.61070 0.24111 0.63815 0.22335 0.66720 0.21163 0.68550 0.19543 0.72065 0.19460 0.74965 0.19205 0.81075 0.19205 0.84430 0.21490 0.84125
4 0.84942 0.80460 0.86548 0.82295 0.88324 0.81530 0.89424 0.77105 0.90102 0.72520 0.90440 0.68245 0.89765 0.63360 0.88410 0.60000 0.86042 0.59540 0.84263 0.63055 0.83504 0.65495 0.82576 0.67000 0.82319 0.69010 0.82233 0.72980 0.83673 0.78325 0.84942 0.80460
4 0.50931 0.46410 0.54061 0.48850 0.58546 0.49155 0.62014 0.49465 0.65144 0.48850 0.65989 0.44120 0.65482 0.39535 0.64551 0.34650 0.62859 0.31290 0.61590 0.27780 0.59476 0.24570 0.56260 0.23350 0.54155 0.24250 0.52188 0.28100 0.51524 0.30680 0.50676 0.33275 0.50000 0.37855 0.50338 0.43355 0.50931 0.46410
4 0.35025 0.77410 0.38324 0.74660 0.39596 0.70690 0.39934 0.65650 0.40017 0.59845 0.39848 0.58165 0.38748 0.56640 0.34263 0.56640 0.31895 0.57860 0.29526 0.60150 0.28681 0.63360 0.28850 0.66110 0.29188 0.71910 0.29950 0.74965 0.30374 0.76645 0.32150 0.78325 0.35025 0.77410
4 0.74873 0.77105 0.76565 0.79850 0.78681 0.82445 0.79271 0.82905 0.79950 0.78935 0.79612 0.73745 0.78596 0.69160 0.77496 0.65800 0.75042 0.63055 0.72759 0.61830 0.71828 0.63360 0.71828 0.67175 0.71828 0.71605 0.72504 0.74200 0.74873 0.77105
4 0.11108 0.88985 0.13900 0.89440 0.16355 0.88370 0.18299 0.86695 0.18978 0.83485 0.18892 0.79975 0.18892 0.77835 0.18130 0.76310 0.16524 0.75545 0.14069 0.77530 0.13138 0.80125 0.11446 0.83790 0.10515 0.87150 0.11108 0.88985
4 0.06515 0.82755 0.07953 0.83820 0.10407 0.83060 0.12100 0.79850 0.13282 0.77410 0.14720 0.74050 0.15061 0.69925 0.14468 0.65800 0.13790 0.62595 0.12269 0.59845 0.09222 0.58470 0.07615 0.58470 0.06684 0.60000 0.05753 0.64275 0.05247 0.70690 0.05499 0.76950 0.06515 0.82755
4 0.64551 0.73130 0.66582 0.75575 0.68867 0.76340 0.71150 0.77410 0.71573 0.72980 0.71911 0.68705 0.71330 0.64300 0.68612 0.58625 0.66330 0.57405 0.62776 0.56790 0.61845 0.57250 0.61421 0.59695 0.61338 0.64580 0.61845 0.69010 0.64551 0.73130
4 0.47377 0.72520 0.49069 0.68245 0.50255 0.63510 0.51017 0.59085 0.51017 0.56485 0.50000 0.55115 0.45601 0.53890 0.42895 0.54350 0.40186 0.56640 0.40017 0.60305 0.39934 0.63815 0.40017 0.65955 0.40440 0.70080 0.41964 0.72520 0.45263 0.74965 0.47377 0.72520
4 0.36125 0.47020 0.36803 0.49005 0.39679 0.49005 0.44756 0.48700 0.47208 0.48090 0.49831 0.47170 0.50338 0.45645 0.50255 0.41065 0.49831 0.37400 0.49238 0.32970 0.48562 0.29765 0.47125 0.26100 0.44925 0.24265 0.42047 0.23960 0.39765 0.25335 0.37310 0.28695 0.36380 0.32205 0.35787 0.36635 0.35111 0.43660 0.36125 0.47020
4 0.14044 0.63510 0.14806 0.67025 0.17513 0.68095 0.19374 0.65650 0.21997 0.61525 0.23690 0.58165 0.23942 0.52975 0.23690 0.48700 0.22080 0.44880 0.20305 0.41825 0.16925 0.39850 0.15144 0.40760 0.13790 0.45645 0.13114 0.52515 0.13030 0.56945 0.14044 0.63510
4 0.81302 0.67175 0.83163 0.65495 0.83504 0.61525 0.84263 0.56180 0.84349 0.52210 0.84180 0.47785 0.82995 0.44425 0.81643 0.42590 0.78934 0.41980 0.77158 0.45340 0.76058 0.48395 0.75465 0.51755 0.75042 0.55115 0.75551 0.59695 0.77158 0.62750 0.80119 0.66565 0.81302 0.67175
4 0.72335 0.55570 0.74704 0.55570 0.75720 0.50225 0.75720 0.46560 0.74704 0.42285 0.72928 0.36940 0.71828 0.34955 0.69798 0.33580 0.66751 0.34190 0.65144 0.36480 0.65144 0.38775 0.65399 0.41675 0.65399 0.44425 0.65144 0.48395 0.67260 0.50990 0.67091 0.51755 0.69460 0.53280 0.72335 0.55570
4 0.55753 0.74050 0.58546 0.74355 0.60152 0.72675 0.61169 0.67025 0.61507 0.62900 0.61507 0.60000 0.61000 0.57100 0.59806 0.55700 0.56260 0.54650 0.54072 0.55250 0.51856 0.55100 0.51100 0.58015 0.50848 0.60915 0.50848 0.64885 0.51355 0.67940 0.53723 0.71910 0.55753 0.74050
