4 0.09184 0.43587 0.10996 0.47660 0.13256 0.47967 0.15972 0.47207 0.16608 0.42233 0.16244 0.34993 0.16064 0.30167 0.14976 0.25940 0.12988 0.23527 0.11720 0.23380 0.09800 0.26267 0.08824 0.30167 0.08460 0.36047 0.08552 0.39820 0.09184 0.43587
4 0.04116 0.43287 0.05296 0.44947 0.07284 0.44947 0.08460 0.43287 0.08460 0.39213 0.08460 0.34993 0.09004 0.30167 0.09456 0.27907 0.09004 0.25793 0.06560 0.24587 0.04480 0.24733 0.04752 0.26247 0.03936 0.29713 0.03304 0.34993 0.03576 0.39667 0.04116 0.43287
4 0.14344 0.61840 0.15612 0.58973 0.16788 0.54900 0.17148 0.51133 0.17240 0.48267 0.16424 0.47660 0.13440 0.48867 0.12172 0.48567 0.10632 0.47060 0.10632 0.50073 0.10904 0.55653 0.12804 0.61840 0.14344 0.61840
4 0.17060 0.47660 0.18056 0.51133 0.21220 0.52033 0.24752 0.50073 0.27012 0.49020 0.27828 0.45247 0.28280 0.38913 0.28460 0.34993 0.28100 0.32127 0.26380 0.28960 0.23032 0.25793 0.20952 0.23527 0.19320 0.22173 0.17420 0.23380 0.15884 0.28507 0.16064 0.34240 0.16516 0.41027 0.17060 0.47660
4 0.27736 0.41933 0.28100 0.49020 0.30000 0.51887 0.34252 0.52187 0.37240 0.52340 0.37600 0.47660 0.37512 0.37707 0.37512 0.33333 0.37512 0.30167 0.37148 0.27600 0.35884 0.25040 0.32444 0.23527 0.30000 0.25793 0.28824 0.28660 0.28192 0.34387 0.28100 0.37253 0.27736 0.41933
4 0.97148 0.35747 0.97148 0.32427 0.96876 0.28507 0.96152 0.24287 0.95340 0.20967 0.94524 0.18853 0.93712 0.18100 0.92264 0.20967 0.90272 0.26093 0.89096 0.30620 0.89096 0.35900 0.89096 0.42080 0.89184 0.46907 0.90816 0.47207 0.94164 0.46607 0.96876 0.44793 0.97148 0.35747
4 0.86560 0.50227 0.88824 0.44793 0.89728 0.39367 0.89728 0.33180 0.89820 0.27907 0.89004 0.25040 0.88280 0.23080 0.86288 0.22473 0.83212 0.25340 0.81404 0.30013 0.80860 0.33787 0.80680 0.39667 0.80496 0.44193 0.79684 0.51433 0.80496 0.50980 0.82852 0.51433 0.84660 0.52033 0.86560 0.50227
4 0.21312 0.68173 0.23032 0.64707 0.24752 0.61387 0.25476 0.55207 0.25112 0.51133 0.24388 0.50227 0.21676 0.51280 0.20044 0.51887 0.18236 0.50827 0.17512 0.50827 0.17420 0.53693 0.16788 0.57013 0.15700 0.59580 0.15700 0.62140 0.16424 0.66513 0.17964 0.68780 0.21312 0.68173
4 0.57332 0.72247 0.58688 0.69833 0.59684 0.65913 0.60228 0.62140 0.60316 0.57313 0.60228 0.54147 0.58780 0.53093 0.55960 0.53267 0.55428 0.51280 0.54976 0.48720 0.54976 0.47060 0.54616 0.47360 0.54164 0.47967 0.54080 0.51133 0.54000 0.53667 0.51176 0.54300 0.49276 0.54600 0.49368 0.56260 0.49456 0.58673 0.49636 0.61387 0.50092 0.65760 0.52716 0.69987 0.55884 0.72400 0.57332 0.72247
4 0.80588 0.48567 0.81040 0.42080 0.81040 0.34840 0.79864 0.26847 0.79232 0.25493 0.77240 0.23080 0.76152 0.22473 0.72988 0.24133 0.71808 0.27000 0.70452 0.30467 0.70180 0.34540 0.70544 0.40273 0.70904 0.45700 0.70724 0.50980 0.71084 0.53547 0.73800 0.53847 0.76336 0.53093 0.78236 0.51887 0.80588 0.48567
4 0.55248 0.49473 0.55972 0.53240 0.61220 0.53847 0.65384 0.54000 0.68644 0.53847 0.70632 0.51587 0.70816 0.44347 0.70440 0.35600 0.70092 0.27907 0.69096 0.24433 0.67284 0.21567 0.64300 0.19460 0.60228 0.19607 0.58236 0.23680 0.56696 0.27453 0.55792 0.31527 0.55248 0.36653 0.55248 0.43287 0.55248 0.49473
4 0.91280 0.64533 0.91080 0.59400 0.90452 0.51433 0.89728 0.48567 0.87196 0.47813 0.85656 0.50227 0.83212 0.51433 0.81040 0.51887 0.81040 0.52940 0.82128 0.58973 0.83756 0.62447 0.86472 0.66513 0.89640 0.68327 0.91280 0.64533
4 0.29548 0.75267 0.32352 0.73907 0.34164 0.71040 0.35972 0.67420 0.36968 0.62447 0.37332 0.56107 0.37240 0.52340 0.34704 0.51887 0.32352 0.51587 0.30632 0.51280 0.28644 0.50073 0.27284 0.48720 0.25748 0.50680 0.25112 0.52940 0.25296 0.56560 0.24840 0.58827 0.25112 0.60480 0.25384 0.66967 0.25564 0.70587 0.26472 0.73907 0.29548 0.75267
4 0.46288 0.73607 0.49004 0.68780 0.49368 0.64553 0.49456 0.59727 0.49096 0.56713 0.48100 0.54600 0.45476 0.53693 0.42400 0.53547 0.39684 0.52640 0.37964 0.51587 0.37148 0.51280 0.37240 0.55960 0.37240 0.60933 0.37420 0.62593 0.38324 0.66820 0.40860 0.72400 0.43304 0.74207 0.46288 0.73607
4 0.63124 0.73300 0.66020 0.72547 0.68008 0.68327 0.70092 0.63500 0.71084 0.58067 0.71356 0.54600 0.70544 0.52640 0.68008 0.53847 0.64572 0.53547 0.61676 0.53240 0.59772 0.54900 0.59956 0.58827 0.60136 0.64407 0.61040 0.71040 0.63124 0.73300
4 0.80680 0.74660 0.83392 0.69533 0.82760 0.62293 0.81312 0.56260 0.80588 0.52640 0.79412 0.50680 0.77148 0.52033 0.73980 0.53393 0.72172 0.55053 0.71268 0.56860 0.70632 0.60333 0.71268 0.63953 0.72988 0.67573 0.75340 0.71493 0.77784 0.74960 0.80680 0.74660
4 0.37148 0.42233 0.37240 0.48113 0.38056 0.52340 0.41764 0.53240 0.46560 0.54000 0.51084 0.54000 0.53800 0.53240 0.54164 0.48267 0.53892 0.41933 0.53800 0.34840 0.53168 0.28807 0.50904 0.23680 0.48008 0.20667 0.46020 0.19907 0.43032 0.19760 0.41040 0.22773 0.39772 0.25493 0.38416 0.29867 0.37512 0.36653 0.37148 0.42233
