4 0.24362 0.66214 0.26625 0.67723 0.30995 0.67272 0.33259 0.64103 0.34317 0.60634 0.32960 0.56563 0.32205 0.53245 0.33411 0.52643 0.35821 0.52036 0.36125 0.49777 0.34616 0.49777 0.31147 0.50380 0.30094 0.51134 0.26625 0.52036 0.23005 0.52643 0.22549 0.53545 0.22549 0.56411 0.23759 0.60786 0.23906 0.63201 0.24362 0.66214
4 0.03848 0.61991 0.05205 0.63500 0.06411 0.63955 0.08978 0.64406 0.10938 0.63652 0.11540 0.60786 0.11844 0.57620 0.13500 0.54000 0.14705 0.51888 0.14558 0.50076 0.13500 0.50076 0.12143 0.49473 0.09732 0.49625 0.08071 0.51433 0.06866 0.53848 0.05656 0.56563 0.04755 0.59277 0.03848 0.61991
4 0.96759 0.36201 0.96607 0.32884 0.95250 0.30317 0.92536 0.30317 0.89518 0.33183 0.88464 0.37255 0.88464 0.41330 0.88915 0.46005 0.91478 0.46455 0.95853 0.46759 0.96455 0.44495 0.96759 0.36201
4 0.91478 0.53696 0.89973 0.50679 0.88009 0.47513 0.87107 0.46005 0.83335 0.45701 0.80772 0.45250 0.77906 0.47513 0.77451 0.49777 0.80759 0.52321 0.82143 0.55804 0.83487 0.58674 0.83031 0.59880 0.87107 0.60482 0.90576 0.60183 0.91630 0.57469 0.91478 0.53696
4 0.26772 0.44951 0.28433 0.47513 0.31295 0.49777 0.37183 0.49924 0.41705 0.49321 0.44272 0.48567 0.45777 0.44344 0.45777 0.38915 0.44723 0.33031 0.43366 0.30018 0.38687 0.27906 0.32656 0.29562 0.29942 0.31375 0.27982 0.34393 0.26321 0.38915 0.26772 0.44951
4 0.11692 0.71344 0.13500 0.70893 0.16214 0.69536 0.19536 0.67424 0.23304 0.64558 0.24362 0.61089 0.21495 0.57920 0.20290 0.54902 0.19987 0.52643 0.17723 0.52036 0.15915 0.52491 0.14103 0.53848 0.12897 0.55656 0.12143 0.58674 0.10938 0.62295 0.10031 0.65312 0.10031 0.68179 0.10482 0.70589 0.11692 0.71344
4 0.88616 0.46156 0.88915 0.42839 0.89067 0.39366 0.89366 0.36804 0.89067 0.33335 0.87255 0.28808 0.84995 0.26848 0.81674 0.26549 0.76094 0.30469 0.75643 0.34540 0.76245 0.39067 0.78058 0.42536 0.80469 0.44196 0.82429 0.46005 0.85295 0.46455 0.88616 0.46156
4 0.64179 0.71040 0.66893 0.69987 0.68402 0.66214 0.69005 0.62446 0.69460 0.58674 0.68554 0.54451 0.67500 0.51134 0.65237 0.50679 0.59955 0.52036 0.56335 0.53545 0.55732 0.54902 0.56027 0.57902 0.56790 0.59880 0.58750 0.65612 0.59955 0.68027 0.62370 0.70138 0.64179 0.71040
4 0.76094 0.45701 0.76696 0.43138 0.76848 0.39821 0.75643 0.36049 0.74888 0.32884 0.73228 0.30170 0.71268 0.28661 0.69308 0.28058 0.65085 0.30920 0.63277 0.33786 0.64179 0.36652 0.64933 0.38915 0.64634 0.43893 0.63576 0.46308 0.63277 0.48116 0.65991 0.49022 0.71571 0.48870 0.75192 0.47964 0.76094 0.45701
4 0.52719 0.65312 0.55130 0.62897 0.56036 0.59277 0.55732 0.55509 0.55281 0.53696 0.56942 0.51888 0.56942 0.50076 0.53620 0.50531 0.48643 0.50380 0.45777 0.50228 0.45777 0.52036 0.45630 0.54603 0.46531 0.58522 0.46384 0.62594 0.47888 0.64857 0.50607 0.66518 0.52719 0.65312
4 0.38687 0.69835 0.41705 0.69987 0.44571 0.68781 0.46232 0.65763 0.46384 0.61991 0.46080 0.55960 0.45326 0.52036 0.45174 0.49777 0.41103 0.50228 0.36880 0.51585 0.33563 0.53245 0.32960 0.55960 0.33862 0.61089 0.34768 0.64406 0.35973 0.67571 0.38687 0.69835
4 0.06875 0.50670 0.10179 0.50670 0.12009 0.49330 0.13201 0.45402 0.14857 0.43290 0.15612 0.40875 0.15612 0.38161 0.14103 0.35598 0.12143 0.33795 0.08978 0.32732 0.06563 0.30772 0.02942 0.31826 0.02036 0.35446 0.02339 0.38915 0.04000 0.44196 0.06875 0.50670
4 0.15313 0.47513 0.15612 0.51585 0.19536 0.52491 0.25870 0.52339 0.30094 0.50982 0.30241 0.49174 0.27679 0.47665 0.26924 0.44951 0.26772 0.41179 0.26321 0.38312 0.26473 0.34844 0.25415 0.33487 0.22250 0.31527 0.18326 0.31978 0.17120 0.34540 0.15612 0.38464 0.15161 0.43290 0.15313 0.47513
4 0.47589 0.51134 0.52719 0.50830 0.57844 0.49321 0.61312 0.47813 0.63880 0.44495 0.64634 0.41179 0.64482 0.36652 0.62067 0.31978 0.59804 0.27906 0.57241 0.25795 0.53620 0.26397 0.50755 0.28058 0.45929 0.32884 0.45174 0.35750 0.44875 0.42384 0.45777 0.48268 0.47589 0.51134
4 0.81527 0.67723 0.82732 0.63955 0.82732 0.60335 0.82429 0.56563 0.80317 0.52643 0.78357 0.50531 0.75643 0.49022 0.71268 0.49777 0.69759 0.51433 0.68857 0.53545 0.69156 0.57469 0.69612 0.61388 0.70214 0.62897 0.72174 0.65460 0.76549 0.68179 0.80772 0.69384 0.81527 0.67723
4 0.96455 0.48420 0.94951 0.46759 0.92384 0.46156 0.88763 0.46005 0.87710 0.46911 0.89821 0.49777 0.90728 0.52942 0.92536 0.55205 0.95554 0.56563 0.97964 0.55656 0.98567 0.51888 0.96455 0.48420
