4 0.71918 0.49046 0.71325 0.49076 0.68940 0.49899 0.66405 0.49672 0.63375 0.50261 0.62530 0.52579 0.62861 0.55571 0.62625 0.57684 0.62260 0.61446 0.63461 0.64805 0.64682 0.68527 0.65816 0.71540 0.67434 0.72933 0.69721 0.72129 0.70839 0.67867 0.71589 0.62237 0.71740 0.55827 0.71911 0.51567 0.71918 0.49046
4 0.68555 0.23542 0.67361 0.20987 0.64410 0.19401 0.62234 0.20275 0.60143 0.24909 0.60194 0.30292 0.60911 0.33477 0.61831 0.37702 0.62822 0.44073 0.63153 0.47065 0.62768 0.50464 0.64322 0.50254 0.66421 0.49754 0.68491 0.49627 0.70942 0.49419 0.72412 0.46973 0.72647 0.44591 0.71987 0.39144 0.70933 0.32432 0.70029 0.28288 0.68555 0.23542
4 0.08768 0.39611 0.07913 0.36983 0.06448 0.34779 0.05272 0.33147 0.04466 0.32992 0.03852 0.35595 0.04176 0.40814 0.05166 0.45905 0.05982 0.50559 0.07340 0.53558 0.08833 0.55910 0.10180 0.54867 0.10430 0.51713 0.09980 0.48074 0.09300 0.43234 0.08768 0.39611
4 0.51421 0.53933 0.50835 0.53235 0.49935 0.51165 0.48868 0.50025 0.49292 0.52730 0.49158 0.55629 0.48196 0.57347 0.46253 0.57365 0.45477 0.58504 0.46243 0.61680 0.48953 0.66637 0.50639 0.68646 0.52165 0.68800 0.53342 0.67401 0.53988 0.64579 0.53598 0.60519 0.52958 0.57227 0.52555 0.55152 0.51421 0.53933
4 0.34419 0.51870 0.33138 0.47922 0.32323 0.43731 0.32582 0.38867 0.32472 0.36089 0.31977 0.33544 0.30288 0.30615 0.28587 0.29390 0.25638 0.28407 0.23911 0.30610 0.22545 0.35999 0.22636 0.40020 0.23671 0.47121 0.24428 0.51012 0.26109 0.55657 0.28483 0.57684 0.31787 0.58280 0.34970 0.57350 0.36179 0.56029 0.35830 0.54237 0.34419 0.51870
4 0.86001 0.44466 0.85412 0.46832 0.84497 0.48534 0.83729 0.48952 0.83711 0.50395 0.84194 0.54169 0.84349 0.57018 0.84933 0.59241 0.86736 0.61587 0.88549 0.63479 0.90352 0.64031 0.91438 0.61661 0.90923 0.56454 0.89744 0.50125 0.88473 0.44614 0.87489 0.42109 0.86446 0.42403 0.86001 0.44466
4 0.79287 0.45637 0.78600 0.49815 0.77597 0.52352 0.76018 0.53196 0.75804 0.54409 0.76797 0.57986 0.79047 0.61867 0.81327 0.65377 0.83589 0.67005 0.85548 0.65276 0.85103 0.60690 0.84185 0.55201 0.83583 0.48761 0.81755 0.45517 0.80504 0.43961 0.79287 0.45637
4 0.24324 0.48702 0.23090 0.44129 0.22323 0.38843 0.21299 0.36242 0.19936 0.32779 0.18383 0.29665 0.16481 0.27857 0.13593 0.30285 0.13552 0.34954 0.14450 0.42233 0.15695 0.48207 0.17292 0.52869 0.18679 0.56015 0.20483 0.59080 0.23557 0.58947 0.25475 0.56402 0.25725 0.53248 0.24324 0.48702
4 0.81949 0.19877 0.80812 0.19427 0.80155 0.21446 0.79856 0.23682 0.79514 0.26536 0.79093 0.31565 0.78717 0.34243 0.79107 0.38303 0.79505 0.41642 0.80092 0.44401 0.81593 0.45189 0.83169 0.47133 0.84530 0.48754 0.85718 0.47175 0.85960 0.43803 0.85970 0.39482 0.85455 0.34013 0.84513 0.29432 0.83594 0.25206 0.81949 0.19877
4 0.88655 0.25790 0.87824 0.24335 0.87072 0.24573 0.85895 0.25973 0.84992 0.29022 0.85012 0.31177 0.85464 0.34774 0.86012 0.38620 0.86049 0.40864 0.86568 0.41483 0.87718 0.42784 0.89465 0.44336 0.90527 0.44666 0.91546 0.43480 0.91580 0.40594 0.91330 0.35701 0.91035 0.33154 0.90187 0.30080 0.89168 0.27399 0.88655 0.25790
4 0.15909 0.56395 0.14210 0.58744 0.13074 0.58660 0.12426 0.57541 0.12372 0.60815 0.12793 0.64302 0.12730 0.66645 0.13255 0.69343 0.14422 0.72684 0.15873 0.73494 0.17901 0.71081 0.17780 0.66908 0.17864 0.63786 0.18002 0.60960 0.17887 0.57255 0.17562 0.55146 0.15909 0.56395
1 0.79422 0.34283 0.78717 0.34243 0.79070 0.36059 0.79456 0.37784 0.79861 0.39865 0.79754 0.42399 0.80059 0.44230 0.80828 0.43812 0.80869 0.41468 0.80639 0.38994 0.80100 0.36219 0.79422 0.34283
4 0.72035 0.49383 0.71892 0.53278 0.71759 0.57977 0.71761 0.61575 0.73993 0.65363 0.75492 0.67951 0.77761 0.68589 0.78135 0.65637 0.77300 0.61847 0.76273 0.56563 0.75469 0.53211 0.74203 0.51572 0.72565 0.49554 0.72035 0.49383
4 0.22890 0.59052 0.20193 0.59454 0.18684 0.56478 0.17953 0.55381 0.17761 0.58835 0.17531 0.63851 0.18230 0.67443 0.18869 0.70734 0.20701 0.77058 0.21984 0.77894 0.24393 0.74321 0.25868 0.69063 0.26607 0.67986 0.26936 0.64353 0.25917 0.59110 0.25096 0.57098 0.22890 0.59052
4 0.45671 0.63859 0.45610 0.60723 0.45276 0.57732 0.44410 0.57632 0.42208 0.57340 0.38508 0.56260 0.37555 0.55725 0.36102 0.54660 0.35931 0.55327 0.35555 0.56474 0.34284 0.57892 0.34121 0.59095 0.34529 0.61712 0.34639 0.63307 0.36660 0.68307 0.38659 0.72951 0.40198 0.76251 0.41889 0.78527 0.43386 0.79316 0.44422 0.78486 0.44988 0.75228 0.45271 0.71306 0.45494 0.67578 0.45671 0.63859
4 0.62655 0.52195 0.62359 0.51178 0.61651 0.51401 0.59538 0.51812 0.57375 0.52233 0.55308 0.52634 0.53164 0.53411 0.52550 0.54342 0.52858 0.56710 0.53463 0.59825 0.54137 0.63293 0.55231 0.67125 0.56379 0.69690 0.57889 0.71555 0.59464 0.71963 0.61152 0.68579 0.62104 0.63989 0.62221 0.61002 0.62607 0.57328 0.62755 0.54243 0.62655 0.52195
4 0.46867 0.57368 0.49403 0.55789 0.49158 0.50090 0.48367 0.45584 0.47050 0.41021 0.45647 0.36017 0.44383 0.31291 0.42815 0.26777 0.41234 0.23515 0.39493 0.21212 0.37212 0.20564 0.35225 0.21420 0.34128 0.22878 0.33708 0.25594 0.33024 0.29613 0.32295 0.34726 0.32255 0.39395 0.32323 0.43731 0.32855 0.47355 0.34343 0.52348 0.37812 0.56023 0.40905 0.57289 0.43570 0.57698 0.46867 0.57368
4 0.77848 0.26952 0.77073 0.22966 0.76149 0.20267 0.74917 0.19066 0.73688 0.21465 0.72156 0.25630 0.71250 0.32010 0.71238 0.36057 0.72153 0.41271 0.72704 0.45392 0.72160 0.48999 0.73977 0.51433 0.74955 0.52866 0.76371 0.53219 0.77963 0.51921 0.79051 0.49819 0.79765 0.45276 0.79536 0.39745 0.78870 0.35293 0.78261 0.31635 0.77848 0.26952
4 0.60995 0.33887 0.59205 0.29105 0.56604 0.23712 0.53870 0.19418 0.52270 0.18326 0.49947 0.19083 0.48930 0.21477 0.48409 0.24994 0.47735 0.30407 0.47201 0.35635 0.47787 0.42201 0.48930 0.48970 0.51112 0.53981 0.55982 0.52882 0.60130 0.51605 0.62505 0.50522 0.62968 0.46705 0.62389 0.40607 0.60995 0.33887
4 0.33091 0.58270 0.30157 0.58566 0.27842 0.57937 0.26486 0.57127 0.25490 0.57137 0.25884 0.59671 0.26795 0.63087 0.27207 0.65972 0.28030 0.69948 0.28831 0.73300 0.29778 0.75092 0.31923 0.74583 0.33275 0.71265 0.34062 0.67879 0.34542 0.64186 0.34349 0.60631 0.34088 0.58522 0.33091 0.58270
4 0.16208 0.49505 0.15065 0.42736 0.13920 0.39073 0.12795 0.37272 0.10991 0.34207 0.09979 0.32537 0.08570 0.33281 0.08702 0.38379 0.09623 0.45349 0.10575 0.49355 0.11569 0.54908 0.13100 0.58344 0.14298 0.59197 0.16058 0.57610 0.16541 0.55656 0.16936 0.53249 0.16208 0.49505
4 0.10767 0.55223 0.09548 0.55148 0.07978 0.56387 0.07037 0.59522 0.07064 0.62775 0.07727 0.68398 0.08184 0.69859 0.09765 0.70021 0.12465 0.67941 0.12796 0.64771 0.12249 0.59747 0.11694 0.56439 0.10767 0.55223
