4 0.81021 0.55612 0.81643 0.55482 0.82786 0.54940 0.83319 0.54331 0.84097 0.53041 0.84455 0.52217 0.84723 0.51371 0.84982 0.50408 0.85238 0.49530 0.85473 0.48819 0.85911 0.47901 0.86712 0.46445 0.87275 0.45330 0.86376 0.45734 0.85597 0.46110 0.84675 0.46451 0.83860 0.46590 0.83144 0.46640 0.82468 0.46757 0.81846 0.47115 0.81103 0.47957 0.80942 0.48145 0.80339 0.50335 0.79623 0.53666 0.79733 0.54064 0.79972 0.54324 0.80237 0.54789 0.80747 0.55487 0.80996 0.55635 0.81021 0.55612
4 0.33610 0.51494 0.34699 0.51055 0.35758 0.50601 0.36843 0.49309 0.37768 0.48261 0.38400 0.46239 0.39011 0.44683 0.39637 0.43179 0.40060 0.41481 0.39392 0.39463 0.38665 0.37813 0.37666 0.36375 0.37083 0.35663 0.36083 0.35216 0.34840 0.35910 0.33747 0.37625 0.32900 0.39505 0.32267 0.42285 0.31235 0.45163 0.30776 0.47515 0.30888 0.49347 0.31482 0.50253 0.32466 0.50874 0.33610 0.51494
4 0.21682 0.43152 0.21802 0.44209 0.21990 0.45653 0.22174 0.46233 0.22255 0.46788 0.22609 0.47123 0.23061 0.47071 0.23557 0.46619 0.24085 0.46258 0.24633 0.45819 0.25248 0.45110 0.25429 0.44826 0.25766 0.44130 0.25948 0.41422 0.26717 0.38121 0.26861 0.37541 0.26290 0.36535 0.25580 0.35208 0.25467 0.34563 0.25067 0.33641 0.24602 0.32868 0.24347 0.32353 0.24073 0.31915 0.23850 0.31818 0.23477 0.32218 0.23052 0.33920 0.22901 0.34745 0.22805 0.35461 0.22734 0.36183 0.22503 0.37440 0.22153 0.38955 0.21925 0.40090 0.21742 0.41154 0.21723 0.41889 0.21682 0.43152
4 0.46952 0.59913 0.47539 0.59545 0.48091 0.59315 0.48698 0.58864 0.49266 0.58264 0.49579 0.57543 0.49668 0.57337 0.48020 0.56013 0.47887 0.55096 0.47739 0.55230 0.47554 0.55440 0.47265 0.55682 0.46877 0.56016 0.46454 0.56116 0.45811 0.55955 0.45069 0.55791 0.44122 0.55698 0.44201 0.55917 0.44174 0.56481 0.44284 0.56882 0.44585 0.57354 0.44804 0.57922 0.45010 0.58547 0.45183 0.59073 0.45472 0.59516 0.46035 0.59855 0.46348 0.59819 0.46952 0.59913
4 0.29095 0.56023 0.28973 0.56363 0.28881 0.56654 0.28792 0.57089 0.28819 0.57438 0.28973 0.57733 0.29202 0.57961 0.29444 0.58136 0.29813 0.58256 0.30357 0.58363 0.30780 0.58269 0.31176 0.58054 0.31626 0.57624 0.31993 0.57373 0.32358 0.56979 0.32754 0.56536 0.33208 0.55935 0.33639 0.55501 0.34073 0.55210 0.34577 0.54793 0.35219 0.54354 0.35770 0.53977 0.36302 0.53597 0.36550 0.53287 0.36666 0.52974 0.36785 0.52119 0.36925 0.50870 0.37041 0.50100 0.37128 0.49522 0.37125 0.49151 0.36718 0.49563 0.36221 0.50181 0.35846 0.50544 0.35235 0.50934 0.34592 0.51145 0.33903 0.51315 0.33457 0.51347 0.32896 0.51235 0.32403 0.50998 0.31559 0.50417 0.30958 0.49468 0.30679 0.50055 0.30446 0.50681 0.30013 0.51886 0.29845 0.52558 0.29750 0.53247 0.29692 0.53632 0.29567 0.54514 0.29471 0.54975 0.29274 0.55611 0.29095 0.56023
4 0.70767 0.66932 0.71016 0.67536 0.71234 0.67962 0.71541 0.68409 0.71792 0.68700 0.72300 0.69026 0.72752 0.69196 0.73146 0.68838 0.73492 0.67983 0.73861 0.66733 0.74205 0.65278 0.74834 0.62525 0.75079 0.60931 0.75184 0.60129 0.75213 0.59480 0.74673 0.58746 0.73435 0.55927 0.72608 0.57718 0.72239 0.58511 0.71012 0.60459 0.69624 0.61140 0.68959 0.60832 0.68863 0.60379 0.68749 0.60608 0.68675 0.60903 0.68586 0.61338 0.68687 0.61848 0.69039 0.62421 0.69368 0.62931 0.69805 0.63696 0.70096 0.64511 0.70289 0.65187 0.70505 0.66153 0.70767 0.66932
4 0.59200 0.55245 0.59504 0.57100 0.59928 0.57864 0.61097 0.58551 0.62412 0.58927 0.63478 0.58567 0.63963 0.58163 0.64945 0.58193 0.65712 0.57132 0.65901 0.57344 0.66810 0.56615 0.67727 0.54604 0.68193 0.52743 0.68512 0.49956 0.68748 0.47346 0.68496 0.45702 0.68291 0.44333 0.67822 0.43392 0.66998 0.42725 0.66204 0.42923 0.65594 0.42903 0.64932 0.43001 0.63812 0.43875 0.62848 0.44656 0.61766 0.45210 0.61066 0.45727 0.60579 0.49263 0.60133 0.51590 0.59326 0.54288 0.59200 0.55245
4 0.53174 0.61132 0.53937 0.60870 0.54431 0.60542 0.55002 0.59971 0.55600 0.59288 0.56016 0.58702 0.56450 0.57977 0.56705 0.57589 0.55818 0.58034 0.55174 0.58135 0.53654 0.58255 0.52932 0.58289 0.52122 0.58230 0.51244 0.58130 0.50814 0.57880 0.50613 0.57925 0.50546 0.58384 0.50516 0.58567 0.50619 0.58854 0.50785 0.59205 0.50872 0.59940 0.51029 0.60454 0.51421 0.60790 0.51925 0.61058 0.52591 0.61248 0.53174 0.61132
4 0.65213 0.65326 0.65448 0.65761 0.65756 0.65957 0.65933 0.66041 0.66331 0.66140 0.66706 0.65857 0.67157 0.65157 0.67525 0.64318 0.67809 0.63497 0.68428 0.61650 0.68860 0.60291 0.68264 0.58438 0.68011 0.56592 0.68155 0.55062 0.67816 0.54463 0.67589 0.55001 0.67300 0.55523 0.67187 0.55871 0.66956 0.56269 0.66814 0.56571 0.66681 0.56736 0.66412 0.56966 0.66128 0.57153 0.65952 0.57327 0.65780 0.57383 0.65658 0.57393 0.65505 0.57374 0.65436 0.57436 0.65206 0.57775 0.65171 0.57865 0.64987 0.58018 0.64735 0.58074 0.64386 0.58205 0.63988 0.58264 0.63559 0.58553 0.63621 0.58727 0.63699 0.59421 0.63849 0.60092 0.63974 0.60757 0.64133 0.61550 0.64314 0.62308 0.64540 0.62939 0.64753 0.63567 0.64812 0.64018 0.64982 0.64555 0.65213 0.65326
4 0.47953 0.55119 0.47947 0.55891 0.48285 0.56208 0.49219 0.56868 0.50269 0.57674 0.51500 0.58195 0.53317 0.58317 0.55110 0.58170 0.56684 0.57590 0.57892 0.56791 0.59049 0.55234 0.59830 0.52724 0.60505 0.49927 0.60847 0.47413 0.60926 0.45687 0.60746 0.43834 0.60641 0.41796 0.60168 0.40165 0.59486 0.38942 0.57872 0.38425 0.55982 0.38903 0.53991 0.40542 0.52124 0.42828 0.50611 0.44585 0.50027 0.45531 0.49823 0.47236 0.49460 0.48568 0.48881 0.51271 0.48127 0.53787 0.47953 0.55119
4 0.21115 0.53220 0.21621 0.53175 0.22479 0.53018 0.23183 0.52480 0.23932 0.52071 0.24530 0.51732 0.25152 0.51602 0.25786 0.51274 0.26231 0.50786 0.26455 0.50271 0.26443 0.50012 0.25892 0.49018 0.25570 0.45656 0.25719 0.44295 0.25234 0.45173 0.24245 0.46239 0.23432 0.46750 0.22797 0.47162 0.22439 0.47073 0.22162 0.47574 0.21831 0.48291 0.21645 0.48730 0.21267 0.49865 0.21125 0.50512 0.20916 0.51347 0.20794 0.51913 0.20670 0.52567 0.20779 0.52965 0.21115 0.53220
4 0.77197 0.58904 0.78031 0.57756 0.78749 0.56415 0.79466 0.54416 0.79878 0.52546 0.80479 0.49697 0.81302 0.46944 0.81256 0.46028 0.80956 0.45912 0.80380 0.46138 0.79790 0.46525 0.78704 0.47364 0.77776 0.48119 0.76768 0.48977 0.75679 0.49938 0.75531 0.49983 0.74739 0.52169 0.73452 0.55793 0.74092 0.57514 0.74582 0.58622 0.75218 0.59479 0.75692 0.59885 0.76407 0.59653 0.77197 0.58904
4 0.68274 0.58540 0.69024 0.60862 0.69627 0.61107 0.70981 0.60496 0.72272 0.58493 0.73628 0.55462 0.74880 0.51837 0.76117 0.48397 0.77072 0.45456 0.77055 0.43365 0.75917 0.43366 0.74942 0.43597 0.72531 0.45273 0.71185 0.46264 0.69648 0.47448 0.68922 0.48074 0.68396 0.51833 0.67838 0.54393 0.68194 0.55056 0.68005 0.56575 0.68274 0.58540
4 0.58780 0.61412 0.59081 0.61796 0.59314 0.62068 0.59736 0.62221 0.60518 0.62202 0.61189 0.61799 0.61690 0.61377 0.62050 0.60824 0.62436 0.60231 0.62784 0.59533 0.63129 0.58787 0.62465 0.58906 0.61767 0.58780 0.60312 0.58132 0.59918 0.57867 0.59479 0.57021 0.59142 0.55130 0.58862 0.55488 0.58551 0.55910 0.58137 0.56425 0.57898 0.56746 0.57738 0.56943 0.57509 0.57100 0.57487 0.57190 0.57496 0.57597 0.57530 0.58033 0.57579 0.58663 0.57714 0.59268 0.57820 0.59794 0.57922 0.60342 0.58041 0.60752 0.58353 0.61092 0.58580 0.61196 0.58780 0.61412
4 0.38628 0.53316 0.39779 0.54410 0.41495 0.55265 0.43732 0.55680 0.45407 0.55813 0.46793 0.56025 0.47893 0.55105 0.48205 0.53474 0.48706 0.51844 0.48970 0.50533 0.49293 0.49238 0.49834 0.46432 0.49938 0.45129 0.49802 0.43008 0.49235 0.40210 0.48430 0.38491 0.47364 0.37181 0.45867 0.35574 0.44509 0.35947 0.43493 0.36595 0.42180 0.38308 0.40883 0.40594 0.39563 0.43349 0.38753 0.45330 0.38255 0.46819 0.37672 0.48903 0.37565 0.50347 0.37594 0.51638 0.38628 0.53316
4 0.30843 0.47167 0.31451 0.44472 0.32491 0.41315 0.32777 0.39916 0.31980 0.39432 0.31227 0.36873 0.30756 0.34573 0.29906 0.32653 0.28994 0.31619 0.28258 0.32669 0.27433 0.34835 0.26702 0.38401 0.25948 0.41677 0.25564 0.45756 0.25957 0.49128 0.26725 0.50363 0.28068 0.50555 0.29128 0.49728 0.30337 0.47800 0.30843 0.47167
4 0.77857 0.67125 0.78256 0.67281 0.78674 0.67129 0.79549 0.66291 0.80068 0.65279 0.80555 0.63860 0.80764 0.62485 0.80799 0.60668 0.80894 0.58837 0.80859 0.56231 0.80726 0.55542 0.79801 0.54141 0.79630 0.53756 0.79443 0.54509 0.78683 0.56488 0.77968 0.57907 0.77234 0.58866 0.76476 0.59618 0.75923 0.59851 0.75672 0.59789 0.75513 0.59664 0.75300 0.59525 0.75182 0.59467 0.75202 0.60071 0.74839 0.62520 0.74364 0.64656 0.74494 0.64974 0.74792 0.65305 0.75286 0.65685 0.75817 0.66074 0.76285 0.66333 0.77304 0.66901 0.77857 0.67125
4 0.36678 0.57453 0.36794 0.57838 0.36976 0.58221 0.37216 0.58637 0.37671 0.58929 0.38009 0.59112 0.38568 0.59410 0.38900 0.59354 0.39308 0.59198 0.39684 0.58856 0.40115 0.58350 0.40477 0.57905 0.40956 0.57251 0.41278 0.56915 0.41725 0.56393 0.42260 0.55892 0.42633 0.55510 0.40882 0.54954 0.39460 0.54243 0.38328 0.53009 0.37578 0.51673 0.37542 0.50812 0.37693 0.49780 0.37671 0.49338 0.37665 0.49099 0.37702 0.48791 0.37681 0.48608 0.37599 0.48567 0.37504 0.48683 0.37293 0.49105 0.37151 0.49625 0.36920 0.50816 0.36840 0.52143 0.36690 0.53592 0.36667 0.54636 0.36632 0.55044 0.36608 0.55830 0.36594 0.56679 0.36678 0.57453
