4 0.28942 0.45585 0.29931 0.49514 0.33415 0.51874 0.36898 0.52831 0.39455 0.50126 0.40444 0.46284 0.40851 0.40437 0.41080 0.36596 0.41313 0.33891 0.40560 0.31710 0.38295 0.29437 0.34865 0.28568 0.33705 0.29787 0.31905 0.31273 0.30276 0.35984 0.29349 0.40087 0.28942 0.45585
4 0.40385 0.50563 0.41604 0.53880 0.42942 0.56060 0.47065 0.57284 0.49331 0.55623 0.51305 0.53880 0.51771 0.46109 0.51713 0.42268 0.51713 0.38951 0.52291 0.35896 0.52349 0.33366 0.51480 0.31710 0.49273 0.30311 0.46425 0.30574 0.44335 0.30749 0.43116 0.31710 0.42127 0.33803 0.41025 0.38694 0.40385 0.41749 0.40385 0.50563
4 0.22775 0.86322 0.25702 0.87328 0.28127 0.84940 0.29800 0.81798 0.32811 0.79033 0.33815 0.74126 0.33145 0.66585 0.32811 0.60175 0.33564 0.55399 0.33313 0.52257 0.31055 0.49869 0.28796 0.48612 0.27876 0.53388 0.25451 0.55650 0.21855 0.57284 0.22105 0.73246 0.22022 0.77525 0.21684 0.82300 0.21684 0.84311 0.22775 0.86322
4 0.69109 0.63191 0.69360 0.55273 0.69276 0.52131 0.70113 0.50623 0.70364 0.48361 0.70196 0.47984 0.68858 0.48989 0.66516 0.49743 0.64258 0.48361 0.62669 0.52257 0.61247 0.54142 0.60745 0.56153 0.60996 0.62186 0.61164 0.66962 0.61833 0.69601 0.65680 0.70481 0.68775 0.68973 0.69109 0.63191
1 0.30735 0.78585 0.31509 0.78803 0.32669 0.78656 0.33349 0.78071 0.33495 0.76328 0.33444 0.75454 0.32669 0.74437 0.32185 0.74071 0.31702 0.74508 0.30491 0.75454 0.29767 0.76694 0.30251 0.77781 0.30735 0.78585
1 0.23771 0.42027 0.25225 0.42809 0.25920 0.45432 0.26793 0.48749 0.27607 0.49186 0.28476 0.46475 0.29000 0.43071 0.29756 0.38186 0.29989 0.36180 0.29407 0.34519 0.28767 0.35131 0.27142 0.36093 0.25458 0.37836 0.23829 0.40104 0.23771 0.42027
1 0.77796 0.69049 0.78604 0.69661 0.79771 0.69486 0.80753 0.68700 0.80993 0.67563 0.79942 0.66082 0.79135 0.66082 0.78604 0.65907 0.78378 0.66082 0.77676 0.66519 0.77622 0.68000 0.77796 0.69049
4 0.41844 0.66710 0.43433 0.61809 0.43600 0.57661 0.42262 0.54142 0.40338 0.51754 0.39335 0.50120 0.36491 0.52634 0.34149 0.52760 0.33564 0.56153 0.33145 0.58792 0.32978 0.62060 0.33647 0.66208 0.33815 0.70104 0.33815 0.74760 0.33564 0.78279 0.32978 0.78656 0.35153 0.79284 0.38164 0.76896 0.40505 0.72240 0.41844 0.66710
4 0.52240 0.54147 0.53691 0.56508 0.57295 0.56596 0.60778 0.54672 0.63160 0.51268 0.64320 0.46033 0.64320 0.38262 0.63684 0.32240 0.62520 0.28661 0.60371 0.27005 0.58047 0.26743 0.55665 0.28836 0.53400 0.31628 0.52589 0.34683 0.51949 0.38525 0.51658 0.43678 0.51658 0.49350 0.52240 0.54147
1 0.12276 0.41601 0.13280 0.40093 0.13364 0.37956 0.12036 0.37432 0.10436 0.37579 0.09433 0.38585 0.09600 0.40596 0.10771 0.42230 0.11942 0.42104 0.12276 0.41601
4 0.76971 0.73120 0.77644 0.68596 0.77895 0.61934 0.77393 0.56404 0.75549 0.53011 0.71953 0.50497 0.70615 0.49492 0.69611 0.52760 0.68775 0.55273 0.69276 0.59044 0.69945 0.63066 0.71869 0.69098 0.72873 0.72115 0.75465 0.75765 0.76971 0.73120
4 0.08680 0.40721 0.12276 0.42732 0.15622 0.37705 0.16375 0.31421 0.15789 0.24760 0.14785 0.19098 0.13865 0.15328 0.10353 0.16459 0.08262 0.20230 0.06756 0.21863 0.06255 0.26142 0.06255 0.30541 0.07258 0.35191 0.08680 0.40721
4 0.19258 0.46601 0.20345 0.50372 0.21433 0.55273 0.23527 0.57913 0.25618 0.56404 0.28044 0.53011 0.28462 0.48738 0.29215 0.43710 0.29382 0.39689 0.30469 0.34661 0.31222 0.30891 0.30302 0.28251 0.27207 0.26617 0.22273 0.27246 0.20429 0.29760 0.19844 0.30011 0.18840 0.31645 0.17669 0.36546 0.17920 0.41574 0.19258 0.46601
4 0.84000 0.61683 0.84836 0.56404 0.83665 0.52257 0.81993 0.48863 0.80989 0.49618 0.78564 0.52131 0.76804 0.52885 0.77309 0.56404 0.77727 0.61683 0.77811 0.65705 0.77640 0.71235 0.79149 0.73749 0.81575 0.74760 0.83665 0.69727 0.84000 0.61683
4 0.80236 0.51377 0.82327 0.44842 0.83080 0.38306 0.83833 0.31142 0.83665 0.25989 0.83080 0.21465 0.81825 0.18951 0.79400 0.18071 0.77393 0.23727 0.75382 0.29257 0.73375 0.34158 0.73375 0.38809 0.72622 0.41574 0.70945 0.44590 0.70364 0.47104 0.71367 0.49869 0.74211 0.51754 0.77055 0.52634 0.80236 0.51377
4 0.16415 0.77022 0.17836 0.78656 0.20596 0.79033 0.22273 0.74000 0.22273 0.67590 0.21771 0.59546 0.21433 0.55273 0.21015 0.52257 0.19258 0.50623 0.18171 0.51377 0.17084 0.62311 0.16582 0.65956 0.16415 0.72743 0.16415 0.77022
4 0.60996 0.64700 0.61247 0.60175 0.60913 0.55902 0.60829 0.54519 0.58153 0.57033 0.54975 0.57158 0.52382 0.56656 0.52549 0.59672 0.51796 0.64448 0.51796 0.67465 0.53385 0.72869 0.55811 0.75011 0.59575 0.73497 0.60996 0.64700
1 0.09265 0.57689 0.09767 0.54923 0.09600 0.53164 0.08764 0.53038 0.07593 0.53290 0.07091 0.54798 0.06422 0.56683 0.06756 0.58694 0.08178 0.59071 0.09265 0.57689
4 0.07760 0.72393 0.08011 0.73147 0.08596 0.68246 0.09015 0.63847 0.10269 0.59071 0.09345 0.52514 0.07760 0.52912 0.06255 0.54546 0.05335 0.58694 0.04749 0.60831 0.04582 0.65858 0.05836 0.70885 0.07760 0.72393
4 0.65262 0.48863 0.68440 0.49869 0.70615 0.45721 0.72956 0.39689 0.73375 0.34284 0.70865 0.32022 0.67604 0.31896 0.65596 0.32776 0.65011 0.34158 0.64342 0.36546 0.64007 0.41071 0.64007 0.45219 0.65262 0.48863
4 0.51880 0.64825 0.52884 0.58541 0.52884 0.54268 0.51880 0.52005 0.50207 0.54142 0.45942 0.56530 0.43767 0.57410 0.43516 0.61180 0.43265 0.65202 0.43433 0.65202 0.45775 0.68973 0.48284 0.70230 0.50542 0.69852 0.51880 0.64825
4 0.92698 0.61432 0.93033 0.56656 0.92029 0.52508 0.90440 0.48989 0.88767 0.48109 0.85673 0.47481 0.83331 0.48235 0.82578 0.49366 0.83415 0.51377 0.84167 0.54896 0.84335 0.57158 0.84836 0.58918 0.87011 0.62060 0.89771 0.64322 0.91276 0.64197 0.92698 0.61432
1 0.26669 0.86148 0.27684 0.84765 0.28796 0.83601 0.28604 0.82656 0.28556 0.82437 0.27298 0.82148 0.26378 0.83311 0.24684 0.83891 0.23764 0.83601 0.22989 0.84257 0.23087 0.85929 0.23716 0.87164 0.25651 0.87240 0.26669 0.86148
