4 0.51764 0.51225 0.50628 0.48890 0.48488 0.48397 0.46645 0.49451 0.44938 0.50832 0.43326 0.52371 0.43701 0.54253 0.45326 0.58448 0.46250 0.60383 0.47425 0.63157 0.49603 0.65610 0.51866 0.67151 0.53421 0.65625 0.53704 0.61438 0.53094 0.56206 0.51764 0.51225
4 0.72330 0.35731 0.70844 0.38850 0.69897 0.40679 0.69255 0.43070 0.71785 0.44993 0.74087 0.46430 0.75056 0.47283 0.76334 0.46091 0.76456 0.43017 0.76567 0.40395 0.76085 0.37012 0.75282 0.33794 0.73863 0.33852 0.72330 0.35731
4 0.76623 0.38907 0.76598 0.40091 0.76516 0.41512 0.76581 0.43572 0.77711 0.44264 0.79880 0.43315 0.80427 0.40833 0.80326 0.37323 0.79913 0.34727 0.79240 0.33592 0.78732 0.33653 0.77480 0.35344 0.77012 0.37359 0.76623 0.38907
4 0.66390 0.43821 0.65618 0.46686 0.66015 0.48922 0.67511 0.51263 0.69643 0.53014 0.71807 0.54124 0.73677 0.53692 0.73401 0.50441 0.71719 0.48054 0.70048 0.45215 0.68618 0.43660 0.66390 0.43821
4 0.18519 0.62327 0.18007 0.63342 0.17709 0.63557 0.17931 0.65373 0.19160 0.67254 0.21745 0.67700 0.23454 0.66487 0.23475 0.63572 0.22848 0.63167 0.20722 0.62188 0.19831 0.61126 0.18848 0.60535 0.18519 0.62327
4 0.24766 0.61630 0.23629 0.63155 0.23595 0.64789 0.24146 0.66849 0.26341 0.67385 0.28349 0.66176 0.29286 0.63346 0.28918 0.60896 0.28127 0.60703 0.27338 0.62231 0.25956 0.62920 0.24766 0.61630
4 0.67472 0.51092 0.65923 0.48764 0.64178 0.48448 0.62503 0.49194 0.61648 0.50648 0.60277 0.51951 0.60669 0.55444 0.60913 0.57536 0.61118 0.59457 0.62720 0.61241 0.64746 0.61755 0.66757 0.62188 0.68116 0.59816 0.68563 0.57110 0.68360 0.53130 0.67472 0.51092
4 0.59236 0.47442 0.57303 0.46811 0.54659 0.47242 0.52043 0.48295 0.51257 0.49284 0.51796 0.50326 0.53158 0.57263 0.53748 0.59818 0.55924 0.64330 0.57278 0.65812 0.59108 0.65479 0.60580 0.63075 0.60787 0.58283 0.60541 0.54128 0.59236 0.47442
4 0.74159 0.46823 0.73549 0.46122 0.72912 0.46270 0.71601 0.46572 0.72185 0.48456 0.73130 0.49640 0.75012 0.51000 0.76894 0.51071 0.78493 0.49916 0.77940 0.47520 0.76071 0.46213 0.75510 0.47016 0.74159 0.46823
4 0.12075 0.55077 0.12291 0.56446 0.13674 0.59413 0.16822 0.62718 0.18362 0.62733 0.18946 0.60736 0.17912 0.57986 0.16605 0.55977 0.14234 0.54954 0.12670 0.54418 0.12075 0.55077
4 0.26964 0.51219 0.25412 0.50949 0.22596 0.51150 0.20948 0.52787 0.21303 0.54584 0.23059 0.58570 0.24741 0.60957 0.26423 0.62812 0.27573 0.62637 0.28052 0.61090 0.29961 0.56976 0.30491 0.54616 0.29848 0.52348 0.26964 0.51219
4 0.55150 0.29485 0.53310 0.31071 0.52564 0.34288 0.52482 0.38070 0.51819 0.42166 0.52535 0.43975 0.54712 0.46697 0.56495 0.47177 0.58167 0.45899 0.59575 0.42703 0.60637 0.38784 0.60426 0.34268 0.59274 0.31847 0.57122 0.30011 0.55150 0.29485
4 0.35453 0.58036 0.34588 0.56357 0.32858 0.55057 0.30868 0.54439 0.30306 0.55107 0.29891 0.57172 0.29335 0.58646 0.29346 0.59984 0.29242 0.61085 0.29663 0.63943 0.30099 0.66349 0.31074 0.67470 0.32702 0.67812 0.35424 0.67722 0.36834 0.64794 0.37135 0.62218 0.36457 0.60316 0.35453 0.58036
4 0.47684 0.44915 0.46953 0.41231 0.45536 0.38956 0.43419 0.37028 0.41504 0.36219 0.38147 0.36905 0.36159 0.38883 0.35251 0.41157 0.34025 0.43588 0.33510 0.44963 0.33734 0.46969 0.34663 0.49441 0.36609 0.51678 0.38758 0.53246 0.41118 0.52880 0.43696 0.51388 0.46192 0.49556 0.47518 0.47281 0.47684 0.44915
4 0.44528 0.55767 0.43698 0.53984 0.42312 0.53138 0.39458 0.53174 0.38291 0.54066 0.35929 0.55957 0.35406 0.56796 0.35709 0.59143 0.37118 0.62402 0.38942 0.65923 0.40625 0.68041 0.42406 0.68528 0.44380 0.67264 0.44964 0.64622 0.44978 0.62112 0.44912 0.58723 0.44528 0.55767
4 0.17459 0.52790 0.16020 0.52377 0.16356 0.54464 0.17311 0.57530 0.19131 0.60469 0.21483 0.62685 0.23654 0.62633 0.24273 0.60998 0.23071 0.58814 0.20629 0.56837 0.19384 0.54887 0.17459 0.52790
