4 0.33640 0.35011 0.32412 0.32154 0.31580 0.29185 0.29835 0.27635 0.28248 0.28231 0.26830 0.31720 0.25321 0.37018 0.24674 0.41350 0.24185 0.46908 0.27957 0.50948 0.30018 0.51317 0.31747 0.50285 0.32770 0.46901 0.33575 0.42890 0.34064 0.39151 0.33640 0.35011
4 0.16687 0.34749 0.15887 0.32388 0.14549 0.29672 0.12080 0.28650 0.11326 0.32214 0.10458 0.37732 0.10020 0.41025 0.10960 0.45671 0.11700 0.47720 0.14671 0.48490 0.16260 0.46990 0.17016 0.44336 0.15978 0.40589 0.16687 0.34749
4 0.08170 0.44220 0.07110 0.42950 0.05463 0.41613 0.04206 0.40323 0.03353 0.40866 0.01836 0.43972 0.01090 0.48531 0.00970 0.51569 0.02859 0.53140 0.04834 0.53240 0.05470 0.51624 0.06128 0.47897 0.07174 0.45482 0.08170 0.44220
4 0.29623 0.54157 0.29627 0.51423 0.29029 0.50756 0.26041 0.49227 0.25096 0.48218 0.23604 0.47909 0.22928 0.48900 0.22390 0.49454 0.21588 0.52550 0.20142 0.58165 0.19432 0.62186 0.19401 0.64301 0.19682 0.66155 0.21036 0.67812 0.23473 0.67311 0.26506 0.63839 0.28632 0.59058 0.29623 0.54157
4 0.53588 0.59404 0.52800 0.58717 0.49924 0.57957 0.48116 0.57010 0.47644 0.56051 0.46904 0.54911 0.46577 0.56238 0.46290 0.60761 0.45880 0.64661 0.46304 0.68801 0.46760 0.71730 0.48882 0.72405 0.51243 0.70834 0.52989 0.65103 0.53351 0.61656 0.53588 0.59404
4 0.87261 0.45127 0.86639 0.47903 0.85894 0.50564 0.85207 0.52706 0.86445 0.53571 0.88066 0.52583 0.89018 0.47311 0.89664 0.43696 0.90317 0.39443 0.90438 0.38298 0.89639 0.38321 0.88584 0.39475 0.87982 0.41412 0.87261 0.45127
4 0.79715 0.52022 0.78826 0.53510 0.78533 0.55688 0.78714 0.59079 0.79731 0.65084 0.80813 0.66146 0.82745 0.66666 0.83947 0.65945 0.84461 0.62948 0.84206 0.59758 0.83764 0.57610 0.82286 0.55348 0.81077 0.53532 0.80030 0.52162 0.79715 0.52022
4 0.13153 0.48330 0.11399 0.46931 0.10551 0.44114 0.10049 0.43451 0.08431 0.44343 0.06810 0.47054 0.05581 0.51477 0.05531 0.55568 0.06146 0.57903 0.08835 0.57734 0.10674 0.54741 0.12030 0.51850 0.12832 0.48748 0.13153 0.48330
4 0.62867 0.55527 0.61954 0.55126 0.60774 0.54550 0.60790 0.53490 0.60288 0.55561 0.58603 0.57050 0.56701 0.57912 0.55712 0.59170 0.55568 0.63250 0.55537 0.66280 0.56353 0.69400 0.58664 0.71010 0.60504 0.69836 0.61795 0.66639 0.62205 0.62739 0.62691 0.58994 0.63117 0.56768 0.62867 0.55527
4 0.82669 0.37741 0.80704 0.41020 0.80199 0.44000 0.79820 0.47604 0.79897 0.50493 0.80871 0.53019 0.82854 0.55046 0.84270 0.54285 0.85890 0.50665 0.86928 0.45317 0.87623 0.40538 0.87875 0.38136 0.86838 0.35298 0.85485 0.35455 0.82669 0.37741
4 0.69856 0.31694 0.67277 0.31723 0.64098 0.35637 0.62255 0.42250 0.60587 0.51796 0.61107 0.55037 0.63338 0.55576 0.66278 0.55733 0.68810 0.55242 0.70668 0.52099 0.71377 0.45350 0.72008 0.40258 0.71928 0.37369 0.71144 0.33948 0.69856 0.31694
4 0.45870 0.52074 0.47020 0.46580 0.47979 0.41071 0.47902 0.35448 0.46990 0.31409 0.45260 0.28804 0.42870 0.27033 0.38155 0.28362 0.36360 0.30902 0.34345 0.37362 0.33354 0.42263 0.32536 0.47334 0.32597 0.51283 0.34371 0.54351 0.38272 0.56280 0.42407 0.56862 0.45001 0.54864 0.45870 0.52074
4 0.81176 0.35613 0.80329 0.33705 0.78473 0.32295 0.75546 0.33806 0.71332 0.41249 0.71298 0.46098 0.71249 0.51098 0.71752 0.53580 0.72663 0.55800 0.75508 0.56855 0.77225 0.56883 0.78514 0.54590 0.79758 0.49111 0.80120 0.45664 0.80641 0.41623 0.80956 0.38623 0.81176 0.35613
4 0.10060 0.35674 0.09710 0.33321 0.08600 0.31306 0.07331 0.29489 0.06088 0.28093 0.05146 0.28842 0.04449 0.31084 0.04076 0.34627 0.04022 0.37039 0.04697 0.40691 0.05921 0.42294 0.07483 0.43831 0.09380 0.44030 0.10101 0.42208 0.10299 0.39071 0.10060 0.35674
4 0.24943 0.33340 0.23751 0.29272 0.22666 0.26881 0.21344 0.24923 0.18421 0.26435 0.17382 0.29970 0.16608 0.34588 0.16496 0.42010 0.17329 0.45888 0.19185 0.48207 0.21670 0.49073 0.23932 0.47492 0.25176 0.42923 0.25617 0.37812 0.24943 0.33340
4 0.67678 0.56033 0.64597 0.56313 0.64126 0.57173 0.64389 0.61906 0.65127 0.65774 0.66007 0.69200 0.68808 0.70709 0.70599 0.68168 0.70885 0.61827 0.71029 0.55927 0.70826 0.52420 0.69739 0.54583 0.67678 0.56033
4 0.82193 0.54914 0.83359 0.57037 0.84460 0.60418 0.84626 0.62017 0.85880 0.63307 0.87844 0.65411 0.88512 0.65374 0.89735 0.61921 0.89779 0.57712 0.88396 0.54516 0.86277 0.53237 0.84934 0.53412 0.83610 0.54645 0.82193 0.54914
4 0.22362 0.48841 0.19750 0.47357 0.17879 0.47008 0.16952 0.45849 0.15632 0.47529 0.14010 0.48420 0.13098 0.49838 0.12327 0.51729 0.11525 0.56650 0.12654 0.60412 0.12766 0.62999 0.14950 0.63986 0.17058 0.62084 0.19542 0.58402 0.21383 0.53590 0.22109 0.50334 0.22362 0.48841
4 0.61203 0.47765 0.62083 0.42096 0.62180 0.36649 0.61834 0.32670 0.60674 0.30119 0.57227 0.28395 0.52920 0.29457 0.50954 0.31826 0.50354 0.34796 0.49773 0.36707 0.48984 0.41476 0.47649 0.46951 0.46844 0.51871 0.47284 0.55861 0.51827 0.58005 0.56638 0.58510 0.59909 0.56430 0.60462 0.53907 0.61203 0.47765
4 0.71939 0.55418 0.71376 0.53540 0.71203 0.54279 0.70995 0.58957 0.71232 0.60349 0.72014 0.65589 0.74295 0.69314 0.77455 0.70104 0.79437 0.67578 0.79141 0.62242 0.78575 0.57630 0.78763 0.54921 0.77538 0.56611 0.74111 0.56556 0.71939 0.55418
4 0.42988 0.56776 0.40223 0.56785 0.37580 0.56507 0.37376 0.59367 0.37045 0.64337 0.37735 0.68657 0.39465 0.70353 0.42388 0.69751 0.44166 0.63724 0.45457 0.56883 0.45760 0.53119 0.44910 0.54854 0.42988 0.56776
4 0.33762 0.53829 0.33021 0.51780 0.32471 0.49751 0.32486 0.49605 0.31387 0.51004 0.30113 0.51327 0.29500 0.51715 0.29326 0.54278 0.28897 0.59238 0.28710 0.64675 0.30076 0.68914 0.32798 0.68443 0.35202 0.64601 0.37233 0.58900 0.37722 0.56070 0.35459 0.54923 0.33762 0.53829
