4 0.56292 0.63050 0.57389 0.59030 0.57963 0.55760 0.57963 0.52370 0.57714 0.51235 0.56628 0.50860 0.55625 0.50355 0.55206 0.51360 0.54037 0.52240 0.51701 0.52620 0.50957 0.53750 0.50957 0.55260 0.50698 0.57520 0.51282 0.60285 0.52033 0.62550 0.54289 0.64935 0.56292 0.63050
4 0.62814 0.51110 0.63894 0.47590 0.63724 0.44700 0.62973 0.41685 0.61973 0.38670 0.61229 0.37410 0.59718 0.36780 0.57628 0.38290 0.55960 0.41685 0.56126 0.44450 0.55960 0.46710 0.56043 0.49605 0.56292 0.50860 0.58807 0.51740 0.60970 0.51990 0.62814 0.51110
4 0.28658 0.51110 0.31239 0.51110 0.33160 0.50230 0.33920 0.47340 0.33920 0.43945 0.33243 0.41305 0.32326 0.39295 0.31080 0.37535 0.27980 0.37660 0.26980 0.40300 0.26655 0.46840 0.26897 0.49100 0.28658 0.51110
4 0.34163 0.50485 0.35924 0.52240 0.39256 0.52620 0.42355 0.52620 0.44359 0.51235 0.44601 0.49730 0.44944 0.45580 0.44183 0.43065 0.43266 0.40175 0.41176 0.36530 0.38422 0.36155 0.35581 0.36780 0.34578 0.39675 0.33920 0.43695 0.33744 0.47715 0.34163 0.50485
4 0.20967 0.49605 0.21884 0.51235 0.23973 0.51110 0.25651 0.48220 0.26728 0.45705 0.26728 0.42060 0.25894 0.39295 0.24648 0.37285 0.23136 0.36280 0.21468 0.35650 0.21299 0.38165 0.20884 0.41935 0.20714 0.45455 0.20967 0.49605
4 0.31239 0.58780 0.31571 0.61165 0.33744 0.63050 0.35831 0.61290 0.37000 0.58150 0.37512 0.54000 0.37512 0.52495 0.36249 0.52495 0.34747 0.51235 0.33827 0.48850 0.33243 0.49730 0.32156 0.50735 0.31156 0.51615 0.31080 0.56015 0.31239 0.58780
4 0.61887 0.64685 0.63309 0.63175 0.63977 0.60285 0.64655 0.54755 0.64478 0.52370 0.64236 0.51235 0.63558 0.50735 0.61973 0.51740 0.59884 0.51865 0.58465 0.52115 0.58299 0.53250 0.58047 0.56515 0.58299 0.58400 0.58130 0.58780 0.59050 0.62300 0.59967 0.63930 0.61887 0.64685
4 0.26561 0.61165 0.28565 0.60790 0.30076 0.58780 0.30571 0.56140 0.30821 0.53500 0.30987 0.51235 0.30904 0.51235 0.28900 0.51360 0.27897 0.50230 0.27070 0.49730 0.26485 0.52495 0.25894 0.55885 0.25392 0.59280 0.26561 0.61165
4 0.21442 0.60310 0.23528 0.60060 0.25116 0.58050 0.25535 0.55785 0.26203 0.52895 0.26203 0.51135 0.26120 0.49630 0.25365 0.49000 0.24282 0.50130 0.22777 0.50885 0.21193 0.51135 0.20023 0.53650 0.19355 0.56790 0.19439 0.59430 0.21442 0.60310
4 0.45435 0.62425 0.46688 0.63805 0.47106 0.64310 0.49369 0.62800 0.50113 0.60285 0.50698 0.56265 0.50864 0.53625 0.50698 0.52240 0.47950 0.51990 0.45947 0.51740 0.45269 0.51490 0.44435 0.52240 0.44183 0.54755 0.44767 0.59910 0.45435 0.62425
4 0.69405 0.49605 0.69990 0.45580 0.70664 0.41180 0.70575 0.39675 0.70409 0.36155 0.69737 0.35150 0.67661 0.35400 0.65395 0.37535 0.63724 0.41435 0.63309 0.43320 0.64236 0.47340 0.65063 0.49730 0.66316 0.52115 0.67900 0.52495 0.69405 0.49605
4 0.39007 0.63430 0.41093 0.63555 0.43096 0.61290 0.43598 0.58780 0.43598 0.54880 0.43764 0.52745 0.43850 0.51360 0.43013 0.51865 0.40259 0.52745 0.37927 0.52745 0.37512 0.53750 0.37419 0.56265 0.37585 0.59530 0.37927 0.62170 0.39007 0.63430
4 0.69462 0.60815 0.68880 0.57925 0.67877 0.55160 0.66874 0.53775 0.66372 0.52265 0.65874 0.51260 0.65372 0.51010 0.65037 0.52520 0.64870 0.54280 0.64203 0.57670 0.64037 0.58300 0.64870 0.61190 0.66206 0.63205 0.68628 0.63455 0.69462 0.60815
4 0.45688 0.51360 0.48442 0.52240 0.50791 0.52240 0.52870 0.52240 0.54621 0.52240 0.55960 0.49225 0.56219 0.45960 0.56219 0.42565 0.55292 0.39550 0.54455 0.37660 0.53037 0.35650 0.50864 0.35150 0.48193 0.35650 0.46771 0.37160 0.46186 0.40175 0.45269 0.43065 0.44944 0.46210 0.44944 0.50230 0.45688 0.51360
