4 0.49478 0.43305 0.49919 0.42105 0.49809 0.40605 0.49809 0.40500 0.49551 0.41105 0.48853 0.41605 0.47640 0.41750 0.46132 0.41805 0.46279 0.42105 0.46426 0.42955 0.47235 0.43900 0.48559 0.43900 0.49478 0.43305
4 0.41835 0.38585 0.43360 0.39040 0.44250 0.38635 0.44732 0.37120 0.44768 0.35200 0.44397 0.33990 0.43971 0.33300 0.41169 0.32775 0.40721 0.33335 0.40537 0.35000 0.40721 0.37070 0.41835 0.38585
4 0.39051 0.37980 0.40051 0.37575 0.40798 0.37120 0.40684 0.35200 0.40684 0.33585 0.41140 0.32950 0.38901 0.32775 0.38272 0.32980 0.38011 0.34345 0.38158 0.36565 0.39051 0.37980
4 0.63379 0.37375 0.63489 0.36060 0.63640 0.35405 0.62971 0.35100 0.61893 0.35050 0.61074 0.35910 0.60963 0.37375 0.60743 0.38740 0.60702 0.39800 0.61151 0.40405 0.62449 0.40405 0.62897 0.38890 0.63379 0.37375
4 0.56868 0.43105 0.57088 0.41900 0.57199 0.41000 0.56831 0.40705 0.56353 0.40500 0.55544 0.41105 0.54809 0.41855 0.54257 0.42305 0.53743 0.42705 0.53816 0.43355 0.54809 0.43900 0.56463 0.43650 0.56868 0.43105
4 0.51754 0.42625 0.53239 0.42680 0.54651 0.42275 0.56099 0.40655 0.56173 0.38235 0.55838 0.36010 0.55357 0.34800 0.54279 0.34445 0.52199 0.34595 0.51232 0.34850 0.50268 0.36870 0.49934 0.38940 0.50081 0.40605 0.50526 0.41820 0.51754 0.42625
4 0.43816 0.42705 0.45066 0.42900 0.45654 0.42400 0.45801 0.41150 0.45250 0.40500 0.44846 0.39705 0.44551 0.38955 0.44331 0.38500 0.43412 0.38900 0.42787 0.39250 0.42640 0.39705 0.42493 0.40650 0.42493 0.41650 0.43816 0.42705
4 0.45143 0.40910 0.46217 0.41770 0.48114 0.42070 0.49562 0.41665 0.49746 0.40255 0.50007 0.38585 0.50232 0.36820 0.49934 0.35305 0.49228 0.34395 0.46217 0.34090 0.45143 0.34800 0.44695 0.36665 0.44621 0.39040 0.45143 0.40910
4 0.59551 0.40810 0.60629 0.39950 0.60779 0.38335 0.60890 0.36920 0.60890 0.35705 0.60743 0.34745 0.60110 0.34495 0.59070 0.34295 0.57548 0.34545 0.56915 0.34900 0.56136 0.36210 0.56136 0.37725 0.56283 0.39245 0.56397 0.40455 0.57287 0.41010 0.58327 0.41160 0.59551 0.40810
4 0.52382 0.44750 0.53081 0.43900 0.53265 0.42855 0.52676 0.42705 0.51831 0.42500 0.50875 0.41900 0.50250 0.41205 0.49993 0.40305 0.49772 0.40805 0.49846 0.42250 0.50029 0.43855 0.50801 0.44805 0.52382 0.44750
