4 0.43060 0.83387 0.44921 0.85056 0.48559 0.81556 0.49997 0.73231 0.50759 0.53906 0.49997 0.51075 0.48895 0.51413 0.48473 0.53906 0.46444 0.59237 0.44498 0.60237 0.40860 0.59906 0.39676 0.60569 0.39676 0.65069 0.39930 0.73231 0.40775 0.79225 0.43060 0.83387
4 0.80200 0.79225 0.81975 0.76062 0.83416 0.67231 0.84006 0.60569 0.84175 0.55744 0.82737 0.52575 0.79778 0.50575 0.78930 0.48581 0.78930 0.47912 0.76984 0.52744 0.74530 0.55244 0.72670 0.57237 0.72584 0.60069 0.72756 0.65900 0.72924 0.68731 0.74702 0.73731 0.77324 0.78563 0.80200 0.79225
4 0.03295 0.42912 0.05749 0.42250 0.07695 0.39250 0.08117 0.34087 0.08035 0.30088 0.07781 0.26425 0.05917 0.22262 0.04311 0.17931 0.03381 0.14769 0.01943 0.15431 0.00927 0.18931 0.00759 0.22763 0.01603 0.26094 0.01267 0.29925 0.00927 0.34588 0.01181 0.39919 0.03295 0.42912
4 0.05663 0.64738 0.07695 0.67400 0.11248 0.66400 0.13194 0.64569 0.14549 0.60406 0.15816 0.55244 0.16663 0.48581 0.15479 0.48581 0.13111 0.47744 0.10486 0.45912 0.09810 0.43913 0.08711 0.43913 0.07102 0.46244 0.05410 0.53744 0.04651 0.60906 0.05663 0.64738
4 0.09473 0.44912 0.12178 0.47744 0.15225 0.49244 0.19879 0.45081 0.19962 0.39250 0.20216 0.31425 0.20302 0.23763 0.19286 0.17931 0.17679 0.12937 0.15648 0.09269 0.14124 0.07938 0.11165 0.10437 0.09727 0.14931 0.07863 0.30588 0.08117 0.37919 0.09473 0.44912
4 0.78590 0.45750 0.80454 0.51244 0.84600 0.53575 0.88997 0.49244 0.90943 0.38087 0.90606 0.30256 0.89676 0.23262 0.88829 0.18262 0.87476 0.14769 0.85784 0.13931 0.81892 0.18600 0.80790 0.24094 0.79438 0.31925 0.78676 0.38750 0.78590 0.45750
4 0.66663 0.50575 0.67594 0.54575 0.72162 0.55906 0.76222 0.53575 0.78340 0.49081 0.79098 0.39919 0.78762 0.32256 0.77914 0.25762 0.76394 0.21594 0.74702 0.19762 0.72248 0.20594 0.69625 0.26756 0.68270 0.29756 0.66578 0.36256 0.66241 0.43750 0.66663 0.50575
4 0.70302 0.79225 0.71318 0.74062 0.72076 0.66231 0.72248 0.62069 0.72330 0.57237 0.71571 0.55906 0.68610 0.55244 0.67340 0.53244 0.66917 0.52075 0.65562 0.55406 0.64803 0.58075 0.62432 0.60737 0.61841 0.63400 0.61587 0.64069 0.61841 0.68900 0.64210 0.75894 0.65562 0.79894 0.68356 0.82556 0.70302 0.79225
4 0.17762 0.76394 0.20470 0.78063 0.23600 0.75394 0.26730 0.67731 0.27746 0.60237 0.27660 0.53075 0.25886 0.52906 0.21822 0.50912 0.20638 0.46581 0.20216 0.44912 0.18441 0.46913 0.17000 0.49413 0.15902 0.56406 0.15479 0.63569 0.16495 0.71231 0.17762 0.76394
4 0.89930 0.41919 0.89590 0.43913 0.93060 0.46913 0.94667 0.45413 0.95937 0.39919 0.97203 0.31756 0.97035 0.24762 0.96698 0.21763 0.95683 0.20594 0.93314 0.24263 0.91959 0.28594 0.90775 0.32256 0.90521 0.36919 0.89930 0.41919
4 0.32568 0.47912 0.33244 0.53575 0.35276 0.57906 0.39337 0.59906 0.42889 0.60569 0.46698 0.59737 0.48727 0.55244 0.49235 0.47413 0.48981 0.39588 0.47543 0.31925 0.46613 0.27094 0.45257 0.22763 0.43143 0.20094 0.40521 0.17931 0.37813 0.19262 0.35698 0.21263 0.34429 0.23925 0.33416 0.28256 0.32737 0.34756 0.32314 0.41581 0.32568 0.47912
4 0.31384 0.79725 0.34768 0.79894 0.37222 0.76394 0.38743 0.68900 0.39505 0.63069 0.39337 0.60569 0.37222 0.59237 0.34429 0.56575 0.32908 0.52906 0.32654 0.49244 0.32229 0.50575 0.30283 0.52575 0.29016 0.53906 0.27746 0.53075 0.28086 0.57906 0.28676 0.66900 0.29524 0.73894 0.31384 0.79725
4 0.50419 0.50412 0.51013 0.54244 0.51603 0.58075 0.52381 0.60750 0.55238 0.62562 0.58444 0.62250 0.62603 0.60250 0.64889 0.58563 0.66000 0.55062 0.66578 0.48081 0.66578 0.40581 0.65733 0.33919 0.64549 0.29094 0.63111 0.23925 0.61502 0.21594 0.59219 0.20763 0.57273 0.20431 0.55156 0.23763 0.53971 0.25925 0.51435 0.30088 0.50841 0.34256 0.50333 0.39919 0.50333 0.43913 0.50419 0.50412
4 0.20216 0.43250 0.21822 0.50575 0.25378 0.52575 0.29692 0.53244 0.32060 0.51244 0.32654 0.45912 0.32146 0.38087 0.31806 0.31925 0.30622 0.25762 0.29184 0.21263 0.27324 0.17263 0.25968 0.16100 0.23010 0.17931 0.21740 0.22094 0.20638 0.30256 0.20216 0.36419 0.20216 0.43250
4 0.97965 0.49244 0.97375 0.45250 0.96698 0.41919 0.96359 0.40581 0.95683 0.40581 0.95343 0.44412 0.94073 0.46244 0.92635 0.46581 0.91537 0.44912 0.90943 0.45413 0.91029 0.50575 0.91959 0.56238 0.92635 0.59406 0.93737 0.60569 0.97035 0.60737 0.98390 0.54906 0.97965 0.49244
4 0.92806 0.65569 0.92635 0.60569 0.91959 0.54906 0.91197 0.49081 0.91029 0.45413 0.90013 0.44581 0.89251 0.47244 0.87644 0.50412 0.85867 0.52075 0.83752 0.53406 0.82908 0.53075 0.83584 0.56075 0.83667 0.59237 0.84429 0.64400 0.86546 0.69069 0.88660 0.70400 0.90943 0.70062 0.92806 0.65569
4 0.54225 0.86056 0.56425 0.86387 0.58371 0.82725 0.60486 0.73231 0.61165 0.66231 0.61248 0.61238 0.60825 0.61906 0.56597 0.61906 0.53889 0.61238 0.52025 0.58737 0.51181 0.55575 0.50673 0.58737 0.50587 0.66400 0.50759 0.72400 0.52451 0.82225 0.54225 0.86056
