1 0.09876 0.46301 0.10072 0.45637 0.10102 0.45085 0.09649 0.44641 0.09662 0.45945 0.09481 0.47081 0.08939 0.47649 0.08674 0.48491 0.08750 0.49050 0.09177 0.48400 0.09673 0.48235 0.09956 0.47902 0.09877 0.47153 0.09876 0.46301
1 0.27081 0.06277 0.26805 0.05704 0.25508 0.06118 0.24096 0.06267 0.23261 0.06956 0.22734 0.07706 0.22379 0.08854 0.22243 0.10442 0.22543 0.11244 0.23374 0.10092 0.24196 0.10098 0.24414 0.09288 0.25940 0.09405 0.26529 0.08834 0.26347 0.07928 0.27081 0.06277
1 0.19917 0.63204 0.19754 0.64240 0.19440 0.64592 0.19883 0.65967 0.19331 0.66881 0.19582 0.67873 0.20182 0.68106 0.20372 0.67281 0.20742 0.66974 0.21204 0.66152 0.21839 0.65520 0.22840 0.64800 0.23505 0.64221 0.23545 0.63897 0.24024 0.63925 0.24346 0.63410 0.25160 0.62602 0.24840 0.62150 0.25359 0.61160 0.25633 0.60433 0.26065 0.60012 0.25092 0.59314 0.23915 0.58823 0.23013 0.58834 0.21644 0.59139 0.20808 0.58797 0.20307 0.58558 0.19718 0.58430 0.19112 0.59086 0.18743 0.58695 0.18585 0.58146 0.18533 0.57402 0.18148 0.57068 0.17393 0.57045 0.15525 0.57380 0.14680 0.58395 0.15015 0.59933 0.15980 0.59647 0.16698 0.59895 0.17768 0.60200 0.17730 0.60666 0.18577 0.60901 0.19153 0.61859 0.19917 0.63204
4 0.20623 0.16657 0.21386 0.16721 0.21775 0.16565 0.21949 0.16170 0.22335 0.15725 0.22931 0.15229 0.23883 0.14782 0.24743 0.14229 0.25633 0.13442 0.26415 0.12406 0.27049 0.11241 0.27312 0.10144 0.27723 0.08915 0.28009 0.07787 0.28129 0.06618 0.28045 0.05817 0.27911 0.05571 0.27324 0.05633 0.26692 0.05786 0.25766 0.05970 0.25134 0.06123 0.24199 0.06222 0.23489 0.06412 0.22612 0.07053 0.21953 0.07469 0.20918 0.07896 0.19482 0.08625 0.18227 0.09538 0.17522 0.10537 0.16921 0.12016 0.17045 0.13448 0.17078 0.13763 0.17382 0.14598 0.17658 0.14916 0.17846 0.15157 0.18030 0.15368 0.18532 0.15778 0.18978 0.16165 0.19248 0.16425 0.19946 0.16641 0.20623 0.16657
4 0.24861 0.81826 0.28127 0.82683 0.29433 0.81479 0.30992 0.79715 0.32257 0.78716 0.33981 0.77935 0.36388 0.75949 0.37330 0.74250 0.37128 0.71738 0.36284 0.69627 0.35083 0.67687 0.34403 0.65359 0.32874 0.63254 0.31729 0.62441 0.30046 0.63018 0.28370 0.63661 0.25708 0.64407 0.23855 0.65735 0.21543 0.67444 0.20219 0.70250 0.19347 0.73208 0.18487 0.75097 0.18447 0.76501 0.20038 0.78600 0.22080 0.80252 0.24861 0.81826
1 0.16690 0.15322 0.16698 0.16192 0.17913 0.16443 0.18171 0.15523 0.17399 0.15315 0.16690 0.15322
4 0.20334 0.69798 0.20714 0.68911 0.20752 0.67554 0.21848 0.66672 0.21848 0.66012 0.22871 0.65792 0.23826 0.64571 0.24894 0.63766 0.24971 0.63138 0.25713 0.62673 0.26338 0.63114 0.27029 0.61802 0.27472 0.60215 0.27131 0.58325 0.26278 0.56022 0.25343 0.54654 0.23927 0.53916 0.22817 0.53606 0.20901 0.53921 0.19234 0.54176 0.18443 0.54353 0.17368 0.54852 0.16466 0.55693 0.15581 0.56340 0.14048 0.56567 0.12647 0.58048 0.10678 0.60055 0.10105 0.61714 0.11395 0.63912 0.13772 0.65795 0.16322 0.68126 0.18644 0.69482 0.19137 0.69430 0.20334 0.69798
4 0.10803 0.40861 0.11305 0.40928 0.12151 0.40840 0.12989 0.40246 0.13564 0.39294 0.14075 0.38373 0.14462 0.37778 0.15243 0.36637 0.15736 0.35549 0.16067 0.34623 0.16107 0.33727 0.15767 0.32414 0.15417 0.31439 0.14843 0.29838 0.14221 0.29060 0.13580 0.28525 0.12696 0.28256 0.11578 0.28109 0.09748 0.28253 0.08692 0.28701 0.07731 0.29405 0.07046 0.30175 0.06415 0.31229 0.06152 0.32798 0.05990 0.33827 0.05900 0.35113 0.06240 0.36210 0.06570 0.36777 0.07101 0.37757 0.07718 0.38487 0.08391 0.39115 0.08988 0.39655 0.09506 0.40082 0.09751 0.40273 0.10073 0.40552 0.10315 0.40720 0.10803 0.40861
1 0.63157 0.05329 0.63510 0.04167 0.63780 0.03871 0.63017 0.03522 0.61485 0.03469 0.60505 0.03197 0.58244 0.03113 0.56241 0.03110 0.56189 0.03570 0.57274 0.06269 0.58208 0.07778 0.58656 0.07517 0.59498 0.07669 0.60140 0.08539 0.60988 0.09227 0.61509 0.09413 0.62270 0.09039 0.62900 0.06936 0.63157 0.05329
2 0.17689 0.63286 0.18724 0.64560 0.19448 0.65448 0.18805 0.66480 0.18631 0.67109 0.18543 0.67986 0.18670 0.68905 0.19304 0.69513 0.20387 0.69817 0.20640 0.68794 0.20517 0.67618 0.21747 0.66749 0.21555 0.66062 0.22805 0.65674 0.23372 0.65068 0.24589 0.64072 0.24944 0.63166 0.25667 0.62609 0.26254 0.62772 0.26732 0.62175 0.27038 0.61082 0.27440 0.60333 0.27330 0.59573 0.26600 0.59489 0.25649 0.59589 0.24784 0.59069 0.24143 0.58686 0.22525 0.58727 0.21925 0.59016 0.21806 0.59028 0.21463 0.58904 0.20888 0.58578 0.19878 0.58395 0.18894 0.58177 0.18734 0.57519 0.18707 0.56975 0.17994 0.56761 0.16937 0.56711 0.15406 0.57001 0.14932 0.57629 0.13907 0.58734 0.12903 0.58903 0.12433 0.60142 0.13110 0.60585 0.14179 0.60183 0.15377 0.60154 0.15639 0.60641 0.16992 0.60949 0.17142 0.61512 0.17689 0.63286
1 0.12444 0.25724 0.11268 0.25446 0.10632 0.24553 0.10378 0.25115 0.10921 0.26308 0.11691 0.26696 0.12111 0.26920 0.13367 0.26364 0.13884 0.25729 0.14201 0.24579 0.13294 0.25278 0.12444 0.25724
1 0.07782 0.33353 0.08392 0.32485 0.08969 0.32264 0.09443 0.31062 0.10645 0.30588 0.12334 0.30463 0.12953 0.30881 0.13021 0.30097 0.13180 0.29464 0.12453 0.28978 0.11509 0.28809 0.09732 0.29049 0.08677 0.29482 0.08003 0.29981 0.07017 0.31076 0.06881 0.32162 0.06813 0.32705 0.06454 0.34055 0.06605 0.35727 0.07127 0.37118 0.08013 0.37695 0.08414 0.38885 0.10371 0.40367 0.09145 0.38460 0.08334 0.36697 0.07769 0.34185 0.07782 0.33353
4 0.58640 0.11652 0.59685 0.11571 0.61148 0.11360 0.62462 0.10759 0.63453 0.09904 0.64460 0.08439 0.64758 0.06905 0.64783 0.05341 0.64660 0.04169 0.63905 0.03410 0.60178 0.02905 0.55447 0.03114 0.54085 0.03777 0.53828 0.04671 0.53533 0.05974 0.53443 0.07429 0.53566 0.08861 0.53811 0.09645 0.54150 0.10303 0.54730 0.11196 0.55855 0.11627 0.57322 0.11704 0.58640 0.11652
4 0.65997 0.16305 0.66971 0.16578 0.68343 0.16781 0.70252 0.16956 0.72256 0.17005 0.74188 0.16629 0.75656 0.15954 0.76599 0.14901 0.77000 0.13327 0.77353 0.12307 0.77579 0.10347 0.77541 0.08963 0.77383 0.07968 0.77070 0.07567 0.75016 0.07032 0.70941 0.05523 0.68790 0.04593 0.66139 0.04294 0.64890 0.04483 0.65097 0.06195 0.64787 0.07616 0.64394 0.09015 0.63980 0.10475 0.63721 0.11861 0.63826 0.13382 0.63979 0.14320 0.64197 0.15106 0.64527 0.15939 0.65997 0.16305
4 0.18810 0.23172 0.19268 0.21881 0.19697 0.20824 0.20130 0.20056 0.20591 0.19053 0.20519 0.18107 0.19915 0.17246 0.19538 0.16996 0.19190 0.16773 0.19033 0.16558 0.18923 0.16280 0.18572 0.15768 0.18093 0.15327 0.17502 0.15100 0.16995 0.15153 0.16303 0.15255 0.15852 0.15331 0.15054 0.15444 0.14513 0.15443 0.14000 0.15700 0.13490 0.15984 0.13081 0.16461 0.12681 0.17023 0.12341 0.17897 0.12003 0.18540 0.11449 0.19436 0.11046 0.20230 0.10463 0.21101 0.10125 0.21743 0.09945 0.22861 0.10065 0.23484 0.10238 0.24622 0.10341 0.25594 0.10965 0.26656 0.12189 0.26990 0.13163 0.27003 0.14602 0.26823 0.15750 0.26442 0.16513 0.25986 0.17678 0.25257 0.18307 0.24295 0.18810 0.23172
4 0.18074 0.53240 0.18477 0.51532 0.18791 0.49335 0.18605 0.47565 0.18158 0.45530 0.16860 0.43544 0.14935 0.41873 0.13275 0.41257 0.11843 0.40950 0.10291 0.40987 0.08860 0.41804 0.08007 0.42934 0.07418 0.43995 0.07009 0.44912 0.06745 0.45731 0.06730 0.47439 0.06911 0.48419 0.07280 0.49713 0.07551 0.50808 0.07753 0.51619 0.08340 0.53139 0.08687 0.53852 0.09385 0.54569 0.10578 0.55193 0.11823 0.55562 0.13012 0.55770 0.13952 0.55838 0.15405 0.55602 0.16178 0.55187 0.17207 0.54247 0.18074 0.53240
