1 0.09752 0.51922 0.09853 0.51237 0.09806 0.50686 0.09296 0.50309 0.09490 0.51599 0.09469 0.52749 0.09012 0.53386 0.08866 0.54257 0.09020 0.54801 0.09352 0.54097 0.09819 0.53864 0.10054 0.53495 0.09872 0.52765 0.09752 0.51922
1 0.21219 0.09892 0.20866 0.09363 0.19639 0.09954 0.18262 0.10297 0.17530 0.11096 0.17113 0.11912 0.16921 0.13098 0.17008 0.14690 0.17417 0.15442 0.18079 0.14186 0.18894 0.14078 0.18997 0.13245 0.20524 0.13149 0.21028 0.12501 0.20722 0.11629 0.21219 0.09892
1 0.22048 0.67263 0.22030 0.68311 0.21768 0.68703 0.22398 0.70003 0.21978 0.70985 0.22365 0.71932 0.22992 0.72080 0.23065 0.71236 0.23388 0.70880 0.23733 0.70002 0.24273 0.69289 0.25164 0.68436 0.25743 0.67770 0.25737 0.67444 0.26215 0.67405 0.26462 0.66850 0.27156 0.65937 0.26776 0.65533 0.27152 0.64481 0.27322 0.63723 0.27691 0.63246 0.26630 0.62690 0.25396 0.62368 0.24505 0.62503 0.23192 0.62997 0.22316 0.62774 0.21787 0.62607 0.21186 0.62562 0.20678 0.63296 0.20257 0.62960 0.20025 0.62439 0.19870 0.61709 0.19441 0.61432 0.18691 0.61514 0.16888 0.62106 0.16193 0.63228 0.16738 0.64706 0.17653 0.64287 0.18399 0.64434 0.19501 0.64586 0.19529 0.65053 0.20400 0.65169 0.21104 0.66037 0.22048 0.67263
4 0.16269 0.21070 0.17033 0.21027 0.17396 0.20818 0.17514 0.20404 0.17834 0.19909 0.18355 0.19335 0.19236 0.18760 0.20011 0.18093 0.20782 0.17189 0.21412 0.16054 0.21878 0.14812 0.21985 0.13689 0.22222 0.12415 0.22348 0.11258 0.22305 0.10084 0.22110 0.09303 0.21943 0.09078 0.21370 0.09221 0.20765 0.09460 0.19874 0.09772 0.19269 0.10011 0.18357 0.10238 0.17681 0.10526 0.16901 0.11283 0.16307 0.11787 0.15341 0.12353 0.14021 0.13275 0.12905 0.14353 0.12346 0.15441 0.11957 0.16990 0.12279 0.18391 0.12355 0.18698 0.12772 0.19482 0.13090 0.19758 0.13309 0.19971 0.13521 0.20155 0.14076 0.20491 0.14571 0.20812 0.14875 0.21032 0.15596 0.21148 0.16269 0.21070
4 0.29535 0.85015 0.32889 0.85409 0.34014 0.84035 0.35312 0.82072 0.36426 0.80906 0.38024 0.79892 0.40131 0.77591 0.40828 0.75777 0.40279 0.73318 0.39149 0.71345 0.37690 0.69591 0.36692 0.67381 0.34885 0.65508 0.33639 0.64863 0.32052 0.65669 0.30482 0.66538 0.27950 0.67648 0.26299 0.69220 0.24248 0.71235 0.23327 0.74197 0.22875 0.77248 0.22286 0.79239 0.22443 0.80635 0.24310 0.82492 0.26562 0.83843 0.29535 0.85015
1 0.12188 0.20295 0.12317 0.21155 0.13556 0.21236 0.13683 0.20289 0.12889 0.20189 0.12188 0.20295
4 0.23378 0.73734 0.23631 0.72803 0.23479 0.71454 0.24443 0.70428 0.24350 0.69775 0.25332 0.69413 0.26109 0.68072 0.27054 0.67126 0.27043 0.66493 0.27713 0.65930 0.28394 0.66280 0.28895 0.64884 0.29113 0.63251 0.28512 0.61427 0.27347 0.59265 0.26231 0.58040 0.24726 0.57507 0.23583 0.57354 0.21730 0.57933 0.20114 0.58417 0.19355 0.58702 0.18361 0.59346 0.17585 0.60305 0.16798 0.61068 0.15312 0.61507 0.14130 0.63168 0.12460 0.65429 0.12123 0.67153 0.13707 0.69149 0.16323 0.70683 0.19172 0.72637 0.21660 0.73656 0.22141 0.73536 0.23378 0.73734
4 0.09912 0.46405 0.10419 0.46402 0.11245 0.46196 0.11992 0.45491 0.12429 0.44469 0.12806 0.43486 0.13107 0.42843 0.13721 0.41604 0.14058 0.40458 0.14257 0.39495 0.14172 0.38603 0.13652 0.37350 0.13170 0.36433 0.12379 0.34927 0.11655 0.34243 0.10946 0.33803 0.10033 0.33660 0.08905 0.33669 0.07113 0.34067 0.06130 0.34658 0.05276 0.35488 0.04705 0.36346 0.04226 0.37478 0.04185 0.39068 0.04167 0.40110 0.04257 0.41396 0.04747 0.42434 0.05152 0.42950 0.05814 0.43847 0.06527 0.44484 0.07281 0.45012 0.07947 0.45463 0.08520 0.45814 0.08789 0.45969 0.09146 0.46201 0.09410 0.46333 0.09912 0.46405
1 0.56812 0.03933 0.57000 0.02732 0.57225 0.02402 0.56422 0.02163 0.54897 0.02323 0.53889 0.02190 0.51638 0.02422 0.49654 0.02697 0.49667 0.03161 0.51117 0.05682 0.52252 0.07046 0.52660 0.06725 0.53515 0.06759 0.54271 0.07531 0.55207 0.08094 0.55748 0.08206 0.56450 0.07730 0.56781 0.05560 0.56812 0.03933
2 0.19852 0.67654 0.21054 0.68771 0.21895 0.69550 0.21402 0.70661 0.21317 0.71308 0.21352 0.72189 0.21606 0.73081 0.22319 0.73595 0.23434 0.73745 0.23542 0.72697 0.23256 0.71550 0.24353 0.70518 0.24067 0.69865 0.25251 0.69306 0.25728 0.68627 0.26795 0.67471 0.27021 0.66525 0.27658 0.65872 0.28263 0.65952 0.28653 0.65295 0.28804 0.64170 0.29097 0.63372 0.28882 0.62635 0.28148 0.62653 0.27221 0.62884 0.26292 0.62490 0.25604 0.62200 0.24007 0.62466 0.23453 0.62835 0.23337 0.62864 0.22980 0.62789 0.22365 0.62546 0.21339 0.62506 0.20335 0.62427 0.20085 0.61797 0.19983 0.61263 0.19246 0.61150 0.18193 0.61247 0.16717 0.61747 0.16335 0.62436 0.15473 0.63672 0.14503 0.63980 0.14210 0.65272 0.14942 0.65616 0.15945 0.65070 0.17128 0.64874 0.17454 0.65319 0.18837 0.65436 0.19064 0.65973 0.19852 0.67654
1 0.09431 0.31187 0.08227 0.31075 0.07473 0.30280 0.07300 0.30872 0.08004 0.31978 0.08821 0.32254 0.09268 0.32418 0.10434 0.31692 0.10857 0.30992 0.11012 0.29809 0.10211 0.30627 0.09431 0.31187
1 0.05876 0.39390 0.06359 0.38446 0.06900 0.38147 0.07202 0.36891 0.08326 0.36254 0.09982 0.35896 0.10653 0.36223 0.10611 0.35437 0.10680 0.34788 0.09893 0.34408 0.08935 0.34372 0.07208 0.34857 0.06223 0.35433 0.05626 0.36021 0.04802 0.37242 0.04818 0.38336 0.04826 0.38883 0.04659 0.40270 0.05041 0.41905 0.05751 0.43210 0.06709 0.43658 0.07271 0.44781 0.09416 0.45976 0.07936 0.44258 0.06888 0.42625 0.05979 0.40216 0.05876 0.39390
4 0.53219 0.10823 0.54242 0.10597 0.55662 0.10184 0.56880 0.09407 0.57741 0.08422 0.58535 0.06831 0.58617 0.05270 0.58424 0.03718 0.58139 0.02575 0.57285 0.01928 0.53525 0.01947 0.48869 0.02812 0.47613 0.03658 0.47482 0.04580 0.47372 0.05911 0.47485 0.07364 0.47806 0.08765 0.48157 0.09507 0.48585 0.10112 0.49283 0.10915 0.50458 0.11185 0.51921 0.11058 0.53219 0.10823
4 0.61152 0.14406 0.62155 0.14541 0.63541 0.14551 0.65456 0.14459 0.67447 0.14229 0.69308 0.13587 0.70668 0.12715 0.71455 0.11541 0.71634 0.09926 0.71840 0.08867 0.71792 0.06894 0.71562 0.05530 0.71267 0.04566 0.70902 0.04213 0.68792 0.03968 0.64547 0.03042 0.62288 0.02420 0.59621 0.02492 0.58410 0.02854 0.58853 0.04521 0.58744 0.05970 0.58550 0.07411 0.58343 0.08914 0.58279 0.10323 0.58596 0.11814 0.58877 0.12721 0.59202 0.13470 0.59645 0.14248 0.61152 0.14406
4 0.15379 0.27774 0.15654 0.26432 0.15931 0.25325 0.16253 0.24505 0.16571 0.23447 0.16367 0.22520 0.15650 0.21752 0.15241 0.21557 0.14866 0.21384 0.14680 0.21193 0.14532 0.20934 0.14113 0.20475 0.13578 0.20105 0.12961 0.19962 0.12466 0.20086 0.11795 0.20283 0.11359 0.20421 0.10585 0.20644 0.10049 0.20718 0.09577 0.21044 0.09111 0.21397 0.08772 0.21925 0.08455 0.22538 0.08239 0.23451 0.07994 0.24134 0.07570 0.25099 0.07282 0.25941 0.06825 0.26885 0.06580 0.27568 0.06558 0.28699 0.06763 0.29300 0.07093 0.30403 0.07330 0.31351 0.08096 0.32315 0.09354 0.32476 0.10321 0.32354 0.11721 0.31975 0.12805 0.31438 0.13496 0.30880 0.14549 0.29996 0.15037 0.28955 0.15379 0.27774
4 0.18835 0.57652 0.18998 0.55905 0.19002 0.53685 0.18572 0.51958 0.17846 0.50005 0.16284 0.48219 0.14145 0.46832 0.12416 0.46453 0.10955 0.46348 0.09423 0.46602 0.08120 0.47609 0.07432 0.48848 0.06997 0.49980 0.06719 0.50945 0.06572 0.51792 0.06795 0.53486 0.07110 0.54431 0.07656 0.55661 0.08076 0.56708 0.08389 0.57483 0.09183 0.58906 0.09625 0.59564 0.10416 0.60178 0.11685 0.60629 0.12969 0.60821 0.14175 0.60861 0.15115 0.60797 0.16521 0.60362 0.17229 0.59844 0.18117 0.58769 0.18835 0.57652
