4 0.93894 0.37639 0.90215 0.38995 0.89295 0.43591 0.89425 0.46590 0.89225 0.48879 0.88344 0.53327 0.86693 0.56788 0.84245 0.60505 0.85691 0.61674 0.88066 0.62468 0.91129 0.60319 0.93689 0.56168 0.95096 0.51702 0.96417 0.48311 0.97335 0.44495 0.97015 0.41445 0.96384 0.38776 0.93894 0.37639
4 0.67481 0.38838 0.66423 0.42464 0.65219 0.46509 0.65073 0.50022 0.64047 0.53990 0.63413 0.57113 0.65787 0.58682 0.68667 0.58362 0.71512 0.57405 0.73652 0.52513 0.74711 0.47021 0.74598 0.45118 0.74650 0.40290 0.73172 0.36148 0.69926 0.35901 0.67481 0.38838
4 0.43511 0.60679 0.44332 0.57618 0.44722 0.56161 0.43833 0.54831 0.41692 0.53946 0.39472 0.52570 0.37150 0.53510 0.35404 0.56164 0.33746 0.60405 0.32558 0.64459 0.31622 0.67954 0.32713 0.71216 0.35791 0.70943 0.37921 0.69952 0.39913 0.69083 0.41757 0.65674 0.43511 0.60679
4 0.34154 0.60044 0.35404 0.56164 0.36106 0.52760 0.35957 0.50220 0.34141 0.49270 0.30140 0.49911 0.28703 0.52180 0.26409 0.56877 0.24507 0.60113 0.22389 0.64546 0.23930 0.66520 0.27585 0.66402 0.29966 0.65637 0.31187 0.63781 0.32522 0.63041 0.34154 0.60044
4 0.16560 0.45339 0.16254 0.44940 0.14240 0.45498 0.13218 0.44285 0.12858 0.42158 0.12007 0.42241 0.09587 0.43154 0.06967 0.47136 0.05876 0.50436 0.05441 0.53601 0.07296 0.55190 0.09805 0.55862 0.11452 0.54742 0.12733 0.53054 0.15085 0.47750 0.16560 0.45339
4 0.66901 0.39463 0.67002 0.36368 0.66547 0.33434 0.64888 0.31898 0.62588 0.31593 0.59222 0.32563 0.56975 0.33992 0.53933 0.37239 0.52452 0.41996 0.50969 0.47533 0.49990 0.51955 0.53168 0.55929 0.56338 0.57242 0.59930 0.58522 0.62950 0.56519 0.64451 0.52079 0.65490 0.45948 0.66901 0.39463
4 0.21608 0.29200 0.20918 0.27142 0.20267 0.24937 0.19187 0.24336 0.16862 0.26055 0.15288 0.29226 0.13866 0.33371 0.12650 0.39449 0.12330 0.43736 0.14818 0.45653 0.16950 0.43882 0.18385 0.42389 0.20002 0.37516 0.21621 0.32637 0.21608 0.29200
4 0.60394 0.58329 0.56683 0.57493 0.54421 0.57046 0.52985 0.60095 0.51602 0.64097 0.50821 0.67011 0.49500 0.70402 0.48984 0.74637 0.49633 0.78403 0.51833 0.80243 0.54390 0.78427 0.57963 0.71266 0.60412 0.65988 0.61854 0.61379 0.62404 0.58557 0.60394 0.58329
4 0.78966 0.61280 0.77454 0.63059 0.76173 0.64747 0.76070 0.67061 0.75695 0.70394 0.75165 0.73534 0.75795 0.76978 0.75747 0.79466 0.76901 0.82117 0.79297 0.83228 0.81216 0.80309 0.82917 0.73580 0.84364 0.67411 0.84753 0.65173 0.83620 0.62838 0.80705 0.61746 0.78966 0.61280
4 0.18680 0.56368 0.21089 0.50456 0.22820 0.47481 0.20270 0.46164 0.19212 0.44330 0.17663 0.45476 0.15373 0.48608 0.14264 0.50811 0.12654 0.53350 0.11665 0.55110 0.10671 0.57656 0.09832 0.61181 0.12433 0.63440 0.15028 0.63038 0.17160 0.60486 0.18680 0.56368
4 0.27678 0.52533 0.27512 0.48896 0.25525 0.47425 0.23861 0.48229 0.21982 0.49445 0.20291 0.53054 0.18289 0.57824 0.17235 0.60976 0.18412 0.63164 0.20826 0.63030 0.22666 0.62742 0.24526 0.60434 0.26683 0.56639 0.27678 0.52533
4 0.82798 0.51219 0.81455 0.55854 0.80113 0.58148 0.79803 0.58534 0.79798 0.60875 0.81730 0.61393 0.85038 0.60248 0.88109 0.54203 0.89437 0.49247 0.89773 0.46062 0.89177 0.44029 0.86473 0.44085 0.84088 0.47191 0.82798 0.51219
4 0.28786 0.34874 0.28950 0.31167 0.28223 0.27697 0.27400 0.25756 0.26146 0.24640 0.24019 0.24850 0.22096 0.27769 0.20946 0.32456 0.19828 0.38561 0.19122 0.41964 0.18220 0.44992 0.20385 0.46517 0.23804 0.47280 0.26016 0.45214 0.27454 0.41385 0.28786 0.34874
4 0.67506 0.58832 0.64723 0.58397 0.62767 0.60685 0.59656 0.66878 0.58703 0.70056 0.58196 0.71951 0.57780 0.74651 0.58989 0.78257 0.61569 0.81760 0.62631 0.83605 0.65071 0.82228 0.67194 0.75454 0.68523 0.69723 0.69043 0.63147 0.68412 0.60477 0.67506 0.58832
4 0.37902 0.38720 0.38219 0.35212 0.38693 0.31905 0.38447 0.29339 0.37179 0.27126 0.34725 0.26627 0.32304 0.27540 0.29256 0.33121 0.27967 0.37930 0.26829 0.43718 0.26342 0.45929 0.27055 0.47523 0.29505 0.48808 0.31649 0.48913 0.33581 0.49430 0.35850 0.46757 0.37902 0.38720
4 0.51874 0.41060 0.52101 0.35187 0.50372 0.30820 0.44829 0.29487 0.42101 0.30007 0.39729 0.34213 0.37902 0.38720 0.35879 0.47404 0.36401 0.51617 0.40338 0.53583 0.44897 0.55116 0.47527 0.55351 0.49783 0.49240 0.51874 0.41060
4 0.52477 0.55427 0.48901 0.55250 0.45593 0.55613 0.44757 0.56798 0.43315 0.60627 0.41774 0.66770 0.41242 0.70690 0.41079 0.74391 0.42926 0.76764 0.46162 0.75131 0.49482 0.69305 0.51509 0.62511 0.53248 0.56414 0.52477 0.55427
4 0.73537 0.59509 0.70658 0.59054 0.69126 0.60516 0.68572 0.65674 0.67750 0.70297 0.67491 0.72411 0.67603 0.74319 0.68386 0.77963 0.69805 0.82716 0.72307 0.83358 0.74400 0.81430 0.75392 0.76887 0.76243 0.72589 0.76070 0.67061 0.75712 0.63373 0.75194 0.61050 0.73537 0.59509
4 0.85169 0.62473 0.84101 0.64529 0.84086 0.69990 0.83265 0.73051 0.82714 0.76648 0.82307 0.77789 0.83172 0.78802 0.85605 0.80546 0.88698 0.81375 0.89901 0.79196 0.91035 0.74194 0.91760 0.70326 0.91380 0.67882 0.89784 0.64179 0.88009 0.63075 0.85169 0.62473
4 0.86134 0.39933 0.86493 0.36284 0.85664 0.35122 0.84387 0.34469 0.81387 0.36007 0.77319 0.40382 0.75129 0.42760 0.74210 0.45795 0.74225 0.47671 0.72976 0.52332 0.72586 0.53789 0.72039 0.55832 0.72381 0.58418 0.75485 0.61128 0.77088 0.61710 0.78407 0.59880 0.80657 0.57671 0.81670 0.54662 0.83071 0.50200 0.84087 0.46410 0.85161 0.42795 0.86134 0.39933
