1 0.84199 0.64410 0.85297 0.63956 0.84797 0.61694 0.84699 0.61842 0.83399 0.62749 0.82199 0.63049 0.81399 0.63350 0.80996 0.63956 0.82598 0.65311 0.84199 0.64410
4 0.51094 0.50530 0.54196 0.51585 0.58395 0.52339 0.62098 0.51437 0.63996 0.43743 0.63598 0.38918 0.62496 0.34694 0.60598 0.31377 0.58797 0.28508 0.56094 0.27607 0.54395 0.29716 0.52797 0.34541 0.51594 0.39820 0.50797 0.45858 0.51094 0.50530
4 0.20395 0.42082 0.20993 0.47814 0.22293 0.51738 0.26485 0.50656 0.28594 0.46005 0.29594 0.39372 0.29493 0.33033 0.27993 0.29115 0.25395 0.29415 0.23993 0.30016 0.21594 0.32432 0.21293 0.36656 0.20395 0.42082
4 0.69996 0.65465 0.72399 0.68628 0.74196 0.69235 0.76098 0.68180 0.76797 0.62902 0.76297 0.56716 0.75996 0.53093 0.74696 0.51137 0.72696 0.48421 0.72399 0.47514 0.69797 0.49475 0.67598 0.49322 0.67297 0.50683 0.67196 0.54153 0.67598 0.58071 0.68098 0.61087 0.69996 0.65465
4 0.86699 0.33186 0.85996 0.30923 0.84797 0.32885 0.84297 0.36202 0.83587 0.38306 0.83188 0.41913 0.83199 0.43743 0.82496 0.45104 0.83196 0.46005 0.86598 0.46005 0.88098 0.44044 0.87598 0.36355 0.86699 0.33186
4 0.64395 0.49175 0.68196 0.49929 0.71996 0.48421 0.72598 0.44044 0.72598 0.38465 0.71996 0.34240 0.70996 0.30623 0.69496 0.29415 0.67598 0.29716 0.65797 0.31224 0.65098 0.34541 0.64098 0.39372 0.64196 0.45705 0.64395 0.49175
2 0.70717 0.37525 0.70971 0.39874 0.71297 0.41787 0.72348 0.42169 0.72529 0.38617 0.71985 0.34847 0.71515 0.32661 0.70790 0.30694 0.69304 0.29383 0.67275 0.29984 0.66007 0.31240 0.65464 0.32607 0.65754 0.33426 0.67239 0.32497 0.69630 0.33809 0.70427 0.35120 0.70717 0.37525
1 0.38065 0.60153 0.37594 0.58842 0.37051 0.58295 0.36543 0.59607 0.36761 0.61519 0.37775 0.61738 0.38065 0.60153
1 0.34913 0.67366 0.35022 0.68519 0.35167 0.69497 0.35746 0.69224 0.36290 0.68246 0.36870 0.67639 0.36399 0.66984 0.36217 0.66219 0.35493 0.65945 0.35239 0.66333 0.34913 0.67366
1 0.42460 0.41060 0.44804 0.42055 0.47659 0.42164 0.49928 0.41503 0.50732 0.38853 0.49779 0.35650 0.48975 0.32781 0.47438 0.30022 0.46341 0.28700 0.44583 0.28148 0.42022 0.28257 0.38290 0.32672 0.38145 0.37088 0.39681 0.40290 0.42460 0.41060
4 0.34196 0.71645 0.36993 0.68027 0.38395 0.63202 0.38594 0.57169 0.39496 0.50831 0.38877 0.46612 0.38594 0.43290 0.36895 0.41027 0.35094 0.39672 0.33007 0.39071 0.30688 0.40437 0.28993 0.47514 0.28493 0.51738 0.29094 0.55508 0.29196 0.58224 0.28594 0.64410 0.28895 0.70290 0.31196 0.73760 0.34196 0.71645
4 0.74797 0.51585 0.78196 0.51738 0.80996 0.49475 0.82996 0.43743 0.83399 0.36956 0.83598 0.32585 0.82496 0.29869 0.80797 0.28060 0.78399 0.28208 0.75899 0.30016 0.75297 0.30016 0.73797 0.34541 0.73196 0.39672 0.72797 0.46005 0.74797 0.51585
4 0.85598 0.63956 0.85297 0.57617 0.84996 0.51891 0.84399 0.47514 0.82797 0.47514 0.81196 0.48568 0.78297 0.51284 0.76496 0.53093 0.76899 0.56863 0.79196 0.63049 0.82598 0.65612 0.85598 0.63956
4 0.43293 0.54754 0.43293 0.59126 0.43594 0.61995 0.43696 0.65612 0.45696 0.65465 0.48895 0.64858 0.50094 0.62448 0.50094 0.58825 0.49696 0.54300 0.49496 0.49929 0.48696 0.48874 0.48196 0.47366 0.46895 0.46913 0.45395 0.46913 0.44094 0.47060 0.43594 0.48120 0.43293 0.51437 0.43293 0.54754
4 0.24395 0.68027 0.26696 0.65765 0.28196 0.61995 0.28895 0.58071 0.28993 0.54153 0.28493 0.52945 0.26993 0.52339 0.24594 0.52645 0.23395 0.53093 0.21094 0.54153 0.20594 0.57169 0.19993 0.60333 0.20493 0.65311 0.21192 0.68328 0.22594 0.69082 0.24395 0.68027
4 0.51297 0.58978 0.51895 0.62749 0.52895 0.64858 0.56496 0.66219 0.58094 0.63656 0.57696 0.58825 0.57696 0.55208 0.56996 0.52645 0.55594 0.51738 0.52496 0.50831 0.51094 0.49776 0.50895 0.47967 0.50496 0.48268 0.49895 0.49322 0.50696 0.55055 0.51297 0.58978
4 0.18692 0.63656 0.19895 0.60033 0.20793 0.55055 0.22793 0.52339 0.21692 0.49929 0.18895 0.50683 0.17692 0.50831 0.16493 0.53246 0.15493 0.59579 0.16793 0.63803 0.18692 0.63656
4 0.61098 0.64557 0.63098 0.65612 0.65297 0.63049 0.66996 0.60186 0.66996 0.56563 0.66496 0.52492 0.66196 0.50831 0.65496 0.49929 0.63598 0.48268 0.63696 0.47213 0.63598 0.45104 0.62895 0.46612 0.62210 0.50984 0.60598 0.51738 0.58094 0.52645 0.58094 0.53246 0.58797 0.56109 0.59094 0.59126 0.59395 0.62147 0.61098 0.64557
