4 0.40787 0.39310 0.42067 0.38905 0.42943 0.37690 0.43210 0.36480 0.42807 0.35720 0.41630 0.35470 0.39843 0.35620 0.39440 0.36225 0.39473 0.37490 0.39980 0.38755 0.40787 0.39310
4 0.57633 0.41100 0.59107 0.40975 0.59747 0.39510 0.59913 0.37390 0.59643 0.36075 0.58937 0.35015 0.57960 0.34255 0.56547 0.34460 0.55200 0.35265 0.54190 0.37290 0.54090 0.38955 0.54290 0.41125 0.55437 0.41380 0.57633 0.41100
4 0.58263 0.51480 0.58903 0.51230 0.59510 0.51080 0.59643 0.49765 0.59713 0.48550 0.59343 0.47845 0.58703 0.47845 0.57993 0.47645 0.57187 0.47845 0.56480 0.48200 0.56243 0.49360 0.56277 0.50925 0.57017 0.51330 0.58263 0.51480
4 0.60217 0.50270 0.61397 0.49915 0.62307 0.49360 0.63213 0.48250 0.63147 0.47190 0.62810 0.46430 0.61867 0.45725 0.60993 0.45725 0.60453 0.47035 0.60150 0.47945 0.60017 0.49310 0.59847 0.49915 0.60217 0.50270
4 0.66480 0.38905 0.66650 0.37640 0.66717 0.36280 0.66480 0.35470 0.65403 0.35470 0.64223 0.36330 0.64090 0.36985 0.64190 0.38300 0.64763 0.39460 0.65807 0.39865 0.66480 0.38905
4 0.47033 0.51120 0.48617 0.51575 0.48920 0.51470 0.48920 0.50210 0.48750 0.49150 0.48213 0.48390 0.47673 0.48035 0.46867 0.47735 0.46360 0.47835 0.45553 0.48490 0.45217 0.49400 0.45620 0.50360 0.47033 0.51120
4 0.41847 0.48695 0.43230 0.49550 0.44307 0.49955 0.44947 0.49955 0.45013 0.49150 0.44913 0.47985 0.44440 0.46925 0.43733 0.46015 0.42823 0.45815 0.42487 0.46015 0.41747 0.46520 0.41140 0.47230 0.41847 0.48695
4 0.52337 0.51535 0.52673 0.50170 0.52707 0.48805 0.51967 0.48350 0.50553 0.48250 0.49440 0.48450 0.49373 0.49160 0.49367 0.51400 0.50183 0.51685 0.51733 0.51600 0.52337 0.51535
4 0.48093 0.39260 0.48500 0.40670 0.49543 0.41330 0.50990 0.41480 0.52640 0.41480 0.53517 0.41280 0.54190 0.39715 0.54257 0.38300 0.53853 0.36885 0.52910 0.35570 0.51697 0.34865 0.49610 0.35015 0.48600 0.35670 0.47993 0.36730 0.47893 0.38300 0.48093 0.39260
4 0.54627 0.51885 0.55570 0.51535 0.55907 0.50470 0.56077 0.49260 0.55907 0.48250 0.54897 0.48250 0.53617 0.48500 0.52673 0.48655 0.52673 0.49060 0.52540 0.50420 0.52707 0.51330 0.53787 0.51885 0.54627 0.51885
4 0.44560 0.40015 0.46173 0.40470 0.47187 0.39610 0.47657 0.37845 0.47320 0.35875 0.46443 0.34865 0.44053 0.35065 0.43347 0.36280 0.43513 0.37895 0.43783 0.39205 0.44560 0.40015
4 0.62743 0.39310 0.63283 0.38855 0.63720 0.38095 0.63820 0.36480 0.63820 0.35165 0.63047 0.34255 0.62170 0.34460 0.61127 0.35265 0.60250 0.36280 0.59667 0.37400 0.60017 0.38500 0.60723 0.39205 0.61667 0.39560 0.62743 0.39310
