4 0.33924 0.48842 0.37604 0.49470 0.40196 0.47459 0.40364 0.41929 0.39276 0.38404 0.37102 0.35639 0.34676 0.34131 0.32669 0.34257 0.31582 0.36770 0.31331 0.42180 0.32167 0.45951 0.33924 0.48842
4 0.40909 0.60792 0.42302 0.54945 0.42302 0.51978 0.41778 0.50230 0.40735 0.48311 0.40269 0.47175 0.39687 0.47700 0.38469 0.48399 0.37189 0.49443 0.35913 0.49792 0.35796 0.49880 0.36262 0.51541 0.36145 0.54071 0.35855 0.55295 0.36204 0.56251 0.36782 0.58787 0.37364 0.60268 0.38989 0.61842 0.40909 0.60792
4 0.30451 0.63934 0.32425 0.63497 0.34047 0.61393 0.35502 0.57650 0.36087 0.54158 0.36255 0.51454 0.35622 0.49618 0.34400 0.49000 0.33236 0.48137 0.32189 0.46738 0.31847 0.45951 0.31087 0.46388 0.29982 0.47607 0.29582 0.49530 0.29407 0.51967 0.29524 0.53978 0.29131 0.55929 0.29465 0.57940 0.29756 0.60967 0.29982 0.62880 0.30451 0.63934
4 0.80705 0.48421 0.82029 0.49989 0.84400 0.48628 0.85585 0.45071 0.86560 0.41820 0.86353 0.39202 0.84956 0.38678 0.83982 0.40251 0.82240 0.40667 0.80775 0.40667 0.80007 0.40667 0.78753 0.41820 0.78476 0.44230 0.79244 0.46432 0.80705 0.48421
4 0.75716 0.33820 0.76342 0.36230 0.78575 0.38115 0.81153 0.40311 0.83105 0.40732 0.84429 0.39787 0.85473 0.36645 0.86240 0.34027 0.86309 0.31514 0.86102 0.27743 0.84985 0.26383 0.83313 0.24497 0.81640 0.22716 0.80524 0.23448 0.79618 0.25126 0.77876 0.27639 0.76411 0.28475 0.76135 0.31410 0.75716 0.33820
4 0.75702 0.55470 0.76862 0.56863 0.78836 0.58525 0.80695 0.60443 0.82091 0.60705 0.83309 0.59481 0.83309 0.56601 0.82785 0.53022 0.81567 0.49880 0.80811 0.48049 0.79825 0.46563 0.78778 0.44907 0.76978 0.44732 0.75931 0.47350 0.75004 0.49530 0.74305 0.51541 0.74771 0.53634 0.75702 0.55470
4 0.23891 0.41311 0.26655 0.43934 0.28400 0.42787 0.30076 0.39033 0.31382 0.36995 0.31055 0.33279 0.29825 0.29607 0.27145 0.27470 0.24302 0.26088 0.23549 0.27847 0.22796 0.30863 0.23298 0.36142 0.23891 0.41311
4 0.46135 0.64721 0.48400 0.64372 0.49793 0.62016 0.50491 0.57388 0.50607 0.54246 0.50665 0.51191 0.50200 0.51279 0.48749 0.51628 0.46600 0.51366 0.44509 0.51191 0.42767 0.51191 0.41953 0.49967 0.41953 0.50667 0.42418 0.52328 0.42360 0.54945 0.42069 0.55470 0.43000 0.58525 0.43636 0.60967 0.44742 0.63410 0.46135 0.64721
4 0.64084 0.63934 0.65651 0.63322 0.66989 0.61929 0.68149 0.57475 0.68324 0.53546 0.68149 0.50667 0.67451 0.48661 0.66931 0.49443 0.65302 0.50404 0.63036 0.50842 0.61709 0.51803 0.59673 0.52240 0.58855 0.52672 0.59320 0.57388 0.60655 0.61754 0.62225 0.63148 0.64084 0.63934
4 0.24364 0.58945 0.24782 0.59951 0.25869 0.60705 0.27960 0.59825 0.29215 0.57563 0.29549 0.54169 0.29382 0.50902 0.29967 0.48011 0.29465 0.46628 0.28880 0.45874 0.27876 0.46754 0.26036 0.49645 0.25200 0.52284 0.24615 0.56306 0.24364 0.58945
4 0.23451 0.50016 0.25095 0.49945 0.26305 0.47984 0.26887 0.45508 0.27175 0.43836 0.26062 0.43617 0.24513 0.42306 0.23545 0.41142 0.23353 0.39760 0.22189 0.39399 0.20640 0.39470 0.19964 0.39836 0.20447 0.43546 0.21175 0.46306 0.21756 0.48273 0.23451 0.50016
4 0.42873 0.51230 0.47055 0.51858 0.50316 0.51230 0.52575 0.48842 0.52993 0.44317 0.52742 0.39913 0.51487 0.37399 0.48309 0.35388 0.44629 0.34634 0.41535 0.34885 0.40196 0.38404 0.39862 0.43060 0.40531 0.47585 0.42873 0.51230
4 0.56822 0.63934 0.58218 0.62016 0.58680 0.57126 0.58738 0.53284 0.58738 0.52503 0.57869 0.52066 0.56356 0.51628 0.55255 0.51366 0.54324 0.49792 0.53396 0.48486 0.52989 0.48486 0.52000 0.49186 0.51073 0.50754 0.50433 0.51454 0.50549 0.53896 0.50549 0.56426 0.50665 0.57300 0.51596 0.60268 0.52291 0.62448 0.54498 0.64546 0.56822 0.63934
4 0.68498 0.55295 0.69484 0.58612 0.70938 0.61754 0.72680 0.62104 0.73724 0.61142 0.74422 0.58088 0.74422 0.53721 0.74015 0.50142 0.72796 0.49443 0.71113 0.49273 0.69484 0.48311 0.68382 0.48137 0.68033 0.48486 0.68091 0.50579 0.68382 0.52672 0.68498 0.55295
4 0.76222 0.46388 0.76280 0.43596 0.76164 0.41415 0.75644 0.39754 0.74480 0.37749 0.72971 0.36612 0.70880 0.35568 0.69775 0.36874 0.68440 0.38885 0.67684 0.41066 0.67625 0.43246 0.67393 0.46300 0.69425 0.48574 0.72156 0.49705 0.74073 0.49967 0.76222 0.46388
4 0.55418 0.51732 0.58931 0.52235 0.63196 0.51230 0.66458 0.49721 0.67545 0.45700 0.67629 0.40918 0.66876 0.36016 0.65036 0.34508 0.62193 0.33503 0.59265 0.34508 0.56673 0.35514 0.53745 0.38153 0.53244 0.41552 0.53745 0.46077 0.54247 0.49596 0.55418 0.51732
