4 0.08050 0.75521 0.10583 0.69701 0.12409 0.66995 0.13320 0.63887 0.13116 0.57933 0.12915 0.54278 0.12004 0.50356 0.10483 0.46299 0.08151 0.44809 0.04402 0.44675 0.03490 0.46974 0.02548 0.53866 0.00000 0.51650 0.00348 0.74979 0.08050 0.75521
4 0.28622 0.27227 0.28317 0.32907 0.28216 0.38180 0.28417 0.42376 0.30139 0.45350 0.33483 0.45217 0.35104 0.43593 0.38653 0.42103 0.43112 0.41294 0.45540 0.41026 0.50710 0.41026 0.53143 0.41026 0.55270 0.41294 0.55876 0.41294 0.56081 0.30742 0.54765 0.26144 0.52432 0.20598 0.50309 0.16186 0.47066 0.11650 0.43398 0.12113 0.40270 0.11804 0.36873 0.13248 0.34633 0.15000 0.31761 0.16536 0.30849 0.19783 0.29328 0.22624 0.28622 0.27227
4 0.16772 0.75562 0.19761 0.79088 0.22811 0.78696 0.24510 0.76582 0.24745 0.73918 0.25390 0.68361 0.26270 0.66170 0.27093 0.65072 0.27738 0.58809 0.27382 0.49964 0.27093 0.48083 0.25861 0.46830 0.24568 0.46830 0.16772 0.46990 0.14131 0.46046 0.12726 0.48629 0.12548 0.50665 0.12664 0.52861 0.13487 0.64526 0.13487 0.66871 0.13602 0.70237 0.15127 0.72119 0.16772 0.75562
4 0.05822 0.18294 0.03390 0.21541 0.01058 0.25603 0.00247 0.27227 0.00046 0.34397 0.00046 0.39536 0.00958 0.42103 0.03591 0.42510 0.08556 0.45217 0.12409 0.45624 0.18792 0.47248 0.22336 0.46974 0.25073 0.47113 0.26595 0.45217 0.28112 0.42376 0.28216 0.38588 0.28317 0.33448 0.28622 0.28577 0.28622 0.24113 0.27506 0.20732 0.26988 0.16650 0.24903 0.12062 0.20965 0.08350 0.14749 0.06598 0.10583 0.10722 0.09166 0.13021 0.06834 0.15995 0.05822 0.18294
4 0.27425 0.57650 0.27830 0.62521 0.27830 0.66985 0.28235 0.70366 0.30568 0.74289 0.30973 0.79026 0.31680 0.82134 0.33606 0.82948 0.36444 0.83758 0.38977 0.83082 0.40293 0.81593 0.40293 0.78485 0.40293 0.74964 0.40799 0.72258 0.40799 0.71175 0.41610 0.70907 0.43031 0.70907 0.43637 0.69150 0.43637 0.65768 0.43637 0.62789 0.43537 0.58598 0.43332 0.54536 0.43232 0.51696 0.43232 0.48856 0.42726 0.45608 0.41610 0.44392 0.39788 0.44392 0.38571 0.44258 0.36340 0.44526 0.34517 0.44665 0.33606 0.45474 0.32085 0.45474 0.30668 0.45474 0.29757 0.45067 0.29452 0.44665 0.28741 0.43717 0.28336 0.44258 0.27930 0.45608 0.27730 0.46964 0.27625 0.48314 0.27425 0.51289 0.27425 0.57650
4 0.79340 0.54201 0.78494 0.54201 0.77228 0.54201 0.76892 0.54536 0.76301 0.55103 0.75540 0.56119 0.75540 0.56567 0.75540 0.59387 0.75540 0.62314 0.75707 0.64907 0.75876 0.66036 0.76722 0.66376 0.77143 0.67165 0.77228 0.68742 0.78834 0.72237 0.79846 0.73479 0.81873 0.75057 0.82548 0.74717 0.82969 0.73928 0.82969 0.72464 0.82633 0.70660 0.82633 0.68294 0.82293 0.66150 0.81282 0.64459 0.80606 0.62206 0.80436 0.60510 0.80436 0.58598 0.80185 0.56567 0.80185 0.56119 0.80521 0.54201 0.80436 0.54201 0.79340 0.54201
4 0.70977 0.45892 0.74726 0.51577 0.75942 0.53742 0.79386 0.53876 0.80402 0.53201 0.82023 0.49954 0.82008 0.42783 0.81618 0.37371 0.80502 0.30067 0.79386 0.25196 0.78575 0.22082 0.77058 0.21407 0.74220 0.22763 0.71583 0.26686 0.71382 0.29387 0.69660 0.33041 0.71178 0.39129 0.68645 0.43325 0.69344 0.44794 0.70977 0.45892
4 0.61015 0.59160 0.61355 0.64686 0.60680 0.66711 0.61521 0.68742 0.63043 0.66938 0.63297 0.69196 0.63888 0.72912 0.64139 0.74041 0.64900 0.77309 0.65154 0.78438 0.66081 0.81706 0.68023 0.83850 0.70305 0.86217 0.71656 0.86330 0.73513 0.85876 0.74274 0.84186 0.74780 0.81820 0.74780 0.79113 0.74274 0.75505 0.74274 0.73366 0.74865 0.70546 0.75201 0.68629 0.75201 0.66036 0.75035 0.62995 0.75035 0.60510 0.75035 0.59273 0.75035 0.57809 0.75201 0.56567 0.75201 0.54876 0.75201 0.54201 0.74695 0.53412 0.74710 0.52526 0.73938 0.50052 0.72162 0.48000 0.72077 0.47438 0.71232 0.46644 0.70641 0.45634 0.70050 0.45634 0.69375 0.45521 0.69124 0.45521 0.68784 0.45521 0.68278 0.45742 0.67857 0.45742 0.67097 0.46985 0.66757 0.47546 0.65830 0.47773 0.63888 0.47773 0.63043 0.47773 0.62027 0.47773 0.61946 0.48000 0.61100 0.48902 0.61100 0.49015 0.61270 0.50252 0.61015 0.52624 0.61015 0.55665 0.61015 0.59160
4 0.50193 0.41031 0.50305 0.43325 0.50911 0.45892 0.54460 0.46299 0.57602 0.46031 0.60540 0.47655 0.62162 0.48330 0.67023 0.49005 0.68340 0.45103 0.68649 0.42783 0.70876 0.38454 0.69456 0.32773 0.66923 0.25062 0.65707 0.22624 0.63579 0.20057 0.59830 0.20057 0.56992 0.21948 0.54865 0.24923 0.56081 0.30335 0.55776 0.41567 0.50193 0.41031
4 0.43332 0.56299 0.43842 0.59000 0.44753 0.64954 0.45259 0.67119 0.45664 0.68876 0.46575 0.70907 0.47591 0.72531 0.48602 0.74155 0.50124 0.77536 0.50324 0.78619 0.52046 0.81732 0.54178 0.84031 0.56201 0.85515 0.57317 0.85515 0.59344 0.83350 0.59950 0.81191 0.59950 0.78211 0.59807 0.75464 0.60116 0.72887 0.60077 0.69794 0.59649 0.67119 0.60560 0.64954 0.61066 0.61979 0.61066 0.59273 0.61066 0.56974 0.61166 0.53861 0.61166 0.52237 0.61166 0.51289 0.61166 0.50211 0.61166 0.49263 0.60255 0.47505 0.59849 0.47098 0.59143 0.46825 0.55494 0.45608 0.54985 0.46015 0.52757 0.46283 0.52351 0.46283 0.51440 0.46015 0.50529 0.45881 0.50124 0.45881 0.49513 0.46964 0.49413 0.46964 0.48402 0.46825 0.47996 0.46557 0.47591 0.46283 0.47286 0.46283 0.46676 0.46283 0.46475 0.46423 0.46170 0.46557 0.45969 0.46691 0.45259 0.47366 0.44653 0.48180 0.44548 0.48314 0.43942 0.49263 0.44043 0.49804 0.42826 0.49397 0.42826 0.51562 0.43131 0.53593 0.43332 0.56299
