4 0.49510 0.51435 0.49877 0.51485 0.50510 0.51835 0.51077 0.51985 0.51877 0.52035 0.53177 0.52185 0.53443 0.51885 0.54077 0.51735 0.54377 0.51185 0.54443 0.50085 0.54577 0.49235 0.54677 0.48585 0.54677 0.47785 0.54533 0.46550 0.53833 0.46200 0.52833 0.46200 0.51767 0.46300 0.51000 0.46200 0.50033 0.46200 0.49400 0.46700 0.48767 0.46950 0.48133 0.47200 0.47633 0.48050 0.47710 0.48635 0.48277 0.49535 0.48410 0.49885 0.48610 0.51085 0.49510 0.51435
4 0.42920 0.56895 0.43900 0.57200 0.44833 0.57300 0.45333 0.57200 0.46167 0.57100 0.47533 0.56000 0.47033 0.54900 0.46977 0.52840 0.46967 0.53700 0.46977 0.52025 0.46833 0.51200 0.46100 0.51400 0.44933 0.51450 0.44300 0.51500 0.43867 0.51500 0.43333 0.51650 0.43000 0.51600 0.42557 0.51890 0.42647 0.52975 0.42557 0.54730 0.42557 0.55815 0.42920 0.56895
4 0.60343 0.46485 0.60243 0.47385 0.60177 0.47785 0.59777 0.48435 0.59377 0.48585 0.58943 0.49185 0.58710 0.49385 0.58177 0.49985 0.57843 0.50385 0.57710 0.50435 0.57577 0.50785 0.57577 0.51785 0.57610 0.52035 0.57610 0.52785 0.58010 0.52985 0.58977 0.52735 0.59643 0.52585 0.60577 0.52285 0.61377 0.51585 0.61710 0.50835 0.61810 0.50335 0.61810 0.49285 0.61777 0.48635 0.61410 0.47385 0.61110 0.46185 0.60977 0.45785 0.60843 0.45085 0.60743 0.44735 0.60643 0.44385 0.60410 0.44385 0.60443 0.44835 0.60443 0.45385 0.60377 0.45785 0.60343 0.46485
4 0.40933 0.51350 0.42567 0.51450 0.43667 0.51350 0.44767 0.51350 0.46077 0.51350 0.46733 0.51000 0.46400 0.49950 0.46437 0.48780 0.45893 0.47835 0.45533 0.47560 0.44633 0.46885 0.43190 0.46885 0.41837 0.46750 0.41567 0.46750 0.40843 0.46750 0.40483 0.46885 0.40483 0.47020 0.39580 0.47560 0.39580 0.49725 0.39580 0.50270 0.39763 0.51350 0.40933 0.51350
4 0.48143 0.52785 0.48177 0.53785 0.48177 0.54435 0.48243 0.54985 0.48543 0.55835 0.49377 0.55935 0.50977 0.56035 0.51677 0.56035 0.52043 0.55885 0.52377 0.55485 0.52643 0.55085 0.52710 0.54785 0.52710 0.53885 0.52710 0.53185 0.52710 0.52685 0.52677 0.52435 0.52510 0.52235 0.51543 0.52135 0.51110 0.52085 0.50777 0.52085 0.50577 0.52035 0.50177 0.51985 0.49677 0.51885 0.49143 0.51635 0.48977 0.51285 0.48777 0.51085 0.48643 0.50835 0.48443 0.50585 0.48310 0.50335 0.48277 0.50235 0.48210 0.49935 0.47977 0.50285 0.47743 0.50935 0.47910 0.51885 0.48143 0.52785
4 0.61377 0.47235 0.61610 0.48285 0.61943 0.49085 0.62343 0.49885 0.62843 0.50585 0.63310 0.50785 0.63910 0.50785 0.64410 0.50285 0.65443 0.49235 0.65777 0.47635 0.65810 0.46885 0.65877 0.45785 0.65977 0.45085 0.66043 0.44085 0.66077 0.43585 0.66177 0.42485 0.66443 0.41485 0.66443 0.41285 0.65610 0.41285 0.65110 0.41435 0.64300 0.41900 0.63433 0.42050 0.63233 0.42650 0.62533 0.42750 0.62167 0.42850 0.61943 0.43535 0.61643 0.43585 0.61510 0.43635 0.61377 0.43935 0.61243 0.44485 0.61077 0.45035 0.61377 0.46185 0.61377 0.47235
4 0.34867 0.50300 0.37233 0.50150 0.37967 0.50000 0.39000 0.50000 0.39130 0.48375 0.38967 0.47650 0.38900 0.46500 0.37957 0.46480 0.36877 0.46480 0.36063 0.46615 0.34800 0.46480 0.34440 0.46480 0.33270 0.46480 0.33540 0.47020 0.33540 0.48105 0.33900 0.49050 0.34170 0.49455 0.34867 0.50300
4 0.28367 0.53300 0.29660 0.52025 0.30653 0.50270 0.31133 0.49200 0.31667 0.48450 0.31647 0.47560 0.31013 0.47425 0.29480 0.47835 0.28037 0.48375 0.27497 0.48645 0.26773 0.48780 0.26143 0.48915 0.26053 0.48915 0.26053 0.49860 0.26233 0.51215 0.26567 0.52600 0.27133 0.53600 0.28367 0.53300
4 0.53210 0.54535 0.53377 0.55385 0.53477 0.55585 0.54177 0.55835 0.55643 0.55835 0.55910 0.55635 0.56610 0.54885 0.57443 0.53785 0.57610 0.53035 0.57610 0.52285 0.57510 0.51435 0.57377 0.50885 0.57377 0.50635 0.56277 0.50185 0.56177 0.49335 0.56110 0.48885 0.56077 0.48235 0.56010 0.48185 0.55277 0.47985 0.54877 0.47985 0.54677 0.48185 0.54577 0.49335 0.54410 0.50235 0.54410 0.50735 0.54310 0.51135 0.54177 0.51735 0.54043 0.51885 0.53477 0.51985 0.53343 0.51985 0.53210 0.52085 0.53043 0.52235 0.52943 0.52485 0.52943 0.53035 0.52977 0.53785 0.53210 0.54535
4 0.38950 0.57300 0.39853 0.57575 0.40933 0.57300 0.41467 0.57100 0.41733 0.56150 0.41833 0.54400 0.41867 0.52300 0.41167 0.51550 0.40573 0.51755 0.39943 0.51755 0.39763 0.50810 0.39220 0.50540 0.38050 0.51080 0.37417 0.51350 0.37057 0.51890 0.36877 0.52430 0.36877 0.53650 0.36877 0.53785 0.37327 0.56625 0.37417 0.57030 0.37777 0.57300 0.38320 0.57300 0.38950 0.57300
4 0.32700 0.56850 0.33600 0.57250 0.34500 0.57300 0.35400 0.57400 0.35973 0.56895 0.36300 0.56100 0.36167 0.54550 0.35733 0.53250 0.35433 0.51900 0.35133 0.50700 0.34433 0.50000 0.33600 0.48700 0.33167 0.47900 0.32033 0.47900 0.31463 0.49050 0.31103 0.49590 0.30293 0.50810 0.29480 0.51890 0.29367 0.53950 0.29300 0.54730 0.29300 0.55950 0.29660 0.56490 0.31103 0.56760 0.32700 0.56850
4 0.56243 0.49235 0.56443 0.49635 0.56810 0.50735 0.57177 0.50835 0.57877 0.50335 0.58343 0.49585 0.58843 0.48935 0.59210 0.48635 0.60010 0.47835 0.60143 0.47385 0.60177 0.46385 0.60177 0.45335 0.60243 0.44485 0.60177 0.44085 0.59710 0.43835 0.58910 0.44335 0.58310 0.44935 0.57477 0.45185 0.56443 0.45685 0.56110 0.45985 0.55877 0.46185 0.55810 0.46535 0.55777 0.47035 0.55910 0.47935 0.56077 0.48535 0.56243 0.49235
