4 0.70265 0.57543 0.70793 0.59348 0.70869 0.60810 0.71622 0.63402 0.72829 0.65435 0.73433 0.66446 0.75695 0.68141 0.76902 0.69043 0.78411 0.68592 0.79164 0.67125 0.79316 0.65435 0.79015 0.62277 0.78636 0.60359 0.78109 0.57429 0.78185 0.55288 0.78636 0.53707 0.78789 0.51793 0.78713 0.50103 0.77204 0.48750 0.76600 0.48299 0.74716 0.47848 0.73055 0.47397 0.71775 0.47848 0.71095 0.48636 0.70567 0.49201 0.69509 0.50326 0.68680 0.51565 0.68455 0.53707 0.68455 0.54272 0.68905 0.55288 0.68756 0.56413 0.70265 0.57543
4 0.20484 0.60125 0.20047 0.61364 0.20135 0.63457 0.21138 0.66130 0.21444 0.67239 0.22316 0.67630 0.23015 0.67370 0.24324 0.66457 0.25415 0.64370 0.26113 0.63000 0.27335 0.61495 0.28735 0.59342 0.29520 0.57516 0.29651 0.54582 0.29520 0.52821 0.28996 0.50929 0.28953 0.48516 0.28909 0.47603 0.28778 0.47603 0.27465 0.47603 0.25807 0.47538 0.24585 0.47538 0.24411 0.47603 0.23407 0.47799 0.23233 0.48060 0.22753 0.48582 0.22447 0.48712 0.22098 0.49364 0.21880 0.49495 0.21575 0.49821 0.21269 0.52234 0.21225 0.54842 0.21138 0.57908 0.20484 0.60125
4 0.83087 0.48522 0.82636 0.49538 0.82335 0.50103 0.81353 0.49424 0.80145 0.49652 0.79920 0.49989 0.79309 0.51141 0.79527 0.52337 0.79782 0.54565 0.80473 0.57663 0.82335 0.60022 0.82636 0.62277 0.84371 0.64418 0.86480 0.64196 0.87462 0.62728 0.87538 0.60359 0.87462 0.58446 0.87462 0.55511 0.87160 0.51114 0.87011 0.49087 0.85953 0.48522 0.84142 0.47620 0.83691 0.47397 0.83465 0.47734 0.83087 0.48522
4 0.14109 0.51386 0.13935 0.53147 0.14240 0.55755 0.15113 0.57777 0.15593 0.58560 0.16247 0.60386 0.17687 0.61429 0.18345 0.58821 0.19044 0.57321 0.19698 0.56734 0.20135 0.56342 0.20484 0.54255 0.20658 0.52951 0.21007 0.50016 0.21138 0.49103 0.20873 0.48696 0.20291 0.48098 0.19393 0.47603 0.18695 0.47212 0.18036 0.46755 0.17033 0.46755 0.16815 0.46234 0.16029 0.45967 0.15069 0.46560 0.14196 0.47538 0.14196 0.49299 0.14109 0.51386
4 0.41455 0.61304 0.42218 0.64891 0.43109 0.65772 0.44255 0.66793 0.46036 0.66902 0.47564 0.64511 0.48767 0.58783 0.48993 0.54049 0.48993 0.52130 0.49055 0.49348 0.48436 0.48315 0.47745 0.48261 0.46276 0.48185 0.44316 0.48185 0.43109 0.48522 0.42505 0.48522 0.41676 0.48522 0.40469 0.48973 0.40695 0.51228 0.40618 0.54620 0.40836 0.56630 0.41455 0.61304
4 0.08909 0.44837 0.09345 0.47228 0.12109 0.47168 0.13855 0.47065 0.15055 0.46087 0.15927 0.45380 0.15818 0.40435 0.14975 0.37250 0.13844 0.35446 0.13087 0.33418 0.11880 0.30935 0.10073 0.32739 0.09542 0.34658 0.09240 0.36685 0.09240 0.39391 0.08909 0.44837
4 0.23196 0.37924 0.23273 0.41522 0.23527 0.45109 0.23418 0.47283 0.26215 0.47511 0.28702 0.47511 0.29782 0.48696 0.32836 0.47609 0.33127 0.42880 0.33382 0.38750 0.33491 0.36848 0.32702 0.34995 0.31055 0.34402 0.30364 0.32065 0.28927 0.28908 0.28175 0.27217 0.27345 0.26087 0.23647 0.26880 0.23044 0.30033 0.23044 0.33304 0.23044 0.36576 0.23196 0.37924
4 0.85804 0.38375 0.84596 0.39842 0.84596 0.42212 0.84673 0.44804 0.84618 0.47283 0.87382 0.48424 0.90036 0.49837 0.91745 0.48533 0.93418 0.47500 0.93196 0.44918 0.92945 0.40326 0.92742 0.38038 0.92215 0.36348 0.91687 0.33870 0.89422 0.33870 0.87782 0.33641 0.86556 0.36685 0.85804 0.38375
4 0.33905 0.31614 0.33455 0.34543 0.33378 0.37022 0.33305 0.41082 0.33153 0.45364 0.33153 0.47620 0.36473 0.48071 0.38284 0.47848 0.40764 0.48424 0.44764 0.47826 0.46727 0.48043 0.47927 0.47826 0.48218 0.42337 0.47891 0.39076 0.47418 0.36250 0.46509 0.32283 0.45222 0.28793 0.44771 0.27217 0.43938 0.25864 0.42356 0.24288 0.41600 0.23946 0.38735 0.23723 0.36924 0.24734 0.35567 0.25413 0.34662 0.27103 0.34135 0.30033 0.33905 0.31614
4 0.90858 0.49424 0.89953 0.49989 0.88400 0.49620 0.87818 0.50435 0.87764 0.52582 0.87764 0.53935 0.87764 0.55962 0.87764 0.56304 0.89491 0.57717 0.90545 0.59674 0.92138 0.60022 0.94931 0.60810 0.95535 0.59685 0.94931 0.57207 0.94931 0.54609 0.94025 0.50891 0.93269 0.48522 0.92593 0.48071 0.91989 0.48522 0.90858 0.49424
4 0.48993 0.48750 0.51564 0.48315 0.54255 0.47717 0.56800 0.47772 0.59127 0.47880 0.60691 0.47663 0.63098 0.47168 0.63091 0.44457 0.63055 0.41413 0.62691 0.36685 0.62145 0.33641 0.60309 0.28908 0.60080 0.25636 0.58196 0.22821 0.55858 0.22370 0.54425 0.22370 0.53218 0.23158 0.51556 0.25413 0.49673 0.28234 0.48313 0.34543 0.48465 0.43565 0.48291 0.47989 0.48993 0.48750
4 0.15502 0.37022 0.15502 0.39054 0.16105 0.41761 0.16182 0.44353 0.16182 0.45592 0.18898 0.47168 0.21611 0.48864 0.23273 0.47620 0.23273 0.41196 0.23273 0.38375 0.22516 0.37250 0.20633 0.34092 0.19418 0.30652 0.17087 0.28685 0.14524 0.26880 0.14749 0.29582 0.15051 0.32516 0.15276 0.34772 0.15502 0.37022
4 0.31418 0.62826 0.31636 0.64783 0.32171 0.67239 0.33382 0.68587 0.34655 0.68152 0.36400 0.66576 0.37982 0.60587 0.38960 0.55853 0.40091 0.53261 0.40244 0.51228 0.40244 0.48973 0.39055 0.47935 0.37600 0.48098 0.33382 0.48098 0.31273 0.48315 0.31345 0.52717 0.31309 0.54946 0.31491 0.59076 0.31418 0.62826
4 0.75927 0.36141 0.75695 0.37701 0.74691 0.41033 0.74509 0.44511 0.73782 0.46739 0.77127 0.48299 0.81880 0.49538 0.83087 0.47848 0.84255 0.46141 0.84473 0.42826 0.84618 0.37826 0.84618 0.35380 0.84255 0.32500 0.83465 0.30375 0.82785 0.28457 0.80898 0.28342 0.78218 0.30978 0.78073 0.32717 0.76836 0.34076 0.75927 0.36141
4 0.63476 0.48185 0.62436 0.47880 0.61062 0.47848 0.60007 0.47848 0.59018 0.48967 0.58945 0.52120 0.58945 0.54620 0.59636 0.56087 0.60400 0.58261 0.60982 0.61576 0.61455 0.64402 0.63491 0.66957 0.65287 0.66109 0.66265 0.65772 0.66495 0.63853 0.67095 0.62049 0.67324 0.59908 0.68000 0.57995 0.68302 0.55853 0.68455 0.53261 0.68455 0.51679 0.68455 0.50212 0.68302 0.49315 0.68153 0.49538 0.66495 0.48636 0.63476 0.48185
4 0.63273 0.36576 0.63273 0.39402 0.63200 0.43043 0.63553 0.45929 0.63855 0.47609 0.67782 0.48859 0.70327 0.48859 0.72451 0.46832 0.74109 0.44565 0.74618 0.39076 0.74338 0.35223 0.74185 0.32967 0.73433 0.30147 0.72375 0.27440 0.71924 0.26652 0.70716 0.25299 0.69058 0.27103 0.67382 0.29239 0.65673 0.31685 0.64545 0.33152 0.63273 0.36576
4 0.56007 0.48071 0.54575 0.48071 0.53142 0.48071 0.52615 0.48071 0.51556 0.48522 0.50109 0.48859 0.50200 0.50891 0.50051 0.51679 0.49975 0.53484 0.49975 0.56190 0.50291 0.59348 0.51255 0.63065 0.52160 0.64755 0.53444 0.65995 0.54876 0.66446 0.55102 0.66223 0.55633 0.64755 0.56462 0.63065 0.56873 0.61413 0.57440 0.58897 0.57742 0.56527 0.58345 0.53261 0.58498 0.50103 0.58498 0.48413 0.58800 0.48071 0.57215 0.48071 0.56007 0.48071
