4 0.19114 0.53369 0.19884 0.44205 0.20065 0.39008 0.19947 0.36083 0.17565 0.32102 0.16677 0.29306 0.15321 0.27309 0.13415 0.25293 0.11528 0.26043 0.09260 0.28239 0.07764 0.33382 0.06223 0.39829 0.05737 0.47446 0.05660 0.52802 0.07516 0.56114 0.11779 0.58523 0.12118 0.57423 0.14632 0.57066 0.16486 0.56983 0.19114 0.53369
4 0.27423 0.71588 0.26991 0.68327 0.26488 0.60675 0.25467 0.58527 0.23967 0.57503 0.21373 0.56435 0.19334 0.55229 0.18586 0.54714 0.17155 0.56450 0.13810 0.59113 0.13751 0.67538 0.13812 0.72091 0.14799 0.75209 0.15647 0.82450 0.18573 0.86036 0.21828 0.84519 0.23828 0.80401 0.25239 0.77686 0.26770 0.74656 0.27423 0.71588
4 0.60395 0.57478 0.63587 0.58072 0.65282 0.57946 0.66939 0.57781 0.68183 0.57973 0.69075 0.58226 0.70392 0.57753 0.71585 0.56535 0.72344 0.55294 0.72709 0.52705 0.73198 0.48171 0.72449 0.41815 0.72553 0.38410 0.70935 0.34455 0.70683 0.29079 0.69679 0.26450 0.68954 0.25283 0.66803 0.24423 0.64147 0.24552 0.60128 0.25005 0.57608 0.26992 0.56556 0.31329 0.55096 0.35873 0.54884 0.37644 0.54969 0.42391 0.54542 0.46008 0.54774 0.50834 0.54292 0.54597 0.57508 0.57081 0.60395 0.57478
4 0.94562 0.69063 0.94368 0.65158 0.94183 0.64143 0.94138 0.62585 0.94406 0.57777 0.92670 0.57345 0.91151 0.59294 0.86004 0.59114 0.85347 0.60722 0.85283 0.71170 0.85990 0.75271 0.87493 0.76777 0.89603 0.79126 0.91139 0.79676 0.92688 0.79730 0.93601 0.79391 0.94100 0.78001 0.94232 0.75633 0.94564 0.72147 0.94562 0.69063
4 0.34330 0.54456 0.32652 0.55368 0.31518 0.56463 0.29412 0.57041 0.27640 0.57632 0.26749 0.57927 0.26488 0.60675 0.27423 0.71588 0.28308 0.76170 0.30702 0.79826 0.32984 0.80395 0.35508 0.80320 0.37664 0.75037 0.38510 0.69707 0.39409 0.62749 0.39324 0.59011 0.37215 0.56506 0.34330 0.54456
4 0.53290 0.54629 0.53874 0.50802 0.54373 0.45565 0.54606 0.42749 0.54388 0.38961 0.53634 0.36192 0.52743 0.33048 0.51640 0.27377 0.46883 0.23208 0.44467 0.23643 0.40803 0.23960 0.39797 0.25555 0.38353 0.30226 0.37580 0.33608 0.36853 0.36792 0.36136 0.38695 0.35432 0.41657 0.35669 0.53502 0.37215 0.56506 0.39317 0.57928 0.41831 0.57571 0.44327 0.57733 0.46922 0.57897 0.50291 0.57422 0.52227 0.56867 0.53290 0.54629
4 0.61804 0.69868 0.62826 0.65679 0.63610 0.62134 0.63822 0.59221 0.62761 0.58206 0.59803 0.58103 0.57285 0.58015 0.55895 0.56995 0.54505 0.55968 0.53290 0.54629 0.52406 0.59467 0.51885 0.68225 0.51501 0.72918 0.51794 0.76990 0.52318 0.80907 0.53623 0.84362 0.55782 0.86446 0.58090 0.84822 0.59642 0.81489 0.60240 0.76959 0.61581 0.73107 0.61804 0.69868
4 0.00000 0.73182 0.01562 0.71174 0.03015 0.64080 0.03140 0.60512 0.03318 0.57264 0.00000 0.56333 0.00000 0.73182
4 0.98049 0.79095 0.99017 0.79017 0.99600 0.58032 0.97720 0.58856 0.94832 0.58459 0.94324 0.61554 0.95102 0.78666 0.96509 0.79204 0.98049 0.79095
4 0.84913 0.40791 0.84740 0.33143 0.81717 0.25566 0.78000 0.25273 0.75704 0.28121 0.73647 0.33734 0.72553 0.38410 0.73030 0.51419 0.73969 0.52749 0.76033 0.53800 0.77333 0.55253 0.78781 0.56786 0.81310 0.55985 0.84875 0.54183 0.85324 0.47787 0.84913 0.40791
4 0.94063 0.40947 0.94642 0.33815 0.92539 0.28138 0.89291 0.28025 0.87078 0.31208 0.84971 0.37539 0.85135 0.53895 0.84793 0.55240 0.85913 0.57717 0.87072 0.59055 0.89552 0.59238 0.91737 0.58276 0.92876 0.56011 0.94084 0.46633 0.94063 0.40947
4 0.32652 0.55368 0.34330 0.54456 0.35625 0.51900 0.35211 0.47986 0.35432 0.41657 0.34379 0.37447 0.32862 0.33607 0.30386 0.29140 0.27484 0.25718 0.24694 0.26806 0.23248 0.29535 0.22700 0.32607 0.21642 0.34682 0.19947 0.36083 0.20263 0.53409 0.20726 0.54463 0.21143 0.55292 0.21896 0.55645 0.23894 0.56871 0.25985 0.57166 0.28281 0.57321 0.31518 0.56463 0.32652 0.55368
4 0.73235 0.79051 0.73631 0.75025 0.74054 0.71934 0.74548 0.70543 0.74944 0.64635 0.75459 0.58924 0.75494 0.56197 0.74444 0.55316 0.73112 0.55358 0.71585 0.56535 0.69524 0.58242 0.68385 0.57906 0.67378 0.58093 0.66426 0.58134 0.65429 0.58025 0.64184 0.58433 0.63610 0.62134 0.63022 0.68073 0.63447 0.71816 0.64448 0.74519 0.65875 0.77200 0.66428 0.79569 0.67184 0.81567 0.68983 0.82757 0.70892 0.82542 0.72492 0.82130 0.73235 0.79051
4 0.81756 0.57409 0.80771 0.57375 0.79964 0.56857 0.78374 0.56965 0.75989 0.56066 0.74503 0.73558 0.76064 0.79135 0.78029 0.82457 0.81761 0.84611 0.84178 0.84177 0.84982 0.74903 0.85175 0.69388 0.85627 0.62740 0.84415 0.59777 0.83719 0.57641 0.81756 0.57409
4 0.13316 0.62653 0.12961 0.60492 0.12143 0.58714 0.11435 0.58363 0.07516 0.56114 0.05796 0.57944 0.03554 0.58088 0.01562 0.71174 0.02053 0.74445 0.02499 0.77841 0.03631 0.79533 0.06255 0.79625 0.08262 0.78716 0.10339 0.75706 0.12054 0.73579 0.13063 0.71909 0.13563 0.69036 0.13316 0.62653
4 0.50346 0.57283 0.46930 0.57816 0.42278 0.57661 0.39406 0.58228 0.39409 0.62749 0.40027 0.70242 0.41442 0.73708 0.42317 0.79454 0.43967 0.80919 0.47053 0.81398 0.49760 0.75489 0.50790 0.68928 0.51083 0.66270 0.51558 0.60253 0.50346 0.57283
4 0.00000 0.56503 0.02291 0.56583 0.04096 0.55186 0.05660 0.52802 0.05737 0.47446 0.06223 0.39829 0.04037 0.37966 0.01477 0.35928 0.00477 0.35478 0.00057 0.47507 0.00000 0.50432 0.00000 0.56503
4 1.00000 0.36265 0.97586 0.37335 0.95724 0.40516 0.94063 0.40947 0.93513 0.56678 0.95662 0.57895 0.97081 0.58107 0.98638 0.57509 0.99794 0.56779 1.00000 0.50873 1.00000 0.36265
