4 0.57433 0.82105 0.57994 0.80888 0.58630 0.80197 0.58487 0.79450 0.58389 0.78112 0.58347 0.76982 0.57711 0.76024 0.57047 0.74663 0.56600 0.73602 0.56175 0.72937 0.54900 0.72668 0.53692 0.72809 0.53483 0.73567 0.52677 0.74496 0.52445 0.75124 0.51563 0.75974 0.51400 0.81166 0.50771 0.82648 0.51454 0.82496 0.51795 0.82550 0.52991 0.82950 0.54187 0.83305 0.55362 0.83326 0.56462 0.82891 0.57433 0.82105
4 0.71668 0.68702 0.71687 0.66492 0.70975 0.64714 0.70771 0.63492 0.70403 0.62748 0.69735 0.61148 0.69192 0.60398 0.68540 0.59631 0.67594 0.59951 0.66898 0.59908 0.65990 0.59830 0.65020 0.60401 0.64360 0.60961 0.63865 0.62133 0.63682 0.63293 0.63488 0.64518 0.63443 0.65634 0.63381 0.67146 0.63505 0.68405 0.63305 0.69203 0.63982 0.70278 0.66444 0.73794 0.67150 0.74681 0.68402 0.74215 0.69218 0.73016 0.69794 0.72167 0.70294 0.71804 0.70945 0.70247 0.71432 0.69494 0.71668 0.68702
4 0.82920 0.51988 0.83391 0.50940 0.84371 0.48915 0.84824 0.47731 0.85976 0.45734 0.86339 0.44275 0.86254 0.42630 0.85898 0.40692 0.85597 0.38410 0.85247 0.37297 0.84603 0.35807 0.83758 0.34749 0.83258 0.33746 0.82492 0.33027 0.81292 0.32837 0.79472 0.33146 0.78747 0.33308 0.77688 0.33389 0.76535 0.34003 0.75476 0.35152 0.74872 0.36180 0.74559 0.37060 0.74087 0.38368 0.73497 0.39862 0.72726 0.42036 0.72433 0.43650 0.72203 0.46269 0.72816 0.46952 0.73353 0.48559 0.73855 0.49828 0.73771 0.51198 0.75864 0.51883 0.76629 0.52840 0.76695 0.52983 0.77767 0.53419 0.78562 0.53677 0.79889 0.53622 0.80940 0.53656 0.82083 0.52924 0.82920 0.51988
4 0.28768 0.64341 0.27340 0.65222 0.27703 0.69207 0.28074 0.71070 0.29536 0.73813 0.30701 0.74219 0.34071 0.71560 0.35322 0.66055 0.34786 0.63303 0.32208 0.62706 0.30970 0.62853 0.28768 0.64341
4 0.33336 0.57978 0.33618 0.56197 0.33385 0.54788 0.32656 0.53649 0.32099 0.53328 0.31373 0.53102 0.31078 0.53056 0.30211 0.52675 0.29005 0.53314 0.27864 0.53686 0.27177 0.53235 0.25886 0.54175 0.24883 0.57253 0.24136 0.60344 0.24275 0.62025 0.25103 0.62953 0.25778 0.63973 0.27266 0.64663 0.29052 0.63922 0.30342 0.62981 0.31897 0.60832 0.33336 0.57978
4 0.51503 0.79400 0.51686 0.77709 0.51563 0.75974 0.51106 0.74978 0.50103 0.73829 0.49417 0.73720 0.48662 0.74325 0.47517 0.74603 0.46967 0.75313 0.46296 0.76197 0.45569 0.76347 0.45445 0.76831 0.45214 0.78847 0.45076 0.80275 0.44385 0.82196 0.45020 0.83071 0.46963 0.83821 0.48406 0.83773 0.49776 0.83492 0.50771 0.82648 0.51400 0.81166 0.51503 0.79400
4 0.43455 0.74142 0.43098 0.73887 0.41802 0.73748 0.40807 0.74105 0.39528 0.75672 0.38853 0.77375 0.38300 0.80402 0.38909 0.81439 0.40858 0.81919 0.41899 0.82018 0.44011 0.82468 0.45076 0.80275 0.45214 0.78847 0.45445 0.76831 0.44740 0.75469 0.43455 0.74142
4 0.32195 0.49349 0.32388 0.47764 0.32379 0.45494 0.31973 0.44102 0.31571 0.43153 0.31386 0.42488 0.30160 0.42067 0.28642 0.42053 0.28197 0.41982 0.26624 0.41849 0.23789 0.43453 0.22333 0.46392 0.21986 0.49049 0.22731 0.50594 0.23599 0.52325 0.24895 0.52763 0.26007 0.52950 0.27678 0.53325 0.29453 0.53252 0.30773 0.51635 0.32195 0.49349
4 0.28719 0.22341 0.30226 0.22359 0.32259 0.19748 0.33077 0.18771 0.33653 0.15228 0.33953 0.13333 0.34394 0.10548 0.34225 0.07783 0.33546 0.06303 0.33089 0.04864 0.32539 0.03062 0.31605 0.02494 0.29974 0.02567 0.28563 0.02178 0.26620 0.03751 0.25387 0.04098 0.23483 0.06541 0.22016 0.12594 0.21271 0.15906 0.21486 0.18662 0.23156 0.21554 0.25638 0.22174 0.27269 0.22433 0.28719 0.22341
4 0.24815 0.42249 0.26624 0.41849 0.28242 0.41630 0.29524 0.41667 0.29866 0.40670 0.30405 0.39593 0.31462 0.38267 0.32149 0.36716 0.32654 0.34694 0.33114 0.32719 0.33743 0.29444 0.33714 0.27791 0.33012 0.25970 0.32748 0.25242 0.31311 0.23759 0.30994 0.23366 0.29638 0.22354 0.29340 0.22307 0.28285 0.22250 0.25068 0.22427 0.23801 0.23709 0.22628 0.25349 0.21143 0.27056 0.20626 0.29369 0.19955 0.33512 0.20050 0.36354 0.20440 0.38701 0.21936 0.40764 0.23648 0.41948 0.24815 0.42249
4 0.65251 0.72261 0.64480 0.71016 0.63982 0.70278 0.62839 0.69173 0.61988 0.68707 0.61259 0.68591 0.60362 0.68449 0.59793 0.68691 0.58916 0.70068 0.58818 0.71242 0.58604 0.72597 0.58535 0.73311 0.58341 0.74536 0.57888 0.75980 0.58070 0.76452 0.58630 0.80197 0.59888 0.80596 0.61260 0.80813 0.62806 0.79935 0.63645 0.79077 0.64770 0.78066 0.65339 0.77050 0.65644 0.75825 0.65943 0.73936 0.65824 0.73082 0.65251 0.72261
4 0.37373 0.72770 0.37274 0.71957 0.35966 0.70151 0.35198 0.69233 0.34681 0.69151 0.33220 0.74120 0.32871 0.76555 0.34513 0.78369 0.36814 0.79187 0.38120 0.79212 0.39396 0.75829 0.40694 0.73865 0.40319 0.73352 0.38892 0.72783 0.37449 0.72782 0.37373 0.72770
4 0.90805 0.15522 0.90226 0.15297 0.88112 0.14763 0.86322 0.14679 0.85440 0.15529 0.84489 0.17094 0.83643 0.18548 0.82629 0.20235 0.81892 0.21839 0.81066 0.22898 0.80027 0.24183 0.79650 0.25982 0.79453 0.27527 0.79314 0.28961 0.80147 0.30348 0.81518 0.31689 0.81875 0.32204 0.82492 0.33027 0.84858 0.35847 0.86467 0.34846 0.89071 0.33676 0.90423 0.32369 0.91954 0.28517 0.93136 0.26325 0.93905 0.24798 0.94330 0.21297 0.93586 0.18208 0.93153 0.17343 0.90805 0.15522
4 0.75907 0.51890 0.75864 0.51883 0.74745 0.51441 0.73586 0.50992 0.72837 0.51006 0.71874 0.51251 0.71045 0.52044 0.69775 0.53691 0.69290 0.54803 0.69012 0.56281 0.68841 0.57637 0.68838 0.58494 0.69092 0.59657 0.70771 0.63492 0.73125 0.63339 0.74432 0.63413 0.75448 0.63110 0.77492 0.61851 0.78164 0.59772 0.78115 0.57053 0.77962 0.54722 0.77396 0.53576 0.76713 0.52610 0.75907 0.51890
