4 0.68456 0.78976 0.71322 0.81953 0.75623 0.85469 0.78967 0.81815 0.80402 0.77081 0.80402 0.71943 0.81464 0.66398 0.81464 0.62370 0.80586 0.60047 0.75983 0.60848 0.72678 0.61469 0.71322 0.63014 0.63799 0.63014 0.68536 0.64502 0.67502 0.77891 0.68456 0.78976
4 0.02125 0.38967 0.03845 0.40749 0.08996 0.41043 0.10293 0.39668 0.11757 0.39668 0.12678 0.40616 0.16234 0.42085 0.17615 0.41896 0.20125 0.40284 0.21774 0.39938 0.22477 0.38317 0.22929 0.37014 0.23096 0.33507 0.23222 0.30806 0.20757 0.29550 0.16598 0.23706 0.16172 0.18512 0.13875 0.15915 0.11590 0.15118 0.08243 0.15735 0.05849 0.18024 0.04289 0.22569 0.02268 0.28251 0.02125 0.33607 0.02125 0.38967
4 0.80519 0.74104 0.82431 0.76270 0.86134 0.79246 0.88762 0.81815 0.92105 0.87090 0.94017 0.91422 0.98075 0.94531 0.98954 0.93507 0.99540 0.91564 0.98912 0.83844 0.98201 0.79810 0.96167 0.72483 0.95092 0.65990 0.91883 0.61517 0.89837 0.60441 0.84460 0.60441 0.84460 0.62469 0.82670 0.65583 0.81464 0.66398 0.79925 0.72754 0.80519 0.74104
4 0.62557 0.86147 0.65544 0.80327 0.67452 0.76948 0.68410 0.67346 0.68536 0.64076 0.65661 0.63687 0.59958 0.65071 0.52644 0.64502 0.50732 0.65583 0.50782 0.75460 0.53837 0.82630 0.56824 0.86280 0.59812 0.88175 0.62557 0.86147
4 0.33895 0.76133 0.33895 0.71806 0.33653 0.66393 0.33653 0.65313 0.25188 0.64218 0.21841 0.63081 0.19247 0.63460 0.18130 0.63825 0.17699 0.68829 0.21590 0.83033 0.25293 0.86820 0.30787 0.82355 0.33895 0.76133
4 0.56318 0.37109 0.57113 0.37535 0.58243 0.37062 0.60335 0.36114 0.61088 0.37772 0.62176 0.38199 0.64728 0.38246 0.65188 0.39242 0.66987 0.39194 0.67364 0.38578 0.70544 0.38436 0.71632 0.39668 0.72720 0.41137 0.74937 0.41896 0.76234 0.41327 0.77573 0.42654 0.79958 0.41801 0.77795 0.25654 0.77080 0.20133 0.73209 0.14938 0.67573 0.15166 0.62330 0.18512 0.56728 0.22569 0.52929 0.28531 0.52050 0.31754 0.52636 0.35213 0.53682 0.37725 0.55063 0.37962 0.56318 0.37109
4 0.00000 0.96540 0.07188 0.94806 0.10891 0.87498 0.15071 0.78706 0.17448 0.74502 0.17699 0.68829 0.17699 0.63417 0.14356 0.60308 0.09695 0.60171 0.05356 0.62322 0.01812 0.65716 0.00619 0.67071 0.00000 0.68100 0.00000 0.84796 0.00000 0.96540
4 0.26695 0.42844 0.28745 0.42654 0.29958 0.41374 0.30670 0.41659 0.34602 0.41564 0.37393 0.41564 0.39389 0.41564 0.41213 0.41090 0.42385 0.41896 0.45774 0.41564 0.47866 0.39810 0.50879 0.37630 0.51213 0.35166 0.49992 0.27763 0.47741 0.23602 0.42552 0.16398 0.34657 0.14777 0.27908 0.16730 0.25858 0.22891 0.23351 0.29550 0.23054 0.41469 0.24393 0.42654 0.26695 0.42844
4 0.40272 0.92232 0.43255 0.91692 0.45644 0.87365 0.47795 0.83033 0.49707 0.78706 0.50782 0.75460 0.50711 0.69242 0.50209 0.66445 0.45900 0.66019 0.40460 0.64834 0.37113 0.64455 0.35439 0.64550 0.33653 0.65313 0.34301 0.76540 0.35255 0.79246 0.36686 0.86280 0.38481 0.90611 0.40272 0.92232
4 0.98004 0.35716 0.99151 0.31337 0.97875 0.26626 0.95138 0.20782 0.92573 0.13640 0.90138 0.12341 0.87272 0.14938 0.84686 0.21754 0.82958 0.26465 0.80962 0.29526 0.79916 0.34076 0.81967 0.41232 0.87029 0.41280 0.93766 0.37772 0.98004 0.35716
