4 0.46875 0.45125 0.48792 0.44437 0.49458 0.37125 0.47375 0.30688 0.43500 0.27563 0.39287 0.26138 0.34200 0.28894 0.31383 0.32794 0.27596 0.38800 0.27596 0.44481 0.28029 0.49675 0.28750 0.53875 0.33250 0.57375 0.38375 0.51188 0.46875 0.45125
4 0.41750 0.77938 0.43183 0.79219 0.45563 0.79869 0.46754 0.79869 0.48592 0.79056 0.49567 0.76950 0.50217 0.72075 0.50325 0.68344 0.50325 0.62338 0.50167 0.58813 0.48700 0.56494 0.44804 0.56331 0.42425 0.55356 0.40908 0.56331 0.36579 0.59900 0.36146 0.61688 0.36579 0.66069 0.38417 0.74188 0.40475 0.75975 0.41750 0.77938
4 0.73050 0.64938 0.73158 0.67694 0.73267 0.69806 0.74675 0.73050 0.76300 0.76137 0.78137 0.79381 0.80954 0.81169 0.83983 0.81006 0.86708 0.77125 0.87229 0.76137 0.87229 0.71913 0.87013 0.65587 0.86687 0.60875 0.83008 0.57469 0.81492 0.57794 0.81042 0.61062 0.80292 0.65938 0.73050 0.64938
4 0.49350 0.47400 0.50000 0.49512 0.50975 0.52112 0.51733 0.53244 0.54654 0.55519 0.56492 0.55844 0.59958 0.56006 0.63625 0.59437 0.65792 0.56500 0.68625 0.55875 0.71429 0.52438 0.71754 0.45619 0.69696 0.41231 0.67642 0.35713 0.60821 0.29869 0.53787 0.28731 0.51733 0.31331 0.49783 0.35063 0.49250 0.42625 0.48808 0.45781 0.49350 0.47400
4 0.26375 0.85875 0.27375 0.88125 0.30738 0.85712 0.34833 0.81687 0.36917 0.78563 0.37012 0.75325 0.37792 0.72625 0.36579 0.66069 0.35375 0.63562 0.33225 0.65163 0.29979 0.69706 0.27058 0.71981 0.24892 0.74094 0.23808 0.74350 0.24625 0.79250 0.24917 0.81188 0.26375 0.85875
4 0.08008 0.84156 0.10712 0.87075 0.14717 0.86756 0.17208 0.84319 0.19125 0.81062 0.20542 0.77000 0.19154 0.74256 0.18000 0.70375 0.16667 0.66463 0.14825 0.66463 0.11363 0.66463 0.08767 0.69056 0.07358 0.71981 0.06492 0.75550 0.06817 0.80100 0.08008 0.84156
4 0.62879 0.61038 0.60083 0.56937 0.55292 0.56500 0.52792 0.57062 0.50125 0.58187 0.50542 0.65744 0.50750 0.70312 0.53250 0.71625 0.56292 0.75187 0.58792 0.76875 0.61708 0.76875 0.63625 0.75187 0.64179 0.70781 0.62879 0.61038
4 0.24892 0.74094 0.27058 0.71981 0.29979 0.69706 0.33225 0.65163 0.35375 0.63562 0.34525 0.58669 0.32358 0.56394 0.29762 0.54612 0.26625 0.51687 0.23483 0.50388 0.21862 0.50875 0.18938 0.50875 0.18400 0.52500 0.16883 0.56394 0.16775 0.60619 0.16375 0.64687 0.19292 0.74750 0.22296 0.74738 0.24892 0.74094
4 0.74783 0.79056 0.75000 0.74438 0.73417 0.71125 0.72833 0.64437 0.68667 0.61875 0.62879 0.61038 0.64287 0.72888 0.66125 0.74350 0.67858 0.77275 0.71429 0.78731 0.74783 0.79056
4 0.80417 0.65563 0.81171 0.61038 0.81492 0.57794 0.81492 0.53406 0.78137 0.47237 0.77058 0.44319 0.74242 0.41069 0.71646 0.42206 0.71754 0.45619 0.71429 0.52438 0.68617 0.55844 0.66883 0.56331 0.64287 0.60225 0.67533 0.60713 0.71646 0.63150 0.74125 0.64938 0.80417 0.65563
