4 0.15283 0.40327 0.12607 0.41520 0.11693 0.45393 0.12315 0.47600 0.14433 0.46353 0.16973 0.44509 0.18345 0.42365 0.18678 0.38595 0.16335 0.37905 0.15566 0.35383 0.15688 0.38235 0.15283 0.40327
4 0.81432 0.56064 0.81821 0.60427 0.82347 0.64016 0.82928 0.64917 0.84773 0.61025 0.85158 0.58552 0.85022 0.54233 0.83242 0.55667 0.82344 0.55670 0.81685 0.53728 0.81432 0.56064
4 0.72340 0.56214 0.71332 0.57757 0.70984 0.60026 0.70900 0.64383 0.72828 0.66177 0.73214 0.69408 0.74791 0.68188 0.75501 0.65206 0.76196 0.61888 0.75986 0.58843 0.75311 0.55850 0.72340 0.56214
4 0.89107 0.46985 0.89737 0.42974 0.89213 0.42082 0.88247 0.42828 0.87267 0.44941 0.86882 0.46249 0.85414 0.53636 0.87663 0.51314 0.89107 0.46985
4 0.39068 0.38972 0.39036 0.37691 0.38403 0.36669 0.37978 0.34763 0.37459 0.31697 0.37948 0.28920 0.38536 0.25589 0.36961 0.24169 0.36126 0.25048 0.35533 0.27118 0.33079 0.29538 0.31433 0.33154 0.31132 0.35276 0.29004 0.43485 0.29297 0.43536 0.30025 0.44580 0.31089 0.44995 0.33184 0.45592 0.35957 0.46658 0.37386 0.45878 0.38119 0.44293 0.39068 0.38972
4 0.59301 0.54231 0.57668 0.53627 0.55966 0.53721 0.53118 0.52825 0.52239 0.52431 0.51417 0.52919 0.51294 0.54806 0.50863 0.56955 0.50550 0.59924 0.51415 0.63677 0.53968 0.65681 0.56641 0.62746 0.58101 0.60140 0.58799 0.57084 0.59193 0.54845 0.59301 0.54231
4 0.29000 0.47618 0.29521 0.45562 0.29712 0.44481 0.28773 0.43522 0.24937 0.44354 0.23732 0.43426 0.22010 0.47495 0.21774 0.49440 0.21586 0.51399 0.21920 0.52490 0.22126 0.53719 0.23766 0.53686 0.25260 0.52679 0.26548 0.51952 0.27934 0.50371 0.28729 0.49157 0.29000 0.47618
4 0.69594 0.34961 0.68172 0.35282 0.66666 0.36503 0.65969 0.37867 0.65106 0.39319 0.64192 0.40645 0.62690 0.50456 0.64638 0.52742 0.66404 0.53053 0.68067 0.50944 0.69048 0.48825 0.69536 0.46054 0.69987 0.43498 0.70359 0.41388 0.70435 0.37512 0.70625 0.35143 0.69594 0.34961
4 0.64038 0.41078 0.63513 0.38466 0.62780 0.34442 0.61894 0.30851 0.61070 0.30367 0.59971 0.29713 0.57684 0.29770 0.56438 0.30805 0.54889 0.32706 0.53469 0.34293 0.52196 0.36354 0.51744 0.37190 0.49713 0.49999 0.49895 0.50259 0.50598 0.51870 0.54067 0.53286 0.57011 0.53805 0.58970 0.53463 0.61215 0.51911 0.62895 0.50148 0.63319 0.48159 0.63672 0.44448 0.64038 0.41078
4 0.79076 0.38003 0.78614 0.35236 0.79089 0.31480 0.75656 0.31774 0.74413 0.34318 0.72491 0.38329 0.70997 0.40358 0.70414 0.41514 0.69050 0.50546 0.69170 0.51138 0.70946 0.55358 0.72147 0.55786 0.73858 0.55971 0.76013 0.54520 0.77191 0.53013 0.77771 0.50136 0.78562 0.45237 0.79207 0.41578 0.79076 0.38003
4 0.84748 0.33394 0.81776 0.37336 0.80090 0.40013 0.79247 0.41352 0.77477 0.51804 0.77779 0.53117 0.79224 0.54398 0.81164 0.54163 0.82262 0.52648 0.82947 0.48762 0.83493 0.46107 0.84251 0.43954 0.85003 0.40525 0.84860 0.36621 0.84748 0.33394
4 0.50347 0.45988 0.50839 0.42757 0.51264 0.39053 0.51581 0.36818 0.51056 0.32491 0.50003 0.30702 0.48420 0.28936 0.46910 0.28442 0.45840 0.28481 0.44727 0.29200 0.43682 0.30392 0.42422 0.32800 0.40834 0.34923 0.40375 0.36673 0.39717 0.37816 0.37386 0.45878 0.37544 0.48425 0.38133 0.50243 0.40705 0.51158 0.42160 0.51525 0.44566 0.52066 0.46888 0.52248 0.48232 0.52368 0.49296 0.51069 0.49720 0.49540 0.50347 0.45988
4 0.37391 0.49652 0.36460 0.50443 0.35694 0.54203 0.35846 0.57808 0.38148 0.59402 0.39804 0.58978 0.41443 0.57758 0.42388 0.55383 0.42886 0.53163 0.43054 0.51921 0.39172 0.50921 0.37391 0.49652
4 0.86947 0.45462 0.87496 0.42351 0.86769 0.39587 0.86082 0.40043 0.85011 0.41796 0.83260 0.46987 0.82231 0.52409 0.81754 0.53818 0.82005 0.54545 0.82638 0.55688 0.83898 0.54995 0.85281 0.53557 0.85843 0.50993 0.86947 0.45462
4 0.76047 0.55514 0.75723 0.58309 0.76894 0.64170 0.78339 0.66427 0.80189 0.66365 0.81382 0.64190 0.81795 0.61433 0.81202 0.54780 0.79263 0.54716 0.77380 0.53047 0.76047 0.55514
4 0.23452 0.44409 0.23745 0.43351 0.22681 0.42209 0.22516 0.39555 0.22128 0.38455 0.20801 0.38221 0.19551 0.39032 0.19140 0.38960 0.18036 0.43137 0.17609 0.46164 0.17313 0.48737 0.17286 0.50080 0.18720 0.51210 0.19691 0.51381 0.20587 0.48992 0.21359 0.47619 0.21973 0.47411 0.22754 0.46278 0.23452 0.44409
4 0.20677 0.35608 0.22165 0.34494 0.22799 0.33463 0.24036 0.28182 0.23067 0.25497 0.22139 0.22581 0.21720 0.20221 0.21659 0.17120 0.21243 0.16475 0.21188 0.16349 0.20453 0.16219 0.18613 0.21044 0.17304 0.22878 0.16805 0.24848 0.17006 0.26715 0.16236 0.29786 0.15831 0.33377 0.16025 0.36158 0.16252 0.37457 0.18262 0.38245 0.19558 0.36781 0.20677 0.35608
4 0.30399 0.30341 0.29994 0.24083 0.30386 0.20146 0.28897 0.17825 0.28247 0.18509 0.27168 0.21182 0.24697 0.24869 0.24093 0.27853 0.22052 0.38136 0.22503 0.39020 0.22900 0.41948 0.25068 0.44278 0.28542 0.43520 0.29291 0.42276 0.30905 0.36151 0.30700 0.34284 0.30399 0.30341
4 0.50739 0.55263 0.50947 0.53474 0.50451 0.52116 0.49892 0.51696 0.49405 0.51770 0.47504 0.52390 0.44710 0.52374 0.44749 0.54845 0.45092 0.56492 0.44705 0.59287 0.45634 0.61199 0.46113 0.61760 0.48022 0.60510 0.48867 0.59305 0.50195 0.58346 0.50570 0.56509 0.50739 0.55263
4 0.70638 0.57501 0.70780 0.54901 0.69676 0.52482 0.68413 0.50672 0.66294 0.52840 0.65133 0.56131 0.63094 0.59034 0.62095 0.62592 0.63190 0.65648 0.64628 0.70113 0.66465 0.71381 0.68849 0.72467 0.69818 0.70307 0.70517 0.68056 0.70678 0.64744 0.70816 0.62460 0.70879 0.61516 0.70638 0.57501
4 0.63132 0.51328 0.62410 0.50646 0.59396 0.53693 0.58073 0.61489 0.59124 0.62706 0.60708 0.62986 0.62316 0.62237 0.62904 0.60110 0.63610 0.58487 0.64509 0.56975 0.65422 0.55388 0.66073 0.53200 0.64809 0.52894 0.63132 0.51328
4 0.36451 0.50202 0.36520 0.48622 0.36467 0.47420 0.35732 0.46813 0.31878 0.45340 0.29784 0.44970 0.28290 0.50750 0.27760 0.53758 0.27325 0.56223 0.27048 0.58399 0.28018 0.58570 0.29612 0.59090 0.32014 0.58320 0.34357 0.56985 0.35319 0.55723 0.35961 0.52979 0.36451 0.50202
