4 0.37511 0.52990 0.39412 0.53964 0.42744 0.54432 0.46076 0.54938 0.48359 0.54271 0.51450 0.49635 0.51786 0.45359 0.53214 0.39984 0.53687 0.35115 0.52737 0.32354 0.49527 0.26849 0.46550 0.22307 0.43458 0.22453 0.40603 0.26849 0.37866 0.32047 0.37511 0.36089 0.37389 0.47307 0.36916 0.52323 0.37511 0.52990
4 0.66637 0.67823 0.66912 0.71297 0.66912 0.72802 0.66981 0.74583 0.67878 0.76182 0.69595 0.76089 0.72557 0.72708 0.75103 0.69323 0.76550 0.66224 0.76550 0.63594 0.76343 0.59177 0.75103 0.58052 0.72901 0.56172 0.71179 0.54198 0.69943 0.54198 0.68530 0.54422 0.66637 0.64906 0.66637 0.65755 0.66637 0.67823
4 0.91111 0.69646 0.92420 0.65885 0.93435 0.60938 0.93740 0.58958 0.93664 0.57188 0.93435 0.55104 0.92557 0.50677 0.91374 0.46510 0.89198 0.46198 0.85992 0.51354 0.84107 0.51490 0.84332 0.55797 0.84641 0.59594 0.85740 0.62130 0.88221 0.66073 0.90011 0.68891 0.91111 0.69646
4 0.24809 0.62760 0.27214 0.66354 0.27401 0.62583 0.27401 0.56630 0.27500 0.52573 0.27897 0.51083 0.30275 0.51896 0.31962 0.52031 0.34935 0.54464 0.36523 0.55953 0.35233 0.53651 0.33584 0.52823 0.32252 0.50156 0.31069 0.42708 0.29485 0.41073 0.27103 0.41344 0.25122 0.42828 0.24328 0.43641 0.23237 0.45943 0.23137 0.50948 0.22447 0.54734 0.22740 0.58927 0.24809 0.62760
4 0.18950 0.39984 0.22137 0.41979 0.26336 0.41719 0.30458 0.38125 0.32275 0.31719 0.32275 0.25698 0.31798 0.22307 0.30847 0.19219 0.29302 0.15958 0.26683 0.13198 0.23710 0.14516 0.20618 0.18245 0.18118 0.25375 0.18118 0.34479 0.18950 0.39984
4 0.36798 0.52177 0.37389 0.47307 0.37630 0.43245 0.37443 0.38698 0.37557 0.33646 0.34084 0.32708 0.32214 0.36042 0.31527 0.41458 0.32252 0.50052 0.33584 0.52823 0.36798 0.52177
4 0.93328 0.46349 0.94420 0.42828 0.95607 0.38500 0.96947 0.34635 0.96832 0.31302 0.94420 0.20917 0.94023 0.23078 0.92634 0.26729 0.91840 0.29302 0.90355 0.33089 0.89164 0.35661 0.88866 0.45130 0.89660 0.46214 0.93328 0.46349
4 0.46225 0.70865 0.46363 0.65510 0.46843 0.62036 0.46843 0.56964 0.46706 0.54990 0.39412 0.53964 0.36798 0.52177 0.37412 0.60719 0.37252 0.66302 0.37977 0.70104 0.43538 0.71995 0.46225 0.70865
4 0.56489 0.53177 0.62256 0.53964 0.67370 0.54271 0.71641 0.53802 0.73206 0.52344 0.75878 0.45469 0.76145 0.40521 0.75458 0.36406 0.72962 0.34807 0.72248 0.33490 0.71183 0.30573 0.69866 0.24255 0.68561 0.21979 0.67011 0.21495 0.64992 0.21167 0.61420 0.21333 0.60588 0.22307 0.58210 0.24089 0.57137 0.25536 0.56069 0.27990 0.55592 0.28964 0.55355 0.30406 0.55118 0.33667 0.54878 0.39172 0.54878 0.45667 0.55118 0.50375 0.56489 0.53177
4 0.85992 0.51354 0.89198 0.45833 0.88866 0.45130 0.88966 0.42286 0.88767 0.35120 0.88470 0.30385 0.88470 0.26594 0.87576 0.24432 0.84901 0.23620 0.82126 0.25109 0.80935 0.29437 0.78160 0.34172 0.77366 0.35932 0.76473 0.39177 0.76374 0.45943 0.79450 0.49052 0.84107 0.51490 0.85992 0.51354
4 0.53111 0.72089 0.54553 0.71521 0.55763 0.68490 0.56343 0.65698 0.56412 0.62130 0.56343 0.57057 0.56275 0.53766 0.55382 0.50948 0.54970 0.48224 0.52076 0.48036 0.51450 0.49740 0.50267 0.51250 0.49275 0.52812 0.48290 0.54802 0.47050 0.54615 0.47050 0.55740 0.47603 0.60437 0.47710 0.65990 0.48931 0.69375 0.53111 0.72089
4 0.58687 0.72839 0.62679 0.75469 0.64466 0.70677 0.65706 0.66260 0.67427 0.61469 0.67939 0.57031 0.68530 0.54422 0.62256 0.53964 0.57309 0.53203 0.57378 0.54047 0.57240 0.56964 0.57172 0.60813 0.57378 0.66917 0.58687 0.72839
4 0.27401 0.65557 0.27500 0.67724 0.29088 0.71240 0.30176 0.73807 0.32855 0.77057 0.36721 0.73943 0.36821 0.68667 0.36821 0.62313 0.36821 0.56901 0.35895 0.55006 0.34924 0.53542 0.32331 0.52220 0.30275 0.51896 0.31652 0.52006 0.27897 0.51083 0.27500 0.52573 0.27401 0.56630 0.27401 0.62583 0.27401 0.65557
4 0.76550 0.66224 0.76481 0.67255 0.76481 0.69510 0.77378 0.73458 0.78893 0.74490 0.82057 0.75245 0.83366 0.72708 0.84618 0.69688 0.84504 0.67344 0.84332 0.62844 0.84332 0.55797 0.84107 0.51490 0.79450 0.49052 0.78683 0.49031 0.77584 0.49500 0.75863 0.51380 0.73317 0.54385 0.72901 0.56172 0.76343 0.59177 0.76550 0.63594 0.76550 0.66224
