4 0.31865 0.29705 0.31865 0.27749 0.30302 0.26339 0.30509 0.29787 0.30927 0.32131 0.31553 0.32918 0.31865 0.29705
4 0.55025 0.48126 0.55098 0.47470 0.55607 0.46104 0.55935 0.45284 0.55935 0.44519 0.55971 0.43535 0.55971 0.42607 0.54407 0.42607 0.53280 0.42497 0.52480 0.42279 0.51935 0.42224 0.51644 0.42552 0.51462 0.43098 0.51535 0.43481 0.51607 0.43918 0.51607 0.44738 0.51607 0.45721 0.51571 0.46432 0.51535 0.47470 0.51898 0.47962 0.53062 0.48126 0.53571 0.48126 0.55025 0.48126
4 0.42291 0.41421 0.43236 0.41475 0.43964 0.41147 0.44407 0.40475 0.44553 0.39437 0.44516 0.35667 0.44364 0.33716 0.43425 0.31623 0.42662 0.30475 0.42080 0.30311 0.41207 0.30257 0.40553 0.30257 0.40007 0.31022 0.39535 0.32224 0.39207 0.33044 0.39244 0.38180 0.39462 0.39164 0.40044 0.40421 0.41207 0.41404 0.42291 0.41421
4 0.32327 0.35355 0.33418 0.36175 0.34262 0.36202 0.34909 0.35738 0.35018 0.34098 0.34938 0.32683 0.34625 0.31115 0.34313 0.29705 0.33782 0.29016 0.33127 0.28142 0.31927 0.26940 0.32127 0.29158 0.31658 0.30803 0.31604 0.33071 0.32327 0.35355
4 0.55244 0.42607 0.56109 0.42514 0.56844 0.42060 0.57927 0.41913 0.58364 0.41421 0.59091 0.39945 0.59018 0.37923 0.58836 0.35465 0.58735 0.33918 0.58007 0.32552 0.57062 0.32333 0.54953 0.32224 0.53498 0.32497 0.52771 0.32934 0.52225 0.33754 0.51789 0.35120 0.51753 0.35940 0.51753 0.37142 0.51607 0.40639 0.52291 0.41858 0.52771 0.42279 0.54225 0.42607 0.55244 0.42607
4 0.59607 0.40421 0.61564 0.40546 0.63200 0.40000 0.64044 0.38945 0.64327 0.37650 0.63964 0.35956 0.63782 0.33169 0.63673 0.32678 0.63244 0.31787 0.62735 0.30912 0.61716 0.30257 0.61135 0.30475 0.60335 0.31131 0.59571 0.32224 0.59244 0.32880 0.58807 0.33973 0.58916 0.36322 0.58989 0.38290 0.59098 0.39820 0.59607 0.40421
4 0.56480 0.47798 0.57171 0.47634 0.57935 0.47251 0.58880 0.46432 0.59607 0.45885 0.59935 0.45011 0.60400 0.44153 0.60000 0.43060 0.59345 0.42787 0.58655 0.42787 0.58000 0.43005 0.57389 0.43481 0.56953 0.43973 0.56444 0.44738 0.56116 0.45230 0.55971 0.45995 0.55571 0.46869 0.55316 0.47798 0.55644 0.47852 0.56007 0.47852 0.56480 0.47798
4 0.48291 0.42842 0.49455 0.42896 0.50618 0.42842 0.51425 0.42443 0.51636 0.41585 0.51716 0.40311 0.51716 0.39164 0.51745 0.36995 0.51564 0.34645 0.50909 0.33825 0.50080 0.33208 0.49498 0.32497 0.48618 0.32077 0.47527 0.32131 0.46625 0.32005 0.45898 0.32060 0.45345 0.32842 0.44873 0.33552 0.44618 0.34372 0.44662 0.35393 0.44553 0.40475 0.44807 0.41678 0.45673 0.42350 0.46844 0.42770 0.48291 0.42842
4 0.65062 0.39164 0.65636 0.39454 0.66327 0.39290 0.66873 0.38197 0.67236 0.36995 0.67491 0.35574 0.67418 0.34426 0.67345 0.32678 0.67745 0.31038 0.66807 0.30147 0.66371 0.29765 0.65935 0.29710 0.65280 0.30038 0.64589 0.30858 0.64189 0.31404 0.63825 0.32661 0.63862 0.33700 0.63862 0.34574 0.64444 0.38344 0.64662 0.38563 0.65062 0.39164
4 0.47535 0.47470 0.47607 0.46978 0.47644 0.46213 0.47644 0.45011 0.47680 0.44191 0.47244 0.43700 0.46735 0.43481 0.45680 0.43481 0.44800 0.43607 0.43607 0.44137 0.43280 0.44847 0.46516 0.47142 0.47389 0.47634 0.47535 0.47470
4 0.69571 0.33372 0.69716 0.32115 0.70007 0.31240 0.70007 0.29765 0.69716 0.28617 0.69280 0.28781 0.68335 0.29601 0.67789 0.30475 0.67535 0.31295 0.67316 0.32497 0.67309 0.33607 0.67527 0.35027 0.67425 0.35393 0.68044 0.35557 0.68698 0.35393 0.69135 0.34683 0.69571 0.33372
4 0.48953 0.47907 0.48989 0.47907 0.49462 0.47907 0.50044 0.47962 0.50516 0.48016 0.50989 0.48016 0.51316 0.47907 0.51462 0.47634 0.51571 0.46923 0.51680 0.46104 0.51680 0.45339 0.51644 0.44137 0.51389 0.43372 0.50916 0.42989 0.50327 0.42896 0.48800 0.42842 0.47709 0.42842 0.47207 0.43153 0.47425 0.43863 0.47607 0.44191 0.47607 0.44574 0.47564 0.45191 0.47600 0.45738 0.47716 0.46705 0.47607 0.47306 0.47862 0.47743 0.47935 0.47743 0.48953 0.47907
4 0.34771 0.36322 0.35200 0.37650 0.35709 0.38743 0.36291 0.39781 0.37309 0.39781 0.38473 0.39180 0.39316 0.38071 0.39316 0.36049 0.39280 0.34191 0.39280 0.32825 0.38945 0.30984 0.37709 0.29891 0.36407 0.29710 0.35455 0.29563 0.34953 0.30694 0.34880 0.31623 0.35025 0.34410 0.34953 0.35831 0.34771 0.36322
