4 0.60024 0.19380 0.60829 0.23483 0.62167 0.25172 0.63450 0.28521 0.64147 0.30531 0.64372 0.30962 0.65623 0.30999 0.66481 0.29378 0.66383 0.28065 0.65769 0.26624 0.65279 0.25173 0.64439 0.23382 0.63468 0.22081 0.62391 0.20414 0.60951 0.18319 0.60024 0.19380
4 0.64811 0.32968 0.63342 0.28156 0.62178 0.25266 0.60101 0.22413 0.58235 0.20980 0.56810 0.23674 0.57072 0.25808 0.57560 0.28972 0.58943 0.30873 0.59415 0.31666 0.60242 0.33277 0.60723 0.34226 0.61508 0.35489 0.62062 0.35975 0.62575 0.36104 0.63608 0.35881 0.64944 0.35672 0.64811 0.32968
4 0.36833 0.63657 0.34991 0.60936 0.32733 0.58367 0.30518 0.56523 0.28160 0.56208 0.27887 0.59113 0.28395 0.62174 0.29094 0.64355 0.29777 0.65329 0.30392 0.66563 0.31334 0.67757 0.32826 0.70193 0.33867 0.71053 0.34163 0.70850 0.37071 0.69672 0.37313 0.68131 0.37831 0.65660 0.36833 0.63657
4 0.42912 0.42206 0.39675 0.43837 0.38544 0.47931 0.39721 0.52824 0.41820 0.57770 0.42844 0.60012 0.44076 0.61407 0.45013 0.61745 0.47635 0.60164 0.52229 0.54789 0.50764 0.51468 0.48441 0.47778 0.45642 0.42576 0.42912 0.42206
4 0.56038 0.27647 0.53504 0.27656 0.53062 0.29131 0.52567 0.31499 0.53663 0.36538 0.57177 0.42353 0.57509 0.43542 0.58606 0.44354 0.60992 0.41976 0.62538 0.38854 0.62518 0.37154 0.60770 0.34069 0.59362 0.31773 0.56038 0.27647
4 0.65545 0.18702 0.63919 0.16630 0.62655 0.15460 0.62206 0.16367 0.62257 0.17781 0.62591 0.20012 0.62561 0.20771 0.63313 0.21818 0.64938 0.24288 0.65911 0.27272 0.65950 0.27075 0.66559 0.25963 0.66747 0.22907 0.66456 0.21049 0.65545 0.18702
4 0.48398 0.32364 0.45429 0.36255 0.45202 0.40615 0.47431 0.46084 0.52238 0.53841 0.52934 0.53947 0.54713 0.52212 0.57484 0.47897 0.58208 0.45159 0.56818 0.41450 0.53768 0.36903 0.51056 0.32692 0.48398 0.32364
4 0.22499 0.67870 0.24697 0.70869 0.26022 0.73346 0.27195 0.74260 0.28924 0.74854 0.29485 0.72669 0.28649 0.71260 0.27593 0.69677 0.26731 0.68166 0.25812 0.66808 0.22499 0.67870
4 0.30033 0.66124 0.28041 0.63074 0.26395 0.61815 0.24933 0.63153 0.25110 0.64602 0.25688 0.66657 0.28816 0.71542 0.29442 0.72322 0.30368 0.73115 0.32249 0.74395 0.33478 0.72531 0.32978 0.70835 0.32415 0.69760 0.30537 0.66717 0.30033 0.66124
4 0.33442 0.52537 0.33850 0.55721 0.34890 0.60822 0.38438 0.66230 0.40314 0.66287 0.42150 0.64616 0.43708 0.62460 0.43426 0.60696 0.40441 0.55556 0.37497 0.52895 0.34826 0.51662 0.33442 0.52537
