4 0.20808 0.44178 0.20309 0.40615 0.18857 0.39387 0.17384 0.37031 0.15297 0.35740 0.14777 0.36534 0.14322 0.39548 0.13925 0.41993 0.14012 0.44455 0.14104 0.47775 0.15153 0.52443 0.15465 0.54426 0.16001 0.55531 0.17136 0.55840 0.19068 0.54552 0.21763 0.50043 0.21209 0.47182 0.20808 0.44178
4 0.10964 0.44795 0.10378 0.42441 0.08511 0.39975 0.07483 0.41157 0.07094 0.43298 0.06819 0.50876 0.06776 0.52093 0.07974 0.54765 0.09187 0.55831 0.10114 0.55051 0.10976 0.53863 0.10999 0.51022 0.10938 0.47910 0.10964 0.44795
4 0.14211 0.45720 0.13759 0.42788 0.11722 0.41842 0.11089 0.43895 0.10971 0.46293 0.10967 0.54138 0.11351 0.54826 0.12379 0.55942 0.13838 0.56399 0.14770 0.55488 0.15571 0.53755 0.14694 0.50608 0.14057 0.47744 0.14211 0.45720
4 0.03199 0.39515 0.03109 0.42084 0.02713 0.46405 0.02902 0.50602 0.04498 0.51607 0.06653 0.50871 0.06896 0.46276 0.07009 0.43033 0.05468 0.40274 0.04251 0.39826 0.03199 0.39515
4 0.87663 0.54958 0.86557 0.60557 0.88862 0.61478 0.90860 0.59775 0.91257 0.53385 0.91981 0.51466 0.91805 0.48892 0.91801 0.47297 0.88669 0.47377 0.88330 0.48960 0.87996 0.51956 0.87663 0.54958
4 0.83603 0.62049 0.82446 0.60882 0.82105 0.70562 0.84220 0.73437 0.86678 0.75038 0.87659 0.74604 0.87820 0.70001 0.87902 0.66053 0.88036 0.63804 0.88105 0.61834 0.86247 0.61295 0.85135 0.62199 0.83603 0.62049
4 0.49911 0.53731 0.48763 0.55572 0.45751 0.55466 0.43078 0.55373 0.42165 0.55433 0.42018 0.56371 0.42083 0.59472 0.42343 0.63432 0.43343 0.67412 0.45011 0.71793 0.47518 0.71698 0.48523 0.69006 0.48846 0.66290 0.49248 0.62919 0.49441 0.58980 0.49911 0.53731
4 0.50626 0.42795 0.51301 0.34550 0.49155 0.30587 0.45285 0.29074 0.41686 0.28811 0.40402 0.30390 0.38440 0.35988 0.37755 0.40453 0.37196 0.44761 0.36922 0.52608 0.38218 0.53059 0.39242 0.54176 0.40927 0.55315 0.43701 0.55686 0.48876 0.55324 0.50082 0.53605 0.50394 0.49419 0.50626 0.42795
4 0.84007 0.48809 0.83234 0.51418 0.82803 0.53942 0.82049 0.59273 0.82446 0.60882 0.84457 0.61987 0.85964 0.61285 0.86600 0.59334 0.87761 0.53829 0.87847 0.49698 0.87524 0.47525 0.86209 0.46233 0.84210 0.46963 0.84007 0.48809
4 0.36126 0.37823 0.34938 0.34259 0.33434 0.32720 0.31395 0.32511 0.30078 0.35038 0.28816 0.38242 0.28119 0.41740 0.27865 0.46740 0.28034 0.51211 0.28979 0.52331 0.31062 0.53753 0.33512 0.53976 0.36069 0.53522 0.36733 0.50972 0.36787 0.47051 0.37029 0.42686 0.36126 0.37823
4 0.93014 0.48466 0.92247 0.50789 0.91370 0.53109 0.91089 0.54700 0.90876 0.59318 0.93329 0.59461 0.94677 0.57564 0.95662 0.59085 0.97240 0.57539 0.97476 0.52744 0.97089 0.50958 0.96410 0.48590 0.94850 0.46369 0.93850 0.47529 0.93014 0.48466
4 0.62645 0.34620 0.60064 0.30305 0.57410 0.29160 0.55275 0.30801 0.52712 0.33799 0.50946 0.38769 0.50397 0.41609 0.50715 0.45394 0.50276 0.54681 0.51065 0.54897 0.53168 0.56457 0.57889 0.57080 0.61032 0.57304 0.63547 0.54704 0.63874 0.48295 0.63344 0.40666 0.62645 0.34620
4 0.65136 0.37950 0.63789 0.40818 0.64118 0.46262 0.63818 0.49911 0.63769 0.54592 0.66177 0.55711 0.69261 0.55441 0.70303 0.53568 0.70990 0.49761 0.71888 0.42182 0.72362 0.37230 0.70338 0.32728 0.68598 0.32010 0.66858 0.34236 0.65136 0.37950
4 0.15862 0.55641 0.15331 0.54496 0.15102 0.56180 0.14808 0.58051 0.14047 0.65166 0.14488 0.67514 0.15634 0.68412 0.16525 0.67602 0.17486 0.66132 0.18070 0.64089 0.18237 0.60990 0.18808 0.57625 0.18959 0.55000 0.17169 0.55686 0.15862 0.55641
4 0.80474 0.42888 0.79650 0.45661 0.76922 0.56086 0.78421 0.58860 0.80393 0.61090 0.81439 0.60378 0.82356 0.57419 0.82679 0.54217 0.83752 0.49177 0.84353 0.45436 0.83933 0.42791 0.82239 0.41920 0.80474 0.42888
4 0.40418 0.54994 0.38648 0.53429 0.37710 0.52647 0.36735 0.52893 0.36090 0.53437 0.35548 0.54264 0.33664 0.54387 0.33402 0.58609 0.33310 0.62928 0.33639 0.64912 0.33964 0.70281 0.35280 0.73335 0.37637 0.72668 0.39682 0.69543 0.40935 0.66294 0.41264 0.63297 0.41369 0.60294 0.41503 0.56445 0.41543 0.55320 0.40418 0.54994
4 0.78628 0.64322 0.78743 0.61033 0.78789 0.59719 0.77714 0.57898 0.77004 0.55426 0.74897 0.57045 0.72964 0.56977 0.72078 0.56289 0.72520 0.58505 0.72395 0.63075 0.72619 0.66571 0.73056 0.69016 0.74894 0.71808 0.76381 0.73266 0.77440 0.73869 0.78467 0.72213 0.78477 0.70240 0.78579 0.67328 0.78628 0.64322
4 0.80337 0.60997 0.78792 0.59628 0.78670 0.69681 0.79755 0.71131 0.80602 0.72945 0.81694 0.72703 0.82008 0.70267 0.82093 0.67828 0.82204 0.64636 0.82162 0.62564 0.82124 0.60402 0.81556 0.60290 0.80337 0.60997
4 0.22887 0.53256 0.22164 0.52853 0.21730 0.50585 0.19027 0.54625 0.18962 0.56504 0.18485 0.58745 0.18136 0.60609 0.17956 0.64085 0.17874 0.66432 0.19562 0.71923 0.21871 0.71260 0.23191 0.69133 0.24770 0.66558 0.26208 0.60891 0.26551 0.56014 0.25674 0.53353 0.24873 0.53514 0.22887 0.53256
4 0.24432 0.34710 0.22562 0.31934 0.21163 0.32023 0.20753 0.36743 0.20652 0.42022 0.21740 0.50723 0.22479 0.53047 0.24748 0.53807 0.27079 0.52802 0.27874 0.48770 0.27520 0.44829 0.27499 0.40769 0.26890 0.37094 0.24432 0.34710
4 0.66346 0.55831 0.63723 0.54596 0.62536 0.55870 0.60998 0.57303 0.59344 0.57073 0.58207 0.57405 0.57289 0.60375 0.57355 0.63859 0.57532 0.70275 0.59589 0.73246 0.61340 0.73685 0.63111 0.72128 0.64264 0.67880 0.64998 0.64704 0.65929 0.59556 0.66346 0.55831
4 0.72222 0.57123 0.70357 0.53410 0.69437 0.55259 0.66230 0.55896 0.65590 0.61139 0.65002 0.64881 0.65634 0.69300 0.68080 0.74589 0.70300 0.77851 0.71896 0.77352 0.72534 0.75945 0.72045 0.71891 0.72622 0.68458 0.72360 0.62880 0.72472 0.57995 0.72222 0.57123
4 0.71920 0.44442 0.70516 0.52432 0.72425 0.56272 0.73918 0.57125 0.76807 0.56082 0.77623 0.52348 0.80371 0.42884 0.79757 0.35658 0.77139 0.34309 0.74914 0.37027 0.72338 0.39916 0.71920 0.44442
4 0.07306 0.53083 0.06709 0.52033 0.06445 0.53059 0.05792 0.55478 0.05039 0.57430 0.04745 0.59392 0.04937 0.62029 0.06397 0.62549 0.07617 0.62014 0.08687 0.59135 0.09120 0.56349 0.07927 0.54615 0.07306 0.53083
4 0.28237 0.51659 0.27536 0.52195 0.26672 0.54143 0.26557 0.55831 0.26560 0.58930 0.26285 0.61928 0.25669 0.63319 0.24762 0.66484 0.24876 0.69684 0.25260 0.71761 0.27450 0.72592 0.31099 0.70839 0.32987 0.65644 0.33092 0.62635 0.33282 0.57192 0.33442 0.54190 0.30900 0.53724 0.28237 0.51659
4 0.14583 0.59638 0.14786 0.57112 0.14848 0.55325 0.13955 0.56420 0.12993 0.56295 0.11927 0.55789 0.11494 0.55208 0.10679 0.54053 0.09306 0.55886 0.08987 0.56904 0.08683 0.59061 0.07786 0.61940 0.07671 0.65229 0.08375 0.67884 0.10422 0.67955 0.11808 0.67438 0.13141 0.66735 0.14080 0.64229 0.14514 0.61614 0.14583 0.59638
4 0.88035 0.68785 0.88280 0.69925 0.89805 0.70259 0.90676 0.69723 0.91521 0.68603 0.91556 0.65631 0.91037 0.59667 0.89238 0.61605 0.87962 0.61075 0.88131 0.62773 0.88127 0.66158 0.88035 0.68785
4 0.57822 0.57014 0.54637 0.56903 0.52558 0.56173 0.50837 0.54889 0.50426 0.55252 0.50180 0.60699 0.50020 0.65296 0.50342 0.69069 0.51661 0.72026 0.53689 0.72663 0.54609 0.70814 0.55558 0.68028 0.56503 0.65431 0.57257 0.60099 0.57822 0.57014
