4 0.91961 0.46755 0.95162 0.38150 0.94592 0.31980 0.93789 0.26300 0.91504 0.23375 0.89218 0.23215 0.86472 0.21755 0.83616 0.22725 0.80757 0.25325 0.77785 0.33440 0.77556 0.37500 0.79271 0.43020 0.85102 0.48215 0.88662 0.48050 0.91961 0.46755
4 0.80377 0.77570 0.82377 0.75675 0.83616 0.72155 0.84951 0.67965 0.84578 0.64300 0.82282 0.61740 0.80187 0.59035 0.75042 0.60795 0.72289 0.63350 0.72007 0.67550 0.72676 0.72150 0.77232 0.75270 0.77898 0.76485 0.80377 0.77570
4 0.31218 0.90150 0.33123 0.85145 0.34458 0.80275 0.34648 0.76215 0.33504 0.73105 0.28264 0.73915 0.25215 0.75540 0.22835 0.77705 0.23405 0.81895 0.25120 0.86225 0.27215 0.89610 0.27789 0.89880 0.31218 0.90150
4 0.20930 0.80410 0.23120 0.81760 0.22454 0.77840 0.26169 0.74860 0.28264 0.69180 0.28074 0.64580 0.25405 0.60655 0.20930 0.59440 0.18546 0.60930 0.17215 0.62820 0.17215 0.65255 0.15500 0.69045 0.17500 0.76080 0.20930 0.80410
4 0.07211 0.25890 0.09972 0.23995 0.13306 0.23050 0.16070 0.19665 0.16641 0.15745 0.15951 0.11500 0.14190 0.06250 0.12067 0.02890 0.09021 0.01540 0.04067 0.03030 0.01398 0.05870 0.00828 0.12635 0.01018 0.20480 0.02923 0.24130 0.07211 0.25890
4 0.68183 0.88255 0.71324 0.89335 0.71803 0.88660 0.76183 0.85415 0.76947 0.81625 0.77423 0.75675 0.73028 0.72550 0.71613 0.72835 0.68944 0.73105 0.67419 0.73915 0.66849 0.77840 0.67134 0.81220 0.67324 0.81490 0.68373 0.82165 0.68183 0.88255
4 0.41507 0.89610 0.41602 0.86765 0.41127 0.81625 0.38458 0.79460 0.35313 0.82575 0.33694 0.84060 0.31789 0.89200 0.32359 0.90555 0.35313 0.95830 0.37982 0.96235 0.40937 0.94615 0.41507 0.89610
4 0.58560 0.87310 0.55796 0.85415 0.53320 0.82980 0.51035 0.85145 0.49796 0.87985 0.49032 0.88660 0.49796 0.91365 0.50271 0.95965 0.54560 0.97455 0.57130 0.95020 0.58560 0.90285 0.58560 0.87310
4 0.91961 0.23865 0.94018 0.25810 0.97782 0.21250 0.98592 0.17530 0.97676 0.09415 0.94933 0.00160 0.86472 0.00810 0.83616 0.04220 0.84415 0.09255 0.83958 0.14125 0.84648 0.20150 0.85915 0.21250 0.89102 0.23215 0.91961 0.23865
4 0.16641 0.62955 0.19025 0.60385 0.21310 0.59575 0.22165 0.58220 0.22835 0.52675 0.22148 0.50900 0.20356 0.46860 0.15880 0.46860 0.13021 0.46455 0.11592 0.48345 0.09789 0.55650 0.11782 0.61470 0.14831 0.63230 0.16641 0.62955
4 0.41982 0.95695 0.43507 0.96780 0.49127 0.97320 0.49986 0.95290 0.49891 0.91500 0.48937 0.88795 0.49891 0.87445 0.49606 0.84740 0.47602 0.82165 0.44937 0.83655 0.42458 0.87850 0.41792 0.87580 0.41127 0.95020 0.41982 0.95695
4 0.84757 0.64580 0.85046 0.63095 0.85901 0.57815 0.86377 0.52000 0.85331 0.49295 0.84187 0.46995 0.82187 0.45235 0.79613 0.43350 0.77923 0.44050 0.75810 0.47550 0.74947 0.51730 0.74947 0.55245 0.76278 0.59035 0.75803 0.60115 0.80282 0.59170 0.84757 0.64580
4 0.08257 0.46725 0.11782 0.48480 0.12926 0.46995 0.16070 0.46725 0.19405 0.47130 0.22644 0.42665 0.22930 0.36035 0.22042 0.29400 0.19975 0.24810 0.13496 0.22645 0.09687 0.23995 0.08926 0.25215 0.07113 0.30650 0.06352 0.34005 0.06828 0.40095 0.08257 0.46725
4 0.66754 0.90690 0.68373 0.87850 0.68278 0.82300 0.65989 0.81355 0.61704 0.78650 0.59415 0.80545 0.58560 0.84330 0.58845 0.88255 0.59799 0.91905 0.62750 0.92450 0.66754 0.90690
