4 0.88353 0.24368 0.85437 0.25136 0.82403 0.27531 0.78873 0.35419 0.78361 0.39453 0.79687 0.45079 0.85141 0.50668 0.88704 0.50752 0.92085 0.49690 0.95879 0.41329 0.95740 0.35134 0.95335 0.29412 0.93260 0.26335 0.90991 0.26016 0.88353 0.24368
4 0.79483 0.61119 0.74228 0.62516 0.71303 0.64872 0.70729 0.69042 0.71076 0.73678 0.75403 0.77108 0.75982 0.78367 0.78380 0.79622 0.80507 0.77871 0.81989 0.74446 0.83612 0.70359 0.83496 0.66677 0.81384 0.63963 0.79483 0.61119
4 0.23494 0.73749 0.20968 0.75743 0.21245 0.79962 0.22653 0.84401 0.24507 0.87924 0.25061 0.88233 0.28463 0.88742 0.30713 0.83882 0.32384 0.79117 0.32857 0.75080 0.31932 0.71898 0.26649 0.72340 0.23494 0.73749
4 0.24722 0.58913 0.20342 0.57389 0.17860 0.58709 0.16400 0.60502 0.16230 0.62931 0.14255 0.66592 0.15760 0.73749 0.18879 0.78308 0.20970 0.79807 0.20579 0.75851 0.24493 0.73137 0.26979 0.67617 0.27110 0.63015 0.24722 0.58913
4 0.07391 0.00000 0.04595 0.02587 0.03554 0.09296 0.03196 0.17135 0.04842 0.20909 0.08997 0.22964 0.11883 0.21266 0.15276 0.20556 0.18269 0.17372 0.19112 0.13501 0.18719 0.09219 0.17329 0.03859 0.15445 0.00359 0.14768 0.00000 0.07391 0.00000
4 0.71399 0.74101 0.69967 0.74287 0.67286 0.74370 0.65708 0.75072 0.64865 0.78948 0.64914 0.82339 0.65085 0.82622 0.66085 0.83368 0.65470 0.89430 0.68528 0.90727 0.69053 0.90087 0.73649 0.87155 0.74675 0.83428 0.75565 0.77525 0.71399 0.74101
4 0.29099 0.87834 0.29573 0.89226 0.32152 0.94694 0.34786 0.95284 0.37847 0.93874 0.38765 0.88921 0.39058 0.86090 0.38942 0.80929 0.36431 0.78583 0.33077 0.81471 0.31357 0.82840 0.29099 0.87834
4 0.46911 0.91250 0.47064 0.95872 0.51238 0.97658 0.53973 0.95408 0.55729 0.90784 0.55936 0.87816 0.53311 0.85733 0.51012 0.83131 0.48581 0.85132 0.47147 0.87878 0.46337 0.88498 0.46911 0.91250
4 1.00000 0.11077 0.98300 0.03416 0.89814 0.03474 0.86728 0.06676 0.87174 0.11755 0.86378 0.16581 0.86646 0.22640 0.87833 0.23825 0.90875 0.26008 0.93682 0.26856 0.95598 0.28939 0.99671 0.24653 1.00000 0.23526 1.00000 0.11077
4 0.20647 0.44800 0.16182 0.44488 0.13358 0.43884 0.11801 0.45670 0.09493 0.52831 0.11075 0.58776 0.13994 0.60745 0.15818 0.60596 0.18376 0.58199 0.20712 0.57550 0.21660 0.56258 0.22714 0.50773 0.22153 0.48955 0.20647 0.44800
4 0.47279 0.87346 0.47183 0.84628 0.45364 0.81919 0.42601 0.83220 0.39836 0.87232 0.39191 0.86916 0.38008 0.94291 0.38814 0.95024 0.40260 0.96213 0.45828 0.97144 0.46827 0.95179 0.46996 0.91391 0.46233 0.88626 0.47279 0.87346
4 0.82441 0.47492 0.80004 0.45432 0.78270 0.46012 0.75918 0.49356 0.74766 0.53466 0.74520 0.56973 0.75584 0.60846 0.75034 0.61890 0.79568 0.61260 0.83655 0.66969 0.84047 0.65508 0.85269 0.60300 0.86149 0.54533 0.85294 0.51761 0.84313 0.49387 0.82441 0.47492
4 0.23970 0.34181 0.23547 0.27500 0.21806 0.22777 0.15494 0.20165 0.11599 0.21246 0.10755 0.22410 0.08567 0.27705 0.07574 0.30999 0.07624 0.37107 0.08587 0.43821 0.11981 0.45818 0.13226 0.44416 0.16382 0.44366 0.19680 0.45003 0.23223 0.40775 0.23970 0.34181
4 0.56144 0.84843 0.56155 0.88779 0.56852 0.92487 0.59758 0.93236 0.63874 0.91760 0.65688 0.89039 0.65980 0.83496 0.63763 0.82394 0.59677 0.79397 0.57262 0.81127 0.56144 0.84843
