4 0.15497 0.47645 0.14904 0.48601 0.15205 0.51789 0.15860 0.56277 0.17254 0.58580 0.18937 0.58428 0.20864 0.56294 0.22572 0.53221 0.23076 0.51514 0.22412 0.52194 0.17109 0.50782 0.15497 0.47645
4 0.86753 0.37070 0.87143 0.33956 0.87318 0.31785 0.87405 0.27085 0.86076 0.24873 0.82736 0.25930 0.81676 0.29631 0.79730 0.32990 0.78214 0.36144 0.77771 0.37854 0.77775 0.41517 0.78723 0.43649 0.81006 0.46293 0.82705 0.46611 0.84434 0.45894 0.86191 0.42541 0.86220 0.39719 0.86753 0.37070
4 0.63350 0.54072 0.61410 0.54780 0.61186 0.55542 0.61835 0.59648 0.63886 0.61183 0.66770 0.61362 0.68303 0.58678 0.69009 0.55646 0.68802 0.49726 0.66920 0.47725 0.66671 0.49144 0.65233 0.52749 0.63350 0.54072
4 0.40277 0.60406 0.41046 0.62730 0.42036 0.64199 0.44152 0.63939 0.45975 0.62372 0.46713 0.60279 0.46816 0.56044 0.42422 0.57324 0.40293 0.57305 0.40277 0.60406
4 0.11088 0.44978 0.10154 0.45103 0.09685 0.46060 0.09458 0.48512 0.09319 0.51617 0.10439 0.53273 0.11552 0.52950 0.13449 0.49970 0.14117 0.49383 0.14617 0.47578 0.14689 0.45979 0.13617 0.43949 0.11088 0.44978
4 0.77665 0.40116 0.77438 0.35515 0.77079 0.30546 0.75779 0.27393 0.74347 0.25753 0.72039 0.25927 0.70412 0.27678 0.69741 0.30047 0.68186 0.33864 0.66644 0.36269 0.66295 0.37030 0.66293 0.40513 0.66581 0.46988 0.69788 0.49320 0.71976 0.49243 0.74463 0.48779 0.76520 0.46827 0.77563 0.44280 0.77665 0.40116
4 0.31556 0.34580 0.29456 0.29557 0.26229 0.28937 0.24028 0.30425 0.23339 0.34019 0.22715 0.39399 0.23244 0.45587 0.24456 0.49870 0.27687 0.52764 0.30440 0.52854 0.33346 0.52386 0.34364 0.50273 0.34735 0.41424 0.33683 0.39957 0.31556 0.34580
4 0.66356 0.44174 0.66207 0.37952 0.65592 0.34802 0.63389 0.27060 0.60823 0.25454 0.56951 0.26082 0.53581 0.29392 0.51720 0.35286 0.50967 0.40480 0.51453 0.47325 0.52103 0.53322 0.54271 0.54553 0.56223 0.55250 0.59236 0.55036 0.63350 0.54072 0.65233 0.52749 0.66671 0.49144 0.66356 0.44174
4 0.22080 0.39143 0.19221 0.36044 0.17042 0.31046 0.14659 0.30845 0.12367 0.31488 0.12049 0.34884 0.13308 0.42998 0.15288 0.47084 0.17109 0.50782 0.22412 0.52194 0.24196 0.49594 0.23349 0.46803 0.22925 0.43624 0.22797 0.39960 0.22080 0.39143
4 0.00304 0.25310 0.00579 0.29625 0.01613 0.35888 0.04417 0.40962 0.08506 0.43450 0.06663 0.39003 0.04864 0.34085 0.04782 0.31736 0.03395 0.27837 0.01444 0.25740 0.00304 0.25310
4 0.94599 0.41389 0.93707 0.40961 0.92863 0.42707 0.93046 0.43795 0.93204 0.47288 0.95934 0.49380 0.97860 0.48810 0.98859 0.46987 0.98842 0.42947 0.98197 0.40525 0.97187 0.38494 0.95404 0.41186 0.94599 0.41389
4 0.87061 0.46409 0.88285 0.50194 0.91895 0.54606 0.92949 0.53306 0.92896 0.51805 0.93016 0.48039 0.92754 0.42312 0.90778 0.44918 0.87216 0.41483 0.87061 0.46409
4 0.92258 0.24564 0.90377 0.28015 0.89043 0.31068 0.87349 0.33823 0.86924 0.36244 0.86184 0.41082 0.87327 0.41534 0.90778 0.44918 0.92923 0.41836 0.93808 0.36441 0.94050 0.31080 0.93460 0.26775 0.92258 0.24564
4 0.30440 0.52854 0.27133 0.53062 0.27065 0.56547 0.28190 0.59986 0.29395 0.62289 0.31895 0.62202 0.33246 0.61499 0.34290 0.59204 0.34736 0.57592 0.34728 0.53836 0.33979 0.52074 0.30440 0.52854
4 0.76520 0.46827 0.74463 0.48779 0.71976 0.49243 0.69482 0.49517 0.70078 0.50436 0.71687 0.53480 0.73485 0.56616 0.75921 0.58319 0.78906 0.59625 0.79824 0.57242 0.79823 0.55361 0.79757 0.51695 0.78148 0.46863 0.77563 0.44280 0.76520 0.46827
4 0.02985 0.42254 0.02155 0.45383 0.02055 0.47830 0.03097 0.49013 0.06655 0.48796 0.08501 0.47983 0.08907 0.45240 0.08506 0.43450 0.04895 0.41432 0.03515 0.41295 0.02985 0.42254
4 0.54719 0.63756 0.56428 0.62570 0.56828 0.59735 0.57182 0.55496 0.52812 0.53953 0.51480 0.53830 0.50015 0.54592 0.51785 0.62568 0.54719 0.63756
4 0.94574 0.30028 0.93946 0.31745 0.93787 0.34287 0.93323 0.40695 0.94912 0.41487 0.97291 0.37921 0.98130 0.33288 0.97623 0.24093 0.95983 0.27349 0.94574 0.30028
4 0.51528 0.48963 0.50010 0.43619 0.48785 0.37177 0.47989 0.34099 0.45744 0.30246 0.41100 0.28418 0.36363 0.28960 0.36133 0.33102 0.35142 0.40562 0.34719 0.42835 0.34623 0.47163 0.34799 0.50449 0.36239 0.54062 0.38388 0.56524 0.42422 0.57324 0.47620 0.55731 0.52174 0.53916 0.51528 0.48963
4 0.86774 0.43084 0.86191 0.42541 0.84434 0.45894 0.82705 0.46611 0.80628 0.46213 0.78318 0.42997 0.78328 0.44308 0.78589 0.47635 0.80018 0.51030 0.81728 0.53102 0.83799 0.56147 0.87598 0.57720 0.88294 0.56192 0.88264 0.53470 0.87814 0.49538 0.86944 0.46184 0.86774 0.43084
4 0.09848 0.31745 0.06178 0.26892 0.04820 0.27410 0.04782 0.31736 0.05125 0.34354 0.06930 0.39464 0.08662 0.44385 0.10688 0.44970 0.12787 0.44241 0.13308 0.42998 0.12956 0.40101 0.12180 0.35803 0.09848 0.31745
