1 0.65236 0.66468 0.63636 0.66262 0.63310 0.68097 0.63830 0.69768 0.65029 0.71675 0.66107 0.72204 0.67157 0.71336 0.67615 0.70435 0.66919 0.69610 0.66056 0.67932 0.65236 0.66468
1 0.41870 0.66876 0.42339 0.66785 0.43262 0.66015 0.44290 0.66036 0.44909 0.66211 0.45348 0.66716 0.46313 0.67415 0.46688 0.67342 0.45815 0.66109 0.45290 0.64661 0.43939 0.64481 0.42963 0.64227 0.41444 0.63932 0.40098 0.64784 0.39634 0.65908 0.39543 0.67697 0.40013 0.67606 0.40914 0.66471 0.41201 0.66194 0.41870 0.66876
1 0.40008 0.69083 0.38861 0.69454 0.38276 0.70453 0.37718 0.71595 0.37469 0.72825 0.37823 0.73642 0.38583 0.73789 0.39116 0.73021 0.39934 0.71460 0.39992 0.71006 0.40008 0.69083
1 0.52057 0.51830 0.52560 0.52913 0.52980 0.54824 0.53268 0.55802 0.54000 0.55807 0.54425 0.54986 0.54765 0.53223 0.54397 0.52334 0.53850 0.51776 0.52753 0.51399 0.52057 0.51830
1 0.35337 0.25995 0.35500 0.25077 0.36417 0.24530 0.37295 0.24285 0.38483 0.22873 0.39011 0.21073 0.39549 0.18827 0.40521 0.17310 0.42590 0.14914 0.44375 0.14567 0.45787 0.14810 0.47340 0.15024 0.49443 0.16314 0.50451 0.16487 0.51324 0.16465 0.51255 0.14854 0.50926 0.13663 0.49939 0.12600 0.48911 0.11323 0.47820 0.10723 0.46554 0.10231 0.44606 0.10241 0.42683 0.11131 0.38672 0.12059 0.37158 0.12796 0.36125 0.14252 0.35504 0.16070 0.35686 0.17511 0.35441 0.19257 0.34432 0.19084 0.33587 0.19248 0.32822 0.20578 0.32734 0.22883 0.32839 0.24930 0.32922 0.26612 0.33597 0.28326 0.34793 0.29717 0.35741 0.31083 0.36178 0.31072 0.36315 0.29274 0.36160 0.27975 0.35337 0.25995
1 0.25230 0.49204 0.25081 0.46428 0.24116 0.43220 0.24320 0.41261 0.24950 0.38481 0.25190 0.36958 0.24717 0.35278 0.24004 0.33867 0.23393 0.33985 0.21984 0.34259 0.21145 0.36711 0.20941 0.38670 0.21353 0.41543 0.21646 0.43553 0.22497 0.45676 0.23393 0.47273 0.24200 0.48667 0.24802 0.49509 0.25106 0.49819 0.25230 0.49204
4 0.47764 0.93664 0.51247 0.93378 0.58154 0.88462 0.63354 0.84875 0.67832 0.84994 0.72650 0.84855 0.78878 0.83843 0.82975 0.77289 0.84637 0.64269 0.85320 0.60364 0.85681 0.54145 0.82952 0.40782 0.80008 0.33611 0.75777 0.29473 0.66876 0.20093 0.58377 0.11425 0.47290 0.07623 0.36237 0.10768 0.28134 0.14919 0.24355 0.17041 0.23867 0.26666 0.20581 0.30679 0.17128 0.36510 0.17638 0.46531 0.19033 0.57769 0.21294 0.68048 0.24682 0.73339 0.26026 0.74865 0.28352 0.80761 0.32385 0.85336 0.35907 0.85250 0.41152 0.89988 0.47764 0.93664
4 1.00000 0.47073 0.95614 0.47925 0.92775 0.51097 0.88834 0.59962 0.87260 0.68838 0.91067 0.75458 0.94211 0.75585 1.00000 0.87525 1.00000 0.47073
1 0.75784 0.62055 0.76496 0.62212 0.77085 0.62984 0.77433 0.64023 0.77964 0.65249 0.78555 0.65281 0.78732 0.64435 0.78494 0.62710 0.78063 0.61243 0.77195 0.59788 0.76578 0.57619 0.75352 0.56824 0.74473 0.55814 0.74611 0.55270 0.74768 0.54575 0.74688 0.53410 0.73917 0.52453 0.72765 0.53045 0.71367 0.54129 0.71826 0.55738 0.72694 0.55938 0.73150 0.57031 0.72744 0.58955 0.72777 0.60130 0.74131 0.60826 0.74825 0.61135 0.75784 0.62055
1 0.69998 0.61630 0.71216 0.60876 0.70732 0.59641 0.68166 0.60731 0.66693 0.60427 0.64486 0.60856 0.64226 0.61275 0.65061 0.61556 0.66426 0.61807 0.67166 0.62106 0.67978 0.62022 0.69528 0.61721 0.69998 0.61630
