4 0.37224 0.75795 0.35220 0.74487 0.33583 0.73836 0.32108 0.75954 0.32162 0.77026 0.33127 0.78359 0.35097 0.79764 0.36039 0.80631 0.38166 0.81826 0.39143 0.81446 0.38490 0.79980 0.38618 0.76882 0.37224 0.75795
4 0.31741 0.65246 0.29610 0.64595 0.28220 0.63831 0.27197 0.63887 0.26583 0.64595 0.26664 0.66549 0.28139 0.71010 0.29243 0.73456 0.30957 0.71826 0.32027 0.70903 0.32232 0.70903 0.32637 0.70738 0.33085 0.69703 0.33417 0.68995 0.33498 0.67636 0.32718 0.65954 0.31741 0.65246
4 0.65429 0.27026 0.65367 0.25128 0.62548 0.22872 0.59884 0.22359 0.59614 0.26000 0.60019 0.29092 0.59695 0.31482 0.60390 0.31374 0.61537 0.32790 0.63135 0.33333 0.64896 0.33390 0.65181 0.32733 0.65344 0.29964 0.65429 0.27026
4 0.55510 0.23764 0.55019 0.21641 0.53954 0.19903 0.51988 0.19580 0.49371 0.20338 0.48019 0.20559 0.47066 0.21959 0.47077 0.25287 0.47691 0.29036 0.47938 0.29308 0.49081 0.29149 0.51498 0.28441 0.53050 0.26205 0.54208 0.25282 0.55139 0.24795 0.55510 0.23764
4 0.57892 0.33277 0.58672 0.33605 0.59695 0.31482 0.59819 0.28877 0.59695 0.26590 0.59730 0.22564 0.58757 0.20831 0.55765 0.20067 0.55070 0.21482 0.55510 0.23764 0.54703 0.25344 0.54212 0.26318 0.53143 0.27405 0.52487 0.28656 0.52008 0.30102 0.52691 0.31159 0.53429 0.31754 0.54452 0.31754 0.55521 0.31754 0.56421 0.32682 0.57892 0.33277
4 0.61579 0.73400 0.61212 0.72805 0.59614 0.71282 0.58185 0.72462 0.56100 0.74051 0.56131 0.76118 0.55927 0.77913 0.56664 0.77969 0.57282 0.78292 0.58429 0.77590 0.59305 0.77231 0.59884 0.76615 0.61235 0.75538 0.61579 0.73400
4 0.68784 0.35995 0.68865 0.32898 0.69108 0.30667 0.68784 0.29308 0.67390 0.28656 0.65873 0.28820 0.65344 0.29964 0.65181 0.32733 0.64896 0.33390 0.64610 0.33933 0.64768 0.35672 0.65753 0.37195 0.66896 0.38118 0.68046 0.37898 0.68784 0.35995
4 0.56054 0.74215 0.54622 0.74108 0.53089 0.73846 0.50927 0.73641 0.50405 0.74759 0.50158 0.75138 0.49911 0.77097 0.50564 0.78241 0.50487 0.80144 0.51753 0.80738 0.55602 0.79328 0.55683 0.78620 0.56012 0.76769 0.56054 0.74215
4 0.29853 0.28318 0.29243 0.31154 0.30579 0.34667 0.31892 0.33051 0.33927 0.31698 0.33927 0.28451 0.34641 0.25067 0.34540 0.24390 0.32402 0.25610 0.29853 0.28318
4 0.29981 0.72805 0.30100 0.74380 0.31776 0.76359 0.32348 0.75795 0.33583 0.73836 0.36324 0.75031 0.36571 0.74380 0.35178 0.72149 0.32637 0.70738 0.31900 0.70954 0.31235 0.71641 0.29981 0.72805
4 0.47066 0.21959 0.44216 0.20467 0.42687 0.21144 0.40448 0.21959 0.40270 0.24102 0.39768 0.25180 0.39768 0.29897 0.40448 0.32077 0.42857 0.32820 0.46139 0.31898 0.47876 0.30462 0.47575 0.28723 0.46965 0.25067 0.47066 0.21959
4 0.34031 0.27344 0.33927 0.31698 0.35355 0.33159 0.37390 0.33836 0.40116 0.33333 0.40448 0.32077 0.39633 0.29774 0.39633 0.26667 0.39633 0.25041 0.37390 0.23149 0.35660 0.23554 0.34031 0.27344
4 0.49691 0.72769 0.48301 0.72410 0.46602 0.72564 0.45521 0.74513 0.46139 0.76974 0.46185 0.81667 0.47784 0.81395 0.49097 0.81502 0.50359 0.80851 0.50487 0.80144 0.50564 0.78241 0.49911 0.77097 0.50348 0.74102 0.49691 0.72769
4 0.45405 0.74820 0.45097 0.75128 0.43282 0.75410 0.42664 0.74708 0.41274 0.74000 0.39475 0.74323 0.38413 0.76118 0.38618 0.80359 0.39394 0.81667 0.39595 0.81395 0.41521 0.81826 0.42915 0.81554 0.45162 0.81882 0.46185 0.81667 0.46100 0.76923 0.45405 0.74820
4 0.64583 0.65718 0.64429 0.66590 0.64197 0.67769 0.63386 0.68590 0.63154 0.69769 0.62884 0.70641 0.61610 0.71718 0.61726 0.72590 0.61919 0.74333 0.62498 0.73667 0.65046 0.71462 0.68290 0.66026 0.67479 0.65102 0.66243 0.63923 0.65896 0.64026 0.64583 0.65718
