4 0.87373 0.37056 0.85601 0.35366 0.83854 0.34843 0.82276 0.35290 0.82510 0.36917 0.84598 0.39043 0.86625 0.42634 0.87040 0.43887 0.87820 0.44056 0.89682 0.43549 0.89569 0.41617 0.88799 0.39044 0.87373 0.37056
4 0.68362 0.45734 0.67690 0.45374 0.65923 0.45805 0.63733 0.47221 0.65723 0.59032 0.67623 0.63125 0.70463 0.65818 0.73408 0.66030 0.74396 0.64032 0.75012 0.59181 0.74110 0.54065 0.73075 0.49369 0.72507 0.46696 0.70624 0.45533 0.68362 0.45734
4 0.46109 0.22950 0.42472 0.23924 0.41758 0.29238 0.42759 0.37567 0.43880 0.46133 0.45155 0.47845 0.48854 0.47059 0.51806 0.46638 0.54901 0.44986 0.55300 0.42510 0.53023 0.33039 0.48948 0.26335 0.46109 0.22950
4 0.58403 0.19505 0.55259 0.21396 0.54391 0.25882 0.53899 0.32613 0.55516 0.40833 0.57764 0.44551 0.61140 0.44219 0.67316 0.42107 0.68099 0.39550 0.66685 0.32286 0.64001 0.25884 0.61176 0.20708 0.58403 0.19505
4 0.79672 0.24665 0.81976 0.33321 0.82750 0.33324 0.84850 0.34369 0.85288 0.32287 0.84997 0.29360 0.83074 0.20311 0.80935 0.15950 0.80205 0.18759 0.79672 0.24665
4 0.86178 0.58371 0.86458 0.56189 0.86444 0.55075 0.87219 0.51726 0.88072 0.51712 0.87954 0.50285 0.87416 0.46879 0.86460 0.42557 0.84611 0.38928 0.82615 0.37062 0.81530 0.36678 0.80439 0.36966 0.79710 0.37735 0.78993 0.38558 0.76786 0.39195 0.76084 0.40964 0.75196 0.42382 0.77554 0.44730 0.78424 0.47478 0.79146 0.50174 0.80680 0.55239 0.81561 0.59437 0.81967 0.59546 0.83045 0.59372 0.84885 0.58758 0.86178 0.58371
4 0.27377 0.66485 0.28309 0.64610 0.26449 0.55894 0.26678 0.53857 0.24893 0.53242 0.23962 0.59725 0.24703 0.64260 0.27377 0.66485
4 0.49650 0.71387 0.49510 0.68456 0.50896 0.68329 0.50775 0.67237 0.50786 0.64665 0.51207 0.62620 0.49960 0.60428 0.47893 0.55951 0.47177 0.52583 0.47468 0.51851 0.47154 0.51248 0.46015 0.51489 0.41142 0.52525 0.41549 0.56014 0.41839 0.58075 0.42763 0.60672 0.43480 0.62475 0.44876 0.65195 0.45637 0.66151 0.46449 0.68045 0.47296 0.69932 0.48220 0.71132 0.49650 0.71387
4 0.44439 0.68752 0.44008 0.66726 0.44535 0.64692 0.43777 0.63222 0.41806 0.58166 0.40709 0.53600 0.39866 0.52048 0.39307 0.50921 0.37791 0.52204 0.37059 0.54181 0.36487 0.55163 0.36594 0.58604 0.37264 0.63260 0.38411 0.67150 0.38614 0.69314 0.38728 0.71022 0.39483 0.72492 0.41983 0.72536 0.44798 0.71647 0.44439 0.68752
4 0.19947 0.41220 0.19171 0.38201 0.16351 0.37404 0.17654 0.42903 0.19687 0.46851 0.21243 0.47319 0.19947 0.41220
4 0.88064 0.25703 0.87389 0.22528 0.86337 0.18103 0.83729 0.15172 0.82898 0.17510 0.82603 0.19232 0.85698 0.31189 0.87392 0.30326 0.88064 0.25703
4 0.28947 0.53603 0.27530 0.55346 0.27004 0.57089 0.28580 0.65396 0.29613 0.68155 0.31700 0.69247 0.32257 0.68263 0.31705 0.64442 0.30720 0.58025 0.30716 0.56205 0.30797 0.54171 0.29763 0.53525 0.28947 0.53603
4 0.34355 0.29197 0.34546 0.36324 0.35585 0.47455 0.37285 0.49295 0.40254 0.49446 0.43696 0.46927 0.42759 0.37567 0.40515 0.33865 0.38822 0.29644 0.35342 0.27596 0.34355 0.29197
4 0.26055 0.37531 0.23133 0.33772 0.23083 0.39761 0.22867 0.41438 0.23933 0.45194 0.25629 0.48817 0.25700 0.50394 0.27265 0.53207 0.29134 0.52016 0.29662 0.49513 0.27661 0.41972 0.26055 0.37531
4 0.80310 0.64870 0.82574 0.64501 0.81769 0.60538 0.80415 0.54345 0.79212 0.49908 0.77659 0.44875 0.76053 0.43093 0.74155 0.41737 0.72278 0.41773 0.71990 0.43566 0.71003 0.44167 0.71028 0.45335 0.71201 0.45801 0.72636 0.46781 0.73001 0.48323 0.74224 0.54600 0.75110 0.58769 0.75361 0.59777 0.77248 0.63230 0.79101 0.65127 0.80310 0.64870
4 0.74241 0.14680 0.73245 0.19892 0.72836 0.23638 0.75840 0.34619 0.76590 0.34125 0.78935 0.36274 0.81820 0.36326 0.82047 0.34283 0.79672 0.24665 0.78593 0.19084 0.77089 0.14594 0.74241 0.14680
4 0.34200 0.54196 0.32301 0.53483 0.31300 0.55019 0.30793 0.56569 0.32624 0.68766 0.33213 0.70367 0.35383 0.73649 0.37055 0.73103 0.38308 0.67558 0.37305 0.63156 0.36557 0.58131 0.36437 0.55453 0.34200 0.54196
4 0.19372 0.36209 0.19171 0.38201 0.22872 0.50800 0.24175 0.51316 0.25700 0.50394 0.25629 0.48817 0.23933 0.45194 0.22867 0.41438 0.22232 0.37193 0.20935 0.36072 0.19372 0.36209
4 0.54910 0.69375 0.56434 0.69722 0.58339 0.69764 0.58748 0.67666 0.58586 0.63985 0.58557 0.61924 0.56780 0.55961 0.54779 0.48872 0.52475 0.49753 0.49512 0.50327 0.47637 0.51424 0.47226 0.52461 0.47953 0.55882 0.48692 0.57960 0.49913 0.60382 0.51254 0.62666 0.51814 0.63553 0.52599 0.64448 0.53652 0.67129 0.54910 0.69375
4 0.26222 0.32719 0.26443 0.37465 0.28528 0.44179 0.29860 0.49868 0.31697 0.52863 0.33987 0.51778 0.35585 0.47455 0.34281 0.37576 0.32099 0.33470 0.28612 0.29619 0.26222 0.32719
4 0.65427 0.58564 0.64685 0.52800 0.63437 0.47228 0.62147 0.47278 0.59597 0.47876 0.58875 0.47974 0.57201 0.48497 0.55954 0.48455 0.55172 0.48621 0.56647 0.54984 0.58331 0.60687 0.59563 0.64559 0.60689 0.64907 0.62363 0.67763 0.65290 0.67839 0.65881 0.66596 0.66013 0.65116 0.65692 0.62558 0.65427 0.58564
4 0.74383 0.29342 0.72796 0.24149 0.69902 0.20273 0.65836 0.18813 0.64857 0.22004 0.64966 0.27713 0.66685 0.32286 0.68165 0.37569 0.68897 0.38408 0.70761 0.38883 0.72768 0.37920 0.73890 0.36989 0.75126 0.37732 0.76061 0.35226 0.74383 0.29342
