4 0.87356 0.50410 0.87502 0.51721 0.88229 0.52049 0.90156 0.51940 0.90447 0.50027 0.90229 0.47350 0.89247 0.45109 0.87865 0.43088 0.86265 0.42213 0.84629 0.42322 0.84520 0.43962 0.86120 0.46475 0.87356 0.50410
4 0.70945 0.68798 0.72556 0.64180 0.72738 0.58989 0.72702 0.54180 0.72702 0.51448 0.71102 0.49918 0.68847 0.49645 0.68265 0.49153 0.66447 0.49208 0.64011 0.50137 0.63502 0.62104 0.64509 0.66503 0.66727 0.69727 0.69564 0.70546 0.70945 0.68798
4 0.49491 0.46885 0.52465 0.47088 0.55836 0.46115 0.56742 0.43776 0.56484 0.34038 0.53891 0.26634 0.51818 0.22732 0.48058 0.22929 0.46255 0.27978 0.45502 0.36333 0.44818 0.44945 0.45709 0.46885 0.49491 0.46885
4 0.62098 0.46661 0.68578 0.45880 0.69876 0.43541 0.70004 0.36142 0.68709 0.29322 0.67022 0.23672 0.64560 0.21918 0.61091 0.23115 0.59309 0.27322 0.57429 0.33803 0.57302 0.42180 0.58727 0.46284 0.62098 0.46661
4 0.87338 0.41956 0.88200 0.40011 0.88524 0.37088 0.88524 0.27836 0.87338 0.23126 0.86040 0.25721 0.84291 0.31388 0.84745 0.40333 0.85502 0.40497 0.87338 0.41956
4 0.78473 0.56230 0.78920 0.61503 0.78909 0.65792 0.79284 0.65984 0.80375 0.66038 0.82302 0.65820 0.83647 0.65710 0.84375 0.63634 0.84593 0.62541 0.86047 0.59426 0.86884 0.59590 0.87065 0.58169 0.87247 0.54727 0.87211 0.50300 0.86156 0.46366 0.84593 0.44126 0.83611 0.43525 0.82484 0.43579 0.81611 0.44180 0.80738 0.44836 0.78447 0.45000 0.77393 0.46585 0.76229 0.47787 0.78047 0.50574 0.78327 0.53443 0.78473 0.56230
4 0.25745 0.59781 0.25738 0.50869 0.26385 0.48923 0.24767 0.47951 0.22509 0.54098 0.22291 0.58689 0.24444 0.61421 0.25745 0.59781
4 0.41029 0.60847 0.41829 0.63798 0.42375 0.64891 0.42775 0.66912 0.43211 0.68934 0.43865 0.70300 0.45211 0.70847 0.45684 0.67951 0.47065 0.68115 0.47175 0.67022 0.47720 0.64508 0.48556 0.62596 0.47793 0.60191 0.46702 0.55383 0.46702 0.51940 0.47138 0.51284 0.46956 0.50628 0.45793 0.50628 0.40811 0.50628 0.40484 0.54126 0.40338 0.56202 0.40702 0.58934 0.41029 0.60847
4 0.35098 0.64366 0.34847 0.66525 0.34604 0.68219 0.35036 0.69814 0.37473 0.70377 0.40411 0.70093 0.40662 0.67186 0.40662 0.65115 0.41600 0.63235 0.41164 0.61639 0.40287 0.56284 0.40164 0.51590 0.39662 0.49896 0.39349 0.48678 0.37600 0.49618 0.36473 0.51399 0.35709 0.52240 0.35098 0.55628 0.34785 0.60322 0.35098 0.64366
4 0.22429 0.35164 0.22298 0.32049 0.19705 0.30683 0.19836 0.36333 0.21004 0.40618 0.22429 0.41399 0.22429 0.35164
4 0.92175 0.26355 0.90233 0.22945 0.88935 0.25060 0.88287 0.26683 0.88829 0.39022 0.90665 0.38530 0.92284 0.34148 0.92284 0.30902 0.92175 0.26355
4 0.28847 0.64175 0.29102 0.60322 0.29473 0.53842 0.29847 0.52060 0.30349 0.50087 0.29473 0.49240 0.28658 0.49147 0.26909 0.50557 0.26033 0.52153 0.25847 0.60607 0.26284 0.63519 0.28098 0.65022 0.28847 0.64175
4 0.40582 0.47432 0.44473 0.45683 0.45502 0.36333 0.44076 0.32246 0.43298 0.27765 0.40320 0.25038 0.39022 0.26399 0.37727 0.33410 0.36429 0.44514 0.37709 0.46667 0.40582 0.47432
4 0.26407 0.43776 0.26149 0.45333 0.27095 0.48410 0.29171 0.47634 0.30207 0.45295 0.29818 0.37503 0.29171 0.32825 0.27095 0.28541 0.25800 0.34388 0.25240 0.35984 0.25502 0.39880 0.26407 0.43776
4 0.72847 0.53142 0.72738 0.59535 0.72738 0.63798 0.72775 0.64836 0.73902 0.68607 0.75320 0.70847 0.76556 0.70847 0.78847 0.70956 0.78884 0.66912 0.78847 0.60574 0.78593 0.55984 0.78120 0.50738 0.76920 0.48661 0.75345 0.46940 0.73502 0.46585 0.72847 0.48279 0.71756 0.48661 0.71538 0.49809 0.71611 0.50300 0.72811 0.51557 0.72847 0.53142
4 0.81156 0.42590 0.83967 0.43240 0.84615 0.41290 0.84291 0.31388 0.84396 0.25705 0.83858 0.21000 0.81055 0.20492 0.78996 0.25383 0.77818 0.28962 0.78473 0.40328 0.79309 0.40000 0.81156 0.42590
4 0.30785 0.70093 0.32535 0.69907 0.34913 0.64743 0.34847 0.60230 0.35160 0.55158 0.35600 0.52514 0.33673 0.50820 0.31964 0.49727 0.30665 0.51022 0.29847 0.52432 0.29102 0.64743 0.29345 0.66432 0.30785 0.70093
4 0.26149 0.45333 0.26407 0.43776 0.25502 0.39880 0.25240 0.35984 0.25502 0.31700 0.24465 0.30333 0.22909 0.30142 0.22298 0.32049 0.23298 0.45142 0.24465 0.45918 0.26149 0.45333
4 0.47065 0.57514 0.47756 0.60137 0.48593 0.62650 0.48956 0.63634 0.49538 0.64672 0.50011 0.67514 0.50775 0.69973 0.52193 0.70628 0.54047 0.71066 0.54884 0.69098 0.55491 0.65465 0.55891 0.63443 0.55393 0.57240 0.54909 0.49891 0.52473 0.50273 0.49455 0.50219 0.47393 0.50902 0.46775 0.51831 0.46775 0.55328 0.47065 0.57514
4 0.31502 0.48995 0.33967 0.48410 0.36429 0.44514 0.37207 0.34579 0.35927 0.30109 0.33316 0.25617 0.30335 0.28153 0.29564 0.32842 0.30207 0.39842 0.30327 0.45683 0.31502 0.48995
4 0.57356 0.66803 0.58400 0.69945 0.61247 0.70628 0.62084 0.69535 0.62520 0.68115 0.62738 0.65546 0.63309 0.61585 0.63782 0.55792 0.63720 0.50082 0.62447 0.49863 0.59829 0.49918 0.59102 0.49863 0.57356 0.50027 0.56145 0.49727 0.55345 0.49727 0.55465 0.56257 0.55927 0.62186 0.56327 0.66230 0.57356 0.66803
4 0.70895 0.42590 0.72618 0.43443 0.74782 0.42918 0.76073 0.42240 0.77127 0.43224 0.78564 0.40967 0.78145 0.34863 0.77673 0.29454 0.75647 0.25060 0.71975 0.22787 0.70353 0.25705 0.69273 0.31311 0.70004 0.36142 0.70353 0.41617 0.70895 0.42590
