4 0.40029 0.95153 0.41230 0.92280 0.41999 0.87803 0.41593 0.82900 0.41488 0.80824 0.39811 0.77044 0.38382 0.73749 0.36602 0.72601 0.32863 0.73213 0.32291 0.73713 0.31427 0.74189 0.31103 0.75596 0.30675 0.77784 0.30207 0.79592 0.29670 0.84264 0.31345 0.86945 0.33026 0.89405 0.35565 0.93699 0.38759 0.95561 0.40029 0.95153
4 0.76162 0.35602 0.74835 0.32609 0.71313 0.27946 0.68263 0.24185 0.66620 0.22363 0.65785 0.22830 0.62600 0.24401 0.65982 0.26512 0.67541 0.28722 0.70433 0.32786 0.71946 0.36995 0.71373 0.39330 0.72361 0.38364 0.74423 0.37114 0.76144 0.36648 0.76162 0.35602
4 0.24434 0.63841 0.20701 0.63464 0.17811 0.65048 0.18082 0.67630 0.18686 0.72467 0.20239 0.75727 0.21476 0.78213 0.23144 0.80647 0.23954 0.83172 0.26441 0.83075 0.29218 0.81525 0.31237 0.71863 0.28445 0.68013 0.26509 0.65112 0.24434 0.63841
4 0.31503 0.50735 0.25954 0.49500 0.23827 0.52009 0.24014 0.56885 0.25339 0.60175 0.26659 0.63442 0.26924 0.65612 0.28972 0.68749 0.30857 0.71347 0.32996 0.73084 0.36415 0.72560 0.40425 0.63160 0.39900 0.61260 0.37107 0.55350 0.31503 0.50735
4 0.12192 0.80952 0.13386 0.84937 0.15999 0.91190 0.20685 0.91351 0.22748 0.87216 0.23693 0.81732 0.20445 0.76678 0.14828 0.74027 0.11301 0.74562 0.12192 0.80952
4 0.61342 0.46940 0.59574 0.48554 0.55100 0.52503 0.58881 0.63424 0.61365 0.65141 0.64197 0.67041 0.66462 0.65979 0.67218 0.64471 0.66550 0.61244 0.65632 0.57385 0.65025 0.52998 0.63874 0.46674 0.63405 0.45586 0.61342 0.46940
4 0.75313 0.38273 0.74693 0.37146 0.73110 0.38082 0.71690 0.38836 0.71062 0.40165 0.71026 0.41213 0.71102 0.44722 0.72495 0.50674 0.73634 0.53851 0.75795 0.56080 0.77868 0.57016 0.79368 0.55979 0.80588 0.51236 0.79780 0.49123 0.78090 0.46608 0.77388 0.45143 0.76071 0.43743 0.74753 0.41299 0.75313 0.38273
4 0.70917 0.41225 0.68976 0.42582 0.66355 0.43737 0.64692 0.44720 0.63593 0.45291 0.65695 0.55895 0.66925 0.57853 0.69896 0.59684 0.72382 0.61071 0.73514 0.61062 0.73939 0.58490 0.73624 0.55501 0.73289 0.53008 0.72525 0.50710 0.71126 0.44703 0.70917 0.41225
4 0.59401 0.67325 0.58938 0.63967 0.56599 0.57015 0.54984 0.52789 0.54442 0.52846 0.52285 0.52853 0.51469 0.52390 0.50862 0.53223 0.50195 0.56974 0.46792 0.60079 0.46933 0.61767 0.47718 0.64707 0.49880 0.69974 0.51804 0.72629 0.54793 0.75667 0.56763 0.76669 0.58950 0.76604 0.60204 0.74274 0.60535 0.73250 0.59401 0.67325
4 0.31053 1.00000 0.32402 0.95889 0.32706 0.90192 0.32605 0.88499 0.29631 0.84619 0.29288 0.80804 0.29073 0.81541 0.26203 0.83106 0.23913 0.83237 0.23293 0.84604 0.22883 0.87142 0.21885 0.89857 0.24353 0.94696 0.25325 0.98902 0.26678 1.00000 0.31053 1.00000
4 0.55591 0.23357 0.56775 0.31733 0.66154 0.44016 0.68482 0.42508 0.70676 0.41123 0.71912 0.36873 0.70290 0.32576 0.65726 0.26484 0.62124 0.23802 0.56282 0.22037 0.55591 0.23357
4 0.39818 0.38707 0.36840 0.39240 0.35352 0.42798 0.35629 0.49642 0.37183 0.55029 0.38927 0.59235 0.41007 0.61467 0.43373 0.61219 0.46222 0.60430 0.50087 0.56920 0.50811 0.53541 0.47942 0.47469 0.44979 0.43275 0.39818 0.38707
4 0.48538 0.66841 0.47380 0.63830 0.46939 0.62064 0.45907 0.60634 0.43404 0.61171 0.41185 0.61624 0.40378 0.63303 0.38425 0.68728 0.38182 0.70237 0.38650 0.74034 0.40964 0.79522 0.41754 0.81472 0.45533 0.87410 0.47730 0.89635 0.51089 0.87842 0.52334 0.84107 0.50512 0.73831 0.49945 0.70484 0.48538 0.66841
4 0.58215 0.33532 0.56640 0.31774 0.49584 0.27955 0.45749 0.29732 0.44462 0.34538 0.45723 0.41658 0.46833 0.45607 0.49405 0.50777 0.52189 0.52737 0.54327 0.52897 0.58473 0.49489 0.61870 0.46390 0.64513 0.44409 0.66015 0.44086 0.60870 0.36879 0.58215 0.33532
4 0.24631 1.00000 0.25095 0.98135 0.24193 0.94598 0.22103 0.90510 0.21259 0.90373 0.20585 0.91125 0.15776 0.91290 0.16186 0.96686 0.18040 1.00000 0.24631 1.00000
4 0.06813 0.83001 0.04525 0.85379 0.04858 0.89586 0.05553 0.93106 0.06899 0.95575 0.10593 0.97637 0.13527 0.97653 0.15944 0.95778 0.15823 0.90560 0.13667 0.85561 0.12125 0.83272 0.06813 0.83001
