4 0.52538 0.36388 0.54773 0.36702 0.56250 0.36702 0.58788 0.36806 0.61023 0.37225 0.63182 0.37539 0.66326 0.38953 0.68902 0.40367 0.69053 0.39581 0.68864 0.37476 0.68125 0.33094 0.67902 0.29806 0.66769 0.26984 0.64898 0.24403 0.62917 0.23073 0.58837 0.23073 0.56231 0.23853 0.54757 0.25654 0.53288 0.29178 0.51814 0.32545 0.50909 0.35283 0.50720 0.36230 0.51629 0.36283 0.52538 0.36388
4 0.15455 0.65707 0.15379 0.66859 0.15341 0.68586 0.15318 0.70665 0.15239 0.72895 0.15792 0.74848 0.19015 0.74686 0.20432 0.72838 0.22004 0.71100 0.23265 0.69304 0.24170 0.65120 0.24368 0.62942 0.24208 0.61801 0.22163 0.60497 0.18860 0.60932 0.17443 0.61419 0.16818 0.62513 0.16326 0.63822 0.15909 0.64817 0.15455 0.65707
4 0.96250 0.35340 0.96932 0.33403 0.97239 0.31995 0.97977 0.29885 0.96163 0.30743 0.93898 0.30979 0.93557 0.31450 0.92917 0.32984 0.92007 0.35445 0.93068 0.36649 0.94735 0.37330 0.95871 0.36806 0.96250 0.35340
4 0.11288 0.45340 0.12273 0.45026 0.12500 0.44241 0.11705 0.42042 0.10189 0.41063 0.08144 0.38063 0.05493 0.36194 0.07019 0.40576 0.08333 0.44031 0.09205 0.45393 0.11288 0.45340
4 0.82231 0.41157 0.82795 0.41545 0.83420 0.41702 0.85231 0.42251 0.86989 0.42330 0.87439 0.41545 0.87723 0.40136 0.88178 0.38105 0.88515 0.35675 0.88799 0.34031 0.88515 0.30586 0.88178 0.29885 0.87269 0.29178 0.86027 0.29728 0.85231 0.30429 0.84326 0.31450 0.82966 0.33325 0.82682 0.36382 0.82739 0.39199 0.82231 0.41157
4 0.18000 0.44209 0.18220 0.44921 0.18409 0.45288 0.18902 0.45550 0.19530 0.46246 0.20663 0.47026 0.21966 0.47654 0.22879 0.48220 0.24583 0.47644 0.26667 0.46963 0.28371 0.46178 0.29723 0.43194 0.29962 0.41571 0.29962 0.39529 0.29508 0.37539 0.27538 0.35340 0.25193 0.33482 0.24739 0.31136 0.23606 0.29178 0.22473 0.28236 0.20720 0.27455 0.20208 0.27377 0.19303 0.28314 0.18455 0.29492 0.18227 0.31681 0.17943 0.34188 0.17943 0.36225 0.17886 0.41000 0.17943 0.42801 0.18000 0.44209
4 0.82996 0.59047 0.84208 0.60618 0.84545 0.63508 0.85038 0.64660 0.85875 0.66010 0.86443 0.67110 0.86481 0.67319 0.87163 0.67424 0.88148 0.67529 0.89398 0.68628 0.90610 0.69204 0.90951 0.68785 0.91330 0.66639 0.91443 0.63340 0.91178 0.61246 0.89814 0.59309 0.88640 0.57791 0.86633 0.57005 0.84057 0.57058 0.81784 0.58157 0.82466 0.58262 0.82996 0.59047
4 0.30894 0.76806 0.31132 0.77895 0.31447 0.79524 0.31799 0.80995 0.32822 0.83115 0.33610 0.84529 0.35299 0.86702 0.37072 0.87246 0.38644 0.86702 0.40845 0.84906 0.41632 0.83712 0.42735 0.80393 0.42379 0.69524 0.41402 0.67749 0.38750 0.67539 0.36705 0.66963 0.35530 0.67120 0.33530 0.67508 0.32034 0.67618 0.31402 0.67853 0.30947 0.68639 0.30739 0.69900 0.30856 0.70503 0.30856 0.73000 0.30621 0.75555 0.30894 0.76806
4 0.29951 0.43194 0.30064 0.44367 0.30341 0.46335 0.30758 0.47853 0.31326 0.48586 0.31932 0.49267 0.32386 0.49534 0.33636 0.49948 0.34545 0.49895 0.36011 0.50079 0.38826 0.50419 0.40758 0.50419 0.41856 0.50314 0.42689 0.50052 0.44223 0.49848 0.45186 0.49770 0.46830 0.49377 0.47803 0.48429 0.48644 0.46246 0.48754 0.42644 0.48587 0.36382 0.48246 0.34110 0.43318 0.25340 0.42356 0.24089 0.40542 0.22524 0.36409 0.22445 0.35727 0.22602 0.33292 0.25183 0.31197 0.28314 0.30576 0.31058 0.30292 0.34890 0.29894 0.38257 0.29951 0.41780 0.29951 0.42408 0.29951 0.43194
4 0.56189 0.81026 0.57292 0.82764 0.59220 0.85319 0.60909 0.87330 0.62602 0.86298 0.65042 0.83853 0.66515 0.82565 0.66212 0.75864 0.66477 0.70733 0.66477 0.68639 0.65795 0.66911 0.64356 0.66440 0.60000 0.66806 0.57159 0.67382 0.55049 0.68251 0.54261 0.69063 0.54618 0.72058 0.54735 0.77492 0.55011 0.79288 0.56189 0.81026
4 0.45648 0.87497 0.46909 0.88367 0.50723 0.89723 0.53318 0.88639 0.54303 0.85377 0.54432 0.77435 0.54576 0.73199 0.54106 0.68576 0.52610 0.68576 0.48333 0.68010 0.45341 0.67749 0.42424 0.68356 0.42383 0.69445 0.43288 0.78361 0.44311 0.85319 0.45648 0.87497
4 0.21614 0.71482 0.21614 0.73597 0.21818 0.75969 0.22636 0.77351 0.23447 0.78691 0.24758 0.79853 0.27080 0.80126 0.29091 0.79058 0.30265 0.76806 0.30682 0.74031 0.30909 0.70733 0.30038 0.69215 0.28928 0.67241 0.27841 0.64660 0.27083 0.63141 0.24443 0.62508 0.24170 0.64900 0.23345 0.69251 0.21614 0.71482
4 0.13939 0.46806 0.16023 0.46283 0.18182 0.45550 0.18068 0.43979 0.17939 0.42037 0.17939 0.39115 0.17705 0.35220 0.16061 0.33921 0.14182 0.32461 0.13007 0.32298 0.12068 0.33110 0.11129 0.35869 0.11246 0.40738 0.12500 0.44136 0.13030 0.46021 0.13939 0.46806
4 0.86898 0.56900 0.88754 0.57738 0.91254 0.61298 0.91595 0.63079 0.93261 0.63131 0.95345 0.62712 0.96519 0.60827 0.97201 0.59361 0.97049 0.56639 0.95345 0.53864 0.93867 0.50775 0.92807 0.50147 0.91557 0.49623 0.89587 0.49675 0.88867 0.50094 0.88413 0.50932 0.87542 0.52555 0.86898 0.52974 0.85648 0.52503 0.82428 0.51612 0.82049 0.52293 0.81822 0.53759 0.82201 0.55853 0.82504 0.57110 0.82807 0.57476 0.84473 0.56796 0.86898 0.56900
4 0.74053 0.45497 0.79318 0.45812 0.81477 0.43194 0.82348 0.40628 0.82625 0.38963 0.82682 0.35047 0.82231 0.31058 0.81663 0.29178 0.80757 0.27225 0.78788 0.26178 0.77235 0.25602 0.74981 0.27063 0.73337 0.30194 0.72045 0.32408 0.69542 0.36068 0.70720 0.40314 0.71705 0.42932 0.74053 0.45497
4 0.77655 0.72974 0.78564 0.75330 0.79360 0.75906 0.80534 0.75906 0.83337 0.76220 0.85004 0.75906 0.86330 0.74597 0.86784 0.72974 0.86633 0.70775 0.86670 0.67948 0.86250 0.66283 0.84549 0.63864 0.84322 0.61717 0.83792 0.59361 0.82996 0.58576 0.81746 0.57948 0.80761 0.58367 0.79966 0.59990 0.79701 0.61037 0.79057 0.62712 0.78337 0.64178 0.78110 0.65225 0.78186 0.66482 0.78337 0.67215 0.77731 0.69257 0.77655 0.72974
4 0.66708 0.74545 0.66822 0.78262 0.66822 0.82398 0.67277 0.83079 0.70004 0.85696 0.73867 0.86115 0.75648 0.85120 0.77011 0.83131 0.78943 0.80618 0.78943 0.79047 0.78943 0.76272 0.78413 0.74806 0.77845 0.73079 0.77807 0.71403 0.77920 0.68733 0.78299 0.66953 0.77882 0.66377 0.77731 0.66115 0.77125 0.65382 0.76894 0.63717 0.76174 0.64031 0.74962 0.64555 0.73636 0.64450 0.71591 0.64555 0.70189 0.65183 0.68527 0.65120 0.67428 0.65958 0.66178 0.67738 0.66519 0.68785 0.66670 0.72241 0.66708 0.74545
4 0.88788 0.36859 0.89875 0.37319 0.90216 0.37241 0.91235 0.36304 0.91746 0.35754 0.92481 0.34267 0.93049 0.32859 0.93670 0.31372 0.93330 0.29958 0.92936 0.29414 0.91970 0.29738 0.90265 0.31937 0.89481 0.33173 0.88913 0.34817 0.88515 0.35754 0.88598 0.36283 0.88788 0.36859
