4 0.67704 0.41333 0.70058 0.43091 0.70318 0.42334 0.70423 0.40224 0.70301 0.35781 0.70538 0.32494 0.69809 0.29542 0.68315 0.26726 0.66538 0.25133 0.62499 0.24565 0.59809 0.24975 0.58100 0.26553 0.56154 0.29838 0.54226 0.32967 0.52948 0.35552 0.52629 0.36465 0.53522 0.36643 0.54408 0.36873 0.56577 0.37495 0.58040 0.37701 0.60539 0.38158 0.62693 0.38884 0.64788 0.39495 0.67704 0.41333
4 0.15881 0.70133 0.17541 0.68500 0.19340 0.66998 0.20839 0.65395 0.22317 0.61378 0.22816 0.59249 0.22817 0.58097 0.20973 0.56521 0.17641 0.56492 0.16171 0.56777 0.15400 0.57773 0.14730 0.59001 0.14179 0.59928 0.13605 0.60746 0.13369 0.61876 0.13091 0.63582 0.12780 0.65637 0.12390 0.67835 0.12666 0.69845 0.15881 0.70133
4 1.00000 0.36854 0.98394 0.37355 0.96118 0.37274 0.95715 0.37693 0.94867 0.39123 0.93624 0.41433 0.94507 0.42773 0.96063 0.43679 0.97261 0.43319 0.97840 0.41920 0.98785 0.40096 0.99285 0.38744 1.00000 0.37358 1.00000 0.36854
4 0.07847 0.30134 0.08749 0.34686 0.09570 0.38291 0.10243 0.39760 0.12313 0.39998 0.13332 0.39824 0.13666 0.39078 0.13185 0.36790 0.11821 0.35609 0.10213 0.32354 0.07847 0.30134
4 0.88729 0.45482 0.89462 0.43534 0.90134 0.41175 0.90644 0.39587 0.90842 0.36136 0.90606 0.35394 0.89804 0.34568 0.88497 0.34939 0.87612 0.35523 0.86573 0.36408 0.84966 0.38075 0.84259 0.41063 0.83923 0.43860 0.83148 0.45729 0.83653 0.46191 0.84250 0.46434 0.85967 0.47230 0.87696 0.47552 0.88252 0.46837 0.88729 0.45482
4 0.22565 0.43776 0.23390 0.44463 0.25159 0.44130 0.27316 0.43745 0.29114 0.43205 0.30868 0.40438 0.31330 0.38864 0.31614 0.36842 0.31441 0.34809 0.29797 0.32357 0.27733 0.30190 0.27610 0.27804 0.26761 0.25707 0.25770 0.24616 0.24142 0.23600 0.23647 0.23451 0.22620 0.24253 0.21616 0.25301 0.21086 0.27437 0.20456 0.29881 0.20172 0.31898 0.19451 0.36618 0.19257 0.38410 0.19117 0.39812 0.19236 0.40548 0.19372 0.40937 0.19824 0.41265 0.20349 0.42042 0.21362 0.42972 0.22565 0.43776
4 0.83716 0.72228 0.84376 0.72427 0.85337 0.72667 0.86422 0.73930 0.87542 0.74669 0.87938 0.74302 0.88612 0.72229 0.89183 0.68978 0.89212 0.66868 0.88131 0.64759 0.87180 0.63092 0.85301 0.62035 0.82743 0.61729 0.80340 0.62501 0.81000 0.62700 0.81416 0.63551 0.82398 0.65275 0.82329 0.68184 0.82657 0.69393 0.83298 0.70847 0.83707 0.72015 0.83716 0.72228
4 0.30334 0.84298 0.32014 0.85084 0.33647 0.84764 0.36076 0.83292 0.37022 0.82219 0.38576 0.79086 0.39736 0.68273 0.39015 0.66379 0.36418 0.65803 0.34473 0.64948 0.33288 0.64940 0.31254 0.65045 0.29757 0.64946 0.29098 0.65091 0.28538 0.65806 0.28156 0.67026 0.28189 0.67639 0.27841 0.70112 0.27253 0.72609 0.27349 0.73886 0.27434 0.74998 0.27519 0.76654 0.27663 0.78160 0.28380 0.80402 0.28964 0.81912 0.30334 0.84298
4 0.32623 0.47087 0.33803 0.47671 0.34710 0.47745 0.36137 0.48131 0.38876 0.48860 0.40789 0.49128 0.41892 0.49178 0.42753 0.49034 0.44301 0.49046 0.45265 0.49102 0.46947 0.48942 0.48043 0.48139 0.49180 0.46094 0.49790 0.42542 0.50496 0.36318 0.50475 0.34020 0.46815 0.24650 0.46037 0.23277 0.44458 0.21475 0.40376 0.20822 0.39679 0.20882 0.36908 0.23099 0.34398 0.25908 0.33401 0.28539 0.32586 0.32294 0.31724 0.35573 0.31290 0.39070 0.31202 0.39692 0.31093 0.40470 0.31043 0.41647 0.31042 0.43635 0.31244 0.45196 0.31704 0.46001 0.32210 0.46760 0.32623 0.47087
4 0.61822 0.84547 0.62455 0.77868 0.63431 0.72824 0.63723 0.70750 0.63288 0.68945 0.61928 0.68278 0.57564 0.68035 0.54670 0.68209 0.52460 0.68776 0.51567 0.69470 0.51503 0.72486 0.50863 0.77884 0.50887 0.79700 0.51811 0.81586 0.52661 0.83460 0.54215 0.86259 0.55608 0.88485 0.57428 0.87699 0.60184 0.85617 0.61822 0.84547
4 0.51303 0.73610 0.51481 0.68967 0.49999 0.68758 0.45843 0.67603 0.42916 0.66928 0.39943 0.67123 0.39750 0.68196 0.39406 0.77151 0.39450 0.84184 0.40471 0.86527 0.41600 0.87563 0.45188 0.89437 0.47908 0.88725 0.49338 0.85632 0.50570 0.77784 0.51303 0.73610
4 0.23110 0.76643 0.25250 0.75865 0.26727 0.73799 0.27525 0.71109 0.28209 0.67874 0.27558 0.66250 0.26734 0.64140 0.26016 0.61433 0.25478 0.59824 0.22951 0.58829 0.22348 0.61161 0.20925 0.65354 0.18900 0.67322 0.18606 0.69417 0.18478 0.71794 0.19096 0.73276 0.19712 0.74716 0.20848 0.76050 0.23110 0.76643
4 0.20076 0.30869 0.18629 0.29355 0.16971 0.27647 0.15831 0.27322 0.14788 0.27995 0.13474 0.30597 0.12912 0.35435 0.13681 0.38974 0.13944 0.40915 0.14735 0.41819 0.16871 0.41590 0.19111 0.41165 0.19217 0.39594 0.19360 0.37652 0.19766 0.34759 0.20076 0.30869
4 0.94559 0.67196 0.95439 0.65839 0.95668 0.63122 0.94366 0.60137 0.93333 0.56872 0.92370 0.56103 0.91205 0.55410 0.89247 0.55188 0.88476 0.55503 0.87909 0.56269 0.86821 0.57755 0.86125 0.58080 0.84953 0.57440 0.81888 0.56110 0.81418 0.56731 0.80989 0.58151 0.81073 0.60278 0.81198 0.61564 0.81447 0.61970 0.83192 0.61528 0.85578 0.61969 0.87300 0.63056 0.89280 0.66930 0.89370 0.68740 0.91013 0.69024 0.93134 0.68899 0.94559 0.67196
4 0.84554 0.35728 0.84253 0.33787 0.83628 0.31727 0.81823 0.30416 0.80365 0.29630 0.77930 0.30763 0.75867 0.33634 0.74279 0.35648 0.71290 0.38923 0.71866 0.43292 0.72477 0.46021 0.74446 0.48889 0.79616 0.49933 0.82118 0.47641 0.83338 0.45222 0.83843 0.43611 0.84445 0.39741 0.84554 0.35728
4 0.82553 0.79414 0.83229 0.77870 0.83385 0.75671 0.83816 0.72877 0.83631 0.71169 0.82284 0.68537 0.82357 0.66380 0.82160 0.63973 0.81482 0.63085 0.80331 0.62289 0.79298 0.62566 0.78284 0.64063 0.77876 0.65063 0.77005 0.66632 0.76088 0.67984 0.75717 0.68989 0.75618 0.70244 0.75665 0.70991 0.74781 0.72929 0.74189 0.76599 0.74761 0.79059 0.75469 0.79740 0.76632 0.79903 0.79364 0.80604 0.81058 0.80525 0.82553 0.79414
4 0.70510 0.88348 0.72137 0.86568 0.74400 0.84348 0.74619 0.82792 0.75005 0.80045 0.74684 0.78519 0.74362 0.76729 0.74557 0.75065 0.75042 0.72436 0.75664 0.70726 0.75332 0.70098 0.75218 0.69818 0.74720 0.69007 0.74723 0.67327 0.73967 0.67538 0.72694 0.67887 0.71395 0.67599 0.69355 0.67418 0.67880 0.67845 0.66242 0.67552 0.65038 0.68228 0.63552 0.69817 0.63744 0.70902 0.63413 0.74345 0.63130 0.76631 0.62725 0.80328 0.62149 0.84424 0.62505 0.85161 0.64841 0.88133 0.68609 0.89085 0.70510 0.88348
4 0.95016 0.39017 0.95838 0.37631 0.95697 0.36183 0.95383 0.35589 0.94381 0.35776 0.92387 0.37717 0.91439 0.38831 0.90647 0.40380 0.90123 0.41253 0.90132 0.41788 0.90239 0.42385 0.91252 0.42992 0.91600 0.42962 0.92740 0.42176 0.93323 0.41703 0.94257 0.40332 0.95016 0.39017
