4 0.33491 0.64015 0.35371 0.64699 0.36775 0.65147 0.38350 0.65009 0.39831 0.65064 0.41744 0.64897 0.43547 0.64739 0.46477 0.64483 0.48377 0.62811 0.49848 0.62117 0.50552 0.60353 0.50823 0.55709 0.50454 0.51501 0.49986 0.46823 0.49532 0.42905 0.48151 0.35578 0.46992 0.31341 0.45782 0.28389 0.43798 0.25562 0.40168 0.22222 0.36087 0.20318 0.33977 0.20220 0.32045 0.21520 0.31083 0.24148 0.29833 0.27373 0.28880 0.32077 0.27728 0.38795 0.27999 0.42290 0.27795 0.44328 0.27725 0.46791 0.27824 0.47913 0.28295 0.50041 0.29805 0.58211 0.30532 0.59370 0.31646 0.61067 0.32298 0.62048 0.33491 0.64015
4 0.48251 0.63076 0.45864 0.64981 0.37355 0.65068 0.37146 0.67047 0.38920 0.73227 0.43328 0.82083 0.44918 0.84021 0.46759 0.83629 0.48809 0.80853 0.50655 0.71069 0.51529 0.68068 0.51087 0.63018 0.50695 0.61166 0.48251 0.63076
4 0.00000 0.33249 0.00800 0.36230 0.01878 0.41414 0.02689 0.46155 0.04653 0.51735 0.06557 0.53362 0.11914 0.51665 0.12306 0.50309 0.12852 0.48092 0.12081 0.37978 0.10782 0.36112 0.09458 0.33961 0.07891 0.31646 0.06628 0.28174 0.05532 0.24780 0.04072 0.23021 0.02114 0.21404 0.01123 0.21110 0.00000 0.20485 0.00000 0.33249
4 0.11367 0.55659 0.10504 0.52382 0.06316 0.53107 0.04836 0.52636 0.03626 0.49517 0.02949 0.46703 0.02211 0.45689 0.01304 0.46010 0.00155 0.50178 0.00105 0.53379 0.01739 0.72060 0.01873 0.72279 0.04948 0.72010 0.07150 0.70023 0.09278 0.65528 0.10913 0.60360 0.11367 0.55659
4 0.88944 0.55085 0.88490 0.46633 0.86911 0.42248 0.86048 0.45998 0.84711 0.50171 0.84142 0.51449 0.79473 0.51950 0.77039 0.51407 0.77275 0.52800 0.77869 0.56337 0.78496 0.63660 0.80396 0.67711 0.83795 0.73448 0.86917 0.77329 0.87908 0.77617 0.89171 0.72603 0.89815 0.66985 0.89378 0.60043 0.88944 0.55085
4 0.77984 0.60186 0.77765 0.55705 0.76728 0.52381 0.72891 0.50732 0.72004 0.54207 0.70496 0.57732 0.67666 0.59773 0.65653 0.60140 0.66077 0.62364 0.67595 0.67418 0.69014 0.73236 0.71175 0.76537 0.73657 0.78299 0.74766 0.76690 0.76068 0.74690 0.76010 0.69508 0.77332 0.63174 0.77984 0.60186
4 0.35160 0.77611 0.34942 0.73857 0.34837 0.71980 0.35854 0.69347 0.36764 0.68038 0.37089 0.66596 0.36897 0.65673 0.36535 0.65422 0.34754 0.65197 0.33474 0.64178 0.33214 0.63826 0.32102 0.62793 0.31417 0.61433 0.30361 0.60395 0.29780 0.59598 0.29617 0.59047 0.28787 0.58646 0.27774 0.58735 0.26984 0.58804 0.26250 0.58868 0.25729 0.59387 0.25571 0.60156 0.26228 0.63774 0.27115 0.66811 0.28830 0.70809 0.30218 0.74369 0.30732 0.77623 0.31716 0.79141 0.32351 0.79934 0.33393 0.80125 0.34672 0.79823 0.35160 0.77611
4 0.68228 0.59286 0.70852 0.57360 0.72027 0.54425 0.72725 0.50741 0.72169 0.45926 0.71569 0.39869 0.70694 0.34511 0.69193 0.26721 0.68285 0.24880 0.67829 0.24348 0.65786 0.20454 0.64150 0.18901 0.62785 0.18115 0.60932 0.17937 0.57968 0.18311 0.56973 0.19414 0.54563 0.22232 0.52653 0.25342 0.51585 0.29612 0.51212 0.33683 0.49958 0.38004 0.50145 0.41853 0.50914 0.55285 0.52835 0.58579 0.53929 0.59175 0.55590 0.60299 0.58762 0.60114 0.61678 0.60805 0.64022 0.60600 0.67841 0.59545 0.68228 0.59286
4 0.23679 0.75495 0.24520 0.71013 0.24498 0.68263 0.26050 0.63287 0.24995 0.59964 0.17397 0.58720 0.15769 0.56589 0.14131 0.53502 0.12795 0.48115 0.11617 0.52764 0.11487 0.55406 0.11382 0.58288 0.11884 0.68911 0.13263 0.74035 0.14355 0.82431 0.15910 0.83732 0.18725 0.87074 0.20920 0.86639 0.22384 0.83644 0.23679 0.75495
4 0.78355 0.51765 0.80752 0.51723 0.81644 0.51645 0.83664 0.51301 0.84536 0.50394 0.85969 0.45613 0.86793 0.41889 0.86231 0.36619 0.86329 0.34285 0.85598 0.30530 0.85106 0.28329 0.84170 0.23340 0.83681 0.20060 0.82892 0.18467 0.80677 0.17167 0.79544 0.17352 0.77608 0.18099 0.76583 0.19521 0.75417 0.21037 0.73756 0.24920 0.72787 0.27578 0.71820 0.30818 0.70924 0.33724 0.70819 0.35977 0.71651 0.42631 0.72918 0.50245 0.73210 0.50721 0.73823 0.51412 0.74664 0.51338 0.75460 0.51269 0.76253 0.51199 0.78355 0.51765
4 0.91377 0.45249 0.90711 0.46063 0.88905 0.46221 0.88769 0.46608 0.89058 0.50546 0.89467 0.55224 0.91319 0.60156 0.93531 0.60153 0.94753 0.56527 0.95065 0.50961 0.93802 0.41172 0.93094 0.42174 0.92365 0.43559 0.91377 0.45249
4 0.90669 0.45617 0.92682 0.43450 0.93665 0.40953 0.94635 0.34886 0.95442 0.30413 0.95938 0.25801 0.96216 0.20959 0.96215 0.16390 0.94735 0.12614 0.93791 0.12697 0.92645 0.13299 0.91265 0.15825 0.89604 0.19709 0.87859 0.24933 0.86102 0.29984 0.85643 0.31605 0.86555 0.34600 0.86260 0.36951 0.86835 0.41222 0.87490 0.42988 0.88422 0.45069 0.89154 0.46003 0.89976 0.45678 0.90669 0.45617
4 0.27544 0.58974 0.29756 0.57650 0.27347 0.47580 0.27288 0.43057 0.27272 0.39666 0.26917 0.38185 0.25616 0.35663 0.23891 0.33454 0.21793 0.30240 0.18421 0.26513 0.15415 0.27405 0.14287 0.28733 0.13516 0.31627 0.12855 0.34512 0.12328 0.38140 0.12916 0.47521 0.13158 0.49012 0.13906 0.53002 0.15269 0.56275 0.17671 0.58990 0.20516 0.59116 0.22528 0.59321 0.25290 0.59171 0.27544 0.58974
4 0.64142 0.72058 0.64930 0.66803 0.64936 0.64258 0.64833 0.60494 0.61493 0.60596 0.58827 0.59981 0.55501 0.60272 0.53849 0.59569 0.52623 0.58545 0.51278 0.56113 0.51004 0.56235 0.51128 0.58959 0.51373 0.61764 0.51942 0.65014 0.53111 0.71229 0.54965 0.74275 0.57113 0.77387 0.59650 0.79149 0.62411 0.78908 0.63575 0.75973 0.64142 0.72058
