4 0.37257 0.66911 0.36840 0.68583 0.38604 0.69364 0.41075 0.70049 0.43471 0.70851 0.44061 0.70861 0.45795 0.67741 0.47471 0.65768 0.48267 0.61662 0.48875 0.57578 0.48750 0.56439 0.48564 0.56271 0.48482 0.53859 0.48491 0.51265 0.49116 0.48210 0.49083 0.46699 0.48530 0.45810 0.47453 0.45746 0.46408 0.45554 0.43840 0.45330 0.41928 0.45257 0.40582 0.44990 0.38755 0.45559 0.37963 0.47274 0.37493 0.49343 0.37044 0.52237 0.36184 0.56053 0.35623 0.58851 0.35807 0.61220 0.37042 0.64671 0.37257 0.66911
4 0.23735 0.58883 0.24156 0.58087 0.24406 0.57350 0.24471 0.56465 0.24653 0.54043 0.24704 0.52589 0.24908 0.51773 0.25215 0.50449 0.25563 0.49235 0.25944 0.48063 0.26328 0.46792 0.26390 0.46274 0.26063 0.45892 0.25302 0.45736 0.24132 0.45878 0.22754 0.45968 0.21423 0.46136 0.19997 0.46414 0.19095 0.47089 0.18280 0.48220 0.17750 0.49455 0.17285 0.50606 0.16643 0.52379 0.15348 0.56858 0.14401 0.59856 0.14106 0.60950 0.13942 0.61609 0.17217 0.63093 0.19865 0.63619 0.20272 0.63054 0.20915 0.62081 0.21728 0.61050 0.22535 0.60217 0.23354 0.59521 0.23735 0.58883
4 0.80879 0.78578 0.81249 0.79470 0.81751 0.80544 0.82366 0.81408 0.82545 0.81482 0.82579 0.81106 0.82621 0.80701 0.82732 0.80255 0.82869 0.79548 0.82943 0.79093 0.83307 0.77554 0.83515 0.76480 0.83731 0.75615 0.83946 0.74276 0.84036 0.73203 0.84091 0.72031 0.84105 0.71264 0.84037 0.66863 0.83848 0.65482 0.83458 0.63874 0.83060 0.63093 0.82702 0.62471 0.82414 0.62043 0.81902 0.61560 0.81346 0.61096 0.80614 0.60706 0.79928 0.60446 0.79533 0.60525 0.79113 0.60628 0.78845 0.60828 0.78789 0.62799 0.78425 0.65523 0.78185 0.68070 0.78311 0.68753 0.78724 0.70663 0.78953 0.72202 0.79351 0.74168 0.79852 0.76041 0.80879 0.78578
4 0.14608 0.59230 0.15031 0.58175 0.15344 0.57133 0.15774 0.55839 0.16137 0.54489 0.16497 0.53259 0.16945 0.51890 0.17274 0.50572 0.17299 0.50258 0.16966 0.49775 0.16585 0.49160 0.15873 0.48702 0.15213 0.48137 0.14362 0.47485 0.13621 0.47140 0.12705 0.47392 0.11861 0.48102 0.10892 0.49420 0.10322 0.50639 0.09823 0.51675 0.09300 0.52705 0.08265 0.54287 0.07647 0.55374 0.06503 0.57289 0.06870 0.57741 0.08333 0.58185 0.09341 0.58637 0.10792 0.59239 0.11752 0.59878 0.13401 0.61289 0.13777 0.60743 0.14270 0.59946 0.14608 0.59230
4 0.60010 0.48791 0.62255 0.50089 0.64679 0.49791 0.65630 0.49045 0.67114 0.46381 0.67794 0.43435 0.68492 0.38444 0.68232 0.34444 0.68031 0.30869 0.67400 0.29892 0.65290 0.29366 0.63065 0.29303 0.59341 0.28456 0.57122 0.28149 0.54583 0.29566 0.52662 0.32448 0.52014 0.34828 0.50846 0.39947 0.49474 0.46328 0.50080 0.47627 0.51643 0.48016 0.53848 0.48075 0.57103 0.48394 0.60010 0.48791
4 0.24624 0.64409 0.24557 0.65588 0.27930 0.66372 0.28309 0.66523 0.29706 0.64879 0.32317 0.61715 0.34817 0.60061 0.36020 0.56148 0.36781 0.52182 0.37083 0.49297 0.36845 0.46903 0.36402 0.45483 0.35129 0.45109 0.33337 0.44378 0.32328 0.44012 0.31667 0.44075 0.30372 0.44094 0.28291 0.44372 0.26804 0.45311 0.26265 0.46713 0.25454 0.49813 0.24892 0.51609 0.24493 0.55950 0.24665 0.59067 0.24693 0.61693 0.24624 0.64409
4 0.63225 0.71356 0.63722 0.73377 0.64207 0.74605 0.64843 0.75120 0.66445 0.73661 0.67669 0.71713 0.68682 0.69237 0.69890 0.66929 0.71121 0.62096 0.72655 0.54888 0.72446 0.52661 0.71887 0.51731 0.70693 0.51235 0.69284 0.50647 0.68294 0.49965 0.67051 0.49774 0.66053 0.49838 0.65157 0.50065 0.63997 0.50804 0.63560 0.51288 0.63073 0.54724 0.62078 0.56493 0.61403 0.57827 0.60921 0.60395 0.60417 0.63788 0.60846 0.64607 0.62129 0.67496 0.63225 0.71356
4 0.47405 0.65991 0.49549 0.69935 0.50996 0.72675 0.53372 0.73676 0.54958 0.73663 0.55852 0.69869 0.58164 0.65853 0.60175 0.64140 0.61353 0.57222 0.61396 0.55216 0.61879 0.52964 0.61992 0.51451 0.61998 0.50266 0.61749 0.49572 0.60803 0.49138 0.59426 0.48953 0.58328 0.48600 0.56445 0.48328 0.54749 0.48261 0.53526 0.47877 0.51867 0.47661 0.51443 0.48383 0.51010 0.49329 0.50489 0.51505 0.50229 0.52989 0.49628 0.55047 0.49102 0.56365 0.48913 0.56417 0.48808 0.58335 0.48513 0.60666 0.47864 0.64062 0.47405 0.65991
4 0.09750 0.51771 0.09713 0.51028 0.09566 0.50458 0.09404 0.49951 0.09113 0.49245 0.08637 0.48660 0.08040 0.48377 0.07206 0.48336 0.06149 0.48473 0.05208 0.48772 0.03974 0.49531 0.03004 0.50923 0.02393 0.52304 0.02033 0.53748 0.02041 0.54251 0.04135 0.56373 0.06100 0.57497 0.06521 0.57235 0.06986 0.56350 0.07801 0.54953 0.08415 0.54006 0.09079 0.53038 0.09750 0.51771
4 0.85689 0.82501 0.86029 0.82475 0.86428 0.82435 0.86722 0.82370 0.86746 0.82348 0.86770 0.82104 0.86874 0.81685 0.87268 0.80478 0.87411 0.79902 0.87587 0.79196 0.88223 0.77465 0.88769 0.75795 0.89215 0.74600 0.89787 0.72825 0.89989 0.71348 0.90044 0.69639 0.89873 0.67873 0.89467 0.66827 0.88900 0.65908 0.88317 0.65346 0.87563 0.64880 0.86974 0.64566 0.86172 0.64366 0.85342 0.64354 0.84623 0.64563 0.83975 0.64930 0.84053 0.66478 0.84047 0.71255 0.83929 0.74032 0.83575 0.76639 0.83794 0.77250 0.84488 0.78701 0.84898 0.80248 0.85405 0.81930 0.85689 0.82501
4 0.71065 0.75200 0.71122 0.75931 0.71661 0.77192 0.72581 0.78701 0.73678 0.79640 0.75125 0.80410 0.75538 0.80258 0.76185 0.79856 0.76642 0.78433 0.77473 0.72497 0.78724 0.63235 0.78795 0.60079 0.77918 0.58939 0.77090 0.58016 0.76154 0.57117 0.75114 0.56499 0.74439 0.56331 0.73712 0.55688 0.73531 0.55592 0.73233 0.55416 0.72575 0.55456 0.71622 0.59826 0.70469 0.65273 0.70080 0.66558 0.70088 0.67482 0.70310 0.68510 0.70701 0.70502 0.70898 0.71216 0.71015 0.72525 0.70964 0.74100 0.71065 0.75200
4 0.45942 0.44710 0.48361 0.45312 0.49756 0.44759 0.50667 0.40887 0.51398 0.37298 0.51911 0.34802 0.51870 0.31677 0.51567 0.30043 0.50454 0.27457 0.48909 0.26675 0.45165 0.25906 0.42443 0.24585 0.40103 0.23524 0.38534 0.24007 0.37127 0.26361 0.34938 0.32292 0.32691 0.38454 0.33104 0.41181 0.34610 0.43032 0.36610 0.43120 0.38913 0.43531 0.40630 0.44533 0.44020 0.44968 0.45942 0.44710
