4 0.37705 0.52388 0.37970 0.55305 0.38059 0.59216 0.38192 0.62067 0.38943 0.64320 0.40976 0.67370 0.41727 0.69491 0.41727 0.71214 0.43627 0.71546 0.46190 0.71612 0.48709 0.71811 0.49284 0.71679 0.50212 0.68232 0.51361 0.65911 0.51140 0.61735 0.50742 0.57625 0.50345 0.56550 0.50124 0.56432 0.49461 0.54112 0.48842 0.51593 0.48709 0.48477 0.48312 0.47019 0.47560 0.46290 0.46500 0.46489 0.45439 0.46555 0.42894 0.46959 0.41020 0.47350 0.39650 0.47417 0.38015 0.48411 0.37661 0.50267 0.37705 0.52388
4 0.24055 0.70505 0.24313 0.69858 0.24701 0.68758 0.25241 0.67561 0.25823 0.66558 0.26449 0.65685 0.26664 0.64973 0.26880 0.64099 0.26945 0.63323 0.26794 0.62449 0.26384 0.60055 0.26082 0.58632 0.26082 0.57790 0.26060 0.56432 0.26104 0.55170 0.26190 0.53940 0.26255 0.52614 0.26190 0.52096 0.25780 0.51805 0.25004 0.51838 0.23904 0.52258 0.22588 0.52679 0.21337 0.53164 0.20021 0.53779 0.19309 0.54652 0.18792 0.55946 0.18576 0.57273 0.18404 0.58502 0.18209 0.60379 0.18037 0.65038 0.17843 0.68176 0.17821 0.69308 0.17821 0.69988 0.21358 0.70635 0.24055 0.70505
4 0.81720 0.60715 0.82007 0.61347 0.82870 0.63101 0.83464 0.64538 0.84326 0.66349 0.85265 0.68045 0.86875 0.70259 0.87450 0.71035 0.88198 0.71955 0.89002 0.72645 0.89194 0.72674 0.89137 0.72300 0.89079 0.71898 0.89079 0.71437 0.89041 0.70719 0.89002 0.70259 0.88983 0.68678 0.88926 0.67585 0.88926 0.66694 0.88811 0.65343 0.88638 0.64279 0.88408 0.63130 0.88236 0.62382 0.87105 0.58127 0.86588 0.56834 0.85821 0.55367 0.85246 0.54707 0.84748 0.54189 0.84364 0.53844 0.83751 0.53499 0.83100 0.53183 0.82295 0.52982 0.81566 0.52895 0.81202 0.53068 0.80819 0.53269 0.80608 0.53528 0.81030 0.55454 0.81336 0.58185 0.81720 0.60715
4 0.12638 0.68217 0.14191 0.68450 0.15278 0.68838 0.17219 0.69808 0.17452 0.69187 0.17737 0.68294 0.17892 0.67518 0.18048 0.66392 0.18099 0.65305 0.18203 0.63946 0.18229 0.62548 0.18281 0.61267 0.18384 0.59830 0.18384 0.58472 0.18332 0.58161 0.17892 0.57773 0.17375 0.57268 0.16572 0.56996 0.15796 0.56608 0.14812 0.56181 0.14010 0.56026 0.13182 0.56492 0.12535 0.57385 0.11913 0.58899 0.11655 0.60219 0.11422 0.61345 0.11163 0.62471 0.10542 0.64257 0.10205 0.65460 0.09558 0.67595 0.10024 0.67945 0.11551 0.68022 0.12638 0.68217
4 0.48389 0.40041 0.48601 0.46564 0.49503 0.47678 0.51114 0.47678 0.53268 0.47201 0.56503 0.46723 0.59420 0.46405 0.61912 0.47121 0.64193 0.46246 0.64935 0.45292 0.65731 0.42348 0.65677 0.39325 0.65147 0.34314 0.63928 0.30496 0.62867 0.27075 0.62018 0.26280 0.59844 0.26280 0.57670 0.26757 0.53852 0.26837 0.51624 0.27075 0.49503 0.29064 0.48336 0.32325 0.48283 0.34791 0.48389 0.40041
4 0.26175 0.52553 0.26138 0.55757 0.26027 0.57635 0.26690 0.61944 0.27611 0.64927 0.28274 0.67468 0.28863 0.70120 0.29084 0.71280 0.32546 0.71225 0.32951 0.71280 0.33908 0.69346 0.35676 0.65645 0.37702 0.63436 0.37923 0.59348 0.37702 0.55315 0.37296 0.52443 0.36486 0.50178 0.35713 0.48907 0.34387 0.48852 0.32472 0.48576 0.31404 0.48465 0.30778 0.48686 0.29526 0.49017 0.27574 0.49791 0.26359 0.51062 0.26175 0.52553
4 0.63290 0.53378 0.62958 0.54836 0.63111 0.57444 0.63444 0.60858 0.64057 0.61549 0.66001 0.64043 0.67998 0.67522 0.68970 0.69363 0.69737 0.70437 0.70479 0.70783 0.71681 0.68980 0.72397 0.66793 0.72781 0.64146 0.73395 0.61614 0.73420 0.56627 0.73164 0.49262 0.72423 0.47152 0.71656 0.46385 0.70377 0.46193 0.68868 0.45963 0.67743 0.45541 0.66490 0.45656 0.65537 0.45959 0.64722 0.46396 0.63776 0.47393 0.63469 0.47969 0.63827 0.51421 0.63290 0.53378
4 0.50860 0.54987 0.50668 0.56393 0.50498 0.56489 0.50860 0.58375 0.51137 0.60709 0.51329 0.64162 0.51350 0.66143 0.54385 0.69452 0.56452 0.71760 0.58999 0.72157 0.60536 0.71760 0.60485 0.67863 0.61757 0.63407 0.63294 0.61259 0.62763 0.54261 0.62320 0.52305 0.62243 0.50003 0.61987 0.48507 0.61706 0.47356 0.61297 0.46742 0.60274 0.46550 0.58893 0.46704 0.57742 0.46627 0.55849 0.46819 0.54187 0.47164 0.52908 0.47087 0.51246 0.47279 0.51009 0.48082 0.50818 0.49105 0.50839 0.51342 0.50945 0.52845 0.50860 0.54987
4 0.09217 0.67894 0.09563 0.67538 0.09800 0.66568 0.10253 0.65015 0.10619 0.63947 0.11029 0.62847 0.11374 0.61456 0.11159 0.60744 0.10878 0.60227 0.10598 0.59774 0.10145 0.59159 0.09541 0.58706 0.08894 0.58577 0.08074 0.58738 0.07082 0.59127 0.06241 0.59644 0.05227 0.60680 0.04623 0.62265 0.04364 0.63753 0.04364 0.65241 0.04494 0.65727 0.07039 0.67280 0.09217 0.67894
4 0.88735 0.65110 0.89023 0.67725 0.89382 0.68265 0.90407 0.69505 0.91180 0.70907 0.92078 0.72417 0.92492 0.72902 0.92815 0.72794 0.93193 0.72659 0.93462 0.72525 0.93480 0.72498 0.93444 0.72255 0.93444 0.71824 0.93534 0.70556 0.93534 0.69963 0.93534 0.69235 0.93732 0.67402 0.93857 0.65650 0.94001 0.64382 0.94127 0.62522 0.93965 0.61039 0.93606 0.59367 0.93013 0.57696 0.92366 0.56779 0.91593 0.56025 0.90892 0.55620 0.90047 0.55350 0.89400 0.55189 0.88573 0.55189 0.87764 0.55377 0.87118 0.55755 0.86578 0.56267 0.87028 0.57750 0.88178 0.62387 0.88735 0.65110
4 0.73721 0.62103 0.74185 0.63047 0.75046 0.64885 0.75410 0.65530 0.75840 0.66772 0.76172 0.68312 0.76536 0.69355 0.76768 0.70051 0.77596 0.71144 0.78854 0.72386 0.80146 0.73032 0.81735 0.73429 0.82100 0.73180 0.82630 0.72634 0.82729 0.71144 0.82100 0.65183 0.81073 0.55893 0.80378 0.52813 0.79252 0.51919 0.78225 0.51224 0.77099 0.50578 0.75940 0.50230 0.75244 0.50230 0.74383 0.49783 0.74185 0.49733 0.73853 0.49634 0.73224 0.49833 0.73357 0.54304 0.73555 0.59867 0.73489 0.61209 0.73721 0.62103
4 0.31473 0.45530 0.33382 0.46962 0.35344 0.46564 0.37677 0.46405 0.39586 0.46962 0.42980 0.46564 0.44783 0.45848 0.47276 0.45848 0.48495 0.44973 0.48442 0.40996 0.48283 0.37337 0.48177 0.34791 0.47382 0.31768 0.46692 0.30257 0.44987 0.28017 0.43298 0.27632 0.39480 0.27791 0.36519 0.27168 0.33992 0.26704 0.32586 0.27553 0.31790 0.30178 0.31101 0.36462 0.30412 0.42985 0.31473 0.45530
