4 0.45237 0.70632 0.45536 0.72329 0.47465 0.72325 0.50001 0.71945 0.52516 0.71704 0.53059 0.71474 0.53375 0.67918 0.54103 0.65433 0.53160 0.61359 0.52055 0.57380 0.51477 0.56391 0.51239 0.56313 0.50183 0.54143 0.49136 0.51770 0.48465 0.48725 0.47820 0.47358 0.46953 0.46770 0.45943 0.47150 0.44910 0.47399 0.42474 0.48240 0.40696 0.48950 0.39359 0.49253 0.37921 0.50516 0.37895 0.52406 0.38307 0.54487 0.39075 0.57313 0.39841 0.61150 0.40466 0.63934 0.41597 0.66023 0.44129 0.68673 0.45237 0.70632
4 0.29619 0.68798 0.29680 0.67900 0.29608 0.67124 0.29308 0.66290 0.28489 0.64003 0.27944 0.62654 0.27798 0.61825 0.27541 0.60491 0.27364 0.59241 0.27236 0.58015 0.27069 0.56698 0.26915 0.56199 0.26461 0.55983 0.25702 0.56150 0.24692 0.56755 0.23469 0.57398 0.22322 0.58093 0.21133 0.58927 0.20583 0.59911 0.20298 0.61275 0.20316 0.62619 0.20360 0.63860 0.20495 0.65741 0.21134 0.70359 0.21487 0.73484 0.21663 0.74603 0.21781 0.75272 0.25377 0.75295 0.28009 0.74699 0.28152 0.74017 0.28343 0.72866 0.28666 0.71594 0.29066 0.70505 0.29530 0.69536 0.29619 0.68798
4 0.89833 0.63548 0.90534 0.64212 0.91430 0.64989 0.92342 0.65528 0.92536 0.65523 0.92414 0.65165 0.92288 0.64779 0.92208 0.64326 0.92045 0.63625 0.91928 0.63178 0.91634 0.61625 0.91388 0.60559 0.91233 0.59681 0.90885 0.58370 0.90531 0.57353 0.90105 0.56261 0.89805 0.55554 0.87953 0.51561 0.87218 0.50376 0.86209 0.49066 0.85528 0.48515 0.84947 0.48091 0.84510 0.47818 0.83846 0.47585 0.83149 0.47387 0.82322 0.47328 0.81590 0.47370 0.81261 0.47603 0.80918 0.47868 0.80756 0.48159 0.81505 0.49983 0.82282 0.52619 0.83098 0.55044 0.83491 0.55617 0.84645 0.57194 0.85480 0.58506 0.86644 0.60140 0.87863 0.61647 0.89833 0.63548
4 0.21422 0.72827 0.21379 0.71691 0.21242 0.70612 0.21108 0.69256 0.20890 0.67875 0.20719 0.66604 0.20572 0.65171 0.20336 0.63833 0.20231 0.63536 0.19730 0.63230 0.19132 0.62823 0.18295 0.62695 0.17463 0.62447 0.16420 0.62198 0.15603 0.62184 0.14868 0.62787 0.14386 0.63778 0.14037 0.65377 0.14012 0.66722 0.13978 0.67871 0.13918 0.69025 0.13617 0.70892 0.13495 0.72135 0.13228 0.74350 0.13747 0.74614 0.15265 0.74425 0.16369 0.74428 0.17939 0.74387 0.19077 0.74581 0.21157 0.75200 0.21278 0.74547 0.21404 0.73619 0.21422 0.72827
4 0.58652 0.44824 0.61231 0.45096 0.63325 0.43839 0.63891 0.42770 0.64163 0.39733 0.63586 0.36765 0.62193 0.31922 0.60329 0.28373 0.58690 0.25189 0.57717 0.24553 0.55576 0.24931 0.53517 0.25778 0.49771 0.26520 0.47619 0.27141 0.45875 0.29468 0.45293 0.32883 0.45668 0.35320 0.46685 0.40472 0.48026 0.46859 0.49107 0.47800 0.50694 0.47520 0.52733 0.46676 0.55835 0.45644 0.58652 0.44824
4 0.32678 0.73484 0.33097 0.74589 0.36497 0.73933 0.36905 0.73917 0.37512 0.71847 0.38610 0.67895 0.40222 0.65367 0.39729 0.61303 0.38811 0.57370 0.37914 0.54611 0.36723 0.52522 0.35740 0.51405 0.34425 0.51580 0.32491 0.51641 0.31420 0.51718 0.30842 0.52044 0.29666 0.52588 0.27879 0.53688 0.26902 0.55151 0.26980 0.56652 0.27500 0.59813 0.27718 0.61682 0.29118 0.65810 0.30543 0.68588 0.31637 0.70975 0.32678 0.73484
4 0.70768 0.64130 0.72044 0.65775 0.72987 0.66700 0.73777 0.66911 0.74647 0.64926 0.74973 0.62649 0.74891 0.59975 0.75056 0.57375 0.74215 0.52460 0.72684 0.45250 0.71588 0.43302 0.70699 0.42679 0.69406 0.42712 0.67880 0.42748 0.66699 0.42527 0.65485 0.42858 0.64599 0.43323 0.63873 0.43894 0.63114 0.45041 0.62912 0.45661 0.63864 0.48999 0.63675 0.51019 0.63601 0.52512 0.64205 0.55054 0.65125 0.58359 0.65849 0.58932 0.68197 0.61051 0.70768 0.64130
4 0.54133 0.65664 0.57696 0.68395 0.60133 0.70309 0.62710 0.70258 0.64154 0.69600 0.63427 0.65771 0.63906 0.61162 0.65047 0.58779 0.63309 0.51980 0.62533 0.50130 0.62057 0.47877 0.61546 0.46448 0.61069 0.45363 0.60559 0.44830 0.59519 0.44819 0.58185 0.45210 0.57038 0.45334 0.55208 0.45851 0.53631 0.46480 0.52358 0.46627 0.50754 0.47104 0.50661 0.47935 0.50650 0.48976 0.51059 0.51176 0.51425 0.52637 0.51713 0.54761 0.51768 0.56180 0.51617 0.56304 0.52301 0.58099 0.52980 0.60349 0.53768 0.63716 0.54133 0.65664
4 0.13950 0.67989 0.13615 0.67326 0.13248 0.66865 0.12894 0.66468 0.12341 0.65940 0.11667 0.65599 0.11008 0.65584 0.10229 0.65886 0.09319 0.66441 0.08580 0.67096 0.07762 0.68292 0.07442 0.69958 0.07446 0.71469 0.07704 0.72934 0.07916 0.73390 0.10692 0.74477 0.12944 0.74704 0.13222 0.74294 0.13288 0.73297 0.13464 0.71689 0.13640 0.70574 0.13852 0.69419 0.13950 0.67989
4 0.95823 0.65175 0.96123 0.65013 0.96471 0.64815 0.96713 0.64635 0.96726 0.64606 0.96649 0.64373 0.96574 0.63948 0.96442 0.62684 0.96339 0.62100 0.96213 0.61383 0.96089 0.59544 0.95909 0.57796 0.95830 0.56523 0.95631 0.54669 0.95214 0.53237 0.94570 0.51653 0.93696 0.50110 0.92899 0.49320 0.92007 0.48710 0.91247 0.48434 0.90368 0.48315 0.89702 0.48268 0.88888 0.48412 0.88125 0.48738 0.87553 0.49222 0.87111 0.49820 0.87811 0.51203 0.89749 0.55570 0.90770 0.58155 0.91508 0.60680 0.91955 0.61149 0.93180 0.62192 0.94184 0.63438 0.95332 0.64769 0.95823 0.65175
4 0.79494 0.64454 0.79843 0.65098 0.80848 0.66031 0.82303 0.67035 0.83687 0.67447 0.85322 0.67562 0.85637 0.67254 0.86064 0.66624 0.85903 0.65139 0.84248 0.59378 0.81624 0.50408 0.80405 0.47496 0.79140 0.46811 0.78009 0.46304 0.76787 0.45864 0.75586 0.45722 0.74901 0.45843 0.73975 0.45552 0.73771 0.45538 0.73428 0.45498 0.72842 0.45803 0.73749 0.50182 0.74911 0.55627 0.75079 0.56960 0.75462 0.57800 0.76083 0.58649 0.77250 0.60309 0.77721 0.60882 0.78360 0.62030 0.78954 0.63489 0.79494 0.64454
4 0.44142 0.46817 0.46596 0.46385 0.47645 0.45311 0.46903 0.41403 0.46110 0.37827 0.45564 0.35339 0.44256 0.32500 0.43314 0.31132 0.41246 0.29221 0.39516 0.29135 0.35783 0.29955 0.32759 0.29856 0.30190 0.29838 0.28953 0.30918 0.28625 0.33641 0.29037 0.39949 0.29491 0.46493 0.30978 0.48815 0.33107 0.49894 0.34970 0.49161 0.37240 0.48600 0.39217 0.48817 0.42490 0.47835 0.44142 0.46817
