4 0.75458 0.67830 0.75541 0.66922 0.75676 0.65214 0.75832 0.63972 0.76032 0.62278 0.76065 0.61425 0.75552 0.60385 0.74707 0.60190 0.73744 0.57694 0.73269 0.56048 0.72819 0.54918 0.71779 0.54100 0.71413 0.55405 0.70838 0.58178 0.69951 0.60063 0.69054 0.60317 0.68040 0.60784 0.67710 0.62213 0.67687 0.63720 0.68055 0.65193 0.68399 0.66785 0.69321 0.69148 0.71030 0.70342 0.72983 0.70166 0.74651 0.70778 0.75196 0.70093 0.75458 0.67830
4 0.34590 0.71049 0.36730 0.70732 0.37496 0.70214 0.38390 0.69142 0.38924 0.66826 0.39357 0.64953 0.39866 0.62748 0.40059 0.61631 0.40250 0.60520 0.40443 0.59403 0.40564 0.58613 0.35986 0.57445 0.35046 0.56761 0.34857 0.55907 0.34461 0.54537 0.34353 0.54162 0.33233 0.55648 0.32775 0.57632 0.32426 0.58596 0.32135 0.59574 0.31656 0.61086 0.31365 0.62063 0.30944 0.64172 0.32174 0.68635 0.32875 0.70075 0.34590 0.71049
4 0.58115 0.61510 0.58494 0.60436 0.57941 0.60308 0.57129 0.60465 0.55534 0.60096 0.53878 0.59714 0.52293 0.59582 0.51479 0.59744 0.50372 0.60066 0.50204 0.62467 0.50429 0.65420 0.51396 0.67382 0.52148 0.68600 0.53217 0.68737 0.55885 0.68652 0.56641 0.66504 0.57295 0.64221 0.57825 0.62488 0.58115 0.61510
4 0.17561 0.67001 0.18730 0.66693 0.19614 0.65385 0.21408 0.62088 0.22074 0.60613 0.22832 0.59282 0.23531 0.57932 0.24536 0.56658 0.24991 0.55251 0.25347 0.53711 0.25620 0.51685 0.25384 0.50469 0.24403 0.50242 0.23574 0.49356 0.22507 0.50616 0.21592 0.51216 0.20228 0.52646 0.17540 0.55621 0.16977 0.56652 0.16286 0.58816 0.16185 0.59253 0.16385 0.60344 0.16400 0.61392 0.16253 0.62870 0.16253 0.64265 0.17561 0.67001
4 0.54780 0.59670 0.57305 0.60425 0.59151 0.59678 0.60068 0.57720 0.60801 0.54546 0.61167 0.52959 0.61900 0.49785 0.61120 0.47933 0.60586 0.45801 0.59378 0.44188 0.57017 0.43139 0.56184 0.43113 0.53302 0.45121 0.51763 0.46941 0.50619 0.48680 0.49117 0.50343 0.49008 0.50816 0.48209 0.53477 0.47842 0.55064 0.47476 0.56651 0.47332 0.59291 0.48179 0.59652 0.48478 0.59555 0.51418 0.59730 0.52374 0.59619 0.54780 0.59670
4 0.88633 0.67160 0.88071 0.65758 0.88235 0.63774 0.88284 0.61770 0.88200 0.61111 0.87370 0.60600 0.86924 0.59969 0.85757 0.61187 0.84744 0.61481 0.84397 0.61192 0.83649 0.60595 0.83781 0.62322 0.83755 0.64227 0.83685 0.64531 0.84215 0.65821 0.84800 0.67123 0.85137 0.68480 0.86052 0.69643 0.87618 0.70533 0.88541 0.70642 0.89082 0.70343 0.88633 0.67160
4 0.23064 0.64443 0.23100 0.65963 0.24956 0.66041 0.27075 0.65252 0.28092 0.64208 0.30145 0.62593 0.31332 0.61361 0.32085 0.59790 0.32572 0.58513 0.32557 0.57465 0.32622 0.55507 0.31076 0.54917 0.29851 0.54634 0.29052 0.54450 0.27973 0.54084 0.27694 0.53902 0.27193 0.53553 0.26597 0.52488 0.26429 0.52105 0.25994 0.51187 0.25736 0.50900 0.25620 0.51685 0.25761 0.52762 0.25438 0.54427 0.25310 0.54981 0.24973 0.56175 0.24718 0.57278 0.24351 0.58588 0.23983 0.59898 0.23628 0.61439 0.23111 0.62831 0.23064 0.64443
4 0.49284 0.63650 0.49547 0.61965 0.49776 0.60973 0.49917 0.60078 0.48530 0.59641 0.47182 0.59330 0.46630 0.59202 0.46027 0.59297 0.45108 0.59084 0.43433 0.59048 0.43375 0.59035 0.43128 0.58978 0.41969 0.59521 0.42215 0.60973 0.41707 0.63173 0.41699 0.65728 0.42157 0.68500 0.42454 0.71125 0.45118 0.70229 0.46280 0.69108 0.47650 0.67101 0.48595 0.65808 0.49284 0.63650
4 0.87693 0.58579 0.88220 0.56697 0.88513 0.55425 0.88843 0.53996 0.89099 0.52887 0.89540 0.50980 0.89712 0.49016 0.88176 0.48827 0.86623 0.50306 0.85469 0.50875 0.84594 0.51847 0.83360 0.53566 0.82150 0.58805 0.82129 0.59298 0.82460 0.59878 0.83689 0.60998 0.84752 0.61243 0.85708 0.61132 0.86384 0.60618 0.87473 0.59530 0.87693 0.58579
4 0.14997 0.58678 0.15917 0.58724 0.16565 0.57534 0.17556 0.55256 0.19357 0.53502 0.19909 0.53125 0.19026 0.52922 0.18055 0.52697 0.17032 0.52295 0.16825 0.51578 0.16427 0.50484 0.16242 0.49274 0.15902 0.49527 0.14947 0.51648 0.14425 0.52695 0.13708 0.54201 0.13398 0.55131 0.12856 0.56678 0.12328 0.58565 0.12389 0.59913 0.13301 0.60794 0.14037 0.59624 0.14997 0.58678
4 0.81481 0.60488 0.82186 0.58648 0.82480 0.57376 0.83176 0.54359 0.83711 0.51643 0.84297 0.49105 0.84906 0.46069 0.85166 0.44125 0.84719 0.42848 0.83657 0.42603 0.81753 0.44001 0.80039 0.45781 0.78435 0.47082 0.77061 0.48602 0.76097 0.49548 0.74497 0.50850 0.73157 0.54222 0.73403 0.56786 0.73574 0.57661 0.74460 0.59869 0.76134 0.60827 0.77905 0.62342 0.78535 0.63987 0.79196 0.63138 0.80395 0.61577 0.81481 0.60488
4 0.89791 0.60102 0.90225 0.59244 0.90481 0.58135 0.91031 0.56775 0.91534 0.55619 0.91837 0.54306 0.92297 0.53349 0.92848 0.51989 0.93531 0.50555 0.94310 0.48719 0.94866 0.46832 0.94420 0.47473 0.93117 0.48763 0.91994 0.50305 0.90798 0.52155 0.90093 0.53160 0.89228 0.54343 0.88693 0.55387 0.88577 0.55889 0.88390 0.56700 0.88045 0.57677 0.87779 0.58575 0.87328 0.60277 0.88673 0.60588 0.89305 0.60414 0.89791 0.60102
4 0.15493 0.36392 0.14624 0.36529 0.11471 0.37295 0.11121 0.42069 0.11547 0.45855 0.12111 0.49488 0.13727 0.50045 0.15410 0.49573 0.16796 0.46058 0.17280 0.43159 0.17706 0.40916 0.16974 0.39241 0.15493 0.36392
4 0.34909 0.52243 0.35316 0.49664 0.35778 0.47263 0.35564 0.44516 0.35125 0.42430 0.33304 0.39840 0.32371 0.39453 0.30391 0.39167 0.29241 0.38902 0.27911 0.39431 0.26923 0.43713 0.26410 0.45936 0.25692 0.49446 0.26062 0.51873 0.26901 0.53068 0.28043 0.54168 0.30495 0.55238 0.32740 0.55590 0.34542 0.53830 0.34909 0.52243
4 0.25409 0.47039 0.26096 0.44862 0.25846 0.43133 0.24568 0.38991 0.24561 0.37822 0.22847 0.34753 0.22082 0.33236 0.21250 0.33210 0.20347 0.33506 0.19581 0.33992 0.19061 0.35046 0.18548 0.37269 0.16210 0.48596 0.16846 0.51085 0.17406 0.51878 0.19260 0.52306 0.20446 0.52414 0.22711 0.50263 0.24674 0.48209 0.25409 0.47039
4 0.45469 0.59696 0.46683 0.58471 0.47695 0.55700 0.48539 0.52047 0.48964 0.49804 0.48178 0.45947 0.46256 0.42996 0.44775 0.42150 0.43068 0.41086 0.41647 0.41594 0.39264 0.43054 0.37931 0.43582 0.37087 0.45224 0.36198 0.47858 0.35611 0.50402 0.35409 0.51689 0.34749 0.54548 0.35139 0.56476 0.35803 0.57631 0.38632 0.58284 0.41052 0.58677 0.44195 0.59568 0.45469 0.59696
4 0.82284 0.69099 0.82675 0.67407 0.83023 0.66197 0.83373 0.64680 0.83599 0.63257 0.83722 0.61688 0.83445 0.61255 0.82722 0.60535 0.82348 0.60080 0.82180 0.59918 0.81920 0.59858 0.81407 0.60600 0.81223 0.60804 0.79380 0.62713 0.78683 0.63659 0.78375 0.63956 0.78179 0.63173 0.78151 0.62552 0.77353 0.62307 0.76900 0.61895 0.76378 0.62082 0.76338 0.62257 0.76946 0.63534 0.77351 0.65041 0.76917 0.66477 0.77293 0.67455 0.77291 0.68500 0.77620 0.69743 0.78710 0.71838 0.79691 0.73663 0.81027 0.72619 0.81880 0.70850 0.82284 0.69099
4 0.72285 0.48336 0.71681 0.46525 0.71368 0.45451 0.70185 0.45343 0.69366 0.45658 0.67837 0.46639 0.66192 0.48932 0.64395 0.49882 0.62555 0.52222 0.61906 0.55803 0.60736 0.59362 0.63715 0.60062 0.65481 0.60887 0.67092 0.61320 0.68917 0.60095 0.69964 0.60005 0.71058 0.58082 0.71732 0.55564 0.72376 0.50360 0.72285 0.48336
4 0.64331 0.60622 0.62795 0.60267 0.60946 0.59609 0.60565 0.61258 0.59860 0.63185 0.59441 0.64717 0.59768 0.68621 0.62249 0.70472 0.63989 0.71334 0.65315 0.69785 0.65874 0.67363 0.66191 0.64880 0.66536 0.63104 0.66773 0.60952 0.64331 0.60622
