4 0.30166 0.43351 0.30231 0.42110 0.30332 0.40188 0.30349 0.38380 0.30253 0.35770 0.30085 0.33042 0.29688 0.31659 0.29230 0.30052 0.26999 0.26651 0.25792 0.25910 0.24786 0.25857 0.24673 0.26529 0.24353 0.29684 0.24139 0.32278 0.23801 0.34295 0.23006 0.45016 0.23394 0.46506 0.23888 0.47442 0.25404 0.48200 0.26862 0.48502 0.28449 0.47907 0.29351 0.47044 0.30071 0.45160 0.30166 0.43351
4 0.36438 0.59529 0.37560 0.57865 0.38067 0.56653 0.38274 0.55534 0.38338 0.54299 0.38434 0.52473 0.38637 0.49308 0.38735 0.47428 0.38848 0.45981 0.38452 0.46498 0.37862 0.46468 0.37162 0.46431 0.36683 0.46406 0.35983 0.46369 0.35356 0.46336 0.34665 0.46138 0.34222 0.46115 0.33601 0.45975 0.33239 0.45848 0.32972 0.45996 0.32819 0.46795 0.32698 0.47704 0.32411 0.48594 0.32486 0.50331 0.32705 0.51796 0.33381 0.54416 0.33537 0.55662 0.34114 0.58061 0.34964 0.59452 0.36438 0.59529
4 0.33679 0.57753 0.33930 0.57185 0.33487 0.55482 0.33048 0.53715 0.32513 0.52072 0.32078 0.51080 0.31607 0.50543 0.31830 0.48402 0.31511 0.46657 0.31500 0.45170 0.31065 0.45018 0.30847 0.44942 0.30449 0.44921 0.30082 0.45161 0.29922 0.45669 0.29705 0.46433 0.29457 0.46937 0.28842 0.47680 0.28518 0.47921 0.26808 0.48413 0.26767 0.49186 0.26608 0.50535 0.25748 0.51717 0.25602 0.53648 0.25525 0.55129 0.25460 0.56353 0.25087 0.57561 0.25043 0.58399 0.24723 0.59416 0.24602 0.61735 0.25021 0.63889 0.25675 0.64957 0.26318 0.65378 0.27950 0.63849 0.29191 0.62170 0.30867 0.60642 0.32292 0.58843 0.32764 0.58287 0.33679 0.57753
4 0.18701 0.38109 0.18820 0.35849 0.18885 0.34609 0.18539 0.33794 0.18176 0.33322 0.17444 0.32493 0.15821 0.32295 0.14883 0.32358 0.14585 0.33586 0.14746 0.34957 0.14789 0.37113 0.15001 0.39046 0.15764 0.42257 0.16473 0.43543 0.17155 0.43918 0.18048 0.43168 0.18500 0.41948 0.18494 0.40591 0.18701 0.38109
4 0.73722 0.49730 0.74134 0.50333 0.74903 0.50890 0.76313 0.48510 0.76963 0.47122 0.77374 0.46045 0.77924 0.44847 0.78253 0.42797 0.78490 0.38287 0.78226 0.33169 0.77717 0.29331 0.77485 0.26993 0.77175 0.25297 0.76485 0.25778 0.75999 0.26592 0.75492 0.27793 0.75139 0.28614 0.74544 0.29811 0.73770 0.32742 0.73661 0.33964 0.73856 0.35331 0.74258 0.37807 0.74132 0.40067 0.73696 0.45142 0.73122 0.45952 0.72707 0.45413 0.72656 0.46380 0.72782 0.47355 0.73004 0.48207 0.73722 0.49730
4 0.54795 0.47059 0.55139 0.47271 0.56465 0.47340 0.58174 0.47737 0.61367 0.47726 0.63035 0.47345 0.64149 0.47242 0.66000 0.47323 0.66135 0.46426 0.66570 0.43218 0.66817 0.41035 0.66976 0.38846 0.66043 0.35503 0.65807 0.34069 0.65167 0.31903 0.64040 0.28873 0.63631 0.27365 0.62699 0.25701 0.61899 0.24884 0.60150 0.23565 0.59467 0.23917 0.57801 0.26091 0.56842 0.28302 0.55453 0.31976 0.54552 0.34771 0.54335 0.36375 0.53873 0.37578 0.53785 0.39253 0.53735 0.40220 0.53593 0.42926 0.53532 0.44085 0.53454 0.45567 0.53836 0.46750 0.54795 0.47059
4 0.34210 0.46281 0.35210 0.46447 0.35988 0.46488 0.38325 0.46384 0.38902 0.45736 0.39360 0.44398 0.39650 0.41813 0.39733 0.40229 0.40084 0.37981 0.40130 0.35970 0.40035 0.34468 0.39404 0.33191 0.38939 0.31692 0.38024 0.29835 0.37405 0.28327 0.35532 0.26985 0.34367 0.26924 0.33653 0.27226 0.32707 0.28991 0.31966 0.32688 0.30931 0.34669 0.30282 0.35206 0.30254 0.40184 0.30350 0.44270 0.30654 0.44399 0.31100 0.44703 0.31647 0.44839 0.32721 0.44787 0.32926 0.45536 0.34210 0.46281
4 0.22040 0.49568 0.22572 0.48573 0.22901 0.47945 0.23127 0.47149 0.23203 0.46399 0.21880 0.47676 0.21353 0.48563 0.20852 0.48968 0.20733 0.49123 0.20707 0.48906 0.20381 0.48082 0.19972 0.47414 0.19737 0.46971 0.19575 0.46532 0.19204 0.45866 0.19042 0.45427 0.18809 0.44931 0.18480 0.44160 0.18406 0.43456 0.18355 0.43022 0.18329 0.42806 0.17675 0.43310 0.17349 0.43885 0.17151 0.44144 0.16967 0.44134 0.16762 0.43800 0.16555 0.43520 0.16206 0.43125 0.15792 0.42565 0.15631 0.42826 0.15293 0.47169 0.14903 0.51079 0.14771 0.53602 0.15919 0.54954 0.17039 0.55444 0.18266 0.54593 0.19598 0.53155 0.20589 0.51861 0.21552 0.50404 0.22040 0.49568
4 0.71063 0.56111 0.71395 0.56828 0.72129 0.56920 0.72756 0.56953 0.73082 0.56378 0.73551 0.54465 0.73630 0.52961 0.73732 0.51728 0.73757 0.51245 0.73816 0.50818 0.73572 0.49836 0.73167 0.49115 0.72869 0.48453 0.72585 0.47523 0.72556 0.46660 0.72593 0.45962 0.72613 0.45586 0.72405 0.45306 0.71872 0.44901 0.71606 0.45049 0.71260 0.45300 0.70991 0.45501 0.70918 0.46897 0.70879 0.47649 0.70828 0.48615 0.70936 0.49374 0.70931 0.50882 0.70872 0.52009 0.70844 0.53246 0.70819 0.54429 0.70910 0.55510 0.71063 0.56111
4 0.62946 0.48697 0.62937 0.48158 0.62670 0.47606 0.62432 0.47217 0.62078 0.47629 0.59635 0.47716 0.58113 0.47852 0.57676 0.47721 0.56959 0.48007 0.56920 0.49458 0.56558 0.53197 0.58021 0.54889 0.59360 0.56843 0.60596 0.57931 0.62039 0.56133 0.62698 0.54122 0.62763 0.52187 0.62864 0.50254 0.62946 0.48697
4 0.26835 0.49012 0.26855 0.48636 0.25146 0.48116 0.24176 0.47581 0.23320 0.46297 0.23215 0.47584 0.21108 0.51135 0.20348 0.52225 0.20405 0.53251 0.20293 0.55399 0.20575 0.57287 0.21993 0.59838 0.22931 0.59564 0.24736 0.58959 0.25164 0.57151 0.25525 0.52874 0.26128 0.51236 0.26637 0.49971 0.26835 0.49012
4 0.19845 0.47456 0.20789 0.48749 0.21271 0.48435 0.22015 0.47570 0.22824 0.46934 0.23251 0.46272 0.23054 0.45584 0.23071 0.43776 0.23338 0.38691 0.23432 0.36882 0.23497 0.35642 0.23380 0.34844 0.22714 0.34239 0.22040 0.32281 0.20649 0.29150 0.20179 0.30709 0.19348 0.31688 0.19218 0.32699 0.18807 0.34605 0.18880 0.37666 0.18773 0.39696 0.18678 0.41505 0.18500 0.41948 0.18310 0.42616 0.18274 0.43293 0.18667 0.44675 0.19148 0.45944 0.19845 0.47456
4 0.42724 0.48106 0.44486 0.48327 0.47690 0.48947 0.51816 0.47226 0.52923 0.44700 0.53048 0.40636 0.53265 0.38192 0.53332 0.36904 0.52835 0.34552 0.52065 0.33155 0.51748 0.30748 0.50515 0.26355 0.49202 0.26027 0.48318 0.25981 0.47212 0.25923 0.46283 0.25875 0.44780 0.25796 0.44280 0.26028 0.43692 0.27095 0.42761 0.28791 0.42037 0.30756 0.41609 0.32155 0.40664 0.34108 0.40154 0.35373 0.39985 0.38595 0.39945 0.39368 0.39510 0.41735 0.39419 0.43475 0.39644 0.44262 0.40009 0.45767 0.40414 0.46499 0.41169 0.47314 0.42724 0.48106
4 0.42771 0.60669 0.43798 0.61530 0.45085 0.61651 0.45538 0.61460 0.45841 0.60614 0.46325 0.59832 0.46356 0.57842 0.47205 0.55732 0.47458 0.55154 0.47868 0.53668 0.48080 0.51741 0.48116 0.51043 0.48178 0.49861 0.47699 0.49136 0.47004 0.48992 0.45284 0.48687 0.44192 0.48360 0.43019 0.48191 0.42072 0.47926 0.41686 0.47529 0.41190 0.47126 0.40280 0.46163 0.39948 0.45446 0.39423 0.44880 0.39293 0.45250 0.38998 0.45935 0.38623 0.50976 0.38533 0.52694 0.38698 0.54479 0.38993 0.55195 0.39107 0.55847 0.39337 0.56397 0.40256 0.57199 0.41280 0.58814 0.42771 0.60669
4 0.77024 0.48132 0.76545 0.48107 0.76231 0.49167 0.76064 0.49535 0.75622 0.50212 0.75146 0.50833 0.74993 0.50933 0.74548 0.50963 0.74420 0.51280 0.74387 0.51924 0.75036 0.52927 0.75881 0.53725 0.76372 0.54235 0.77222 0.53526 0.77842 0.52967 0.78043 0.51954 0.78161 0.49699 0.77707 0.48491 0.77024 0.48132
4 0.78332 0.45024 0.77452 0.47024 0.78081 0.47003 0.79067 0.46516 0.80215 0.45069 0.80659 0.43639 0.80766 0.41599 0.80845 0.40095 0.80960 0.38594 0.80702 0.36481 0.80344 0.36247 0.79857 0.36383 0.78910 0.36118 0.78445 0.36524 0.78389 0.36898 0.78746 0.37832 0.78704 0.38637 0.78682 0.39067 0.78623 0.40194 0.78558 0.41429 0.78516 0.42234 0.78332 0.45024
4 0.69084 0.60594 0.70291 0.60485 0.70593 0.57540 0.70757 0.55126 0.70817 0.50445 0.70590 0.48075 0.70767 0.44692 0.68664 0.44636 0.67896 0.43788 0.67034 0.43312 0.66733 0.43404 0.66575 0.44311 0.66413 0.44938 0.66153 0.46378 0.65991 0.47339 0.65459 0.47634 0.64656 0.47430 0.64283 0.47852 0.63691 0.48575 0.63383 0.49528 0.63318 0.50762 0.63304 0.52431 0.63738 0.53315 0.64433 0.54859 0.65718 0.56434 0.66889 0.57356 0.68463 0.60120 0.69084 0.60594
4 0.52703 0.59413 0.54247 0.58513 0.54827 0.55906 0.55481 0.54002 0.56554 0.52551 0.56699 0.50846 0.56812 0.49399 0.56769 0.48104 0.56655 0.47452 0.55660 0.47400 0.55402 0.47387 0.54555 0.47342 0.53872 0.46983 0.53537 0.46320 0.53352 0.45610 0.53389 0.44912 0.53295 0.44584 0.52907 0.44941 0.52729 0.45524 0.52482 0.45995 0.52182 0.46787 0.51939 0.47205 0.47841 0.49252 0.48312 0.50138 0.48312 0.50838 0.48259 0.52558 0.48253 0.54065 0.48251 0.55518 0.49159 0.57235 0.49914 0.59051 0.50773 0.60980 0.51575 0.61184 0.52703 0.59413
4 0.73302 0.45897 0.73785 0.45147 0.73880 0.44183 0.73978 0.42314 0.74065 0.40639 0.74194 0.38191 0.73549 0.34410 0.73348 0.32332 0.73184 0.31225 0.72670 0.30035 0.71778 0.28438 0.71213 0.27375 0.70033 0.27055 0.69176 0.27333 0.68282 0.28320 0.67802 0.29005 0.67177 0.29941 0.66670 0.31142 0.66518 0.32362 0.66247 0.34996 0.66193 0.36027 0.66928 0.38908 0.66770 0.42776 0.67515 0.43785 0.68196 0.44337 0.68754 0.44689 0.70744 0.44794 0.71893 0.44854 0.73302 0.45897
