4 0.65947 0.53125 0.66939 0.56255 0.69319 0.57365 0.70312 0.57430 0.71057 0.56390 0.71304 0.53715 0.71304 0.51365 0.70905 0.46930 0.70411 0.45230 0.69814 0.43860 0.69517 0.42620 0.68973 0.41970 0.68179 0.41710 0.68129 0.43145 0.68129 0.44580 0.68129 0.45820 0.68129 0.46800 0.67384 0.48625 0.66639 0.48625 0.64555 0.49080 0.64456 0.49540 0.64905 0.50645 0.65449 0.51300 0.65696 0.52540 0.65947 0.53125
4 0.70764 0.46380 0.71243 0.47710 0.72255 0.48025 0.72970 0.47400 0.73684 0.45755 0.74814 0.42860 0.75350 0.41295 0.76479 0.36910 0.77015 0.33855 0.77316 0.30800 0.77076 0.28765 0.76658 0.28140 0.75289 0.27590 0.73920 0.27515 0.73205 0.28530 0.72433 0.29705 0.71780 0.30725 0.71243 0.31505 0.70707 0.32290 0.69574 0.33230 0.68802 0.33700 0.68205 0.34010 0.68027 0.34245 0.67909 0.35265 0.67966 0.36125 0.68327 0.37300 0.68323 0.41450 0.69099 0.42075 0.69692 0.43095 0.70350 0.44895 0.70764 0.46380
4 0.81540 0.44190 0.82673 0.42310 0.82734 0.40980 0.82734 0.40355 0.81662 0.40430 0.80886 0.40665 0.79935 0.41215 0.79160 0.42625 0.79338 0.44190 0.79696 0.45130 0.80825 0.45440 0.81540 0.44190
4 0.21053 0.48495 0.21053 0.49905 0.21232 0.50845 0.22483 0.50610 0.23673 0.49670 0.24270 0.48730 0.24388 0.47790 0.24388 0.46540 0.24627 0.45520 0.24627 0.44895 0.24567 0.44505 0.24148 0.44110 0.23616 0.43720 0.22723 0.43800 0.22243 0.44660 0.21829 0.45285 0.21354 0.46070 0.21114 0.47010 0.21053 0.48495
4 0.78087 0.43015 0.78981 0.41060 0.79635 0.39100 0.79696 0.37300 0.79278 0.36045 0.78684 0.35345 0.77852 0.34640 0.77015 0.34640 0.74574 0.44425 0.75589 0.45835 0.76243 0.46305 0.77316 0.44660 0.78087 0.43015
4 0.26289 0.44275 0.27916 0.46305 0.29289 0.45175 0.30316 0.43150 0.31688 0.41570 0.32548 0.40665 0.33916 0.39540 0.33745 0.37850 0.32631 0.34130 0.31346 0.31200 0.30316 0.29620 0.29631 0.27815 0.29289 0.27140 0.26460 0.27590 0.25601 0.28720 0.25430 0.30070 0.25430 0.33680 0.25430 0.36835 0.25859 0.41005 0.26289 0.44275
4 0.33662 0.40440 0.33574 0.42245 0.33745 0.43935 0.35973 0.47430 0.37262 0.48560 0.40605 0.48785 0.42319 0.48785 0.42749 0.46530 0.42578 0.44500 0.42407 0.42245 0.41547 0.36385 0.39833 0.33115 0.38118 0.31200 0.37175 0.30520 0.36061 0.30410 0.34605 0.30745 0.34087 0.33225 0.34087 0.35935 0.34004 0.38865 0.33662 0.40440
4 0.73783 0.53780 0.75175 0.55150 0.76266 0.54955 0.76909 0.53320 0.76909 0.52280 0.76711 0.50710 0.76612 0.48820 0.76414 0.47060 0.76316 0.46535 0.75323 0.45495 0.74776 0.44775 0.74430 0.44320 0.73734 0.46015 0.73141 0.47190 0.72692 0.47970 0.72544 0.48170 0.72346 0.48885 0.72445 0.49670 0.72593 0.50975 0.73190 0.52410 0.73783 0.53780
4 0.41939 0.39100 0.42426 0.41920 0.42844 0.45130 0.42665 0.46225 0.42665 0.46930 0.42426 0.48260 0.42700 0.48800 0.43004 0.49100 0.43726 0.50500 0.44411 0.51100 0.45133 0.51200 0.48084 0.51860 0.51118 0.51470 0.52905 0.51235 0.55525 0.49045 0.55106 0.48810 0.54217 0.48495 0.52547 0.47555 0.51597 0.46540 0.51597 0.45130 0.51475 0.43015 0.51475 0.41215 0.51475 0.39725 0.51475 0.39020 0.51475 0.37380 0.51536 0.36125 0.51654 0.34090 0.51954 0.32370 0.51954 0.30330 0.51654 0.29705 0.50882 0.29080 0.48141 0.28455 0.46894 0.28375 0.44867 0.28375 0.42783 0.27905 0.42129 0.28765 0.41354 0.31270 0.41354 0.32525 0.41833 0.35030 0.41475 0.35970 0.41475 0.36985 0.41939 0.39100
4 0.51536 0.46070 0.51833 0.46775 0.52011 0.47010 0.52487 0.47475 0.53084 0.47710 0.53859 0.48105 0.54810 0.48415 0.55703 0.48650 0.57133 0.48650 0.58502 0.49120 0.62072 0.49120 0.63741 0.49045 0.64099 0.48180 0.64217 0.46460 0.64217 0.44345 0.64217 0.41995 0.63920 0.39180 0.63681 0.36910 0.63262 0.34715 0.63027 0.33230 0.62015 0.31430 0.61300 0.29705 0.60703 0.27985 0.59452 0.27360 0.57190 0.27360 0.55525 0.27435 0.54156 0.28140 0.53202 0.29395 0.52072 0.30335 0.51475 0.37065 0.51475 0.40275 0.51536 0.46070
4 0.76760 0.50450 0.76859 0.52280 0.77205 0.52735 0.77506 0.53320 0.77901 0.53190 0.79190 0.53125 0.79985 0.53060 0.80730 0.52865 0.80730 0.52015 0.80730 0.51495 0.80681 0.50385 0.80681 0.49210 0.80183 0.48100 0.79837 0.47320 0.79639 0.46080 0.79141 0.45230 0.78099 0.44190 0.77605 0.44580 0.77308 0.45100 0.76563 0.46405 0.76612 0.47905 0.76760 0.49015 0.76760 0.50450
4 0.23715 0.42245 0.24658 0.43825 0.24829 0.43935 0.25517 0.43260 0.25517 0.42020 0.25517 0.39425 0.25601 0.37960 0.25601 0.36495 0.25601 0.34240 0.25601 0.32440 0.25259 0.30970 0.23973 0.30070 0.23202 0.30635 0.22430 0.31425 0.22000 0.32210 0.21916 0.33115 0.22088 0.35595 0.22088 0.37625 0.22688 0.39540 0.23715 0.42245
4 0.29745 0.51705 0.29745 0.52880 0.29745 0.54365 0.30163 0.56480 0.30700 0.57655 0.31593 0.58515 0.32426 0.58280 0.33376 0.57030 0.34091 0.56090 0.34867 0.55070 0.35818 0.53195 0.36046 0.51100 0.36350 0.49750 0.36475 0.48495 0.36175 0.48025 0.33855 0.44035 0.33498 0.43485 0.33498 0.42860 0.33437 0.41685 0.33376 0.41605 0.32662 0.42075 0.32308 0.42545 0.31772 0.43405 0.31354 0.43955 0.30578 0.44815 0.30342 0.45675 0.29806 0.48105 0.29745 0.49670 0.29745 0.51705
4 0.64099 0.39490 0.64335 0.41685 0.64335 0.42700 0.64217 0.46145 0.63859 0.48965 0.64259 0.48950 0.64981 0.49050 0.66464 0.48800 0.67194 0.48650 0.67966 0.47400 0.68145 0.45990 0.68145 0.44345 0.68145 0.42545 0.68266 0.40355 0.68266 0.39255 0.68205 0.37535 0.68027 0.36280 0.68145 0.35110 0.68088 0.33150 0.67669 0.32290 0.67312 0.31585 0.66361 0.30645 0.65825 0.30255 0.64335 0.30410 0.63323 0.31585 0.63145 0.32760 0.63323 0.34715 0.63681 0.36910 0.64099 0.39490
4 0.83308 0.51950 0.83806 0.50450 0.83707 0.48820 0.83357 0.47385 0.83061 0.46930 0.82316 0.46995 0.81920 0.47450 0.80681 0.47580 0.80084 0.47580 0.79985 0.47580 0.80335 0.48625 0.80780 0.49405 0.80730 0.49540 0.80780 0.51040 0.81323 0.51885 0.82365 0.52280 0.83308 0.51950
4 0.24627 0.48965 0.24684 0.51235 0.25935 0.53270 0.25996 0.53505 0.27662 0.52725 0.28852 0.50920 0.29449 0.49515 0.29510 0.48730 0.28852 0.47400 0.28555 0.47010 0.28141 0.46695 0.27544 0.46070 0.27125 0.45285 0.26768 0.44815 0.26057 0.44035 0.25460 0.43875 0.24924 0.44035 0.24627 0.45440 0.24627 0.46070 0.24627 0.47010 0.24627 0.47710 0.24627 0.48965
