4 0.57234 0.65450 0.57175 0.63624 0.56809 0.61358 0.56326 0.58111 0.56095 0.57878 0.55066 0.59637 0.53361 0.60580 0.49312 0.61479 0.49253 0.61936 0.49735 0.63846 0.50178 0.65931 0.50641 0.68123 0.51199 0.69852 0.52610 0.71582 0.54231 0.72491 0.55491 0.72302 0.56549 0.70315 0.57297 0.68444 0.57234 0.65450
4 0.49088 0.61450 0.51562 0.61064 0.53322 0.60627 0.55081 0.59522 0.56083 0.57797 0.56307 0.56317 0.55836 0.53247 0.55262 0.50296 0.51666 0.43915 0.50940 0.42141 0.50178 0.40185 0.47045 0.37827 0.45588 0.38204 0.44443 0.39195 0.43616 0.40503 0.42330 0.43052 0.41763 0.44403 0.41296 0.45930 0.41823 0.48316 0.41855 0.50025 0.42242 0.52399 0.42587 0.54169 0.43560 0.56318 0.44881 0.58733 0.44941 0.59612 0.45099 0.60806 0.45447 0.61395 0.49088 0.61450
4 0.73248 0.66690 0.74133 0.69525 0.75749 0.70368 0.77157 0.72889 0.78888 0.72987 0.80133 0.72912 0.80804 0.72403 0.80884 0.70717 0.80860 0.68651 0.81419 0.66761 0.81637 0.65216 0.81715 0.63141 0.81349 0.60874 0.80923 0.59064 0.80402 0.56382 0.79809 0.55050 0.79035 0.52973 0.78315 0.51555 0.77898 0.50745 0.77403 0.50674 0.76311 0.50775 0.75001 0.51086 0.73584 0.51417 0.73085 0.51903 0.72405 0.52826 0.71948 0.54474 0.71819 0.56670 0.71730 0.58691 0.72137 0.62119 0.72516 0.64829 0.73248 0.66690
4 0.23178 0.70344 0.22703 0.67709 0.22835 0.66291 0.23747 0.63553 0.23668 0.62956 0.22987 0.62309 0.22573 0.62278 0.22338 0.62213 0.21782 0.62210 0.21288 0.62528 0.20780 0.62961 0.20566 0.63003 0.19380 0.62465 0.18044 0.61500 0.17321 0.63311 0.16762 0.65200 0.17473 0.68057 0.18313 0.72570 0.19106 0.76647 0.20240 0.78096 0.21795 0.75233 0.23233 0.71391 0.23178 0.70344
4 0.92387 0.49432 0.91577 0.48698 0.90402 0.48370 0.89763 0.47938 0.88320 0.48330 0.87707 0.48226 0.87796 0.51159 0.88659 0.52550 0.89886 0.54483 0.90468 0.55761 0.90973 0.56832 0.93064 0.56537 0.94962 0.56391 0.94796 0.53250 0.94086 0.51885 0.93074 0.50300 0.92387 0.49432
4 0.26957 0.72059 0.27526 0.70223 0.27644 0.67973 0.27383 0.66632 0.27610 0.64751 0.27152 0.63727 0.26651 0.63434 0.26120 0.63370 0.25550 0.63871 0.25299 0.63530 0.24936 0.63378 0.24512 0.63293 0.24098 0.63262 0.23808 0.63486 0.23334 0.64858 0.22979 0.66653 0.22745 0.67923 0.22870 0.68567 0.23183 0.70176 0.23454 0.71571 0.23928 0.72870 0.24964 0.74005 0.26253 0.73587 0.26957 0.72059
4 0.75313 0.50023 0.76811 0.50678 0.77607 0.50579 0.78535 0.50399 0.79677 0.50177 0.80790 0.50183 0.81515 0.49151 0.81693 0.46445 0.81239 0.43917 0.80502 0.40887 0.78983 0.36506 0.76875 0.33854 0.76400 0.32555 0.75575 0.30600 0.75139 0.30072 0.74442 0.29150 0.72868 0.28677 0.72283 0.29291 0.71283 0.30432 0.70843 0.31408 0.70438 0.32378 0.70134 0.35387 0.69882 0.38665 0.71093 0.43940 0.71734 0.47045 0.72073 0.47647 0.72330 0.48209 0.72561 0.48442 0.72930 0.48816 0.73385 0.49062 0.74188 0.49573 0.75313 0.50023
4 0.25438 0.60018 0.24807 0.56122 0.24108 0.52528 0.23678 0.50312 0.23266 0.48194 0.22338 0.48658 0.21628 0.49275 0.21506 0.49298 0.20818 0.50005 0.21130 0.51286 0.21370 0.52197 0.21753 0.53843 0.22290 0.56611 0.22854 0.59185 0.23433 0.61176 0.24166 0.62659 0.25409 0.63470 0.25995 0.63551 0.25438 0.60018
4 0.85574 0.56880 0.85243 0.55942 0.84944 0.55165 0.84666 0.54495 0.84255 0.53907 0.83617 0.53864 0.83081 0.53968 0.82806 0.54078 0.82216 0.54471 0.82106 0.55049 0.82923 0.56393 0.83352 0.57645 0.83623 0.59040 0.84118 0.60447 0.84965 0.61563 0.86468 0.62050 0.87077 0.61375 0.86809 0.59423 0.86097 0.57668 0.85574 0.56880
4 0.65118 0.65265 0.65175 0.61747 0.64982 0.59613 0.64849 0.55687 0.64694 0.53935 0.63781 0.52821 0.62860 0.52277 0.61874 0.51967 0.60797 0.51954 0.59516 0.52036 0.58517 0.52230 0.58195 0.52293 0.56921 0.52596 0.56107 0.53366 0.56520 0.55680 0.56802 0.59644 0.57646 0.63989 0.58943 0.66621 0.59930 0.68266 0.62381 0.68680 0.63580 0.68559 0.64833 0.68148 0.65340 0.67170 0.65118 0.65265
4 0.43601 0.73834 0.43306 0.71553 0.42493 0.67369 0.41830 0.65104 0.40930 0.63331 0.39991 0.62122 0.39289 0.61367 0.38265 0.60676 0.36822 0.59732 0.35898 0.59744 0.34828 0.59952 0.34114 0.60091 0.33798 0.60375 0.33394 0.61344 0.33000 0.62367 0.32652 0.63437 0.32645 0.64162 0.32627 0.64833 0.33351 0.68367 0.34038 0.71518 0.34635 0.74018 0.35784 0.76689 0.36854 0.78764 0.38113 0.80857 0.39970 0.81832 0.42310 0.80152 0.43047 0.76892 0.43601 0.73834
4 0.71760 0.47373 0.70584 0.41701 0.69399 0.37701 0.67955 0.35421 0.67300 0.33767 0.66315 0.32511 0.65357 0.31584 0.64623 0.31615 0.62380 0.32274 0.62066 0.32947 0.61904 0.33257 0.61748 0.33788 0.61608 0.34595 0.62159 0.37048 0.62843 0.40757 0.63936 0.46000 0.64006 0.49215 0.62615 0.49875 0.62813 0.50894 0.63287 0.51804 0.64117 0.52645 0.65090 0.53458 0.66458 0.53637 0.67999 0.53560 0.69586 0.53530 0.72338 0.52672 0.72347 0.49820 0.71760 0.47373
4 0.43873 0.62464 0.45168 0.61349 0.44691 0.58480 0.43450 0.56038 0.42549 0.54015 0.41886 0.50603 0.41414 0.49164 0.39110 0.46383 0.37613 0.46117 0.35647 0.45720 0.34068 0.46094 0.33094 0.47831 0.33692 0.50720 0.34452 0.54247 0.35479 0.57053 0.36234 0.58877 0.36841 0.59717 0.39085 0.61101 0.39757 0.61928 0.41032 0.63322 0.42474 0.62930 0.43873 0.62464
4 0.86106 0.52378 0.87238 0.52103 0.87798 0.50602 0.87762 0.49273 0.87414 0.47671 0.86921 0.45707 0.86228 0.42334 0.85874 0.40511 0.85442 0.38479 0.84516 0.36766 0.83630 0.35825 0.82703 0.35059 0.82483 0.36215 0.82253 0.37318 0.82069 0.38467 0.82262 0.39654 0.82968 0.42523 0.83573 0.45634 0.84446 0.50697 0.84534 0.50958 0.84636 0.51105 0.85031 0.51418 0.85737 0.52005 0.86106 0.52378
4 0.90600 0.38145 0.90404 0.38851 0.90174 0.39953 0.89748 0.40659 0.90245 0.44738 0.91862 0.44635 0.92339 0.44041 0.93652 0.41838 0.94569 0.41448 0.94101 0.39424 0.93057 0.37444 0.91401 0.34259 0.91005 0.34893 0.90789 0.36828 0.90600 0.38145
4 0.33403 0.68635 0.32494 0.64525 0.31601 0.64699 0.30066 0.64997 0.29210 0.65164 0.28592 0.65228 0.28332 0.65223 0.27809 0.67106 0.27884 0.70543 0.28123 0.72723 0.28675 0.75566 0.29202 0.77134 0.30675 0.77849 0.31832 0.76177 0.33481 0.73797 0.33672 0.71923 0.33403 0.68635
4 0.89745 0.41217 0.88804 0.35766 0.87463 0.33633 0.86897 0.33576 0.86220 0.34097 0.85999 0.34864 0.85642 0.36269 0.85494 0.37412 0.85515 0.38855 0.86120 0.41966 0.86882 0.44935 0.87339 0.46906 0.87640 0.48072 0.88580 0.48335 0.90069 0.47990 0.90879 0.46440 0.90271 0.45067 0.89745 0.41217
4 0.11834 0.55760 0.10768 0.54809 0.08849 0.52866 0.06930 0.50924 0.05598 0.50854 0.06186 0.53879 0.06868 0.57387 0.07363 0.59935 0.07704 0.61690 0.09386 0.63461 0.10865 0.64399 0.12940 0.63828 0.13631 0.63193 0.12237 0.57830 0.11834 0.55760
4 0.22084 0.62106 0.22495 0.61264 0.22779 0.60440 0.22485 0.58583 0.22163 0.56925 0.21865 0.55736 0.21309 0.52877 0.20834 0.51728 0.19855 0.50293 0.17078 0.47481 0.16404 0.47613 0.16071 0.47866 0.15662 0.49382 0.15967 0.50948 0.16444 0.53060 0.16623 0.53983 0.17454 0.57935 0.17651 0.58949 0.17795 0.59689 0.18153 0.61529 0.18214 0.61517 0.18893 0.62059 0.19693 0.62571 0.20782 0.62933 0.22084 0.62106
4 0.60425 0.32320 0.59346 0.30581 0.58342 0.29607 0.57039 0.29193 0.55672 0.29403 0.54637 0.29604 0.54237 0.30405 0.53753 0.31724 0.53268 0.33043 0.52880 0.34287 0.52436 0.35432 0.51957 0.36972 0.51730 0.38853 0.51643 0.39928 0.51535 0.40895 0.51513 0.41734 0.51571 0.42224 0.51693 0.43425 0.51849 0.44230 0.54388 0.48524 0.56014 0.49265 0.57607 0.49457 0.59972 0.49999 0.62819 0.49780 0.63924 0.49175 0.63901 0.46007 0.62840 0.41314 0.62070 0.36398 0.61159 0.34571 0.60425 0.32320
4 0.49856 0.65993 0.48955 0.61548 0.47215 0.61552 0.46347 0.61510 0.45734 0.61406 0.45075 0.61256 0.44161 0.62268 0.43601 0.62589 0.42994 0.62707 0.42297 0.63121 0.42511 0.65595 0.43260 0.67732 0.44055 0.70071 0.44587 0.71471 0.45812 0.71678 0.47358 0.71434 0.48595 0.70748 0.49930 0.70221 0.49910 0.67987 0.49856 0.65993
4 0.16587 0.53795 0.15897 0.52877 0.13988 0.49613 0.13159 0.48627 0.11769 0.47361 0.11559 0.47597 0.10940 0.50300 0.10866 0.51561 0.11106 0.53140 0.11339 0.54336 0.11915 0.55661 0.12274 0.57506 0.12589 0.58786 0.13098 0.61081 0.13463 0.62635 0.13932 0.63407 0.14992 0.63296 0.16159 0.63069 0.17448 0.62818 0.17967 0.61565 0.17784 0.59307 0.17353 0.57092 0.16719 0.54153 0.16587 0.53795
4 0.89934 0.56255 0.89036 0.54871 0.88369 0.54110 0.87775 0.53724 0.87299 0.53371 0.86358 0.52719 0.85540 0.52322 0.84916 0.52164 0.84497 0.51912 0.84260 0.52793 0.84350 0.53443 0.84933 0.55111 0.85407 0.56021 0.85867 0.57435 0.86644 0.58954 0.87297 0.60219 0.90395 0.61676 0.90978 0.59336 0.90742 0.57935 0.89934 0.56255
4 0.15587 0.73601 0.16537 0.72581 0.17567 0.72159 0.17873 0.70874 0.17606 0.69312 0.17172 0.66891 0.16881 0.65389 0.16797 0.64960 0.17084 0.63958 0.17326 0.63298 0.16969 0.63368 0.16470 0.63465 0.16123 0.63588 0.14767 0.63852 0.14015 0.63608 0.13820 0.63367 0.13327 0.63686 0.13013 0.64360 0.12624 0.65215 0.12056 0.66104 0.11687 0.67067 0.11272 0.67982 0.12049 0.73120 0.12379 0.74057 0.13129 0.75248 0.14622 0.74735 0.15587 0.73601
4 0.81987 0.38427 0.79430 0.33469 0.79018 0.33827 0.79038 0.34881 0.78680 0.35897 0.78922 0.36573 0.80497 0.41055 0.80896 0.42536 0.81426 0.44882 0.81625 0.47237 0.81505 0.49098 0.80876 0.50055 0.79417 0.50172 0.79102 0.50455 0.79560 0.51480 0.79834 0.52317 0.80670 0.53379 0.82092 0.54216 0.83422 0.53624 0.84403 0.51429 0.84048 0.48269 0.83189 0.44039 0.82206 0.39554 0.81987 0.38427
4 0.66651 0.64577 0.67508 0.65746 0.68332 0.66366 0.69283 0.66682 0.70592 0.66138 0.71061 0.65880 0.71983 0.65478 0.72135 0.64168 0.71905 0.62598 0.71856 0.60826 0.71728 0.59404 0.71520 0.58331 0.71565 0.57042 0.71635 0.55303 0.71236 0.53822 0.70963 0.53373 0.69928 0.53575 0.68224 0.53572 0.66469 0.53690 0.65795 0.53654 0.65310 0.53637 0.64993 0.53532 0.64773 0.53352 0.64734 0.53916 0.64871 0.55003 0.64928 0.56439 0.64892 0.57626 0.64936 0.58230 0.65009 0.58762 0.65129 0.60520 0.65302 0.61599 0.65531 0.62780 0.65862 0.63717 0.66651 0.64577
4 0.32361 0.64512 0.33548 0.61125 0.34198 0.58889 0.34560 0.55183 0.33843 0.51493 0.32804 0.48054 0.31626 0.44665 0.29534 0.42761 0.26268 0.40045 0.25876 0.40316 0.24738 0.41016 0.23772 0.42924 0.23427 0.44427 0.23400 0.46253 0.23559 0.48710 0.24150 0.51751 0.24741 0.54793 0.24993 0.56086 0.25502 0.59048 0.25843 0.60802 0.26333 0.62333 0.27470 0.63932 0.28767 0.65021 0.31415 0.64885 0.32361 0.64512
4 0.81735 0.62859 0.81692 0.64771 0.81916 0.65885 0.82760 0.67792 0.84235 0.67717 0.84968 0.67296 0.84866 0.64710 0.84531 0.61424 0.84110 0.60783 0.83459 0.58961 0.83209 0.57673 0.82927 0.56225 0.82558 0.55851 0.82214 0.55261 0.81911 0.54808 0.81838 0.54433 0.81540 0.54045 0.81224 0.53940 0.80630 0.53554 0.80548 0.53514 0.80225 0.53187 0.79882 0.52753 0.79794 0.52492 0.79411 0.51286 0.79312 0.51918 0.79342 0.53025 0.79477 0.53723 0.79655 0.54634 0.80102 0.55605 0.80347 0.56671 0.80576 0.57851 0.80889 0.59460 0.81334 0.60988 0.81735 0.62859
