4 0.47389 0.69716 0.48444 0.71683 0.49862 0.72885 0.51135 0.72940 0.52553 0.71191 0.53644 0.69497 0.54153 0.66546 0.54444 0.64743 0.54516 0.62448 0.54662 0.59169 0.54480 0.58896 0.53135 0.60426 0.51280 0.61027 0.47135 0.61137 0.46989 0.61574 0.47098 0.63541 0.47135 0.65672 0.47171 0.67912 0.47389 0.69716
4 0.41927 0.52678 0.42473 0.54973 0.43309 0.57596 0.43200 0.58470 0.43127 0.59672 0.43356 0.60317 0.46920 0.61066 0.49422 0.61158 0.51233 0.61066 0.53171 0.60317 0.54484 0.58814 0.54985 0.57404 0.55109 0.54300 0.55109 0.51295 0.52796 0.44344 0.52422 0.42465 0.52047 0.40399 0.49422 0.37486 0.47920 0.37579 0.46607 0.38333 0.45545 0.39459 0.43796 0.41716 0.42982 0.42934 0.42233 0.44344 0.42295 0.46787 0.42000 0.48470 0.41927 0.50874 0.41927 0.52678
4 0.71455 0.57049 0.70691 0.58579 0.70145 0.60710 0.69673 0.62678 0.69418 0.66120 0.69273 0.68853 0.69636 0.70820 0.69964 0.73770 0.71389 0.74907 0.72291 0.77650 0.73971 0.78077 0.75207 0.78240 0.75964 0.77869 0.76364 0.76230 0.76735 0.74197 0.77644 0.72448 0.78153 0.70973 0.78625 0.68951 0.78698 0.66656 0.78625 0.64798 0.78625 0.62066 0.78298 0.60645 0.77935 0.58459 0.77498 0.56929 0.77244 0.56055 0.76771 0.55891 0.75680 0.55781 0.74335 0.55836 0.72880 0.55891 0.72298 0.56273 0.71455 0.57049
4 0.14625 0.61519 0.14589 0.66109 0.14589 0.70262 0.15425 0.71902 0.17498 0.69388 0.19644 0.65891 0.19789 0.64853 0.19825 0.62175 0.20225 0.60809 0.21644 0.58295 0.21680 0.57694 0.21135 0.56929 0.20735 0.56820 0.20516 0.56710 0.19971 0.56601 0.19425 0.56820 0.18844 0.57148 0.18625 0.57148 0.17564 0.56393 0.16436 0.55191 0.15382 0.56831 0.14473 0.58579 0.14625 0.61519
4 0.88916 0.64525 0.91025 0.64634 0.92916 0.64853 0.93353 0.61738 0.92916 0.60262 0.92225 0.58514 0.91716 0.57530 0.91062 0.56656 0.89971 0.56109 0.89425 0.55563 0.87935 0.55672 0.87353 0.55454 0.86880 0.58350 0.87462 0.59880 0.88298 0.62011 0.88625 0.63377 0.88916 0.64525
4 0.19825 0.63049 0.19825 0.64689 0.19825 0.66109 0.20044 0.67475 0.20844 0.68787 0.22189 0.68623 0.23171 0.67257 0.24080 0.65563 0.24625 0.63377 0.24625 0.62011 0.25207 0.60208 0.24953 0.59115 0.24516 0.58732 0.24007 0.58568 0.23353 0.58951 0.23171 0.58568 0.22844 0.58350 0.22444 0.58186 0.22044 0.58077 0.21716 0.58240 0.20989 0.59497 0.20298 0.61191 0.19825 0.62393 0.19825 0.63049
4 0.72116 0.51902 0.72262 0.52503 0.72444 0.52776 0.72735 0.53213 0.73135 0.53541 0.73825 0.54197 0.74844 0.54852 0.76189 0.55781 0.76989 0.55836 0.77935 0.55836 0.79098 0.55836 0.80189 0.56055 0.81098 0.55180 0.81789 0.52557 0.81825 0.49989 0.81680 0.46874 0.81025 0.42284 0.79462 0.39279 0.79244 0.37912 0.78807 0.35836 0.78480 0.35235 0.77971 0.34197 0.76516 0.33432 0.75825 0.33923 0.74625 0.34853 0.74007 0.35727 0.73425 0.36601 0.72553 0.39497 0.71680 0.42667 0.71862 0.48077 0.71898 0.51246 0.72116 0.51902
4 0.21538 0.51202 0.21600 0.53836 0.21789 0.55902 0.22225 0.57497 0.23291 0.58530 0.23851 0.58721 0.23978 0.55148 0.24102 0.51202 0.24102 0.47541 0.24102 0.45284 0.24102 0.43126 0.23102 0.43404 0.22287 0.43874 0.22164 0.43874 0.21353 0.44437 0.21415 0.45754 0.21476 0.46694 0.21538 0.48383 0.21538 0.51202
4 0.81498 0.66765 0.82116 0.68022 0.83498 0.68787 0.84225 0.68240 0.84335 0.66273 0.83971 0.64415 0.83607 0.63541 0.83462 0.62557 0.83316 0.61738 0.83171 0.61027 0.82880 0.60372 0.82262 0.60208 0.81716 0.60208 0.81425 0.60262 0.80771 0.60535 0.80553 0.61082 0.81098 0.62557 0.81280 0.63869 0.81280 0.65290 0.81498 0.66765
4 0.55607 0.68022 0.56262 0.69825 0.58589 0.70700 0.59789 0.70809 0.61098 0.70645 0.61782 0.69781 0.61927 0.67869 0.62655 0.64426 0.62873 0.62295 0.63491 0.58415 0.63673 0.56667 0.62989 0.55399 0.62189 0.54689 0.61280 0.54197 0.60225 0.53978 0.58953 0.53814 0.57935 0.53814 0.57607 0.53814 0.56298 0.53869 0.55353 0.54470 0.55316 0.56820 0.54836 0.60765 0.54836 0.65191 0.55607 0.68022
4 0.30953 0.73486 0.31607 0.75727 0.32444 0.78022 0.34080 0.79333 0.36698 0.78131 0.38044 0.75071 0.39171 0.72175 0.39316 0.69880 0.39316 0.65617 0.39098 0.63268 0.38553 0.61355 0.37862 0.59989 0.37316 0.59115 0.36444 0.58240 0.35207 0.57038 0.34298 0.56874 0.33207 0.56874 0.32480 0.56874 0.32116 0.57093 0.31535 0.57967 0.30953 0.58896 0.30407 0.59880 0.30262 0.60590 0.30116 0.61246 0.30153 0.64853 0.30225 0.68077 0.30335 0.70645 0.30953 0.73486
4 0.64153 0.56273 0.65462 0.56710 0.66989 0.56929 0.68553 0.57202 0.71418 0.56885 0.71971 0.54087 0.71862 0.51574 0.71789 0.45781 0.71389 0.41628 0.70407 0.39115 0.70080 0.37366 0.69353 0.35945 0.68589 0.34853 0.67862 0.34743 0.65535 0.34962 0.65098 0.35563 0.64880 0.35836 0.64625 0.36328 0.64335 0.37093 0.64407 0.39607 0.64371 0.43377 0.64444 0.48732 0.63898 0.51902 0.62407 0.52284 0.62407 0.53322 0.62698 0.54306 0.63353 0.55290 0.64153 0.56273
4 0.34793 0.56088 0.35229 0.57027 0.37167 0.58814 0.37669 0.59754 0.38655 0.61366 0.40145 0.61257 0.41607 0.61066 0.43091 0.60219 0.43171 0.57311 0.42418 0.54678 0.41920 0.52519 0.41920 0.49044 0.41731 0.47541 0.40000 0.44372 0.38582 0.43825 0.36727 0.43060 0.35105 0.43126 0.33818 0.44645 0.33855 0.47596 0.33927 0.51202 0.34400 0.54153 0.34793 0.56088
4 0.83789 0.52120 0.83680 0.57257 0.83716 0.57530 0.83789 0.57694 0.84116 0.58077 0.84698 0.58787 0.84989 0.59224 0.86153 0.59169 0.86989 0.57803 0.87207 0.56492 0.87171 0.54852 0.87062 0.52831 0.87025 0.49388 0.87025 0.47530 0.86989 0.45454 0.86407 0.43596 0.85716 0.42503 0.84953 0.41574 0.84516 0.42667 0.84080 0.43705 0.83680 0.44798 0.83644 0.46000 0.83789 0.48951 0.83789 0.52120
4 0.95382 0.50109 0.95309 0.48033 0.94662 0.45891 0.93644 0.42448 0.93135 0.42995 0.92553 0.44852 0.92116 0.46109 0.91789 0.46765 0.91353 0.47803 0.90800 0.48415 0.90509 0.52514 0.92116 0.52721 0.92698 0.52230 0.94407 0.50317 0.95382 0.50109
4 0.24189 0.71027 0.24407 0.72667 0.25716 0.73650 0.27171 0.72230 0.29244 0.70208 0.29789 0.68404 0.30153 0.65126 0.30044 0.60918 0.29135 0.60918 0.27571 0.60918 0.26698 0.60918 0.26080 0.60863 0.25825 0.60809 0.24953 0.62557 0.24371 0.65945 0.24189 0.68131 0.24189 0.71027
4 0.87244 0.54087 0.87316 0.55290 0.88189 0.55727 0.89716 0.55672 0.90807 0.54306 0.90473 0.52842 0.90691 0.48962 0.90807 0.43432 0.89898 0.41082 0.89353 0.40918 0.88589 0.41300 0.88225 0.42011 0.87607 0.43322 0.87244 0.44415 0.86989 0.45836 0.86989 0.49005 0.87171 0.52066 0.87244 0.54087
4 0.06251 0.53404 0.07564 0.55465 0.08836 0.56667 0.10982 0.56503 0.11782 0.56011 0.11436 0.50481 0.11436 0.48372 0.10571 0.47235 0.09058 0.44962 0.07545 0.42689 0.06251 0.42366 0.06251 0.45448 0.06251 0.49022 0.06251 0.51617 0.06251 0.53404
4 0.16538 0.53366 0.16538 0.55240 0.16600 0.55240 0.17164 0.55902 0.17851 0.56557 0.18851 0.57120 0.20287 0.56557 0.20851 0.55809 0.21287 0.55055 0.21353 0.53175 0.21353 0.51486 0.21287 0.50262 0.21287 0.47350 0.21040 0.46131 0.20353 0.44535 0.18164 0.41246 0.17476 0.41246 0.17102 0.41432 0.16411 0.42842 0.16411 0.44437 0.16476 0.46601 0.16476 0.47541 0.16538 0.51579 0.16538 0.52612 0.16538 0.53366
4 0.62625 0.52230 0.63825 0.51847 0.64407 0.48732 0.64262 0.43923 0.64444 0.38951 0.63898 0.36984 0.63607 0.34634 0.62880 0.32721 0.62080 0.31574 0.60880 0.30918 0.59498 0.30863 0.58444 0.30863 0.57898 0.31574 0.57171 0.32776 0.56444 0.33978 0.55825 0.35126 0.55171 0.36164 0.54407 0.37585 0.53825 0.39388 0.53535 0.40426 0.53244 0.41355 0.53062 0.42175 0.53025 0.42667 0.52916 0.43869 0.52916 0.44689 0.54589 0.49388 0.56044 0.50426 0.57571 0.50918 0.59789 0.51902 0.62625 0.52230
4 0.40589 0.70044 0.41753 0.70481 0.43316 0.70535 0.44662 0.70098 0.46073 0.69836 0.46480 0.67639 0.46807 0.65672 0.46771 0.61137 0.45062 0.60809 0.44218 0.60601 0.43636 0.60382 0.43018 0.60109 0.41927 0.60929 0.41316 0.61137 0.40698 0.61137 0.39935 0.61410 0.39673 0.63880 0.40000 0.66120 0.40335 0.68568 0.40589 0.70044
4 0.14287 0.56372 0.15600 0.56372 0.16349 0.55240 0.16600 0.52989 0.16600 0.50732 0.16538 0.47727 0.16476 0.47350 0.15975 0.46317 0.14724 0.42749 0.14098 0.41623 0.12975 0.40115 0.12724 0.40306 0.11600 0.42842 0.11287 0.44066 0.11222 0.45661 0.11222 0.46880 0.11535 0.48290 0.11535 0.50169 0.11600 0.51486 0.11662 0.53836 0.11724 0.55432 0.12036 0.56279 0.13098 0.56372 0.14287 0.56372
4 0.83789 0.64142 0.84262 0.65781 0.84662 0.67148 0.87425 0.69169 0.88444 0.66984 0.88480 0.65563 0.88007 0.63760 0.87389 0.62230 0.86880 0.61355 0.86371 0.60863 0.85971 0.60426 0.85171 0.59607 0.84444 0.59060 0.83862 0.58787 0.83498 0.58459 0.83098 0.59279 0.83062 0.59934 0.83316 0.61683 0.83607 0.62667 0.83789 0.64142
4 0.09135 0.59443 0.08553 0.60262 0.08335 0.65454 0.08480 0.66437 0.08989 0.67749 0.10553 0.67530 0.11716 0.66601 0.12844 0.65781 0.13935 0.65563 0.14480 0.64361 0.14516 0.62776 0.14553 0.60317 0.14553 0.58787 0.14553 0.58350 0.15025 0.57421 0.15389 0.56820 0.15025 0.56820 0.14516 0.56820 0.14153 0.56874 0.12771 0.56874 0.12080 0.56492 0.11935 0.56219 0.11389 0.56437 0.10953 0.57038 0.10407 0.57803 0.09680 0.58568 0.09135 0.59443
4 0.80698 0.60262 0.82116 0.59934 0.83498 0.57967 0.83753 0.54798 0.83716 0.50481 0.83607 0.45891 0.83607 0.44743 0.82044 0.39388 0.81571 0.39661 0.81389 0.40700 0.80844 0.41628 0.80953 0.42339 0.81644 0.47038 0.81753 0.48568 0.81825 0.50973 0.81571 0.53322 0.81098 0.55126 0.80298 0.55945 0.78844 0.55781 0.78480 0.56000 0.78735 0.57093 0.78844 0.57967 0.79462 0.59169 0.80698 0.60262
4 0.63091 0.60929 0.63062 0.61465 0.62844 0.63213 0.62807 0.64306 0.62807 0.65508 0.62953 0.66492 0.63564 0.67486 0.64182 0.68798 0.64873 0.69563 0.65745 0.70055 0.67135 0.69770 0.67644 0.69607 0.68625 0.69388 0.69025 0.68131 0.69098 0.66546 0.69389 0.64798 0.69535 0.63377 0.69535 0.62284 0.69825 0.61027 0.70225 0.59333 0.70116 0.57803 0.69935 0.57311 0.68880 0.57311 0.67207 0.56984 0.65462 0.56765 0.64807 0.56601 0.64335 0.56492 0.64044 0.56328 0.63862 0.56109 0.63716 0.56656 0.63644 0.57749 0.63425 0.59169 0.63164 0.60328 0.63091 0.60929
4 0.24225 0.54208 0.24225 0.55995 0.24415 0.57590 0.25225 0.59377 0.26291 0.60694 0.28916 0.61066 0.29916 0.60880 0.31727 0.57781 0.32793 0.55710 0.33855 0.52142 0.33855 0.48383 0.33491 0.44809 0.32982 0.41257 0.31291 0.38989 0.28604 0.35700 0.28167 0.35891 0.26916 0.36361 0.25604 0.38049 0.24978 0.39459 0.24604 0.41246 0.24291 0.43689 0.24291 0.46787 0.24291 0.49885 0.24291 0.51202 0.24225 0.54208
4 0.78225 0.60208 0.78480 0.61246 0.78516 0.62339 0.78516 0.63541 0.78516 0.65180 0.78662 0.66765 0.78698 0.68678 0.78291 0.70546 0.78298 0.71683 0.78764 0.73716 0.80225 0.73923 0.81025 0.73650 0.81418 0.71093 0.81716 0.67803 0.81425 0.67093 0.81135 0.65180 0.81135 0.63869 0.81135 0.62393 0.80844 0.61956 0.80618 0.61311 0.80407 0.60809 0.80407 0.60426 0.80189 0.59989 0.79898 0.59825 0.79389 0.59333 0.79316 0.59279 0.79062 0.58896 0.78807 0.58404 0.78771 0.58131 0.78625 0.56874 0.78407 0.57475 0.78225 0.58568 0.78225 0.59279 0.78225 0.60208
