4 0.61956 0.66995 0.62938 0.69180 0.64647 0.69891 0.66320 0.66667 0.67047 0.61366 0.67338 0.53716 0.67229 0.52951 0.66902 0.52568 0.66538 0.51967 0.66284 0.51311 0.65629 0.50437 0.65520 0.50437 0.64793 0.50219 0.64429 0.49672 0.63920 0.49126 0.63665 0.49126 0.62938 0.49180 0.62356 0.49508 0.61702 0.49781 0.61047 0.50000 0.60429 0.50219 0.59956 0.50656 0.59738 0.51311 0.59847 0.57377 0.59956 0.61257 0.61084 0.64535 0.61956 0.66995
4 0.35480 0.45186 0.35516 0.46825 0.36535 0.48738 0.38280 0.49066 0.40244 0.48738 0.41916 0.47535 0.42135 0.46169 0.42062 0.41962 0.42062 0.38246 0.42062 0.35787 0.41335 0.33601 0.40716 0.32016 0.39880 0.31251 0.38753 0.31142 0.37589 0.31142 0.36971 0.31251 0.36644 0.31798 0.36280 0.32781 0.35916 0.35240 0.35516 0.38355 0.35335 0.39940 0.35480 0.42071 0.35480 0.45186
4 0.32244 0.66443 0.33844 0.65951 0.34935 0.64038 0.36244 0.61415 0.37335 0.60541 0.37844 0.60049 0.38062 0.57208 0.38062 0.55568 0.37782 0.54262 0.37455 0.52623 0.37164 0.50874 0.36789 0.49339 0.36389 0.48683 0.35916 0.48683 0.35080 0.48628 0.34535 0.49557 0.34025 0.50432 0.33116 0.52180 0.32825 0.52836 0.32353 0.53656 0.32316 0.54366 0.32316 0.54858 0.32244 0.55732 0.32171 0.56770 0.31407 0.58191 0.29662 0.61689 0.29625 0.63164 0.29625 0.64694 0.29880 0.66115 0.32244 0.66443
4 0.86062 0.43437 0.86171 0.43656 0.87116 0.45732 0.87225 0.46770 0.87298 0.47645 0.87698 0.47700 0.87844 0.47535 0.88535 0.46825 0.88607 0.45896 0.88607 0.44967 0.88607 0.43164 0.88607 0.41579 0.88498 0.39885 0.88280 0.38628 0.87735 0.37645 0.87371 0.35404 0.86971 0.36060 0.86207 0.37535 0.85771 0.38738 0.85771 0.40213 0.85735 0.41251 0.85880 0.42945 0.86062 0.43437
4 0.67265 0.60546 0.68473 0.63497 0.70175 0.64754 0.71847 0.66448 0.73375 0.68743 0.74284 0.69563 0.75193 0.69290 0.75120 0.65410 0.74902 0.61967 0.74538 0.60601 0.73665 0.58142 0.72793 0.56175 0.72065 0.54044 0.71302 0.51803 0.70720 0.50546 0.69593 0.48361 0.69302 0.48361 0.68756 0.48470 0.68429 0.48962 0.68211 0.49235 0.67847 0.49836 0.67775 0.50765 0.67702 0.51366 0.67702 0.51913 0.67520 0.53333 0.67375 0.53989 0.67375 0.56612 0.67302 0.58634 0.67265 0.60546
4 0.20258 0.47322 0.20258 0.48825 0.20505 0.50891 0.21320 0.50891 0.22695 0.50328 0.22695 0.48825 0.22695 0.47230 0.22582 0.46284 0.22509 0.44787 0.22196 0.43563 0.21756 0.42814 0.21069 0.41781 0.20131 0.41590 0.19571 0.42060 0.20196 0.43754 0.20196 0.44601 0.20258 0.47322
4 0.28342 0.46557 0.28087 0.47432 0.28087 0.48197 0.29291 0.51355 0.30360 0.52579 0.30862 0.52672 0.32371 0.50503 0.33942 0.49557 0.34822 0.47765 0.35451 0.46535 0.35389 0.41344 0.35135 0.37847 0.35135 0.34355 0.33818 0.32847 0.31869 0.31148 0.31240 0.31426 0.30109 0.32470 0.29480 0.34071 0.29105 0.35208 0.28600 0.36339 0.28287 0.37754 0.28196 0.39781 0.28269 0.41749 0.28269 0.43661 0.28305 0.45519 0.28342 0.46557
4 0.42098 0.41525 0.42135 0.43437 0.42171 0.45732 0.42244 0.47317 0.42389 0.48410 0.42836 0.49399 0.44644 0.49721 0.45444 0.49557 0.45698 0.49066 0.46389 0.49066 0.47153 0.48902 0.47880 0.48847 0.49589 0.48847 0.51662 0.48847 0.52316 0.48738 0.52789 0.48847 0.52825 0.43820 0.53080 0.38300 0.53044 0.33874 0.52462 0.32617 0.50571 0.30814 0.50098 0.30322 0.48062 0.30049 0.47153 0.30049 0.46098 0.30049 0.44971 0.30104 0.44353 0.30377 0.43844 0.30869 0.43589 0.31525 0.43335 0.32290 0.43225 0.33164 0.42982 0.34426 0.42618 0.35137 0.42145 0.36120 0.42062 0.38519 0.42098 0.41525
4 0.40607 0.67262 0.41153 0.66497 0.41880 0.66115 0.42862 0.65678 0.43844 0.65295 0.44862 0.61798 0.45371 0.61033 0.45407 0.49831 0.44680 0.49776 0.43189 0.49667 0.42607 0.49667 0.41735 0.49667 0.41189 0.50049 0.40935 0.50432 0.40680 0.50814 0.40025 0.50923 0.39189 0.50978 0.39044 0.51415 0.38862 0.52071 0.38535 0.52727 0.38280 0.53492 0.38098 0.54311 0.38062 0.55240 0.38062 0.56005 0.38062 0.56934 0.38025 0.58355 0.37989 0.60268 0.38171 0.62563 0.38316 0.64257 0.38971 0.66607 0.40607 0.67262
4 0.21844 0.61087 0.22571 0.60814 0.23225 0.59667 0.24280 0.57262 0.24680 0.55842 0.25153 0.53492 0.25298 0.52290 0.24825 0.52071 0.24244 0.51197 0.23807 0.50596 0.22825 0.49393 0.22753 0.50268 0.21153 0.50923 0.20571 0.50923 0.20389 0.54257 0.19225 0.57863 0.19335 0.59011 0.19480 0.60322 0.20025 0.61033 0.21844 0.61087
4 0.13953 0.57590 0.13771 0.60869 0.14825 0.61634 0.16862 0.61579 0.17735 0.60486 0.18644 0.58519 0.19407 0.57208 0.20280 0.54202 0.20535 0.51142 0.19771 0.50705 0.18607 0.49667 0.18207 0.49175 0.17953 0.48738 0.17044 0.49066 0.15553 0.49175 0.15480 0.49885 0.14898 0.51634 0.14389 0.53328 0.14135 0.54967 0.13953 0.57590
4 0.53662 0.47535 0.54062 0.48191 0.54644 0.49120 0.55771 0.49831 0.57298 0.50213 0.58473 0.50000 0.62135 0.48956 0.63553 0.47208 0.63662 0.44475 0.63989 0.39557 0.63880 0.37262 0.62800 0.33552 0.61516 0.30978 0.59844 0.28792 0.58716 0.28246 0.57407 0.28300 0.56280 0.28410 0.55335 0.29503 0.54753 0.30268 0.54025 0.31197 0.53444 0.32344 0.53225 0.33219 0.53080 0.33929 0.53080 0.37208 0.53080 0.38519 0.52898 0.41251 0.52898 0.43820 0.52935 0.45240 0.53335 0.46770 0.53662 0.47535
4 0.63589 0.45842 0.64025 0.46607 0.64316 0.47044 0.64716 0.47590 0.65189 0.47863 0.65553 0.47973 0.66316 0.48300 0.67407 0.48410 0.69335 0.47590 0.70062 0.46607 0.70244 0.45350 0.70171 0.44694 0.70062 0.42945 0.69989 0.40049 0.69916 0.36333 0.69625 0.35732 0.69262 0.35077 0.69044 0.34148 0.68753 0.33765 0.68098 0.32508 0.67662 0.31361 0.67225 0.30705 0.66644 0.30596 0.65444 0.30596 0.64862 0.30650 0.64244 0.30760 0.63989 0.31743 0.63807 0.32945 0.63735 0.34803 0.63989 0.39448 0.63807 0.42891 0.63589 0.45842
4 0.23884 0.50612 0.24196 0.51361 0.24945 0.52115 0.25695 0.52022 0.26727 0.50328 0.27455 0.49618 0.27855 0.48962 0.27945 0.48077 0.28073 0.47322 0.28196 0.46574 0.28196 0.44973 0.28196 0.43284 0.28196 0.41689 0.28073 0.39399 0.27636 0.38087 0.26873 0.36230 0.24909 0.35738 0.23964 0.36120 0.23055 0.38033 0.22884 0.39716 0.22444 0.40934 0.22444 0.43377 0.22695 0.49202 0.23135 0.49672 0.23884 0.50612
4 0.78400 0.57322 0.78647 0.58798 0.79084 0.60984 0.79265 0.61366 0.79956 0.61803 0.80611 0.62295 0.81265 0.63716 0.81920 0.64426 0.82611 0.63716 0.83120 0.62842 0.83302 0.60874 0.83302 0.59454 0.82720 0.56503 0.82502 0.54153 0.81665 0.52568 0.80393 0.51202 0.79265 0.51093 0.78356 0.51038 0.77629 0.51913 0.77047 0.52623 0.77629 0.54044 0.78175 0.56885 0.78400 0.57322
4 0.76425 0.42672 0.76425 0.44311 0.76498 0.45678 0.76535 0.46661 0.77262 0.48519 0.78462 0.50104 0.79807 0.50213 0.80462 0.49667 0.81007 0.48683 0.81298 0.47918 0.81444 0.45295 0.81553 0.42290 0.81698 0.38683 0.81735 0.36388 0.81189 0.35186 0.80207 0.34749 0.79298 0.34639 0.78462 0.34639 0.77553 0.34913 0.77080 0.35568 0.76644 0.36934 0.76462 0.38683 0.76425 0.39885 0.76425 0.41087 0.76425 0.42672
4 0.52571 0.50541 0.52498 0.51306 0.52498 0.53874 0.52498 0.56333 0.52498 0.57918 0.52607 0.60158 0.52935 0.61634 0.53589 0.63656 0.55262 0.67044 0.56862 0.67809 0.58571 0.66989 0.59880 0.63383 0.59916 0.60814 0.59880 0.55568 0.59735 0.51525 0.59735 0.50650 0.59698 0.49667 0.57335 0.50213 0.56280 0.49995 0.55553 0.49885 0.54898 0.49284 0.54571 0.48902 0.54316 0.48519 0.53989 0.48683 0.53516 0.48902 0.53262 0.49339 0.52971 0.50104 0.52571 0.50541
4 0.85047 0.51694 0.86138 0.52514 0.86647 0.52404 0.87447 0.53060 0.88356 0.54317 0.88575 0.55410 0.88865 0.55902 0.88975 0.56503 0.89229 0.56557 0.89556 0.56503 0.89702 0.55574 0.89702 0.54317 0.89556 0.53169 0.89047 0.52404 0.88211 0.50929 0.87484 0.50000 0.87047 0.49399 0.86502 0.48743 0.86029 0.48197 0.85556 0.47869 0.85375 0.48142 0.85193 0.48852 0.84793 0.49891 0.84393 0.49836 0.84465 0.50765 0.84211 0.51202 0.84538 0.51694 0.85047 0.51694
4 0.13444 0.48639 0.13942 0.48262 0.14316 0.48825 0.15567 0.49295 0.17007 0.49109 0.18073 0.48689 0.19091 0.48798 0.19818 0.49579 0.20131 0.49858 0.20131 0.43563 0.19633 0.42344 0.18193 0.40087 0.17193 0.38869 0.16193 0.38115 0.15193 0.37929 0.14444 0.38306 0.14069 0.38962 0.13567 0.39432 0.13193 0.39525 0.13193 0.41874 0.12942 0.45071 0.12942 0.47230 0.13444 0.48639
4 0.25880 0.65568 0.27480 0.65623 0.28280 0.63929 0.29044 0.62563 0.29880 0.61251 0.30753 0.59393 0.32025 0.56880 0.32316 0.54694 0.31735 0.53656 0.31371 0.52071 0.30935 0.52727 0.30316 0.52618 0.29335 0.51634 0.28644 0.49557 0.28462 0.49175 0.27771 0.49667 0.27407 0.50322 0.26825 0.50978 0.26098 0.51634 0.25553 0.52071 0.25225 0.52180 0.25189 0.53055 0.25153 0.53929 0.24935 0.54912 0.24716 0.55787 0.24545 0.56776 0.24218 0.57486 0.23480 0.59284 0.23516 0.61087 0.23916 0.62454 0.24716 0.64694 0.25880 0.65568
4 0.70171 0.43765 0.70207 0.44639 0.70353 0.45350 0.70571 0.45732 0.71153 0.46607 0.71480 0.47044 0.71953 0.47918 0.72207 0.48847 0.72680 0.49175 0.73625 0.49230 0.74462 0.48847 0.75516 0.48191 0.75662 0.47918 0.76171 0.47262 0.76389 0.46607 0.76462 0.46005 0.76462 0.44639 0.76462 0.41907 0.76353 0.39175 0.76353 0.38082 0.76316 0.36224 0.76171 0.35131 0.75989 0.34202 0.75771 0.33492 0.75625 0.32672 0.75335 0.31525 0.74862 0.30869 0.74280 0.30814 0.73662 0.30760 0.72680 0.30760 0.71953 0.30760 0.71335 0.30760 0.70607 0.30760 0.70280 0.31088 0.70062 0.31962 0.69953 0.33710 0.69953 0.34913 0.69953 0.36115 0.70025 0.39120 0.70062 0.40978 0.70171 0.43765
4 0.73593 0.57814 0.74465 0.60273 0.74902 0.61366 0.74938 0.62459 0.75265 0.64208 0.75593 0.64700 0.75775 0.64918 0.75956 0.65246 0.76611 0.65519 0.77084 0.65519 0.77956 0.65519 0.78691 0.65574 0.79156 0.65519 0.79127 0.64645 0.79127 0.63224 0.79091 0.61694 0.78684 0.58470 0.78393 0.57596 0.78138 0.56393 0.77702 0.54535 0.77484 0.53661 0.77011 0.52787 0.76502 0.52186 0.76102 0.51803 0.75884 0.51366 0.75593 0.50984 0.74793 0.50328 0.74211 0.50328 0.73556 0.50382 0.73375 0.50382 0.73193 0.50437 0.72865 0.50929 0.72465 0.51749 0.71884 0.52896 0.71702 0.53005 0.72684 0.56120 0.73156 0.56885 0.73593 0.57814
4 0.81371 0.47372 0.81371 0.47809 0.81516 0.48300 0.81662 0.48792 0.82462 0.49503 0.83298 0.49503 0.84764 0.49836 0.85236 0.48743 0.85418 0.47814 0.85407 0.46169 0.85480 0.45240 0.85807 0.44257 0.85807 0.43601 0.85807 0.42508 0.85698 0.41470 0.85589 0.40705 0.85407 0.39448 0.84935 0.38628 0.84462 0.37809 0.83807 0.36934 0.83407 0.36934 0.82898 0.37317 0.82498 0.38191 0.81807 0.39448 0.81553 0.41033 0.81480 0.43601 0.81371 0.47372
4 0.47335 0.66115 0.48244 0.66989 0.49771 0.67098 0.52218 0.60874 0.52545 0.58634 0.52436 0.50164 0.52389 0.48738 0.49844 0.48902 0.47625 0.48847 0.46135 0.48847 0.45625 0.49066 0.45407 0.49448 0.45335 0.49776 0.45407 0.54257 0.45480 0.58410 0.45407 0.60923 0.45698 0.61251 0.45989 0.62781 0.46207 0.64038 0.46498 0.64639 0.47335 0.66115
4 0.82684 0.54754 0.82720 0.56230 0.83011 0.57596 0.83447 0.59727 0.83447 0.61366 0.83811 0.61366 0.84393 0.61967 0.85011 0.62623 0.86320 0.62623 0.87811 0.62678 0.88429 0.62623 0.88829 0.61530 0.88829 0.60601 0.88829 0.59618 0.88829 0.58033 0.88829 0.57049 0.88793 0.55956 0.88284 0.54372 0.87775 0.53607 0.87375 0.53060 0.86756 0.52568 0.86065 0.52295 0.85484 0.51967 0.84611 0.51585 0.84255 0.50820 0.83709 0.50984 0.82727 0.50820 0.82465 0.51257 0.81920 0.51475 0.81593 0.52131 0.81993 0.53115 0.82611 0.54153 0.82684 0.54754
