4 0.38728 0.46306 0.39259 0.46247 0.40291 0.46147 0.40948 0.46261 0.42587 0.45882 0.43468 0.45679 0.44188 0.45513 0.45066 0.45310 0.45691 0.45096 0.46569 0.44894 0.47404 0.43767 0.47765 0.42409 0.45626 0.32594 0.44053 0.28875 0.42731 0.26430 0.41788 0.24906 0.40061 0.23633 0.38707 0.22873 0.37387 0.22446 0.36117 0.22601 0.34934 0.22943 0.34170 0.23655 0.33774 0.24485 0.33782 0.25619 0.33612 0.27065 0.33370 0.30402 0.32890 0.32519 0.33988 0.37823 0.34746 0.41465 0.35582 0.45089 0.36152 0.46094 0.36569 0.46268 0.36960 0.46311 0.37517 0.46182 0.38037 0.46062 0.38728 0.46306
4 0.66582 0.55299 0.66065 0.52339 0.65719 0.49738 0.65468 0.47928 0.64737 0.46949 0.64376 0.46295 0.62898 0.45910 0.62030 0.46173 0.60579 0.46641 0.59653 0.47183 0.58657 0.47615 0.58398 0.47952 0.57936 0.48324 0.57740 0.49107 0.57737 0.49644 0.58088 0.49891 0.58526 0.50332 0.58864 0.51794 0.59534 0.53784 0.60000 0.55614 0.59994 0.56687 0.60781 0.59187 0.61541 0.61018 0.62862 0.62719 0.63771 0.64112 0.64863 0.64270 0.65515 0.63450 0.65717 0.61593 0.65956 0.59531 0.66512 0.57195 0.66582 0.55299
4 0.15260 0.46633 0.15559 0.47567 0.16253 0.48012 0.16805 0.48219 0.18039 0.48269 0.18694 0.48187 0.19919 0.47835 0.20209 0.47099 0.20633 0.45462 0.20398 0.44444 0.19949 0.43411 0.19296 0.41682 0.18434 0.39408 0.17737 0.37960 0.16222 0.36580 0.15005 0.35708 0.13958 0.35148 0.13221 0.34517 0.11968 0.34005 0.11735 0.35195 0.11990 0.36473 0.12422 0.37982 0.13282 0.39525 0.13415 0.40100 0.13626 0.41187 0.13833 0.43013 0.14245 0.44059 0.14697 0.44555 0.14820 0.44728 0.15040 0.45680 0.15260 0.46633
4 0.60408 0.59942 0.59920 0.55632 0.58403 0.50159 0.58101 0.49952 0.57368 0.50057 0.56648 0.50224 0.56403 0.50621 0.56156 0.51012 0.55956 0.51058 0.54712 0.49863 0.53120 0.49706 0.52588 0.49962 0.52138 0.50198 0.51900 0.50455 0.51546 0.51465 0.51465 0.52026 0.53656 0.61893 0.54301 0.63762 0.55020 0.65602 0.55813 0.67766 0.56764 0.69149 0.57733 0.70067 0.58973 0.69781 0.59730 0.68130 0.60235 0.66670 0.60443 0.65751 0.60408 0.59942
4 0.75180 0.63560 0.76178 0.61600 0.75560 0.55705 0.75175 0.53846 0.74943 0.53029 0.74125 0.49677 0.73297 0.47723 0.72116 0.45719 0.70989 0.44843 0.70012 0.44994 0.67972 0.46006 0.67267 0.46233 0.66482 0.47215 0.66081 0.48386 0.65798 0.49720 0.65983 0.51620 0.66435 0.54128 0.66733 0.55402 0.67584 0.56642 0.68056 0.57115 0.68524 0.58356 0.69168 0.59557 0.70446 0.60899 0.71103 0.61906 0.71666 0.63027 0.73616 0.64325 0.75180 0.63560
4 0.63676 0.38534 0.64395 0.38368 0.64833 0.38267 0.65752 0.38055 0.66423 0.37300 0.66425 0.35489 0.66532 0.34127 0.66165 0.32540 0.65548 0.29868 0.64765 0.26838 0.63984 0.25277 0.62956 0.24107 0.62010 0.23121 0.60757 0.22072 0.59200 0.21896 0.58046 0.22364 0.57546 0.23482 0.57234 0.24690 0.57000 0.26220 0.57135 0.28265 0.58461 0.33650 0.59121 0.36507 0.59417 0.39252 0.60140 0.39823 0.61432 0.39589 0.62207 0.39479 0.62871 0.39256 0.63288 0.38693 0.63676 0.38534
4 0.35087 0.58621 0.32916 0.57242 0.32010 0.54782 0.31393 0.53379 0.30227 0.51976 0.29648 0.51839 0.28671 0.52537 0.28313 0.53358 0.28266 0.54239 0.28600 0.56238 0.28613 0.57567 0.28682 0.58963 0.28767 0.61152 0.28952 0.62315 0.29129 0.64545 0.30225 0.69118 0.30810 0.71463 0.32248 0.74411 0.33603 0.75897 0.35547 0.75379 0.36813 0.73023 0.37326 0.70690 0.37899 0.67877 0.36153 0.59579 0.35087 0.58621
4 0.81156 0.47114 0.81803 0.46630 0.81798 0.45698 0.81477 0.43759 0.81051 0.41915 0.80582 0.39884 0.78842 0.36538 0.77772 0.35378 0.76802 0.34460 0.75679 0.33785 0.74947 0.34623 0.74033 0.35768 0.73742 0.36706 0.73971 0.38060 0.73989 0.38863 0.74535 0.39406 0.75704 0.41010 0.76758 0.42104 0.77648 0.43040 0.78922 0.45825 0.79594 0.47273 0.79958 0.47391 0.81156 0.47114
4 0.81227 0.30094 0.79893 0.30333 0.79135 0.29972 0.77820 0.29740 0.77001 0.29663 0.76662 0.29470 0.75885 0.29385 0.75949 0.30575 0.76033 0.31490 0.75761 0.32492 0.75570 0.32940 0.75813 0.33818 0.76730 0.34679 0.77951 0.35602 0.79032 0.36626 0.79598 0.37632 0.80829 0.37480 0.82579 0.37947 0.83396 0.38029 0.82610 0.34797 0.81461 0.31107 0.81227 0.30094
4 0.35468 0.46055 0.35867 0.45963 0.34704 0.41475 0.33785 0.37132 0.33258 0.34112 0.32759 0.31949 0.31943 0.30598 0.30697 0.29946 0.29843 0.30080 0.29162 0.30237 0.28677 0.30684 0.27555 0.31479 0.27255 0.32551 0.27092 0.33857 0.26998 0.34548 0.27160 0.36523 0.27216 0.38020 0.27685 0.40680 0.28421 0.42297 0.29702 0.45709 0.31157 0.46717 0.32270 0.46794 0.33189 0.46582 0.33867 0.46425 0.34669 0.46240 0.35468 0.46055
4 0.78420 0.16853 0.78000 0.17953 0.77392 0.18964 0.77017 0.19523 0.76482 0.20316 0.75865 0.20925 0.75522 0.21074 0.75013 0.21791 0.75350 0.23252 0.75588 0.24472 0.75700 0.26055 0.75691 0.26927 0.76011 0.29396 0.77227 0.29703 0.78903 0.29893 0.79950 0.30343 0.81237 0.30104 0.81291 0.26367 0.81051 0.23141 0.80319 0.20162 0.79689 0.17967 0.79310 0.16515 0.78420 0.16853
4 0.21613 0.52425 0.21241 0.51174 0.20060 0.50443 0.18909 0.49838 0.18110 0.49285 0.16982 0.49141 0.16656 0.51753 0.16515 0.54064 0.16710 0.55627 0.17076 0.57215 0.17481 0.59330 0.17925 0.60703 0.20242 0.60168 0.20721 0.59320 0.20907 0.57945 0.21119 0.56489 0.21440 0.54408 0.21613 0.52425
4 0.26262 0.34453 0.24142 0.32198 0.21513 0.30124 0.20329 0.29192 0.19352 0.28414 0.17769 0.28312 0.16500 0.28473 0.16626 0.30116 0.16993 0.32240 0.17430 0.34681 0.17843 0.36662 0.17929 0.37582 0.18222 0.38852 0.19136 0.40987 0.19578 0.42355 0.20160 0.43962 0.20639 0.45126 0.21719 0.46883 0.22956 0.48408 0.24119 0.48341 0.25055 0.47652 0.25690 0.45298 0.26427 0.42648 0.27285 0.41447 0.27564 0.40644 0.26884 0.36050 0.26262 0.34453
4 0.53525 0.61859 0.51874 0.54537 0.51007 0.51330 0.50056 0.51215 0.48920 0.51402 0.47795 0.51460 0.46755 0.51700 0.45693 0.52015 0.44589 0.52339 0.44131 0.52917 0.43793 0.53463 0.43517 0.54264 0.43415 0.54559 0.43943 0.56847 0.44904 0.60096 0.45522 0.62773 0.45933 0.63283 0.47236 0.65456 0.48448 0.67782 0.49641 0.69854 0.49920 0.71063 0.50380 0.71955 0.52323 0.71247 0.53028 0.68472 0.53158 0.66303 0.53313 0.64053 0.53525 0.61859
4 0.74194 0.20977 0.73527 0.21200 0.72933 0.22271 0.72549 0.23167 0.72414 0.23665 0.72912 0.27834 0.73291 0.30024 0.73543 0.32578 0.73716 0.34412 0.74164 0.34908 0.74520 0.35160 0.74902 0.34270 0.75240 0.33725 0.75487 0.33334 0.75851 0.31439 0.75755 0.27379 0.75338 0.23388 0.74749 0.20647 0.74194 0.20977
4 0.51745 0.44506 0.56395 0.42764 0.57197 0.42578 0.58512 0.40799 0.59385 0.38925 0.58681 0.34602 0.57903 0.31230 0.57122 0.28400 0.56370 0.26965 0.54800 0.23447 0.54195 0.22647 0.52818 0.21426 0.51607 0.20564 0.49948 0.20480 0.48375 0.20780 0.47408 0.21337 0.46773 0.23156 0.46092 0.25124 0.45847 0.26985 0.45794 0.28940 0.45699 0.31637 0.45852 0.33211 0.46087 0.34229 0.46440 0.35756 0.46835 0.37469 0.47437 0.40075 0.48053 0.42746 0.49057 0.43985 0.50212 0.44791 0.51745 0.44506
4 0.17061 0.49123 0.17221 0.48544 0.15610 0.47584 0.14786 0.44563 0.13667 0.44821 0.12852 0.44935 0.11908 0.45228 0.10739 0.45630 0.09890 0.46697 0.09974 0.48349 0.10071 0.50403 0.11265 0.53944 0.11618 0.55471 0.12787 0.57611 0.14525 0.57475 0.15730 0.56130 0.16501 0.53265 0.16786 0.50853 0.17061 0.49123
4 0.12174 0.37757 0.11547 0.37129 0.10430 0.36234 0.09404 0.35214 0.08252 0.34419 0.07534 0.34198 0.07131 0.34291 0.06591 0.34324 0.06205 0.35278 0.06200 0.36824 0.07159 0.40460 0.08321 0.42602 0.09109 0.45199 0.11113 0.45082 0.12324 0.43419 0.13125 0.43119 0.13760 0.42788 0.13328 0.40385 0.12990 0.38918 0.12174 0.37757
4 0.43188 0.73823 0.44284 0.73639 0.45467 0.73297 0.45630 0.71990 0.45283 0.68853 0.45014 0.66776 0.45205 0.64858 0.45531 0.63174 0.44198 0.57590 0.43159 0.53811 0.41626 0.53565 0.41093 0.53077 0.40494 0.53215 0.39480 0.53928 0.39084 0.53673 0.38697 0.53630 0.37936 0.54544 0.37508 0.54516 0.36973 0.53832 0.36431 0.54955 0.35863 0.56498 0.35660 0.57820 0.36140 0.59709 0.37929 0.67270 0.38539 0.67729 0.38978 0.68360 0.39540 0.68968 0.40276 0.70148 0.41032 0.71241 0.41716 0.72554 0.42349 0.73284 0.43188 0.73823
4 0.74907 0.52420 0.75346 0.52561 0.76231 0.52673 0.77695 0.54428 0.79307 0.57026 0.80008 0.55901 0.80331 0.52696 0.80457 0.51058 0.79717 0.47856 0.77409 0.42680 0.75130 0.40237 0.73632 0.38571 0.72974 0.38296 0.71807 0.38739 0.70835 0.39713 0.70069 0.40639 0.70128 0.41790 0.69769 0.42196 0.69414 0.42197 0.68681 0.41645 0.67600 0.41330 0.66983 0.41957 0.66997 0.43320 0.67129 0.44333 0.67389 0.46118 0.68627 0.45354 0.69876 0.45065 0.70500 0.44921 0.71417 0.44952 0.71856 0.45329 0.72819 0.46877 0.73682 0.48200 0.74268 0.50077 0.74907 0.52420
4 0.28580 0.58520 0.28448 0.56129 0.28185 0.53716 0.27714 0.52758 0.27126 0.52225 0.26565 0.51617 0.26069 0.51667 0.25457 0.51198 0.24583 0.50333 0.23649 0.50485 0.22779 0.50548 0.22142 0.50695 0.21695 0.51132 0.21752 0.51926 0.21591 0.52926 0.21539 0.54115 0.21258 0.55990 0.20997 0.57047 0.21133 0.59098 0.21851 0.62207 0.22380 0.64495 0.23051 0.66681 0.23798 0.68457 0.25570 0.68653 0.26843 0.68152 0.28046 0.66606 0.28775 0.64835 0.28853 0.62262 0.28580 0.58520
4 0.73495 0.36204 0.73621 0.33828 0.73228 0.30304 0.72800 0.26989 0.72369 0.24212 0.71788 0.21866 0.71171 0.19933 0.70451 0.18825 0.69424 0.18192 0.68370 0.18372 0.67582 0.19153 0.67253 0.20838 0.66537 0.22479 0.66292 0.24340 0.65811 0.26262 0.65243 0.27996 0.65789 0.30551 0.66356 0.33366 0.66837 0.34726 0.67730 0.35125 0.68893 0.36644 0.70454 0.38174 0.71582 0.38317 0.73002 0.38261 0.73495 0.36204
