4 0.45384 0.51893 0.45750 0.49343 0.44250 0.48996 0.43305 0.48716 0.41103 0.47799 0.41032 0.50058 0.40777 0.52138 0.40523 0.54212 0.40320 0.57108 0.40812 0.58136 0.40919 0.59771 0.41166 0.61101 0.41136 0.63039 0.42055 0.64773 0.43395 0.65591 0.43615 0.65454 0.44236 0.60831 0.44766 0.56517 0.45384 0.51893
4 0.52171 0.61152 0.53631 0.56390 0.54028 0.54412 0.54151 0.52159 0.53820 0.50660 0.52793 0.50208 0.51497 0.49885 0.50483 0.49761 0.49519 0.49643 0.48150 0.49475 0.47291 0.49369 0.46721 0.49383 0.46146 0.49470 0.45771 0.49993 0.45408 0.52948 0.45065 0.55338 0.44731 0.58055 0.44773 0.61054 0.44605 0.64118 0.45425 0.68755 0.46350 0.70411 0.47901 0.70354 0.51068 0.64259 0.52171 0.61152
4 0.26217 0.50024 0.27026 0.48907 0.27518 0.48241 0.28119 0.46694 0.28735 0.43770 0.26820 0.43450 0.26105 0.42552 0.25443 0.41255 0.25136 0.40407 0.24581 0.41149 0.24127 0.41499 0.23940 0.43018 0.23754 0.44943 0.23588 0.46295 0.23289 0.47069 0.22816 0.47580 0.22099 0.48792 0.22084 0.50163 0.22102 0.51708 0.21974 0.52745 0.22090 0.53491 0.22100 0.53813 0.23114 0.53937 0.24031 0.53160 0.24524 0.52084 0.25330 0.50967 0.26217 0.50024
4 0.52745 0.50106 0.54466 0.50318 0.56596 0.50579 0.58267 0.50784 0.59393 0.50433 0.60808 0.49796 0.61876 0.48633 0.62733 0.47117 0.63395 0.42982 0.63836 0.39795 0.63853 0.35907 0.62508 0.29258 0.61495 0.27434 0.60034 0.26765 0.58464 0.26572 0.57154 0.26332 0.55973 0.26756 0.54911 0.27436 0.53770 0.28348 0.53383 0.30243 0.52551 0.34925 0.51862 0.37193 0.51529 0.39904 0.51221 0.41977 0.51045 0.43413 0.50799 0.45410 0.50725 0.46858 0.51134 0.48124 0.51337 0.49849 0.52745 0.50106
4 0.58685 0.51258 0.57885 0.51075 0.56506 0.50990 0.55594 0.50878 0.54235 0.50627 0.54123 0.50698 0.54108 0.51664 0.54112 0.52475 0.54014 0.53679 0.53965 0.54483 0.53818 0.55681 0.53759 0.56163 0.53475 0.57665 0.53011 0.58908 0.52470 0.59973 0.52820 0.61721 0.53344 0.62917 0.54694 0.63651 0.55430 0.63095 0.56396 0.61513 0.57129 0.59329 0.57535 0.57274 0.58395 0.54869 0.59239 0.52620 0.58685 0.51258
4 0.32682 0.52275 0.34256 0.46148 0.34642 0.43443 0.34322 0.42266 0.33465 0.41272 0.32919 0.41120 0.32300 0.41129 0.31159 0.42041 0.30745 0.42474 0.30262 0.42657 0.29657 0.43393 0.29173 0.43987 0.28789 0.44587 0.28628 0.45051 0.27874 0.48690 0.27517 0.50346 0.27096 0.53779 0.26788 0.55852 0.26708 0.58189 0.27409 0.59170 0.28476 0.59301 0.29680 0.58717 0.30784 0.56826 0.31559 0.55137 0.32682 0.52275
4 0.69344 0.38529 0.68892 0.37173 0.68390 0.35817 0.67890 0.34455 0.67398 0.33427 0.66180 0.33277 0.65268 0.33165 0.64883 0.33360 0.64127 0.34078 0.63931 0.35270 0.63794 0.36789 0.64158 0.38860 0.63972 0.40380 0.63766 0.42054 0.63589 0.43496 0.62865 0.47296 0.63133 0.48866 0.63867 0.49609 0.65043 0.49669 0.66712 0.46958 0.67369 0.46228 0.68408 0.45709 0.69043 0.44323 0.69268 0.42488 0.69494 0.40652 0.69344 0.38529
4 0.80000 0.47678 0.80856 0.47715 0.81632 0.47676 0.82978 0.47165 0.83149 0.46849 0.83363 0.45457 0.83550 0.44602 0.83814 0.43148 0.84043 0.41285 0.84197 0.39683 0.84270 0.38071 0.84441 0.36673 0.84380 0.35045 0.83918 0.34650 0.83422 0.35197 0.82733 0.35923 0.81711 0.37959 0.81375 0.39269 0.81285 0.40001 0.81179 0.40866 0.81063 0.41459 0.80842 0.42243 0.80582 0.43629 0.80530 0.44433 0.80247 0.46357 0.80000 0.47678
4 0.40154 0.33645 0.39896 0.31992 0.39430 0.30314 0.39133 0.28983 0.38711 0.27794 0.37911 0.27617 0.37506 0.27567 0.37020 0.32370 0.36307 0.33983 0.34980 0.36415 0.35104 0.39593 0.34899 0.41673 0.35268 0.43261 0.37398 0.43522 0.38563 0.43665 0.38910 0.41276 0.39087 0.39834 0.39370 0.37522 0.39908 0.35235 0.40154 0.33645
4 0.73004 0.46836 0.74031 0.47694 0.75200 0.48648 0.76234 0.49017 0.76872 0.48853 0.77681 0.48142 0.78413 0.46369 0.79337 0.42188 0.79370 0.37734 0.79128 0.35109 0.79057 0.32748 0.79121 0.30971 0.78836 0.28668 0.78272 0.26978 0.76503 0.25061 0.73881 0.25870 0.71143 0.30155 0.69936 0.34549 0.69364 0.38773 0.69464 0.40891 0.69288 0.42327 0.69677 0.42943 0.69960 0.43546 0.70573 0.44432 0.71176 0.45396 0.71430 0.45832 0.72161 0.46575 0.73004 0.46836
4 0.77070 0.50678 0.77079 0.49785 0.76914 0.49443 0.74537 0.48257 0.73582 0.47250 0.72548 0.46881 0.72008 0.46652 0.72003 0.47945 0.72171 0.51613 0.72324 0.54148 0.72804 0.57365 0.73218 0.59847 0.74752 0.61172 0.76883 0.59323 0.77249 0.56779 0.77501 0.53889 0.77301 0.52165 0.77070 0.50678
4 0.77831 0.47851 0.77489 0.48540 0.77105 0.49140 0.77026 0.49778 0.77059 0.49945 0.77274 0.50703 0.77264 0.51186 0.77554 0.54706 0.77407 0.56309 0.78200 0.56570 0.78941 0.56824 0.79473 0.56242 0.79952 0.54027 0.80109 0.52751 0.80126 0.49675 0.80293 0.48316 0.80068 0.47641 0.78338 0.47913 0.77831 0.47851
4 0.14423 0.26663 0.14327 0.27440 0.14447 0.29087 0.15036 0.30397 0.15996 0.31022 0.17051 0.31151 0.17600 0.31050 0.17563 0.29019 0.16933 0.28041 0.16170 0.27272 0.15232 0.26763 0.14423 0.26663
4 0.81527 0.47899 0.80921 0.47825 0.80249 0.47827 0.80415 0.48573 0.80287 0.49205 0.80130 0.50080 0.80110 0.51052 0.80211 0.52764 0.80474 0.53123 0.81473 0.54213 0.81726 0.54245 0.82989 0.53589 0.84144 0.53410 0.84525 0.52404 0.84040 0.50476 0.83353 0.48529 0.83149 0.47693 0.82316 0.47754 0.81527 0.47899
4 0.65759 0.61931 0.67715 0.59413 0.67930 0.57661 0.67415 0.55572 0.66977 0.54544 0.66413 0.53259 0.65761 0.51879 0.64855 0.50878 0.64515 0.50268 0.63511 0.50066 0.62454 0.48636 0.62167 0.48443 0.61444 0.49323 0.60401 0.50253 0.60031 0.50770 0.59850 0.51401 0.59328 0.52305 0.59161 0.53258 0.58292 0.54452 0.57833 0.56095 0.57584 0.56875 0.57277 0.58942 0.56377 0.61669 0.56464 0.63464 0.56321 0.65472 0.56948 0.67091 0.57640 0.68555 0.58770 0.69420 0.59681 0.69532 0.61427 0.67478 0.62574 0.66077 0.64349 0.63784 0.65759 0.61931
4 0.67505 0.67819 0.68065 0.67888 0.68621 0.67956 0.69210 0.67787 0.70044 0.66836 0.71113 0.64857 0.71183 0.63003 0.71290 0.61721 0.71535 0.59320 0.71276 0.55556 0.71247 0.53284 0.71279 0.51746 0.71241 0.49557 0.71105 0.48162 0.70639 0.46483 0.70089 0.45521 0.69368 0.45112 0.68437 0.45566 0.67500 0.46503 0.66885 0.47317 0.66232 0.48453 0.65548 0.49421 0.64904 0.50479 0.66739 0.53541 0.68063 0.57835 0.67685 0.59657 0.65309 0.63092 0.65440 0.64971 0.65898 0.66243 0.66359 0.67110 0.66958 0.67673 0.67505 0.67819
4 0.17429 0.43676 0.17947 0.41956 0.18166 0.40609 0.16096 0.40270 0.15043 0.40062 0.14404 0.39821 0.13898 0.39758 0.13513 0.39953 0.13010 0.40702 0.12804 0.42382 0.12638 0.44140 0.12504 0.45666 0.12874 0.47659 0.13911 0.48434 0.14471 0.48502 0.15506 0.46767 0.16301 0.45322 0.17429 0.43676
4 0.39779 0.58173 0.40172 0.55790 0.40803 0.51494 0.40522 0.49590 0.40079 0.48163 0.39553 0.47445 0.38686 0.46123 0.38073 0.45237 0.37694 0.44543 0.37216 0.43838 0.36525 0.43589 0.35856 0.43592 0.35202 0.44322 0.34828 0.44839 0.34525 0.45207 0.34182 0.47191 0.33811 0.48524 0.33312 0.50084 0.32965 0.52068 0.32252 0.53686 0.31862 0.55175 0.31086 0.56458 0.30407 0.58643 0.30712 0.61602 0.30773 0.63635 0.31386 0.64927 0.32190 0.66320 0.33320 0.67190 0.34446 0.67244 0.36129 0.64856 0.37427 0.63073 0.38173 0.62028 0.39779 0.58173
4 0.18606 0.36971 0.18785 0.37837 0.18830 0.40094 0.19055 0.40290 0.19486 0.40568 0.19914 0.40283 0.20002 0.39563 0.20225 0.37170 0.20449 0.35340 0.20660 0.33621 0.20760 0.32226 0.20640 0.32042 0.19985 0.31849 0.19519 0.31567 0.19179 0.30850 0.19092 0.30389 0.19048 0.29877 0.18889 0.28844 0.18718 0.28204 0.18133 0.28020 0.17642 0.28522 0.17687 0.30779 0.17562 0.31214 0.17345 0.31525 0.17537 0.31999 0.17652 0.32520 0.17640 0.33194 0.17763 0.33940 0.18163 0.35340 0.18606 0.36971
4 0.39661 0.46473 0.40302 0.47515 0.41328 0.47973 0.42118 0.48233 0.43085 0.48701 0.44622 0.48783 0.45323 0.48953 0.46795 0.49134 0.47755 0.49252 0.49075 0.49414 0.49519 0.49142 0.50101 0.48161 0.50678 0.45558 0.51002 0.42918 0.51374 0.39885 0.51693 0.35630 0.51201 0.29570 0.50778 0.27576 0.50066 0.26678 0.49117 0.25182 0.48100 0.24247 0.46224 0.24016 0.45243 0.24465 0.43550 0.26525 0.42726 0.28208 0.42056 0.30315 0.41495 0.31946 0.40440 0.33843 0.39816 0.34740 0.39435 0.36556 0.39259 0.37993 0.39083 0.39429 0.38642 0.43022 0.38626 0.43994 0.38873 0.44919 0.39200 0.45606 0.39661 0.46473
4 0.80140 0.46885 0.80262 0.45886 0.80385 0.44888 0.80441 0.44085 0.80792 0.42304 0.80939 0.41106 0.81162 0.39986 0.81319 0.39059 0.81457 0.37928 0.81207 0.36479 0.80101 0.35330 0.79474 0.34848 0.79175 0.35216 0.79361 0.38211 0.79399 0.42471 0.78511 0.46212 0.78093 0.47174 0.78243 0.47665 0.78737 0.47861 0.79733 0.47780 0.80140 0.46885
4 0.19017 0.50845 0.20597 0.50144 0.21787 0.48832 0.23295 0.46586 0.23534 0.45073 0.23711 0.43637 0.23844 0.42117 0.23781 0.41377 0.22869 0.41265 0.22069 0.41088 0.21309 0.40995 0.20496 0.40895 0.19447 0.41493 0.18882 0.42318 0.18067 0.43828 0.17995 0.45001 0.17781 0.46157 0.17317 0.47901 0.17387 0.49373 0.17960 0.50231 0.18448 0.50449 0.19017 0.50845
4 0.26366 0.42877 0.27825 0.43562 0.28859 0.43931 0.30059 0.42537 0.31742 0.40554 0.33424 0.38171 0.34785 0.36717 0.36035 0.34518 0.36879 0.32674 0.37487 0.28133 0.37914 0.23807 0.37540 0.21408 0.37214 0.20315 0.36455 0.18928 0.35948 0.18055 0.35813 0.17875 0.35184 0.17151 0.33903 0.15856 0.32899 0.15654 0.32237 0.15573 0.31451 0.16124 0.29349 0.18871 0.28508 0.21357 0.27110 0.25463 0.26586 0.27988 0.25651 0.31532 0.25276 0.34582 0.25328 0.36783 0.25575 0.38840 0.25449 0.40738 0.26366 0.42877
4 0.16079 0.40094 0.17543 0.40386 0.18740 0.40533 0.18767 0.38567 0.18692 0.37432 0.18342 0.36207 0.18026 0.34705 0.17747 0.33488 0.17580 0.32229 0.17360 0.31696 0.17260 0.31346 0.16760 0.31341 0.16424 0.31750 0.16281 0.32914 0.15694 0.33912 0.15246 0.34363 0.14791 0.34870 0.14204 0.35867 0.13926 0.36677 0.13687 0.38618 0.13796 0.39476 0.15127 0.39696 0.16079 0.40094
4 0.24638 0.41089 0.25331 0.40104 0.25474 0.38940 0.25226 0.36883 0.24902 0.35155 0.24305 0.33618 0.23835 0.32209 0.23506 0.30086 0.21935 0.28768 0.21698 0.29245 0.21112 0.30524 0.20894 0.32299 0.20668 0.33847 0.20567 0.34960 0.20322 0.36956 0.19975 0.39784 0.20350 0.40224 0.20823 0.40733 0.21830 0.40969 0.23027 0.41116 0.24638 0.41089
