4 0.30357 1.00000 0.30570 0.99514 0.30690 0.98162 0.30928 0.95592 0.31048 0.94104 0.31165 0.92886 0.31762 0.91534 0.32238 0.88828 0.32238 0.86528 0.32238 0.83958 0.31880 0.82064 0.31165 0.77734 0.28903 0.77194 0.27475 0.76922 0.26641 0.76922 0.25211 0.78140 0.22831 0.77600 0.21639 0.77600 0.20924 0.77870 0.18424 0.78682 0.17352 0.78546 0.15210 0.78546 0.13185 0.80304 0.12588 0.84904 0.13542 0.88150 0.16400 0.98974 0.29614 1.00000 0.30357 1.00000
4 1.00000 0.32182 0.98926 0.30926 0.98092 0.25110 0.96069 0.21052 0.93687 0.18886 0.91662 0.18886 0.90232 0.20646 0.88923 0.22134 0.86540 0.25110 0.85113 0.27004 0.82849 0.29574 0.81778 0.31874 0.81063 0.33768 0.80468 0.35662 0.80111 0.37286 0.79991 0.38232 0.79754 0.52978 0.80511 0.54420 0.81778 0.55142 0.83961 0.55380 0.86092 0.55360 0.88081 0.55140 0.89401 0.55280 0.91408 0.55300 0.93687 0.55278 0.96496 0.54240 0.98449 0.52572 1.00000 0.50810 1.00000 0.32182
4 0.00000 0.95568 0.00085 0.95592 0.01871 0.95592 0.04014 0.95726 0.05444 0.95998 0.07231 0.95998 0.08301 0.96808 0.10088 0.96808 0.10921 0.96268 0.12232 0.93832 0.12588 0.91938 0.13303 0.89234 0.13422 0.88556 0.13065 0.85852 0.12708 0.83958 0.12588 0.81928 0.12113 0.80576 0.11636 0.78682 0.09254 0.76110 0.06396 0.74758 0.04371 0.72594 0.02824 0.72324 0.01037 0.72728 0.00204 0.72188 0.00000 0.80156 0.00000 0.95568
4 0.70736 1.00000 0.70822 0.98162 0.71655 0.93698 0.72370 0.90586 0.72370 0.88150 0.72370 0.85174 0.71893 0.83686 0.71180 0.82740 0.70299 0.81640 0.69014 0.81180 0.67606 0.81280 0.66058 0.81928 0.65225 0.81658 0.64391 0.80710 0.63319 0.79898 0.61891 0.79898 0.59629 0.81252 0.58079 0.81792 0.54745 0.82470 0.53197 0.84092 0.51650 0.85040 0.51410 0.92750 0.53792 0.99650 0.59264 1.00000 0.70736 1.00000
1 0.41857 0.45620 0.42419 0.47856 0.42419 0.46514 0.42701 0.43896 0.43993 0.42170 0.45567 0.41212 0.46412 0.39360 0.46636 0.37694 0.46356 0.36678 0.45062 0.37380 0.44444 0.38466 0.43375 0.40766 0.42588 0.41788 0.42025 0.44208 0.41857 0.45620
1 0.56363 0.41532 0.58387 0.43448 0.59512 0.45748 0.60356 0.46450 0.60917 0.45110 0.60750 0.43384 0.60468 0.40190 0.59738 0.37956 0.58387 0.36614 0.56982 0.35144 0.55519 0.34506 0.54396 0.33994 0.52989 0.34506 0.52540 0.38274 0.53496 0.39936 0.55070 0.40126 0.56363 0.41532
2 0.52033 0.32584 0.50797 0.35208 0.50908 0.37316 0.51528 0.39610 0.54507 0.40638 0.56926 0.42548 0.59512 0.45358 0.59850 0.49446 0.59738 0.51816 0.61873 0.48296 0.63167 0.44464 0.62998 0.40056 0.61704 0.35592 0.56195 0.30418 0.55014 0.30668 0.54227 0.30986 0.52033 0.32584
2 0.41350 0.45230 0.41688 0.48042 0.43431 0.49894 0.43375 0.46508 0.44049 0.44144 0.45961 0.41910 0.46748 0.41078 0.47366 0.39098 0.47761 0.37054 0.47310 0.36096 0.45343 0.36416 0.43206 0.38524 0.41745 0.41526 0.41350 0.45230
1 0.19254 0.38722 0.19646 0.36934 0.19928 0.34634 0.20210 0.32846 0.19535 0.32078 0.17680 0.33994 0.17680 0.36678 0.18467 0.37828 0.19254 0.38722
1 0.81329 0.38268 0.81835 0.37374 0.82060 0.36480 0.81835 0.34882 0.81778 0.34628 0.80935 0.34692 0.80261 0.37246 0.80204 0.38716 0.80710 0.38780 0.81329 0.38268
4 1.00000 0.63314 0.99829 0.54784 0.99085 0.55348 0.98093 0.55912 0.97597 0.57414 0.96852 0.59106 0.96273 0.61360 0.95859 0.62770 0.95942 0.65400 0.96604 0.67936 0.97597 0.67748 0.97928 0.67184 0.98754 0.67184 0.99085 0.67184 1.00000 0.67184 1.00000 0.63314
4 0.54426 0.40740 0.56569 0.42364 0.57570 0.43338 0.59428 0.45448 0.59856 0.48532 0.60000 0.49994 0.57870 0.54300 0.57870 0.60640 0.57998 0.63468 0.64572 0.64116 0.67144 0.64116 0.68287 0.62980 0.71861 0.62980 0.76092 0.60540 0.78433 0.58180 0.79720 0.52266 0.79863 0.42688 0.79863 0.38142 0.78576 0.33598 0.76861 0.30026 0.74146 0.26130 0.71717 0.24506 0.69144 0.24506 0.66715 0.24506 0.65144 0.24506 0.63430 0.24832 0.61000 0.25642 0.59856 0.25968 0.57141 0.28402 0.55283 0.29702 0.54141 0.31000 0.51854 0.32136 0.51711 0.33272 0.50711 0.36358 0.51139 0.38630 0.51854 0.39766 0.54426 0.40740
4 1.00000 0.67654 0.99746 0.67372 0.98754 0.67278 0.97928 0.67560 0.96852 0.68030 0.95611 0.68688 0.94703 0.69440 0.92965 0.70660 0.90401 0.71506 0.89328 0.71224 0.88831 0.70286 0.87755 0.69910 0.87011 0.69910 0.85854 0.71130 0.85026 0.72258 0.84861 0.73950 0.85026 0.74982 0.85937 0.75828 0.86928 0.76298 0.88831 0.76486 0.90236 0.76580 0.90981 0.77332 0.91725 0.79022 0.92056 0.82310 0.92056 0.86068 0.91643 0.90672 0.92965 0.93208 0.96356 0.96026 0.97597 0.96684 0.99581 0.97812 1.00000 0.97596 1.00000 0.67654
4 0.49204 1.00000 0.49625 0.98568 0.51172 0.94238 0.51650 0.87340 0.51650 0.82198 0.49243 0.80860 0.43671 0.80576 0.42121 0.80440 0.41646 0.80170 0.40217 0.80170 0.38549 0.80034 0.37002 0.79628 0.33548 0.80034 0.32715 0.82740 0.32715 0.84498 0.32715 0.86392 0.32715 0.88286 0.32715 0.90722 0.33072 0.93562 0.33905 0.95726 0.34977 0.98838 0.35319 1.00000 0.49204 1.00000
4 0.77787 1.00000 0.90947 0.99514 0.91185 0.97620 0.91424 0.93968 0.92137 0.86934 0.91900 0.81792 0.91067 0.77058 0.89757 0.76516 0.87375 0.76110 0.85951 0.75780 0.85246 0.74980 0.84398 0.74758 0.83088 0.73812 0.82611 0.73812 0.80826 0.75434 0.79276 0.76246 0.77849 0.76922 0.76894 0.77734 0.75467 0.78682 0.73680 0.79764 0.72132 0.80710 0.71180 0.82334 0.72607 0.83686 0.72607 0.90586 0.71537 0.94510 0.71655 0.96674 0.72132 0.98026 0.72565 1.00000 0.77787 1.00000
4 0.18961 0.52960 0.20810 0.56800 0.26373 0.60520 0.33732 0.62640 0.45440 0.63320 0.48539 0.61000 0.49085 0.53700 0.43565 0.49506 0.43565 0.48046 0.43565 0.46422 0.43995 0.44474 0.45137 0.43338 0.46137 0.42038 0.47137 0.41064 0.47852 0.38142 0.47852 0.34734 0.46424 0.31000 0.40850 0.26454 0.35276 0.23208 0.32134 0.22396 0.28132 0.21746 0.27275 0.21746 0.25417 0.21746 0.22558 0.24668 0.22415 0.27266 0.22273 0.28728 0.21988 0.29864 0.21415 0.31000 0.20843 0.32298 0.19843 0.37332 0.19271 0.41876 0.19271 0.45772 0.19129 0.50642 0.18961 0.52960
4 0.00000 0.44768 0.00838 0.48046 0.06778 0.51240 0.08555 0.50480 0.11555 0.51616 0.14414 0.51616 0.15986 0.51616 0.18701 0.47720 0.19129 0.40090 0.20986 0.33598 0.20986 0.31812 0.22415 0.29214 0.22130 0.28240 0.18129 0.28240 0.16271 0.23208 0.11842 0.14604 0.08697 0.13954 0.07125 0.13954 0.05410 0.15090 0.02553 0.17850 0.02123 0.21260 0.00551 0.23858 0.00000 0.27722 0.00000 0.44768
