4 0.71490 0.25559 0.71933 0.24829 0.72191 0.24404 0.72950 0.22832 0.73088 0.21647 0.73075 0.19880 0.72928 0.18592 0.72393 0.18326 0.71729 0.17889 0.70085 0.16326 0.68398 0.15472 0.67734 0.15036 0.66831 0.14612 0.65467 0.14565 0.64348 0.14624 0.63313 0.14737 0.62388 0.16965 0.62554 0.18606 0.62637 0.20958 0.62748 0.23072 0.63633 0.23910 0.64355 0.23931 0.64709 0.24560 0.65262 0.25945 0.66046 0.26375 0.67096 0.26555 0.69011 0.26396 0.70037 0.26107 0.71490 0.25559
4 0.83702 0.82015 0.85619 0.81143 0.87020 0.79291 0.88768 0.77420 0.90231 0.76749 0.91640 0.74978 0.92333 0.70625 0.92343 0.68586 0.92524 0.66532 0.92417 0.64506 0.91963 0.62492 0.90852 0.59929 0.90408 0.59186 0.89733 0.58462 0.87194 0.57322 0.85635 0.57310 0.84948 0.57346 0.83838 0.58170 0.83164 0.58541 0.82260 0.58930 0.81753 0.59127 0.80847 0.61631 0.79682 0.62552 0.77902 0.63823 0.77629 0.65193 0.77122 0.67664 0.77917 0.70691 0.78946 0.74878 0.79193 0.76314 0.79662 0.79759 0.82208 0.82094 0.83702 0.82015
4 0.29871 0.30097 0.30820 0.29870 0.32145 0.29153 0.33622 0.29075 0.34096 0.28933 0.34378 0.28211 0.34513 0.26967 0.34283 0.25625 0.33720 0.24064 0.32620 0.21412 0.32178 0.20610 0.31541 0.19937 0.31290 0.19349 0.30639 0.19148 0.28966 0.19718 0.28290 0.19812 0.26465 0.20910 0.25611 0.21425 0.24268 0.22556 0.23230 0.24142 0.22745 0.25581 0.22499 0.27008 0.22508 0.28715 0.22757 0.29645 0.23271 0.30266 0.23980 0.30818 0.24570 0.31376 0.24890 0.31359 0.25843 0.31191 0.26433 0.30984 0.26939 0.30722 0.29871 0.30097
4 0.82551 0.58997 0.83401 0.58699 0.84206 0.57555 0.85221 0.55977 0.85862 0.53905 0.85671 0.50269 0.85569 0.48324 0.85431 0.45699 0.83886 0.40437 0.82902 0.40318 0.81636 0.40384 0.80655 0.41460 0.79712 0.42181 0.76429 0.45587 0.76544 0.47778 0.75251 0.49548 0.74070 0.52320 0.74477 0.54584 0.75262 0.56328 0.77873 0.59920 0.79606 0.61101 0.80991 0.60015 0.81517 0.59051 0.82551 0.58997
4 0.25401 0.44174 0.25712 0.43215 0.26086 0.41958 0.26360 0.39529 0.26230 0.36296 0.25456 0.33745 0.25167 0.32817 0.24454 0.31441 0.23228 0.30209 0.22266 0.29435 0.21135 0.29259 0.19061 0.30192 0.18456 0.30872 0.17531 0.33865 0.17408 0.36110 0.17538 0.40109 0.17640 0.44345 0.18469 0.45656 0.19733 0.46827 0.20986 0.47821 0.21453 0.47561 0.22347 0.47043 0.23622 0.46152 0.24163 0.45770 0.24741 0.45327 0.25401 0.44174
4 0.58007 0.24322 0.59141 0.23792 0.59749 0.23171 0.60428 0.21604 0.61295 0.19791 0.61820 0.18350 0.61743 0.16115 0.61300 0.13783 0.60258 0.12247 0.58965 0.11254 0.56746 0.09427 0.54008 0.09158 0.52810 0.09221 0.51332 0.09298 0.49377 0.09459 0.48514 0.10565 0.47872 0.12071 0.47138 0.14112 0.46696 0.16374 0.46659 0.18732 0.47560 0.20629 0.47931 0.20845 0.48856 0.22446 0.50079 0.23618 0.51413 0.23843 0.53279 0.23145 0.55037 0.23818 0.56683 0.24274 0.58007 0.24322
4 0.22829 0.59818 0.25086 0.57261 0.24980 0.55234 0.24706 0.52680 0.22799 0.50471 0.21499 0.48507 0.19746 0.46702 0.18389 0.45419 0.17322 0.44391 0.15936 0.44328 0.14445 0.44000 0.13732 0.46205 0.13456 0.49742 0.13414 0.52453 0.13754 0.55416 0.13924 0.58659 0.15125 0.60492 0.15627 0.61279 0.17409 0.61722 0.18285 0.62766 0.20044 0.62944 0.21048 0.62756 0.21387 0.62197 0.21981 0.61217 0.22829 0.59818
4 0.17990 0.83509 0.19460 0.83432 0.21029 0.81724 0.21997 0.79100 0.23170 0.76870 0.24484 0.73821 0.24399 0.70438 0.23748 0.66815 0.22624 0.64706 0.21606 0.62862 0.18309 0.62853 0.17811 0.61760 0.15737 0.61161 0.14105 0.59067 0.13401 0.59228 0.11655 0.59320 0.10736 0.59368 0.09818 0.61177 0.09557 0.63223 0.08709 0.68145 0.09303 0.72449 0.09501 0.76232 0.09636 0.78799 0.11968 0.79354 0.12823 0.79851 0.14173 0.81000 0.15693 0.81869 0.17990 0.83509
4 0.75426 0.44102 0.77531 0.44593 0.80106 0.41990 0.80073 0.40295 0.79941 0.37769 0.79838 0.35813 0.80251 0.33759 0.80190 0.32578 0.78204 0.28860 0.77400 0.27800 0.76355 0.26583 0.75255 0.26475 0.73586 0.26563 0.73126 0.26587 0.72493 0.27716 0.71859 0.28850 0.71100 0.29738 0.70842 0.31448 0.70476 0.33258 0.70578 0.35197 0.70873 0.37555 0.71814 0.40062 0.72742 0.41274 0.73561 0.42598 0.75426 0.44102
4 0.37303 0.22874 0.39254 0.22654 0.40640 0.22346 0.41688 0.21702 0.43049 0.20924 0.44315 0.20622 0.46149 0.19701 0.46505 0.18858 0.46364 0.16921 0.46173 0.15577 0.46102 0.14225 0.45865 0.12000 0.45208 0.10915 0.44338 0.10371 0.43398 0.10008 0.42989 0.09853 0.41985 0.09788 0.40654 0.09622 0.39658 0.09733 0.38780 0.09779 0.37222 0.09861 0.35394 0.10133 0.34177 0.11375 0.33292 0.12835 0.32549 0.13935 0.32158 0.14897 0.32094 0.16727 0.32060 0.19144 0.31541 0.19937 0.32230 0.20843 0.33023 0.22215 0.33730 0.24240 0.34092 0.24280 0.34492 0.24259 0.35767 0.24133 0.36329 0.23397 0.37303 0.22874
