4 0.86984 0.34435 0.86373 0.32474 0.85208 0.31317 0.84033 0.30974 0.82055 0.33213 0.80283 0.35942 0.79844 0.36584 0.79838 0.36907 0.79905 0.51522 0.80328 0.52016 0.81926 0.52858 0.83755 0.52890 0.85921 0.52114 0.86598 0.50502 0.86666 0.46607 0.86836 0.42877 0.86896 0.39467 0.86938 0.37031 0.86984 0.34435
4 0.89205 0.36748 0.87992 0.38350 0.87333 0.39147 0.87108 0.39794 0.86490 0.50500 0.89647 0.54616 0.90509 0.54631 0.91210 0.51397 0.91863 0.44910 0.92019 0.41994 0.92285 0.39234 0.92096 0.37607 0.91694 0.36141 0.89761 0.35785 0.89205 0.36748
4 0.91165 0.53992 0.92004 0.55308 0.92877 0.54509 0.93770 0.52737 0.94370 0.49337 0.95187 0.45925 0.95466 0.42377 0.94857 0.39929 0.94000 0.39591 0.92505 0.39702 0.91165 0.53992
4 0.83983 0.69153 0.86273 0.62088 0.86421 0.58375 0.86464 0.55894 0.86500 0.53862 0.86299 0.52055 0.85545 0.52495 0.84724 0.52820 0.81719 0.53106 0.80697 0.52296 0.80111 0.51608 0.79654 0.51600 0.79267 0.52385 0.79242 0.53850 0.79122 0.56777 0.79094 0.58356 0.79063 0.60159 0.79690 0.62427 0.80602 0.65826 0.81396 0.67419 0.82545 0.70145 0.82758 0.70826 0.83983 0.69153
4 0.69940 0.60229 0.70440 0.56964 0.70633 0.54825 0.70805 0.53025 0.70066 0.53012 0.69106 0.51984 0.68303 0.50839 0.62553 0.55357 0.62962 0.56839 0.62923 0.59079 0.63777 0.62035 0.64856 0.64196 0.66103 0.66021 0.67067 0.66038 0.68964 0.64497 0.69604 0.62475 0.69940 0.60229
4 0.32925 0.35437 0.33156 0.34469 0.32993 0.31542 0.32905 0.30404 0.32179 0.28768 0.31349 0.27130 0.29954 0.26947 0.27593 0.26420 0.27022 0.28191 0.26560 0.30134 0.26217 0.31101 0.25765 0.32553 0.25645 0.33201 0.24960 0.35462 0.24601 0.37566 0.24139 0.45351 0.25076 0.47319 0.25812 0.48304 0.27955 0.48828 0.30007 0.48378 0.31001 0.47094 0.31446 0.46293 0.31494 0.43534 0.31539 0.40939 0.32230 0.38349 0.32925 0.35437
4 0.23028 0.46682 0.23908 0.45724 0.24164 0.43291 0.24201 0.41182 0.24238 0.39073 0.24280 0.36637 0.24537 0.34368 0.24451 0.33065 0.23515 0.31267 0.22356 0.29782 0.21283 0.29605 0.20615 0.30889 0.20027 0.33638 0.18917 0.35570 0.18653 0.38489 0.18710 0.41250 0.19002 0.43201 0.19490 0.45970 0.19767 0.48570 0.19870 0.48900 0.21605 0.48116 0.23028 0.46682
4 0.66852 0.34570 0.66023 0.32610 0.65079 0.31293 0.63050 0.30443 0.61759 0.30262 0.60016 0.31527 0.58691 0.33291 0.57028 0.36186 0.56560 0.38287 0.56401 0.41209 0.56258 0.43152 0.56108 0.45751 0.56074 0.47696 0.56040 0.49646 0.56177 0.54032 0.56154 0.55327 0.57122 0.55344 0.61323 0.55259 0.63138 0.55093 0.67085 0.52113 0.68731 0.50190 0.69311 0.47927 0.69359 0.45168 0.68739 0.43534 0.67920 0.41246 0.67671 0.37022 0.66852 0.34570
4 0.42804 0.43081 0.43167 0.40814 0.43460 0.36272 0.41698 0.32344 0.40648 0.30867 0.37790 0.28057 0.35742 0.28343 0.34526 0.30109 0.33736 0.32205 0.33374 0.34473 0.32678 0.37384 0.32213 0.39322 0.31319 0.41093 0.31206 0.47590 0.32890 0.49729 0.34175 0.50238 0.35996 0.50756 0.37502 0.50782 0.39965 0.51475 0.40619 0.51000 0.41701 0.50855 0.42386 0.48594 0.42539 0.45836 0.42804 0.43081
4 0.39147 0.51232 0.37362 0.50752 0.35188 0.50714 0.33999 0.50355 0.33035 0.50114 0.32594 0.49428 0.32162 0.48858 0.31938 0.52800 0.31988 0.54490 0.31476 0.57640 0.31487 0.61362 0.31446 0.63728 0.31723 0.65088 0.33436 0.65342 0.34876 0.64241 0.36800 0.61116 0.38029 0.59219 0.39112 0.57210 0.39192 0.52588 0.39147 0.51232
4 0.55834 0.48992 0.56133 0.44287 0.55493 0.37782 0.54251 0.34837 0.53315 0.33033 0.52478 0.31560 0.50889 0.30231 0.50026 0.30216 0.48480 0.32463 0.47821 0.33265 0.46830 0.34385 0.45837 0.35827 0.45067 0.36786 0.44399 0.38075 0.43600 0.40657 0.42696 0.43079 0.42567 0.44214 0.42530 0.46323 0.42377 0.49080 0.42349 0.50703 0.44441 0.54150 0.49153 0.55533 0.55173 0.56124 0.55980 0.53050 0.55834 0.48992
4 0.58969 0.54961 0.56495 0.54917 0.55975 0.55247 0.55648 0.56706 0.55738 0.59643 0.55789 0.61108 0.56584 0.62702 0.57933 0.62834 0.59728 0.62756 0.60948 0.60974 0.61954 0.59188 0.61951 0.55013 0.58969 0.54961
4 0.79504 0.37551 0.76601 0.31166 0.75630 0.31149 0.73690 0.31443 0.72368 0.33044 0.70830 0.34804 0.69697 0.38030 0.69518 0.42088 0.69270 0.44029 0.68720 0.50840 0.70185 0.53298 0.71692 0.53324 0.74152 0.54182 0.77057 0.54232 0.78592 0.52636 0.79606 0.50216 0.79662 0.46971 0.79728 0.43239 0.79664 0.40642 0.79504 0.37551
4 0.78142 0.56875 0.78278 0.53833 0.77063 0.54713 0.75862 0.54583 0.74376 0.54218 0.73635 0.54091 0.72882 0.54078 0.72216 0.53612 0.71676 0.54619 0.71623 0.57663 0.71761 0.58682 0.72402 0.60157 0.73628 0.62775 0.75082 0.65052 0.76267 0.66089 0.77185 0.64979 0.77897 0.62396 0.78024 0.59239 0.78142 0.56875
4 0.54454 0.60970 0.55158 0.58616 0.55449 0.55238 0.54604 0.56125 0.51988 0.56079 0.50350 0.55712 0.49680 0.55700 0.48417 0.55569 0.47664 0.55556 0.47632 0.57359 0.47819 0.59504 0.47860 0.61309 0.47897 0.63561 0.48379 0.65827 0.48754 0.66172 0.50545 0.66542 0.51217 0.65991 0.52517 0.64434 0.53522 0.62872 0.54454 0.60970
4 0.32025 0.52348 0.32062 0.50206 0.31938 0.48400 0.30911 0.47257 0.30446 0.48150 0.29838 0.48703 0.28951 0.48687 0.28192 0.48789 0.27223 0.48657 0.26631 0.48308 0.25885 0.48295 0.25671 0.48067 0.25144 0.48397 0.24550 0.56278 0.24475 0.60562 0.24652 0.63270 0.25220 0.64974 0.27211 0.62637 0.28208 0.60742 0.29663 0.58734 0.30815 0.57513 0.31732 0.56289 0.32025 0.52348
4 0.47167 0.58695 0.48023 0.56349 0.48037 0.55562 0.44472 0.54259 0.42513 0.50618 0.42234 0.49597 0.41539 0.50825 0.40929 0.51492 0.40563 0.51486 0.39808 0.51582 0.39507 0.51577 0.39278 0.51802 0.39059 0.52132 0.38957 0.57994 0.38915 0.60360 0.38929 0.63743 0.39621 0.66461 0.41335 0.66830 0.42987 0.66858 0.44560 0.66214 0.45336 0.64986 0.45811 0.63076 0.46584 0.60926 0.47167 0.58695
