4 0.26178 0.57829 0.27037 0.58957 0.28444 0.59294 0.29144 0.59294 0.30707 0.58283 0.31252 0.56818 0.32189 0.55353 0.33126 0.53658 0.33363 0.51294 0.33907 0.50053 0.33126 0.49037 0.32348 0.47460 0.31567 0.47460 0.30785 0.48588 0.28989 0.48925 0.27430 0.49150 0.26493 0.49150 0.26022 0.49599 0.25867 0.51968 0.25633 0.54225 0.25633 0.56364 0.26178 0.57829
4 0.39607 0.50278 0.40078 0.51631 0.41793 0.53770 0.45074 0.54449 0.50070 0.54898 0.53663 0.54225 0.54052 0.51294 0.54130 0.47685 0.54052 0.43850 0.53974 0.39118 0.53819 0.37989 0.51944 0.35283 0.50930 0.33706 0.50304 0.33144 0.48744 0.31904 0.48507 0.31449 0.46244 0.31000 0.45463 0.31000 0.43981 0.31225 0.43278 0.32128 0.41952 0.34155 0.41559 0.35059 0.41326 0.36412 0.40467 0.38438 0.39607 0.42048 0.39141 0.44305 0.39607 0.50278
4 0.79037 0.55914 0.80130 0.57155 0.81304 0.58396 0.82163 0.58957 0.83567 0.59182 0.83567 0.58396 0.84033 0.56818 0.84581 0.55465 0.84581 0.53888 0.84033 0.49037 0.83019 0.47235 0.77711 0.47685 0.77478 0.47235 0.76226 0.48700 0.76304 0.51743 0.77163 0.53658 0.77711 0.55011 0.79037 0.55914
4 0.94419 0.44866 0.94889 0.43738 0.94967 0.42048 0.96059 0.42840 0.96763 0.41144 0.96215 0.38781 0.95748 0.36412 0.95433 0.33930 0.95122 0.30551 0.93796 0.29423 0.93326 0.30663 0.92389 0.35396 0.91607 0.37315 0.89578 0.39455 0.90437 0.42048 0.91141 0.43401 0.92781 0.45540 0.94419 0.44866
4 0.90359 0.50166 0.90830 0.49487 0.91296 0.48476 0.91296 0.47011 0.91296 0.45882 0.91296 0.44075 0.90281 0.41487 0.89656 0.39791 0.89033 0.38781 0.88174 0.37989 0.88019 0.42952 0.87159 0.43626 0.87704 0.48700 0.87781 0.51631 0.88956 0.51294 0.90359 0.50166
4 0.44526 0.64369 0.47259 0.66171 0.49367 0.64032 0.49915 0.61102 0.50541 0.55353 0.48589 0.54898 0.45230 0.54898 0.42496 0.54112 0.40856 0.52984 0.40467 0.53096 0.40389 0.54337 0.41404 0.56364 0.42419 0.57829 0.44526 0.64369
4 0.84348 0.52984 0.84659 0.55123 0.85907 0.55578 0.87393 0.54000 0.87393 0.51519 0.87393 0.50166 0.87393 0.47685 0.87237 0.44866 0.86844 0.43513 0.84426 0.43401 0.83956 0.43963 0.83100 0.47123 0.83956 0.48925 0.84348 0.51968 0.84348 0.52984
4 0.77633 0.47123 0.78022 0.47572 0.79507 0.47572 0.80911 0.47348 0.83100 0.47123 0.83722 0.44754 0.83878 0.32802 0.83878 0.31225 0.83489 0.28973 0.83019 0.28519 0.81770 0.27845 0.80367 0.28973 0.79507 0.30209 0.78337 0.31225 0.76852 0.33930 0.77241 0.38893 0.77241 0.43850 0.77633 0.47123
4 0.16185 0.55690 0.18293 0.55465 0.18996 0.53658 0.19463 0.50840 0.19541 0.48246 0.19541 0.46781 0.19463 0.43176 0.18293 0.34497 0.15793 0.31449 0.16107 0.36973 0.15093 0.40134 0.13141 0.39118 0.12748 0.42385 0.12281 0.47011 0.11344 0.49150 0.11656 0.51743 0.12359 0.54000 0.14156 0.55353 0.16185 0.55690
4 0.29848 0.38551 0.30004 0.40021 0.30396 0.41599 0.31019 0.42610 0.31333 0.43626 0.31956 0.46893 0.32581 0.47235 0.33674 0.49941 0.35078 0.50390 0.37344 0.50390 0.39452 0.50615 0.39219 0.44979 0.39452 0.42610 0.40078 0.40134 0.40078 0.38214 0.39530 0.36861 0.38826 0.35733 0.38359 0.34610 0.38126 0.32802 0.37733 0.30775 0.36015 0.28631 0.35548 0.28743 0.34144 0.30096 0.33048 0.31000 0.31644 0.33144 0.30474 0.35171 0.30630 0.36861 0.30396 0.37428 0.29848 0.38551
4 0.70059 0.46668 0.70763 0.47685 0.71230 0.48021 0.72322 0.48021 0.73807 0.48021 0.76226 0.47909 0.77556 0.47235 0.77241 0.43738 0.77241 0.41599 0.77007 0.38102 0.77007 0.35962 0.76774 0.33594 0.76226 0.31791 0.75604 0.31562 0.74430 0.31562 0.73963 0.31562 0.73104 0.31791 0.71933 0.33027 0.70996 0.34155 0.69826 0.35845 0.68811 0.38214 0.68496 0.40021 0.68811 0.44417 0.70059 0.46668
4 0.69278 0.57155 0.70293 0.58733 0.72011 0.61214 0.73104 0.62567 0.73963 0.63465 0.75759 0.64706 0.76463 0.64706 0.76930 0.61102 0.76930 0.57267 0.76930 0.55802 0.76696 0.54562 0.76385 0.53209 0.76463 0.51294 0.76226 0.48813 0.76148 0.48134 0.70059 0.47572 0.68967 0.50840 0.68030 0.52647 0.68496 0.55235 0.69278 0.57155
4 0.66000 0.58733 0.66700 0.56706 0.67248 0.55011 0.67248 0.53209 0.65219 0.53888 0.62407 0.54786 0.60300 0.54898 0.59519 0.55465 0.60844 0.59861 0.63189 0.62000 0.65685 0.61214 0.66000 0.58733
4 0.04315 0.34610 0.06033 0.34722 0.08219 0.34267 0.09078 0.32353 0.09078 0.29872 0.09000 0.28070 0.08922 0.26380 0.07596 0.24685 0.06581 0.23332 0.05722 0.22882 0.04941 0.23219 0.03378 0.26941 0.03222 0.30096 0.03222 0.32802 0.04315 0.34610
4 0.05411 0.45315 0.05956 0.50503 0.07363 0.51519 0.08844 0.51294 0.11422 0.48700 0.12126 0.47011 0.12670 0.42385 0.12670 0.40246 0.12670 0.39118 0.10485 0.38551 0.09781 0.37765 0.08611 0.34267 0.06033 0.34834 0.05722 0.35620 0.05252 0.36861 0.04941 0.38668 0.04941 0.41144 0.05411 0.45315
4 0.61626 0.54786 0.66467 0.53545 0.68889 0.51182 0.69904 0.48134 0.70059 0.46444 0.68811 0.44193 0.68496 0.40471 0.68341 0.38102 0.67874 0.36412 0.67093 0.34267 0.66000 0.32016 0.65141 0.30551 0.63733 0.29198 0.62407 0.29198 0.61000 0.29198 0.60378 0.29535 0.58504 0.30775 0.56474 0.32578 0.55381 0.36075 0.54833 0.38668 0.54207 0.40920 0.54444 0.45658 0.55144 0.50166 0.56241 0.53096 0.57567 0.54786 0.61626 0.54786
4 0.88174 0.37989 0.88641 0.38551 0.89033 0.39005 0.89656 0.38781 0.91452 0.37315 0.92156 0.35283 0.92622 0.33369 0.93170 0.30438 0.93326 0.26829 0.93326 0.23562 0.92704 0.21754 0.91844 0.21529 0.90830 0.22545 0.90204 0.23449 0.89893 0.25027 0.89111 0.26717 0.88174 0.29423 0.87781 0.31225 0.88019 0.37765 0.88174 0.37989
4 0.24774 0.43289 0.24696 0.46556 0.25007 0.48021 0.25633 0.49037 0.27974 0.49262 0.30396 0.48476 0.31644 0.47235 0.31644 0.46444 0.31489 0.44529 0.31019 0.43176 0.30004 0.40134 0.29926 0.38326 0.30396 0.36973 0.30785 0.35733 0.29537 0.34497 0.28833 0.33594 0.27585 0.32353 0.26881 0.31449 0.24619 0.31000 0.23837 0.31904 0.23604 0.33144 0.23367 0.36412 0.23522 0.37540 0.24148 0.38214 0.24774 0.43289
4 0.34378 0.59406 0.36563 0.60877 0.37733 0.61438 0.39607 0.61326 0.40233 0.60423 0.41326 0.59524 0.42185 0.58396 0.42341 0.57604 0.40778 0.55235 0.40233 0.53545 0.40778 0.52535 0.39685 0.50390 0.34922 0.50390 0.33596 0.50503 0.33126 0.52080 0.33048 0.54562 0.33048 0.57043 0.34378 0.59406
4 0.19619 0.47011 0.20793 0.47348 0.23759 0.47235 0.24696 0.46668 0.24696 0.45882 0.24696 0.43064 0.24226 0.38438 0.22585 0.36075 0.19230 0.33144 0.18526 0.35171 0.18919 0.38438 0.19541 0.43289 0.19619 0.47011
4 0.20870 0.56818 0.21648 0.57829 0.23056 0.58508 0.24148 0.56930 0.24619 0.55690 0.25085 0.55235 0.25474 0.54786 0.26256 0.49717 0.25319 0.48925 0.24696 0.47011 0.23681 0.47460 0.20244 0.47460 0.19933 0.48021 0.19933 0.50615 0.19933 0.53096 0.20244 0.55465 0.20870 0.56818
4 0.08767 0.34610 0.09237 0.36412 0.10093 0.37989 0.11344 0.38668 0.13530 0.39118 0.15015 0.40021 0.16030 0.36861 0.15715 0.34267 0.15715 0.32241 0.15404 0.30888 0.14467 0.29872 0.13219 0.28294 0.12359 0.26492 0.11422 0.24914 0.10330 0.23332 0.09781 0.22770 0.08922 0.23332 0.08844 0.25251 0.09000 0.26717 0.09237 0.32353 0.08767 0.34610
4 0.83956 0.43401 0.84270 0.43401 0.85207 0.43626 0.86767 0.43626 0.87941 0.42497 0.87941 0.41487 0.87941 0.38102 0.87859 0.32578 0.87704 0.28973 0.86767 0.26604 0.85363 0.28973 0.84193 0.30888 0.83800 0.32578 0.83956 0.37652 0.83956 0.43401
