4 0.32606 0.56582 0.33422 0.54826 0.33494 0.52452 0.33950 0.51176 0.33100 0.50217 0.32214 0.48697 0.31434 0.48752 0.30733 0.49932 0.28965 0.50393 0.27425 0.50726 0.26490 0.50792 0.26053 0.51272 0.26063 0.53647 0.25987 0.55914 0.26137 0.58048 0.26782 0.59472 0.27718 0.60537 0.29145 0.60775 0.29844 0.60726 0.31332 0.59609 0.31773 0.58109 0.32606 0.56582
4 0.54132 0.51008 0.53958 0.47402 0.53613 0.43583 0.53205 0.38867 0.52971 0.37752 0.50913 0.35184 0.49791 0.33681 0.49127 0.33164 0.47485 0.32035 0.47217 0.31598 0.44928 0.31308 0.44149 0.31363 0.42686 0.31690 0.42047 0.32641 0.40866 0.34755 0.40537 0.35684 0.40399 0.37050 0.39683 0.39132 0.39078 0.42792 0.38770 0.45076 0.39652 0.51002 0.40216 0.52319 0.42076 0.54333 0.45396 0.54782 0.50412 0.54882 0.53949 0.53959 0.54132 0.51008
4 0.84426 0.54428 0.84878 0.53040 0.84768 0.51466 0.83883 0.46666 0.82745 0.44939 0.77482 0.45757 0.77218 0.45325 0.76071 0.46874 0.76361 0.49904 0.77352 0.51754 0.77993 0.53065 0.79379 0.53875 0.80555 0.55036 0.81813 0.56192 0.82709 0.56692 0.84125 0.56818 0.84071 0.56034 0.84426 0.54428
4 0.94689 0.33254 0.94202 0.30800 0.93656 0.27451 0.92254 0.26417 0.91872 0.27688 0.91267 0.32474 0.90621 0.34444 0.88746 0.36719 0.89784 0.39247 0.90580 0.40547 0.92366 0.42567 0.93952 0.41780 0.94343 0.40622 0.94302 0.38931 0.95448 0.39644 0.96031 0.37904 0.95320 0.35584 0.94689 0.33254
4 0.89590 0.38697 0.88847 0.37050 0.88156 0.36085 0.87243 0.35356 0.87434 0.40317 0.86624 0.41049 0.87521 0.46074 0.87803 0.48992 0.88951 0.48574 0.90272 0.47350 0.90694 0.46640 0.91089 0.45599 0.90987 0.44137 0.90908 0.43012 0.90782 0.41209 0.89590 0.38697
4 0.45583 0.55219 0.42801 0.54626 0.41086 0.53615 0.40706 0.53754 0.40715 0.54997 0.41869 0.56948 0.42983 0.58339 0.45542 0.64716 0.48394 0.66323 0.50347 0.64042 0.50689 0.61080 0.50913 0.55302 0.48934 0.54985 0.45583 0.55219
4 0.87140 0.45082 0.86788 0.42281 0.86302 0.40959 0.83882 0.41016 0.83452 0.41609 0.82819 0.44821 0.83798 0.46559 0.84402 0.49567 0.84473 0.50581 0.84932 0.52693 0.86209 0.53059 0.87580 0.51382 0.87408 0.48907 0.87313 0.47557 0.87140 0.45082
4 0.82596 0.30481 0.82486 0.28907 0.81941 0.26688 0.81440 0.26268 0.80147 0.25683 0.78826 0.26906 0.78055 0.28198 0.76958 0.29294 0.75665 0.32097 0.76400 0.37020 0.76745 0.41965 0.77365 0.45202 0.77785 0.45623 0.79266 0.45520 0.80651 0.45198 0.82819 0.44821 0.83274 0.42414 0.82596 0.30481
4 0.19061 0.45323 0.17288 0.36747 0.14582 0.33881 0.15281 0.39369 0.14489 0.42593 0.12471 0.41715 0.12308 0.45002 0.12165 0.49649 0.11379 0.51848 0.11871 0.54414 0.12730 0.56616 0.14616 0.57840 0.16665 0.58035 0.18751 0.57664 0.19327 0.55812 0.19596 0.52968 0.19493 0.50375 0.19390 0.48913 0.19061 0.45323
4 0.32431 0.48457 0.33710 0.51080 0.35141 0.51430 0.37402 0.51272 0.39520 0.51349 0.38895 0.45743 0.38962 0.43363 0.39414 0.40850 0.39280 0.38935 0.38639 0.37623 0.37858 0.36547 0.37314 0.35459 0.36955 0.33672 0.36422 0.31678 0.34558 0.29659 0.34101 0.29803 0.32795 0.31251 0.31764 0.32229 0.30513 0.34466 0.29487 0.36569 0.29760 0.38244 0.29567 0.38826 0.29099 0.39984 0.29356 0.41441 0.29858 0.42987 0.30549 0.43952 0.30934 0.44943 0.31783 0.48159 0.32431 0.48457
4 0.77296 0.45320 0.76738 0.41853 0.76588 0.39719 0.76112 0.36247 0.75962 0.34113 0.75564 0.31766 0.74892 0.30006 0.74255 0.29820 0.73084 0.29902 0.72618 0.29935 0.71777 0.30224 0.70696 0.31538 0.69840 0.32729 0.68790 0.34496 0.67943 0.36930 0.67755 0.38755 0.68376 0.43118 0.69778 0.45277 0.70551 0.46242 0.71040 0.46545 0.72130 0.46469 0.73611 0.46365 0.76016 0.46085 0.77296 0.45320
4 0.77424 0.62824 0.77638 0.59196 0.77371 0.55371 0.77269 0.53910 0.76950 0.52688 0.76545 0.51360 0.76489 0.49445 0.76079 0.46986 0.75954 0.46314 0.69841 0.46179 0.68979 0.49515 0.68170 0.51383 0.68816 0.53932 0.69730 0.55793 0.70852 0.57296 0.72740 0.59651 0.73924 0.60925 0.74844 0.61761 0.76722 0.62873 0.77424 0.62824
4 0.60617 0.54168 0.59877 0.54788 0.61506 0.59080 0.63994 0.61051 0.66429 0.60092 0.66570 0.57595 0.67127 0.55525 0.67556 0.53795 0.67430 0.51997 0.65453 0.52817 0.62711 0.53909 0.60617 0.54168
4 0.07375 0.29303 0.05934 0.27704 0.04827 0.26425 0.03938 0.26037 0.03182 0.26428 0.01883 0.30250 0.01948 0.33408 0.02137 0.36107 0.03352 0.37834 0.05075 0.37826 0.07223 0.37220 0.07946 0.35250 0.07773 0.32775 0.07570 0.30983 0.07375 0.29303
4 0.12230 0.45008 0.12081 0.42874 0.12002 0.41748 0.09783 0.41335 0.09026 0.40600 0.07615 0.37193 0.05082 0.37938 0.04827 0.38744 0.04444 0.40014 0.04260 0.41839 0.04433 0.44309 0.05193 0.48437 0.06098 0.53574 0.07573 0.54489 0.09035 0.54162 0.11426 0.51395 0.12010 0.49660 0.12230 0.45008
4 0.67787 0.39204 0.67466 0.36851 0.66883 0.35198 0.65953 0.33113 0.64707 0.30944 0.63747 0.29542 0.62249 0.28290 0.60926 0.28383 0.59522 0.28481 0.58925 0.28861 0.57142 0.30229 0.55243 0.32168 0.54397 0.35733 0.54031 0.38359 0.53564 0.40648 0.54131 0.45358 0.55143 0.49807 0.56442 0.52653 0.57882 0.54247 0.61931 0.53963 0.66674 0.52388 0.68925 0.49861 0.69725 0.46750 0.69762 0.45053 0.68360 0.42895 0.67787 0.39204
4 0.91358 0.30436 0.91701 0.27475 0.91604 0.23863 0.91376 0.20604 0.90629 0.18844 0.89757 0.18680 0.88815 0.19764 0.88254 0.20709 0.88053 0.22305 0.87392 0.24045 0.86646 0.26810 0.86380 0.28635 0.87072 0.35142 0.87243 0.35356 0.87748 0.35883 0.88171 0.36309 0.88776 0.36042 0.90466 0.34455 0.91026 0.32379 0.91358 0.30436
4 0.31496 0.48522 0.31441 0.47733 0.31152 0.45834 0.30589 0.44517 0.29364 0.41553 0.29160 0.39755 0.29535 0.38372 0.29837 0.37108 0.28505 0.35962 0.27740 0.35110 0.26409 0.33960 0.25644 0.33107 0.23355 0.32817 0.22638 0.33773 0.22492 0.35027 0.22484 0.38303 0.22717 0.39417 0.23389 0.40046 0.24367 0.45065 0.24518 0.48330 0.24930 0.49770 0.25625 0.50740 0.27976 0.50800 0.30338 0.49847 0.31496 0.48522
4 0.42790 0.58920 0.42890 0.58120 0.41165 0.55866 0.40504 0.54218 0.40977 0.53172 0.39737 0.51109 0.34986 0.51441 0.33671 0.51646 0.33312 0.53252 0.33408 0.55733 0.33581 0.58208 0.35072 0.60473 0.37354 0.61788 0.38561 0.62266 0.40423 0.62024 0.40984 0.61078 0.42011 0.60106 0.42790 0.58920
4 0.23482 0.40265 0.21681 0.38021 0.18129 0.35332 0.17568 0.37403 0.18188 0.40635 0.19147 0.45430 0.19484 0.49137 0.20679 0.49391 0.23630 0.49073 0.24525 0.48442 0.24471 0.47657 0.24274 0.44846 0.23482 0.40265
4 0.25868 0.56485 0.26294 0.51374 0.25304 0.50649 0.24549 0.48783 0.23568 0.49302 0.20140 0.49542 0.19869 0.50124 0.20050 0.52711 0.20223 0.55186 0.20698 0.57527 0.21417 0.58834 0.22263 0.59787 0.23715 0.60367 0.24695 0.58717 0.25077 0.57447 0.25511 0.56960 0.25868 0.56485
4 0.15196 0.39263 0.14701 0.36697 0.14560 0.34675 0.14155 0.33348 0.13149 0.32399 0.11794 0.30913 0.10811 0.29175 0.09766 0.27667 0.08566 0.26164 0.07980 0.25642 0.07162 0.26262 0.07218 0.28182 0.07476 0.29633 0.08105 0.35239 0.07794 0.37523 0.08388 0.39288 0.09352 0.40802 0.10648 0.41392 0.12859 0.41688 0.14404 0.42486 0.15196 0.39263
4 0.87018 0.35484 0.86552 0.29979 0.86145 0.26394 0.85045 0.24097 0.83810 0.26558 0.82776 0.28549 0.82502 0.30262 0.83012 0.35314 0.83413 0.41049 0.83727 0.41027 0.84677 0.41185 0.86233 0.41076 0.87325 0.39869 0.87255 0.38861 0.87018 0.35484
