4 0.17553 0.64849 0.17553 0.66472 0.18195 0.67688 0.20306 0.67688 0.21131 0.66472 0.22231 0.65389 0.23883 0.63632 0.25535 0.62279 0.26268 0.62279 0.27368 0.61602 0.28103 0.59436 0.27553 0.58356 0.27278 0.58356 0.25443 0.58356 0.24433 0.58356 0.22415 0.57813 0.20582 0.57813 0.19940 0.57410 0.19113 0.59033 0.18288 0.60113 0.17646 0.62955 0.17553 0.64849
4 0.61217 0.83789 0.63143 0.87982 0.66078 0.89065 0.66630 0.88522 0.67821 0.84736 0.68924 0.80677 0.68924 0.79190 0.68465 0.77430 0.67455 0.75941 0.66996 0.74590 0.66813 0.73641 0.65437 0.73914 0.64887 0.74318 0.63785 0.74724 0.62501 0.74860 0.60851 0.75267 0.60117 0.75537 0.60117 0.76617 0.60117 0.77970 0.60117 0.79866 0.60483 0.81893 0.61217 0.83789
4 0.86954 0.00000 0.85396 0.01071 0.83966 0.03181 0.80775 0.06430 0.80445 0.07404 0.80004 0.07567 0.80115 0.12599 0.82316 0.13896 0.83195 0.15033 0.84626 0.15359 0.85728 0.15359 0.87268 0.14383 0.88700 0.12273 0.89250 0.08214 0.90020 0.05617 0.90680 0.03021 0.90680 0.00585 0.89250 0.00261 0.87485 0.00000 0.86954 0.00000
4 0.68555 0.77430 0.68924 0.78377 0.69290 0.80000 0.70483 0.82976 0.71583 0.84599 0.72316 0.85546 0.73143 0.85683 0.74060 0.85276 0.74334 0.83516 0.74793 0.82030 0.75161 0.79866 0.75161 0.78240 0.75252 0.74318 0.75527 0.71748 0.75527 0.69042 0.74793 0.68095 0.73050 0.66878 0.71491 0.67015 0.70390 0.68095 0.68372 0.71071 0.67455 0.72154 0.66813 0.72831 0.66354 0.73371 0.67089 0.74047 0.67089 0.74994 0.67821 0.76077 0.68006 0.76347 0.68555 0.77430
4 0.41807 0.25261 0.44008 0.25098 0.46871 0.24448 0.48083 0.22338 0.48851 0.18442 0.48851 0.15359 0.48742 0.10326 0.48742 0.05617 0.48412 0.01721 0.45330 0.01721 0.43018 0.01721 0.40596 0.03181 0.39606 0.04318 0.37845 0.06917 0.36193 0.09513 0.36083 0.20228 0.36083 0.23312 0.39165 0.25261 0.41807 0.25261
4 0.81398 0.57410 0.82040 0.59033 0.82499 0.59573 0.83875 0.59573 0.84700 0.58626 0.85708 0.56866 0.86626 0.52267 0.86626 0.50104 0.86076 0.48074 0.84517 0.45504 0.81674 0.44151 0.79930 0.42798 0.78097 0.42528 0.77638 0.42662 0.76445 0.43881 0.75803 0.45098 0.74793 0.46991 0.74243 0.47668 0.73785 0.49834 0.73785 0.50914 0.74976 0.51727 0.75803 0.52944 0.78738 0.55243 0.81215 0.56463 0.81398 0.57410
4 0.59199 0.17142 0.58648 0.19092 0.59418 0.19092 0.59750 0.19092 0.60960 0.19092 0.62612 0.19415 0.64372 0.20715 0.66243 0.20715 0.67895 0.19579 0.69215 0.19092 0.71087 0.19415 0.72958 0.19415 0.73398 0.20228 0.73839 0.21688 0.76702 0.23312 0.78352 0.22988 0.79453 0.21039 0.79344 0.14546 0.79783 0.10813 0.79783 0.08700 0.79453 0.05780 0.78463 0.04318 0.73620 0.01071 0.70757 0.01071 0.68555 0.01071 0.67895 0.02208 0.66465 0.04157 0.63493 0.04967 0.61290 0.05454 0.59529 0.06917 0.58648 0.09677 0.58209 0.11300 0.59199 0.14222 0.59199 0.17142
4 0.33332 0.85006 0.33332 0.87576 0.34250 0.90145 0.35533 0.91499 0.37551 0.91365 0.40119 0.89335 0.40946 0.87036 0.41036 0.85413 0.40394 0.83789 0.40761 0.82570 0.41588 0.81353 0.42046 0.80270 0.42137 0.79053 0.42137 0.78240 0.41312 0.77160 0.40853 0.76890 0.39201 0.76754 0.38193 0.76484 0.36634 0.76214 0.35899 0.76214 0.34799 0.76214 0.33881 0.75941 0.32690 0.77567 0.32322 0.79730 0.32139 0.82030 0.33332 0.85006
4 0.20672 0.75671 0.21040 0.76754 0.23241 0.76890 0.23700 0.76214 0.24250 0.74724 0.24433 0.72154 0.25443 0.70261 0.26177 0.69448 0.27644 0.69178 0.28378 0.69178 0.29386 0.68638 0.29845 0.68231 0.29845 0.67688 0.29662 0.66608 0.29662 0.65525 0.29479 0.64712 0.28928 0.63902 0.28195 0.63766 0.27736 0.62819 0.27278 0.62009 0.26360 0.62009 0.26177 0.62143 0.25443 0.62143 0.24708 0.62685 0.23608 0.64039 0.22048 0.65389 0.21040 0.66608 0.20582 0.67688 0.20306 0.69718 0.20306 0.71884 0.20396 0.74590 0.20672 0.75671
4 0.73875 0.67148 0.74610 0.67961 0.75344 0.68365 0.75620 0.69315 0.75620 0.74184 0.76078 0.74590 0.76720 0.75401 0.78922 0.75941 0.79746 0.75267 0.80205 0.73777 0.80205 0.72018 0.80113 0.69988 0.80113 0.67961 0.79380 0.66338 0.78829 0.64849 0.77545 0.62819 0.76994 0.61739 0.75710 0.60656 0.74334 0.60926 0.73509 0.61739 0.72133 0.62955 0.70849 0.63902 0.70757 0.64442 0.70757 0.65662 0.71215 0.66878 0.71950 0.66742 0.73326 0.67015 0.73875 0.67148
4 0.11316 0.23312 0.11205 0.15846 0.11205 0.10973 0.11867 0.03344 0.10767 0.01071 0.09115 0.00421 0.08014 0.00421 0.06913 0.01884 0.06473 0.04157 0.06362 0.07567 0.06032 0.10813 0.06032 0.13733 0.06803 0.18605 0.06803 0.19902 0.07354 0.22501 0.08014 0.23148 0.09996 0.23312 0.11316 0.23312
4 0.42137 0.85819 0.42505 0.88119 0.44338 0.91365 0.46173 0.91769 0.49018 0.89875 0.49843 0.86089 0.50668 0.84059 0.51310 0.82300 0.51585 0.80270 0.51493 0.78513 0.51219 0.77430 0.49475 0.77430 0.49018 0.77567 0.47274 0.78647 0.46266 0.78917 0.45072 0.78917 0.44338 0.78917 0.43513 0.78917 0.43054 0.78513 0.42229 0.79593 0.41771 0.81217 0.42137 0.84466 0.42137 0.85819
4 0.52869 0.84599 0.53145 0.86899 0.53970 0.88389 0.55439 0.90282 0.55714 0.90688 0.57457 0.89199 0.58648 0.86629 0.59475 0.84329 0.60117 0.82300 0.60300 0.79460 0.60300 0.78240 0.60207 0.77160 0.59475 0.76214 0.57732 0.76214 0.56815 0.76214 0.55439 0.76214 0.53604 0.76077 0.52435 0.76291 0.51750 0.76202 0.51310 0.77700 0.51678 0.79460 0.51678 0.81490 0.52503 0.82976 0.52869 0.84599
4 0.48851 0.19902 0.49074 0.21187 0.50614 0.21852 0.53585 0.22988 0.57988 0.21513 0.59089 0.17306 0.58980 0.14383 0.57988 0.09677 0.57769 0.08053 0.56777 0.06267 0.55567 0.04318 0.54135 0.03021 0.53255 0.02534 0.51493 0.02534 0.49292 0.03021 0.48412 0.04967 0.48742 0.16006 0.48851 0.18279 0.48851 0.19902
4 0.11867 0.44691 0.11775 0.46721 0.12141 0.48614 0.13885 0.48614 0.15811 0.48614 0.18105 0.48614 0.19940 0.48211 0.21682 0.46721 0.22507 0.45504 0.22966 0.44151 0.23608 0.43205 0.23883 0.41852 0.23791 0.40905 0.23608 0.39685 0.22690 0.38469 0.22141 0.37659 0.21406 0.36846 0.20306 0.36439 0.19940 0.36169 0.18105 0.37792 0.16636 0.38469 0.15260 0.38199 0.14986 0.38199 0.14252 0.38739 0.13151 0.39822 0.12417 0.40635 0.11867 0.42662 0.11867 0.44691
4 0.76352 0.60656 0.76994 0.61602 0.77638 0.62549 0.78646 0.63766 0.79012 0.65119 0.79288 0.66202 0.80757 0.66608 0.81306 0.66472 0.82040 0.66202 0.82040 0.64849 0.82040 0.62143 0.81948 0.59709 0.81489 0.57543 0.80940 0.56596 0.79105 0.55380 0.77638 0.54160 0.76535 0.53757 0.75620 0.53757 0.74702 0.55110 0.73602 0.55513 0.72867 0.56463 0.72775 0.57410 0.72775 0.58626 0.72867 0.59843 0.73602 0.60789 0.75068 0.60656 0.75435 0.60656 0.76352 0.60656
4 0.17700 0.22501 0.20020 0.21513 0.20123 0.12273 0.19901 0.08377 0.19352 0.05941 0.18141 0.02371 0.17370 0.00585 0.10986 0.00911 0.11646 0.02857 0.11205 0.07240 0.11097 0.11463 0.11205 0.23148 0.12197 0.24448 0.13517 0.25098 0.16050 0.23961 0.17700 0.22501
4 0.24433 0.84736 0.25626 0.86359 0.26360 0.86899 0.27644 0.87576 0.28654 0.87036 0.30487 0.84329 0.31314 0.83246 0.32139 0.82166 0.32415 0.81353 0.32690 0.79460 0.33332 0.77024 0.33974 0.75941 0.33606 0.75401 0.32415 0.74454 0.31314 0.73101 0.30580 0.71884 0.29755 0.69718 0.29203 0.69178 0.28378 0.69178 0.27002 0.69178 0.26177 0.69718 0.25167 0.70801 0.24618 0.72291 0.23976 0.75267 0.23976 0.78107 0.23976 0.80137 0.24250 0.82570 0.24433 0.84736
4 0.76811 0.42935 0.78280 0.42798 0.79563 0.42798 0.79930 0.42798 0.81215 0.43608 0.82406 0.44421 0.83507 0.44961 0.84241 0.44961 0.85252 0.44421 0.86811 0.42662 0.86167 0.38739 0.85066 0.37116 0.84058 0.35223 0.82958 0.33463 0.82040 0.32653 0.80571 0.33599 0.79746 0.34276 0.78097 0.34410 0.76445 0.34410 0.76078 0.34816 0.75068 0.36846 0.75068 0.41039 0.75161 0.44961 0.74976 0.45368 0.75620 0.44421 0.76811 0.42935
4 0.28268 0.26398 0.32010 0.26234 0.33551 0.24935 0.34433 0.23638 0.36083 0.20228 0.36083 0.16332 0.36193 0.08540 0.31020 0.00748 0.28489 0.00585 0.26837 0.00585 0.23865 0.00585 0.22213 0.00585 0.21773 0.00585 0.20342 0.01071 0.19241 0.03994 0.19461 0.05294 0.19793 0.07240 0.20123 0.10487 0.20231 0.15846 0.19793 0.22015 0.20231 0.23961 0.21443 0.25261 0.24195 0.26558 0.28268 0.26398
1 0.61926 0.76341 0.61565 0.76564 0.62107 0.77451 0.62829 0.77807 0.63911 0.77852 0.64964 0.77763 0.66016 0.77763 0.66346 0.77585 0.66076 0.76430 0.64964 0.76475 0.64151 0.76475 0.63250 0.76341 0.61926 0.76341
1 0.17895 0.52982 0.18569 0.51656 0.19915 0.50552 0.20664 0.50442 0.18869 0.49780 0.16773 0.50000 0.16847 0.52760 0.17521 0.53312 0.17895 0.52982
1 0.54225 0.77540 0.53445 0.77273 0.52843 0.77273 0.52813 0.77718 0.53354 0.78561 0.54046 0.79092 0.55250 0.79359 0.56692 0.79671 0.57294 0.79671 0.58165 0.78783 0.58497 0.78472 0.57895 0.77807 0.56692 0.78030 0.55940 0.77985 0.54917 0.77896 0.54225 0.77540
1 0.19215 0.43386 0.17952 0.43430 0.17231 0.43074 0.16509 0.42098 0.16358 0.42009 0.15908 0.42766 0.17111 0.44228 0.18042 0.44537 0.19095 0.44050 0.19215 0.43386
1 0.37745 0.78383 0.38887 0.78694 0.39608 0.78650 0.40209 0.78472 0.40270 0.77317 0.39278 0.77184 0.38165 0.76964 0.37322 0.77362 0.37745 0.78383
