4 0.22601 0.60828 0.24386 0.59654 0.25114 0.59731 0.26279 0.59173 0.27236 0.57096 0.26803 0.55964 0.26529 0.55935 0.24704 0.55743 0.23699 0.55638 0.21749 0.54887 0.19926 0.54695 0.19330 0.54227 0.18338 0.55755 0.17404 0.56742 0.16469 0.59503 0.16179 0.61376 0.16009 0.62990 0.16520 0.64267 0.18620 0.64488 0.19567 0.63364 0.20775 0.62402 0.22601 0.60828
4 0.65769 0.81008 0.65496 0.79210 0.64648 0.77623 0.64333 0.76232 0.64250 0.75269 0.62852 0.75397 0.62264 0.75740 0.61125 0.76030 0.59834 0.76031 0.58150 0.76263 0.57392 0.76455 0.57279 0.77529 0.57138 0.78875 0.56939 0.80760 0.57092 0.82814 0.57624 0.84777 0.59101 0.89148 0.61907 0.90532 0.62512 0.90050 0.64092 0.86408 0.65613 0.82487 0.65769 0.81008
4 0.83859 0.15952 0.85913 0.17472 0.86668 0.18694 0.88057 0.19168 0.89154 0.19283 0.90786 0.18473 0.92432 0.16525 0.93402 0.12545 0.94440 0.10044 0.95368 0.07530 0.95623 0.05108 0.94234 0.04636 0.92506 0.04192 0.91978 0.04137 0.90317 0.05039 0.88674 0.06988 0.85160 0.09886 0.84730 0.10819 0.84275 0.10935 0.83859 0.15952
4 0.69286 0.87906 0.70241 0.87598 0.70697 0.85876 0.71309 0.84446 0.71901 0.82333 0.72071 0.80716 0.72571 0.76824 0.73114 0.74297 0.73397 0.71605 0.72765 0.70587 0.71160 0.69195 0.69595 0.69168 0.68387 0.70127 0.66069 0.72876 0.65043 0.73857 0.64334 0.74463 0.63822 0.74952 0.64481 0.75702 0.64382 0.76643 0.64997 0.77797 0.65153 0.78085 0.65586 0.79220 0.65854 0.80199 0.66048 0.81852 0.66924 0.84937 0.67849 0.86666 0.68478 0.87684 0.69286 0.87906
4 0.52896 0.10412 0.53389 0.05729 0.53468 0.01820 0.50402 0.01497 0.48103 0.01256 0.45541 0.02455 0.44438 0.03481 0.42415 0.05882 0.40501 0.08292 0.39271 0.18937 0.38948 0.22003 0.41810 0.24264 0.44438 0.24540 0.46644 0.24608 0.49559 0.24261 0.50984 0.22289 0.52156 0.18495 0.52478 0.15429 0.52896 0.10412
4 0.86188 0.56083 0.86414 0.53932 0.86080 0.51856 0.84798 0.49137 0.82112 0.47494 0.80518 0.45966 0.78724 0.45506 0.78253 0.45591 0.76939 0.46679 0.76174 0.47822 0.74971 0.49599 0.74354 0.50215 0.73672 0.52321 0.73559 0.53395 0.74658 0.54328 0.75354 0.55625 0.78033 0.58219 0.80369 0.59690 0.80452 0.60651 0.80921 0.62332 0.81320 0.62917 0.82689 0.63061 0.83608 0.62206 0.84795 0.60561 0.86188 0.56083
4 0.67355 0.22378 0.69216 0.22573 0.70977 0.21616 0.72341 0.21270 0.74168 0.21787 0.76029 0.21983 0.76382 0.22837 0.76668 0.24335 0.79346 0.26249 0.81020 0.26100 0.82319 0.24276 0.82889 0.17808 0.83716 0.14141 0.83937 0.12040 0.83914 0.09101 0.83082 0.07543 0.78605 0.03808 0.75757 0.03509 0.73568 0.03279 0.72793 0.04340 0.71166 0.06129 0.68126 0.06624 0.65884 0.06878 0.63980 0.08149 0.62815 0.10801 0.62210 0.12370 0.62889 0.15380 0.62583 0.18284 0.61831 0.20165 0.62598 0.20246 0.62928 0.20280 0.64130 0.20407 0.65740 0.20901 0.67355 0.22378
4 0.37124 0.85886 0.37384 0.84282 0.36915 0.82600 0.37407 0.81425 0.38356 0.80302 0.38926 0.79273 0.39143 0.78072 0.39228 0.77264 0.38520 0.76103 0.38093 0.75787 0.36464 0.75478 0.35490 0.75104 0.33967 0.74673 0.33237 0.74596 0.32142 0.74481 0.31258 0.74114 0.29903 0.75606 0.29311 0.77719 0.28889 0.79987 0.29764 0.83072 0.29496 0.85627 0.30139 0.88279 0.31275 0.89759 0.33296 0.89837 0.36061 0.88087 0.37124 0.85886
4 0.23459 0.67583 0.24275 0.66851 0.25762 0.66736 0.26492 0.66813 0.27551 0.66381 0.28050 0.66025 0.28107 0.65485 0.28037 0.64391 0.28151 0.63314 0.28053 0.62487 0.27590 0.61623 0.26876 0.61411 0.26518 0.60422 0.26147 0.59568 0.25234 0.59472 0.25038 0.59586 0.24308 0.59509 0.23521 0.59972 0.22285 0.61203 0.20593 0.62383 0.19463 0.63490 0.18894 0.64516 0.18407 0.66506 0.18181 0.68660 0.17988 0.71361 0.18149 0.72464 0.18402 0.73580 0.20577 0.73946 0.21104 0.73321 0.21806 0.71897 0.22257 0.69360 0.23459 0.67583
4 0.73919 0.78055 0.76052 0.78822 0.76942 0.78238 0.77554 0.76805 0.77738 0.75055 0.77858 0.73026 0.78070 0.71011 0.77512 0.69320 0.77119 0.67781 0.76054 0.65628 0.75619 0.64496 0.74456 0.63285 0.73059 0.63410 0.72153 0.64132 0.70657 0.65198 0.69282 0.66005 0.69133 0.66533 0.69006 0.67746 0.69335 0.69003 0.70080 0.68945 0.71420 0.69360 0.71952 0.69550 0.72597 0.70435 0.73286 0.70914 0.73460 0.71887 0.72951 0.76730 0.73365 0.77182 0.73919 0.78055
4 0.11484 0.00000 0.11037 0.03238 0.10369 0.06432 0.10064 0.09336 0.10321 0.14262 0.10185 0.15552 0.10462 0.18194 0.11051 0.18907 0.13005 0.19276 0.14317 0.19414 0.14988 0.11978 0.15497 0.07132 0.16878 0.00000 0.11484 0.00000
4 0.47104 0.83943 0.47926 0.82260 0.48413 0.80270 0.48504 0.78513 0.48345 0.77408 0.46610 0.77225 0.46142 0.77313 0.44294 0.78205 0.43263 0.78368 0.42077 0.78243 0.41346 0.78167 0.40526 0.78080 0.40112 0.77631 0.39179 0.78619 0.38553 0.80185 0.38577 0.83455 0.38436 0.84801 0.38562 0.87126 0.40045 0.90547 0.41828 0.91140 0.44855 0.89554 0.46072 0.85875 0.47104 0.83943
4 0.54772 0.87332 0.55835 0.85132 0.56685 0.83180 0.57164 0.80375 0.57291 0.79162 0.57312 0.78078 0.56683 0.77060 0.54950 0.76878 0.54037 0.76782 0.52669 0.76639 0.50858 0.76311 0.49673 0.76401 0.49002 0.76241 0.48407 0.77685 0.48590 0.79474 0.48377 0.81493 0.49042 0.83057 0.49237 0.84710 0.49271 0.87026 0.49935 0.88593 0.51198 0.90630 0.51430 0.91063 0.53318 0.89764 0.54772 0.87332
4 0.62654 0.15517 0.62159 0.10732 0.62111 0.09095 0.61311 0.07215 0.60312 0.05150 0.59023 0.03710 0.58199 0.03134 0.56446 0.02950 0.54206 0.03204 0.53128 0.05048 0.52303 0.16061 0.52173 0.18333 0.52003 0.19947 0.52091 0.21248 0.53553 0.22070 0.56389 0.23511 0.60922 0.22504 0.62456 0.18435 0.62654 0.15517
4 0.20291 0.45078 0.22180 0.43779 0.23127 0.42655 0.23725 0.41357 0.24463 0.40483 0.24878 0.39166 0.24885 0.38215 0.24830 0.36983 0.24045 0.35677 0.23583 0.34814 0.22938 0.33929 0.21886 0.33410 0.21550 0.33103 0.19555 0.34525 0.18024 0.35045 0.16683 0.34632 0.16411 0.34603 0.15624 0.35064 0.14417 0.36026 0.13601 0.36758 0.12843 0.38716 0.12631 0.40735 0.12327 0.42743 0.12493 0.44665 0.14228 0.44847 0.16143 0.45048 0.18424 0.45288 0.20291 0.45078
4 0.78852 0.69732 0.79412 0.69654 0.80171 0.69462 0.80313 0.68116 0.80595 0.65425 0.80758 0.62995 0.80528 0.60793 0.80081 0.59794 0.78383 0.58393 0.77052 0.57026 0.75997 0.56510 0.75087 0.56414 0.74033 0.57664 0.72896 0.57950 0.72066 0.58818 0.71875 0.59750 0.71748 0.60960 0.71713 0.62179 0.72345 0.63197 0.73817 0.63218 0.74181 0.63256 0.75094 0.63352 0.75633 0.64360 0.76175 0.65369 0.77050 0.66685 0.77273 0.68068 0.77434 0.69174 0.78852 0.69732
4 0.16598 0.00000 0.15887 0.03419 0.15338 0.07608 0.14225 0.19240 0.15075 0.20637 0.16320 0.21421 0.18958 0.20555 0.20752 0.19276 0.23162 0.18536 0.24230 0.09357 0.24417 0.05459 0.24125 0.02978 0.23452 0.00000 0.16598 0.00000
4 0.27941 0.81111 0.28874 0.80123 0.29234 0.79343 0.29706 0.77489 0.30599 0.75133 0.31350 0.74123 0.31040 0.73548 0.29955 0.72482 0.29002 0.71021 0.28398 0.69734 0.27804 0.67494 0.27313 0.66899 0.26492 0.66813 0.25123 0.66669 0.24246 0.67120 0.23129 0.68091 0.22427 0.69515 0.21477 0.72408 0.21180 0.75233 0.20968 0.77251 0.20986 0.79700 0.20942 0.81873 0.21959 0.83612 0.22633 0.84226 0.23839 0.85033 0.24900 0.84601 0.27005 0.82102 0.27941 0.81111
4 0.83850 0.48491 0.84580 0.48568 0.85642 0.48137 0.87376 0.46550 0.87146 0.42581 0.86221 0.40852 0.85416 0.38864 0.84506 0.36999 0.83678 0.36097 0.82118 0.36885 0.81227 0.37471 0.79572 0.37432 0.77929 0.37259 0.77523 0.37625 0.76306 0.39538 0.75868 0.43708 0.75550 0.47619 0.75323 0.48004 0.76062 0.47130 0.77402 0.45776 0.78878 0.45794 0.80154 0.45928 0.80518 0.45966 0.81712 0.46906 0.82812 0.47839 0.83850 0.48491
4 0.24736 0.00000 0.24219 0.01031 0.24301 0.02346 0.24428 0.04317 0.24417 0.07580 0.23965 0.12921 0.22883 0.19011 0.23116 0.20992 0.24185 0.22412 0.26787 0.23989 0.30854 0.24255 0.34593 0.24484 0.36261 0.23353 0.37273 0.22155 0.39271 0.18937 0.39678 0.15062 0.40602 0.07324 0.36777 0.00000 0.24736 0.00000
1 0.63026 0.79285 0.63373 0.79142 0.63226 0.77966 0.62114 0.77894 0.61306 0.77809 0.60423 0.77582 0.59107 0.77443 0.58725 0.77627 0.59171 0.78566 0.59852 0.78996 0.60924 0.79153 0.61980 0.79175 0.63026 0.79285
1 0.16740 0.49279 0.17353 0.49898 0.17760 0.49610 0.18569 0.48361 0.20023 0.47404 0.20778 0.47373 0.19063 0.46527 0.16955 0.46527 0.16740 0.49279
1 0.52152 0.79747 0.53554 0.80208 0.54152 0.80270 0.55112 0.79479 0.55474 0.79204 0.54945 0.78480 0.53726 0.78576 0.52982 0.78453 0.51975 0.78257 0.51323 0.77831 0.50575 0.77484 0.49977 0.77421 0.49900 0.77860 0.50350 0.78755 0.50983 0.79356 0.52152 0.79747
1 0.17894 0.40822 0.18788 0.41227 0.19886 0.40853 0.20075 0.40204 0.18814 0.40116 0.18135 0.39687 0.17518 0.38640 0.17378 0.38536 0.16850 0.39242 0.17894 0.40822
1 0.35411 0.75580 0.34531 0.75887 0.34845 0.76946 0.35949 0.77376 0.36670 0.77407 0.37287 0.77293 0.37467 0.76151 0.36495 0.75914 0.35411 0.75580
