4 0.29648 0.56541 0.29526 0.59791 0.29404 0.62064 0.29161 0.64500 0.32196 0.65959 0.34987 0.65959 0.36687 0.65959 0.38143 0.65634 0.38996 0.64500 0.39478 0.63035 0.40087 0.60581 0.42757 0.57355 0.42757 0.54919 0.42757 0.53948 0.42396 0.52482 0.40817 0.50209 0.40330 0.49401 0.39600 0.50209 0.38387 0.50535 0.37539 0.50860 0.36443 0.51023 0.34504 0.49564 0.32683 0.49564 0.31226 0.49401 0.30252 0.51512 0.30252 0.52645 0.29891 0.54430 0.29648 0.56541
4 0.68983 0.36901 0.70317 0.42093 0.70922 0.47291 0.73352 0.48587 0.75900 0.51023 0.78209 0.51674 0.79422 0.51674 0.80878 0.47779 0.80757 0.44041 0.80148 0.40308 0.79665 0.37390 0.78330 0.34302 0.77600 0.31058 0.75778 0.28297 0.74930 0.27163 0.72987 0.27163 0.70922 0.27163 0.69465 0.27482 0.67522 0.27808 0.66309 0.29273 0.66917 0.31866 0.67404 0.33651 0.67887 0.35442 0.68983 0.36901
4 0.13622 0.47942 0.15565 0.50535 0.17022 0.51186 0.20057 0.48587 0.23939 0.51186 0.25883 0.50698 0.26370 0.48750 0.26857 0.45994 0.27096 0.44529 0.27339 0.42744 0.28674 0.38686 0.28674 0.36413 0.27217 0.34953 0.24183 0.34953 0.21391 0.34791 0.19204 0.34791 0.16048 0.34953 0.14109 0.35605 0.12896 0.38686 0.12896 0.41448 0.13135 0.44855 0.13622 0.47942
4 0.55870 0.56703 0.55504 0.59791 0.55504 0.61250 0.55383 0.64337 0.55383 0.67256 0.59270 0.69692 0.61452 0.67581 0.63761 0.64982 0.65096 0.63198 0.65943 0.61738 0.66065 0.59791 0.66065 0.57029 0.66065 0.54593 0.66065 0.51349 0.62548 0.51837 0.60726 0.51837 0.59874 0.51349 0.58296 0.50698 0.57813 0.50052 0.56357 0.49401 0.55991 0.51349 0.55991 0.53622 0.55991 0.55407 0.55870 0.56703
4 0.76022 0.65634 0.76022 0.63686 0.77965 0.60605 0.79665 0.58006 0.80757 0.56384 0.81848 0.52971 0.81848 0.51349 0.80148 0.49564 0.79665 0.50698 0.79178 0.51674 0.77478 0.51674 0.75900 0.51674 0.74809 0.50052 0.74200 0.50052 0.74200 0.52000 0.74200 0.53622 0.71896 0.61576 0.72987 0.63198 0.73835 0.64337 0.74809 0.65471 0.76022 0.65634
4 0.55870 0.34953 0.55748 0.37227 0.55383 0.40145 0.55261 0.42093 0.54900 0.44041 0.55017 0.45994 0.55383 0.47291 0.59270 0.51186 0.63396 0.51837 0.67283 0.51674 0.69709 0.48913 0.70678 0.47616 0.70561 0.43395 0.70317 0.40145 0.69343 0.38198 0.67643 0.35605 0.66065 0.30407 0.65826 0.26512 0.63639 0.24401 0.61091 0.22453 0.59026 0.22616 0.57326 0.22779 0.55626 0.23913 0.55261 0.27971 0.55383 0.31541 0.55626 0.33814 0.55870 0.34953
4 0.33774 0.49564 0.36443 0.51023 0.38874 0.50698 0.40817 0.49401 0.41787 0.47942 0.41665 0.42744 0.41300 0.39174 0.40209 0.35442 0.39239 0.34953 0.34504 0.34465 0.32317 0.33651 0.30617 0.34953 0.30983 0.37064 0.29770 0.43721 0.30617 0.49076 0.33774 0.49564
4 0.68496 0.62064 0.69465 0.63035 0.71165 0.62709 0.73230 0.55895 0.74078 0.53459 0.73957 0.49727 0.73109 0.48750 0.73109 0.48424 0.71043 0.47616 0.70196 0.48587 0.68861 0.50052 0.67765 0.51512 0.66552 0.52000 0.66065 0.52808 0.66065 0.60605 0.68496 0.62064
4 0.80148 0.68232 0.81604 0.65634 0.82943 0.63849 0.84157 0.61901 0.85126 0.60442 0.85857 0.58494 0.86826 0.55570 0.87678 0.53297 0.88161 0.51837 0.84883 0.51674 0.82091 0.50535 0.82091 0.52645 0.81365 0.54756 0.79909 0.57517 0.76265 0.63686 0.76265 0.64982 0.76752 0.66773 0.79300 0.68721 0.80148 0.68232
4 0.92048 0.47779 0.94230 0.47942 0.95083 0.48587 0.96783 0.50535 0.97630 0.49890 0.97630 0.49076 0.96661 0.44041 0.96296 0.41610 0.94839 0.36901 0.94826 0.34651 0.94348 0.32384 0.91696 0.28953 0.89861 0.28297 0.89496 0.28459 0.88404 0.29593 0.87678 0.31058 0.90952 0.40145 0.91683 0.46314 0.92048 0.47779
4 0.42757 0.63523 0.41909 0.65634 0.45430 0.65959 0.49070 0.65959 0.51743 0.64982 0.53087 0.61570 0.54900 0.58331 0.55383 0.53459 0.55383 0.51349 0.53804 0.49401 0.52104 0.49727 0.49922 0.50698 0.47613 0.50698 0.44943 0.50698 0.44213 0.51186 0.43000 0.54593 0.43000 0.57029 0.43000 0.59465 0.42757 0.63523
4 0.80513 0.46802 0.80635 0.48913 0.81365 0.49890 0.84522 0.51837 0.86339 0.51837 0.89983 0.51837 0.91561 0.51837 0.91439 0.48587 0.90952 0.40308 0.89739 0.37227 0.89135 0.35116 0.87435 0.32192 0.86826 0.29756 0.83791 0.27320 0.82091 0.27320 0.80878 0.27808 0.78691 0.28948 0.77235 0.29919 0.80270 0.40797 0.80513 0.45343 0.80513 0.46802
4 0.43243 0.50052 0.45187 0.51023 0.48948 0.51186 0.52348 0.50535 0.54900 0.48913 0.54900 0.47616 0.54900 0.43884 0.55017 0.40959 0.54900 0.39820 0.52104 0.32843 0.49313 0.32355 0.47613 0.32355 0.45791 0.32355 0.43365 0.32355 0.41665 0.33814 0.42396 0.35762 0.42635 0.44041 0.42517 0.46965 0.43243 0.50052
4 0.88526 0.62390 0.89861 0.57843 0.90348 0.55081 0.90348 0.53297 0.90830 0.52320 0.87796 0.52320 0.87435 0.54430 0.86339 0.56703 0.85126 0.59791 0.84639 0.61087 0.82578 0.64982 0.84157 0.70669 0.86339 0.67256 0.87435 0.64174 0.88526 0.62390
