4 0.39348 0.67845 0.40735 0.67296 0.41399 0.66043 0.41647 0.64520 0.41864 0.62002 0.43996 0.58397 0.43615 0.55991 0.43463 0.55032 0.42878 0.53642 0.40963 0.51643 0.40356 0.50921 0.39761 0.51834 0.38614 0.52345 0.37827 0.52799 0.36770 0.53131 0.34627 0.51993 0.32828 0.52278 0.31364 0.52345 0.30732 0.54582 0.30909 0.55702 0.30832 0.57521 0.30922 0.59644 0.31310 0.62873 0.31545 0.65137 0.31686 0.67581 0.34911 0.68548 0.37668 0.68111 0.39348 0.67845
4 0.79321 0.47051 0.80151 0.42976 0.79446 0.39303 0.78260 0.35711 0.77327 0.32904 0.75526 0.30064 0.74297 0.26974 0.72066 0.24531 0.71051 0.23544 0.69131 0.23848 0.67092 0.24171 0.65703 0.24715 0.63834 0.25340 0.62865 0.26977 0.63872 0.29443 0.64633 0.31130 0.65389 0.32823 0.66700 0.34093 0.68830 0.39012 0.70240 0.44051 0.72844 0.44952 0.75741 0.46959 0.78123 0.47241 0.79321 0.47051
4 0.26465 0.52462 0.26515 0.49664 0.26522 0.48180 0.26483 0.46378 0.27167 0.42161 0.26811 0.39916 0.25144 0.38703 0.22147 0.39177 0.19364 0.39453 0.17204 0.39795 0.14112 0.40450 0.12299 0.41397 0.11582 0.44630 0.12015 0.47357 0.12784 0.50685 0.13748 0.53658 0.16073 0.55915 0.17613 0.56330 0.20204 0.53289 0.24445 0.55248 0.26289 0.54462 0.26465 0.52462
4 0.64062 0.65573 0.65935 0.62645 0.66974 0.60674 0.67583 0.59100 0.67399 0.57157 0.66967 0.54429 0.66586 0.52023 0.66078 0.48819 0.62681 0.49852 0.60881 0.50137 0.59963 0.49788 0.58303 0.49391 0.57725 0.48829 0.56185 0.48414 0.56129 0.50395 0.56484 0.52640 0.56763 0.54403 0.56846 0.55703 0.56968 0.58809 0.57196 0.60250 0.57559 0.63319 0.58016 0.66201 0.62236 0.67999 0.64062 0.65573
4 0.81667 0.46350 0.79708 0.44853 0.79409 0.46048 0.79081 0.47089 0.77402 0.47355 0.75843 0.47602 0.74511 0.46171 0.73910 0.46266 0.74215 0.48190 0.74469 0.49792 0.73437 0.58008 0.74769 0.59439 0.75784 0.60432 0.76923 0.61400 0.78147 0.61371 0.77842 0.59447 0.79280 0.56099 0.80552 0.53267 0.81377 0.51494 0.81920 0.47952 0.81667 0.46350
4 0.54892 0.46482 0.59341 0.49721 0.63518 0.49719 0.67332 0.48950 0.69296 0.45843 0.70051 0.44411 0.69275 0.40260 0.68526 0.37088 0.67259 0.35317 0.65174 0.33022 0.62802 0.28135 0.61957 0.24325 0.59467 0.22583 0.56645 0.21058 0.54631 0.21541 0.52978 0.21968 0.51476 0.23354 0.51750 0.27419 0.52429 0.30926 0.53025 0.33133 0.53443 0.34220 0.53679 0.36485 0.53775 0.39425 0.53959 0.41367 0.53907 0.43347 0.54329 0.45259 0.54892 0.46482
4 0.39714 0.40669 0.38052 0.37153 0.37018 0.36822 0.32265 0.37080 0.29978 0.36619 0.28502 0.38171 0.29193 0.40198 0.29036 0.46963 0.30711 0.52119 0.33905 0.52108 0.36770 0.53131 0.39120 0.52430 0.40837 0.50845 0.41566 0.49252 0.40633 0.44137 0.39714 0.40669
4 0.72629 0.45150 0.72578 0.44829 0.70412 0.44354 0.69726 0.45445 0.68637 0.47101 0.67783 0.48714 0.66661 0.49386 0.66307 0.50260 0.67526 0.57961 0.70155 0.59022 0.71265 0.59829 0.72893 0.59242 0.73867 0.52189 0.74323 0.49650 0.73619 0.45983 0.72629 0.45150
4 0.87244 0.49740 0.87730 0.47362 0.87978 0.45845 0.84715 0.46197 0.81780 0.45508 0.82110 0.47593 0.81723 0.49791 0.80716 0.52746 0.78083 0.59409 0.78286 0.60689 0.79047 0.62382 0.81868 0.63907 0.82629 0.63292 0.83661 0.60497 0.84704 0.58525 0.85598 0.56411 0.86327 0.54818 0.86744 0.52780 0.87244 0.49740
4 0.95154 0.36815 0.94413 0.34472 0.92238 0.30048 0.91873 0.27828 0.91046 0.25663 0.87890 0.22690 0.85975 0.22328 0.85640 0.22546 0.84739 0.23837 0.84251 0.25397 0.88906 0.33860 0.90593 0.39839 0.91183 0.41229 0.93364 0.41048 0.94307 0.41552 0.96290 0.43210 0.97027 0.42440 0.96899 0.41636 0.95154 0.36815
4 0.56143 0.57462 0.55858 0.52575 0.55527 0.50490 0.53664 0.48813 0.52036 0.49401 0.50032 0.50701 0.47752 0.51062 0.45115 0.51480 0.44470 0.52077 0.43805 0.55632 0.44186 0.58037 0.44567 0.60444 0.44961 0.64490 0.44454 0.66707 0.47983 0.66478 0.51578 0.65908 0.54066 0.64525 0.54859 0.60944 0.56143 0.57462
4 0.91337 0.45313 0.90708 0.42122 0.88932 0.34021 0.87252 0.31168 0.86325 0.29178 0.84188 0.26555 0.83206 0.24244 0.79827 0.22313 0.78148 0.22579 0.77027 0.23251 0.75045 0.24719 0.73758 0.25905 0.78457 0.36175 0.79409 0.40627 0.79637 0.42068 0.80087 0.44134 0.80962 0.44984 0.84384 0.46414 0.86179 0.46130 0.89778 0.45560 0.91337 0.45313
4 0.53883 0.43193 0.53541 0.40286 0.53247 0.39179 0.49395 0.32725 0.46561 0.32679 0.44882 0.32945 0.43083 0.33230 0.40687 0.33610 0.39236 0.35317 0.40262 0.37127 0.41793 0.45266 0.42135 0.48173 0.43335 0.51109 0.45406 0.51764 0.49146 0.51336 0.52403 0.50161 0.54670 0.48160 0.54467 0.46879 0.53883 0.43193
4 0.87667 0.48520 0.86940 0.50936 0.86225 0.54175 0.85947 0.55532 0.84521 0.59702 0.86969 0.65071 0.88591 0.61359 0.89191 0.58144 0.89990 0.56210 0.90597 0.51511 0.90646 0.48707 0.90367 0.46944 0.90691 0.45904 0.87693 0.46379 0.87667 0.48520
