4 0.35709 0.58259 0.36349 0.58468 0.37232 0.58422 0.37945 0.57196 0.38121 0.55519 0.38511 0.53997 0.38604 0.52804 0.38409 0.50041 0.38193 0.46960 0.37939 0.46181 0.37017 0.45360 0.36448 0.44438 0.36080 0.44375 0.35624 0.44641 0.35234 0.45134 0.34723 0.46272 0.34447 0.47079 0.34164 0.48519 0.34356 0.49219 0.34465 0.50325 0.34523 0.51433 0.34577 0.52459 0.34664 0.54116 0.34830 0.55296 0.35009 0.56711 0.35067 0.57820 0.35709 0.58259
4 0.41599 0.58836 0.43281 0.57824 0.43847 0.56210 0.43802 0.55354 0.44397 0.49314 0.44238 0.47936 0.43933 0.47094 0.43603 0.46583 0.43190 0.46142 0.42693 0.45772 0.42054 0.46004 0.41729 0.46417 0.41397 0.46698 0.41187 0.46842 0.40198 0.46167 0.39838 0.45922 0.39222 0.45756 0.38832 0.45777 0.38050 0.45751 0.37938 0.46087 0.38285 0.46927 0.38306 0.48973 0.38387 0.51346 0.38485 0.52397 0.38734 0.53837 0.39040 0.55537 0.39260 0.57242 0.39554 0.57887 0.40943 0.58739 0.41599 0.58836
4 0.61275 0.45514 0.61620 0.44841 0.61865 0.43722 0.61917 0.43131 0.61847 0.40977 0.61688 0.38763 0.61501 0.37535 0.60932 0.35798 0.60449 0.34778 0.58954 0.33223 0.57913 0.33019 0.56418 0.33944 0.54970 0.35786 0.54224 0.37195 0.53768 0.39112 0.53443 0.40240 0.52910 0.42750 0.53543 0.45528 0.53643 0.45782 0.54037 0.46746 0.54777 0.47747 0.57361 0.47810 0.58956 0.47055 0.59707 0.46839 0.60567 0.46007 0.61275 0.45514
4 0.44963 0.60113 0.46636 0.61411 0.50010 0.61235 0.51537 0.60560 0.52433 0.59457 0.52446 0.57212 0.52135 0.54587 0.51997 0.51953 0.51781 0.50314 0.51132 0.48697 0.50312 0.47948 0.49948 0.47637 0.49254 0.48465 0.47104 0.47984 0.46323 0.47167 0.46024 0.47248 0.45332 0.47285 0.45013 0.47829 0.44868 0.48365 0.44752 0.48635 0.44454 0.49575 0.44033 0.53955 0.43870 0.55812 0.43875 0.56736 0.43951 0.58185 0.44963 0.60113
4 0.69070 0.55746 0.69389 0.55201 0.69569 0.53673 0.69447 0.52161 0.69333 0.49988 0.69226 0.47947 0.68953 0.46751 0.68368 0.46616 0.66805 0.47282 0.66070 0.47320 0.65068 0.47241 0.63723 0.47245 0.62764 0.47163 0.62209 0.47324 0.61193 0.48632 0.61066 0.50355 0.60902 0.51354 0.60993 0.52274 0.61223 0.54177 0.61550 0.56272 0.61669 0.57719 0.64005 0.57596 0.66573 0.56933 0.68276 0.56316 0.69070 0.55746
4 0.75034 0.52000 0.76104 0.50888 0.77087 0.49780 0.78532 0.48384 0.79815 0.47194 0.80180 0.46713 0.80426 0.46436 0.80664 0.46027 0.80606 0.44908 0.80194 0.43675 0.79782 0.44093 0.79228 0.45112 0.72388 0.46076 0.70175 0.44530 0.69153 0.46410 0.69324 0.48998 0.69530 0.50440 0.69715 0.51487 0.69914 0.52797 0.70142 0.53841 0.70786 0.54534 0.72506 0.54245 0.73207 0.53549 0.74287 0.52634 0.75034 0.52000
4 0.62168 0.47101 0.63382 0.47296 0.63898 0.47335 0.64802 0.47287 0.66501 0.47072 0.67222 0.46902 0.68615 0.46438 0.69240 0.46076 0.69718 0.45335 0.69795 0.43499 0.69772 0.41410 0.69696 0.39196 0.69578 0.37695 0.69083 0.35696 0.68200 0.34438 0.66444 0.34464 0.65311 0.34980 0.64331 0.35945 0.63372 0.37305 0.62977 0.37980 0.61988 0.41102 0.61767 0.42616 0.61804 0.43329 0.61788 0.43919 0.61686 0.44447 0.61657 0.45560 0.61668 0.45757 0.61695 0.46278 0.61809 0.46795 0.62168 0.47101
4 0.31623 0.48454 0.32756 0.48472 0.33875 0.48177 0.34821 0.46559 0.35287 0.45671 0.35573 0.45111 0.36035 0.44063 0.36246 0.43271 0.36578 0.42626 0.36735 0.41837 0.36812 0.40265 0.36679 0.38704 0.36502 0.36281 0.36294 0.35351 0.35960 0.33800 0.35312 0.32266 0.34735 0.30101 0.33911 0.29204 0.31492 0.28153 0.30406 0.28056 0.29063 0.30085 0.27721 0.32978 0.27739 0.35249 0.27529 0.44905 0.27633 0.45918 0.27649 0.46230 0.27797 0.46223 0.29265 0.48578 0.29688 0.48787 0.30709 0.48733 0.31623 0.48454
4 0.34163 0.58423 0.34838 0.57436 0.34888 0.56404 0.34710 0.53008 0.34545 0.49847 0.34302 0.49222 0.34202 0.48280 0.34040 0.48289 0.33835 0.48300 0.33025 0.48656 0.31987 0.48710 0.31317 0.48828 0.30605 0.49179 0.30769 0.49330 0.30864 0.50117 0.30930 0.51379 0.31123 0.52084 0.31302 0.53500 0.31319 0.53818 0.31473 0.54839 0.31803 0.56170 0.32367 0.57961 0.32576 0.57950 0.34163 0.58423
4 0.42963 0.45417 0.43434 0.43357 0.43433 0.41745 0.43517 0.40106 0.43548 0.38212 0.43245 0.33265 0.41364 0.29314 0.41058 0.29198 0.38843 0.29572 0.37857 0.30411 0.37394 0.32196 0.36986 0.34963 0.37006 0.37900 0.36894 0.39083 0.36892 0.41372 0.36750 0.42882 0.36795 0.44574 0.36939 0.44830 0.37415 0.44871 0.38170 0.45355 0.39524 0.45740 0.41118 0.46702 0.41776 0.46211 0.42963 0.45417
4 0.46535 0.46941 0.47019 0.47961 0.47149 0.47954 0.48799 0.48324 0.49473 0.48091 0.50732 0.46721 0.51764 0.45099 0.52615 0.42441 0.52873 0.41706 0.53071 0.40590 0.53243 0.39794 0.53297 0.37442 0.52952 0.35826 0.52441 0.34285 0.51864 0.33138 0.50855 0.31887 0.50485 0.31317 0.49742 0.30311 0.49029 0.29825 0.48006 0.29879 0.47500 0.30032 0.46770 0.30923 0.45930 0.32079 0.44965 0.34154 0.44528 0.35679 0.44162 0.37591 0.43782 0.39443 0.43615 0.41086 0.44561 0.42863 0.44611 0.42992 0.44701 0.43053 0.45314 0.44127 0.45641 0.44633 0.45745 0.44958 0.45859 0.45474 0.46252 0.46433 0.46535 0.46941
4 0.22392 0.31452 0.21269 0.34647 0.20049 0.37848 0.20043 0.45611 0.24348 0.47108 0.27256 0.46719 0.27694 0.40192 0.27768 0.32898 0.23557 0.29119 0.22392 0.31452
4 0.61469 0.55550 0.61127 0.52333 0.60634 0.50378 0.60092 0.49152 0.58969 0.48419 0.58170 0.48064 0.56905 0.47932 0.55913 0.48050 0.54986 0.48561 0.53487 0.49762 0.52083 0.51949 0.52468 0.56814 0.52321 0.59793 0.53224 0.60472 0.54089 0.60427 0.56631 0.60095 0.58251 0.59548 0.59518 0.58888 0.60492 0.58440 0.61316 0.57605 0.61541 0.56933 0.61469 0.55550
4 0.31722 0.58551 0.31639 0.56970 0.31376 0.54921 0.31127 0.53273 0.30881 0.51464 0.30839 0.50674 0.30585 0.49895 0.30413 0.49508 0.30195 0.49283 0.29923 0.49055 0.29644 0.48833 0.29267 0.48539 0.28952 0.49425 0.28981 0.49979 0.29195 0.51156 0.29281 0.51707 0.29448 0.52887 0.29510 0.54073 0.29410 0.55266 0.29470 0.57321 0.29725 0.59288 0.31070 0.59141 0.31722 0.58551
4 0.76688 0.45416 0.77924 0.45197 0.79163 0.44972 0.79319 0.44012 0.79702 0.40350 0.79883 0.38833 0.80427 0.37297 0.80006 0.35261 0.78647 0.34221 0.77235 0.34058 0.74798 0.34186 0.72688 0.34693 0.72169 0.35672 0.71160 0.37386 0.69639 0.39133 0.69635 0.43964 0.70075 0.44420 0.70238 0.44565 0.70402 0.44799 0.70507 0.44793 0.71531 0.45372 0.72343 0.45963 0.74214 0.45941 0.76688 0.45416
4 0.29555 0.54939 0.29485 0.53595 0.29410 0.52174 0.29256 0.51230 0.29161 0.50525 0.29065 0.49579 0.28998 0.49263 0.28856 0.48561 0.28451 0.47867 0.27981 0.48761 0.27248 0.49674 0.27060 0.50157 0.26938 0.51830 0.26910 0.55155 0.27055 0.56892 0.27540 0.58214 0.28595 0.59584 0.29412 0.57164 0.29556 0.56051 0.29555 0.54939
