4 0.25907 0.43974 0.27025 0.45026 0.28242 0.46705 0.28650 0.47545 0.29359 0.48808 0.30071 0.48596 0.31186 0.47756 0.31492 0.47333 0.32000 0.44391 0.32201 0.41449 0.32099 0.38295 0.31796 0.36404 0.31591 0.31782 0.31288 0.28000 0.30780 0.26103 0.29663 0.24846 0.27532 0.24423 0.26313 0.25474 0.24588 0.28628 0.23978 0.30096 0.21338 0.37878 0.21238 0.39346 0.23573 0.41660 0.25096 0.43135 0.25907 0.43974
4 0.15059 1.00000 0.16161 0.98205 0.16972 0.96526 0.17480 0.95263 0.17480 0.92737 0.16873 0.91058 0.16161 0.90006 0.14944 0.88744 0.13725 0.87276 0.12406 0.86641 0.10579 0.85801 0.09563 0.85590 0.08749 0.85385 0.07938 0.84962 0.06111 0.85801 0.05604 0.87276 0.05399 0.88744 0.05297 0.91481 0.04994 0.94423 0.04486 0.95891 0.04384 0.96526 0.03712 1.00000 0.15059 1.00000
4 0.66313 0.50276 0.66923 0.54064 0.68040 0.58898 0.68954 0.61212 0.70170 0.62891 0.72811 0.62891 0.74638 0.61628 0.76669 0.59737 0.79511 0.57423 0.79511 0.56167 0.79409 0.53641 0.78700 0.50487 0.78294 0.48808 0.77480 0.46917 0.76567 0.43135 0.75858 0.41032 0.74232 0.37244 0.73319 0.35776 0.71693 0.34513 0.70273 0.34513 0.69359 0.34724 0.66517 0.36192 0.67127 0.37038 0.66415 0.39769 0.66111 0.42923 0.66111 0.47968 0.66313 0.50276
4 0.35145 0.39769 0.37786 0.42083 0.39916 0.42083 0.42455 0.41449 0.43876 0.39981 0.44384 0.38718 0.45805 0.36404 0.46313 0.36192 0.49867 0.32410 0.50477 0.18538 0.49662 0.16436 0.48142 0.14333 0.46923 0.13282 0.45706 0.13494 0.44080 0.13910 0.40743 0.14103 0.37582 0.15596 0.35858 0.16013 0.33003 0.17308 0.30882 0.22532 0.30375 0.24846 0.31087 0.25686 0.31796 0.26949 0.31393 0.29231 0.31898 0.34513 0.32811 0.37038 0.34334 0.38718 0.35145 0.39769
4 0.76464 0.76346 0.78090 0.79288 0.82861 0.78865 0.84588 0.77397 0.81644 0.63519 0.79613 0.58474 0.78802 0.57635 0.75858 0.60577 0.74842 0.62263 0.74842 0.66045 0.74842 0.70038 0.75043 0.73820 0.76464 0.76346
4 0.73217 0.90430 0.76567 0.95891 0.77381 0.97154 0.79715 0.98833 0.84183 0.99256 0.86313 0.98833 0.86923 0.96314 0.86923 0.92109 0.86517 0.88327 0.85706 0.83910 0.85297 0.82019 0.84690 0.80128 0.84080 0.77814 0.82861 0.78654 0.77684 0.79500 0.76771 0.79077 0.74028 0.81391 0.73217 0.82859 0.72406 0.84750 0.73217 0.90430
4 0.50991 0.24423 0.50681 0.29487 0.50681 0.34103 0.52105 0.36410 0.53929 0.41237 0.54944 0.42083 0.55960 0.42083 0.56464 0.41032 0.57074 0.38718 0.57889 0.37878 0.60019 0.36615 0.61238 0.35776 0.63573 0.34513 0.65297 0.33250 0.65805 0.32833 0.68359 0.35128 0.69752 0.35128 0.71186 0.31994 0.71393 0.30128 0.71393 0.26923 0.70170 0.22955 0.70170 0.21904 0.69461 0.19167 0.68954 0.17910 0.67127 0.17276 0.64690 0.16859 0.62455 0.16647 0.60019 0.16647 0.55960 0.16859 0.53622 0.19590 0.52508 0.20218 0.52303 0.21058 0.50991 0.24423
4 0.14130 0.67936 0.16464 0.66045 0.17582 0.64570 0.18495 0.62263 0.19003 0.58058 0.19310 0.53853 0.18700 0.50276 0.17786 0.46705 0.16972 0.45442 0.16669 0.45654 0.15145 0.48596 0.13725 0.51962 0.12913 0.54481 0.11693 0.58898 0.10477 0.64154 0.10477 0.66256 0.11186 0.67936 0.12406 0.68359 0.14130 0.67936
4 0.22557 0.50699 0.24183 0.50910 0.26517 0.50487 0.28142 0.49859 0.28242 0.48180 0.27127 0.46282 0.25706 0.43974 0.24486 0.42500 0.22557 0.40820 0.22152 0.40397 0.21034 0.40397 0.18700 0.41449 0.17889 0.42288 0.17381 0.44814 0.17786 0.46494 0.19105 0.48596 0.20121 0.50070 0.22557 0.50699
4 0.12201 0.83494 0.13319 0.82231 0.15248 0.79077 0.16263 0.76763 0.16771 0.72769 0.15858 0.72558 0.12913 0.70667 0.10477 0.69410 0.09663 0.69827 0.08851 0.71506 0.08446 0.75500 0.08242 0.82019 0.09056 0.84333 0.10071 0.84545 0.12201 0.83494
4 0.51591 0.47128 0.50882 0.49859 0.50780 0.51538 0.50882 0.53224 0.51288 0.55532 0.50681 0.62500 0.52012 0.66026 0.54130 0.66462 0.56161 0.68776 0.59003 0.66462 0.59409 0.65622 0.59817 0.66462 0.61440 0.66673 0.62963 0.66462 0.63876 0.67308 0.66009 0.67513 0.68650 0.67936 0.69461 0.64782 0.69257 0.63102 0.68242 0.60160 0.66718 0.56372 0.66313 0.51327 0.64690 0.49648 0.63167 0.47128 0.62050 0.45442 0.58700 0.44814 0.58495 0.44603 0.57889 0.43551 0.56059 0.43763 0.54842 0.43551 0.53725 0.44180 0.52709 0.45231 0.51591 0.47128
