4 0.31861 0.44523 0.32237 0.44160 0.33247 0.41351 0.33957 0.38488 0.34404 0.35364 0.34433 0.33449 0.35035 0.28862 0.35392 0.25085 0.35222 0.23128 0.34339 0.21697 0.32315 0.20910 0.30931 0.21734 0.28685 0.24540 0.27830 0.25880 0.23878 0.33085 0.23525 0.34514 0.25423 0.37198 0.26667 0.38914 0.27320 0.39882 0.28238 0.41112 0.29144 0.42977 0.29401 0.43875 0.29880 0.45242 0.30618 0.45157 0.31861 0.44523
4 0.00000 0.91955 0.06907 0.93173 0.08304 0.91597 0.09395 0.90084 0.10114 0.88928 0.10553 0.86441 0.10247 0.84682 0.09728 0.83522 0.08749 0.82068 0.07803 0.80410 0.06614 0.79556 0.04961 0.78412 0.03998 0.78027 0.03231 0.77684 0.02506 0.77126 0.00561 0.77636 0.00000 0.78649 0.00000 0.91955
4 0.72244 0.65730 0.74573 0.64220 0.77773 0.62435 0.77992 0.61197 0.78330 0.58693 0.78179 0.55463 0.78071 0.53739 0.77598 0.51735 0.77355 0.47852 0.77022 0.45658 0.76079 0.41645 0.75435 0.40041 0.74053 0.38515 0.72654 0.38268 0.71718 0.38318 0.68664 0.39270 0.69117 0.40209 0.67942 0.42775 0.67096 0.45828 0.66220 0.50797 0.66017 0.53104 0.65960 0.56941 0.66221 0.61895 0.66719 0.64333 0.67625 0.66198 0.70226 0.66656 0.72244 0.65730
4 0.48230 0.35882 0.48766 0.35762 0.52923 0.32654 0.55933 0.19099 0.55496 0.16887 0.54364 0.14553 0.53345 0.13305 0.52110 0.13303 0.50437 0.13431 0.47117 0.13040 0.43745 0.13962 0.41974 0.14073 0.38938 0.14853 0.35942 0.19630 0.35041 0.21820 0.35596 0.22771 0.36075 0.24138 0.35282 0.26315 0.34862 0.31605 0.35323 0.34251 0.36531 0.36169 0.37148 0.37345 0.39347 0.40083 0.41444 0.40453 0.44055 0.40268 0.45709 0.39070 0.46428 0.37914 0.48230 0.35882
4 0.77039 0.62520 0.73628 0.64906 0.72335 0.66390 0.71679 0.70115 0.70985 0.74048 0.70527 0.77807 0.71487 0.80541 0.72577 0.83721 0.77349 0.84133 0.79305 0.82987 0.78816 0.68809 0.77692 0.63488 0.77039 0.62520
4 0.78676 1.00000 0.79050 0.97881 0.79307 0.94086 0.79275 0.89595 0.79201 0.87662 0.78932 0.85694 0.78733 0.83310 0.77386 0.83925 0.72141 0.83859 0.71315 0.83284 0.68212 0.85087 0.67158 0.86391 0.66031 0.88113 0.65843 0.93847 0.68194 0.99807 0.68275 1.00000 0.78676 1.00000
4 0.57244 0.43238 0.57923 0.42291 0.58926 0.40118 0.59874 0.39432 0.62191 0.38558 0.63538 0.37943 0.66056 0.37105 0.67973 0.36161 0.68546 0.35839 0.70663 0.38542 0.72035 0.38784 0.73991 0.35946 0.74519 0.34145 0.75075 0.30989 0.74560 0.26869 0.74743 0.25833 0.74520 0.23015 0.74238 0.21689 0.72549 0.20747 0.70222 0.19913 0.68057 0.19317 0.65658 0.18894 0.61624 0.18397 0.58848 0.20681 0.57641 0.21106 0.57294 0.21897 0.55417 0.24984 0.54233 0.29917 0.53431 0.34462 0.54433 0.36982 0.55391 0.42053 0.56244 0.43062 0.57244 0.43238
4 0.19127 0.44836 0.18848 0.41161 0.18265 0.39776 0.17930 0.39932 0.15919 0.42565 0.13935 0.45632 0.12699 0.47973 0.10730 0.52110 0.08619 0.57076 0.08254 0.59146 0.08661 0.60923 0.09789 0.61552 0.11560 0.61435 0.14188 0.59978 0.15544 0.58720 0.16845 0.56606 0.18075 0.52553 0.19107 0.48465 0.19127 0.44836
4 0.27121 0.39847 0.26176 0.38183 0.24568 0.36195 0.24242 0.35707 0.23142 0.35513 0.20660 0.36143 0.19715 0.36830 0.18777 0.39229 0.18885 0.40953 0.19818 0.43253 0.20563 0.44881 0.22853 0.45923 0.24417 0.46413 0.26789 0.46402 0.28499 0.46066 0.28888 0.44429 0.28120 0.42367 0.27121 0.39847
4 0.09888 0.63913 0.07707 0.62252 0.06832 0.62521 0.05742 0.64034 0.04649 0.67897 0.03316 0.74282 0.03716 0.76702 0.04679 0.77087 0.06959 0.76421 0.08279 0.75372 0.10727 0.72600 0.12128 0.70498 0.13322 0.66653 0.12459 0.66286 0.09888 0.63913
4 0.49199 0.66132 0.51209 0.66929 0.52807 0.69560 0.56008 0.67775 0.56553 0.67018 0.56810 0.67916 0.58371 0.68406 0.59907 0.68463 0.60660 0.69454 0.62725 0.70027 0.65252 0.70902 0.66599 0.67937 0.66689 0.66247 0.66200 0.63173 0.65358 0.59178 0.65834 0.54139 0.64528 0.52204 0.63466 0.49458 0.62658 0.47604 0.59468 0.46404 0.59304 0.46160 0.58888 0.45019 0.57050 0.44910 0.55888 0.44490 0.54679 0.44915 0.53496 0.45774 0.52066 0.47448 0.50893 0.50014 0.50501 0.51651 0.50309 0.53329 0.50308 0.55672 0.48500 0.62428 0.49199 0.66132
