2 0.69521 0.59673 0.69755 0.59511 0.69948 0.57301 0.68910 0.56626 0.66217 0.56682 0.64495 0.57554 0.63952 0.58747 0.64020 0.59228 0.64545 0.59493 0.65445 0.59864 0.67069 0.60115 0.68618 0.59959 0.69521 0.59673
4 0.33984 0.67982 0.38858 0.68634 0.47651 0.67254 0.50934 0.64712 0.52273 0.63019 0.53470 0.59050 0.52853 0.56393 0.52305 0.54874 0.49762 0.52841 0.48452 0.52274 0.40153 0.51887 0.38209 0.52735 0.37296 0.53448 0.34270 0.54993 0.32276 0.56403 0.31613 0.58156 0.31505 0.59391 0.31367 0.60963 0.31180 0.63097 0.31590 0.66188 0.33984 0.67982
4 0.07089 0.11616 0.06681 0.13088 0.06509 0.15051 0.06773 0.16866 0.06750 0.18752 0.06918 0.20088 0.07533 0.22781 0.12683 0.20592 0.14668 0.18973 0.16119 0.16932 0.16490 0.14322 0.16461 0.11395 0.14711 0.10395 0.10887 0.10342 0.08165 0.10670 0.07571 0.10997 0.07089 0.11616
4 0.64111 0.45084 0.67740 0.42478 0.68080 0.40149 0.68162 0.39215 0.67566 0.37936 0.66100 0.35260 0.64761 0.34387 0.63280 0.33506 0.62078 0.32645 0.61258 0.32292 0.60439 0.31936 0.58784 0.31415 0.58382 0.31190 0.56830 0.31054 0.55535 0.31317 0.53790 0.31825 0.51604 0.32484 0.50384 0.33509 0.49970 0.34980 0.49774 0.37226 0.49427 0.39554 0.49655 0.41837 0.49968 0.43091 0.54263 0.44222 0.64111 0.45084
4 0.34283 0.24745 0.35375 0.23614 0.36325 0.22471 0.37977 0.21279 0.38705 0.19846 0.38678 0.18274 0.38255 0.17471 0.37764 0.16807 0.36757 0.15909 0.36185 0.15428 0.32899 0.14739 0.29539 0.13642 0.26175 0.12150 0.20492 0.10711 0.18522 0.10539 0.17432 0.13273 0.17252 0.15334 0.17289 0.18166 0.18127 0.19937 0.19077 0.21998 0.20742 0.24031 0.23102 0.26216 0.25717 0.27106 0.29727 0.26610 0.31504 0.25728 0.34283 0.24745
4 0.66474 0.60074 0.67159 0.60021 0.69581 0.59554 0.72567 0.58457 0.77001 0.54432 0.77168 0.52523 0.76402 0.51551 0.74574 0.49128 0.72537 0.47139 0.71733 0.46616 0.70253 0.46034 0.66401 0.45357 0.65051 0.45239 0.62351 0.45003 0.60654 0.44968 0.58441 0.45000 0.57428 0.44912 0.55195 0.45169 0.52705 0.46422 0.51366 0.48115 0.50673 0.50205 0.50506 0.52114 0.51511 0.54239 0.53210 0.56198 0.56814 0.57758 0.58800 0.58384 0.62781 0.59525 0.66474 0.60074
4 0.47795 0.33943 0.48925 0.33947 0.50243 0.33497 0.51762 0.32308 0.52736 0.30886 0.53442 0.29345 0.53619 0.28886 0.53124 0.28091 0.52196 0.27349 0.50985 0.26834 0.49152 0.25834 0.48758 0.25325 0.46618 0.24079 0.44654 0.23323 0.41312 0.22151 0.39641 0.21819 0.37542 0.21540 0.36516 0.21922 0.34835 0.24582 0.34370 0.27016 0.33866 0.29516 0.34456 0.32491 0.35318 0.33983 0.36263 0.34537 0.38217 0.34897 0.41783 0.34644 0.47795 0.33943
4 0.57867 0.92367 0.63356 0.91829 0.74005 0.90610 0.76048 0.88639 0.77198 0.87155 0.78219 0.85208 0.78783 0.82651 0.79158 0.80307 0.79007 0.78144 0.77695 0.75653 0.76462 0.74188 0.74883 0.72805 0.74059 0.72506 0.73017 0.72755 0.71141 0.72817 0.57701 0.72886 0.56808 0.73373 0.53971 0.74709 0.48920 0.76078 0.48176 0.76805 0.47871 0.80286 0.47408 0.83644 0.48184 0.86428 0.51294 0.89755 0.53549 0.91197 0.57867 0.92367
4 0.53530 0.70031 0.58406 0.72608 0.63131 0.73021 0.67756 0.72634 0.71141 0.72817 0.73046 0.72418 0.74723 0.70754 0.76159 0.67937 0.76316 0.66140 0.76038 0.65437 0.75094 0.64563 0.73962 0.63898 0.71957 0.63496 0.69584 0.63402 0.66884 0.63165 0.65395 0.62695 0.64461 0.61709 0.63348 0.60819 0.60687 0.60134 0.59010 0.59874 0.57809 0.59995 0.55368 0.60687 0.53969 0.61130 0.53254 0.61520 0.52302 0.62682 0.52175 0.64142 0.51690 0.65796 0.51841 0.67960 0.53530 0.70031
1 0.50721 0.80006 0.50209 0.80217 0.49989 0.80782 0.49483 0.81613 0.49522 0.81799 0.49996 0.81330 0.50654 0.80767 0.51294 0.80348 0.51656 0.79978 0.50721 0.80006
1 0.64268 0.76263 0.63705 0.76433 0.63401 0.76772 0.63606 0.76936 0.64214 0.76879 0.65207 0.76747 0.66112 0.76498 0.65252 0.76240 0.64268 0.76263
1 0.40902 0.60567 0.41044 0.60762 0.41812 0.60829 0.42084 0.60853 0.42709 0.60543 0.41899 0.60399 0.41377 0.60098 0.40842 0.59941 0.40194 0.59885 0.39365 0.59958 0.39298 0.60098 0.39288 0.60207 0.39666 0.60277 0.40646 0.60362 0.40902 0.60567
2 0.75172 0.66362 0.74764 0.64694 0.74629 0.64420 0.73414 0.63893 0.70593 0.63596 0.69112 0.63411 0.66836 0.63212 0.64926 0.62468 0.64441 0.61688 0.63162 0.61000 0.62135 0.61016 0.61502 0.62800 0.62312 0.64393 0.63653 0.65299 0.65468 0.66246 0.67367 0.67989 0.68798 0.69691 0.70041 0.69906 0.72218 0.69414 0.74567 0.67831 0.75172 0.66362
