4 0.32938 0.50099 0.33788 0.48818 0.35865 0.43838 0.36384 0.40308 0.34602 0.40660 0.30999 0.40123 0.30620 0.38429 0.30244 0.37317 0.30073 0.36809 0.29763 0.35898 0.29609 0.35296 0.29440 0.35077 0.28397 0.37755 0.27853 0.39947 0.26124 0.49754 0.25967 0.51537 0.26851 0.53889 0.27389 0.53794 0.29593 0.53418 0.30579 0.52258 0.31633 0.51300 0.32938 0.50099
4 0.63003 0.53302 0.63759 0.50187 0.60632 0.50211 0.56364 0.48406 0.56062 0.48640 0.55800 0.53078 0.55906 0.56626 0.56522 0.58741 0.57303 0.59637 0.59440 0.59923 0.60801 0.59875 0.61340 0.59493 0.61970 0.57983 0.62563 0.55512 0.63003 0.53302
4 0.12870 0.21719 0.12445 0.19448 0.11804 0.17139 0.11286 0.15396 0.10193 0.14794 0.09154 0.15571 0.08383 0.16120 0.07394 0.17047 0.06789 0.21748 0.07054 0.25777 0.08188 0.29139 0.09700 0.30776 0.11061 0.31977 0.12002 0.31323 0.12687 0.27871 0.13293 0.23996 0.13195 0.23287 0.12870 0.21719
4 0.86745 0.63116 0.86889 0.61710 0.87181 0.59468 0.87454 0.57613 0.87563 0.56103 0.87643 0.55065 0.87653 0.53832 0.87480 0.53036 0.87255 0.51945 0.86999 0.51330 0.86860 0.50639 0.86790 0.49862 0.86681 0.48699 0.85415 0.50862 0.84999 0.51743 0.84015 0.53190 0.83646 0.53504 0.82889 0.53291 0.81645 0.53053 0.80359 0.52295 0.79713 0.56524 0.79869 0.59243 0.82488 0.59790 0.83069 0.61514 0.84011 0.64732 0.85130 0.66361 0.86285 0.68088 0.86617 0.67100 0.86829 0.65896 0.86745 0.63116
4 0.04141 0.49701 0.05036 0.49308 0.07015 0.43613 0.07824 0.41150 0.08946 0.37776 0.09568 0.36374 0.10405 0.34185 0.10950 0.32361 0.07806 0.28919 0.07137 0.25914 0.06680 0.26384 0.05363 0.29173 0.04069 0.31833 0.03327 0.33898 0.02260 0.38242 0.01791 0.40906 0.01645 0.45144 0.02558 0.48052 0.03510 0.49455 0.03779 0.49637 0.04141 0.49701
4 0.40986 0.44936 0.42692 0.46473 0.47441 0.47310 0.49006 0.47017 0.50278 0.46000 0.52381 0.42939 0.52745 0.42049 0.53442 0.39878 0.54265 0.36970 0.54802 0.33921 0.55472 0.30124 0.56144 0.23661 0.54818 0.21427 0.54430 0.20691 0.53849 0.19249 0.52730 0.17621 0.51542 0.16078 0.51064 0.14660 0.47810 0.16276 0.43038 0.20304 0.41772 0.22748 0.41328 0.24676 0.40986 0.26616 0.39749 0.31267 0.39284 0.35093 0.39329 0.37775 0.39919 0.40643 0.40248 0.42322 0.40495 0.44177 0.40986 0.44936
4 0.88982 0.38608 0.89373 0.36389 0.90053 0.34313 0.90414 0.32854 0.91175 0.30315 0.91379 0.27684 0.90755 0.27378 0.89296 0.28265 0.88675 0.28828 0.87909 0.30216 0.87062 0.31785 0.86263 0.33645 0.85914 0.34446 0.83075 0.35468 0.81002 0.37489 0.79771 0.40036 0.78691 0.45859 0.79057 0.51172 0.82030 0.53219 0.83497 0.53478 0.84165 0.52929 0.85633 0.50515 0.87263 0.47181 0.88253 0.43630 0.88644 0.41411 0.88982 0.38608
4 0.79845 0.38141 0.80253 0.32873 0.80302 0.29639 0.80322 0.27159 0.79838 0.24884 0.79417 0.24620 0.78235 0.23935 0.76526 0.25346 0.75211 0.27500 0.74626 0.28449 0.71431 0.27720 0.70138 0.31835 0.69428 0.37833 0.68400 0.43659 0.69793 0.48774 0.72135 0.49664 0.73868 0.49872 0.76618 0.47879 0.78186 0.45770 0.79671 0.40019 0.79845 0.38141
4 0.79886 0.54750 0.80195 0.52994 0.80157 0.52320 0.79109 0.51462 0.78593 0.46129 0.78475 0.45913 0.78274 0.45877 0.77888 0.46286 0.77553 0.46704 0.77335 0.47051 0.76800 0.47721 0.76032 0.48534 0.73284 0.50533 0.73055 0.58029 0.74603 0.61067 0.75858 0.62530 0.76418 0.63772 0.78200 0.63420 0.79320 0.62088 0.79735 0.60926 0.79827 0.59798 0.79595 0.56986 0.79886 0.54750
4 0.30226 0.27967 0.30708 0.23757 0.31146 0.20684 0.31385 0.18726 0.30489 0.17895 0.29456 0.16667 0.27577 0.14330 0.26781 0.13522 0.25819 0.12784 0.24314 0.11564 0.23825 0.11380 0.23102 0.11350 0.22584 0.11638 0.22146 0.12038 0.21733 0.13207 0.21586 0.14038 0.20673 0.21584 0.21024 0.24521 0.21940 0.26218 0.21500 0.28716 0.20774 0.34595 0.22588 0.37300 0.24756 0.36826 0.27805 0.34311 0.29476 0.32508 0.29955 0.30396 0.30226 0.27967
4 0.69927 0.48889 0.68316 0.43552 0.66383 0.50081 0.65413 0.51146 0.64877 0.60404 0.65748 0.63133 0.68229 0.64427 0.69987 0.63018 0.71395 0.61553 0.72393 0.59435 0.72922 0.58195 0.73151 0.50700 0.73265 0.50053 0.69927 0.48889
4 0.15111 0.26457 0.15123 0.24264 0.14893 0.22162 0.14638 0.19780 0.14318 0.18622 0.13155 0.18417 0.12572 0.18314 0.12755 0.20683 0.13210 0.24471 0.11968 0.31947 0.11711 0.33822 0.12572 0.35760 0.13545 0.36623 0.14465 0.36920 0.14780 0.36841 0.15159 0.30864 0.15150 0.29211 0.15111 0.26457
4 0.18498 0.43167 0.20845 0.38773 0.20684 0.35447 0.19099 0.38465 0.17315 0.40077 0.15232 0.39979 0.14660 0.37272 0.12594 0.35807 0.11587 0.33843 0.11723 0.31806 0.08976 0.39292 0.07884 0.42947 0.03552 0.54656 0.06253 0.59414 0.09186 0.61155 0.12841 0.60698 0.13855 0.60632 0.15855 0.51748 0.17262 0.48032 0.18498 0.43167
4 0.44827 0.49143 0.45123 0.47764 0.45053 0.47274 0.42727 0.46577 0.40647 0.44491 0.40128 0.41824 0.39265 0.37855 0.38716 0.39190 0.38414 0.39424 0.36420 0.40406 0.36406 0.41357 0.36038 0.44920 0.36630 0.51319 0.37453 0.54327 0.39380 0.55523 0.40795 0.56060 0.41045 0.55816 0.42340 0.52901 0.43159 0.51516 0.44360 0.49727 0.44827 0.49143
4 0.26189 0.46713 0.26899 0.44165 0.27475 0.41789 0.28104 0.39417 0.26903 0.35296 0.26832 0.35094 0.25110 0.36601 0.22708 0.37511 0.21947 0.36808 0.19998 0.40471 0.18550 0.43078 0.17262 0.47427 0.17058 0.50064 0.17022 0.52920 0.21999 0.52177 0.23502 0.50435 0.25192 0.48825 0.25591 0.48039 0.26189 0.46713
4 0.20562 0.35114 0.21033 0.32444 0.21662 0.28022 0.22015 0.26023 0.20339 0.25318 0.19770 0.23431 0.19274 0.21148 0.18949 0.19164 0.18577 0.17862 0.17988 0.16523 0.17720 0.16341 0.16952 0.17301 0.15299 0.25390 0.15080 0.29608 0.15239 0.32114 0.15085 0.34693 0.14761 0.37382 0.14917 0.39471 0.17222 0.40018 0.18885 0.38660 0.19820 0.36763 0.20562 0.35114
4 0.87592 0.45899 0.86929 0.47599 0.86690 0.49845 0.86898 0.51313 0.87619 0.53440 0.88688 0.55635 0.91197 0.52927 0.91840 0.50753 0.93083 0.46965 0.93612 0.45725 0.94195 0.44201 0.94640 0.42566 0.94852 0.41362 0.95260 0.39048 0.95636 0.36919 0.95861 0.35056 0.96120 0.33285 0.96231 0.32350 0.95710 0.32069 0.94824 0.33246 0.93405 0.35381 0.92255 0.37473 0.91557 0.38781 0.91008 0.39828 0.90225 0.41311 0.89507 0.42426 0.88690 0.43518 0.88090 0.44556 0.87592 0.45899
4 0.95995 0.50531 0.97091 0.47574 0.97452 0.46115 0.97846 0.44178 0.98216 0.41478 0.98190 0.39277 0.98246 0.37764 0.96649 0.40627 0.95977 0.41181 0.95273 0.41626 0.94673 0.42664 0.94099 0.45046 0.93335 0.47010 0.92670 0.48416 0.92343 0.49985 0.92001 0.51925 0.92112 0.53951 0.92772 0.54924 0.93096 0.55170 0.93297 0.55206 0.94068 0.54675 0.95103 0.53237 0.95383 0.52521 0.95995 0.50531
4 0.55413 0.49670 0.55693 0.48386 0.53209 0.46804 0.53003 0.42951 0.52732 0.42426 0.50479 0.46035 0.49324 0.46975 0.48183 0.47251 0.45759 0.47399 0.46096 0.50223 0.46224 0.51867 0.47638 0.52691 0.47905 0.54738 0.48250 0.56328 0.50728 0.57334 0.52084 0.55855 0.53317 0.53882 0.54304 0.52716 0.55413 0.49670
4 0.35257 0.40488 0.37594 0.39946 0.38667 0.39468 0.39161 0.37555 0.39140 0.36499 0.39278 0.34236 0.39652 0.31531 0.40222 0.28579 0.40793 0.25346 0.41269 0.22946 0.41375 0.21154 0.40577 0.19484 0.40118 0.18547 0.39031 0.16734 0.37083 0.14770 0.34942 0.13628 0.33089 0.13491 0.32404 0.14422 0.31492 0.19314 0.29922 0.30580 0.29727 0.31689 0.29783 0.33131 0.29655 0.34448 0.29951 0.36310 0.30739 0.38358 0.30996 0.39835 0.33763 0.40702 0.35257 0.40488
4 0.69632 0.35196 0.69934 0.32007 0.69915 0.28572 0.69905 0.26277 0.69601 0.23269 0.69189 0.21477 0.68324 0.20468 0.66572 0.20061 0.64520 0.20464 0.60931 0.22217 0.58176 0.23065 0.58111 0.23151 0.56335 0.24361 0.55512 0.31373 0.54767 0.36490 0.53120 0.42592 0.53430 0.46745 0.60716 0.50317 0.66267 0.50152 0.68033 0.44267 0.68707 0.41334 0.69262 0.38183 0.69632 0.35196
