4 0.33397 0.53935 0.33937 0.52495 0.34841 0.47175 0.34553 0.43619 0.32895 0.44363 0.29264 0.44650 0.28513 0.43085 0.27898 0.42086 0.27617 0.41630 0.27110 0.40812 0.26824 0.40260 0.26610 0.40084 0.26196 0.42929 0.26160 0.45187 0.26681 0.55131 0.26928 0.56904 0.28319 0.58996 0.28822 0.58783 0.30885 0.57921 0.31585 0.56569 0.32397 0.55399 0.33397 0.53935
4 0.63412 0.50293 0.63448 0.47087 0.60406 0.47814 0.55842 0.47015 0.55600 0.47312 0.56344 0.51694 0.57245 0.55128 0.58321 0.57050 0.59283 0.57748 0.61430 0.57545 0.62746 0.57192 0.63184 0.56699 0.63459 0.55086 0.63481 0.52545 0.63412 0.50293
4 0.07460 0.30796 0.06535 0.28679 0.05390 0.26574 0.04494 0.24992 0.03294 0.24651 0.02456 0.25642 0.01828 0.26350 0.01073 0.27475 0.01541 0.32193 0.02705 0.36058 0.04567 0.39080 0.06408 0.40334 0.08005 0.41198 0.08774 0.40349 0.08665 0.36832 0.08385 0.32920 0.08129 0.32251 0.07460 0.30796
4 0.88753 0.54514 0.88577 0.53112 0.88358 0.50861 0.88207 0.48993 0.87974 0.47497 0.87818 0.46468 0.87550 0.45263 0.87202 0.44527 0.86737 0.43514 0.86350 0.42973 0.86059 0.42331 0.85816 0.41590 0.85448 0.40481 0.84701 0.42873 0.84494 0.43825 0.83861 0.45457 0.83572 0.45846 0.82786 0.45808 0.81520 0.45857 0.80097 0.45407 0.80419 0.49673 0.81182 0.52287 0.83857 0.52231 0.84811 0.53780 0.86453 0.56704 0.87910 0.58039 0.89424 0.59462 0.89525 0.58425 0.89461 0.57204 0.88753 0.54514
4 0.05250 0.60025 0.06032 0.59440 0.06680 0.53447 0.06914 0.50865 0.07249 0.47324 0.07539 0.45819 0.07862 0.43498 0.07983 0.41597 0.04145 0.38951 0.02817 0.36173 0.02477 0.36734 0.01822 0.39748 0.01159 0.42630 0.00901 0.44810 0.00839 0.49283 0.00981 0.51984 0.01792 0.56146 0.03336 0.58773 0.04579 0.59927 0.04882 0.60044 0.05250 0.60025
4 0.40078 0.47094 0.42086 0.48207 0.46902 0.47955 0.48361 0.47317 0.49371 0.46040 0.50731 0.42584 0.50886 0.41635 0.51076 0.39363 0.51225 0.36345 0.51062 0.33253 0.50861 0.29403 0.50062 0.22954 0.48267 0.21075 0.47723 0.20446 0.46833 0.19172 0.45376 0.17836 0.43872 0.16600 0.43087 0.15326 0.40280 0.17633 0.36536 0.22631 0.35852 0.25297 0.35854 0.27275 0.35957 0.29243 0.35797 0.34053 0.36206 0.37886 0.36853 0.40488 0.38072 0.43151 0.38770 0.44713 0.39429 0.46464 0.40078 0.47094
4 0.85420 0.30131 0.85302 0.27881 0.85497 0.25705 0.85521 0.24202 0.85692 0.21557 0.85298 0.18948 0.84621 0.18790 0.83399 0.19982 0.82921 0.20671 0.82487 0.22195 0.82014 0.23915 0.81654 0.25907 0.81495 0.26766 0.78959 0.28401 0.77393 0.30835 0.76767 0.33595 0.77024 0.39511 0.78576 0.44605 0.81933 0.45932 0.83421 0.45854 0.83948 0.45168 0.84835 0.42486 0.85674 0.38871 0.85840 0.35188 0.85722 0.32938 0.85420 0.30131
4 0.76412 0.31731 0.75625 0.26506 0.74945 0.23345 0.74406 0.20924 0.73423 0.18816 0.72953 0.18653 0.71648 0.18251 0.70300 0.20011 0.69504 0.22405 0.69147 0.23462 0.65870 0.23470 0.65535 0.27771 0.66193 0.33775 0.66502 0.39682 0.69010 0.44353 0.71492 0.44693 0.73228 0.44506 0.75459 0.41946 0.76512 0.39538 0.76665 0.33600 0.76412 0.31731
4 0.80188 0.47905 0.80095 0.46125 0.79906 0.45477 0.78692 0.44877 0.76990 0.39796 0.76825 0.39612 0.76622 0.39623 0.76338 0.40108 0.76106 0.40591 0.75971 0.40978 0.75600 0.41751 0.75035 0.42716 0.72807 0.45282 0.74270 0.52637 0.76462 0.55249 0.78014 0.56392 0.78839 0.57477 0.80496 0.56733 0.81288 0.55183 0.81431 0.53957 0.81267 0.52837 0.80408 0.50150 0.80188 0.47905
4 0.25777 0.32979 0.25299 0.28770 0.25035 0.25677 0.24827 0.23715 0.23767 0.23107 0.22485 0.22143 0.20128 0.20288 0.19170 0.19680 0.18067 0.19177 0.16326 0.18327 0.15808 0.18258 0.15097 0.18392 0.14657 0.18789 0.14320 0.19277 0.14180 0.20509 0.14225 0.21351 0.15032 0.28910 0.16035 0.31692 0.17310 0.33140 0.17442 0.35672 0.18057 0.41564 0.20434 0.43792 0.22440 0.42842 0.24845 0.39706 0.26067 0.37573 0.26059 0.35408 0.25777 0.32979
4 0.69166 0.44435 0.66396 0.39598 0.65981 0.46394 0.65276 0.47649 0.66836 0.56791 0.68299 0.59254 0.71007 0.59956 0.72403 0.58188 0.73445 0.56445 0.73941 0.54156 0.74178 0.52829 0.72715 0.45474 0.72681 0.44818 0.69166 0.44435
4 0.10709 0.34909 0.10228 0.32769 0.09530 0.30772 0.08746 0.28509 0.08174 0.27453 0.06995 0.27515 0.06403 0.27546 0.07115 0.29813 0.08410 0.33401 0.08882 0.40965 0.09053 0.42850 0.10328 0.44545 0.11470 0.45166 0.12433 0.45249 0.12722 0.45101 0.11747 0.39192 0.11366 0.37583 0.10709 0.34909
4 0.17768 0.50428 0.19067 0.45619 0.18161 0.42415 0.17297 0.45712 0.15921 0.47684 0.13869 0.48057 0.12703 0.45548 0.10360 0.44585 0.08937 0.42898 0.08611 0.40883 0.07619 0.48795 0.07377 0.52602 0.05789 0.64985 0.09492 0.69014 0.12742 0.70050 0.16200 0.68783 0.17173 0.68490 0.17124 0.59384 0.17659 0.55447 0.17768 0.50428
4 0.44767 0.50329 0.44745 0.48918 0.44566 0.48457 0.42144 0.48300 0.39647 0.46736 0.38542 0.44254 0.36808 0.40581 0.36573 0.42005 0.36332 0.42301 0.34610 0.43706 0.34810 0.44637 0.35254 0.48191 0.37270 0.54293 0.38748 0.57038 0.40894 0.57770 0.42394 0.57975 0.42583 0.57682 0.43189 0.54549 0.43675 0.53016 0.44443 0.51003 0.44767 0.50329
4 0.26060 0.52153 0.26179 0.49511 0.26205 0.47067 0.26284 0.44613 0.24187 0.40869 0.24072 0.40687 0.22734 0.42543 0.20598 0.43970 0.19698 0.43456 0.18624 0.47464 0.17799 0.50330 0.17522 0.54857 0.17916 0.57473 0.18524 0.60264 0.23207 0.58420 0.24279 0.56385 0.25564 0.54436 0.25776 0.53580 0.26060 0.52153
4 0.17968 0.42118 0.17826 0.39410 0.17445 0.34960 0.17338 0.32933 0.15547 0.32623 0.14568 0.30912 0.13571 0.28799 0.12808 0.26939 0.12153 0.25755 0.11278 0.24582 0.10975 0.24465 0.10444 0.25573 0.10652 0.33826 0.11387 0.37986 0.12106 0.40392 0.12536 0.42939 0.12826 0.45632 0.13448 0.47633 0.15817 0.47647 0.17131 0.45950 0.17616 0.43891 0.17968 0.42118
4 0.85706 0.37548 0.85442 0.39353 0.85714 0.41595 0.86248 0.42979 0.87429 0.44890 0.88964 0.46788 0.90799 0.43585 0.90938 0.41322 0.91296 0.37352 0.91533 0.36024 0.91758 0.34408 0.91824 0.32715 0.91760 0.31494 0.91637 0.29148 0.91524 0.26988 0.91324 0.25122 0.91177 0.23339 0.91076 0.22403 0.90504 0.22246 0.89906 0.23592 0.89004 0.25992 0.88354 0.28288 0.87968 0.29720 0.87669 0.30864 0.87240 0.32485 0.86791 0.33733 0.86241 0.34980 0.85889 0.36127 0.85706 0.37548
4 0.94935 0.40171 0.95338 0.37043 0.95361 0.35540 0.95310 0.33564 0.95063 0.30850 0.94542 0.28712 0.94257 0.27225 0.93345 0.30373 0.92814 0.31065 0.92229 0.31656 0.91878 0.32803 0.91855 0.35253 0.91552 0.37338 0.91220 0.38858 0.91255 0.40460 0.91358 0.42428 0.91921 0.44377 0.92783 0.45176 0.93154 0.45344 0.93358 0.45333 0.93990 0.44642 0.94675 0.43008 0.94787 0.42248 0.94935 0.40171
4 0.55200 0.48461 0.55183 0.47147 0.52408 0.46164 0.51341 0.42456 0.50958 0.42005 0.49575 0.46029 0.48661 0.47205 0.47612 0.47730 0.45282 0.48419 0.46246 0.51095 0.46740 0.52668 0.48304 0.53153 0.49025 0.55088 0.49718 0.56560 0.52359 0.56983 0.53348 0.55236 0.54105 0.53036 0.54805 0.51679 0.55200 0.48461
4 0.33495 0.44048 0.35650 0.42994 0.36588 0.42288 0.36639 0.40313 0.36381 0.39288 0.36007 0.37052 0.35762 0.34332 0.35654 0.31328 0.35483 0.28049 0.35407 0.25604 0.35107 0.23834 0.33954 0.22386 0.33295 0.21576 0.31829 0.20055 0.29489 0.18579 0.27146 0.17947 0.25310 0.18231 0.24852 0.19292 0.25063 0.24264 0.26069 0.35594 0.26128 0.36719 0.26507 0.38111 0.26678 0.39423 0.27385 0.41171 0.28614 0.42989 0.29197 0.44370 0.32087 0.44593 0.33495 0.44048
4 0.65799 0.31159 0.65375 0.27984 0.64584 0.24642 0.64059 0.22407 0.63085 0.19545 0.62280 0.17892 0.61211 0.17103 0.59413 0.17101 0.57504 0.17955 0.54401 0.20470 0.51908 0.21916 0.51864 0.22015 0.50405 0.23593 0.51181 0.30610 0.51606 0.35764 0.51374 0.42080 0.52610 0.46057 0.60513 0.47899 0.65884 0.46489 0.66281 0.40358 0.66278 0.37348 0.66110 0.34153 0.65799 0.31159
