4 0.83865 0.58783 0.83936 0.55628 0.83936 0.54611 0.83288 0.54050 0.82925 0.53150 0.82420 0.51344 0.82203 0.49767 0.82132 0.48978 0.77509 0.52133 0.78665 0.60022 0.82708 0.62956 0.84011 0.62394 0.83865 0.58783
4 0.02406 0.49261 0.02705 0.51889 0.03548 0.53206 0.05171 0.53956 0.06438 0.53300 0.06676 0.53300 0.07879 0.48694 0.08182 0.47478 0.06438 0.47194 0.06014 0.46628 0.05413 0.45128 0.05110 0.43811 0.04811 0.42494 0.04331 0.42967 0.03068 0.44094 0.02164 0.45128 0.02224 0.47100 0.02406 0.49261
4 0.66388 0.49989 0.68484 0.51006 0.70794 0.51117 0.72167 0.50778 0.72961 0.49989 0.74117 0.48750 0.74623 0.46611 0.74623 0.43228 0.74477 0.39956 0.74043 0.34544 0.73395 0.32406 0.71879 0.30939 0.71157 0.30939 0.69135 0.32178 0.68267 0.33983 0.66100 0.37817 0.65160 0.40744 0.64872 0.43906 0.64872 0.45483 0.65235 0.47739 0.66388 0.49989
4 0.25669 0.50394 0.25562 0.47961 0.25562 0.45522 0.24733 0.43578 0.24004 0.41144 0.23587 0.39683 0.22651 0.37894 0.21925 0.36111 0.21612 0.35622 0.19950 0.35622 0.18078 0.36272 0.17868 0.36433 0.17765 0.40167 0.17452 0.45200 0.17868 0.49261 0.20779 0.53156 0.23690 0.52667 0.25669 0.50394
4 0.09445 0.47150 0.10591 0.48283 0.11733 0.48933 0.11420 0.46011 0.11110 0.43250 0.10900 0.40494 0.10797 0.38544 0.10174 0.37572 0.09238 0.35944 0.08509 0.35461 0.08612 0.38383 0.08612 0.41628 0.08612 0.43089 0.08612 0.45039 0.09445 0.47150
4 0.11850 0.60061 0.12092 0.61661 0.13779 0.62411 0.15103 0.62039 0.15765 0.60533 0.16125 0.58939 0.16367 0.56778 0.16367 0.54428 0.16427 0.52267 0.16427 0.51328 0.16004 0.50761 0.15402 0.51139 0.13719 0.51517 0.13416 0.53017 0.12455 0.55461 0.12032 0.56494 0.11850 0.57994 0.11850 0.60061
4 0.90150 0.40072 0.90150 0.37139 0.90150 0.34883 0.90150 0.32178 0.90075 0.31389 0.88125 0.33194 0.87619 0.34206 0.87477 0.34883 0.87477 0.36239 0.87619 0.37706 0.87619 0.38828 0.87619 0.39733 0.87260 0.41650 0.87043 0.43000 0.86972 0.45144 0.87765 0.45144 0.90004 0.44128 0.90221 0.42778 0.90150 0.40072
4 0.79388 0.50667 0.81484 0.49317 0.82349 0.48411 0.82495 0.45367 0.82495 0.34094 0.81915 0.31839 0.81698 0.31500 0.81409 0.31167 0.80616 0.31500 0.79028 0.33417 0.78231 0.35000 0.74911 0.41083 0.74911 0.45706 0.75776 0.49317 0.77367 0.51233 0.79388 0.50667
4 0.93829 0.31050 0.93687 0.28911 0.93541 0.28122 0.93182 0.27672 0.91665 0.31050 0.90797 0.32289 0.90363 0.33872 0.90221 0.40411 0.90797 0.42100 0.93470 0.38606 0.93687 0.35900 0.93829 0.33417 0.93829 0.31050
4 0.84370 0.48639 0.85815 0.48861 0.86320 0.47061 0.86754 0.45256 0.87331 0.41650 0.87548 0.38156 0.87477 0.35333 0.87043 0.31839 0.86391 0.30711 0.85598 0.30711 0.84733 0.31839 0.83936 0.34322 0.82712 0.38378 0.82420 0.48189 0.83217 0.48189 0.84370 0.48639
4 0.06377 0.46972 0.08043 0.47133 0.08459 0.43722 0.08562 0.40478 0.08665 0.39178 0.08043 0.36578 0.07626 0.35117 0.06897 0.33983 0.06690 0.33494 0.05754 0.32522 0.05235 0.32033 0.04299 0.34306 0.04402 0.38856 0.04609 0.41772 0.05338 0.44372 0.06377 0.46972
4 0.52594 0.67861 0.53616 0.70211 0.55480 0.71056 0.56324 0.70583 0.57288 0.67861 0.58128 0.65794 0.58370 0.62978 0.58491 0.59972 0.58612 0.56400 0.58612 0.54428 0.55843 0.54617 0.52954 0.53300 0.52352 0.52361 0.52171 0.52361 0.51210 0.53111 0.50786 0.58089 0.51751 0.65044 0.52594 0.67861
4 0.31388 0.53333 0.34093 0.52828 0.35409 0.51556 0.36263 0.49111 0.36046 0.46550 0.36046 0.43172 0.35982 0.42228 0.34487 0.40167 0.33808 0.38556 0.32918 0.36611 0.31833 0.35750 0.31295 0.35478 0.29673 0.35378 0.28943 0.35656 0.27687 0.36400 0.26189 0.39517 0.25772 0.45200 0.25875 0.50072 0.27125 0.52506 0.31388 0.53333
4 0.07039 0.52550 0.06858 0.54144 0.06676 0.57622 0.09804 0.58467 0.11972 0.57528 0.12092 0.56117 0.13057 0.53772 0.13537 0.52267 0.13235 0.50856 0.11733 0.47756 0.11673 0.48978 0.10708 0.48511 0.09986 0.47944 0.09626 0.47478 0.09025 0.47756 0.08423 0.48133 0.08000 0.48883 0.07580 0.50200 0.07039 0.52550
4 0.17028 0.67017 0.19434 0.65322 0.21420 0.63633 0.22203 0.62222 0.22445 0.61283 0.22505 0.59783 0.22623 0.57622 0.22804 0.52922 0.20758 0.53111 0.17509 0.48978 0.16665 0.55650 0.15822 0.62506 0.16125 0.65322 0.17028 0.67017
4 0.23829 0.66828 0.25093 0.69178 0.27139 0.69833 0.28100 0.68706 0.29242 0.66172 0.30146 0.64011 0.30566 0.61661 0.30747 0.60344 0.30868 0.58278 0.30808 0.54806 0.30687 0.53489 0.26957 0.52456 0.26477 0.51794 0.25573 0.51794 0.24669 0.51889 0.24491 0.51889 0.23345 0.52922 0.22925 0.52733 0.22804 0.54144 0.22804 0.58939 0.22865 0.61378 0.23167 0.63444 0.23829 0.66828
4 0.16726 0.50233 0.17452 0.46011 0.17338 0.44550 0.15790 0.43417 0.15374 0.41628 0.14125 0.37572 0.13292 0.36761 0.12463 0.36111 0.11733 0.36433 0.10797 0.39356 0.11733 0.47150 0.13708 0.51533 0.15374 0.51367 0.16726 0.50233
4 0.84299 0.56306 0.85886 0.57656 0.87402 0.57544 0.87694 0.57317 0.87765 0.52694 0.87260 0.50328 0.86466 0.47961 0.86178 0.48300 0.85744 0.48528 0.83431 0.48528 0.82566 0.49089 0.82637 0.51567 0.83288 0.53822 0.84011 0.54728 0.84299 0.56306
4 0.88488 0.53600 0.89352 0.53939 0.90580 0.53822 0.91665 0.52244 0.92605 0.50328 0.92025 0.48528 0.90655 0.45256 0.90150 0.44128 0.86683 0.45822 0.86683 0.47961 0.87114 0.49200 0.87836 0.51567 0.88488 0.53600
4 0.43747 0.67767 0.44409 0.69550 0.45552 0.70961 0.46996 0.71433 0.48139 0.71056 0.48320 0.68422 0.48801 0.66922 0.49103 0.65700 0.49584 0.63633 0.49705 0.62039 0.49765 0.60250 0.49765 0.58089 0.49644 0.56117 0.49523 0.54522 0.49285 0.53206 0.48922 0.52078 0.48623 0.51889 0.47118 0.53394 0.45071 0.54894 0.41943 0.55272 0.41641 0.55650 0.41883 0.59783 0.42545 0.63072 0.42964 0.65139 0.43747 0.67767
4 0.36406 0.47722 0.36655 0.50056 0.37011 0.52000 0.38224 0.53600 0.39786 0.55000 0.42491 0.55167 0.45089 0.54944 0.46975 0.53389 0.48263 0.52244 0.48769 0.48978 0.48986 0.45033 0.49057 0.41761 0.48915 0.39617 0.48121 0.36578 0.47036 0.34433 0.46025 0.32856 0.44868 0.31728 0.44004 0.31500 0.43135 0.31500 0.41260 0.31500 0.40032 0.31956 0.39310 0.32628 0.38587 0.33756 0.38224 0.34661 0.37359 0.37706 0.36854 0.41761 0.36192 0.42944 0.36228 0.45500 0.36406 0.47722
4 0.34900 0.68989 0.35683 0.69928 0.37128 0.70678 0.38089 0.69367 0.38811 0.67672 0.39655 0.62978 0.39655 0.60061 0.39609 0.57889 0.39292 0.54806 0.37189 0.52267 0.35562 0.51889 0.34900 0.52172 0.34178 0.52733 0.31815 0.53278 0.30868 0.54522 0.31349 0.60911 0.32253 0.63539 0.33335 0.65700 0.34900 0.68989
4 0.95274 0.52472 0.95996 0.52922 0.96577 0.52922 0.96577 0.46156 0.96502 0.41311 0.96359 0.38944 0.95708 0.36911 0.95132 0.35900 0.93829 0.35222 0.93541 0.38156 0.90726 0.42550 0.90943 0.45367 0.92171 0.48861 0.93616 0.50667 0.95274 0.52472
4 0.74694 0.66450 0.76861 0.68139 0.77078 0.66900 0.77150 0.66222 0.77221 0.64533 0.77295 0.63067 0.77295 0.61150 0.77655 0.58333 0.77655 0.56078 0.77438 0.51567 0.75487 0.48861 0.74623 0.47961 0.73900 0.48978 0.72310 0.50778 0.70000 0.52022 0.70363 0.60139 0.71804 0.62844 0.73320 0.64983 0.74694 0.66450
4 0.58591 0.54500 0.60975 0.54272 0.63356 0.53483 0.64224 0.52811 0.64655 0.47622 0.64295 0.42211 0.62562 0.33083 0.61694 0.31956 0.60178 0.31617 0.59167 0.31617 0.57217 0.31839 0.55989 0.32406 0.55196 0.32967 0.54331 0.33983 0.52740 0.35900 0.51801 0.40411 0.52164 0.51233 0.53103 0.53261 0.55484 0.54389 0.58591 0.54500
4 0.66100 0.69606 0.67545 0.67578 0.68701 0.63856 0.70288 0.58672 0.69854 0.52022 0.69786 0.51556 0.66174 0.49656 0.65452 0.49089 0.64512 0.49428 0.64150 0.52811 0.62779 0.53822 0.61406 0.54389 0.61911 0.63294 0.62850 0.66900 0.64872 0.69722 0.66100 0.69606
