4 0.67716 0.28131 0.68466 0.27288 0.68938 0.25705 0.69652 0.22843 0.69954 0.21011 0.69990 0.19010 0.69989 0.17774 0.68536 0.18030 0.67579 0.18615 0.66731 0.19074 0.65969 0.19657 0.64891 0.20264 0.64116 0.21205 0.62978 0.23910 0.62627 0.25626 0.62725 0.27093 0.62871 0.28366 0.63137 0.28845 0.64228 0.29580 0.64955 0.29607 0.65802 0.29303 0.66614 0.28990 0.67716 0.28131
4 0.75054 0.21613 0.75477 0.19915 0.75743 0.17765 0.75234 0.17020 0.74144 0.17985 0.73272 0.18850 0.72400 0.19560 0.70996 0.20704 0.70269 0.21141 0.69652 0.23461 0.69277 0.25274 0.69036 0.27172 0.68963 0.28700 0.69158 0.29779 0.69727 0.31055 0.70212 0.31588 0.72936 0.26547 0.74049 0.24093 0.75054 0.21613
4 0.26911 0.34344 0.27492 0.33407 0.27697 0.32737 0.28387 0.30590 0.29246 0.28537 0.29839 0.26623 0.27162 0.25286 0.26628 0.22628 0.26639 0.20260 0.27014 0.18911 0.26881 0.18826 0.25755 0.18700 0.23685 0.22358 0.23104 0.23913 0.22717 0.25466 0.21750 0.31202 0.21920 0.32687 0.22550 0.33875 0.24452 0.35535 0.25591 0.35612 0.26911 0.34344
4 0.26867 0.15633 0.26868 0.14762 0.25183 0.13080 0.24180 0.11283 0.21563 0.08111 0.20108 0.12783 0.19427 0.16102 0.18996 0.18993 0.19237 0.23367 0.20453 0.26231 0.22411 0.24493 0.23434 0.22713 0.25071 0.19926 0.26187 0.17787 0.26867 0.15633
4 0.45830 0.30914 0.46763 0.26014 0.47511 0.22424 0.47514 0.19518 0.47034 0.18239 0.45963 0.16715 0.44825 0.15751 0.43958 0.14860 0.42341 0.14070 0.41592 0.13883 0.40248 0.14321 0.39272 0.14753 0.38406 0.15021 0.36904 0.18135 0.35381 0.22790 0.34382 0.28251 0.34247 0.30835 0.35090 0.33848 0.38028 0.35163 0.41007 0.35287 0.43171 0.35188 0.44625 0.34293 0.45400 0.32935 0.45830 0.30914
4 0.50108 0.40076 0.50507 0.38939 0.51004 0.37723 0.51270 0.36656 0.51633 0.35200 0.51342 0.34973 0.49655 0.33733 0.46981 0.33577 0.46457 0.33555 0.46131 0.34091 0.45574 0.34777 0.45380 0.35708 0.45371 0.36319 0.45238 0.37471 0.45178 0.38486 0.45663 0.39638 0.46959 0.40786 0.48849 0.41102 0.50108 0.40076
4 0.56550 0.34520 0.58815 0.34878 0.60764 0.31706 0.61466 0.29820 0.61793 0.28046 0.61986 0.26497 0.62179 0.24020 0.62227 0.22125 0.62105 0.20446 0.62056 0.18630 0.62056 0.17702 0.61765 0.16702 0.61001 0.16357 0.59911 0.16085 0.59184 0.15904 0.57343 0.16012 0.56386 0.16443 0.55478 0.17144 0.54110 0.18298 0.52717 0.19857 0.51640 0.21237 0.51435 0.23608 0.50818 0.26082 0.50250 0.28363 0.49996 0.30464 0.49996 0.31700 0.50239 0.33204 0.51002 0.34013 0.52517 0.34287 0.53074 0.34065 0.56550 0.34520
4 0.53223 0.45078 0.55391 0.45361 0.56021 0.44848 0.56517 0.42705 0.56964 0.40910 0.57279 0.39648 0.57617 0.38445 0.57883 0.37377 0.58222 0.35246 0.58173 0.34821 0.57604 0.34628 0.56926 0.34562 0.55981 0.34481 0.55109 0.34418 0.53437 0.34156 0.52771 0.34041 0.51681 0.34233 0.51112 0.34658 0.51620 0.35249 0.50967 0.37714 0.50338 0.39773 0.50581 0.40813 0.50702 0.41564 0.51078 0.42843 0.51890 0.44076 0.52617 0.44721 0.53223 0.45078
4 0.43675 0.36617 0.44304 0.34558 0.43384 0.35153 0.41591 0.35222 0.38757 0.35133 0.38200 0.35510 0.37837 0.37584 0.37935 0.39205 0.38432 0.40308 0.39255 0.40875 0.40758 0.40888 0.41351 0.40521 0.41956 0.39796 0.42646 0.38731 0.43300 0.37657 0.43675 0.36617
4 0.18558 0.04167 0.18216 0.03793 0.16145 0.06570 0.15554 0.10102 0.15877 0.14923 0.16105 0.15758 0.17560 0.15729 0.19948 0.11970 0.20745 0.09360 0.20265 0.08081 0.19833 0.06907 0.19174 0.04903 0.18558 0.04167
4 0.33727 0.39610 0.34977 0.38375 0.35843 0.37236 0.36957 0.34798 0.35011 0.33947 0.34383 0.31157 0.34406 0.27582 0.34802 0.25341 0.34475 0.24641 0.32537 0.24828 0.31581 0.26975 0.30225 0.26827 0.29670 0.29111 0.29626 0.31038 0.29696 0.32215 0.29673 0.33466 0.29491 0.35652 0.29448 0.37868 0.29765 0.39786 0.30904 0.40745 0.32065 0.40746 0.33727 0.39610
4 0.34493 0.18503 0.34175 0.17455 0.33128 0.16127 0.31490 0.14848 0.30258 0.14541 0.29782 0.14422 0.29007 0.14327 0.28394 0.14462 0.27666 0.15925 0.26644 0.20318 0.26597 0.22538 0.27146 0.25287 0.29855 0.26637 0.30811 0.26876 0.31581 0.26975 0.32426 0.24764 0.33105 0.22320 0.33835 0.20271 0.34493 0.18503
4 0.65236 0.39314 0.66555 0.35572 0.67439 0.32494 0.68080 0.30386 0.68346 0.29010 0.68551 0.27412 0.67001 0.28675 0.65596 0.29510 0.64615 0.29729 0.63925 0.29402 0.62941 0.28440 0.62688 0.26620 0.62035 0.28467 0.60871 0.31480 0.58994 0.34671 0.58767 0.36155 0.59337 0.38049 0.60683 0.41012 0.61628 0.41866 0.62827 0.42320 0.63493 0.41971 0.65236 0.39314
