4 0.94578 0.59406 0.95217 0.58508 0.95561 0.57185 0.95409 0.54887 0.94845 0.51854 0.94475 0.49896 0.93861 0.48565 0.93432 0.49579 0.93107 0.50183 0.92493 0.50721 0.92225 0.50893 0.91503 0.50714 0.90872 0.50270 0.89978 0.49351 0.89409 0.49721 0.88754 0.49684 0.89490 0.51636 0.90264 0.54785 0.90527 0.57967 0.90548 0.58254 0.90847 0.58896 0.91399 0.59390 0.92058 0.59666 0.92942 0.59938 0.93803 0.59899 0.94578 0.59406
4 0.97375 0.40709 0.97494 0.39270 0.97612 0.38740 0.97677 0.37853 0.97808 0.37155 0.97855 0.36148 0.97910 0.35644 0.97896 0.34878 0.97080 0.35683 0.96373 0.36390 0.95730 0.37072 0.95154 0.37897 0.95195 0.39358 0.94665 0.44662 0.94017 0.47788 0.94209 0.47833 0.94610 0.47922 0.95056 0.47866 0.95453 0.47691 0.96020 0.47226 0.96589 0.45970 0.96921 0.44862 0.97126 0.43828 0.97199 0.42533 0.97375 0.40709
4 0.81799 0.45609 0.83592 0.47069 0.85960 0.47691 0.86724 0.47180 0.88690 0.43720 0.89294 0.42494 0.90292 0.40598 0.90539 0.37832 0.90042 0.34691 0.88365 0.29361 0.86970 0.25352 0.86043 0.22939 0.84853 0.22241 0.83615 0.23090 0.82194 0.23944 0.80392 0.26241 0.79393 0.30181 0.78056 0.35840 0.77815 0.36838 0.78211 0.40533 0.78051 0.44017 0.78873 0.44665 0.80390 0.45081 0.81799 0.45609
4 0.34279 0.59850 0.34730 0.60590 0.35199 0.61042 0.35625 0.61207 0.36297 0.61367 0.36945 0.61183 0.37400 0.60917 0.37569 0.60684 0.37886 0.60218 0.38202 0.59523 0.38335 0.58428 0.38485 0.57189 0.38675 0.55949 0.38848 0.54911 0.39103 0.54130 0.39511 0.53347 0.39792 0.52968 0.40153 0.52703 0.40473 0.52496 0.40719 0.52205 0.40537 0.50569 0.40526 0.49908 0.40348 0.49595 0.39708 0.49175 0.39051 0.48841 0.38352 0.48364 0.37960 0.47940 0.37568 0.47487 0.37312 0.47089 0.36831 0.48046 0.36571 0.48424 0.35814 0.48955 0.33701 0.49797 0.31101 0.50187 0.31314 0.50442 0.32022 0.51465 0.32280 0.51950 0.32487 0.52722 0.32725 0.54386 0.32940 0.55647 0.33027 0.56335 0.33258 0.57337 0.33779 0.58795 0.34279 0.59850
4 0.47136 0.61539 0.47611 0.61117 0.48098 0.60004 0.48468 0.58790 0.49008 0.56780 0.49663 0.54802 0.49896 0.53659 0.50054 0.52173 0.49895 0.49623 0.44311 0.49892 0.41646 0.50111 0.40421 0.49753 0.40652 0.51129 0.40886 0.52678 0.41613 0.56115 0.42539 0.59066 0.42972 0.60163 0.43700 0.61013 0.44443 0.61448 0.45276 0.61710 0.46242 0.61728 0.47136 0.61539
4 0.33882 0.49760 0.36441 0.48665 0.37442 0.46935 0.36983 0.43849 0.36932 0.40922 0.37279 0.37601 0.37483 0.36603 0.36436 0.35737 0.34841 0.32947 0.33187 0.31043 0.30603 0.30701 0.29289 0.31387 0.27906 0.32295 0.26685 0.34139 0.26020 0.36085 0.25304 0.39412 0.25057 0.44223 0.25494 0.46039 0.26787 0.48392 0.29133 0.49898 0.31202 0.50249 0.33882 0.49760
4 0.93870 0.48468 0.94306 0.46783 0.94626 0.44521 0.94913 0.41901 0.95147 0.39281 0.95153 0.38143 0.95083 0.37185 0.94836 0.35193 0.94697 0.34856 0.94459 0.34940 0.93607 0.35694 0.93206 0.36360 0.92821 0.37185 0.92669 0.37647 0.92629 0.39165 0.91983 0.42591 0.91318 0.45657 0.90588 0.48026 0.90026 0.49393 0.90311 0.49728 0.90636 0.50042 0.90880 0.50317 0.91273 0.50670 0.91622 0.50843 0.91929 0.50898 0.92302 0.50911 0.92734 0.50504 0.93308 0.49855 0.93870 0.48468
4 0.10529 0.53792 0.11297 0.53489 0.11706 0.53192 0.11758 0.53025 0.10785 0.51055 0.10151 0.49534 0.09553 0.45280 0.08905 0.41358 0.08843 0.40987 0.08362 0.40291 0.07382 0.39480 0.06351 0.38919 0.05996 0.39173 0.05863 0.41039 0.05878 0.41908 0.06061 0.44472 0.06467 0.47156 0.06869 0.49633 0.07654 0.51938 0.08388 0.52877 0.08702 0.53451 0.09179 0.53899 0.10529 0.53792
4 0.73555 0.48073 0.74882 0.48160 0.76593 0.46970 0.77463 0.46182 0.78154 0.43573 0.78169 0.40202 0.77661 0.36454 0.76798 0.31276 0.75869 0.28751 0.74632 0.27501 0.72714 0.27368 0.71333 0.28388 0.69607 0.30794 0.68443 0.33742 0.66785 0.35815 0.66390 0.36375 0.67013 0.40397 0.67283 0.45309 0.67817 0.46405 0.69698 0.46538 0.71998 0.47492 0.73555 0.48073
4 0.48756 0.49445 0.51814 0.49502 0.52192 0.45849 0.52058 0.40271 0.51466 0.35917 0.50146 0.32017 0.47700 0.29076 0.45393 0.27680 0.43064 0.27168 0.40721 0.27983 0.39352 0.29775 0.37843 0.34055 0.37368 0.36384 0.37047 0.39097 0.37015 0.43572 0.37524 0.47431 0.39130 0.48674 0.41733 0.50120 0.44896 0.49844 0.48756 0.49445
4 0.90565 0.48034 0.90962 0.46618 0.91306 0.45462 0.91644 0.43961 0.92004 0.42603 0.92226 0.41047 0.92635 0.39228 0.92686 0.36697 0.92739 0.35316 0.92238 0.32939 0.91937 0.32225 0.91642 0.31770 0.91237 0.31605 0.90551 0.31875 0.89908 0.32347 0.89490 0.32584 0.89761 0.33816 0.90006 0.34674 0.90277 0.35934 0.90450 0.37024 0.90545 0.38086 0.90320 0.40591 0.88206 0.44654 0.86774 0.47180 0.86245 0.47563 0.86616 0.47988 0.87009 0.48527 0.87436 0.48865 0.87961 0.49287 0.88368 0.49510 0.88714 0.49590 0.88945 0.49643 0.89329 0.49694 0.89863 0.49512 0.90565 0.48034
4 0.07615 0.63622 0.08324 0.63581 0.09353 0.63247 0.10034 0.62717 0.10691 0.61958 0.10894 0.61495 0.11074 0.60859 0.11119 0.60110 0.11163 0.59362 0.11243 0.58470 0.11326 0.57720 0.11444 0.56798 0.11468 0.55964 0.11491 0.55073 0.11539 0.53433 0.11501 0.53433 0.11444 0.53463 0.11406 0.53492 0.11120 0.53612 0.10892 0.53703 0.10528 0.53738 0.10261 0.53800 0.09725 0.53809 0.09302 0.53759 0.09110 0.53705 0.08799 0.53481 0.08523 0.53054 0.08307 0.52742 0.08131 0.52543 0.07778 0.52089 0.07401 0.51349 0.07346 0.51465 0.07024 0.51729 0.06833 0.51761 0.06585 0.51794 0.06274 0.52662 0.05875 0.55084 0.05561 0.57907 0.05528 0.59317 0.05660 0.61413 0.05815 0.62590 0.06378 0.63040 0.06710 0.63350 0.07615 0.63622
4 0.05682 0.51533 0.06597 0.51766 0.07146 0.51591 0.07360 0.51214 0.06919 0.49690 0.06308 0.46306 0.06009 0.43413 0.05872 0.41842 0.05219 0.40818 0.04459 0.39962 0.03697 0.38981 0.03163 0.38453 0.02635 0.38255 0.02443 0.38300 0.02279 0.38427 0.02042 0.39052 0.02255 0.40207 0.02471 0.41487 0.02775 0.43097 0.03012 0.44003 0.03168 0.45077 0.03440 0.46397 0.03879 0.47839 0.04261 0.49198 0.04894 0.50677 0.05682 0.51533
4 0.64539 0.48507 0.65935 0.48317 0.66835 0.47085 0.67234 0.44647 0.66977 0.40453 0.66261 0.35327 0.65294 0.30538 0.63998 0.28074 0.62232 0.26060 0.60703 0.24927 0.59419 0.25225 0.57855 0.26358 0.56053 0.28599 0.54235 0.32056 0.52326 0.36675 0.51864 0.37623 0.52093 0.42315 0.52167 0.48667 0.52953 0.49372 0.55564 0.49160 0.59469 0.49203 0.64539 0.48507
4 0.90321 0.60726 0.90482 0.57877 0.90234 0.54661 0.89432 0.51541 0.88690 0.49656 0.88013 0.49266 0.86983 0.48450 0.86356 0.47713 0.86243 0.47830 0.86423 0.48201 0.86713 0.49461 0.87153 0.52702 0.87209 0.55950 0.86943 0.58284 0.87225 0.59026 0.87720 0.59938 0.88037 0.60536 0.88587 0.61303 0.88802 0.61529 0.88980 0.61871 0.89617 0.63240 0.89870 0.63465 0.89991 0.62687 0.90321 0.60726
4 0.14263 0.64233 0.14467 0.63798 0.14946 0.62726 0.15125 0.61976 0.15077 0.61459 0.14960 0.60253 0.14908 0.59420 0.14755 0.58359 0.14702 0.57526 0.14757 0.56318 0.14985 0.55078 0.15228 0.53607 0.15485 0.51877 0.15104 0.52028 0.14762 0.52206 0.14536 0.52383 0.14310 0.52617 0.14045 0.52823 0.13684 0.53001 0.13304 0.53180 0.12846 0.53304 0.12405 0.53283 0.12136 0.53258 0.11981 0.53175 0.11904 0.53148 0.11766 0.52920 0.11680 0.53525 0.11617 0.54274 0.11577 0.55281 0.11439 0.57238 0.11244 0.59283 0.11121 0.60982 0.11238 0.63280 0.11378 0.64715 0.11480 0.65087 0.11618 0.65315 0.12177 0.65477 0.12828 0.65466 0.13358 0.65083 0.13888 0.64700 0.14263 0.64233
4 0.60995 0.58330 0.61074 0.58950 0.61296 0.59809 0.61653 0.60492 0.62332 0.61170 0.62958 0.61470 0.63764 0.61491 0.64402 0.61169 0.65037 0.60640 0.65646 0.59940 0.66183 0.59102 0.66780 0.57746 0.67265 0.56530 0.67658 0.55350 0.68030 0.54240 0.68408 0.53474 0.68846 0.52259 0.69376 0.50973 0.69546 0.50142 0.69866 0.48722 0.70014 0.46649 0.67846 0.46307 0.67138 0.45319 0.66801 0.47085 0.65836 0.48447 0.59226 0.49252 0.59195 0.50116 0.59211 0.51047 0.59340 0.51838 0.59511 0.52387 0.59611 0.52834 0.59922 0.53553 0.60308 0.54547 0.60799 0.56332 0.60885 0.57332 0.60995 0.58330
4 0.21718 0.51298 0.24376 0.49539 0.26334 0.47737 0.25103 0.44775 0.25090 0.41902 0.25436 0.38526 0.24208 0.37774 0.23227 0.36465 0.22461 0.32666 0.20737 0.30928 0.18901 0.29137 0.17357 0.29330 0.16269 0.30288 0.15557 0.31682 0.14901 0.34180 0.14368 0.37449 0.13838 0.40828 0.13851 0.43645 0.14229 0.46346 0.16202 0.49627 0.17939 0.52082 0.20081 0.52432 0.21718 0.51298
4 0.82010 0.60154 0.82946 0.61628 0.83681 0.62609 0.84441 0.63465 0.85299 0.63575 0.85708 0.63319 0.85838 0.62861 0.87050 0.57996 0.87152 0.55924 0.87180 0.54350 0.87153 0.52819 0.86962 0.51332 0.86772 0.49928 0.86616 0.48936 0.86466 0.48235 0.86239 0.47867 0.86014 0.47622 0.85874 0.47500 0.85321 0.47469 0.84797 0.47478 0.84159 0.47282 0.83936 0.47162 0.83352 0.46923 0.82737 0.46479 0.82373 0.46195 0.82118 0.45785 0.81449 0.45425 0.80948 0.45185 0.80312 0.45113 0.80066 0.45242 0.79630 0.45581 0.79304 0.45835 0.79087 0.46046 0.79300 0.47201 0.79552 0.49018 0.79404 0.50015 0.78866 0.53999 0.79098 0.54616 0.79526 0.55395 0.80266 0.56707 0.81265 0.58594 0.82010 0.60154
4 0.52977 0.60195 0.53789 0.60595 0.54683 0.60407 0.55349 0.60327 0.55822 0.59766 0.56385 0.59066 0.56892 0.57815 0.57393 0.56254 0.57740 0.55040 0.58025 0.54207 0.58396 0.53097 0.58836 0.51950 0.59004 0.51016 0.59054 0.49945 0.59064 0.49186 0.52971 0.49293 0.52108 0.48618 0.51970 0.48586 0.51935 0.49207 0.51089 0.49532 0.49940 0.49587 0.49874 0.49761 0.50069 0.51724 0.50017 0.52656 0.50097 0.53310 0.50507 0.54408 0.50849 0.55540 0.51190 0.56604 0.51625 0.57838 0.51937 0.58557 0.52460 0.59514 0.52977 0.60195
4 0.10698 0.50808 0.11497 0.52285 0.11783 0.52859 0.12121 0.53268 0.12756 0.53298 0.13277 0.53082 0.13964 0.52904 0.14587 0.52231 0.15216 0.51889 0.15843 0.51464 0.16381 0.50668 0.16540 0.50292 0.14293 0.46481 0.13778 0.43840 0.13785 0.42681 0.13847 0.41479 0.13809 0.40859 0.12854 0.39923 0.12013 0.39192 0.11278 0.38170 0.10654 0.37229 0.09922 0.36414 0.09421 0.36133 0.09205 0.36426 0.09145 0.37711 0.09039 0.39576 0.08903 0.41275 0.09066 0.42722 0.09286 0.44250 0.09554 0.45322 0.09686 0.46561 0.09842 0.47594 0.10267 0.49822 0.10698 0.50808
4 0.15359 0.62676 0.15430 0.63422 0.15598 0.64253 0.15783 0.64969 0.16187 0.66169 0.16228 0.66312 0.16387 0.66683 0.16448 0.66855 0.16623 0.67024 0.17255 0.66956 0.17859 0.66456 0.18574 0.65668 0.19245 0.64592 0.19804 0.63691 0.20554 0.62729 0.21318 0.61450 0.21805 0.60838 0.22315 0.60370 0.22707 0.59787 0.23034 0.58775 0.23268 0.56816 0.23522 0.54885 0.23699 0.54020 0.23879 0.53384 0.24214 0.51711 0.24391 0.50845 0.24386 0.50586 0.24155 0.50533 0.23867 0.50480 0.23350 0.50518 0.22685 0.50817 0.21737 0.51409 0.20296 0.52354 0.18109 0.52220 0.16659 0.50376 0.16486 0.50379 0.16319 0.50698 0.16096 0.51105 0.15778 0.51542 0.15534 0.51833 0.14998 0.55149 0.14830 0.56532 0.14758 0.57856 0.14924 0.59722 0.15132 0.61760 0.15359 0.62676
4 0.23741 0.66733 0.24373 0.66751 0.25137 0.66594 0.25937 0.66292 0.26868 0.65816 0.27374 0.65175 0.28087 0.64300 0.28722 0.63340 0.29583 0.62060 0.30255 0.61041 0.30966 0.60109 0.31658 0.59148 0.32480 0.57926 0.32843 0.56684 0.32824 0.55563 0.32609 0.54359 0.32493 0.53096 0.32282 0.52093 0.31982 0.51379 0.31373 0.50499 0.30985 0.50103 0.29084 0.49906 0.26990 0.48563 0.26756 0.48337 0.26462 0.47968 0.26303 0.47741 0.25362 0.48620 0.24776 0.49205 0.24377 0.50506 0.23875 0.53562 0.23180 0.57686 0.23012 0.58954 0.22813 0.59734 0.22670 0.60283 0.22695 0.62813 0.23068 0.65451 0.23349 0.66251 0.23741 0.66733
4 0.70614 0.58101 0.70907 0.59090 0.71281 0.59952 0.71680 0.60649 0.72105 0.61304 0.72782 0.62162 0.73262 0.62775 0.73822 0.63220 0.74712 0.63577 0.75680 0.63726 0.76341 0.63632 0.76913 0.63208 0.77472 0.61997 0.78102 0.60164 0.78448 0.57881 0.78612 0.56181 0.79020 0.52655 0.79365 0.50330 0.79453 0.49045 0.79340 0.47267 0.78611 0.45044 0.78013 0.44019 0.77418 0.46265 0.74717 0.48093 0.73280 0.47993 0.70002 0.46767 0.69867 0.48509 0.69282 0.51375 0.69259 0.51624 0.69263 0.51831 0.69488 0.52076 0.69781 0.53064 0.70046 0.54012 0.70265 0.55499 0.70453 0.56779 0.70614 0.58101
