4 0.90398 0.58961 0.90686 0.59608 0.91229 0.60111 0.91883 0.60398 0.92762 0.60686 0.93624 0.60662 0.94407 0.60183 0.95061 0.59296 0.95428 0.57979 0.95317 0.55679 0.94806 0.52636 0.94470 0.50672 0.93879 0.49330 0.93432 0.50337 0.93097 0.50935 0.92474 0.51462 0.92203 0.51630 0.91484 0.51439 0.90861 0.50983 0.89983 0.50049 0.89408 0.50409 0.88753 0.50361 0.89456 0.52325 0.90175 0.55487 0.90382 0.58673 0.90398 0.58961
4 0.95486 0.48485 0.96061 0.48030 0.96652 0.46784 0.97003 0.45682 0.97227 0.44652 0.97323 0.43358 0.97530 0.41537 0.97674 0.40100 0.97802 0.39573 0.97881 0.38687 0.98025 0.37992 0.98089 0.36986 0.98153 0.36483 0.98153 0.35716 0.97323 0.36507 0.96604 0.37201 0.95949 0.37872 0.95358 0.38687 0.95374 0.40148 0.94751 0.45442 0.94049 0.48557 0.94240 0.48605 0.94640 0.48700 0.95087 0.48652 0.95486 0.48485
4 0.78298 0.36331 0.78041 0.37326 0.78372 0.41027 0.78151 0.44507 0.78961 0.45170 0.80471 0.45612 0.81870 0.46164 0.83638 0.47656 0.85995 0.48318 0.86768 0.47822 0.88793 0.44396 0.89419 0.43181 0.90450 0.41303 0.90745 0.38541 0.90303 0.35392 0.88720 0.30034 0.87394 0.26001 0.86510 0.23572 0.85333 0.22853 0.84080 0.23681 0.82644 0.24510 0.80803 0.26775 0.79735 0.30697 0.78298 0.36331
4 0.32442 0.52416 0.32651 0.54083 0.32845 0.55348 0.32919 0.56038 0.33132 0.57044 0.33628 0.58510 0.34109 0.59574 0.34548 0.60322 0.35008 0.60782 0.35431 0.60954 0.36100 0.61127 0.36752 0.60954 0.37212 0.60695 0.37384 0.60465 0.37710 0.60005 0.38038 0.59315 0.38189 0.58223 0.38362 0.56987 0.38572 0.55751 0.38764 0.54716 0.39032 0.53940 0.39454 0.53163 0.39741 0.52790 0.40107 0.52531 0.40431 0.52330 0.40682 0.52042 0.40529 0.50404 0.40529 0.49742 0.40357 0.49426 0.39724 0.48995 0.39072 0.48650 0.38383 0.48161 0.37998 0.47730 0.37614 0.47270 0.37365 0.46868 0.36867 0.47816 0.36600 0.48190 0.35834 0.48708 0.33707 0.49512 0.31100 0.49857 0.31310 0.50116 0.31999 0.51151 0.32248 0.51640 0.32442 0.52416
4 0.42382 0.58935 0.42796 0.60039 0.43508 0.60901 0.44244 0.61350 0.45072 0.61626 0.46038 0.61660 0.46935 0.61487 0.47418 0.61074 0.47924 0.59970 0.48315 0.58762 0.48890 0.56762 0.49579 0.54795 0.49833 0.53657 0.50016 0.52173 0.49901 0.49621 0.44313 0.49793 0.41646 0.49965 0.40427 0.49586 0.40634 0.50966 0.40841 0.52518 0.41508 0.55968 0.42382 0.58935
4 0.25493 0.38983 0.25161 0.43789 0.25567 0.45612 0.26819 0.47987 0.29138 0.49534 0.31201 0.49920 0.33889 0.49479 0.36466 0.48429 0.37498 0.46717 0.37093 0.43623 0.37093 0.40695 0.37498 0.37381 0.37719 0.36387 0.36687 0.35503 0.35141 0.32685 0.33520 0.30752 0.30943 0.30365 0.29617 0.31028 0.28218 0.31912 0.26966 0.33735 0.26266 0.35668 0.25493 0.38983
4 0.91255 0.51390 0.91601 0.51570 0.91907 0.51629 0.92279 0.51649 0.92719 0.51250 0.93304 0.50611 0.93890 0.49234 0.94355 0.47557 0.94715 0.45301 0.95047 0.42686 0.95327 0.40070 0.95354 0.38933 0.95300 0.37974 0.95087 0.35978 0.94954 0.35639 0.94715 0.35718 0.93850 0.36457 0.93437 0.37116 0.93038 0.37935 0.92878 0.38394 0.92812 0.39911 0.92106 0.43325 0.91388 0.46379 0.90616 0.48735 0.90030 0.50092 0.90310 0.50432 0.90629 0.50751 0.90869 0.51030 0.91255 0.51390
4 0.06523 0.46396 0.06882 0.48880 0.07627 0.51198 0.08344 0.52151 0.08648 0.52730 0.09117 0.53186 0.10469 0.53103 0.11242 0.52813 0.11656 0.52523 0.11711 0.52358 0.10773 0.50371 0.10166 0.48839 0.09641 0.44575 0.09062 0.40642 0.09007 0.40270 0.08538 0.39566 0.07572 0.38738 0.06551 0.38158 0.06192 0.38407 0.06026 0.40270 0.06026 0.41139 0.06164 0.43706 0.06523 0.46396
4 0.66625 0.36663 0.67178 0.40695 0.67362 0.45612 0.67877 0.46717 0.69755 0.46882 0.72038 0.47877 0.73585 0.48484 0.74911 0.48595 0.76642 0.47435 0.77525 0.46662 0.78262 0.44065 0.78335 0.40695 0.77893 0.36939 0.77120 0.31746 0.76236 0.29205 0.75021 0.27935 0.73106 0.27768 0.71707 0.28763 0.69940 0.31139 0.68724 0.34067 0.67030 0.36110 0.66625 0.36663
4 0.37240 0.38872 0.37129 0.43347 0.37571 0.47214 0.39155 0.48484 0.41732 0.49976 0.44899 0.49755 0.48766 0.49424 0.51822 0.49534 0.52264 0.45888 0.52227 0.40309 0.51712 0.35945 0.50460 0.32023 0.48066 0.29040 0.45783 0.27603 0.43463 0.27051 0.41106 0.27824 0.39707 0.29592 0.38124 0.33845 0.37608 0.36166 0.37240 0.38872
4 0.87968 0.49950 0.88370 0.50180 0.88715 0.50266 0.88945 0.50323 0.89328 0.50381 0.89865 0.50208 0.90593 0.48742 0.91015 0.47333 0.91379 0.46183 0.91743 0.44689 0.92126 0.43338 0.92375 0.41785 0.92816 0.39974 0.92912 0.37444 0.92989 0.36064 0.92529 0.33678 0.92241 0.32960 0.91954 0.32500 0.91552 0.32327 0.90862 0.32586 0.90210 0.33046 0.89788 0.33276 0.90038 0.34512 0.90268 0.35374 0.90517 0.36639 0.90670 0.37732 0.90747 0.38795 0.90478 0.41296 0.88294 0.45321 0.86818 0.47822 0.86282 0.48196 0.86646 0.48627 0.87029 0.49173 0.87450 0.49518 0.87968 0.49950
4 0.05429 0.57131 0.05372 0.58539 0.05468 0.60638 0.05602 0.61817 0.06158 0.62276 0.06483 0.62592 0.07384 0.62880 0.08093 0.62851 0.09128 0.62535 0.09818 0.62018 0.10488 0.61270 0.10699 0.60810 0.10891 0.60178 0.10948 0.59430 0.11006 0.58683 0.11102 0.57792 0.11198 0.57044 0.11332 0.56125 0.11370 0.55291 0.11408 0.54400 0.11485 0.52761 0.11447 0.52761 0.11389 0.52790 0.11351 0.52818 0.11063 0.52933 0.10833 0.53020 0.10469 0.53048 0.10201 0.53106 0.09665 0.53106 0.09243 0.53048 0.09051 0.52991 0.08745 0.52761 0.08476 0.52330 0.08265 0.52013 0.08093 0.51812 0.07748 0.51352 0.07384 0.50605 0.07327 0.50720 0.07001 0.50979 0.06809 0.51007 0.06560 0.51036 0.06234 0.51899 0.05793 0.54313 0.05429 0.57131
4 0.03123 0.43184 0.03261 0.44260 0.03510 0.45585 0.03923 0.47034 0.04282 0.48400 0.04890 0.49890 0.05662 0.50760 0.06573 0.51008 0.07125 0.50843 0.07345 0.50470 0.06931 0.48938 0.06380 0.45544 0.06131 0.42646 0.06021 0.41073 0.05386 0.40038 0.04641 0.39169 0.03896 0.38175 0.03372 0.37637 0.02847 0.37430 0.02654 0.37471 0.02488 0.37596 0.02240 0.38217 0.02433 0.39376 0.02627 0.40659 0.02903 0.42273 0.03123 0.43184
4 0.52080 0.37657 0.52227 0.42353 0.52190 0.48705 0.52964 0.49424 0.55578 0.49258 0.59482 0.49368 0.64563 0.48760 0.65963 0.48595 0.66883 0.47380 0.67325 0.44949 0.67141 0.40751 0.66515 0.35613 0.65631 0.30807 0.64379 0.28321 0.62648 0.26277 0.61139 0.25117 0.59850 0.25394 0.58266 0.26499 0.56425 0.28708 0.54547 0.32133 0.52559 0.36718 0.52080 0.37657
4 0.88384 0.61975 0.88595 0.62205 0.88767 0.62550 0.89380 0.63930 0.89629 0.64159 0.89763 0.63383 0.90128 0.61428 0.90338 0.58582 0.90147 0.55363 0.89399 0.52229 0.88690 0.50332 0.88020 0.49929 0.87004 0.49096 0.86391 0.48348 0.86276 0.48463 0.86448 0.48837 0.86717 0.50102 0.87100 0.53350 0.87100 0.56599 0.86793 0.58927 0.87061 0.59675 0.87541 0.60595 0.87847 0.61198 0.88384 0.61975
4 0.11222 0.64413 0.11357 0.64642 0.11912 0.64815 0.12564 0.64815 0.13100 0.64441 0.13637 0.64067 0.14020 0.63608 0.14231 0.63176 0.14729 0.62113 0.14921 0.61365 0.14883 0.60848 0.14787 0.59640 0.14749 0.58807 0.14614 0.57743 0.14576 0.56909 0.14652 0.55702 0.14902 0.54466 0.15170 0.53000 0.15457 0.51275 0.15074 0.51419 0.14729 0.51591 0.14499 0.51763 0.14269 0.51993 0.14001 0.52195 0.13637 0.52367 0.13254 0.52540 0.12794 0.52655 0.12353 0.52626 0.12085 0.52597 0.11931 0.52511 0.11855 0.52482 0.11721 0.52252 0.11625 0.52856 0.11548 0.53603 0.11491 0.54609 0.11318 0.56564 0.11088 0.58605 0.10935 0.60301 0.11012 0.62601 0.11127 0.64039 0.11222 0.64413
4 0.59468 0.52553 0.59560 0.53001 0.59859 0.53726 0.60227 0.54726 0.60687 0.56520 0.60756 0.57520 0.60847 0.58521 0.60916 0.59142 0.61124 0.60004 0.61468 0.60694 0.62135 0.61384 0.62756 0.61695 0.63561 0.61729 0.64205 0.61419 0.64849 0.60901 0.65470 0.60211 0.66022 0.59383 0.66643 0.58038 0.67148 0.56830 0.67562 0.55658 0.67953 0.54554 0.68344 0.53795 0.68804 0.52587 0.69356 0.51311 0.69540 0.50483 0.69885 0.49069 0.70069 0.46999 0.67907 0.46619 0.67217 0.45619 0.66849 0.47378 0.65861 0.48724 0.59238 0.49414 0.59192 0.50276 0.59192 0.51208 0.59307 0.52001 0.59468 0.52553
4 0.14004 0.40198 0.13967 0.43015 0.14298 0.45722 0.16213 0.49037 0.17907 0.51523 0.20043 0.51909 0.21700 0.50804 0.24388 0.49092 0.26377 0.47324 0.25198 0.44341 0.25235 0.41469 0.25640 0.38099 0.24425 0.37326 0.23468 0.36000 0.22768 0.32188 0.21074 0.30421 0.19270 0.28597 0.17723 0.28763 0.16618 0.29702 0.15882 0.31083 0.15182 0.33569 0.14593 0.36829 0.14004 0.40198
4 0.79399 0.50528 0.78792 0.54502 0.79013 0.55123 0.79427 0.55909 0.80144 0.57234 0.81110 0.59138 0.81828 0.60712 0.82738 0.62202 0.83456 0.63195 0.84201 0.64065 0.85056 0.64189 0.85470 0.63940 0.85608 0.63485 0.86905 0.58642 0.87043 0.56572 0.87098 0.54999 0.87098 0.53467 0.86933 0.51977 0.86767 0.50569 0.86629 0.49576 0.86491 0.48872 0.86271 0.48499 0.86050 0.48251 0.85912 0.48127 0.85360 0.48086 0.84836 0.48086 0.84201 0.47878 0.83980 0.47754 0.83401 0.47506 0.82794 0.47050 0.82435 0.46761 0.82187 0.46347 0.81524 0.45974 0.81028 0.45726 0.80393 0.45643 0.80144 0.45767 0.79703 0.46098 0.79372 0.46347 0.79151 0.46554 0.79344 0.47713 0.79565 0.49534 0.79399 0.50528
4 0.50430 0.54416 0.50752 0.55554 0.51074 0.56624 0.51488 0.57865 0.51787 0.58590 0.52293 0.59556 0.52799 0.60246 0.53604 0.60660 0.54501 0.60487 0.55168 0.60418 0.55650 0.59866 0.56225 0.59176 0.56754 0.57935 0.57283 0.56382 0.57651 0.55175 0.57950 0.54347 0.58341 0.53243 0.58801 0.52104 0.58985 0.51173 0.59054 0.50103 0.59077 0.49345 0.52983 0.49345 0.52132 0.48655 0.51994 0.48620 0.51948 0.49241 0.51097 0.49551 0.49947 0.49586 0.49878 0.49759 0.50039 0.51725 0.49970 0.52656 0.50039 0.53312 0.50430 0.54416
4 0.09200 0.42008 0.09393 0.43540 0.09641 0.44616 0.09752 0.45858 0.09890 0.46893 0.10276 0.49129 0.10690 0.50122 0.11463 0.51612 0.11739 0.52192 0.12070 0.52606 0.12704 0.52647 0.13229 0.52440 0.13919 0.52275 0.14553 0.51612 0.15188 0.51281 0.15823 0.50867 0.16374 0.50081 0.16540 0.49708 0.14360 0.45858 0.13891 0.43209 0.13919 0.42050 0.14001 0.40849 0.13974 0.40228 0.13035 0.39276 0.12208 0.38531 0.11490 0.37496 0.10883 0.36544 0.10166 0.35716 0.09669 0.35426 0.09448 0.35716 0.09365 0.37000 0.09227 0.38862 0.09062 0.40560 0.09200 0.42008
4 0.15507 0.51232 0.14913 0.54538 0.14722 0.55917 0.14626 0.57240 0.14760 0.59108 0.14932 0.61150 0.15143 0.62070 0.15201 0.62817 0.15354 0.63650 0.15527 0.64369 0.15910 0.65577 0.15948 0.65720 0.16101 0.66094 0.16159 0.66267 0.16331 0.66439 0.16964 0.66382 0.17577 0.65893 0.18305 0.65117 0.18995 0.64053 0.19570 0.63162 0.20337 0.62213 0.21122 0.60948 0.21620 0.60345 0.22138 0.59885 0.22540 0.59310 0.22885 0.58303 0.23154 0.56349 0.23441 0.54422 0.23632 0.53560 0.23824 0.52928 0.24188 0.51260 0.24380 0.50398 0.24380 0.50139 0.24150 0.50082 0.23863 0.50024 0.23345 0.50053 0.22675 0.50340 0.21716 0.50915 0.20260 0.51835 0.18075 0.51663 0.16657 0.49794 0.16485 0.49794 0.16312 0.50111 0.16082 0.50513 0.15756 0.50944 0.15507 0.51232
4 0.22860 0.58482 0.22648 0.59258 0.22494 0.59804 0.22475 0.62334 0.22803 0.64979 0.23069 0.65784 0.23453 0.66273 0.24085 0.66301 0.24851 0.66157 0.25656 0.65870 0.26595 0.65410 0.27113 0.64777 0.27841 0.63915 0.28492 0.62966 0.29376 0.61702 0.30066 0.60695 0.30792 0.59775 0.31501 0.58827 0.32344 0.57619 0.32729 0.56383 0.32729 0.55262 0.32536 0.54055 0.32442 0.52790 0.32248 0.51784 0.31961 0.51065 0.31367 0.50174 0.30986 0.49771 0.29088 0.49541 0.27019 0.48161 0.26789 0.47931 0.26501 0.47557 0.26346 0.47328 0.25390 0.48190 0.24794 0.48765 0.24372 0.50059 0.23817 0.53106 0.23050 0.57217 0.22860 0.58482
4 0.69228 0.52167 0.69448 0.52416 0.69725 0.53409 0.69973 0.54361 0.70166 0.55852 0.70332 0.57135 0.70470 0.58459 0.70746 0.59453 0.71104 0.60322 0.71491 0.61026 0.71905 0.61688 0.72567 0.62558 0.73036 0.63179 0.73588 0.63634 0.74471 0.64007 0.75437 0.64172 0.76099 0.64089 0.76679 0.63675 0.77258 0.62475 0.77920 0.60653 0.78307 0.58377 0.78500 0.56679 0.78969 0.53161 0.79355 0.50843 0.79465 0.49559 0.79383 0.47779 0.78693 0.45544 0.78113 0.44509 0.77479 0.46744 0.74747 0.48524 0.73312 0.48400 0.70056 0.47117 0.69890 0.48855 0.69255 0.51712 0.69228 0.51960 0.69228 0.52167
