4 0.33702 0.58353 0.34239 0.54909 0.34236 0.51820 0.34168 0.50850 0.33260 0.43937 0.29612 0.41266 0.28257 0.39261 0.26291 0.39398 0.23416 0.39599 0.21443 0.40699 0.20641 0.42381 0.20650 0.47575 0.21015 0.51770 0.21861 0.55774 0.22698 0.58635 0.23501 0.61017 0.24817 0.63682 0.26606 0.65995 0.28417 0.67650 0.29915 0.67870 0.31340 0.65989 0.32900 0.61010 0.33702 0.58353
4 0.37271 0.47713 0.37775 0.46865 0.46673 0.46731 0.46177 0.43684 0.45796 0.41272 0.45350 0.38743 0.44781 0.37767 0.43418 0.36568 0.42271 0.35348 0.41415 0.34751 0.40601 0.35756 0.39661 0.34535 0.39347 0.32958 0.38415 0.31723 0.37910 0.31596 0.37229 0.31969 0.36840 0.32483 0.35761 0.33995 0.34578 0.32479 0.33739 0.31562 0.32601 0.31479 0.32038 0.31519 0.31136 0.31744 0.30537 0.32274 0.30323 0.33264 0.30174 0.36194 0.30321 0.38297 0.30722 0.42001 0.33248 0.43775 0.34120 0.51178 0.35050 0.54364 0.36352 0.57843 0.37882 0.60499 0.37636 0.55965 0.37365 0.52089 0.37393 0.50462 0.37271 0.47713
4 0.83142 0.00000 0.84905 0.05253 0.86899 0.08521 0.88593 0.10516 0.90765 0.13283 0.93013 0.15077 0.94925 0.14130 0.95758 0.12934 0.96741 0.09783 0.97181 0.07944 0.96626 0.00000 0.83142 0.00000
4 0.79544 0.42807 0.79634 0.40044 0.79199 0.35854 0.78370 0.34124 0.77176 0.34208 0.75825 0.35115 0.73972 0.35895 0.73831 0.35905 0.72098 0.35376 0.70969 0.36430 0.69316 0.37026 0.68657 0.37723 0.67739 0.39738 0.67007 0.41414 0.66918 0.47395 0.67289 0.51433 0.68229 0.53826 0.69216 0.57820 0.71385 0.61563 0.75883 0.62224 0.77192 0.58719 0.77828 0.53642 0.78872 0.48374 0.79544 0.42807
4 0.63305 0.63266 0.64362 0.54096 0.64265 0.49720 0.63448 0.45070 0.61361 0.45541 0.57854 0.45949 0.55533 0.46111 0.52458 0.47627 0.52081 0.48303 0.52668 0.52645 0.52966 0.54893 0.53220 0.56501 0.53435 0.59574 0.53920 0.62460 0.56327 0.69600 0.57017 0.70364 0.59498 0.71484 0.62050 0.68549 0.63305 0.63266
4 0.17050 0.57730 0.18278 0.55049 0.19711 0.53324 0.20831 0.51132 0.20597 0.45791 0.20652 0.42542 0.21255 0.41037 0.20593 0.38652 0.19558 0.35961 0.18615 0.33595 0.17856 0.31860 0.16704 0.29502 0.15597 0.26823 0.15165 0.25715 0.14897 0.24921 0.12681 0.25564 0.11737 0.23198 0.09732 0.23826 0.09072 0.21434 0.07943 0.22488 0.07115 0.24815 0.06584 0.27291 0.06472 0.29737 0.06090 0.36415 0.07055 0.44144 0.07391 0.49965 0.08809 0.55061 0.10451 0.58353 0.12215 0.60343 0.17050 0.57730
4 0.65100 0.40410 0.65035 0.38464 0.64555 0.33627 0.63941 0.30913 0.63044 0.28213 0.62498 0.27438 0.60415 0.29020 0.59488 0.30900 0.58572 0.30964 0.58045 0.30513 0.57392 0.30233 0.56781 0.30601 0.55886 0.31964 0.55286 0.33463 0.54610 0.35948 0.54329 0.35968 0.53847 0.36164 0.52664 0.36409 0.51572 0.36973 0.50415 0.40624 0.49715 0.47819 0.51627 0.47847 0.53269 0.47082 0.55322 0.46126 0.56727 0.46028 0.58629 0.45895 0.61102 0.45885 0.63096 0.45095 0.63777 0.43747 0.65100 0.40410
4 0.00000 0.26239 0.02426 0.25468 0.04487 0.21592 0.05985 0.18731 0.07153 0.15235 0.08110 0.12737 0.08549 0.09942 0.08650 0.07341 0.08526 0.05562 0.08263 0.02817 0.08244 0.02798 0.00000 0.03374 0.00000 0.26239
4 0.49849 0.55761 0.49577 0.51885 0.49490 0.49616 0.48512 0.46765 0.47151 0.46535 0.37634 0.46875 0.37223 0.48042 0.37941 0.60333 0.38875 0.65625 0.39269 0.67216 0.41343 0.72591 0.42005 0.74008 0.43808 0.75507 0.45450 0.74743 0.46418 0.72399 0.47598 0.69072 0.48876 0.64113 0.49849 0.55761
4 0.85617 0.46764 0.86662 0.45560 0.89013 0.42795 0.89787 0.38684 0.90135 0.34602 0.90247 0.32156 0.90717 0.27741 0.90978 0.22365 0.90718 0.18644 0.89881 0.15783 0.88908 0.10981 0.88314 0.09560 0.87274 0.08820 0.86088 0.09065 0.84362 0.10649 0.82414 0.12086 0.80510 0.14163 0.79412 0.16678 0.76715 0.21574 0.76358 0.24525 0.76361 0.27607 0.76575 0.30673 0.77202 0.33556 0.77644 0.33850 0.78277 0.33806 0.78675 0.34428 0.79036 0.35541 0.79303 0.36328 0.79978 0.42939 0.82302 0.45865 0.84361 0.47015 0.85617 0.46764
