4 0.59040 0.68777 0.59785 0.69234 0.60617 0.69103 0.60880 0.68582 0.60967 0.67864 0.61318 0.65712 0.61318 0.63364 0.61318 0.61408 0.61011 0.59842 0.60401 0.59076 0.59128 0.59712 0.58339 0.59712 0.58471 0.68321 0.58734 0.68386 0.59040 0.68777
4 0.65989 0.40978 0.66303 0.42011 0.66493 0.42103 0.67252 0.42011 0.67817 0.41918 0.68135 0.41636 0.68449 0.40696 0.68449 0.38630 0.68449 0.36092 0.68577 0.34777 0.68449 0.32429 0.68069 0.30739 0.67945 0.30739 0.66934 0.31679 0.65927 0.32614 0.64719 0.33745 0.64467 0.35435 0.65296 0.38255 0.65989 0.40978
4 0.24478 0.51967 0.24478 0.53283 0.25551 0.53190 0.26496 0.53190 0.27128 0.53000 0.28263 0.53000 0.29270 0.52158 0.30029 0.50467 0.29967 0.49152 0.28956 0.46147 0.28828 0.46147 0.28073 0.45582 0.26810 0.45207 0.26048 0.44924 0.25668 0.44832 0.25485 0.44832 0.24288 0.44832 0.24099 0.45957 0.24854 0.47837 0.24920 0.48962 0.24730 0.50750 0.24478 0.51967
4 0.60620 0.45761 0.62708 0.45489 0.63529 0.45016 0.65044 0.44266 0.65672 0.42951 0.66051 0.41071 0.65610 0.39005 0.64978 0.36940 0.64467 0.35625 0.64277 0.32054 0.64095 0.30739 0.61193 0.30924 0.59113 0.35060 0.58354 0.36000 0.58606 0.45957 0.59113 0.45957 0.60620 0.45761
4 0.68639 0.39380 0.68639 0.40978 0.68952 0.41636 0.70215 0.38348 0.70595 0.36000 0.70719 0.34777 0.70719 0.32239 0.70719 0.30832 0.68701 0.33837 0.68701 0.35245 0.68639 0.36560 0.68639 0.37973 0.68639 0.39380
4 0.21763 0.52533 0.23719 0.52533 0.24478 0.51027 0.24730 0.49435 0.24668 0.47647 0.24412 0.46707 0.24099 0.46332 0.21135 0.45864 0.20186 0.47647 0.20880 0.51685 0.20945 0.52533 0.21763 0.52533
4 0.61537 0.66364 0.62018 0.66951 0.62412 0.67668 0.62942 0.68712 0.63686 0.68973 0.64255 0.68582 0.64693 0.67799 0.65219 0.66168 0.65263 0.64016 0.65438 0.62060 0.65394 0.60103 0.64825 0.58734 0.64168 0.58076 0.63117 0.58011 0.62544 0.58011 0.61099 0.58668 0.60792 0.59712 0.61493 0.61929 0.61449 0.64016 0.61537 0.66364
4 0.65438 0.59837 0.65292 0.63750 0.65394 0.65321 0.66007 0.65516 0.67058 0.65908 0.67890 0.65582 0.68504 0.65321 0.68985 0.65190 0.69029 0.64995 0.68854 0.63234 0.68416 0.61473 0.68066 0.60168 0.67628 0.58337 0.67372 0.57011 0.66277 0.56467 0.64956 0.56511 0.63949 0.56967 0.62723 0.57750 0.64299 0.58272 0.64825 0.58799 0.65438 0.59837
4 0.45989 0.48495 0.50548 0.47554 0.51241 0.46522 0.51037 0.45299 0.50847 0.43136 0.50723 0.41636 0.50405 0.39946 0.49712 0.38255 0.49011 0.37125 0.48639 0.36467 0.47774 0.36304 0.45989 0.36283 0.44223 0.38440 0.43719 0.39288 0.43719 0.43043 0.43971 0.44734 0.45106 0.48022 0.45989 0.48495
4 0.49270 0.72886 0.54704 0.72234 0.54923 0.71451 0.55011 0.70147 0.55011 0.68842 0.54748 0.66690 0.54485 0.65125 0.53697 0.63364 0.53347 0.62973 0.51766 0.62516 0.51241 0.62386 0.50102 0.62647 0.49015 0.62880 0.47912 0.64147 0.47431 0.65190 0.48000 0.70212 0.48526 0.72234 0.49270 0.72886
4 0.52361 0.48587 0.53942 0.48424 0.57347 0.47364 0.58544 0.45766 0.58606 0.43136 0.58482 0.39098 0.58420 0.36560 0.58040 0.34967 0.57599 0.33745 0.57095 0.33087 0.56022 0.32429 0.55580 0.32239 0.55201 0.32239 0.53938 0.32712 0.53562 0.32995 0.52172 0.34495 0.50974 0.38533 0.50723 0.42011 0.51354 0.46522 0.52361 0.48587
4 0.56894 0.69429 0.58339 0.68582 0.58515 0.65712 0.58427 0.61995 0.58208 0.59973 0.57858 0.59582 0.57026 0.59842 0.55887 0.60364 0.55186 0.60821 0.51766 0.62321 0.53390 0.62908 0.54398 0.64538 0.55055 0.68973 0.56894 0.69429
4 0.47606 0.70864 0.47825 0.69234 0.47650 0.66495 0.47343 0.65255 0.46730 0.64082 0.46073 0.63625 0.44672 0.63821 0.44102 0.63886 0.42745 0.63886 0.42263 0.63951 0.41869 0.64995 0.41339 0.67016 0.41208 0.68516 0.41077 0.71190 0.47255 0.72690 0.47387 0.72168 0.47606 0.70864
4 0.37978 0.48870 0.38985 0.50370 0.40438 0.50185 0.42336 0.50000 0.43358 0.47663 0.43832 0.45598 0.43832 0.44185 0.43467 0.43418 0.42956 0.42391 0.42190 0.41087 0.41569 0.40435 0.40438 0.39674 0.39745 0.39848 0.39175 0.39946 0.38672 0.40505 0.37219 0.42293 0.36463 0.43793 0.36715 0.47462 0.37033 0.47929 0.37978 0.48870
4 0.31164 0.51500 0.32237 0.51967 0.34383 0.51967 0.35328 0.50092 0.35770 0.47837 0.36401 0.46614 0.36460 0.45489 0.36460 0.44185 0.36336 0.43609 0.35770 0.43516 0.33683 0.43234 0.31478 0.43234 0.30153 0.43609 0.29650 0.44076 0.29398 0.47364 0.30219 0.49527 0.30281 0.50750 0.31164 0.51500
