4 0.56160 0.22583 0.55960 0.29726 0.56480 0.31155 0.57920 0.32583 0.59000 0.32798 0.59920 0.32440 0.60800 0.31226 0.61440 0.29940 0.62120 0.29583 0.63200 0.29369 0.64440 0.30298 0.64800 0.29940 0.65400 0.29083 0.66040 0.28869 0.66600 0.28583 0.66840 0.28012 0.67040 0.27440 0.67440 0.26155 0.67680 0.24655 0.67400 0.21583 0.66720 0.19940 0.65760 0.19298 0.65480 0.18869 0.62367 0.19464 0.59880 0.18798 0.58360 0.19298 0.56960 0.19440 0.56600 0.19869 0.56160 0.21155 0.56160 0.22583
4 0.68360 0.68869 0.68760 0.71012 0.69160 0.72726 0.69880 0.75155 0.70840 0.77583 0.71560 0.78798 0.73160 0.79583 0.74920 0.79012 0.75560 0.77726 0.76920 0.76512 0.78760 0.76155 0.79400 0.75583 0.80120 0.74155 0.81080 0.72726 0.81640 0.71155 0.81760 0.70298 0.81800 0.67440 0.81840 0.64440 0.81160 0.59083 0.80760 0.56583 0.79280 0.55369 0.78120 0.55012 0.77600 0.55298 0.76880 0.57226 0.76000 0.58440 0.74840 0.59726 0.73680 0.60440 0.72680 0.60726 0.70120 0.59940 0.69720 0.60440 0.68680 0.62083 0.68360 0.64155 0.68200 0.67298 0.68360 0.68869
4 0.38233 0.19631 0.39220 0.20173 0.39297 0.20173 0.42250 0.21387 0.44447 0.21524 0.45053 0.21524 0.47703 0.19631 0.48767 0.16655 0.49750 0.14488 0.50507 0.12863 0.50507 0.08673 0.49533 0.06488 0.48600 0.05298 0.48310 0.03125 0.47477 0.02583 0.46493 0.02042 0.43840 0.03935 0.40887 0.05560 0.40130 0.06506 0.38233 0.08268 0.36947 0.10161 0.36720 0.13679 0.36947 0.16250 0.37250 0.18274 0.38233 0.19631
4 0.50660 0.09482 0.50887 0.11375 0.51113 0.13000 0.51113 0.13274 0.53007 0.15298 0.53160 0.15298 0.54447 0.16923 0.55810 0.18006 0.58007 0.18685 0.60887 0.18006 0.62267 0.16429 0.62800 0.14821 0.63033 0.13155 0.63233 0.11244 0.63310 0.09214 0.63167 0.07321 0.62567 0.05179 0.60660 0.03804 0.53833 0.01071 0.52703 0.02446 0.51643 0.03935 0.51190 0.05560 0.50810 0.06911 0.50660 0.07726 0.50660 0.09482
4 0.64680 0.38155 0.64960 0.39940 0.65440 0.41155 0.65600 0.41655 0.66240 0.42940 0.67360 0.44512 0.68320 0.45298 0.70400 0.44405 0.70960 0.43940 0.71840 0.42940 0.72560 0.42512 0.73240 0.41726 0.73480 0.40512 0.73440 0.38798 0.73440 0.36583 0.73440 0.35440 0.73440 0.33798 0.72960 0.31940 0.72320 0.30583 0.71920 0.29512 0.71320 0.28512 0.69680 0.27583 0.69320 0.27512 0.68600 0.27226 0.67520 0.27298 0.67200 0.27298 0.66800 0.28226 0.66240 0.28798 0.65440 0.29012 0.64440 0.30869 0.64440 0.32583 0.64440 0.35083 0.64480 0.36583 0.64680 0.38155
4 0.13587 0.88839 0.14893 0.94875 0.17513 0.97018 0.22313 0.98381 0.24713 0.98381 0.27223 0.95655 0.27767 0.91952 0.28750 0.89030 0.28423 0.81435 0.27113 0.79292 0.26240 0.79875 0.24493 0.80071 0.23187 0.79685 0.22600 0.78929 0.21967 0.77619 0.21033 0.76905 0.19567 0.76726 0.18603 0.76565 0.18387 0.74030 0.18167 0.73060 0.18057 0.72476 0.15987 0.72667 0.15330 0.74810 0.14567 0.79488 0.14567 0.82601 0.13587 0.84940 0.13587 0.88839
4 0.67480 0.48440 0.66840 0.49512 0.66800 0.50512 0.66760 0.52226 0.66760 0.53655 0.67000 0.54655 0.67920 0.56226 0.68160 0.56869 0.69360 0.58655 0.70240 0.59798 0.70320 0.59798 0.72840 0.60583 0.73280 0.60583 0.74400 0.60012 0.75600 0.58798 0.76720 0.57298 0.77467 0.55417 0.77533 0.53452 0.77720 0.51440 0.77720 0.49726 0.77720 0.48083 0.77720 0.45726 0.77600 0.44083 0.77440 0.43155 0.77200 0.38750 0.75167 0.38095 0.73360 0.41226 0.72440 0.42726 0.72120 0.42940 0.71360 0.43440 0.69400 0.45226 0.68667 0.45714 0.68360 0.46726 0.67960 0.47726 0.67480 0.48440
4 0.27630 0.42625 0.28310 0.44387 0.29750 0.45738 0.30357 0.45470 0.32553 0.44387 0.33463 0.44250 0.34370 0.42220 0.35280 0.40190 0.35583 0.38839 0.35583 0.36000 0.35433 0.33292 0.34750 0.30720 0.33767 0.29232 0.32857 0.28286 0.31113 0.28155 0.30053 0.28155 0.29143 0.29232 0.28613 0.30315 0.27703 0.32345 0.27780 0.33565 0.27630 0.36542 0.27553 0.38976 0.27400 0.41137 0.27630 0.42625
4 0.70400 0.92083 0.70880 0.94369 0.71440 0.96369 0.71880 0.97298 0.72600 0.98083 0.73960 0.98298 0.76840 0.98369 0.79280 0.98155 0.79400 0.97798 0.80400 0.97226 0.81480 0.96512 0.82480 0.96012 0.83360 0.94940 0.84000 0.93226 0.84520 0.91083 0.84680 0.89226 0.84600 0.86512 0.84360 0.83940 0.84280 0.80940 0.84520 0.76940 0.82960 0.73083 0.81720 0.72583 0.81320 0.72369 0.80960 0.73083 0.80360 0.73583 0.79880 0.74369 0.79680 0.75012 0.79480 0.75655 0.79200 0.76083 0.78440 0.76083 0.77680 0.76155 0.76960 0.76655 0.75560 0.77798 0.75120 0.78726 0.73120 0.79798 0.71520 0.78655 0.71560 0.79512 0.69680 0.82083 0.69720 0.84583 0.69960 0.89798 0.70400 0.92083
4 0.35583 0.33696 0.35810 0.35054 0.38083 0.36268 0.42630 0.34917 0.44447 0.34780 0.45357 0.33696 0.45887 0.32750 0.45963 0.31940 0.45887 0.30048 0.45660 0.25714 0.45203 0.24768 0.44750 0.24095 0.43690 0.23417 0.41190 0.23690 0.40507 0.23417 0.38310 0.23417 0.36870 0.23417 0.36417 0.23958 0.35203 0.24500 0.34523 0.26530 0.34447 0.28155 0.34750 0.30179 0.35203 0.32208 0.35583 0.33696
4 0.18613 0.76583 0.18767 0.76583 0.19297 0.76583 0.20567 0.76964 0.21133 0.76905 0.22023 0.77667 0.22200 0.78214 0.22703 0.78881 0.23083 0.79560 0.24067 0.80101 0.26200 0.79940 0.27400 0.79155 0.27630 0.78881 0.28387 0.76720 0.29220 0.74417 0.30583 0.70899 0.31417 0.69006 0.31947 0.67655 0.31797 0.65357 0.30583 0.63054 0.28160 0.58185 0.24600 0.56560 0.22250 0.55208 0.21493 0.55476 0.18993 0.57238 0.18463 0.58994 0.18007 0.61970 0.17857 0.64946 0.17857 0.68464 0.17780 0.71714 0.18463 0.73875 0.18463 0.74821 0.18613 0.76583
