4 0.43278 0.59063 0.45125 0.59797 0.49081 0.59404 0.50926 0.57199 0.51882 0.56288 0.52893 0.53300 0.53014 0.50757 0.53335 0.48050 0.53456 0.45507 0.53409 0.43314 0.53266 0.41401 0.52635 0.38747 0.52140 0.37638 0.51421 0.36017 0.51190 0.35984 0.50727 0.35919 0.50030 0.35821 0.49147 0.35793 0.48296 0.35956 0.47768 0.36357 0.46193 0.38317 0.45163 0.40166 0.44201 0.41546 0.43317 0.43224 0.42296 0.46686 0.42021 0.48641 0.41739 0.51071 0.41514 0.54356 0.41744 0.56095 0.42532 0.57630 0.43278 0.59063
4 0.09576 0.53826 0.09904 0.52095 0.09898 0.49090 0.10128 0.46249 0.10569 0.43716 0.11300 0.40951 0.11693 0.39365 0.08463 0.30853 0.07455 0.33170 0.06484 0.36452 0.05664 0.38659 0.05400 0.44767 0.05209 0.47335 0.04875 0.51525 0.05098 0.56610 0.05338 0.58214 0.08043 0.56878 0.09576 0.53826
4 0.10583 0.54513 0.12347 0.55306 0.14825 0.54014 0.15757 0.52236 0.16357 0.49175 0.17640 0.43074 0.18519 0.39234 0.18492 0.37594 0.17995 0.35757 0.17530 0.33470 0.16892 0.31512 0.14400 0.31006 0.13454 0.34695 0.12867 0.35844 0.12012 0.37093 0.11738 0.39649 0.10270 0.44633 0.09966 0.48004 0.10095 0.49527 0.10062 0.51572 0.09893 0.52775 0.10583 0.54513
4 0.91193 0.62570 0.92055 0.59374 0.92985 0.55708 0.93345 0.53577 0.93593 0.51810 0.93454 0.49417 0.93207 0.48246 0.91724 0.48699 0.90117 0.49614 0.89068 0.49942 0.87347 0.50836 0.85906 0.51396 0.84863 0.52103 0.84227 0.53245 0.84676 0.55111 0.84503 0.55086 0.83765 0.59916 0.82871 0.62067 0.82871 0.62920 0.84695 0.63460 0.86389 0.64364 0.88156 0.64421 0.90652 0.63065 0.91193 0.62570
4 0.27681 0.58098 0.27050 0.56090 0.26512 0.56116 0.22390 0.58364 0.19428 0.57947 0.19232 0.58223 0.18432 0.65482 0.18858 0.73419 0.19881 0.74421 0.23109 0.72047 0.25718 0.67365 0.26650 0.64315 0.27334 0.61684 0.27674 0.59712 0.27876 0.58276 0.27681 0.58098
4 0.79305 0.64318 0.80658 0.63937 0.81929 0.62884 0.82956 0.61887 0.83778 0.59822 0.84458 0.54984 0.84257 0.53057 0.84078 0.50947 0.84030 0.48759 0.82294 0.48515 0.81475 0.48875 0.80912 0.49078 0.79315 0.49520 0.77614 0.49847 0.76812 0.50496 0.75613 0.51464 0.75051 0.52526 0.74595 0.54073 0.73838 0.56526 0.73187 0.59474 0.72881 0.60380 0.72724 0.61495 0.73219 0.62609 0.75242 0.62515 0.76311 0.62473 0.77800 0.62400 0.78514 0.63636 0.79305 0.64318
4 0.16505 0.70463 0.17663 0.67596 0.18181 0.65700 0.19229 0.58021 0.16633 0.56797 0.15709 0.54193 0.15788 0.52286 0.14935 0.53883 0.13798 0.54581 0.13564 0.54902 0.12848 0.57982 0.12613 0.59211 0.12055 0.62061 0.11832 0.63646 0.11665 0.66400 0.11531 0.68249 0.11396 0.70552 0.11699 0.73322 0.14383 0.72133 0.16505 0.70463
4 0.56324 0.61275 0.59406 0.62470 0.60348 0.61654 0.61580 0.60877 0.63181 0.59583 0.63869 0.56746 0.64776 0.54970 0.65338 0.51822 0.65672 0.48168 0.65595 0.45789 0.65756 0.42964 0.65014 0.38972 0.64539 0.38143 0.63318 0.37593 0.62461 0.37376 0.60936 0.36879 0.59593 0.38018 0.58526 0.39293 0.57854 0.40718 0.57381 0.41979 0.55445 0.43984 0.54444 0.45646 0.53079 0.51145 0.53108 0.52194 0.53032 0.54839 0.53774 0.57125 0.54858 0.59080 0.55927 0.60744 0.56324 0.61275
4 0.34023 0.72783 0.34782 0.70582 0.35971 0.67670 0.36575 0.65836 0.36687 0.64589 0.36910 0.59420 0.35687 0.59773 0.28869 0.58618 0.28033 0.58435 0.27809 0.60317 0.27628 0.64245 0.27562 0.67922 0.27599 0.70300 0.27742 0.73350 0.27907 0.74822 0.29915 0.76291 0.31878 0.75779 0.33133 0.74435 0.34023 0.72783
4 0.27631 0.58096 0.30070 0.58822 0.32941 0.59413 0.35783 0.59812 0.37780 0.59052 0.39205 0.58586 0.40209 0.56925 0.40637 0.55561 0.41061 0.52965 0.41316 0.50723 0.41572 0.48482 0.41863 0.45585 0.42013 0.44086 0.41992 0.41710 0.41758 0.38738 0.41398 0.36693 0.40847 0.34723 0.40004 0.33559 0.39375 0.32996 0.38948 0.32653 0.38353 0.32282 0.37681 0.32000 0.35948 0.32135 0.34911 0.32368 0.33389 0.33104 0.32512 0.34308 0.31811 0.35917 0.30568 0.39726 0.29726 0.41506 0.28950 0.42821 0.28425 0.44453 0.28098 0.45927 0.27924 0.50548 0.27728 0.51944 0.27251 0.54912 0.27068 0.56214 0.27631 0.58096
4 0.77828 0.73123 0.78716 0.70592 0.78847 0.69661 0.78386 0.65799 0.79045 0.64468 0.77902 0.62505 0.73542 0.62841 0.73323 0.62715 0.72711 0.61589 0.72085 0.63111 0.70826 0.64075 0.68849 0.62949 0.67787 0.62982 0.67708 0.63541 0.66915 0.67510 0.66936 0.69886 0.67261 0.72208 0.69277 0.74673 0.71317 0.75717 0.73500 0.75741 0.75583 0.75650 0.76912 0.74605 0.77352 0.74005 0.77828 0.73123
4 0.89792 0.70437 0.89366 0.68009 0.89207 0.66184 0.88872 0.63956 0.88270 0.64437 0.86692 0.64311 0.82998 0.62842 0.82799 0.62153 0.81410 0.63553 0.80039 0.64133 0.79156 0.64105 0.78431 0.65902 0.78691 0.67837 0.79143 0.70081 0.79618 0.71759 0.82986 0.75554 0.84354 0.76317 0.87881 0.75197 0.89223 0.74911 0.89608 0.72597 0.89792 0.70437
4 0.53546 0.78425 0.54509 0.77707 0.55329 0.75384 0.55722 0.73460 0.56344 0.70780 0.56694 0.69183 0.57343 0.63675 0.57445 0.61781 0.56303 0.61156 0.53658 0.56901 0.53093 0.56822 0.52031 0.56208 0.49272 0.59183 0.47878 0.59775 0.47413 0.61623 0.46989 0.64330 0.46753 0.66009 0.46407 0.68177 0.46332 0.69832 0.48113 0.72986 0.49487 0.74891 0.50812 0.76854 0.52059 0.78216 0.53546 0.78425
4 0.16639 0.56864 0.19130 0.57901 0.22199 0.58468 0.26416 0.56329 0.27161 0.54657 0.27855 0.50927 0.27909 0.47521 0.28175 0.44418 0.28514 0.42007 0.28778 0.40130 0.28496 0.37905 0.28165 0.35399 0.27222 0.33626 0.26900 0.32899 0.26365 0.31869 0.25771 0.31235 0.25226 0.30886 0.23621 0.30797 0.22301 0.31707 0.20815 0.32589 0.19557 0.36103 0.18847 0.37503 0.18761 0.38723 0.18648 0.39525 0.18143 0.41913 0.16335 0.50540 0.16053 0.52550 0.15725 0.54277 0.16639 0.56864
4 0.11550 0.67444 0.11943 0.62475 0.13574 0.54676 0.12353 0.55237 0.10527 0.54576 0.09869 0.52767 0.09624 0.53843 0.07913 0.57288 0.06528 0.65122 0.05270 0.73630 0.05467 0.74465 0.07705 0.73316 0.09011 0.71631 0.10074 0.70114 0.10683 0.69139 0.11161 0.68197 0.11340 0.67818 0.11550 0.67444
4 0.66086 0.72149 0.66768 0.68756 0.67032 0.66880 0.67629 0.63212 0.65924 0.61326 0.64270 0.59377 0.63542 0.58422 0.63240 0.59697 0.59593 0.62280 0.58672 0.62413 0.57413 0.63488 0.56985 0.67896 0.57000 0.70928 0.57326 0.72185 0.58425 0.74663 0.60282 0.76893 0.62474 0.77706 0.64105 0.77208 0.65246 0.74929 0.66086 0.72149
4 0.39615 0.76795 0.41493 0.76863 0.43028 0.75301 0.43811 0.74093 0.44351 0.73180 0.45365 0.70358 0.46520 0.66501 0.47059 0.62957 0.47532 0.60781 0.47122 0.59603 0.44559 0.59440 0.43287 0.59130 0.41467 0.55450 0.40724 0.55477 0.40576 0.55653 0.40473 0.56098 0.40353 0.56349 0.39829 0.57457 0.39350 0.58248 0.37902 0.58903 0.37037 0.59503 0.36873 0.61257 0.36786 0.63618 0.36755 0.64735 0.36766 0.65529 0.36767 0.67378 0.37351 0.69827 0.37371 0.72259 0.37996 0.73407 0.38343 0.75036 0.39615 0.76795
4 0.70768 0.64067 0.71987 0.63385 0.72662 0.61107 0.73469 0.57898 0.73962 0.55216 0.74452 0.53007 0.74583 0.50370 0.74777 0.47741 0.74855 0.44607 0.73788 0.42573 0.72305 0.43031 0.71480 0.43865 0.70297 0.45481 0.69416 0.46821 0.67680 0.49102 0.65247 0.51623 0.64920 0.54419 0.64763 0.55064 0.63657 0.57468 0.63752 0.58052 0.64621 0.59028 0.65249 0.60444 0.66308 0.61729 0.67871 0.62807 0.69345 0.63221 0.70768 0.64067
