4 0.30894 0.50687 0.31807 0.46988 0.31938 0.45289 0.31853 0.43886 0.29823 0.37923 0.28447 0.36821 0.27100 0.36652 0.26180 0.37378 0.25457 0.38610 0.24528 0.41178 0.23970 0.44171 0.23887 0.45997 0.23982 0.48436 0.24258 0.49305 0.24315 0.50122 0.24697 0.51929 0.27574 0.54272 0.30287 0.51620 0.30894 0.50687
4 0.82909 0.48196 0.82983 0.47095 0.83259 0.45550 0.83568 0.44096 0.83895 0.42802 0.84479 0.39569 0.84292 0.37926 0.84275 0.38006 0.83185 0.39132 0.82028 0.40568 0.80720 0.42211 0.80479 0.45601 0.80175 0.47537 0.80196 0.50184 0.79732 0.51124 0.79886 0.51397 0.80717 0.51495 0.81509 0.51021 0.82169 0.50681 0.82909 0.48196
4 0.40251 0.57458 0.41297 0.59044 0.42913 0.59466 0.45105 0.59931 0.46902 0.59995 0.49634 0.60414 0.50721 0.60567 0.51473 0.59285 0.52484 0.56539 0.53066 0.53540 0.53269 0.51343 0.53082 0.49460 0.52931 0.47668 0.52211 0.44794 0.51823 0.43348 0.51339 0.42128 0.51107 0.40716 0.50348 0.39515 0.49648 0.39048 0.48324 0.38767 0.47424 0.38492 0.46981 0.38319 0.46091 0.39253 0.44598 0.41254 0.43634 0.43289 0.42604 0.45635 0.42005 0.46949 0.41510 0.48525 0.41065 0.49866 0.40723 0.51475 0.40501 0.53271 0.40269 0.55624 0.40251 0.57458
4 0.86778 0.46538 0.87121 0.45170 0.87346 0.43620 0.87830 0.41080 0.87713 0.39133 0.87006 0.37944 0.85870 0.37781 0.84619 0.38157 0.83982 0.43145 0.83345 0.45652 0.83315 0.46283 0.83440 0.46711 0.83648 0.47236 0.84328 0.47537 0.84908 0.48062 0.85858 0.48102 0.86778 0.46538
4 0.18197 0.45709 0.19047 0.45315 0.19680 0.44874 0.20333 0.44320 0.21036 0.43547 0.21590 0.42743 0.22304 0.40817 0.22772 0.38615 0.22321 0.37133 0.21870 0.36004 0.21424 0.35216 0.20415 0.34192 0.19387 0.33973 0.18264 0.33852 0.17390 0.34359 0.16912 0.35526 0.16504 0.36361 0.16025 0.37527 0.15961 0.38547 0.15895 0.39572 0.15769 0.41618 0.15563 0.43306 0.16286 0.44957 0.17661 0.45713 0.18197 0.45709
4 0.64097 0.58360 0.64520 0.55321 0.64919 0.52221 0.65480 0.50017 0.65318 0.47021 0.65249 0.44845 0.64585 0.42703 0.63709 0.41316 0.61956 0.40782 0.59968 0.40359 0.59213 0.40919 0.58238 0.41991 0.56945 0.43560 0.55724 0.45300 0.54304 0.49479 0.53880 0.51473 0.53441 0.53541 0.52953 0.55834 0.52776 0.57160 0.52477 0.59577 0.56238 0.61175 0.59853 0.59944 0.63018 0.59415 0.64097 0.58360
4 0.68833 0.57294 0.69358 0.57081 0.70269 0.56554 0.71345 0.55744 0.72134 0.54481 0.72641 0.52656 0.73639 0.48466 0.73892 0.46280 0.74447 0.44470 0.73102 0.39469 0.70011 0.42974 0.67430 0.46107 0.66374 0.47805 0.65862 0.48975 0.65400 0.50637 0.65058 0.52005 0.64628 0.53517 0.64472 0.55004 0.64567 0.56063 0.65107 0.56021 0.65354 0.56872 0.66140 0.57442 0.66851 0.57593 0.67512 0.57493 0.68833 0.57294
4 0.80349 0.46211 0.80414 0.45906 0.80765 0.43500 0.80785 0.41661 0.80330 0.40285 0.79562 0.37881 0.76925 0.42522 0.76075 0.44263 0.75327 0.44881 0.74297 0.44829 0.73778 0.47060 0.73591 0.48936 0.72460 0.53260 0.72767 0.53566 0.73675 0.54558 0.74294 0.55650 0.75130 0.56230 0.76856 0.55876 0.77968 0.54492 0.78845 0.52779 0.80076 0.49996 0.80035 0.48948 0.79990 0.47900 0.80349 0.46211
4 0.40890 0.49432 0.40838 0.47421 0.39836 0.43125 0.39010 0.41748 0.38452 0.40350 0.37865 0.38862 0.35988 0.39664 0.35268 0.40550 0.34684 0.41549 0.34182 0.42163 0.33208 0.43475 0.32505 0.44527 0.31703 0.45798 0.31635 0.47622 0.31036 0.50718 0.31255 0.52664 0.31940 0.55211 0.32953 0.56041 0.34373 0.56287 0.38367 0.57298 0.39368 0.55349 0.40141 0.52955 0.40499 0.51271 0.40890 0.49432
4 0.16311 0.36549 0.17029 0.34975 0.17382 0.33665 0.17033 0.32786 0.15344 0.32427 0.14273 0.32428 0.13330 0.33608 0.12658 0.34968 0.11992 0.37016 0.11988 0.39205 0.12811 0.41106 0.13919 0.42381 0.14408 0.42250 0.15722 0.41842 0.15966 0.39241 0.15815 0.38516 0.16311 0.36549
