4 0.12655 0.58438 0.13265 0.57403 0.14522 0.52862 0.14318 0.52322 0.13315 0.52369 0.08294 0.48991 0.07796 0.55324 0.08183 0.57168 0.08454 0.58648 0.08846 0.59635 0.09226 0.61006 0.09841 0.61775 0.10225 0.61815 0.11385 0.61083 0.12066 0.59657 0.12655 0.58438
4 0.76458 0.66831 0.77326 0.64905 0.77414 0.61951 0.76900 0.56047 0.76560 0.53628 0.76220 0.51210 0.75082 0.44919 0.73883 0.43570 0.73805 0.44817 0.73018 0.47295 0.71972 0.48391 0.68573 0.49343 0.67579 0.49008 0.66768 0.46849 0.67238 0.51523 0.66195 0.53093 0.66601 0.55977 0.67347 0.58151 0.68040 0.59478 0.69305 0.61292 0.70870 0.63439 0.72223 0.65435 0.73348 0.66700 0.76458 0.66831
4 0.94772 0.20145 0.93568 0.20121 0.91744 0.21520 0.91086 0.23130 0.90766 0.24880 0.91512 0.28853 0.92009 0.32392 0.92130 0.33699 0.92244 0.34064 0.93736 0.32999 0.94478 0.31096 0.95189 0.28055 0.95360 0.24328 0.95007 0.21817 0.94772 0.20145
4 0.36769 0.57990 0.39189 0.58125 0.43290 0.58117 0.45553 0.57605 0.49392 0.57066 0.49968 0.56229 0.50518 0.55202 0.50073 0.52037 0.49163 0.47805 0.48469 0.44200 0.47797 0.42115 0.47200 0.40582 0.46381 0.38330 0.44317 0.34906 0.41876 0.32435 0.37670 0.32055 0.34647 0.33904 0.33796 0.36396 0.33320 0.38836 0.33355 0.40442 0.33442 0.41947 0.33708 0.44283 0.34096 0.48405 0.33677 0.50914 0.33951 0.52863 0.34644 0.55441 0.35334 0.56768 0.36769 0.57990
4 0.15273 0.52375 0.16127 0.50357 0.15435 0.45902 0.14711 0.42969 0.14096 0.40401 0.13616 0.37428 0.13434 0.36129 0.11885 0.34542 0.10673 0.33576 0.09430 0.32801 0.08929 0.32397 0.07750 0.32088 0.07026 0.32758 0.06437 0.33978 0.06472 0.36914 0.07274 0.41735 0.07335 0.43056 0.07156 0.44030 0.07492 0.45975 0.07915 0.47626 0.08341 0.48416 0.09393 0.49598 0.12878 0.51956 0.13563 0.52334 0.15273 0.52375
4 0.88221 0.41367 0.90114 0.40908 0.91205 0.39237 0.91899 0.37435 0.92026 0.34757 0.91490 0.29143 0.90680 0.25179 0.89982 0.22904 0.89615 0.22100 0.89101 0.21130 0.87818 0.20548 0.86602 0.21768 0.85933 0.25085 0.85322 0.26120 0.84476 0.27756 0.84276 0.29020 0.84000 0.30196 0.83721 0.31372 0.83465 0.34150 0.83660 0.37102 0.83938 0.39602 0.85499 0.40420 0.86472 0.41514 0.88221 0.41367
4 0.68495 0.49260 0.69934 0.49152 0.70366 0.49091 0.71832 0.48311 0.72992 0.47111 0.73791 0.44720 0.74027 0.42794 0.72392 0.32964 0.68707 0.30540 0.66630 0.32825 0.65967 0.33961 0.65312 0.35570 0.65272 0.37093 0.65443 0.38305 0.65687 0.39601 0.65747 0.40917 0.66083 0.42862 0.66227 0.43890 0.66559 0.45361 0.66790 0.46559 0.67173 0.47929 0.67640 0.49000 0.68495 0.49260
4 0.85100 0.58691 0.86483 0.57736 0.87085 0.55753 0.86741 0.52391 0.86607 0.49656 0.86545 0.47860 0.86619 0.47447 0.83829 0.40655 0.83602 0.42204 0.81578 0.46666 0.78222 0.47038 0.75344 0.44976 0.75802 0.48233 0.76177 0.50460 0.76603 0.52580 0.77729 0.53845 0.79347 0.55041 0.80721 0.56272 0.81868 0.57247 0.82727 0.57982 0.83870 0.58483 0.85100 0.58691
4 0.00000 0.41505 0.03421 0.42249 0.02668 0.34728 0.02292 0.32050 0.01642 0.30662 0.00649 0.28981 0.00000 0.28398 0.00000 0.41505
4 0.22046 0.61483 0.21789 0.55162 0.20970 0.55184 0.19517 0.54720 0.16569 0.49920 0.16184 0.49874 0.15308 0.52183 0.14548 0.53046 0.13161 0.58461 0.13488 0.60788 0.14033 0.62416 0.15219 0.65003 0.16776 0.66208 0.19227 0.65670 0.19916 0.65193 0.21082 0.63611 0.21557 0.62495 0.22046 0.61483
4 0.92187 0.34547 0.91693 0.38219 0.92148 0.39673 0.92719 0.41491 0.93683 0.42498 0.96614 0.43129 0.98245 0.42613 0.99386 0.42138 0.98151 0.33350 0.97431 0.31437 0.95202 0.28147 0.94587 0.30512 0.93884 0.32697 0.92218 0.33880 0.92187 0.34547
4 0.42843 0.73360 0.42961 0.71064 0.43384 0.67777 0.43877 0.65434 0.43913 0.63911 0.44166 0.62546 0.44296 0.61672 0.43812 0.58231 0.37230 0.58113 0.35874 0.57448 0.34758 0.55806 0.33633 0.50937 0.31618 0.51883 0.31255 0.54682 0.31887 0.58295 0.32598 0.60188 0.33435 0.61681 0.36972 0.70670 0.38018 0.72708 0.39092 0.74075 0.40383 0.74274 0.42341 0.74280 0.42843 0.73360
4 0.54495 0.58341 0.54322 0.56660 0.54165 0.55545 0.52433 0.55789 0.51439 0.54124 0.50623 0.54145 0.50492 0.55019 0.49540 0.56764 0.44245 0.58170 0.44380 0.60049 0.44807 0.62169 0.45784 0.63742 0.46587 0.64959 0.48697 0.66936 0.50163 0.67492 0.51411 0.66936 0.52493 0.65647 0.54688 0.61067 0.54495 0.58341
4 0.33912 0.50230 0.34157 0.48397 0.33921 0.46245 0.33608 0.44015 0.33320 0.42439 0.32836 0.40327 0.32056 0.38826 0.31702 0.38114 0.31405 0.37775 0.26503 0.38845 0.25892 0.41684 0.26209 0.44387 0.26554 0.45950 0.27038 0.47593 0.27474 0.49336 0.27722 0.51100 0.28481 0.51562 0.31565 0.51509 0.33349 0.51165 0.33912 0.50230
4 0.07421 0.54902 0.07805 0.54164 0.08140 0.48709 0.04248 0.45835 0.03531 0.42928 0.03221 0.42972 0.02121 0.46824 0.01960 0.48839 0.01877 0.50936 0.02025 0.52438 0.02351 0.54760 0.03660 0.57329 0.04982 0.58661 0.06312 0.57337 0.07058 0.55903 0.07421 0.54902
4 0.80958 0.46753 0.81734 0.45976 0.82410 0.44932 0.83322 0.42905 0.83641 0.42011 0.83672 0.38210 0.83163 0.29651 0.82718 0.26011 0.82160 0.24759 0.79744 0.22825 0.78312 0.23876 0.77541 0.25127 0.76563 0.26688 0.75691 0.28135 0.74740 0.29886 0.74115 0.31298 0.73465 0.33856 0.73836 0.36938 0.73858 0.38453 0.73861 0.40251 0.74219 0.41911 0.74538 0.43290 0.75415 0.44591 0.76491 0.45957 0.78074 0.46871 0.79771 0.46820 0.80958 0.46753
4 0.05699 0.34186 0.05155 0.33010 0.02622 0.32230 0.03588 0.42341 0.04143 0.45221 0.04970 0.46247 0.06403 0.47298 0.07544 0.48385 0.07962 0.48668 0.07114 0.44803 0.07123 0.41734 0.06507 0.37351 0.05699 0.34186
4 0.24184 0.53783 0.26099 0.53039 0.26985 0.52153 0.27282 0.50687 0.27007 0.48260 0.25376 0.40708 0.21765 0.36569 0.18521 0.31904 0.16148 0.31195 0.14350 0.30973 0.14015 0.31302 0.14729 0.33668 0.14991 0.36004 0.14246 0.37438 0.13717 0.37700 0.14205 0.40286 0.14737 0.43152 0.15369 0.44962 0.15836 0.46039 0.16299 0.48440 0.16669 0.50187 0.19154 0.54390 0.20922 0.55284 0.21750 0.54881 0.24184 0.53783
4 0.65021 0.65404 0.65483 0.62397 0.65859 0.59685 0.66156 0.57750 0.65968 0.55972 0.65533 0.54229 0.65232 0.53422 0.62074 0.53865 0.60948 0.54399 0.59304 0.54823 0.57262 0.55110 0.54562 0.55677 0.54305 0.56094 0.54645 0.58513 0.56118 0.61341 0.56895 0.62843 0.57636 0.64069 0.58875 0.65699 0.60074 0.67048 0.61649 0.68819 0.63341 0.69624 0.64074 0.68097 0.65021 0.65404
4 0.57188 0.55027 0.60730 0.54623 0.61851 0.54084 0.65092 0.53342 0.67260 0.51238 0.65823 0.41872 0.64191 0.36583 0.62573 0.32258 0.58896 0.29453 0.56070 0.29568 0.53858 0.30448 0.52654 0.31754 0.50996 0.33885 0.50944 0.35316 0.50568 0.38023 0.50419 0.39655 0.50712 0.42655 0.50947 0.45657 0.51064 0.48294 0.51278 0.50731 0.51761 0.54173 0.52716 0.55556 0.54736 0.55559 0.57188 0.55027
4 0.93193 0.48444 0.92984 0.46955 0.92827 0.45841 0.92736 0.45191 0.92344 0.41069 0.92060 0.39498 0.91555 0.38145 0.91070 0.39637 0.90211 0.40707 0.86450 0.41804 0.85687 0.40393 0.83907 0.39882 0.83964 0.40729 0.84400 0.42473 0.85495 0.44879 0.86450 0.46737 0.87118 0.48354 0.88486 0.49105 0.90489 0.49872 0.92390 0.50361 0.92835 0.50392 0.93267 0.49857 0.93193 0.48444
4 0.30960 0.71896 0.31781 0.70550 0.32893 0.68589 0.33644 0.66304 0.34019 0.64921 0.33945 0.63508 0.33701 0.62212 0.32973 0.61084 0.32188 0.58634 0.31527 0.57562 0.28335 0.52879 0.27233 0.52118 0.25824 0.52885 0.22072 0.54929 0.21938 0.55329 0.22438 0.64270 0.22742 0.68686 0.23170 0.71285 0.23933 0.74020 0.25015 0.75866 0.26318 0.76151 0.27963 0.75733 0.28827 0.75137 0.29918 0.73466 0.30960 0.71896
