4 0.35974 0.57435 0.35921 0.55298 0.36717 0.54340 0.37129 0.54101 0.37421 0.53881 0.37421 0.53821 0.37301 0.53662 0.36890 0.53222 0.36518 0.53042 0.36227 0.52903 0.35855 0.52783 0.35391 0.52704 0.34953 0.52823 0.34449 0.53063 0.33971 0.53482 0.33613 0.53901 0.33202 0.54620 0.32605 0.55298 0.32313 0.56237 0.31755 0.59332 0.31424 0.61887 0.31145 0.64143 0.31119 0.66877 0.31013 0.67955 0.30893 0.69572 0.31066 0.72687 0.31384 0.74124 0.31954 0.74524 0.32512 0.74703 0.33029 0.74563 0.33546 0.74284 0.33905 0.73585 0.34236 0.72747 0.35059 0.70850 0.35882 0.69233 0.36625 0.67097 0.37288 0.65700 0.37394 0.65460 0.36518 0.61827 0.35974 0.57435
4 0.60791 0.32906 0.60090 0.34473 0.59707 0.35176 0.60005 0.36998 0.60175 0.39044 0.60493 0.41730 0.60387 0.44287 0.60302 0.46525 0.60515 0.47132 0.61300 0.48251 0.62363 0.49082 0.64105 0.49690 0.66569 0.49434 0.66952 0.49146 0.67419 0.47835 0.67801 0.45534 0.67950 0.42817 0.67695 0.38916 0.67398 0.35879 0.66739 0.32235 0.65996 0.29742 0.65273 0.28239 0.64338 0.27472 0.63617 0.27216 0.63128 0.27408 0.62703 0.27504 0.61980 0.28814 0.61216 0.31372 0.60791 0.32906
4 0.31379 0.32275 0.30767 0.33932 0.29910 0.38030 0.29482 0.41758 0.29329 0.44152 0.29145 0.46360 0.29605 0.48479 0.30308 0.49400 0.31471 0.49170 0.33704 0.48847 0.35815 0.47927 0.36824 0.47282 0.37192 0.46315 0.37192 0.43185 0.37589 0.40101 0.37987 0.36741 0.38262 0.35221 0.37865 0.32919 0.36702 0.29651 0.35662 0.28454 0.34560 0.28408 0.33551 0.29329 0.32480 0.30434 0.31379 0.32275
4 0.49581 0.31032 0.49123 0.32275 0.49153 0.33702 0.48970 0.36372 0.48541 0.40883 0.48541 0.43968 0.48480 0.46868 0.48544 0.47844 0.49046 0.48534 0.49517 0.48755 0.50520 0.48958 0.52778 0.49156 0.54033 0.49400 0.55272 0.49266 0.56939 0.49335 0.57942 0.49464 0.58548 0.49400 0.59285 0.48976 0.59772 0.48401 0.60127 0.47466 0.60320 0.46012 0.60570 0.42476 0.60020 0.37320 0.59224 0.32947 0.58490 0.29771 0.57105 0.27576 0.56030 0.26855 0.55141 0.26655 0.53834 0.26843 0.52457 0.27211 0.51325 0.27948 0.50346 0.29375 0.49581 0.31032
4 0.38323 0.35682 0.37865 0.37109 0.37559 0.40055 0.37222 0.44566 0.37314 0.47006 0.37681 0.48341 0.38262 0.49078 0.39394 0.49262 0.40924 0.49262 0.42209 0.49446 0.44564 0.49216 0.47226 0.49078 0.47929 0.48663 0.48480 0.47789 0.48480 0.44612 0.48664 0.39594 0.48786 0.37293 0.48602 0.33794 0.47991 0.31815 0.47042 0.29513 0.45604 0.28272 0.44473 0.28222 0.43310 0.28685 0.42086 0.29421 0.40618 0.31078 0.39241 0.33380 0.38323 0.35682
4 0.63910 0.55175 0.63636 0.57121 0.62783 0.59935 0.62012 0.62709 0.61572 0.63951 0.61572 0.64572 0.61710 0.65110 0.62012 0.65814 0.62508 0.67221 0.62838 0.68463 0.63278 0.69581 0.63636 0.70699 0.63993 0.71650 0.64516 0.72810 0.65176 0.73721 0.65864 0.74259 0.66579 0.74507 0.67212 0.74507 0.67680 0.74135 0.67955 0.73224 0.68065 0.72106 0.68065 0.70657 0.68065 0.69705 0.68230 0.68505 0.68340 0.67304 0.68340 0.66310 0.68202 0.65317 0.68037 0.64034 0.67900 0.62875 0.68010 0.61550 0.68120 0.59853 0.68175 0.58445 0.68092 0.56831 0.67790 0.55423 0.67432 0.54057 0.66937 0.53436 0.66249 0.52939 0.65176 0.51822 0.64103 0.51077 0.63608 0.50828 0.62672 0.50704 0.62343 0.50704 0.61985 0.50911 0.61820 0.51159 0.61627 0.51367 0.61462 0.52029 0.62095 0.52236 0.63690 0.53850 0.63828 0.54720 0.63910 0.55175
4 0.68566 0.51864 0.68968 0.52181 0.69522 0.52468 0.70095 0.52554 0.70668 0.52295 0.71260 0.50312 0.71759 0.47236 0.72082 0.45080 0.72387 0.43183 0.72808 0.38813 0.72980 0.36053 0.73018 0.32517 0.72712 0.30246 0.72349 0.29068 0.71738 0.28291 0.71318 0.28234 0.70572 0.29039 0.69942 0.30648 0.68929 0.33322 0.68471 0.34415 0.67879 0.35536 0.67459 0.36082 0.67630 0.37807 0.67936 0.42406 0.67898 0.45338 0.67382 0.48098 0.66962 0.49219 0.66656 0.49421 0.66962 0.50025 0.67575 0.50944 0.68070 0.51404 0.68566 0.51864
4 0.55637 0.51825 0.56232 0.52592 0.56508 0.53519 0.56465 0.55150 0.56083 0.58762 0.55573 0.63270 0.55382 0.66722 0.56210 0.69311 0.57251 0.71997 0.57889 0.72413 0.58802 0.71709 0.60098 0.69408 0.60629 0.67234 0.61628 0.63589 0.62626 0.60457 0.63646 0.57100 0.63943 0.55310 0.63731 0.53967 0.62839 0.52944 0.62097 0.52273 0.61225 0.51953 0.60332 0.52081 0.59971 0.51921 0.59418 0.51569 0.58335 0.51313 0.57166 0.50962 0.56040 0.50994 0.55637 0.51825
4 0.43056 0.58106 0.43132 0.61328 0.43438 0.64359 0.43693 0.66737 0.44203 0.68118 0.45095 0.69269 0.45987 0.69998 0.46930 0.69499 0.48180 0.67159 0.49174 0.64704 0.49505 0.63361 0.49505 0.59065 0.49531 0.55842 0.49505 0.53694 0.49072 0.52927 0.47823 0.52198 0.47186 0.52121 0.45656 0.52045 0.44458 0.51967 0.43820 0.52236 0.43361 0.52352 0.43005 0.53080 0.42928 0.54576 0.43056 0.58106
4 0.68105 0.56732 0.68105 0.57630 0.68149 0.59178 0.68017 0.62488 0.68348 0.63769 0.69167 0.66381 0.70117 0.68610 0.70593 0.69625 0.70892 0.70690 0.71201 0.71389 0.71466 0.71788 0.72008 0.72237 0.72384 0.72270 0.72605 0.71954 0.72671 0.71538 0.72693 0.71222 0.72749 0.70540 0.72837 0.69475 0.72893 0.68777 0.73036 0.67130 0.73069 0.64667 0.73147 0.63187 0.73069 0.61806 0.72882 0.59909 0.72550 0.58262 0.72052 0.56466 0.71676 0.55318 0.71455 0.54536 0.71333 0.53904 0.70969 0.53005 0.70626 0.52323 0.70571 0.52340 0.70372 0.52473 0.70095 0.52556 0.69786 0.52523 0.69366 0.52440 0.69001 0.52240 0.68691 0.52008 0.68282 0.51641 0.68227 0.51641 0.68138 0.51658 0.67939 0.51708 0.67740 0.51824 0.67520 0.51974 0.67309 0.52140 0.67133 0.52373 0.67066 0.52789 0.67033 0.53338 0.67055 0.53538 0.67442 0.54104 0.68105 0.56732
4 0.35918 0.55382 0.35994 0.57530 0.36580 0.61980 0.37677 0.66622 0.38441 0.69307 0.39333 0.70611 0.40200 0.71149 0.41424 0.70151 0.42418 0.68885 0.43336 0.66660 0.43642 0.65740 0.43489 0.64128 0.43157 0.61481 0.43056 0.58374 0.42928 0.55881 0.42903 0.53579 0.43209 0.52543 0.42852 0.52466 0.41908 0.52581 0.40787 0.52581 0.39741 0.52773 0.38492 0.53310 0.37498 0.53924 0.36733 0.54269 0.35918 0.55382
4 0.49518 0.60393 0.49667 0.63941 0.50347 0.65923 0.51175 0.69472 0.52025 0.70079 0.52726 0.69823 0.53555 0.69152 0.54702 0.67426 0.55318 0.66306 0.55828 0.61160 0.56253 0.57707 0.56593 0.53903 0.56359 0.52720 0.55637 0.51953 0.54723 0.52081 0.53767 0.51985 0.52577 0.52017 0.51473 0.52017 0.50666 0.52369 0.49922 0.53104 0.49476 0.53903 0.49518 0.56620 0.49518 0.60393
