4 0.07287 0.49928 0.08782 0.48368 0.10383 0.46615 0.11132 0.45253 0.11772 0.39795 0.11772 0.32006 0.11238 0.29861 0.07287 0.21681 0.05366 0.20120 0.03660 0.25187 0.03660 0.31615 0.02914 0.38627 0.03125 0.44470 0.03445 0.47982 0.04406 0.48952 0.06541 0.49536 0.07287 0.49928
4 0.92508 0.37861 0.91617 0.41922 0.92063 0.43217 0.94472 0.43868 0.95531 0.43868 0.95710 0.43217 0.96419 0.40133 0.97043 0.36241 0.97488 0.33639 0.97577 0.30235 0.97673 0.25524 0.97043 0.19681 0.96162 0.17247 0.95677 0.13253 0.94109 0.13187 0.92541 0.16205 0.92046 0.17530 0.91617 0.21301 0.92604 0.29910 0.92508 0.37861
4 0.52307 0.57669 0.54983 0.57669 0.58452 0.57994 0.61380 0.57994 0.62267 0.57831 0.64759 0.57343 0.65300 0.57018 0.66182 0.55717 0.66901 0.51663 0.67248 0.48253 0.67248 0.38024 0.67168 0.35265 0.66627 0.32669 0.65211 0.24385 0.64224 0.19681 0.63337 0.17084 0.62267 0.15946 0.60053 0.15946 0.58710 0.16271 0.55954 0.17735 0.55330 0.17735 0.54442 0.18867 0.52753 0.20982 0.51152 0.33319 0.50974 0.44193 0.50528 0.53771 0.52307 0.57669
4 0.40690 0.75241 0.40987 0.77952 0.42393 0.84036 0.44248 0.87151 0.46099 0.86608 0.47508 0.83765 0.48472 0.80115 0.49508 0.76867 0.49729 0.76054 0.50620 0.73620 0.50175 0.53596 0.48914 0.56572 0.46320 0.57928 0.45356 0.59012 0.39274 0.58193 0.39353 0.63337 0.39429 0.67127 0.40023 0.71458 0.40690 0.75241
4 0.70185 0.81693 0.71607 0.76663 0.71964 0.72440 0.72238 0.68542 0.72327 0.56693 0.72059 0.54910 0.69383 0.54910 0.67337 0.49066 0.66360 0.55554 0.65211 0.57506 0.61558 0.58482 0.61921 0.69843 0.62802 0.74711 0.64937 0.79422 0.70185 0.81693
4 0.30462 0.82277 0.33129 0.83765 0.34165 0.84036 0.36835 0.82277 0.38096 0.79440 0.39059 0.76193 0.39353 0.72946 0.39502 0.71187 0.39353 0.65096 0.39059 0.58199 0.35353 0.54681 0.34241 0.54542 0.27792 0.56843 0.27789 0.56988 0.28350 0.66687 0.29053 0.73753 0.29571 0.78217 0.30462 0.82277
4 0.67426 0.43217 0.67426 0.46789 0.67604 0.49711 0.68495 0.53283 0.69205 0.54584 0.73119 0.55235 0.74898 0.55880 0.76677 0.55880 0.79254 0.54584 0.80412 0.52795 0.81254 0.48916 0.81568 0.46627 0.82102 0.38024 0.81746 0.32669 0.81033 0.28934 0.79343 0.24066 0.77218 0.18705 0.76320 0.16922 0.73838 0.15295 0.71429 0.16271 0.70459 0.18380 0.69561 0.21627 0.68937 0.25849 0.68495 0.28608 0.67871 0.30880 0.67426 0.36885 0.67426 0.39488 0.67426 0.43217
4 0.97310 0.56368 0.97132 0.48253 0.96865 0.46952 0.96238 0.44217 0.91518 0.43193 0.89835 0.48916 0.91885 0.51988 0.92937 0.54759 0.94020 0.56855 0.97310 0.56368
4 0.11752 0.45494 0.13264 0.51663 0.13983 0.54259 0.16733 0.54259 0.19310 0.53120 0.20832 0.51825 0.21356 0.50687 0.21356 0.47277 0.21356 0.42898 0.21356 0.38675 0.21445 0.34127 0.21445 0.31530 0.20558 0.28771 0.19142 0.24873 0.18066 0.21627 0.16555 0.18705 0.16109 0.17898 0.14241 0.16596 0.13353 0.16271 0.11485 0.18054 0.11307 0.27795 0.11931 0.31693 0.11663 0.41434 0.11752 0.45494
4 0.84323 0.78283 0.85125 0.76988 0.84680 0.73253 0.84323 0.68380 0.83977 0.65295 0.83792 0.63187 0.83347 0.60102 0.82990 0.51012 0.81479 0.47765 0.80412 0.52313 0.79538 0.53795 0.76588 0.56205 0.73297 0.55398 0.72442 0.55602 0.72574 0.67470 0.78545 0.76012 0.82634 0.78608 0.84323 0.78283
4 0.17416 0.59687 0.17267 0.63205 0.17267 0.65771 0.17640 0.68615 0.18528 0.73482 0.18825 0.75380 0.20307 0.79976 0.20825 0.80115 0.22307 0.80518 0.23716 0.78488 0.25571 0.75512 0.26756 0.72404 0.27720 0.70373 0.28386 0.68615 0.27720 0.56843 0.26310 0.56572 0.23792 0.54681 0.20974 0.51301 0.20234 0.52247 0.18231 0.53735 0.17861 0.54410 0.17416 0.59687
4 0.81657 0.47928 0.82013 0.49223 0.82970 0.50602 0.84323 0.50663 0.86280 0.51337 0.87350 0.51825 0.89571 0.49711 0.89838 0.48578 0.91003 0.44030 0.91885 0.39813 0.92419 0.36885 0.92604 0.31042 0.92241 0.27151 0.91885 0.21301 0.90759 0.10241 0.88251 0.10783 0.86238 0.15723 0.84769 0.19355 0.82990 0.22765 0.82287 0.24873 0.81211 0.27795 0.82287 0.38187 0.82013 0.41759 0.81657 0.47928
4 0.02891 0.59819 0.03188 0.62663 0.04445 0.65235 0.05337 0.65368 0.05558 0.65368 0.09115 0.63747 0.10007 0.60633 0.10228 0.56440 0.11043 0.45885 0.07558 0.49819 0.03558 0.48729 0.03706 0.49946 0.03040 0.53325 0.02815 0.57657 0.02891 0.59819
4 0.89482 0.74873 0.92604 0.65295 0.92693 0.60753 0.92508 0.57343 0.92419 0.55398 0.92419 0.54096 0.92241 0.52633 0.90017 0.49711 0.87792 0.51663 0.83168 0.50361 0.82990 0.51988 0.83614 0.61078 0.85125 0.67084 0.87261 0.71952 0.89482 0.74873
4 0.34785 0.38024 0.34617 0.40620 0.34528 0.42247 0.34528 0.48090 0.35053 0.54422 0.36601 0.55783 0.39145 0.57994 0.43234 0.58639 0.45191 0.58801 0.46082 0.57994 0.48046 0.57343 0.48749 0.56855 0.49462 0.55072 0.50617 0.52151 0.50706 0.32669 0.49462 0.24711 0.47861 0.20494 0.47594 0.19681 0.39776 0.19030 0.37188 0.26337 0.35409 0.32831 0.34964 0.35265 0.34785 0.38024
4 0.54264 0.83964 0.55865 0.85916 0.56221 0.85916 0.58630 0.85102 0.60053 0.82831 0.60845 0.75849 0.61469 0.68542 0.61832 0.64325 0.61201 0.58639 0.52129 0.57669 0.50429 0.54458 0.50561 0.69819 0.51604 0.77958 0.52663 0.80880 0.54264 0.83964
4 0.09175 0.70241 0.10759 0.73494 0.12739 0.75542 0.14290 0.72651 0.15479 0.71325 0.16528 0.68072 0.17416 0.67398 0.17129 0.64277 0.17713 0.53735 0.13993 0.54699 0.11710 0.45482 0.11488 0.41964 0.10970 0.46295 0.10228 0.55084 0.10079 0.58873 0.09274 0.66868 0.09175 0.70241
4 0.21267 0.49873 0.21535 0.52313 0.23937 0.55235 0.26871 0.56855 0.34350 0.54747 0.34439 0.49385 0.34521 0.42229 0.34852 0.38072 0.34875 0.35102 0.34528 0.31855 0.33720 0.27313 0.32927 0.24548 0.32030 0.21952 0.31238 0.20819 0.29716 0.19193 0.27502 0.18705 0.26079 0.18542 0.25449 0.18705 0.24389 0.24548 0.22611 0.28934 0.21891 0.31693 0.21624 0.33964 0.21267 0.49873
