4 0.41445 0.70785 0.42190 0.68837 0.43426 0.66036 0.44748 0.63833 0.45556 0.61610 0.45838 0.60710 0.46021 0.59597 0.46156 0.58374 0.46447 0.55836 0.46660 0.53958 0.46871 0.53044 0.47272 0.51305 0.46066 0.51412 0.45088 0.52440 0.35988 0.50917 0.34865 0.55735 0.34439 0.58524 0.34702 0.60648 0.34740 0.63354 0.34947 0.67261 0.35757 0.70146 0.36626 0.71504 0.38644 0.73321 0.39914 0.72937 0.41445 0.70785
4 0.96064 0.50471 0.96855 0.47044 0.97880 0.42146 0.98762 0.38323 0.99594 0.35183 0.98323 0.32388 0.96586 0.32543 0.95231 0.33342 0.93736 0.35217 0.92633 0.36769 0.90643 0.38946 0.88103 0.42109 0.85849 0.44503 0.84948 0.46102 0.84126 0.49661 0.83539 0.51746 0.83031 0.54404 0.83676 0.56221 0.84532 0.58500 0.89103 0.60806 0.92004 0.58835 0.93896 0.56635 0.95111 0.54139 0.96064 0.50471
4 0.02022 0.57924 0.01572 0.59556 0.03938 0.58270 0.05672 0.56835 0.06529 0.54721 0.07041 0.53780 0.08299 0.51851 0.09767 0.49973 0.12265 0.49392 0.12968 0.47626 0.13341 0.46650 0.14212 0.46082 0.14821 0.45356 0.14344 0.44858 0.13699 0.45097 0.13293 0.45581 0.12464 0.45967 0.11869 0.46310 0.10962 0.46393 0.09219 0.43386 0.08585 0.41985 0.08294 0.42595 0.07817 0.43062 0.06863 0.44962 0.05786 0.46741 0.05274 0.47682 0.04677 0.48990 0.03996 0.50665 0.03454 0.52372 0.03222 0.53380 0.02635 0.55269 0.02022 0.57924
4 0.85794 0.29078 0.85218 0.28806 0.82824 0.29504 0.80985 0.31025 0.79539 0.32217 0.76637 0.36963 0.74130 0.39995 0.72653 0.41318 0.71942 0.45320 0.71635 0.50800 0.73550 0.54022 0.78628 0.55056 0.82882 0.53351 0.84604 0.47131 0.86025 0.40517 0.86635 0.36492 0.86954 0.31431 0.85794 0.29078
4 0.16039 0.42409 0.18970 0.40310 0.18769 0.38873 0.19248 0.33571 0.18201 0.31662 0.17395 0.28699 0.16762 0.25916 0.16371 0.23463 0.14648 0.18486 0.12973 0.18378 0.11168 0.25733 0.09141 0.32210 0.08633 0.36255 0.07487 0.40296 0.08454 0.41630 0.09200 0.43467 0.10851 0.46485 0.12370 0.45867 0.13390 0.45539 0.14642 0.44310 0.16039 0.42409
4 0.48712 0.75453 0.51137 0.76782 0.52735 0.77536 0.54210 0.75949 0.55195 0.72320 0.56818 0.70090 0.57669 0.68648 0.58257 0.66374 0.60324 0.55861 0.57022 0.55773 0.54219 0.53198 0.53668 0.51431 0.50777 0.51149 0.49653 0.53783 0.48971 0.56419 0.48623 0.59521 0.48503 0.62291 0.48206 0.64535 0.47710 0.68276 0.47720 0.70787 0.47922 0.73435 0.48712 0.75453
4 0.11297 0.55821 0.10770 0.57147 0.10856 0.58995 0.12310 0.60396 0.14454 0.60698 0.18218 0.57515 0.19481 0.56845 0.21151 0.55688 0.21979 0.54336 0.22236 0.51309 0.23740 0.47027 0.23832 0.45990 0.23561 0.45250 0.20874 0.43764 0.19700 0.41177 0.18885 0.41184 0.18472 0.41378 0.16437 0.42836 0.14835 0.45937 0.14329 0.47170 0.13625 0.49898 0.13329 0.51180 0.12872 0.52522 0.11761 0.54770 0.11297 0.55821
4 0.71517 0.47163 0.72217 0.44132 0.72785 0.39823 0.73395 0.35798 0.73408 0.33438 0.72767 0.28850 0.71509 0.25089 0.70257 0.23132 0.67977 0.21494 0.64575 0.21959 0.60064 0.28138 0.58556 0.30982 0.56470 0.34945 0.54853 0.38791 0.54137 0.45513 0.54001 0.51173 0.54282 0.53184 0.56815 0.55572 0.60671 0.55906 0.64894 0.56047 0.68791 0.55283 0.71454 0.50356 0.71722 0.48957 0.71517 0.47163
4 0.89962 0.80579 0.92107 0.77742 0.92865 0.72297 0.92926 0.70850 0.92991 0.68086 0.93228 0.66893 0.93585 0.63505 0.93625 0.62406 0.93066 0.60192 0.92433 0.58799 0.89094 0.60387 0.85703 0.59882 0.85165 0.62673 0.84948 0.64982 0.84663 0.67140 0.84783 0.69387 0.85307 0.71728 0.86131 0.74142 0.86555 0.75074 0.87602 0.76980 0.88924 0.79092 0.89962 0.80579
4 0.62960 0.78233 0.63424 0.79452 0.64686 0.80438 0.66979 0.79717 0.68495 0.77290 0.70033 0.74314 0.70825 0.70887 0.71453 0.69086 0.72152 0.67444 0.72993 0.64723 0.73337 0.63691 0.74828 0.58618 0.75103 0.56045 0.74730 0.54434 0.73749 0.54068 0.72470 0.52244 0.71199 0.52229 0.70795 0.52135 0.70147 0.52941 0.69014 0.54778 0.67931 0.55779 0.63489 0.56140 0.62730 0.56659 0.61788 0.59357 0.60886 0.62341 0.60147 0.65090 0.59795 0.67513 0.60142 0.69251 0.60665 0.71595 0.61208 0.73384 0.61843 0.74782 0.62418 0.76443 0.62960 0.78233
4 0.77399 0.81566 0.78902 0.82886 0.81608 0.82677 0.82510 0.79692 0.82132 0.76273 0.83105 0.72054 0.84055 0.69775 0.84683 0.67975 0.84948 0.64982 0.85328 0.61043 0.85237 0.60052 0.84795 0.58282 0.83535 0.57297 0.83060 0.55662 0.82606 0.54862 0.82354 0.54109 0.81981 0.53884 0.80582 0.54210 0.78174 0.55642 0.75496 0.57108 0.74467 0.58820 0.73621 0.62923 0.73043 0.65426 0.73119 0.68776 0.73501 0.70810 0.74439 0.73663 0.75121 0.77153 0.76370 0.79109 0.77399 0.81566
4 0.46670 0.51148 0.50344 0.42136 0.51470 0.37261 0.52028 0.33919 0.51418 0.29196 0.50874 0.27406 0.49726 0.25473 0.48503 0.24774 0.46818 0.24246 0.46515 0.24176 0.45103 0.23850 0.43030 0.24066 0.40242 0.25090 0.39061 0.26065 0.38049 0.27221 0.37109 0.28529 0.35843 0.30321 0.35813 0.30453 0.33973 0.34747 0.33500 0.40471 0.33113 0.43992 0.32888 0.47272 0.33705 0.49264 0.35471 0.50366 0.38035 0.51236 0.40216 0.51461 0.41426 0.51741 0.45193 0.52472 0.46670 0.51148
4 0.27113 0.45105 0.28236 0.44391 0.29196 0.43921 0.29682 0.43200 0.30995 0.40727 0.31087 0.40331 0.31816 0.38554 0.32231 0.37680 0.32799 0.36143 0.33195 0.34428 0.33123 0.34276 0.32497 0.33298 0.31207 0.32444 0.30833 0.32219 0.29150 0.30301 0.29089 0.29179 0.28819 0.26202 0.28521 0.21967 0.27280 0.20430 0.26292 0.19646 0.24330 0.21691 0.23300 0.23399 0.21883 0.25848 0.19278 0.33439 0.18739 0.39005 0.19162 0.39937 0.19374 0.40403 0.19522 0.41132 0.20077 0.41955 0.20714 0.43349 0.23499 0.45104 0.25255 0.45787 0.27113 0.45105
4 0.29200 0.64003 0.31637 0.61772 0.33377 0.58703 0.33673 0.57420 0.34048 0.54517 0.34121 0.52606 0.34018 0.51135 0.33849 0.49942 0.33039 0.47054 0.32874 0.44895 0.32053 0.44609 0.30832 0.45097 0.29858 0.44199 0.29620 0.43952 0.28785 0.44354 0.25754 0.45660 0.24289 0.45611 0.22439 0.51067 0.21994 0.53954 0.21772 0.57470 0.21582 0.60220 0.22026 0.62446 0.23497 0.64714 0.25391 0.66113 0.26870 0.66743 0.27979 0.65460 0.29200 0.64003
