4 0.66984 0.17556 0.68893 0.14076 0.69047 0.11636 0.68839 0.09455 0.68035 0.07886 0.66555 0.06192 0.66318 0.05989 0.65366 0.05265 0.62545 0.04374 0.62406 0.04265 0.60686 0.03885 0.59940 0.03831 0.59398 0.03819 0.58355 0.03951 0.57514 0.04436 0.56655 0.05001 0.56220 0.05325 0.55925 0.06700 0.56077 0.07683 0.55995 0.09018 0.55465 0.11153 0.55057 0.13464 0.55311 0.16609 0.56153 0.19780 0.58506 0.22100 0.61662 0.22262 0.64271 0.20339 0.66984 0.17556
4 0.20331 0.58722 0.19604 0.57106 0.19399 0.56497 0.19086 0.55187 0.18714 0.53748 0.16858 0.51927 0.15332 0.50858 0.13331 0.50738 0.11926 0.51631 0.10860 0.52817 0.08807 0.55202 0.07617 0.58427 0.07098 0.62684 0.07022 0.65765 0.09481 0.68146 0.12255 0.69208 0.14996 0.68658 0.16323 0.68205 0.18050 0.66795 0.19137 0.65494 0.19729 0.63884 0.20120 0.61665 0.20331 0.58722
4 0.52747 0.20691 0.53219 0.19579 0.53879 0.16440 0.54604 0.13546 0.55174 0.11257 0.55766 0.08823 0.55760 0.07311 0.54947 0.05495 0.53559 0.04455 0.51867 0.04235 0.49423 0.03726 0.47553 0.03874 0.45455 0.04460 0.43500 0.05388 0.41979 0.07264 0.41171 0.09427 0.41647 0.12533 0.42238 0.16532 0.42434 0.17283 0.42741 0.18287 0.42944 0.19279 0.43623 0.20354 0.44378 0.21598 0.46827 0.22430 0.50895 0.22030 0.52747 0.20691
4 0.74555 0.94493 0.78294 0.97774 0.81294 0.97347 0.82969 0.95815 0.85844 0.95128 0.87455 0.93984 0.88562 0.92268 0.89384 0.89474 0.90051 0.86014 0.90045 0.84501 0.90133 0.80939 0.90349 0.79072 0.90004 0.76466 0.89635 0.75768 0.88755 0.74657 0.88145 0.73833 0.86771 0.73035 0.86032 0.73538 0.84834 0.74205 0.83106 0.75411 0.82494 0.76098 0.79338 0.75936 0.77422 0.77587 0.76022 0.80046 0.74568 0.85828 0.74347 0.90717 0.74555 0.94493
4 0.74835 1.00000 0.73980 0.98907 0.73483 0.98545 0.72896 0.98166 0.71966 0.98140 0.69107 0.98460 0.69195 0.99025 0.69065 1.00000 0.74835 1.00000
4 0.70113 0.28280 0.72070 0.28864 0.74053 0.27703 0.77460 0.24648 0.78410 0.23543 0.78710 0.22485 0.78546 0.20628 0.77859 0.18996 0.76875 0.17550 0.75672 0.16382 0.74326 0.13923 0.73108 0.12514 0.71661 0.12498 0.70487 0.13007 0.69756 0.14067 0.68758 0.15163 0.67942 0.17008 0.66886 0.19606 0.66513 0.21445 0.66442 0.24616 0.67533 0.26398 0.70113 0.28280
4 0.74725 0.46583 0.74685 0.47454 0.74635 0.48317 0.74732 0.49606 0.74728 0.51195 0.74991 0.53391 0.77033 0.55262 0.79719 0.55969 0.82798 0.55717 0.86662 0.55843 0.88259 0.54136 0.90231 0.48206 0.90288 0.45116 0.89368 0.42965 0.87607 0.40349 0.86600 0.39060 0.85595 0.38883 0.83736 0.38716 0.81720 0.38516 0.80377 0.38440 0.79626 0.39658 0.78974 0.40893 0.78499 0.41765 0.77403 0.42127 0.76753 0.42174 0.76404 0.42268 0.75997 0.42435 0.75300 0.43668 0.74943 0.45349 0.74725 0.46583
4 0.28402 0.21726 0.26829 0.20254 0.26110 0.20050 0.24071 0.20879 0.21800 0.23023 0.20635 0.25045 0.19817 0.27523 0.18983 0.31032 0.18643 0.35422 0.22499 0.36818 0.23638 0.35908 0.25721 0.34209 0.27407 0.32917 0.28476 0.31117 0.29250 0.27992 0.29552 0.25662 0.29364 0.23640 0.28402 0.21726
4 0.80800 0.36687 0.81635 0.34368 0.82029 0.32132 0.81801 0.29786 0.81286 0.28423 0.80243 0.26966 0.79770 0.26566 0.78581 0.26279 0.76746 0.25955 0.75347 0.27137 0.74971 0.28026 0.73497 0.31505 0.73128 0.35095 0.73579 0.37164 0.74054 0.39076 0.75515 0.40606 0.76478 0.41570 0.77568 0.41840 0.78535 0.41216 0.79776 0.39129 0.80800 0.36687
4 0.77538 0.73868 0.77905 0.74572 0.83037 0.75160 0.85799 0.73342 0.86831 0.72968 0.88200 0.71059 0.88665 0.66853 0.88813 0.61150 0.88546 0.58959 0.87728 0.57148 0.87462 0.56862 0.86835 0.56429 0.86197 0.56317 0.81329 0.56653 0.80136 0.57315 0.78801 0.58113 0.77272 0.59755 0.75937 0.61825 0.74841 0.64331 0.74222 0.67245 0.73972 0.69906 0.75480 0.71761 0.75968 0.72958 0.77538 0.73868
4 0.24007 0.52823 0.25167 0.50806 0.25535 0.48720 0.25844 0.46392 0.26052 0.43645 0.25550 0.42206 0.25179 0.41269 0.23865 0.39210 0.23762 0.38869 0.22115 0.38100 0.21276 0.37953 0.20341 0.38027 0.19055 0.37645 0.17600 0.37305 0.17172 0.37313 0.15678 0.38716 0.14048 0.41212 0.13144 0.43597 0.12627 0.46206 0.12240 0.48126 0.12247 0.51150 0.13390 0.50796 0.15573 0.50942 0.16256 0.51379 0.19059 0.53862 0.20112 0.54365 0.20683 0.54465 0.21595 0.54226 0.22801 0.53489 0.24007 0.52823
4 0.41994 0.17916 0.41933 0.15839 0.41760 0.14381 0.40833 0.12545 0.40397 0.11674 0.38940 0.09828 0.38628 0.09456 0.36584 0.09968 0.34212 0.11461 0.32897 0.12818 0.31418 0.14779 0.29855 0.16893 0.28923 0.19112 0.28587 0.21597 0.29989 0.25022 0.30060 0.25196 0.31915 0.26634 0.33432 0.27541 0.35808 0.27243 0.38129 0.26380 0.40022 0.23614 0.40995 0.21163 0.41994 0.17916
4 0.11718 0.85940 0.12611 0.84837 0.14345 0.82508 0.15865 0.78314 0.16416 0.74290 0.15298 0.71805 0.14928 0.70820 0.13836 0.69941 0.12725 0.69052 0.11561 0.69205 0.10462 0.68319 0.09785 0.68199 0.07765 0.68183 0.06174 0.68363 0.04398 0.68736 0.03485 0.69489 0.02054 0.71871 0.00645 0.76772 0.00435 0.79715 0.03576 0.85304 0.04196 0.86214 0.05715 0.84648 0.06415 0.84658 0.07807 0.85590 0.09465 0.86343 0.09843 0.86409 0.11718 0.85940
