4 0.66098 0.60790 0.64722 0.61684 0.63624 0.63451 0.61651 0.66924 0.62829 0.67557 0.67040 0.68426 0.68093 0.68231 0.68932 0.66234 0.68344 0.64284 0.67865 0.62943 0.67369 0.61294 0.66913 0.60224 0.66098 0.60790
4 0.35155 0.29987 0.34075 0.26750 0.32840 0.26735 0.31731 0.27758 0.30208 0.31145 0.30281 0.34808 0.29965 0.37189 0.29674 0.40590 0.29597 0.42201 0.31269 0.42699 0.32942 0.43629 0.34061 0.43191 0.35208 0.41363 0.35988 0.34602 0.35155 0.29987
4 0.30486 0.34234 0.30540 0.31001 0.29212 0.30361 0.27372 0.30849 0.25682 0.33997 0.25749 0.38883 0.25994 0.42175 0.26475 0.45300 0.26589 0.48163 0.27424 0.48050 0.28711 0.44882 0.29153 0.43545 0.29331 0.41951 0.29726 0.37959 0.30486 0.34234
4 0.36014 0.55258 0.35467 0.55434 0.34310 0.56315 0.32942 0.58987 0.31900 0.63436 0.38660 0.63949 0.39964 0.57921 0.40353 0.56702 0.40459 0.55699 0.39948 0.55272 0.39133 0.55192 0.38130 0.55015 0.36711 0.55038 0.36014 0.55258
4 0.50797 0.47856 0.52445 0.48089 0.53879 0.48076 0.54995 0.47834 0.55762 0.47138 0.56792 0.45759 0.58037 0.43160 0.59205 0.38162 0.59477 0.35392 0.59265 0.32956 0.58836 0.30913 0.56164 0.29027 0.55912 0.28830 0.53573 0.28697 0.51848 0.29960 0.49723 0.32264 0.48706 0.35181 0.47996 0.37176 0.47538 0.39773 0.47177 0.41823 0.46673 0.44679 0.47024 0.47571 0.47093 0.47583 0.47969 0.47878 0.48854 0.47742 0.49339 0.47827 0.50797 0.47856
4 0.77231 0.45149 0.70326 0.38841 0.69937 0.41045 0.69765 0.42423 0.70759 0.49783 0.70676 0.51462 0.72537 0.54310 0.73251 0.55141 0.74135 0.54186 0.76233 0.51135 0.77192 0.48258 0.77231 0.45149
4 0.46279 0.59511 0.46282 0.57341 0.44968 0.56563 0.40992 0.56205 0.39916 0.58376 0.38593 0.64140 0.45506 0.64680 0.46279 0.59511
4 0.47036 0.35312 0.47061 0.31934 0.46896 0.29214 0.45584 0.27713 0.44359 0.26945 0.42740 0.26381 0.40919 0.25761 0.39476 0.25805 0.37757 0.27038 0.36957 0.28318 0.36174 0.34387 0.35392 0.40450 0.35304 0.43379 0.35775 0.45588 0.38643 0.46220 0.40730 0.45897 0.43488 0.46091 0.44932 0.44810 0.46215 0.40790 0.47036 0.35312
4 0.45643 0.64654 0.52738 0.65955 0.53484 0.59969 0.53244 0.58772 0.52649 0.57645 0.48205 0.57001 0.47735 0.57324 0.47409 0.57603 0.46620 0.60320 0.45643 0.64654
4 0.65393 0.48132 0.66354 0.46740 0.67248 0.44924 0.68266 0.41582 0.68630 0.39120 0.68739 0.36873 0.68792 0.36172 0.64665 0.32772 0.62590 0.34799 0.61489 0.36579 0.59710 0.38956 0.58952 0.41627 0.58492 0.44237 0.59009 0.46588 0.59977 0.47590 0.62285 0.48701 0.64370 0.49069 0.65393 0.48132
4 0.32021 0.54414 0.31555 0.54129 0.31063 0.53978 0.30509 0.54763 0.28554 0.58226 0.28327 0.58725 0.27058 0.61427 0.27653 0.62548 0.28867 0.63307 0.31905 0.63297 0.32044 0.62510 0.32369 0.60663 0.32726 0.59025 0.32897 0.56885 0.32650 0.55546 0.32021 0.54414
4 0.57950 0.59081 0.55548 0.58099 0.54502 0.58746 0.53541 0.60138 0.52783 0.66065 0.60792 0.66912 0.60844 0.66217 0.60951 0.64402 0.60953 0.63970 0.60918 0.62143 0.60648 0.61239 0.60284 0.60470 0.59848 0.59689 0.57950 0.59081
