4 0.40927 0.72077 0.41938 0.74108 0.42193 0.74670 0.42448 0.74897 0.43799 0.75686 0.46838 0.76928 0.48444 0.75572 0.48865 0.74670 0.49286 0.72191 0.49371 0.71067 0.49035 0.69036 0.48525 0.67232 0.47934 0.66103 0.47849 0.66103 0.45826 0.66103 0.45656 0.66103 0.44220 0.66217 0.43375 0.67572 0.42614 0.67794 0.41432 0.68809 0.40757 0.70613 0.40927 0.72077
4 0.82471 0.53928 0.84328 0.53814 0.85089 0.53814 0.86189 0.52237 0.86440 0.46825 0.85598 0.44572 0.85259 0.43557 0.83992 0.41639 0.82896 0.41077 0.81460 0.42093 0.80023 0.43443 0.77745 0.44572 0.77320 0.45248 0.76985 0.45814 0.76645 0.47954 0.76730 0.49644 0.78672 0.51562 0.80023 0.53026 0.81965 0.53928 0.82220 0.53928 0.82471 0.53928
4 0.85004 0.42655 0.85259 0.43783 0.85513 0.43897 0.86865 0.43443 0.87540 0.42655 0.88637 0.40402 0.89143 0.36567 0.88467 0.34428 0.86525 0.33186 0.86019 0.32845 0.84077 0.32845 0.83822 0.32959 0.82471 0.34088 0.81629 0.35217 0.80954 0.35438 0.80614 0.35438 0.79178 0.35665 0.78421 0.36119 0.77996 0.37696 0.78081 0.38598 0.79348 0.41191 0.80529 0.42655 0.82981 0.41077 0.84162 0.41753 0.85004 0.42655
4 0.25390 0.45474 0.26402 0.46825 0.27247 0.47165 0.28259 0.47392 0.30201 0.47727 0.34680 0.45814 0.35946 0.42320 0.36282 0.40402 0.35776 0.38598 0.35185 0.37134 0.34255 0.36232 0.34089 0.36232 0.32228 0.35778 0.30876 0.35892 0.29780 0.36005 0.29189 0.36119 0.27668 0.37021 0.26402 0.37809 0.25390 0.40515 0.25135 0.43222 0.25135 0.44124 0.25390 0.45474
4 0.82050 0.63737 0.82641 0.62948 0.83147 0.61144 0.83317 0.58665 0.83317 0.56748 0.82896 0.55057 0.82305 0.54041 0.81039 0.53366 0.78166 0.53366 0.77996 0.53366 0.77405 0.53366 0.76054 0.53706 0.74618 0.54943 0.73521 0.57650 0.73691 0.60583 0.74282 0.61485 0.75043 0.62495 0.74873 0.62835 0.78263 0.66340 0.80849 0.65670 0.81290 0.64979 0.82050 0.63737
4 0.76309 0.71969 0.76900 0.70840 0.77575 0.69036 0.77660 0.68134 0.77660 0.66778 0.77490 0.65541 0.76900 0.64979 0.75633 0.63175 0.73351 0.62495 0.71664 0.63175 0.70143 0.64412 0.69722 0.64979 0.68792 0.66557 0.69216 0.70387 0.70819 0.71856 0.72170 0.72644 0.74282 0.73206 0.76309 0.71969
4 0.68286 0.79521 0.70143 0.78057 0.71749 0.75572 0.71494 0.73546 0.70143 0.71067 0.69637 0.70727 0.69467 0.70500 0.67359 0.69938 0.67274 0.69938 0.65668 0.69825 0.62039 0.70954 0.60687 0.76928 0.61108 0.80309 0.63556 0.80758 0.68286 0.79521
4 0.34425 0.67345 0.35015 0.69825 0.37297 0.70954 0.39070 0.70954 0.39745 0.70052 0.40336 0.69376 0.42278 0.67907 0.42614 0.65768 0.42954 0.63964 0.43124 0.62495 0.43208 0.60356 0.43124 0.59680 0.42869 0.58325 0.42784 0.57309 0.36112 0.58665 0.34680 0.60691 0.34089 0.63175 0.34089 0.65655 0.34425 0.67345
4 0.29865 0.55505 0.30961 0.56521 0.33328 0.57536 0.35100 0.57536 0.37633 0.56407 0.38730 0.55397 0.39239 0.54943 0.41266 0.53593 0.41348 0.50887 0.40591 0.49871 0.39239 0.47727 0.38309 0.46825 0.37548 0.46263 0.37127 0.45923 0.36622 0.45814 0.35436 0.45588 0.30540 0.47840 0.29950 0.49758 0.29529 0.52691 0.29529 0.54155 0.29865 0.55505
4 0.50301 0.80650 0.52664 0.81438 0.56293 0.81552 0.58320 0.81552 0.59266 0.81186 0.60012 0.79856 0.60347 0.78959 0.60347 0.78505 0.60687 0.77376 0.60433 0.75799 0.59506 0.73546 0.58660 0.71856 0.56969 0.70954 0.55873 0.70052 0.54100 0.70613 0.51819 0.71067 0.50467 0.71969 0.49035 0.73433 0.49035 0.75686 0.49116 0.77263 0.49116 0.78505 0.50301 0.80650
4 0.23193 0.36340 0.24293 0.36907 0.26656 0.37134 0.27923 0.36680 0.30120 0.35552 0.32819 0.34088 0.33664 0.33299 0.35185 0.31381 0.35185 0.29577 0.34510 0.28340 0.31807 0.26082 0.28768 0.26082 0.27668 0.26082 0.26911 0.26309 0.24293 0.27098 0.22012 0.29129 0.22012 0.31046 0.22266 0.33639 0.22687 0.34990 0.23193 0.36340
