4 0.48228 0.40748 0.48405 0.46980 0.48581 0.51752 0.49506 0.52813 0.52500 0.53078 0.54967 0.53078 0.57257 0.52747 0.58798 0.52017 0.59150 0.48703 0.58974 0.43400 0.58357 0.39157 0.57873 0.34849 0.56816 0.32398 0.55670 0.30872 0.54130 0.30142 0.52676 0.30805 0.50915 0.32131 0.49902 0.33589 0.48405 0.37898 0.48228 0.40748
4 0.54326 0.61056 0.54498 0.61602 0.54670 0.61918 0.54880 0.62436 0.55109 0.63068 0.55395 0.63758 0.55796 0.64621 0.56045 0.65023 0.56274 0.65282 0.56732 0.65598 0.57458 0.65857 0.57935 0.65828 0.58585 0.65455 0.58776 0.64937 0.59330 0.62781 0.60036 0.59590 0.60437 0.57290 0.60781 0.54157 0.60838 0.51684 0.59311 0.51224 0.58948 0.50764 0.58757 0.52087 0.57229 0.52777 0.54345 0.53093 0.54326 0.54473 0.54078 0.59274 0.54230 0.60251 0.54326 0.61056
4 0.37598 0.62713 0.37805 0.63368 0.38080 0.64196 0.38492 0.65059 0.38767 0.65576 0.39248 0.65990 0.39753 0.66266 0.40394 0.65956 0.40807 0.65404 0.41174 0.64610 0.41449 0.63748 0.41701 0.62782 0.42136 0.61471 0.42251 0.60781 0.42365 0.59746 0.42365 0.58746 0.41724 0.53606 0.41701 0.53502 0.41701 0.53433 0.39111 0.53192 0.38698 0.52777 0.38377 0.52398 0.38080 0.52088 0.37942 0.51847 0.37873 0.51570 0.37873 0.51501 0.37713 0.51708 0.37575 0.51847 0.37507 0.51950 0.37346 0.52364 0.35742 0.52468 0.35559 0.52605 0.37094 0.60747 0.37346 0.61644 0.37530 0.62161 0.37598 0.62713
4 0.67982 0.61286 0.69910 0.64822 0.70636 0.66403 0.70961 0.66978 0.71438 0.67582 0.71897 0.68042 0.72489 0.68386 0.72794 0.67524 0.73253 0.66230 0.73616 0.64276 0.73635 0.61401 0.73406 0.59072 0.73157 0.57031 0.72794 0.55048 0.71744 0.53007 0.71114 0.51943 0.70140 0.52662 0.68688 0.52460 0.67447 0.51713 0.67637 0.52892 0.67619 0.55910 0.67275 0.60050 0.67982 0.61286
4 0.29945 0.45971 0.30098 0.49285 0.30526 0.51449 0.31138 0.52186 0.33126 0.52462 0.36215 0.52416 0.37377 0.52277 0.37958 0.51127 0.37407 0.47306 0.37591 0.42657 0.37897 0.38652 0.37193 0.37409 0.36031 0.35153 0.34991 0.33864 0.33829 0.33266 0.33126 0.33036 0.32208 0.33680 0.31291 0.34785 0.30618 0.36718 0.30067 0.41276 0.29945 0.45971
4 0.48301 0.63368 0.48530 0.64024 0.48783 0.64610 0.49172 0.65231 0.49447 0.65748 0.49905 0.66059 0.50479 0.66094 0.50800 0.65956 0.51120 0.65473 0.51510 0.64852 0.52197 0.63748 0.53550 0.60677 0.53870 0.60091 0.54077 0.59298 0.54145 0.57952 0.54214 0.56262 0.54306 0.54296 0.54329 0.53088 0.49516 0.52777 0.48553 0.51743 0.48347 0.52605 0.48278 0.52847 0.48026 0.52881 0.48187 0.54399 0.48233 0.61471 0.48255 0.62506 0.48301 0.63368
4 0.76513 0.55512 0.76826 0.56788 0.77412 0.59846 0.77589 0.62823 0.77710 0.65269 0.77854 0.65419 0.78152 0.65585 0.78495 0.65569 0.79114 0.65702 0.79689 0.65652 0.79832 0.65469 0.79888 0.65036 0.80131 0.64154 0.80230 0.63439 0.80241 0.62740 0.80352 0.61393 0.80330 0.60378 0.80296 0.59396 0.80208 0.58382 0.79976 0.57167 0.79634 0.55771 0.79213 0.54557 0.78816 0.53424 0.78407 0.52625 0.78230 0.52975 0.77345 0.53574 0.76550 0.53524 0.75467 0.53058 0.75362 0.53170 0.75804 0.53738 0.76513 0.55512
4 0.23305 0.49097 0.23688 0.51399 0.24686 0.52230 0.26024 0.52486 0.27425 0.51751 0.28976 0.51015 0.30080 0.50152 0.30102 0.49705 0.30102 0.48522 0.29932 0.46156 0.29974 0.43823 0.30059 0.40977 0.29953 0.40210 0.28828 0.39219 0.27255 0.37365 0.25748 0.35319 0.24028 0.33816 0.23348 0.34104 0.22838 0.35926 0.22519 0.39890 0.22753 0.44941 0.23305 0.49097
4 0.20641 0.53327 0.21191 0.53286 0.21823 0.52707 0.23584 0.51134 0.23501 0.50595 0.23281 0.48732 0.22731 0.45297 0.22621 0.42482 0.22456 0.39211 0.22373 0.38922 0.21961 0.38300 0.21521 0.37804 0.20888 0.36976 0.20421 0.36645 0.20036 0.36976 0.19706 0.37680 0.19183 0.38715 0.18716 0.40908 0.18496 0.43807 0.18743 0.46911 0.19101 0.49726 0.19458 0.51548 0.19788 0.52334 0.20063 0.52955 0.20641 0.53327
4 0.31227 0.64955 0.32327 0.65576 0.33060 0.65783 0.34206 0.65576 0.35100 0.65024 0.35833 0.64128 0.36567 0.63058 0.36911 0.61712 0.37002 0.60608 0.36178 0.56055 0.35604 0.52571 0.32258 0.52433 0.31158 0.52088 0.30448 0.51398 0.30196 0.50087 0.29370 0.50708 0.29325 0.51018 0.29256 0.53330 0.29462 0.57849 0.30241 0.61678 0.31227 0.64955
4 0.60514 0.59043 0.60705 0.59935 0.60972 0.60510 0.61411 0.61142 0.62080 0.61976 0.62443 0.62608 0.63207 0.63356 0.63990 0.63729 0.65021 0.63988 0.65709 0.63902 0.66263 0.63528 0.66797 0.62551 0.67179 0.60998 0.67427 0.58641 0.67657 0.55939 0.67676 0.54329 0.67657 0.52949 0.67447 0.51713 0.66816 0.51282 0.66301 0.50965 0.65842 0.50649 0.65747 0.50506 0.65499 0.51138 0.63646 0.51828 0.60819 0.51684 0.60800 0.54128 0.60437 0.57836 0.60418 0.58411 0.60514 0.59043
4 0.43442 0.63196 0.43740 0.64093 0.44016 0.64921 0.44405 0.65645 0.44795 0.66197 0.45230 0.66715 0.45665 0.66990 0.46055 0.67059 0.46560 0.66887 0.46972 0.66404 0.47270 0.65404 0.47614 0.64576 0.47797 0.63644 0.47866 0.62644 0.47957 0.61609 0.48072 0.60712 0.48118 0.59677 0.48095 0.58504 0.48095 0.57331 0.48095 0.56020 0.48141 0.54675 0.48026 0.52881 0.46605 0.53192 0.43878 0.53399 0.41678 0.53433 0.42549 0.59470 0.42709 0.60608 0.43167 0.62092 0.43442 0.63196
4 0.23755 0.60436 0.23755 0.61506 0.23801 0.62540 0.24076 0.63748 0.24283 0.64783 0.24580 0.65783 0.24878 0.66473 0.25199 0.67128 0.25727 0.67784 0.26185 0.67991 0.26506 0.67991 0.26850 0.67163 0.27445 0.64024 0.27973 0.61471 0.28385 0.59988 0.28935 0.58849 0.29370 0.58263 0.29370 0.56779 0.29210 0.53778 0.29279 0.51639 0.29302 0.50915 0.27629 0.51743 0.25956 0.52468 0.24351 0.52191 0.23985 0.54847 0.23801 0.56641 0.23733 0.57608 0.23755 0.60436
4 0.73637 0.64258 0.73262 0.66320 0.72985 0.67102 0.72864 0.67585 0.72908 0.68267 0.72908 0.68566 0.72996 0.68932 0.73107 0.69199 0.73405 0.69515 0.73483 0.69615 0.73737 0.69864 0.74002 0.69964 0.74345 0.69980 0.74599 0.69964 0.75019 0.69814 0.75406 0.69598 0.75792 0.69315 0.76080 0.68982 0.76334 0.68666 0.76533 0.68433 0.76854 0.68200 0.77053 0.68051 0.77285 0.67834 0.77417 0.67601 0.77594 0.66104 0.77649 0.64790 0.77594 0.63309 0.77395 0.59949 0.76854 0.57021 0.76533 0.55623 0.76146 0.54559 0.75859 0.53843 0.75605 0.53411 0.75372 0.53211 0.75141 0.53327 0.74400 0.53577 0.73350 0.53627 0.71858 0.53228 0.72775 0.55024 0.73184 0.57071 0.73626 0.61446 0.73637 0.64258
4 0.74445 0.53530 0.75241 0.53266 0.75766 0.52308 0.76307 0.49122 0.76546 0.47085 0.76610 0.44235 0.76610 0.42342 0.76498 0.40450 0.76291 0.38605 0.76084 0.36760 0.75671 0.35203 0.75161 0.33934 0.75034 0.33574 0.74461 0.34916 0.73729 0.36257 0.72933 0.38198 0.72694 0.38964 0.72647 0.39348 0.72854 0.40857 0.72965 0.44235 0.72710 0.48068 0.72074 0.50679 0.71119 0.51853 0.71867 0.53219 0.72663 0.53434 0.73363 0.53601 0.74445 0.53530
4 0.58418 0.39895 0.58969 0.43577 0.59122 0.48042 0.58938 0.50713 0.59366 0.51265 0.61079 0.51771 0.63709 0.51771 0.65483 0.51219 0.65880 0.49608 0.66309 0.46938 0.66400 0.43163 0.65697 0.38744 0.65330 0.36672 0.64841 0.34601 0.63005 0.31379 0.62241 0.30963 0.61507 0.31101 0.61018 0.31424 0.60436 0.32299 0.59366 0.34370 0.57990 0.35982 0.58418 0.39895
4 0.78209 0.52984 0.78858 0.51920 0.79068 0.50080 0.79240 0.45480 0.79221 0.43095 0.78954 0.40507 0.78515 0.37604 0.78113 0.35850 0.77923 0.35160 0.77674 0.34614 0.76872 0.33809 0.76738 0.33780 0.76452 0.33694 0.76127 0.33665 0.75917 0.33924 0.75611 0.34470 0.75611 0.34873 0.75669 0.35390 0.76070 0.36713 0.76490 0.40335 0.76643 0.42375 0.76547 0.47004 0.76280 0.49390 0.75802 0.52294 0.75459 0.53012 0.75917 0.53271 0.76547 0.53530 0.77330 0.53559 0.78209 0.52984
4 0.65269 0.36534 0.65636 0.38744 0.66186 0.42288 0.66400 0.44176 0.66309 0.47076 0.65758 0.49884 0.66339 0.50621 0.67654 0.51818 0.68786 0.52462 0.70131 0.52692 0.71049 0.51909 0.72089 0.50621 0.72700 0.48042 0.72945 0.44314 0.72823 0.40677 0.72211 0.35752 0.71905 0.33312 0.71263 0.32069 0.70376 0.31747 0.69612 0.32115 0.68633 0.32897 0.67501 0.34370 0.65942 0.36258 0.65269 0.36534
4 0.20043 0.61816 0.20226 0.63886 0.21532 0.64886 0.21922 0.64990 0.22037 0.65162 0.22541 0.64748 0.22908 0.63955 0.23205 0.63092 0.23549 0.62437 0.23755 0.61678 0.23755 0.59194 0.23801 0.56572 0.24099 0.53847 0.24283 0.52536 0.24351 0.52019 0.23847 0.51605 0.23618 0.51329 0.22976 0.51708 0.22266 0.52191 0.21808 0.52674 0.21280 0.52950 0.20845 0.53226 0.20478 0.53261 0.20226 0.55020 0.19997 0.57400 0.19974 0.59781 0.20043 0.61816
4 0.37483 0.47444 0.37967 0.51951 0.39156 0.53211 0.43648 0.53410 0.46511 0.53211 0.48273 0.52747 0.48537 0.51355 0.48405 0.44991 0.48052 0.39621 0.46423 0.35246 0.45410 0.33059 0.44353 0.31799 0.43076 0.31402 0.41710 0.31269 0.40301 0.32263 0.38980 0.33523 0.38011 0.37235 0.37615 0.42074 0.37483 0.47444
