4 0.40030 0.46220 0.40144 0.45590 0.40395 0.43853 0.40362 0.43206 0.39991 0.42447 0.39628 0.41438 0.39252 0.40535 0.38620 0.40189 0.38173 0.39989 0.37876 0.40274 0.36997 0.41024 0.36059 0.47447 0.35922 0.48555 0.36083 0.49379 0.37201 0.49731 0.37939 0.49821 0.38477 0.49405 0.39221 0.48532 0.39607 0.47829 0.39841 0.46839 0.40030 0.46220
4 0.44440 0.42635 0.43982 0.42096 0.43504 0.41716 0.42438 0.41853 0.41827 0.42260 0.41482 0.42325 0.40974 0.42798 0.40514 0.43492 0.40136 0.45965 0.40157 0.48540 0.40869 0.49752 0.41389 0.51317 0.42747 0.51537 0.43848 0.51726 0.44455 0.51050 0.44402 0.48739 0.44853 0.43543 0.44440 0.42635
4 0.38030 0.32705 0.37729 0.33600 0.37193 0.38572 0.38701 0.40017 0.40509 0.40239 0.41592 0.35168 0.41897 0.32687 0.40502 0.31910 0.39224 0.31699 0.38348 0.31978 0.38030 0.32705
4 0.35475 0.47322 0.35898 0.47534 0.36893 0.40957 0.37839 0.40270 0.37061 0.38674 0.36214 0.38248 0.34553 0.37133 0.33870 0.38121 0.33604 0.39375 0.33468 0.40483 0.33564 0.41835 0.33601 0.42751 0.33663 0.44688 0.33701 0.45603 0.34224 0.46525 0.34561 0.46834 0.35475 0.47322
4 0.65262 0.47104 0.65283 0.45837 0.65406 0.44834 0.65382 0.44724 0.65013 0.44678 0.64607 0.44628 0.64225 0.44689 0.63856 0.44643 0.63383 0.44532 0.62398 0.44625 0.61973 0.44734 0.62032 0.45170 0.61802 0.46428 0.61333 0.48728 0.61392 0.50075 0.61529 0.50789 0.62612 0.50814 0.63274 0.50306 0.63788 0.49780 0.64547 0.49391 0.65037 0.48631 0.65262 0.47104
4 0.62264 0.44346 0.63377 0.44461 0.64050 0.44169 0.64336 0.43668 0.64788 0.40931 0.65212 0.39338 0.65442 0.38107 0.65370 0.37439 0.65030 0.36797 0.63420 0.36487 0.63304 0.37737 0.62315 0.38929 0.61302 0.40010 0.61209 0.40765 0.60861 0.43295 0.60879 0.43790 0.60983 0.43857 0.61242 0.43947 0.61319 0.44230 0.62264 0.44346
4 0.57899 0.48628 0.57595 0.48055 0.57432 0.47552 0.57071 0.47133 0.56800 0.46296 0.56315 0.45968 0.55540 0.45873 0.54672 0.45927 0.54364 0.45997 0.54078 0.46498 0.53319 0.50852 0.53547 0.51738 0.54042 0.52281 0.55260 0.52430 0.56351 0.52082 0.56770 0.52026 0.57091 0.51851 0.57523 0.51690 0.57728 0.50322 0.57899 0.48628
4 0.44972 0.34881 0.44766 0.34089 0.41904 0.32752 0.41569 0.35176 0.40717 0.39616 0.40647 0.40486 0.42551 0.41213 0.44066 0.41345 0.44867 0.39798 0.45190 0.38413 0.45257 0.37874 0.45153 0.36216 0.44972 0.34881
4 0.60490 0.51626 0.60709 0.51063 0.61328 0.49371 0.61536 0.47681 0.61746 0.46582 0.61804 0.46106 0.61802 0.45517 0.61730 0.45186 0.61699 0.45129 0.58852 0.44833 0.57815 0.46260 0.57708 0.47747 0.57869 0.48571 0.57875 0.49429 0.57715 0.50428 0.57838 0.51568 0.57792 0.51937 0.59652 0.51737 0.59689 0.51742 0.60490 0.51626
4 0.49115 0.51837 0.49252 0.51639 0.49257 0.49764 0.49814 0.43402 0.49375 0.42705 0.48830 0.42263 0.47982 0.42158 0.47367 0.41976 0.47257 0.41962 0.45987 0.42235 0.45282 0.42792 0.44896 0.43494 0.44570 0.46455 0.44421 0.48581 0.44437 0.49976 0.44455 0.51050 0.45165 0.51673 0.47021 0.52115 0.48054 0.52242 0.48818 0.52122 0.49115 0.51837
4 0.67767 0.39336 0.67647 0.38785 0.67187 0.38568 0.66787 0.38465 0.66401 0.39168 0.66289 0.39476 0.65966 0.39972 0.65300 0.40212 0.64967 0.40171 0.64796 0.40954 0.64526 0.41939 0.64552 0.42639 0.64630 0.42916 0.65527 0.43241 0.66341 0.43019 0.66917 0.42286 0.67125 0.41508 0.67388 0.40897 0.67767 0.39336
4 0.35393 0.32917 0.34832 0.35683 0.35352 0.36851 0.36030 0.38043 0.37073 0.38091 0.37351 0.36705 0.37550 0.35545 0.37683 0.34458 0.37798 0.33523 0.38094 0.32455 0.35393 0.32917
4 0.65165 0.44054 0.64659 0.44206 0.64152 0.44680 0.65419 0.44728 0.65085 0.48974 0.65777 0.48523 0.66397 0.47742 0.67039 0.46481 0.67175 0.45373 0.67155 0.44620 0.66966 0.44329 0.66610 0.44178 0.65731 0.44016 0.65165 0.44054
4 0.53931 0.43425 0.52863 0.42972 0.52403 0.42755 0.51558 0.42008 0.51202 0.41857 0.49965 0.42777 0.49700 0.44942 0.49430 0.47749 0.49227 0.49707 0.49337 0.51864 0.50307 0.52197 0.52223 0.51843 0.53251 0.50790 0.54173 0.46027 0.54381 0.44337 0.53931 0.43425
4 0.61179 0.40708 0.61459 0.39370 0.61591 0.38293 0.61522 0.36967 0.61615 0.36212 0.61556 0.35770 0.60001 0.35960 0.58512 0.37476 0.57493 0.38937 0.56860 0.40339 0.56683 0.42728 0.57407 0.43364 0.58675 0.43959 0.59894 0.44002 0.60644 0.43815 0.60976 0.42050 0.61179 0.40708
