4 0.37264 0.51292 0.38007 0.51292 0.38491 0.50814 0.39123 0.49856 0.39420 0.49112 0.39532 0.48101 0.39643 0.47463 0.39680 0.46825 0.39718 0.45069 0.39606 0.44431 0.39145 0.43723 0.38662 0.42766 0.38178 0.41915 0.37509 0.41649 0.37041 0.41505 0.36781 0.41825 0.36000 0.42675 0.35851 0.49165 0.35851 0.50282 0.36112 0.51080 0.37264 0.51292
4 0.41613 0.52356 0.42989 0.52410 0.44104 0.52463 0.44625 0.51718 0.44290 0.49431 0.44104 0.44218 0.43584 0.43367 0.43063 0.42888 0.42543 0.42569 0.41502 0.42835 0.40944 0.43314 0.40610 0.43420 0.40164 0.43952 0.39792 0.44697 0.39718 0.47197 0.40052 0.49750 0.40907 0.50867 0.41613 0.52356
4 0.39390 0.41468 0.39848 0.36303 0.39848 0.33803 0.38368 0.33202 0.37074 0.33149 0.36238 0.33532 0.36011 0.34293 0.35822 0.35218 0.35896 0.40218 0.37569 0.41468 0.39390 0.41468
4 0.32691 0.43899 0.32840 0.44803 0.33138 0.46718 0.33286 0.47622 0.33918 0.48473 0.34290 0.48739 0.35257 0.49112 0.35703 0.49271 0.35888 0.42622 0.36743 0.41825 0.35777 0.40335 0.34885 0.40016 0.33100 0.39112 0.32543 0.40175 0.32431 0.41452 0.32431 0.42569 0.32691 0.43899
4 0.61539 0.49378 0.62617 0.49271 0.63212 0.48686 0.63658 0.48101 0.64364 0.47622 0.64758 0.46808 0.64795 0.45266 0.64662 0.44005 0.64662 0.42995 0.64625 0.42888 0.64253 0.42888 0.63844 0.42888 0.63472 0.42995 0.63100 0.42995 0.62617 0.42942 0.61651 0.43154 0.61242 0.43314 0.61353 0.43739 0.61279 0.45016 0.61093 0.47356 0.61316 0.48686 0.61539 0.49378
4 0.60000 0.39468 0.59963 0.42021 0.60041 0.42511 0.60152 0.42564 0.60420 0.42622 0.60532 0.42894 0.61483 0.42894 0.62602 0.42872 0.63234 0.42500 0.63457 0.41968 0.63572 0.39197 0.63799 0.37564 0.63877 0.36314 0.63725 0.35660 0.63309 0.35064 0.61673 0.34952 0.61710 0.36208 0.60874 0.37511 0.60000 0.38708 0.60000 0.39468
4 0.55517 0.51771 0.56558 0.51292 0.56967 0.51186 0.57264 0.50973 0.57673 0.50761 0.57710 0.49378 0.57673 0.47675 0.57301 0.47144 0.57078 0.46665 0.56669 0.46292 0.56297 0.45495 0.55777 0.45229 0.54996 0.45229 0.54141 0.45388 0.53844 0.45495 0.53621 0.46027 0.53398 0.50442 0.53732 0.51292 0.54290 0.51771 0.55517 0.51771
4 0.41535 0.42186 0.43056 0.42133 0.43662 0.40500 0.43814 0.39085 0.43814 0.38543 0.43509 0.36910 0.43167 0.35606 0.42866 0.34846 0.39863 0.33867 0.39825 0.36314 0.39520 0.40825 0.39558 0.41697 0.41535 0.42186
4 0.57747 0.48473 0.57710 0.49484 0.57970 0.50601 0.57970 0.50973 0.59792 0.50548 0.59829 0.50548 0.60610 0.50335 0.60758 0.49750 0.61167 0.47995 0.61167 0.46292 0.61242 0.45175 0.61242 0.44697 0.61167 0.44112 0.61056 0.43793 0.61019 0.43739 0.58156 0.43793 0.57301 0.45335 0.57375 0.46825 0.57636 0.47622 0.57747 0.48473
4 0.44476 0.50654 0.44625 0.51718 0.45405 0.52250 0.47301 0.52463 0.48342 0.52463 0.49085 0.52250 0.49346 0.51931 0.49457 0.51718 0.49234 0.49856 0.49011 0.43473 0.48491 0.42835 0.47896 0.42463 0.47041 0.42463 0.46409 0.42356 0.46297 0.42356 0.45071 0.42782 0.44439 0.43420 0.44141 0.44165 0.44178 0.47144 0.44290 0.49271 0.44476 0.50654
4 0.63658 0.41186 0.64587 0.41399 0.65368 0.41080 0.65851 0.40282 0.65963 0.39484 0.66149 0.38846 0.66335 0.37250 0.66149 0.36718 0.65665 0.36558 0.65257 0.36505 0.64959 0.37250 0.64885 0.37569 0.64625 0.38101 0.63993 0.38420 0.63658 0.38420 0.63584 0.39218 0.63435 0.40229 0.63546 0.40920 0.63658 0.41186
4 0.35718 0.39755 0.35825 0.38346 0.35881 0.37170 0.35881 0.36075 0.35881 0.35133 0.36045 0.34037 0.33420 0.34825 0.33201 0.37638 0.33859 0.38734 0.34677 0.39835 0.35718 0.39755
4 0.66483 0.44431 0.66483 0.43314 0.66372 0.42569 0.66149 0.42303 0.65777 0.42197 0.64885 0.42144 0.64327 0.42250 0.63844 0.42463 0.63398 0.42995 0.64662 0.42888 0.64848 0.47144 0.65480 0.46612 0.66000 0.45761 0.66483 0.44431
4 0.49569 0.51931 0.50572 0.52144 0.52431 0.51558 0.53323 0.50388 0.53658 0.45548 0.53658 0.43846 0.53100 0.42995 0.51985 0.42675 0.51502 0.42516 0.50572 0.41878 0.50201 0.41771 0.49085 0.42835 0.49085 0.45016 0.49160 0.47835 0.49197 0.49803 0.49569 0.51931
4 0.55747 0.41968 0.56543 0.42511 0.57874 0.42947 0.59089 0.42840 0.59810 0.42564 0.59926 0.40771 0.59963 0.39415 0.60078 0.38053 0.60078 0.36968 0.59848 0.35660 0.59848 0.34899 0.59736 0.34468 0.58216 0.34846 0.56922 0.36532 0.56089 0.38106 0.55632 0.39575 0.55747 0.41968
