4 0.70801 0.52202 0.71093 0.52648 0.71607 0.53470 0.72103 0.54211 0.72627 0.54819 0.72973 0.55253 0.74018 0.55920 0.74804 0.56303 0.75540 0.56316 0.76080 0.56201 0.76873 0.55948 0.77551 0.55423 0.78047 0.55233 0.78404 0.54522 0.78404 0.52533 0.78354 0.48185 0.78239 0.46050 0.78157 0.44206 0.78071 0.42870 0.77949 0.41499 0.77707 0.40492 0.77111 0.38884 0.76660 0.38091 0.76289 0.37408 0.75888 0.37113 0.75558 0.36886 0.75163 0.38748 0.73894 0.40076 0.72161 0.41079 0.70761 0.40996 0.69990 0.40821 0.69569 0.40699 0.68601 0.40524 0.67901 0.40418 0.68211 0.41876 0.68274 0.42836 0.68351 0.44259 0.68351 0.45190 0.68805 0.46659 0.69495 0.48713 0.69852 0.49992 0.70229 0.50970 0.70519 0.51670 0.70801 0.52202
4 0.24171 0.49441 0.25086 0.48433 0.24095 0.46746 0.22960 0.43531 0.22693 0.39725 0.22170 0.38751 0.20661 0.37175 0.18360 0.34004 0.17379 0.32790 0.15913 0.31204 0.14030 0.31063 0.12972 0.32032 0.12012 0.33253 0.11792 0.38382 0.11828 0.45355 0.12419 0.48347 0.14009 0.50516 0.16775 0.53113 0.18534 0.54163 0.20799 0.53343 0.22091 0.51983 0.24171 0.49441
4 0.60957 0.52517 0.61228 0.53391 0.61464 0.54102 0.61690 0.54901 0.62009 0.55341 0.62527 0.55654 0.62900 0.56082 0.63552 0.56494 0.63984 0.56402 0.64661 0.56004 0.65150 0.55519 0.65659 0.54861 0.66308 0.53665 0.66772 0.52001 0.67227 0.50295 0.67238 0.49150 0.67292 0.48208 0.67654 0.46861 0.67940 0.46081 0.68195 0.44757 0.68297 0.43381 0.68192 0.42092 0.67979 0.40825 0.67805 0.40270 0.66682 0.40297 0.65517 0.40121 0.64797 0.39258 0.64769 0.40322 0.64709 0.40970 0.64407 0.41669 0.64233 0.42045 0.62564 0.42823 0.60620 0.43363 0.57756 0.44225 0.57728 0.44358 0.57922 0.45671 0.58022 0.46539 0.58113 0.47366 0.58334 0.47742 0.58522 0.47829 0.59074 0.48304 0.59497 0.49230 0.59911 0.50116 0.60368 0.51203 0.60957 0.52517
4 0.17304 0.65586 0.16394 0.61880 0.15900 0.59364 0.15832 0.56941 0.15835 0.55234 0.15947 0.54235 0.14670 0.55299 0.12945 0.57311 0.12792 0.59842 0.12953 0.63464 0.13636 0.66488 0.13912 0.67404 0.14225 0.68496 0.14593 0.69271 0.15300 0.69730 0.15901 0.69115 0.16889 0.67076 0.17304 0.65586
4 0.83346 0.53806 0.84128 0.54499 0.84887 0.55146 0.85845 0.55725 0.86631 0.55973 0.86894 0.55671 0.87108 0.54991 0.87054 0.54194 0.86980 0.53622 0.86989 0.52812 0.87186 0.51204 0.87201 0.50109 0.87009 0.47610 0.86468 0.44932 0.85615 0.41981 0.85212 0.40882 0.84825 0.39991 0.84587 0.39534 0.84240 0.39227 0.83864 0.39053 0.82206 0.38686 0.80548 0.38318 0.79807 0.37883 0.78697 0.37442 0.78597 0.37633 0.78187 0.38228 0.77705 0.38880 0.77334 0.39256 0.77580 0.40041 0.77982 0.41551 0.78019 0.43037 0.78231 0.45413 0.78356 0.47545 0.79049 0.48574 0.80159 0.50027 0.82260 0.52691 0.83346 0.53806
4 0.07689 0.57115 0.08210 0.56700 0.08181 0.56402 0.07706 0.55283 0.07021 0.53652 0.06095 0.51208 0.05029 0.47625 0.04603 0.47056 0.03703 0.46485 0.02341 0.45810 0.01011 0.45128 0.00485 0.44884 0.00712 0.45953 0.00953 0.46765 0.02295 0.49578 0.03753 0.52772 0.05094 0.55737 0.05347 0.56293 0.06044 0.56703 0.06860 0.57038 0.07689 0.57115
4 0.72012 0.41397 0.73542 0.40177 0.74968 0.38979 0.75503 0.37158 0.75051 0.33757 0.73934 0.29522 0.72432 0.25775 0.71045 0.22817 0.68905 0.20913 0.66918 0.21254 0.66145 0.22720 0.64814 0.24873 0.63891 0.27672 0.62970 0.30226 0.62638 0.30703 0.63301 0.33571 0.64367 0.37817 0.65330 0.40052 0.67002 0.40266 0.70225 0.40638 0.72012 0.41397
4 0.10326 0.53690 0.11209 0.54976 0.11910 0.56046 0.12669 0.56748 0.13065 0.57019 0.14045 0.55897 0.14937 0.54996 0.15730 0.54269 0.16115 0.53527 0.16037 0.52527 0.14692 0.51137 0.12944 0.49122 0.12530 0.48448 0.12027 0.46879 0.11696 0.45325 0.11650 0.44471 0.11624 0.43867 0.10180 0.42650 0.08610 0.41156 0.07840 0.40558 0.07164 0.40245 0.06846 0.40820 0.07032 0.41695 0.07094 0.41986 0.07129 0.42791 0.07171 0.44102 0.07329 0.45643 0.07707 0.46782 0.08792 0.49497 0.09284 0.51017 0.09800 0.52330 0.10326 0.53690
4 0.92797 0.36393 0.92652 0.33497 0.92529 0.31371 0.92254 0.29525 0.91807 0.27751 0.91500 0.26864 0.91207 0.26256 0.90750 0.26212 0.90328 0.26549 0.89776 0.27266 0.89312 0.28070 0.89366 0.28658 0.89617 0.29839 0.89662 0.32263 0.89398 0.36551 0.89272 0.38059 0.88596 0.40742 0.88729 0.40925 0.89152 0.41365 0.89837 0.41712 0.90739 0.42085 0.91180 0.42168 0.91613 0.42217 0.91898 0.42121 0.92546 0.40855 0.92765 0.39891 0.92875 0.38528 0.92797 0.36393
4 0.36069 0.60177 0.36661 0.60305 0.37398 0.60191 0.37614 0.60145 0.38138 0.59822 0.38546 0.59354 0.38822 0.58661 0.38901 0.57840 0.39028 0.56712 0.38953 0.56094 0.38936 0.55082 0.38845 0.54255 0.38844 0.53324 0.39000 0.52063 0.39439 0.51208 0.39632 0.50659 0.39681 0.50226 0.39546 0.49323 0.39215 0.48166 0.38837 0.47316 0.36706 0.46584 0.36268 0.46380 0.35700 0.45697 0.35205 0.46818 0.33820 0.48001 0.31365 0.49327 0.30105 0.49637 0.30788 0.50592 0.31795 0.51352 0.32429 0.52741 0.32996 0.54609 0.33244 0.55911 0.33291 0.56662 0.33981 0.57785 0.35010 0.59175 0.35534 0.59783 0.36069 0.60177
4 0.46561 0.46172 0.49210 0.45880 0.50135 0.45345 0.50170 0.43169 0.49291 0.38612 0.48378 0.34740 0.47058 0.31293 0.44974 0.28076 0.42678 0.25989 0.40214 0.25022 0.38385 0.25343 0.36306 0.26191 0.34809 0.28000 0.34058 0.31345 0.33772 0.35947 0.34037 0.39957 0.34752 0.43532 0.36220 0.46405 0.39290 0.47244 0.41359 0.47414 0.43679 0.46852 0.46561 0.46172
4 0.19642 0.70106 0.19839 0.70106 0.20199 0.70072 0.20492 0.69460 0.20786 0.68720 0.21358 0.67032 0.21971 0.64871 0.22531 0.63525 0.23162 0.62248 0.23638 0.61300 0.23865 0.60109 0.23628 0.56605 0.23677 0.55113 0.23738 0.54338 0.23714 0.53031 0.23755 0.52557 0.23281 0.52319 0.22726 0.52099 0.22332 0.51971 0.22189 0.51959 0.21662 0.52536 0.20784 0.53316 0.18405 0.54202 0.16450 0.52967 0.16179 0.53152 0.15876 0.54909 0.15789 0.56493 0.15946 0.58957 0.16005 0.60298 0.16765 0.63607 0.17412 0.65586 0.18104 0.67386 0.19048 0.69301 0.19374 0.69909 0.19642 0.70106
4 0.64815 0.39674 0.63674 0.34305 0.61913 0.28824 0.58937 0.24007 0.56325 0.21148 0.53718 0.21132 0.51423 0.23084 0.49701 0.26459 0.48543 0.32235 0.48630 0.35957 0.50489 0.43939 0.51670 0.44908 0.58108 0.44080 0.63218 0.42615 0.64451 0.41784 0.64815 0.39674
4 0.10903 0.68160 0.11951 0.67470 0.12738 0.66656 0.13390 0.65574 0.12960 0.63461 0.12818 0.59288 0.12889 0.57686 0.12875 0.57160 0.12746 0.56923 0.12653 0.56855 0.12391 0.56910 0.11642 0.57628 0.11091 0.57892 0.10428 0.58092 0.09904 0.58115 0.08672 0.57113 0.08333 0.56715 0.07982 0.56907 0.07630 0.57188 0.07369 0.58539 0.07393 0.60588 0.07537 0.63203 0.07887 0.65215 0.08528 0.68047 0.08854 0.68569 0.09477 0.68642 0.10539 0.68475 0.10903 0.68160
4 0.89775 0.53653 0.90484 0.54666 0.91061 0.55390 0.91345 0.55400 0.91366 0.54726 0.91115 0.50335 0.90487 0.47824 0.89538 0.45239 0.88674 0.43166 0.87827 0.41724 0.87382 0.41289 0.86906 0.40932 0.86504 0.40700 0.85590 0.40048 0.85107 0.39657 0.84645 0.39473 0.84681 0.39642 0.84915 0.40191 0.85596 0.41845 0.86473 0.44868 0.87074 0.47915 0.87230 0.50527 0.87347 0.50748 0.88524 0.52191 0.89775 0.53653
4 0.43909 0.58265 0.44239 0.58491 0.45044 0.58828 0.45573 0.58927 0.46327 0.59021 0.46848 0.58953 0.47388 0.58838 0.47749 0.58676 0.48266 0.58059 0.48389 0.57440 0.48434 0.56457 0.48469 0.55561 0.48506 0.54410 0.48696 0.53312 0.48816 0.52017 0.49095 0.50942 0.49166 0.50080 0.49041 0.48964 0.48793 0.47663 0.48595 0.46731 0.48440 0.46002 0.46174 0.46357 0.41415 0.47326 0.39179 0.47294 0.38953 0.47426 0.39795 0.49660 0.40838 0.52443 0.41496 0.54080 0.41726 0.54497 0.42088 0.55140 0.42529 0.56019 0.42900 0.56702 0.43218 0.57270 0.43536 0.57837 0.43909 0.58265
4 0.12530 0.56797 0.11901 0.56068 0.10444 0.53991 0.09295 0.51289 0.08824 0.49713 0.08267 0.48207 0.07708 0.46853 0.07203 0.45589 0.06861 0.45255 0.06292 0.44970 0.05799 0.44719 0.04864 0.44461 0.04528 0.44634 0.04852 0.46952 0.05206 0.48299 0.06054 0.51013 0.07462 0.54929 0.08456 0.56902 0.09975 0.58153 0.10548 0.57981 0.11521 0.57621 0.12530 0.56797
4 0.92723 0.51334 0.93386 0.51532 0.94068 0.51556 0.94465 0.51430 0.95301 0.51252 0.95852 0.50923 0.96215 0.50508 0.96169 0.49628 0.96037 0.48345 0.95814 0.47292 0.95702 0.46765 0.95397 0.45730 0.95092 0.44694 0.94592 0.43404 0.94108 0.42322 0.93746 0.41680 0.93122 0.40204 0.92891 0.39914 0.92853 0.40134 0.92787 0.40486 0.92494 0.41099 0.92058 0.41700 0.91703 0.42156 0.91317 0.42196 0.90707 0.42114 0.89965 0.41806 0.89509 0.41522 0.89107 0.41354 0.88725 0.40885 0.88489 0.41104 0.88085 0.41190 0.87652 0.41282 0.87445 0.41368 0.87838 0.41623 0.88739 0.43209 0.90459 0.47583 0.91161 0.50355 0.91214 0.50470 0.91373 0.50690 0.91685 0.50963 0.92231 0.51143 0.92723 0.51334
4 0.26749 0.68252 0.27650 0.67976 0.28545 0.67278 0.29290 0.66400 0.29884 0.65216 0.31078 0.62338 0.31384 0.61258 0.32102 0.59455 0.32597 0.58333 0.33129 0.57120 0.33239 0.55912 0.32770 0.54107 0.32228 0.52487 0.32010 0.51856 0.31575 0.51271 0.31014 0.50756 0.30185 0.50170 0.29516 0.49678 0.27898 0.49768 0.25189 0.48566 0.23929 0.49807 0.23805 0.52542 0.23690 0.55317 0.23858 0.58498 0.23919 0.61575 0.24377 0.64525 0.24899 0.66318 0.25216 0.67012 0.25598 0.67481 0.25981 0.67823 0.26749 0.68252
4 0.34195 0.47716 0.35109 0.46913 0.35595 0.45589 0.34610 0.43291 0.33962 0.40244 0.33910 0.36595 0.33805 0.35465 0.32565 0.34306 0.30913 0.32488 0.29372 0.31189 0.28025 0.30799 0.26165 0.31194 0.24775 0.32302 0.23687 0.33346 0.22941 0.34725 0.22649 0.36752 0.22591 0.39882 0.23002 0.43725 0.24322 0.47172 0.25544 0.48674 0.28007 0.49845 0.31247 0.49360 0.34195 0.47716
4 0.80731 0.38397 0.81687 0.38584 0.84078 0.39019 0.85234 0.36984 0.86124 0.34819 0.86725 0.32341 0.87160 0.29516 0.86433 0.26987 0.84062 0.22311 0.80985 0.16711 0.79924 0.14960 0.78038 0.14044 0.76462 0.15403 0.75452 0.18302 0.74925 0.21179 0.74422 0.25189 0.73799 0.29144 0.74711 0.33179 0.75420 0.36769 0.76931 0.37505 0.77498 0.37084 0.79293 0.37523 0.80731 0.38397
4 0.87731 0.41252 0.88011 0.41108 0.88514 0.41086 0.88957 0.39722 0.89299 0.37745 0.89437 0.35473 0.89619 0.32217 0.89544 0.29609 0.89193 0.27822 0.88556 0.25757 0.87875 0.23616 0.87556 0.23176 0.87440 0.23158 0.87126 0.23141 0.86641 0.23117 0.86083 0.23278 0.85488 0.23531 0.85243 0.23710 0.84961 0.24108 0.85622 0.25491 0.86424 0.27141 0.87121 0.29490 0.86920 0.31860 0.86008 0.35270 0.84186 0.39043 0.84400 0.39252 0.84686 0.39403 0.84901 0.39484 0.85480 0.39953 0.86185 0.40481 0.86569 0.40695 0.86801 0.40858 0.87273 0.41223 0.87425 0.41275 0.87596 0.41281 0.87731 0.41252
4 0.51375 0.53039 0.51560 0.53380 0.51824 0.53959 0.52142 0.54526 0.52628 0.55354 0.53181 0.55829 0.53332 0.56009 0.53742 0.56345 0.54170 0.56634 0.54645 0.56745 0.54949 0.56850 0.55645 0.56405 0.56154 0.55747 0.56665 0.54834 0.56780 0.54048 0.56924 0.53002 0.57050 0.52002 0.57179 0.50747 0.57279 0.49625 0.57486 0.48608 0.57612 0.47608 0.57772 0.46770 0.57833 0.45995 0.57830 0.45318 0.57781 0.44821 0.57624 0.44347 0.57535 0.44196 0.54756 0.44660 0.51737 0.44921 0.50452 0.44051 0.50164 0.43097 0.50185 0.44785 0.50200 0.44993 0.50045 0.45323 0.49403 0.45755 0.48990 0.45801 0.48459 0.45956 0.49093 0.49207 0.49170 0.49571 0.49300 0.50179 0.49590 0.50879 0.49942 0.51608 0.50314 0.52164 0.50696 0.52633 0.50965 0.52703 0.51063 0.52766 0.51375 0.53039
