4 0.68287 0.60155 0.68382 0.60679 0.68533 0.61636 0.68700 0.62512 0.68945 0.63277 0.69094 0.63812 0.69795 0.64834 0.70370 0.65494 0.71043 0.65793 0.71584 0.65898 0.72413 0.65975 0.73242 0.65757 0.73773 0.65776 0.74379 0.65261 0.75156 0.63430 0.76810 0.59408 0.77538 0.57398 0.78183 0.55668 0.78625 0.54405 0.79048 0.53095 0.79219 0.52074 0.79299 0.50361 0.79194 0.49455 0.79120 0.48681 0.78865 0.48252 0.78650 0.47915 0.77560 0.49474 0.75872 0.50201 0.73885 0.50447 0.72629 0.49823 0.71988 0.49361 0.71648 0.49084 0.70825 0.48545 0.70222 0.48175 0.69938 0.49638 0.69621 0.50546 0.69135 0.51885 0.68772 0.52743 0.68615 0.54272 0.68448 0.56433 0.68277 0.57749 0.68242 0.58796 0.68235 0.59554 0.68287 0.60155
4 0.26443 0.39393 0.27679 0.38823 0.27426 0.36883 0.27637 0.33480 0.28879 0.29872 0.28778 0.28772 0.28004 0.26731 0.27126 0.22913 0.26697 0.21412 0.25967 0.19379 0.24289 0.18513 0.22936 0.18993 0.21575 0.19741 0.19368 0.24377 0.16678 0.30809 0.16052 0.33794 0.16669 0.36412 0.18200 0.39884 0.19409 0.41537 0.21815 0.41667 0.23535 0.40921 0.26443 0.39393
4 0.59103 0.56598 0.59010 0.57508 0.58949 0.58255 0.58845 0.59079 0.58967 0.59608 0.59322 0.60099 0.59498 0.60639 0.59937 0.61273 0.60370 0.61357 0.61149 0.61255 0.61789 0.61000 0.62515 0.60593 0.63579 0.59746 0.64657 0.58395 0.65743 0.57003 0.66200 0.55953 0.66617 0.55107 0.67477 0.54009 0.68045 0.53402 0.68797 0.52283 0.69429 0.51057 0.69836 0.49829 0.70135 0.48580 0.70191 0.48000 0.69147 0.47586 0.68143 0.46969 0.67818 0.45894 0.67377 0.46863 0.67068 0.47435 0.66517 0.47960 0.66210 0.48238 0.64370 0.48302 0.62369 0.48040 0.59396 0.47715 0.59318 0.47826 0.58984 0.49111 0.58737 0.49948 0.58498 0.50745 0.58554 0.51178 0.58693 0.51332 0.59016 0.51985 0.59043 0.53002 0.59078 0.53979 0.59073 0.55159 0.59103 0.56598
4 0.13813 0.51572 0.14424 0.47804 0.14952 0.45296 0.15836 0.43038 0.16506 0.41468 0.17000 0.40593 0.15409 0.41073 0.13034 0.42251 0.11905 0.44521 0.10637 0.47918 0.10085 0.50969 0.09981 0.51920 0.09843 0.53047 0.09878 0.53904 0.10350 0.54603 0.11143 0.54272 0.12849 0.52782 0.13813 0.51572
4 0.79208 0.66533 0.79658 0.67476 0.80103 0.68368 0.80758 0.69276 0.81385 0.69811 0.81745 0.69636 0.82208 0.69094 0.82470 0.68339 0.82626 0.67783 0.82950 0.67041 0.83759 0.65638 0.84202 0.64636 0.85001 0.62261 0.85549 0.59584 0.85917 0.56535 0.85975 0.55365 0.85967 0.54394 0.85927 0.53880 0.85727 0.53462 0.85449 0.53155 0.84067 0.52169 0.82684 0.51183 0.82172 0.50493 0.81323 0.49653 0.81156 0.49790 0.80546 0.50177 0.79848 0.50590 0.79359 0.50790 0.79278 0.51609 0.79059 0.53156 0.78512 0.54539 0.77779 0.56808 0.77062 0.58820 0.77297 0.60038 0.77751 0.61809 0.78644 0.65082 0.79208 0.66533
4 0.08272 0.40018 0.08914 0.39839 0.09004 0.39553 0.09004 0.38338 0.09010 0.36568 0.09113 0.33957 0.09532 0.30242 0.09362 0.29552 0.08757 0.28675 0.07767 0.27521 0.06809 0.26373 0.06420 0.25943 0.06212 0.27016 0.06116 0.27858 0.06253 0.30971 0.06346 0.34481 0.06422 0.37735 0.06438 0.38345 0.06919 0.38996 0.07540 0.39622 0.08272 0.40018
4 0.73624 0.50682 0.75509 0.50157 0.77289 0.49611 0.78493 0.48144 0.79406 0.44836 0.80032 0.40501 0.80115 0.36465 0.79993 0.33200 0.78768 0.30612 0.76805 0.30150 0.75521 0.31197 0.73454 0.32659 0.71511 0.34874 0.69665 0.36865 0.69173 0.37175 0.68663 0.40074 0.67985 0.44399 0.67998 0.46833 0.69453 0.47683 0.72275 0.49285 0.73624 0.50682
4 0.12038 0.37895 0.12348 0.39423 0.12576 0.40682 0.13000 0.41625 0.13259 0.42030 0.14599 0.41379 0.15772 0.40899 0.16787 0.40539 0.17430 0.40006 0.17750 0.39056 0.17055 0.37251 0.16233 0.34713 0.16115 0.33931 0.16265 0.32290 0.16568 0.30730 0.16860 0.29926 0.17071 0.29360 0.16217 0.27676 0.15356 0.25687 0.14880 0.24835 0.14381 0.24282 0.13863 0.24688 0.13693 0.25566 0.13636 0.25858 0.13354 0.26613 0.12880 0.27837 0.12424 0.29317 0.12326 0.30513 0.12264 0.33436 0.12123 0.35028 0.12085 0.36437 0.12038 0.37895
4 0.94712 0.54197 0.95709 0.51474 0.96427 0.49470 0.96895 0.47663 0.97176 0.45855 0.97241 0.44919 0.97208 0.44245 0.96806 0.44026 0.96286 0.44170 0.95497 0.44615 0.94755 0.45173 0.94576 0.45736 0.94345 0.46921 0.93440 0.49170 0.91521 0.53014 0.90816 0.54353 0.89145 0.56558 0.89196 0.56779 0.89414 0.57349 0.89908 0.57937 0.90593 0.58632 0.90966 0.58881 0.91346 0.59095 0.91646 0.59118 0.92737 0.58206 0.93315 0.57404 0.93949 0.56192 0.94712 0.54197
4 0.33200 0.53925 0.33695 0.54274 0.34418 0.54457 0.34635 0.54499 0.35243 0.54407 0.35802 0.54135 0.36327 0.53605 0.36720 0.52880 0.37278 0.51892 0.37451 0.51293 0.37830 0.50355 0.38069 0.49558 0.38432 0.48701 0.39068 0.47601 0.39806 0.46986 0.40199 0.46556 0.40413 0.46176 0.40641 0.45292 0.40789 0.44098 0.40773 0.43167 0.39098 0.41661 0.38774 0.41303 0.38518 0.40452 0.37624 0.41290 0.35887 0.41838 0.33109 0.42099 0.31828 0.41893 0.32083 0.43038 0.32714 0.44131 0.32755 0.45657 0.32546 0.47599 0.32266 0.48894 0.32016 0.49604 0.32212 0.50907 0.32617 0.52589 0.32862 0.53353 0.33200 0.53925
4 0.48330 0.45133 0.50883 0.45899 0.51943 0.45768 0.52825 0.43778 0.53797 0.39240 0.54470 0.35319 0.54601 0.31630 0.53940 0.27855 0.52642 0.25037 0.50751 0.23184 0.48942 0.22765 0.46697 0.22733 0.44612 0.23813 0.42615 0.26599 0.40553 0.30723 0.39230 0.34518 0.38491 0.38088 0.38720 0.41307 0.41218 0.43278 0.43057 0.44243 0.45412 0.44633 0.48330 0.45133
4 0.14199 0.56646 0.14381 0.56723 0.14725 0.56832 0.15234 0.56383 0.15794 0.55817 0.16980 0.54487 0.18388 0.52737 0.19430 0.51716 0.20510 0.50788 0.21318 0.50101 0.21992 0.49094 0.23143 0.45775 0.23772 0.44421 0.24131 0.43732 0.24619 0.42520 0.24842 0.42099 0.24499 0.41695 0.24074 0.41275 0.23762 0.41003 0.23634 0.40936 0.22924 0.41262 0.21811 0.41637 0.19275 0.41523 0.17958 0.39622 0.17636 0.39686 0.16670 0.41185 0.15971 0.42610 0.15153 0.44939 0.14684 0.46197 0.14090 0.49540 0.13912 0.51614 0.13847 0.53541 0.13967 0.55673 0.14030 0.56360 0.14199 0.56646
4 0.67673 0.46283 0.68720 0.40895 0.69240 0.35162 0.68383 0.29565 0.67095 0.25913 0.64702 0.24880 0.61827 0.25780 0.58923 0.28213 0.55600 0.33078 0.54225 0.36538 0.52818 0.44612 0.53527 0.45965 0.59777 0.47719 0.65053 0.48367 0.66512 0.48084 0.67673 0.46283
4 0.06915 0.51440 0.08150 0.51214 0.09193 0.50772 0.10215 0.50031 0.10645 0.47918 0.12144 0.44022 0.12836 0.42575 0.13029 0.42085 0.13003 0.41816 0.12944 0.41717 0.12680 0.41666 0.11711 0.42034 0.11100 0.42062 0.10412 0.41987 0.09921 0.41803 0.09179 0.40400 0.09022 0.39900 0.08623 0.39940 0.08190 0.40061 0.07421 0.41203 0.06643 0.43099 0.05754 0.45562 0.05290 0.47551 0.04773 0.50408 0.04870 0.51016 0.05415 0.51327 0.06457 0.51588 0.06915 0.51440
4 0.85185 0.68904 0.85442 0.70114 0.85691 0.71005 0.85948 0.71126 0.86231 0.70513 0.87715 0.66374 0.88119 0.63816 0.88255 0.61067 0.88270 0.58820 0.88054 0.57162 0.87814 0.56588 0.87516 0.56073 0.87236 0.55702 0.86649 0.54745 0.86358 0.54196 0.86004 0.53846 0.85971 0.54016 0.85972 0.54613 0.85952 0.56402 0.85579 0.59527 0.84942 0.62566 0.84064 0.65031 0.84086 0.65282 0.84605 0.67069 0.85185 0.68904
4 0.41164 0.55228 0.41379 0.55565 0.41989 0.56190 0.42437 0.56488 0.43094 0.56869 0.43601 0.57009 0.44142 0.57115 0.44538 0.57107 0.45255 0.56741 0.45610 0.56219 0.46035 0.55332 0.46418 0.54520 0.46902 0.53476 0.47506 0.52539 0.48122 0.51394 0.48799 0.50513 0.49201 0.49748 0.49522 0.48672 0.49802 0.47377 0.49984 0.46442 0.50126 0.45711 0.47902 0.45152 0.43142 0.44184 0.41097 0.43281 0.40837 0.43315 0.40739 0.45699 0.40612 0.48669 0.40578 0.50433 0.40626 0.50907 0.40709 0.51640 0.40771 0.52622 0.40846 0.53395 0.40917 0.54042 0.40988 0.54688 0.41164 0.55228
4 0.12853 0.41616 0.12559 0.40699 0.12030 0.38218 0.12027 0.35282 0.12209 0.33647 0.12285 0.32043 0.12300 0.30578 0.12328 0.29217 0.12144 0.28777 0.11732 0.28292 0.11376 0.27868 0.10616 0.27265 0.10240 0.27293 0.09632 0.29554 0.09431 0.30932 0.09151 0.33762 0.08917 0.37916 0.09062 0.40121 0.09971 0.41866 0.10566 0.41931 0.11602 0.41981 0.12853 0.41616
4 0.88806 0.67922 0.89338 0.68363 0.89957 0.68652 0.90371 0.68690 0.91211 0.68853 0.91846 0.68766 0.92343 0.68525 0.92644 0.67698 0.93025 0.66465 0.93230 0.65408 0.93333 0.64880 0.93457 0.63807 0.93581 0.62735 0.93625 0.61352 0.93602 0.60167 0.93520 0.59434 0.93522 0.57832 0.93422 0.57475 0.93302 0.57663 0.93103 0.57961 0.92594 0.58411 0.91958 0.58793 0.91453 0.59074 0.91082 0.58960 0.90552 0.58646 0.89989 0.58073 0.89681 0.57633 0.89376 0.57321 0.89208 0.56740 0.88906 0.56850 0.88499 0.56771 0.88066 0.56687 0.87841 0.56685 0.88103 0.57074 0.88313 0.58886 0.88187 0.63584 0.87750 0.66409 0.87754 0.66536 0.87815 0.66801 0.87995 0.67174 0.88428 0.67553 0.88806 0.67922
4 0.21466 0.57717 0.22403 0.57814 0.23500 0.57522 0.24528 0.57005 0.25538 0.56147 0.27761 0.53964 0.28465 0.53089 0.29830 0.51709 0.30724 0.50871 0.31688 0.49962 0.32261 0.48893 0.32535 0.47048 0.32669 0.45345 0.32715 0.44679 0.32543 0.43971 0.32228 0.43278 0.31693 0.42414 0.31270 0.41700 0.29746 0.41150 0.27721 0.38985 0.26077 0.39636 0.24894 0.42105 0.23703 0.44615 0.22615 0.47608 0.21470 0.50464 0.20739 0.53358 0.20519 0.55213 0.20539 0.55976 0.20707 0.56557 0.20926 0.57021 0.21466 0.57717
4 0.36344 0.41723 0.37499 0.41339 0.38464 0.40311 0.38455 0.37811 0.39049 0.34753 0.40426 0.31374 0.40771 0.30293 0.40083 0.28741 0.39273 0.26422 0.38362 0.24625 0.37274 0.23739 0.35408 0.23376 0.33695 0.23853 0.32286 0.24389 0.31060 0.25366 0.29999 0.27118 0.28724 0.29977 0.27600 0.33675 0.27468 0.37364 0.28007 0.39224 0.29816 0.41264 0.32988 0.42083 0.36344 0.41723
4 0.82822 0.51327 0.83629 0.51873 0.85660 0.53208 0.87519 0.51786 0.89184 0.50141 0.90705 0.48094 0.92210 0.45664 0.92528 0.43052 0.92173 0.37821 0.91529 0.31464 0.91237 0.29438 0.89858 0.27857 0.87877 0.28493 0.85814 0.30766 0.84205 0.33209 0.82175 0.36704 0.80056 0.40101 0.79319 0.44171 0.78569 0.47753 0.79673 0.49021 0.80359 0.48855 0.81840 0.49961 0.82822 0.51327
4 0.88149 0.56690 0.88463 0.56667 0.88935 0.56843 0.89876 0.55761 0.90963 0.54075 0.91978 0.52037 0.93418 0.49112 0.94368 0.46682 0.94742 0.44899 0.94964 0.42749 0.95174 0.40512 0.95052 0.39983 0.94951 0.39921 0.94669 0.39782 0.94232 0.39570 0.93655 0.39501 0.93009 0.39501 0.92714 0.39571 0.92299 0.39827 0.92367 0.41358 0.92460 0.43190 0.92184 0.45625 0.91072 0.47728 0.88901 0.50511 0.85750 0.53272 0.85865 0.53547 0.86069 0.53798 0.86235 0.53957 0.86585 0.54615 0.87028 0.55376 0.87297 0.55724 0.87447 0.55963 0.87740 0.56484 0.87860 0.56592 0.88014 0.56664 0.88149 0.56690
4 0.50078 0.53334 0.50115 0.53721 0.50132 0.54357 0.50203 0.55003 0.50328 0.55955 0.50650 0.56608 0.50719 0.56833 0.50965 0.57302 0.51246 0.57736 0.51640 0.58024 0.51880 0.58239 0.52693 0.58102 0.53419 0.57695 0.54246 0.57054 0.54659 0.56375 0.55201 0.55469 0.55708 0.54597 0.56316 0.53492 0.56847 0.52499 0.57435 0.51644 0.57941 0.50772 0.58416 0.50063 0.58775 0.49374 0.59037 0.48750 0.59186 0.48273 0.59227 0.47775 0.59204 0.47602 0.56465 0.46943 0.53583 0.46003 0.52740 0.44701 0.52848 0.43709 0.52207 0.45272 0.52141 0.45470 0.51869 0.45712 0.51109 0.45860 0.50711 0.45740 0.50161 0.45675 0.49475 0.48915 0.49404 0.49281 0.49285 0.49891 0.49279 0.50649 0.49318 0.51458 0.49444 0.52115 0.49612 0.52695 0.49832 0.52865 0.49897 0.52962 0.50078 0.53334
