4 0.60424 0.82994 0.59230 0.83454 0.58490 0.84259 0.54877 0.84323 0.53555 0.84698 0.52443 0.86377 0.51927 0.89525 0.54097 0.93328 0.55585 0.94448 0.56653 0.95691 0.57967 0.96070 0.60492 0.94481 0.60977 0.92659 0.61681 0.90444 0.61954 0.86465 0.61616 0.83382 0.60424 0.82994
4 0.24330 0.49486 0.24467 0.45411 0.23879 0.41547 0.24401 0.39883 0.24220 0.37292 0.23500 0.34573 0.21558 0.32594 0.20297 0.31220 0.19260 0.29991 0.18413 0.30050 0.16658 0.29192 0.16049 0.29562 0.13037 0.30426 0.11052 0.32353 0.08408 0.36930 0.08292 0.39868 0.08407 0.46046 0.09454 0.48898 0.12070 0.52946 0.15156 0.54685 0.18791 0.53617 0.21826 0.53078 0.23857 0.51800 0.24330 0.49486
4 0.26214 0.60242 0.25302 0.57769 0.24705 0.55424 0.22008 0.53569 0.21093 0.53633 0.17770 0.54175 0.16454 0.56549 0.15635 0.60605 0.16929 0.66064 0.20119 0.68677 0.22645 0.68871 0.24528 0.67798 0.25833 0.66289 0.26562 0.64449 0.26444 0.62763 0.26214 0.60242
4 0.17077 0.21515 0.17032 0.20870 0.16480 0.16023 0.15108 0.11561 0.14282 0.10318 0.12609 0.09133 0.11962 0.09018 0.10911 0.09091 0.07992 0.09783 0.06116 0.10241 0.05259 0.11602 0.04300 0.14599 0.02841 0.17957 0.03101 0.21678 0.04563 0.27435 0.07737 0.31932 0.12239 0.31130 0.15418 0.29606 0.16652 0.27564 0.17326 0.25080 0.17077 0.21515
4 0.77907 0.53731 0.74773 0.49337 0.71817 0.48729 0.68959 0.52047 0.67550 0.57163 0.67877 0.59312 0.67951 0.61610 0.67927 0.62565 0.69623 0.64069 0.70320 0.66462 0.71218 0.66671 0.73238 0.66530 0.76257 0.65505 0.77685 0.60658 0.78077 0.56156 0.77907 0.53731
4 0.37393 0.84228 0.36874 0.80310 0.36416 0.79024 0.35126 0.77231 0.35065 0.77235 0.32322 0.76580 0.30816 0.76967 0.28023 0.77351 0.27114 0.86265 0.28779 0.89915 0.30640 0.91108 0.32584 0.91725 0.33377 0.91670 0.33219 0.89416 0.34552 0.87440 0.36043 0.87712 0.36592 0.87673 0.37393 0.84228
4 0.30045 0.76456 0.30385 0.73420 0.29857 0.70256 0.28497 0.69221 0.25693 0.68570 0.24521 0.68463 0.23272 0.69021 0.21877 0.70155 0.21102 0.71339 0.20540 0.73826 0.20456 0.77880 0.20661 0.79937 0.22060 0.84170 0.24060 0.85537 0.27321 0.84838 0.27682 0.81235 0.27949 0.77168 0.28925 0.77100 0.30045 0.76456
4 0.77783 0.07766 0.77285 0.06986 0.72201 0.03681 0.68879 0.04185 0.67899 0.05339 0.67070 0.09872 0.67318 0.15952 0.67374 0.17986 0.67776 0.21209 0.68875 0.21814 0.70753 0.23460 0.72657 0.24125 0.75137 0.24222 0.77305 0.23667 0.79231 0.22175 0.79912 0.19281 0.80084 0.16688 0.80010 0.14389 0.78790 0.10813 0.77783 0.07766
4 0.47335 1.00000 0.48166 0.97980 0.47963 0.95075 0.47412 0.93325 0.45940 0.90697 0.45049 0.89342 0.44291 0.89018 0.42415 0.91132 0.41644 0.90621 0.39953 0.89227 0.40833 0.98304 0.42547 1.00000 0.47335 1.00000
4 0.64123 0.78028 0.63600 0.78441 0.60794 0.78637 0.60515 0.79033 0.59949 0.80579 0.59823 0.82283 0.60071 0.83207 0.61095 0.82947 0.61940 0.83641 0.62264 0.87385 0.61670 0.89409 0.62702 0.91032 0.64313 0.92143 0.66975 0.89885 0.68548 0.87793 0.69319 0.83031 0.68684 0.79215 0.68333 0.78581 0.66739 0.77751 0.65031 0.77870 0.64123 0.78028
4 0.76582 0.24664 0.74249 0.24152 0.72657 0.24125 0.70213 0.25785 0.68229 0.27691 0.67411 0.29919 0.66820 0.32807 0.66781 0.36061 0.66675 0.39596 0.66630 0.42717 0.67033 0.44727 0.67840 0.46160 0.71770 0.48057 0.75623 0.50091 0.77691 0.49404 0.78946 0.48369 0.80637 0.46196 0.80993 0.41037 0.81407 0.34362 0.80576 0.31302 0.78648 0.28995 0.76582 0.24664
4 0.71761 0.75722 0.71838 0.73002 0.71369 0.68831 0.70301 0.66192 0.69527 0.63943 0.67190 0.62073 0.64182 0.62012 0.62066 0.64597 0.61341 0.66819 0.61776 0.71806 0.62844 0.74445 0.63704 0.77913 0.65119 0.77947 0.66251 0.77735 0.67396 0.77655 0.68332 0.78404 0.69088 0.79159 0.69686 0.78846 0.71427 0.77235 0.71761 0.75722
4 0.51746 1.00000 0.55164 0.99761 0.56418 0.97591 0.56409 0.95708 0.55572 0.94261 0.54489 0.93677 0.53949 0.92962 0.53074 0.91893 0.52372 0.90624 0.51947 0.89806 0.48910 0.90207 0.48207 0.95058 0.48458 0.97771 0.49944 0.99738 0.51325 1.00000 0.51746 1.00000
4 0.39114 0.85991 0.37474 0.84505 0.36775 0.87661 0.34491 0.87444 0.33219 0.89416 0.33610 0.93254 0.34541 0.95166 0.36964 0.99140 0.39078 0.99557 0.40391 0.98994 0.40571 0.97193 0.40362 0.94194 0.40182 0.89870 0.40003 0.88188 0.39114 0.85991
