4 0.53349 0.58978 0.55014 0.56950 0.55160 0.53250 0.55062 0.44533 0.54670 0.41067 0.53595 0.35456 0.52916 0.33333 0.51253 0.33056 0.50264 0.33306 0.48501 0.34861 0.48011 0.35339 0.47522 0.39756 0.46690 0.43817 0.46886 0.58144 0.47474 0.59933 0.50606 0.59817 0.53349 0.58978
4 0.24968 0.41494 0.25790 0.42928 0.26907 0.43789 0.27613 0.43928 0.27378 0.34906 0.27143 0.30033 0.27084 0.28456 0.25674 0.24728 0.24380 0.24300 0.24087 0.32894 0.24087 0.35761 0.24380 0.39489 0.24968 0.41494
4 0.46836 0.57906 0.46690 0.43933 0.46005 0.39278 0.44241 0.35100 0.42039 0.35339 0.39982 0.36056 0.39444 0.37967 0.38907 0.43556 0.38563 0.54206 0.38661 0.57311 0.43214 0.60650 0.46494 0.60056 0.46836 0.57906
4 0.66567 0.40233 0.67989 0.39400 0.68380 0.36056 0.68526 0.33667 0.68672 0.27100 0.68330 0.23517 0.68134 0.21844 0.67989 0.20650 0.65442 0.23872 0.65196 0.30922 0.65294 0.36889 0.65196 0.40233 0.66567 0.40233
4 0.58588 0.54683 0.59469 0.53128 0.60301 0.50978 0.60497 0.48233 0.60203 0.38922 0.58929 0.31639 0.58244 0.29489 0.57403 0.29833 0.56091 0.31994 0.55797 0.34978 0.54622 0.41306 0.55014 0.44056 0.55257 0.53967 0.57267 0.55400 0.58588 0.54683
4 0.28847 0.47944 0.29845 0.50233 0.31116 0.50722 0.32096 0.50111 0.32779 0.49278 0.33194 0.47800 0.32959 0.36767 0.32724 0.34906 0.30902 0.30317 0.30020 0.27594 0.29433 0.26017 0.27729 0.25733 0.27378 0.27883 0.27494 0.39633 0.27788 0.43356 0.28317 0.45506 0.28847 0.47944
4 0.63239 0.48950 0.64267 0.47278 0.65246 0.41067 0.65392 0.36294 0.65011 0.27833 0.64462 0.25306 0.64169 0.24711 0.63385 0.24828 0.62503 0.25783 0.61672 0.26861 0.60501 0.34611 0.60203 0.38561 0.60399 0.46322 0.61574 0.48711 0.63239 0.48950
4 0.68526 0.33667 0.69651 0.32472 0.70239 0.30683 0.70615 0.27333 0.70877 0.22922 0.70877 0.21367 0.70387 0.19456 0.69554 0.19456 0.68624 0.20294 0.68476 0.21728 0.68624 0.26261 0.68624 0.30322 0.68526 0.33667
4 0.37722 0.55500 0.38563 0.53606 0.38661 0.45844 0.37583 0.37489 0.36556 0.32711 0.35087 0.32233 0.34695 0.33428 0.34107 0.34861 0.33472 0.36294 0.33080 0.38322 0.33225 0.47278 0.32884 0.49189 0.32884 0.52172 0.33421 0.53967 0.34499 0.55994 0.37722 0.55500
4 0.23677 0.34906 0.24205 0.27883 0.24323 0.24300 0.23804 0.23722 0.22148 0.23011 0.21679 0.29172 0.21913 0.32039 0.22267 0.35189 0.23677 0.34906
