4 0.49296 0.45360 0.49366 0.47051 0.55655 0.48966 0.60106 0.49758 0.61803 0.47612 0.62014 0.45697 0.61873 0.41865 0.61588 0.37579 0.60884 0.35438 0.59539 0.33972 0.53606 0.32393 0.51556 0.35101 0.50849 0.36343 0.49930 0.37921 0.49366 0.44006 0.49296 0.45360
4 0.08665 0.59562 0.10151 0.59225 0.11915 0.58213 0.13120 0.56860 0.13894 0.54264 0.15944 0.50545 0.17570 0.49416 0.16299 0.48405 0.14884 0.47388 0.13472 0.47388 0.11141 0.50208 0.08595 0.55056 0.07746 0.58663 0.08665 0.59562
4 0.24014 0.44663 0.25563 0.44438 0.26690 0.44438 0.28169 0.44798 0.29863 0.44343 0.31137 0.43331 0.31489 0.42427 0.32053 0.40511 0.32053 0.38146 0.30993 0.36000 0.29722 0.32848 0.28451 0.29916 0.27320 0.27095 0.25201 0.25292 0.23292 0.27775 0.22303 0.34197 0.22232 0.41865 0.23134 0.44551 0.24014 0.44663
4 0.90560 0.60354 0.90771 0.63056 0.91620 0.65539 0.92820 0.66101 0.93454 0.66556 0.93599 0.66556 0.95930 0.67230 0.96563 0.65202 0.96778 0.62944 0.97908 0.60354 0.98754 0.57871 0.97623 0.54376 0.96989 0.51899 0.95011 0.50882 0.92609 0.51337 0.92609 0.52348 0.91335 0.52573 0.89923 0.52124 0.87803 0.54039 0.89993 0.55955 0.90489 0.58438 0.90560 0.60354
4 0.62789 0.68809 0.64838 0.68697 0.65616 0.67680 0.66676 0.65539 0.67665 0.62831 0.67806 0.57309 0.67665 0.54376 0.67525 0.53478 0.62863 0.53590 0.61944 0.52910 0.59468 0.52573 0.59046 0.53590 0.59398 0.61253 0.59965 0.65427 0.62437 0.68697 0.62789 0.68809
4 0.82715 0.67118 0.84342 0.68472 0.85824 0.68697 0.86884 0.68129 0.87662 0.66781 0.88792 0.64747 0.89215 0.63848 0.89570 0.62944 0.89923 0.62045 0.90345 0.61028 0.90134 0.55955 0.87662 0.54152 0.85401 0.54376 0.84553 0.53253 0.83704 0.53253 0.81725 0.53140 0.80313 0.53253 0.78616 0.54601 0.78546 0.55843 0.79113 0.60916 0.79891 0.62944 0.81232 0.65315 0.82715 0.67118
4 0.54169 0.68017 0.55725 0.66438 0.56785 0.63174 0.57067 0.60916 0.57067 0.54601 0.54736 0.54601 0.48870 0.54719 0.49366 0.60916 0.50356 0.64747 0.52546 0.68584 0.54169 0.68017
4 0.68937 0.48517 0.71412 0.48517 0.73106 0.47388 0.74521 0.44455 0.74521 0.41528 0.74521 0.39157 0.73884 0.35551 0.72824 0.31045 0.71482 0.30028 0.70634 0.30028 0.68796 0.31944 0.67736 0.32848 0.65827 0.34539 0.65123 0.35775 0.63993 0.39157 0.64134 0.45360 0.65475 0.47051 0.66394 0.47955 0.68937 0.48517
4 0.05982 0.43669 0.08384 0.43556 0.09444 0.42882 0.10504 0.42882 0.10926 0.42882 0.12482 0.41865 0.12835 0.41528 0.13472 0.39837 0.13190 0.37809 0.12342 0.35775 0.11704 0.34652 0.11141 0.33410 0.10574 0.31494 0.10292 0.30253 0.09232 0.27888 0.06123 0.28562 0.05842 0.35551 0.05842 0.41073 0.05486 0.42539 0.05982 0.43669
4 0.71835 0.65202 0.74236 0.68697 0.75792 0.70051 0.78053 0.70275 0.79113 0.65090 0.79183 0.61253 0.78546 0.57871 0.78335 0.55281 0.78053 0.54489 0.76782 0.53815 0.75155 0.51337 0.74165 0.50770 0.73035 0.50095 0.70137 0.52573 0.69007 0.54489 0.68444 0.59792 0.68444 0.61595 0.69504 0.63287 0.71835 0.65202
4 0.22870 0.66213 0.24000 0.66669 0.25201 0.66101 0.27743 0.62719 0.29581 0.59674 0.29299 0.54489 0.28239 0.50899 0.27039 0.48405 0.26331 0.48292 0.25908 0.47955 0.24704 0.47837 0.23081 0.50433 0.22021 0.52573 0.21384 0.59337 0.21599 0.62944 0.22870 0.66213
4 0.91194 0.47388 0.91972 0.47275 0.92465 0.46938 0.93739 0.48292 0.94585 0.48405 0.95504 0.48067 0.97130 0.44685 0.97130 0.41191 0.96989 0.38595 0.96849 0.35775 0.95718 0.33185 0.94303 0.33073 0.92324 0.35775 0.90134 0.38595 0.88155 0.40961 0.87592 0.41753 0.86743 0.44567 0.87095 0.45135 0.89004 0.46034 0.90275 0.46938 0.91194 0.47388
4 0.43641 0.68129 0.44630 0.66893 0.46539 0.63287 0.46750 0.62382 0.46891 0.54489 0.46891 0.53927 0.39049 0.53253 0.39261 0.59905 0.39542 0.63624 0.41239 0.66438 0.43641 0.68129
4 0.77345 0.45584 0.78616 0.47051 0.82151 0.50320 0.83352 0.50208 0.84201 0.49871 0.85965 0.45921 0.86461 0.44230 0.87451 0.41528 0.87592 0.38371 0.87380 0.34876 0.87165 0.32056 0.86461 0.29354 0.85401 0.27545 0.83704 0.28337 0.82151 0.29011 0.79891 0.30702 0.78123 0.32393 0.76782 0.34764 0.75014 0.39157 0.75296 0.41303 0.76285 0.43669 0.77345 0.45584
4 0.18419 0.45921 0.20035 0.44101 0.21525 0.41865 0.22303 0.39837 0.22444 0.33747 0.18982 0.26197 0.17074 0.25742 0.15662 0.26084 0.14813 0.26983 0.13754 0.31719 0.13683 0.38708 0.13613 0.42315 0.15165 0.46264 0.18419 0.45921
4 0.14106 0.61708 0.15521 0.63174 0.15732 0.63174 0.18489 0.63174 0.19549 0.61708 0.20113 0.60579 0.21739 0.58326 0.21951 0.53028 0.22444 0.51899 0.20539 0.50545 0.19264 0.48966 0.16440 0.49758 0.13894 0.53815 0.13331 0.57309 0.13331 0.60916 0.14106 0.61708
4 0.32901 0.47163 0.34032 0.47388 0.35870 0.47612 0.38627 0.47612 0.40602 0.47612 0.42299 0.47612 0.44489 0.47725 0.44915 0.47275 0.45056 0.37691 0.44278 0.36000 0.42229 0.33298 0.41521 0.32618 0.37778 0.31719 0.33961 0.33747 0.32761 0.37691 0.32197 0.41640 0.32408 0.44573 0.32901 0.47163
4 0.07820 0.56972 0.08665 0.55056 0.10715 0.50770 0.12623 0.48405 0.14391 0.47388 0.14672 0.46376 0.14602 0.46034 0.13261 0.46034 0.12060 0.46034 0.11352 0.45697 0.07820 0.51674 0.06335 0.55618 0.06475 0.57309 0.07820 0.56972
4 0.30359 0.62045 0.31063 0.64523 0.32197 0.66781 0.33891 0.69483 0.34599 0.69258 0.35588 0.68129 0.37000 0.64523 0.37352 0.63174 0.37567 0.60579 0.38063 0.54719 0.37352 0.52124 0.36222 0.51449 0.30218 0.51787 0.29581 0.53590 0.29581 0.56523 0.29722 0.58663 0.30359 0.62045
