4 0.42650 0.60585 0.42664 0.60915 0.44599 0.65102 0.46953 0.64886 0.50219 0.64310 0.50066 0.62939 0.49880 0.60375 0.49681 0.58746 0.49436 0.57857 0.48788 0.58703 0.45014 0.60168 0.42650 0.60585
4 0.49494 0.49268 0.48891 0.46284 0.48170 0.44352 0.47439 0.43222 0.46730 0.42658 0.40505 0.41925 0.39044 0.47903 0.38950 0.51244 0.39621 0.55931 0.40252 0.57767 0.41668 0.60608 0.46375 0.59661 0.48958 0.58751 0.50189 0.56242 0.49634 0.52218 0.49494 0.49268
4 0.64887 0.54267 0.64773 0.53621 0.64280 0.53841 0.60831 0.54383 0.60908 0.54569 0.62237 0.55067 0.62150 0.60609 0.62502 0.61346 0.63018 0.61255 0.64926 0.60519 0.65068 0.59562 0.64963 0.57716 0.64991 0.56113 0.64887 0.54267
4 0.40577 0.58542 0.39400 0.55642 0.38865 0.55958 0.36386 0.57394 0.36310 0.59306 0.36459 0.61410 0.36425 0.63480 0.39467 0.64142 0.44461 0.65326 0.43930 0.63821 0.43115 0.61967 0.42632 0.60987 0.41725 0.60615 0.40577 0.58542
4 0.69776 0.38917 0.68871 0.35525 0.68414 0.34230 0.67615 0.33571 0.66234 0.34387 0.65702 0.34824 0.65032 0.36202 0.65019 0.38723 0.65280 0.41080 0.66709 0.49185 0.67959 0.50224 0.69925 0.50565 0.70698 0.50201 0.71557 0.49018 0.71515 0.46623 0.70970 0.43972 0.70010 0.40246 0.69776 0.38917
4 0.34194 0.55722 0.33534 0.56294 0.33037 0.56953 0.32443 0.58317 0.32365 0.60051 0.32537 0.62307 0.36735 0.64086 0.36501 0.62756 0.36468 0.61270 0.36324 0.60035 0.36217 0.58567 0.35871 0.57025 0.35548 0.56055 0.35228 0.55540 0.34194 0.55722
4 0.62548 0.37672 0.60507 0.37344 0.58898 0.38998 0.58564 0.41005 0.58832 0.45535 0.59950 0.50604 0.60525 0.54281 0.62465 0.54056 0.64534 0.53691 0.66510 0.51511 0.66804 0.49284 0.65250 0.41773 0.64646 0.40504 0.63987 0.39360 0.62548 0.37672
4 0.33861 0.47447 0.32588 0.41945 0.26597 0.42546 0.26485 0.44380 0.27031 0.48879 0.27550 0.50962 0.27331 0.53176 0.28536 0.55255 0.29792 0.58923 0.31779 0.58112 0.33680 0.55491 0.34761 0.52554 0.34666 0.50279 0.33861 0.47447
4 0.60304 0.56673 0.59612 0.58526 0.55511 0.60647 0.55664 0.62019 0.56299 0.63105 0.58353 0.62943 0.59997 0.62720 0.61788 0.62071 0.62015 0.61099 0.62127 0.55952 0.62074 0.54896 0.60492 0.54975 0.60304 0.56673
4 0.66949 0.49375 0.66752 0.51274 0.64977 0.53518 0.65158 0.57814 0.65367 0.58244 0.66609 0.58757 0.67983 0.57250 0.70902 0.54205 0.70686 0.52978 0.70378 0.51234 0.69846 0.50729 0.67991 0.50257 0.66949 0.49375
4 0.60273 0.52517 0.58700 0.46613 0.58290 0.44283 0.57453 0.42138 0.56396 0.40038 0.49913 0.43013 0.49174 0.47033 0.49455 0.49047 0.50496 0.57104 0.51817 0.59845 0.53322 0.60612 0.56225 0.60216 0.58713 0.59206 0.59757 0.58217 0.60306 0.55718 0.60273 0.52517
4 0.71852 0.33856 0.70396 0.34224 0.69652 0.35615 0.69626 0.36768 0.71221 0.44954 0.72308 0.44652 0.73353 0.45383 0.74042 0.45833 0.74793 0.43181 0.74894 0.40300 0.74268 0.36749 0.73148 0.33855 0.71852 0.33856
4 0.71471 0.45115 0.71642 0.46084 0.71615 0.48952 0.69998 0.50835 0.70519 0.51276 0.71031 0.54182 0.71969 0.53218 0.73159 0.51676 0.74216 0.49625 0.74583 0.48695 0.74874 0.47578 0.73870 0.46157 0.72468 0.44740 0.71471 0.45115
4 0.22643 0.50795 0.24810 0.56595 0.26801 0.54068 0.27530 0.50849 0.26965 0.48568 0.26317 0.42801 0.23868 0.43483 0.22614 0.43704 0.21495 0.44705 0.22643 0.50795
4 0.49863 0.57515 0.50360 0.63975 0.51545 0.64210 0.53958 0.63651 0.55783 0.63196 0.55264 0.60757 0.55056 0.60328 0.53746 0.60692 0.51943 0.60012 0.50310 0.57037 0.49863 0.57515
4 0.34764 0.50833 0.35479 0.54031 0.36155 0.57002 0.36948 0.56746 0.39008 0.55467 0.38424 0.48701 0.37161 0.46293 0.36172 0.45436 0.33583 0.45432 0.34764 0.50833
