4 0.69444 0.56582 0.69159 0.54684 0.68643 0.53023 0.67523 0.51894 0.65322 0.52836 0.62541 0.54988 0.62918 0.57001 0.61734 0.62131 0.61047 0.66403 0.61059 0.66602 0.66424 0.68612 0.67991 0.64440 0.68637 0.61893 0.69206 0.57878 0.69444 0.56582
4 0.48690 0.51211 0.42465 0.49768 0.41283 0.52586 0.39584 0.62027 0.40118 0.64661 0.41342 0.66387 0.43823 0.67349 0.45681 0.66328 0.47708 0.61978 0.48885 0.54532 0.49439 0.51865 0.48690 0.51211
4 0.35236 0.30362 0.33741 0.36575 0.33565 0.40199 0.33653 0.42434 0.34960 0.44568 0.37645 0.45959 0.38877 0.45571 0.39716 0.44802 0.40481 0.43819 0.42885 0.33670 0.35236 0.30362
4 0.32272 0.59858 0.33821 0.58093 0.33985 0.55818 0.35255 0.51101 0.36077 0.48589 0.33352 0.42173 0.31673 0.43716 0.29588 0.47282 0.28298 0.51038 0.27481 0.53545 0.26997 0.56425 0.26937 0.59015 0.27114 0.60598 0.28958 0.61986 0.31041 0.61023 0.32272 0.59858
4 0.88375 0.50058 0.88180 0.47792 0.87721 0.45083 0.87495 0.43198 0.84576 0.46479 0.85570 0.51532 0.86647 0.53897 0.88375 0.50058
4 0.78961 0.41906 0.79772 0.38910 0.79856 0.38547 0.75523 0.37546 0.72771 0.40089 0.72336 0.43270 0.71201 0.47154 0.72085 0.49573 0.72887 0.51515 0.74661 0.51420 0.75600 0.50483 0.76437 0.48943 0.77477 0.46770 0.78135 0.44702 0.78961 0.41906
4 0.82187 0.37827 0.79623 0.39554 0.78057 0.45553 0.78825 0.49007 0.80795 0.48018 0.81528 0.47706 0.83093 0.46908 0.83283 0.46087 0.84160 0.43588 0.84985 0.39244 0.85152 0.37740 0.82187 0.37827
4 0.75762 0.61224 0.75701 0.58891 0.75775 0.57272 0.75440 0.55073 0.75003 0.54102 0.72624 0.51918 0.70295 0.56008 0.69304 0.57704 0.68922 0.61958 0.69465 0.64299 0.69849 0.66800 0.71635 0.68175 0.73345 0.67798 0.74888 0.67093 0.76332 0.65785 0.75762 0.61224
4 0.48927 0.54350 0.48063 0.59642 0.47679 0.62354 0.47560 0.65220 0.48234 0.66726 0.52441 0.67506 0.54569 0.61921 0.56263 0.52768 0.49968 0.50920 0.48927 0.54350
4 0.64766 0.42485 0.64767 0.39882 0.65105 0.38418 0.53542 0.36710 0.51290 0.47764 0.51408 0.49333 0.51893 0.51191 0.56566 0.53023 0.58892 0.52807 0.60556 0.52959 0.61858 0.52999 0.63181 0.49350 0.64032 0.45400 0.64766 0.42485
4 0.78877 0.65701 0.79524 0.63148 0.80207 0.60708 0.79729 0.59148 0.80035 0.54690 0.79817 0.53289 0.79038 0.48865 0.78687 0.49073 0.78033 0.46708 0.77123 0.47269 0.75697 0.50314 0.74676 0.51621 0.72960 0.51822 0.75374 0.54577 0.75780 0.56984 0.75833 0.61432 0.77165 0.65305 0.78877 0.65701
4 0.23195 0.34621 0.23092 0.33252 0.20044 0.37077 0.19178 0.40831 0.18760 0.46035 0.18992 0.47631 0.20391 0.43135 0.25347 0.36759 0.26337 0.36118 0.26489 0.35190 0.25258 0.35579 0.23195 0.34621
4 0.83677 0.46462 0.82995 0.47082 0.79025 0.48873 0.79978 0.53906 0.79983 0.59595 0.80342 0.62473 0.81624 0.62380 0.83899 0.59821 0.85488 0.57103 0.86022 0.54524 0.85616 0.52117 0.84454 0.46740 0.83677 0.46462
4 0.26085 0.36158 0.20274 0.43108 0.19400 0.46380 0.18454 0.50209 0.19362 0.50708 0.20208 0.50422 0.21517 0.49182 0.27575 0.40068 0.27824 0.38003 0.27103 0.35912 0.26085 0.36158
4 0.40981 0.54928 0.41430 0.51947 0.42512 0.49593 0.39280 0.48221 0.36631 0.47957 0.35276 0.51007 0.34191 0.55193 0.33718 0.59322 0.33572 0.60738 0.33820 0.62529 0.35407 0.64246 0.38630 0.62775 0.39639 0.62040 0.40981 0.54928
4 0.26918 0.40879 0.21882 0.49168 0.20560 0.56192 0.22090 0.57896 0.23804 0.59063 0.25984 0.56383 0.27011 0.54016 0.27547 0.52209 0.30211 0.45884 0.28566 0.41550 0.26918 0.40879
4 0.25215 0.35766 0.26975 0.34920 0.29150 0.30696 0.29646 0.27245 0.23619 0.25755 0.23214 0.31158 0.23274 0.34547 0.25215 0.35766
4 0.72456 0.42237 0.72617 0.41021 0.73021 0.38221 0.73127 0.37765 0.69042 0.36723 0.67176 0.38026 0.65588 0.39973 0.64677 0.43137 0.63181 0.49350 0.63657 0.50422 0.64107 0.51587 0.66068 0.52718 0.68182 0.51374 0.69130 0.50914 0.70359 0.49754 0.72004 0.44446 0.72456 0.42237
4 0.62603 0.53953 0.61033 0.53191 0.56243 0.52856 0.54663 0.62813 0.55223 0.66119 0.56428 0.68711 0.58400 0.68494 0.59587 0.67515 0.60475 0.65500 0.61444 0.63120 0.62929 0.57392 0.62576 0.55165 0.62603 0.53953
4 0.84346 0.46426 0.87305 0.43253 0.87840 0.41451 0.88179 0.39981 0.84881 0.38646 0.84154 0.43876 0.83890 0.46320 0.84346 0.46426
4 0.40243 0.45115 0.40602 0.48758 0.42761 0.49894 0.48389 0.50950 0.49914 0.50340 0.50760 0.49277 0.51394 0.46530 0.53539 0.37017 0.42906 0.33582 0.40243 0.45115
4 0.29530 0.39458 0.31220 0.39947 0.33706 0.36474 0.35299 0.30092 0.29246 0.28979 0.29251 0.30522 0.27931 0.33111 0.29530 0.39458
4 0.21465 0.32488 0.23025 0.31978 0.23262 0.29917 0.23619 0.25755 0.20246 0.24495 0.20208 0.28823 0.20869 0.30907 0.21465 0.32488
