4 0.64454 0.63497 0.64511 0.63689 0.70190 0.64441 0.70778 0.60023 0.70835 0.57395 0.70486 0.53356 0.70426 0.52040 0.69722 0.50254 0.68845 0.48751 0.67500 0.47904 0.65567 0.49316 0.63342 0.52040 0.64162 0.53915 0.64162 0.59181 0.64454 0.63497
4 0.45250 0.67915 0.47884 0.68294 0.49465 0.66881 0.50461 0.62186 0.49933 0.54667 0.49873 0.51943 0.48996 0.51475 0.42606 0.51469 0.42088 0.54480 0.42556 0.64062 0.43669 0.66508 0.45250 0.67915
4 0.34123 0.48090 0.37053 0.48842 0.38165 0.48186 0.38810 0.47249 0.39335 0.46119 0.39394 0.35689 0.31197 0.34186 0.31137 0.40576 0.31782 0.44147 0.32370 0.46305 0.34123 0.48090
4 0.28856 0.58520 0.29032 0.61435 0.29556 0.63972 0.30085 0.65475 0.32194 0.66413 0.34007 0.65006 0.34944 0.63593 0.36056 0.61525 0.35704 0.59271 0.35880 0.54390 0.36116 0.51757 0.32018 0.46119 0.30729 0.48000 0.29500 0.51943 0.29088 0.55893 0.28856 0.58520
4 0.86704 0.39260 0.85648 0.36723 0.85004 0.34938 0.82898 0.38791 0.85004 0.43492 0.86585 0.45554 0.87405 0.41424 0.86704 0.39260
4 0.72641 0.46328 0.74349 0.45836 0.75053 0.44712 0.75521 0.43023 0.76046 0.40672 0.76222 0.38508 0.76398 0.35599 0.76514 0.32497 0.76514 0.32124 0.72067 0.32124 0.69958 0.35220 0.70250 0.38418 0.70018 0.42458 0.71422 0.44616 0.72641 0.46328
4 0.80204 0.40672 0.81549 0.39542 0.81549 0.38701 0.81842 0.36068 0.81669 0.31650 0.81493 0.30147 0.78623 0.30898 0.76514 0.33158 0.76338 0.39356 0.77863 0.42548 0.79560 0.41141 0.80204 0.40672
4 0.72183 0.59554 0.73120 0.61904 0.75169 0.62842 0.76750 0.62090 0.78095 0.61057 0.79208 0.59458 0.77627 0.55141 0.77042 0.52881 0.76750 0.51288 0.75930 0.49220 0.75285 0.48373 0.72475 0.46780 0.71127 0.51288 0.70542 0.53164 0.71127 0.57395 0.72183 0.59554
4 0.51046 0.65379 0.52042 0.66695 0.56317 0.66508 0.57134 0.60587 0.56725 0.51288 0.50176 0.50904 0.49933 0.54480 0.50282 0.59830 0.50518 0.62559 0.51046 0.65379
4 0.57078 0.51469 0.59296 0.50735 0.60951 0.50508 0.62229 0.50254 0.62697 0.46401 0.62637 0.42362 0.62697 0.39356 0.62113 0.36819 0.62113 0.35316 0.50461 0.36254 0.50754 0.47531 0.51222 0.49034 0.52113 0.50735 0.57078 0.51469
4 0.74408 0.46028 0.72782 0.46610 0.75754 0.48751 0.76690 0.51006 0.77743 0.55328 0.79912 0.58802 0.81669 0.58802 0.81725 0.56170 0.81842 0.53638 0.81025 0.52226 0.80320 0.47814 0.79792 0.46497 0.78039 0.42362 0.77743 0.42644 0.76574 0.40486 0.75813 0.41237 0.75109 0.44525 0.74408 0.46028
4 0.19254 0.54667 0.19606 0.49972 0.23000 0.42644 0.23820 0.41797 0.23761 0.40859 0.22648 0.41514 0.20423 0.41045 0.20014 0.39735 0.17905 0.44147 0.17905 0.48000 0.18669 0.53164 0.19254 0.54667
4 0.83599 0.54949 0.85239 0.51943 0.86176 0.48938 0.86116 0.46305 0.85180 0.44051 0.82838 0.39073 0.82018 0.38977 0.81493 0.39735 0.78028 0.42373 0.80088 0.47062 0.81373 0.52605 0.82370 0.55328 0.83599 0.54949
4 0.20306 0.57582 0.21067 0.57113 0.22063 0.55610 0.25915 0.45367 0.25694 0.43299 0.24521 0.41424 0.23585 0.41893 0.19486 0.49972 0.19370 0.53356 0.19310 0.57299 0.20306 0.57582
4 0.36232 0.62746 0.36408 0.64158 0.37053 0.65847 0.38986 0.67164 0.41796 0.65006 0.42613 0.64062 0.42320 0.56830 0.42088 0.53825 0.42613 0.51288 0.39155 0.50678 0.36514 0.51017 0.35880 0.54294 0.35764 0.58616 0.36232 0.62746
4 0.26514 0.64723 0.28035 0.61621 0.28504 0.59085 0.28620 0.57203 0.29792 0.50441 0.27215 0.46588 0.25458 0.46305 0.22415 0.55514 0.22708 0.62655 0.24581 0.63972 0.26514 0.64723
4 0.24173 0.40486 0.25342 0.35881 0.25049 0.32407 0.18842 0.32311 0.19662 0.37667 0.20482 0.40955 0.22648 0.41706 0.24173 0.40486
4 0.64102 0.48373 0.66268 0.49034 0.68025 0.47249 0.68845 0.46588 0.69782 0.45181 0.70190 0.39638 0.70134 0.37384 0.70018 0.36164 0.69782 0.33345 0.69782 0.32876 0.65567 0.32780 0.64042 0.34469 0.62933 0.36723 0.62757 0.40011 0.62697 0.46401 0.63401 0.47339 0.64102 0.48373
4 0.62345 0.66130 0.63282 0.64910 0.63694 0.62746 0.64102 0.60209 0.64261 0.54294 0.63415 0.52203 0.63169 0.51017 0.61468 0.50627 0.56725 0.51379 0.57426 0.61435 0.58715 0.64531 0.60472 0.66785 0.62345 0.66130
4 0.84831 0.35034 0.84947 0.33158 0.84947 0.31650 0.81433 0.31090 0.81901 0.36350 0.82194 0.38791 0.82662 0.38791 0.84831 0.35034
4 0.48644 0.51288 0.49993 0.50350 0.50578 0.49124 0.50578 0.46305 0.50528 0.36554 0.39394 0.35599 0.39394 0.47435 0.40563 0.50904 0.42923 0.51525 0.48644 0.51288
4 0.29440 0.44429 0.31081 0.40486 0.31197 0.33910 0.25049 0.34186 0.25401 0.35689 0.24697 0.38508 0.27683 0.44333 0.29440 0.44429
4 0.19662 0.38508 0.19430 0.36446 0.18842 0.32311 0.15271 0.31842 0.16208 0.36068 0.17320 0.37949 0.18257 0.39356 0.19662 0.38508
