4 0.85527 0.55880 0.83818 0.57770 0.84356 0.58044 0.86516 0.60071 0.88676 0.59393 0.90298 0.52634 0.91647 0.46273 0.92280 0.35858 0.91920 0.27607 0.90029 0.22465 0.87509 0.27470 0.86247 0.29634 0.84898 0.32202 0.85887 0.42082 0.86876 0.50601 0.85527 0.55880
4 0.83007 0.86044 0.83818 0.83208 0.84087 0.78066 0.84178 0.58311 0.83276 0.57639 0.81745 0.60071 0.76524 0.62235 0.76975 0.70219 0.77516 0.79284 0.80215 0.85372 0.83007 0.86044
4 0.17291 0.91049 0.21342 0.88344 0.22691 0.85913 0.24400 0.82934 0.25120 0.80907 0.26291 0.76847 0.26920 0.74279 0.27644 0.66022 0.27644 0.64940 0.23051 0.61967 0.20080 0.56284 0.11796 0.63727 0.11349 0.74951 0.11349 0.82257 0.13327 0.87803 0.17291 0.91049
4 0.60589 0.70355 0.65902 0.70486 0.69684 0.69945 0.74724 0.69000 0.76073 0.65077 0.76073 0.60344 0.76436 0.54929 0.76524 0.50060 0.75625 0.39781 0.74273 0.34776 0.72113 0.29361 0.69593 0.27738 0.67073 0.28956 0.64193 0.32339 0.61760 0.34776 0.59422 0.37749 0.58069 0.41672 0.60051 0.64268 0.59691 0.68596 0.60589 0.70355
4 0.29531 0.85776 0.30073 0.89295 0.32233 0.91590 0.33673 0.91727 0.36913 0.91322 0.39345 0.87126 0.41415 0.80366 0.42225 0.75765 0.42676 0.72787 0.42767 0.70219 0.40604 0.67918 0.37993 0.62235 0.35564 0.63727 0.32055 0.65213 0.27731 0.65481 0.27193 0.73869 0.27553 0.76710 0.29084 0.82798 0.29531 0.85776
4 0.81476 0.60475 0.86065 0.54257 0.86876 0.50601 0.84538 0.32202 0.81836 0.22465 0.80305 0.23005 0.78236 0.30984 0.75625 0.38563 0.76164 0.44787 0.76436 0.49519 0.76436 0.62235 0.81476 0.60475
4 0.75625 0.86858 0.76884 0.81579 0.77065 0.77656 0.76345 0.65213 0.74545 0.69000 0.67524 0.70623 0.67702 0.71705 0.67702 0.79689 0.69684 0.86995 0.73553 0.90508 0.75625 0.86858
4 0.61040 0.88481 0.62393 0.88618 0.63291 0.88481 0.64102 0.87940 0.65000 0.86180 0.66622 0.82530 0.67702 0.79415 0.67793 0.78470 0.67524 0.70623 0.60502 0.70082 0.59691 0.68732 0.57258 0.71164 0.57618 0.78874 0.58069 0.84153 0.59509 0.86858 0.61040 0.88481
4 0.00000 0.86443 0.00004 0.86454 0.06938 0.81852 0.11076 0.77388 0.11709 0.67918 0.10447 0.64535 0.05585 0.60749 0.02436 0.54257 0.01356 0.53306 0.00364 0.53716 0.00000 0.54175 0.00000 0.86443
4 0.47716 0.93213 0.49156 0.92131 0.51498 0.89967 0.52400 0.87262 0.55189 0.80497 0.55458 0.79689 0.56073 0.76011 0.56898 0.72519 0.56720 0.71437 0.48076 0.72650 0.43018 0.69672 0.42764 0.72514 0.43305 0.78470 0.45196 0.83749 0.45825 0.88481 0.47716 0.93213
4 0.38356 0.62372 0.40800 0.68197 0.47985 0.72650 0.56538 0.71300 0.59691 0.68596 0.60229 0.64131 0.59691 0.58852 0.59055 0.52787 0.58436 0.46557 0.58338 0.42754 0.56811 0.37749 0.54200 0.31661 0.52760 0.30038 0.50956 0.29770 0.50236 0.29361 0.43847 0.30175 0.41865 0.33825 0.39524 0.42082 0.38804 0.45328 0.38444 0.49792 0.38356 0.62372
4 0.19451 0.51683 0.19989 0.55470 0.21160 0.58180 0.22869 0.61557 0.24760 0.63049 0.28364 0.65213 0.33764 0.64672 0.35655 0.63590 0.38535 0.61426 0.38444 0.56011 0.38444 0.45191 0.37724 0.42350 0.36375 0.34235 0.32324 0.26115 0.28182 0.22732 0.24400 0.28011 0.22960 0.35044 0.19451 0.46678 0.19451 0.51683
4 0.05945 0.60475 0.10447 0.64268 0.13960 0.62235 0.19720 0.56552 0.19360 0.45191 0.19360 0.41809 0.13596 0.30716 0.10716 0.26792 0.06036 0.26656 0.02524 0.35317 0.01985 0.41809 0.02436 0.53579 0.05945 0.60475
