4 0.91806 0.49188 0.93163 0.38842 0.93380 0.30585 0.91852 0.25324 0.88989 0.30141 0.87580 0.32212 0.86055 0.34680 0.86352 0.44605 0.86745 0.53172 0.85031 0.58344 0.83194 0.60111 0.83712 0.60421 0.85725 0.62594 0.87927 0.62068 0.90016 0.55439 0.91806 0.49188
4 0.75606 0.64055 0.75498 0.72051 0.75407 0.81132 0.77674 0.87393 0.80413 0.88258 0.81419 0.85486 0.82046 0.80375 0.83515 0.60675 0.82662 0.59942 0.80966 0.62261 0.75606 0.64055
4 0.25283 0.72610 0.26580 0.64423 0.26656 0.63344 0.22282 0.60058 0.19715 0.54182 0.10932 0.61028 0.09703 0.72194 0.09193 0.79482 0.10780 0.85153 0.14507 0.88667 0.18737 0.86252 0.20252 0.83920 0.22165 0.81068 0.23025 0.79096 0.24476 0.75128 0.25283 0.72610
4 0.76028 0.56761 0.76455 0.51910 0.76276 0.41594 0.75276 0.36506 0.73499 0.30953 0.71098 0.29159 0.68499 0.30198 0.65390 0.33372 0.62793 0.35633 0.60253 0.38436 0.58630 0.42255 0.59031 0.64934 0.58370 0.69226 0.59143 0.71044 0.64434 0.71546 0.68244 0.71270 0.73338 0.70678 0.74957 0.66859 0.75288 0.62138 0.76028 0.56761
4 0.39317 0.79693 0.40447 0.75160 0.41105 0.72220 0.41375 0.69665 0.39377 0.67219 0.37168 0.61368 0.34641 0.62686 0.31037 0.63924 0.26705 0.63890 0.25583 0.72220 0.25744 0.75080 0.26847 0.81259 0.27085 0.84261 0.27380 0.87809 0.29375 0.90250 0.30802 0.90486 0.34062 0.90309 0.36782 0.86292 0.39317 0.79693
4 0.79494 0.33000 0.76361 0.40378 0.76464 0.46625 0.76405 0.51364 0.75518 0.64049 0.80669 0.62646 0.85681 0.56762 0.86745 0.53172 0.85696 0.34655 0.83680 0.24752 0.82115 0.25185 0.79494 0.33000
4 0.66145 0.72887 0.65588 0.80851 0.67055 0.88277 0.70670 0.92052 0.72992 0.88556 0.74615 0.83378 0.75070 0.79476 0.75220 0.67014 0.73160 0.70666 0.66042 0.71795 0.66145 0.72887
4 0.65607 0.80578 0.65763 0.79642 0.66042 0.71795 0.59075 0.70766 0.58361 0.69363 0.55764 0.71619 0.55585 0.79335 0.55667 0.84633 0.56915 0.87431 0.58329 0.89157 0.59669 0.89388 0.60574 0.89314 0.61421 0.88831 0.62440 0.87139 0.64312 0.83610 0.65607 0.80578
4 0.00000 0.81506 0.04821 0.78771 0.09261 0.74606 0.10553 0.65203 0.09530 0.61741 0.04944 0.57624 0.02255 0.50929 0.01244 0.49905 0.00225 0.50244 0.00000 0.50491 0.00000 0.81506
4 0.54243 0.76371 0.55310 0.72945 0.55208 0.71854 0.46501 0.72461 0.41663 0.69137 0.41211 0.71954 0.41336 0.77934 0.42854 0.83331 0.43151 0.88096 0.44708 0.92949 0.46220 0.91970 0.48707 0.89974 0.49795 0.87339 0.53049 0.80785 0.53374 0.79997 0.54243 0.76371
4 0.59050 0.59507 0.58838 0.53412 0.58656 0.47154 0.58823 0.43353 0.57649 0.38254 0.55469 0.31999 0.54146 0.30279 0.52365 0.29886 0.51675 0.29427 0.45245 0.29794 0.43014 0.33297 0.40102 0.41370 0.39157 0.44558 0.38486 0.48987 0.37522 0.61529 0.39553 0.67511 0.46410 0.72455 0.55036 0.71705 0.58370 0.69226 0.59218 0.64810 0.59050 0.59507
4 0.32780 0.63504 0.34742 0.62556 0.37765 0.60599 0.38053 0.55190 0.38807 0.44397 0.38287 0.41512 0.37507 0.33323 0.34033 0.24940 0.30137 0.21277 0.25996 0.26279 0.24069 0.33194 0.19757 0.44555 0.19408 0.49548 0.19681 0.53363 0.20660 0.56149 0.22129 0.59637 0.23911 0.61257 0.27355 0.63667 0.32780 0.63504
4 0.15030 0.28223 0.12431 0.24109 0.07772 0.23646 0.03664 0.32041 0.02674 0.38479 0.02303 0.50253 0.05322 0.57377 0.09548 0.61474 0.13194 0.59691 0.19337 0.54424 0.19770 0.43066 0.20006 0.39691 0.15030 0.28223
