4 0.22942 0.71666 0.16862 0.55638 0.07758 0.57411 0.08658 0.61707 0.09520 0.65689 0.10883 0.68445 0.11371 0.73948 0.15393 0.81583 0.18523 0.84254 0.19045 0.81726 0.19715 0.78022 0.21134 0.75530 0.22942 0.71666
4 0.39410 0.26405 0.38958 0.23190 0.37185 0.19667 0.35720 0.15613 0.34105 0.08951 0.32826 0.06838 0.30912 0.05140 0.28507 0.04822 0.27930 0.04903 0.25930 0.07476 0.23638 0.12227 0.21320 0.21571 0.19987 0.30278 0.19494 0.33139 0.19064 0.46803 0.20272 0.54010 0.33640 0.53936 0.36487 0.53205 0.37323 0.51451 0.37846 0.49572 0.38174 0.47071 0.37817 0.45154 0.38217 0.38209 0.38680 0.32410 0.39410 0.26405
4 0.63688 0.52174 0.68480 0.54779 0.69627 0.55930 0.74710 0.54391 0.76073 0.52888 0.78338 0.48635 0.77931 0.45744 0.77144 0.42250 0.76030 0.36998 0.75156 0.32362 0.74636 0.28668 0.74094 0.24810 0.73642 0.21594 0.73213 0.18538 0.71874 0.17414 0.66695 0.17649 0.64165 0.21284 0.63260 0.25346 0.61891 0.30047 0.60723 0.33636 0.61047 0.35494 0.60799 0.37989 0.60771 0.41928 0.60764 0.45371 0.62022 0.50110 0.63688 0.52174
4 0.81451 0.58203 0.80980 0.53510 0.80114 0.50846 0.79789 0.50567 0.78962 0.46092 0.77999 0.46227 0.78552 0.48773 0.75861 0.53411 0.70590 0.55794 0.65693 0.53859 0.66913 0.62538 0.67820 0.67657 0.70152 0.71589 0.75849 0.77184 0.81370 0.77227 0.81757 0.73731 0.81933 0.68622 0.82332 0.64469 0.81925 0.61577 0.81451 0.58203
4 0.08748 0.62350 0.07825 0.57889 0.07713 0.57086 0.03887 0.57787 0.05606 0.67220 0.05585 0.71976 0.06782 0.80495 0.08352 0.82573 0.10644 0.82083 0.10620 0.77008 0.10990 0.73346 0.10744 0.68796 0.09311 0.64894 0.08748 0.62350
4 0.00000 0.53496 0.00575 0.57585 0.02669 0.54029 0.02402 0.50787 0.01942 0.46749 0.02320 0.39650 0.02758 0.33030 0.03620 0.25858 0.05005 0.20254 0.03762 0.19117 0.02593 0.15677 0.00430 0.12209 0.00000 0.11901 0.00000 0.53496
4 0.60766 0.42585 0.60950 0.38293 0.60371 0.35589 0.59756 0.31903 0.55545 0.20203 0.52339 0.16225 0.49322 0.14357 0.44779 0.16318 0.42300 0.21077 0.41431 0.23991 0.39888 0.28468 0.39628 0.31453 0.38558 0.37836 0.38204 0.42308 0.38439 0.45392 0.38959 0.49091 0.39371 0.51326 0.41756 0.52958 0.44432 0.55205 0.48037 0.56996 0.52059 0.56919 0.57353 0.54700 0.60218 0.51350 0.60467 0.48854 0.60766 0.42585
4 0.23087 0.54438 0.20525 0.54468 0.16984 0.55783 0.17139 0.56911 0.24204 0.74280 0.24864 0.78285 0.26861 0.82758 0.30574 0.86008 0.32993 0.79435 0.34240 0.75000 0.34809 0.70010 0.31581 0.56848 0.30603 0.54032 0.23087 0.54438
4 0.48726 0.57062 0.46167 0.56273 0.44046 0.55259 0.41667 0.52970 0.39847 0.51914 0.39061 0.51207 0.38194 0.50017 0.37556 0.49613 0.36553 0.53033 0.30856 0.54490 0.35770 0.72655 0.38627 0.79630 0.40689 0.83107 0.43034 0.85075 0.46022 0.84655 0.48072 0.81744 0.48713 0.76570 0.50531 0.68445 0.49123 0.61922 0.48726 0.57062
4 0.95048 0.61863 0.94812 0.61867 0.94127 0.58481 0.93694 0.53667 0.92538 0.49651 0.91605 0.44501 0.88502 0.40486 0.84143 0.39624 0.81510 0.40487 0.80057 0.41348 0.79595 0.42887 0.78962 0.46092 0.79527 0.50110 0.80882 0.52050 0.81564 0.55564 0.83057 0.59120 0.85535 0.63525 0.87828 0.66482 0.89589 0.66403 0.94254 0.66072 0.95410 0.64436 0.95048 0.61863
4 0.66162 0.65592 0.65643 0.61899 0.65010 0.57397 0.64327 0.53227 0.61977 0.49791 0.60473 0.49671 0.60173 0.51025 0.57493 0.54356 0.51769 0.56960 0.48726 0.57062 0.49062 0.57996 0.50244 0.62913 0.52049 0.65939 0.55326 0.69738 0.56248 0.72725 0.59513 0.76364 0.62286 0.78597 0.67200 0.75777 0.66917 0.72752 0.66922 0.69588 0.66162 0.65592
4 0.19478 0.50517 0.19214 0.45145 0.19167 0.39905 0.19312 0.33826 0.20132 0.29277 0.20773 0.23285 0.18291 0.21010 0.17115 0.19701 0.13800 0.17051 0.10922 0.14832 0.09081 0.14272 0.06778 0.16070 0.04990 0.20912 0.03144 0.28716 0.02088 0.46403 0.02584 0.52729 0.03870 0.56971 0.04374 0.57068 0.07751 0.56593 0.11505 0.56716 0.13864 0.56059 0.14709 0.55778 0.20000 0.54872 0.19953 0.53892 0.19478 0.50517
