4 0.12037 0.50145 0.12122 0.54058 0.12339 0.55495 0.12687 0.57452 0.14117 0.61888 0.17974 0.64301 0.19231 0.62605 0.20965 0.60778 0.22784 0.57973 0.24821 0.54385 0.25427 0.52298 0.24865 0.49688 0.23478 0.48057 0.23088 0.47796 0.22741 0.46491 0.22438 0.45252 0.20878 0.43425 0.20227 0.42968 0.17107 0.43881 0.15677 0.45644 0.14419 0.47078 0.12080 0.48970 0.12037 0.50145
4 0.22828 0.78394 0.23174 0.81459 0.23218 0.81917 0.24041 0.84135 0.25081 0.85113 0.27595 0.85440 0.29416 0.83874 0.29849 0.83222 0.30499 0.81851 0.31323 0.80154 0.31409 0.78394 0.31756 0.76175 0.31063 0.74675 0.30283 0.72847 0.29545 0.72131 0.28462 0.71282 0.27032 0.71087 0.25254 0.70956 0.24214 0.71608 0.22872 0.73434 0.22568 0.76044 0.22828 0.78394
4 0.22840 0.16594 0.25430 0.17695 0.26643 0.17411 0.27781 0.15028 0.28622 0.13174 0.28551 0.11897 0.28405 0.10332 0.28145 0.09000 0.27521 0.08374 0.26117 0.07122 0.24193 0.04929 0.22580 0.04067 0.21643 0.03755 0.19875 0.04537 0.19875 0.10410 0.21107 0.15656 0.22155 0.15621 0.22840 0.16594
1 0.71400 0.16851 0.71519 0.17493 0.71878 0.17621 0.72082 0.17261 0.72066 0.17158 0.72611 0.16851 0.72782 0.16825 0.73174 0.16722 0.73123 0.16285 0.72883 0.16131 0.72560 0.15644 0.72048 0.15541 0.71690 0.15362 0.71503 0.16131 0.71400 0.16851
1 0.23987 0.73738 0.23946 0.74292 0.24090 0.74817 0.24233 0.75433 0.24376 0.75988 0.24437 0.76603 0.24601 0.76973 0.25052 0.76849 0.25399 0.76110 0.25707 0.75649 0.26095 0.74970 0.26320 0.73954 0.26402 0.73277 0.26074 0.71920 0.25297 0.72353 0.24867 0.72998 0.24478 0.72876 0.23987 0.73738
4 0.75367 0.17220 0.76199 0.13619 0.76511 0.12523 0.76044 0.11583 0.75628 0.11271 0.73703 0.12289 0.72455 0.13463 0.71571 0.15420 0.71363 0.16672 0.69750 0.19647 0.70577 0.21365 0.72226 0.21135 0.73703 0.19021 0.75367 0.17220
4 0.61790 0.14787 0.62886 0.13777 0.63875 0.13936 0.64757 0.11741 0.64914 0.09626 0.64705 0.08060 0.64290 0.05399 0.62834 0.01250 0.62729 0.01250 0.61273 0.03207 0.60442 0.05007 0.58933 0.06183 0.57737 0.07200 0.57529 0.12993 0.61237 0.15000 0.61790 0.14787
1 0.14959 0.48801 0.15417 0.49798 0.16384 0.50181 0.17250 0.50640 0.17607 0.50640 0.17504 0.49261 0.17556 0.49108 0.18014 0.48723 0.18930 0.48264 0.20051 0.47115 0.18370 0.46654 0.16741 0.47115 0.15417 0.47575 0.14959 0.48801
4 0.53557 0.00000 0.50144 0.00076 0.47596 0.03677 0.47803 0.06339 0.47491 0.08140 0.47024 0.10879 0.46660 0.12679 0.47075 0.13777 0.48115 0.14480 0.49676 0.14637 0.51392 0.14403 0.53472 0.14558 0.55813 0.14715 0.57008 0.14325 0.57529 0.13463 0.57632 0.11583 0.57737 0.08922 0.57632 0.06653 0.56905 0.03129 0.55761 0.00936 0.54773 0.00232 0.53693 0.00000 0.53557 0.00000
4 0.17763 0.20124 0.19201 0.19853 0.20549 0.18500 0.21625 0.18245 0.22544 0.17518 0.22975 0.16741 0.22191 0.15656 0.20999 0.15660 0.20094 0.11596 0.19740 0.10383 0.16954 0.07137 0.15426 0.06461 0.15157 0.09707 0.13988 0.10654 0.10754 0.11466 0.09405 0.15254 0.11107 0.17801 0.15607 0.17147 0.16514 0.19326 0.17763 0.20124
4 0.48225 0.91768 0.47488 0.91833 0.47141 0.91768 0.46664 0.91963 0.46145 0.93855 0.46708 0.95683 0.48442 0.97509 0.50261 0.98030 0.51258 0.97314 0.52775 0.96399 0.54119 0.95551 0.55332 0.93725 0.55939 0.92486 0.56113 0.90658 0.56199 0.89876 0.55766 0.89418 0.55376 0.89092 0.54942 0.88702 0.54509 0.88376 0.53946 0.87918 0.49178 0.86808 0.48919 0.88637 0.48744 0.90528 0.48528 0.91768 0.48225 0.91768
4 0.31192 0.90202 0.32363 0.91310 0.33749 0.91050 0.35483 0.90397 0.36350 0.89353 0.37044 0.87787 0.37260 0.86679 0.37260 0.85440 0.36913 0.84069 0.36523 0.83677 0.35700 0.82895 0.33793 0.81982 0.31323 0.84200 0.30369 0.85440 0.30542 0.88376 0.31192 0.90202
4 0.37612 0.00000 0.36622 0.01564 0.36206 0.03442 0.36050 0.05321 0.36050 0.07043 0.35685 0.09078 0.35789 0.11113 0.35894 0.11505 0.37194 0.13229 0.38598 0.14403 0.40263 0.14325 0.41979 0.13697 0.43538 0.13463 0.43903 0.12679 0.44267 0.11035 0.45047 0.09158 0.45411 0.07826 0.45411 0.06573 0.45463 0.05791 0.46087 0.04381 0.45775 0.01720 0.44787 0.00466 0.44527 0.00154 0.44007 0.00154 0.43530 0.00000 0.37612 0.00000
4 0.61226 0.77610 0.61574 0.79307 0.61834 0.80480 0.63091 0.82308 0.64650 0.82699 0.65777 0.82504 0.66991 0.81330 0.67858 0.80285 0.68941 0.76762 0.68898 0.75392 0.68595 0.73957 0.68378 0.70303 0.68031 0.69587 0.67597 0.68934 0.67295 0.68411 0.66644 0.67693 0.65430 0.68020 0.64044 0.68803 0.62050 0.73108 0.61443 0.75718 0.61226 0.77610
1 0.65470 0.75092 0.66998 0.74325 0.67405 0.72332 0.67508 0.70952 0.67609 0.70110 0.66947 0.69035 0.66387 0.68576 0.65216 0.68346 0.64910 0.68883 0.63892 0.69573 0.62364 0.73482 0.62313 0.75858 0.63637 0.75704 0.65470 0.75092
1 0.59034 0.83321 0.59123 0.84163 0.59358 0.84518 0.60154 0.84296 0.60861 0.84296 0.61155 0.83410 0.60890 0.83099 0.60655 0.82966 0.60596 0.81989 0.60243 0.81945 0.59093 0.82388 0.58857 0.82966 0.59034 0.83321
1 0.31768 0.08356 0.32616 0.09635 0.32863 0.08622 0.32969 0.06653 0.32793 0.05695 0.32121 0.04525 0.31662 0.04312 0.30919 0.04684 0.30636 0.05908 0.30707 0.07665 0.30954 0.08410 0.31768 0.08356
1 0.53762 0.01649 0.54504 0.02076 0.55071 0.02555 0.55777 0.02608 0.55106 0.01649 0.54575 0.01011 0.53267 0.00160 0.52171 0.00851 0.52913 0.01489 0.53762 0.01649
4 0.38257 0.92028 0.37650 0.93528 0.37563 0.93528 0.37607 0.94573 0.40814 0.97835 0.42938 0.98227 0.44541 0.97835 0.46014 0.96073 0.46362 0.95094 0.46058 0.93986 0.46187 0.92681 0.44974 0.91963 0.43761 0.90723 0.41940 0.90137 0.41464 0.90528 0.40337 0.90658 0.39903 0.90855 0.38560 0.91963 0.38257 0.92028
4 0.65018 0.18865 0.65854 0.19575 0.67256 0.19575 0.68295 0.19725 0.69595 0.19413 0.69753 0.19575 0.71307 0.17057 0.71311 0.14480 0.72195 0.11741 0.72403 0.09158 0.71466 0.06573 0.69595 0.06887 0.68450 0.07826 0.67879 0.08530 0.66110 0.10096 0.64654 0.11583 0.63978 0.13933 0.63198 0.13855 0.63510 0.15654 0.64290 0.16438 0.64602 0.18004 0.65018 0.18865
4 0.65473 0.50275 0.65127 0.51645 0.65517 0.53406 0.66644 0.55298 0.68551 0.57190 0.71021 0.58887 0.72322 0.60387 0.74099 0.60975 0.74835 0.60649 0.76352 0.59147 0.77132 0.57973 0.77955 0.56537 0.78432 0.54450 0.78519 0.52298 0.78562 0.50406 0.78476 0.47012 0.78130 0.45512 0.77263 0.44468 0.73968 0.41729 0.71975 0.40229 0.69764 0.40358 0.67468 0.42511 0.65994 0.45317 0.65561 0.47925 0.65473 0.50275
4 0.56286 0.82895 0.55593 0.84917 0.55203 0.86548 0.55203 0.87200 0.55376 0.89223 0.57370 0.91442 0.59233 0.91376 0.60750 0.89745 0.61963 0.86548 0.62483 0.84200 0.62743 0.83025 0.62743 0.82635 0.62050 0.82177 0.61107 0.81277 0.59406 0.81459 0.57110 0.81917 0.56286 0.82895
1 0.68547 0.09404 0.69057 0.10170 0.69942 0.11321 0.70792 0.12470 0.70410 0.11129 0.69905 0.10043 0.70286 0.09277 0.70580 0.08575 0.70286 0.07488 0.69226 0.07551 0.68589 0.08062 0.68207 0.08766 0.68547 0.09404
4 0.30070 0.13619 0.31525 0.13697 0.32305 0.13619 0.32877 0.12759 0.32981 0.10332 0.32981 0.09158 0.33397 0.07826 0.34282 0.05321 0.34230 0.04695 0.33657 0.03677 0.33190 0.03599 0.31577 0.03442 0.29340 0.02816 0.28561 0.03755 0.28145 0.08766 0.28751 0.12837 0.29445 0.13229 0.30070 0.13619
4 0.82159 0.10479 0.79733 0.11458 0.77653 0.12044 0.76742 0.12436 0.76439 0.12828 0.76265 0.14394 0.75832 0.16089 0.75181 0.17459 0.74879 0.18177 0.75746 0.18569 0.77999 0.19677 0.79472 0.19548 0.82159 0.10479
