4 0.77340 0.49542 0.77055 0.48752 0.73550 0.48603 0.74566 0.51095 0.73780 0.58001 0.74379 0.59782 0.75172 0.59499 0.76827 0.57808 0.77840 0.55191 0.77828 0.53769 0.77701 0.52240 0.77597 0.50520 0.77340 0.49542
4 0.53209 0.47526 0.51733 0.46210 0.48515 0.47803 0.50458 0.48895 0.51051 0.51285 0.50111 0.53868 0.49514 0.61117 0.51759 0.60886 0.53292 0.60694 0.54751 0.59943 0.55511 0.55246 0.55989 0.51561 0.56000 0.48909 0.53209 0.47526
4 0.37498 0.56998 0.38043 0.59334 0.40225 0.60626 0.41708 0.60241 0.42527 0.57275 0.43213 0.48611 0.40058 0.47128 0.40363 0.43146 0.38373 0.48016 0.37498 0.56998
4 0.69875 0.50805 0.68473 0.49400 0.66771 0.48910 0.64785 0.48666 0.64503 0.49953 0.61550 0.58575 0.62409 0.62380 0.64147 0.65148 0.66400 0.66278 0.67193 0.65996 0.68097 0.64780 0.68746 0.60510 0.69169 0.55541 0.70014 0.52243 0.69875 0.50805
4 0.32111 0.33164 0.31514 0.28775 0.28564 0.28187 0.28413 0.29418 0.27301 0.41548 0.28276 0.45301 0.29712 0.45934 0.31649 0.44923 0.32011 0.43827 0.31742 0.42319 0.31607 0.40942 0.32215 0.37835 0.32872 0.34965 0.32111 0.33164
4 0.61614 0.29861 0.60877 0.29088 0.58378 0.29122 0.56760 0.29375 0.54262 0.30659 0.51533 0.34415 0.50830 0.44437 0.53364 0.47815 0.57450 0.48999 0.60210 0.46838 0.62143 0.40942 0.62745 0.37267 0.62641 0.34413 0.62702 0.31470 0.61614 0.29861
4 0.60795 0.46283 0.60485 0.46244 0.60370 0.46704 0.57501 0.49000 0.56107 0.48603 0.55920 0.52120 0.54897 0.59944 0.55999 0.62254 0.58140 0.61763 0.60446 0.60912 0.61687 0.58504 0.62035 0.57225 0.64507 0.49386 0.61022 0.46498 0.60795 0.46283
4 0.52052 0.46178 0.50472 0.44277 0.50698 0.41805 0.51402 0.34850 0.50775 0.33188 0.49993 0.30933 0.48881 0.29547 0.48685 0.29292 0.45975 0.29190 0.43346 0.30910 0.41333 0.34979 0.40725 0.38087 0.40461 0.42707 0.40221 0.47109 0.43017 0.48361 0.43926 0.48357 0.45516 0.48326 0.48042 0.48070 0.49165 0.47525 0.52052 0.46178
4 0.73085 0.48265 0.69968 0.51097 0.70225 0.52076 0.69238 0.54983 0.68388 0.63968 0.72256 0.60655 0.73788 0.57435 0.74154 0.54452 0.74509 0.51561 0.74221 0.50298 0.73891 0.49404 0.73085 0.48265
4 0.49412 0.48194 0.48615 0.48002 0.43327 0.48492 0.43278 0.49428 0.42444 0.60309 0.42644 0.62795 0.44093 0.63826 0.46645 0.62526 0.49437 0.60556 0.49680 0.58274 0.50240 0.53718 0.51054 0.51236 0.50550 0.49187 0.49412 0.48194
4 0.74540 0.44623 0.75871 0.39336 0.76730 0.36033 0.77033 0.33571 0.75632 0.33283 0.73983 0.33763 0.72500 0.35398 0.71547 0.36982 0.70253 0.38305 0.69527 0.39917 0.69321 0.41598 0.68565 0.46499 0.68121 0.48922 0.69346 0.50283 0.69936 0.50851 0.72163 0.49214 0.73749 0.47366 0.74540 0.44623
4 0.40566 0.36928 0.40552 0.33975 0.38296 0.30175 0.36898 0.28643 0.34588 0.29609 0.33443 0.34011 0.32387 0.37063 0.31453 0.41600 0.32014 0.44400 0.33935 0.45996 0.36022 0.46252 0.38754 0.46136 0.39966 0.43670 0.40395 0.40772 0.40566 0.36928
4 0.68048 0.32242 0.66227 0.32927 0.64623 0.34888 0.62759 0.37153 0.62159 0.41087 0.60869 0.44728 0.61309 0.46516 0.63704 0.48490 0.67457 0.48752 0.68723 0.45841 0.69239 0.42265 0.69940 0.38376 0.70451 0.32988 0.69862 0.32234 0.68048 0.32242
4 0.77791 0.36615 0.76056 0.38450 0.73478 0.48352 0.75536 0.48836 0.76930 0.48550 0.78324 0.46447 0.79228 0.43382 0.79313 0.40210 0.80104 0.34399 0.79550 0.33990 0.77791 0.36615
4 0.78658 0.47397 0.80203 0.47135 0.81786 0.43464 0.81820 0.40743 0.81933 0.37349 0.82166 0.35451 0.79736 0.36171 0.79554 0.38880 0.79283 0.42931 0.78166 0.47110 0.78658 0.47397
4 0.36008 0.46366 0.33698 0.46082 0.32393 0.45014 0.29519 0.46252 0.28914 0.48105 0.28620 0.54202 0.28531 0.58623 0.29634 0.63185 0.33062 0.64178 0.34487 0.63670 0.35279 0.62744 0.37594 0.56212 0.38256 0.48343 0.37509 0.46435 0.36008 0.46366
