4 0.31251 0.66655 0.24699 0.66170 0.23868 0.67735 0.24130 0.71480 0.24604 0.74558 0.26672 0.77333 0.28514 0.76826 0.31823 0.73960 0.34004 0.69283 0.33558 0.66395 0.32897 0.64184 0.31251 0.66655
4 0.88274 0.21726 0.86646 0.20350 0.84830 0.17628 0.82585 0.17785 0.83750 0.25433 0.91668 0.39253 0.92820 0.43062 0.95624 0.42910 0.98237 0.41806 0.97756 0.35979 0.96024 0.31898 0.92324 0.26734 0.91414 0.25302 0.88274 0.21726
4 0.48991 0.72004 0.48969 0.69086 0.48545 0.65631 0.48190 0.64150 0.47669 0.63058 0.47060 0.62438 0.46469 0.62008 0.45797 0.63189 0.39646 0.64840 0.35852 0.60680 0.35047 0.61771 0.34281 0.64273 0.34371 0.67378 0.34825 0.72052 0.36931 0.78873 0.38643 0.81771 0.40990 0.84056 0.45669 0.82786 0.46451 0.80563 0.48991 0.72004
4 0.77592 0.49440 0.76783 0.44501 0.75199 0.40240 0.73811 0.35517 0.73302 0.32923 0.70865 0.32168 0.68750 0.30278 0.67363 0.29833 0.64860 0.32719 0.63272 0.40970 0.63575 0.44066 0.64348 0.46050 0.64695 0.49027 0.66142 0.50953 0.67624 0.52328 0.71087 0.52853 0.75589 0.52593 0.76612 0.51590 0.77592 0.49440
4 0.20993 0.55857 0.20454 0.53320 0.18818 0.51808 0.18007 0.49290 0.16316 0.45744 0.13622 0.43357 0.11345 0.41753 0.08500 0.42357 0.07323 0.42302 0.04357 0.45090 0.03109 0.47889 0.02154 0.54874 0.03076 0.61586 0.05398 0.66441 0.07341 0.67121 0.10568 0.66759 0.12150 0.64884 0.14887 0.66594 0.20791 0.64554 0.21379 0.61390 0.20993 0.55857
4 0.21044 0.79326 0.22839 0.75432 0.23660 0.72833 0.24110 0.69317 0.24021 0.66218 0.23988 0.65749 0.23700 0.64449 0.22978 0.63086 0.21094 0.62939 0.20578 0.64574 0.14950 0.66567 0.12110 0.65353 0.10683 0.66488 0.07161 0.67205 0.05507 0.66850 0.02963 0.61851 0.02554 0.62257 0.01636 0.65241 0.01411 0.69212 0.02490 0.74784 0.03407 0.77169 0.05948 0.81138 0.07017 0.82192 0.11890 0.83735 0.18581 0.83454 0.20002 0.81470 0.21044 0.79326
4 0.34815 0.54759 0.33273 0.50797 0.32838 0.49743 0.30448 0.46519 0.28426 0.43407 0.26895 0.42155 0.22236 0.42618 0.21874 0.50373 0.21442 0.55826 0.22094 0.59987 0.23894 0.65027 0.25152 0.66281 0.29566 0.66383 0.31217 0.66542 0.35391 0.60553 0.35754 0.59169 0.34815 0.54759
4 0.75335 0.52671 0.68786 0.52795 0.68932 0.56915 0.69763 0.59470 0.72053 0.62974 0.72910 0.65270 0.74814 0.66380 0.75787 0.64088 0.76172 0.61508 0.76337 0.58292 0.76004 0.54782 0.75335 0.52671
4 0.91237 0.39557 0.89595 0.35465 0.87392 0.31012 0.81063 0.21825 0.79235 0.20189 0.76053 0.19869 0.74395 0.20664 0.73109 0.22923 0.73575 0.30894 0.73877 0.35211 0.75223 0.40272 0.76908 0.45034 0.81678 0.47412 0.84992 0.47882 0.88415 0.46941 0.91812 0.45214 0.92369 0.42869 0.91237 0.39557
4 0.64558 0.52948 0.64499 0.48208 0.63933 0.45262 0.62538 0.42106 0.60794 0.39106 0.58413 0.36018 0.56504 0.34525 0.52835 0.36277 0.50614 0.40634 0.49046 0.47930 0.49276 0.52527 0.50264 0.55032 0.52124 0.57071 0.55214 0.59977 0.58956 0.61885 0.60124 0.61803 0.61020 0.61741 0.64444 0.56484 0.64558 0.52948
4 0.77026 0.45097 0.77583 0.49309 0.76814 0.51395 0.75519 0.52790 0.76267 0.56665 0.77023 0.60600 0.77950 0.62693 0.78912 0.65239 0.80842 0.59221 0.80861 0.56995 0.80639 0.52563 0.80208 0.48277 0.80120 0.46387 0.77026 0.45097
4 0.66068 0.50838 0.65447 0.50032 0.64381 0.49120 0.64434 0.56703 0.61410 0.61363 0.61617 0.61874 0.63682 0.66501 0.65907 0.68438 0.68454 0.67542 0.69036 0.64034 0.68754 0.60000 0.68717 0.56338 0.68585 0.54452 0.68632 0.52619 0.66288 0.51474 0.66068 0.50838
4 0.49395 0.58078 0.49699 0.54666 0.49095 0.51181 0.47534 0.46951 0.46194 0.45824 0.45515 0.45192 0.43334 0.42249 0.39521 0.40730 0.38277 0.39733 0.37809 0.39497 0.34699 0.41478 0.34630 0.53414 0.35363 0.57433 0.35663 0.59175 0.36551 0.61551 0.39112 0.64237 0.39573 0.64730 0.41809 0.64437 0.45477 0.63518 0.46508 0.61939 0.49395 0.58078
4 0.62112 0.70210 0.61939 0.67735 0.61350 0.66144 0.60192 0.62040 0.59049 0.61857 0.55361 0.60153 0.49574 0.54538 0.49428 0.58081 0.47522 0.60702 0.48793 0.64535 0.50920 0.68834 0.51893 0.72168 0.53826 0.74322 0.57907 0.76650 0.60045 0.77350 0.61807 0.73304 0.62112 0.70210
