4 0.30681 0.65990 0.24150 0.65277 0.23265 0.66812 0.23396 0.70564 0.23762 0.73657 0.25732 0.76502 0.27590 0.76060 0.30998 0.73311 0.33341 0.68713 0.32996 0.65811 0.32412 0.63578 0.30681 0.65990
4 0.89237 0.23079 0.87659 0.21647 0.85939 0.18863 0.83689 0.18942 0.84587 0.26626 0.92018 0.40714 0.93036 0.44560 0.95843 0.44506 0.98493 0.43495 0.98217 0.37654 0.96628 0.33516 0.93110 0.28225 0.92251 0.26763 0.89237 0.23079
4 0.48223 0.71955 0.48303 0.69038 0.48000 0.65571 0.47697 0.64078 0.47215 0.62968 0.46628 0.62327 0.46052 0.61877 0.45339 0.63034 0.39135 0.64470 0.35488 0.60179 0.34645 0.61242 0.33792 0.63716 0.33774 0.66822 0.34065 0.71509 0.35932 0.78399 0.37541 0.81355 0.39807 0.83720 0.44528 0.82615 0.45386 0.80420 0.48223 0.71955
4 0.77595 0.50403 0.76959 0.45439 0.75524 0.41126 0.74302 0.36357 0.73884 0.33747 0.71475 0.32907 0.69427 0.30944 0.68056 0.30451 0.65454 0.33248 0.63579 0.41439 0.63774 0.44543 0.64478 0.46553 0.64720 0.49541 0.66099 0.51516 0.67532 0.52942 0.70974 0.53587 0.75483 0.53484 0.76540 0.52518 0.77595 0.50403
4 0.20806 0.54842 0.20356 0.52287 0.18773 0.50719 0.18051 0.48174 0.16485 0.44571 0.13877 0.42092 0.11656 0.40409 0.08792 0.40913 0.07617 0.40818 0.04556 0.43500 0.03212 0.46254 0.02013 0.53201 0.02700 0.59941 0.04852 0.64874 0.06770 0.65622 0.10007 0.65372 0.11653 0.63554 0.14329 0.65358 0.20301 0.63526 0.20999 0.60385 0.20806 0.54842
4 0.20038 0.78298 0.21968 0.74469 0.22879 0.71900 0.23452 0.68402 0.23471 0.65301 0.23454 0.64832 0.23212 0.63522 0.22538 0.62135 0.20660 0.61922 0.20087 0.63539 0.14393 0.65334 0.11597 0.64021 0.10132 0.65105 0.06587 0.65700 0.04946 0.65287 0.02578 0.60202 0.02155 0.60594 0.01134 0.63544 0.00770 0.67505 0.01653 0.73111 0.02487 0.75526 0.04889 0.79581 0.05920 0.80672 0.10735 0.82385 0.17432 0.82337 0.18922 0.80404 0.20038 0.78298
4 0.34658 0.54227 0.33255 0.50213 0.32858 0.49144 0.30581 0.45839 0.28669 0.42658 0.27182 0.41354 0.22510 0.41654 0.21878 0.49391 0.21256 0.54826 0.21763 0.59007 0.23385 0.64107 0.24598 0.65404 0.29006 0.65660 0.30651 0.65876 0.35032 0.60037 0.35443 0.58666 0.34658 0.54227
4 0.75227 0.53553 0.68677 0.53449 0.68679 0.57571 0.69421 0.60154 0.71587 0.63736 0.72363 0.66060 0.74227 0.67236 0.75280 0.64979 0.75754 0.62415 0.76032 0.59206 0.75821 0.55687 0.75227 0.53553
4 0.91577 0.41002 0.90078 0.36856 0.88032 0.32329 0.82027 0.22926 0.80258 0.21227 0.77088 0.20796 0.75404 0.21533 0.74040 0.23746 0.74228 0.31728 0.74379 0.36053 0.75547 0.41158 0.77065 0.45977 0.81750 0.48520 0.85045 0.49104 0.88498 0.48284 0.91953 0.46676 0.92592 0.44352 0.91577 0.41002
4 0.64446 0.53454 0.64553 0.48715 0.64089 0.45752 0.62806 0.42549 0.61167 0.39489 0.58895 0.36321 0.57040 0.34761 0.53312 0.36384 0.50940 0.40661 0.49119 0.47898 0.49189 0.52500 0.50089 0.55038 0.51876 0.57141 0.54863 0.60153 0.58536 0.62190 0.59706 0.62150 0.60604 0.62118 0.64209 0.56984 0.64446 0.53454
4 0.77180 0.46044 0.77590 0.50272 0.76749 0.52330 0.75406 0.53678 0.76018 0.57577 0.76637 0.61536 0.77490 0.63661 0.78362 0.66239 0.80501 0.60292 0.80598 0.58068 0.80531 0.53631 0.80250 0.49332 0.80227 0.47441 0.77180 0.46044
4 0.66030 0.51398 0.65437 0.50571 0.64403 0.49623 0.64191 0.57203 0.61006 0.61754 0.61195 0.62272 0.63098 0.66968 0.65254 0.68982 0.67831 0.68176 0.68535 0.64690 0.68394 0.60649 0.68484 0.56988 0.68418 0.55098 0.68529 0.53268 0.66227 0.52042 0.66030 0.51398
4 0.49113 0.58052 0.49537 0.54653 0.49054 0.51148 0.47642 0.46867 0.46342 0.45693 0.45686 0.45038 0.43609 0.42021 0.39850 0.40370 0.38643 0.39330 0.38182 0.39078 0.35006 0.40950 0.34520 0.52875 0.35112 0.56917 0.35352 0.58670 0.36156 0.61075 0.38622 0.63848 0.39065 0.64358 0.41310 0.64143 0.45008 0.63352 0.46093 0.61810 0.49113 0.58052
4 0.61399 0.70620 0.61313 0.68141 0.60780 0.66530 0.59766 0.62388 0.58630 0.62165 0.55004 0.60334 0.49416 0.54520 0.49146 0.58057 0.47150 0.60609 0.48286 0.64484 0.50262 0.68855 0.51118 0.72220 0.52975 0.74441 0.56973 0.76910 0.59084 0.77683 0.60987 0.73702 0.61399 0.70620
