4 0.08287 0.54759 0.09023 0.54897 0.18233 0.56241 0.19054 0.55977 0.20333 0.52724 0.21062 0.50701 0.21884 0.45828 0.20333 0.43529 0.19240 0.39195 0.17961 0.34057 0.17775 0.32161 0.13031 0.32299 0.11116 0.33920 0.11209 0.37035 0.09752 0.40414 0.07101 0.51103 0.08287 0.54759
4 0.06923 0.51103 0.09202 0.42713 0.09930 0.37035 0.09752 0.33379 0.07194 0.35414 0.06008 0.34874 0.04364 0.33379 0.03364 0.32575 0.02814 0.34195 0.03085 0.50023 0.03636 0.51506 0.06101 0.51103 0.06923 0.51103
4 0.29822 0.57460 0.34930 0.56103 0.37302 0.51782 0.38310 0.45965 0.37667 0.40276 0.36938 0.36494 0.35202 0.34874 0.32744 0.34874 0.31008 0.34598 0.26899 0.34736 0.24527 0.36218 0.22155 0.46368 0.22341 0.53264 0.25078 0.56241 0.29822 0.57460
4 0.85209 0.61908 0.92109 0.61793 0.93736 0.57655 0.94357 0.51678 0.91876 0.49494 0.91101 0.49035 0.88310 0.51103 0.85752 0.48460 0.83659 0.51678 0.82961 0.53517 0.82961 0.55816 0.83039 0.59494 0.85209 0.61908
4 0.68279 0.55184 0.68388 0.55517 0.72225 0.57138 0.73752 0.55839 0.76589 0.53678 0.76512 0.48161 0.76357 0.45287 0.75620 0.40092 0.73752 0.38310 0.72659 0.38149 0.69922 0.39115 0.67953 0.41391 0.67512 0.43667 0.66419 0.46264 0.66357 0.48736 0.66527 0.52425 0.68279 0.55184
4 0.76822 0.53678 0.82845 0.53563 0.85248 0.48862 0.85031 0.44632 0.83612 0.42368 0.80651 0.42207 0.77147 0.43172 0.76713 0.46747 0.76713 0.51126 0.76822 0.53678
4 0.45519 0.75701 0.47147 0.73632 0.49395 0.71103 0.51101 0.67770 0.52419 0.64667 0.52419 0.63287 0.52109 0.60069 0.51101 0.57540 0.50465 0.55517 0.40868 0.55471 0.40015 0.63172 0.40791 0.70874 0.41953 0.73517 0.45519 0.75701
4 0.35442 0.73517 0.36682 0.73172 0.36837 0.64897 0.36837 0.53172 0.34899 0.55931 0.29163 0.57655 0.26605 0.57080 0.26605 0.57885 0.27457 0.64552 0.28077 0.70874 0.30713 0.72483 0.35442 0.73517
4 0.17690 0.72483 0.22186 0.73402 0.24047 0.71793 0.24899 0.69379 0.25287 0.65816 0.25287 0.62713 0.25287 0.60529 0.25287 0.58000 0.24744 0.56621 0.22264 0.53058 0.21953 0.51333 0.20713 0.52023 0.19085 0.56046 0.16062 0.56276 0.16527 0.60184 0.16217 0.65126 0.16837 0.69609 0.17690 0.72483
4 0.55659 0.56207 0.57985 0.57816 0.59923 0.57931 0.60946 0.57782 0.63357 0.56000 0.66357 0.54828 0.66202 0.50805 0.66419 0.48368 0.66093 0.44632 0.64341 0.40253 0.63248 0.37655 0.61930 0.36356 0.58318 0.36356 0.56132 0.36517 0.55364 0.37012 0.53279 0.39609 0.52953 0.45448 0.52403 0.50483 0.53953 0.54828 0.55659 0.56207
4 0.73891 0.66276 0.77225 0.67080 0.80636 0.65241 0.82341 0.62138 0.82729 0.57540 0.81721 0.56391 0.80170 0.55701 0.78388 0.55701 0.77380 0.55012 0.76295 0.54092 0.72419 0.57080 0.67535 0.55356 0.67457 0.58000 0.68155 0.62138 0.69783 0.65471 0.73891 0.66276
4 0.85798 0.47885 0.88318 0.50965 0.91271 0.48701 0.92481 0.46103 0.93357 0.43506 0.93357 0.39609 0.92806 0.37655 0.92806 0.37012 0.90504 0.37333 0.88209 0.39115 0.87225 0.42207 0.85798 0.45931 0.85798 0.47885
4 0.13116 0.71793 0.14047 0.71218 0.15519 0.69035 0.16217 0.65356 0.16372 0.60529 0.15985 0.56046 0.08930 0.54897 0.08930 0.55586 0.08620 0.66276 0.09085 0.69264 0.10558 0.72253 0.13116 0.71793
4 0.58310 0.70414 0.61411 0.73172 0.64434 0.72483 0.66837 0.69264 0.67612 0.65931 0.68000 0.61103 0.67225 0.59264 0.66140 0.58115 0.65364 0.57425 0.63581 0.55816 0.60946 0.58000 0.58310 0.57770 0.58232 0.58690 0.56372 0.59954 0.56372 0.61333 0.56295 0.64552 0.58310 0.70414
4 0.50217 0.55678 0.51643 0.52264 0.53279 0.45448 0.52295 0.41552 0.50651 0.37494 0.49558 0.36356 0.47589 0.35218 0.44961 0.35874 0.42550 0.35713 0.39705 0.38954 0.39488 0.50000 0.40364 0.54379 0.41473 0.55632 0.50217 0.55678
