4 0.36624 0.46464 0.36313 0.43505 0.35842 0.39885 0.35155 0.37644 0.33962 0.35728 0.33103 0.34456 0.31710 0.33245 0.30330 0.32163 0.28139 0.32801 0.27292 0.37651 0.27012 0.40129 0.27239 0.44866 0.27390 0.47163 0.30013 0.46344 0.32809 0.47136 0.34070 0.49412 0.34912 0.49092 0.36427 0.47168 0.36624 0.46464
4 0.73719 0.43973 0.72633 0.42951 0.68650 0.43032 0.67818 0.43004 0.62935 0.46695 0.63078 0.47358 0.65129 0.56097 0.66677 0.60811 0.69320 0.65179 0.71103 0.68505 0.72564 0.68804 0.74113 0.69210 0.73751 0.62898 0.74255 0.56953 0.74695 0.53960 0.73719 0.43973
4 0.66981 0.36883 0.65718 0.33477 0.64599 0.31417 0.62294 0.28397 0.61314 0.27685 0.59484 0.27465 0.56501 0.28327 0.54996 0.31205 0.54247 0.42983 0.54685 0.47150 0.56033 0.47963 0.58748 0.47135 0.62177 0.46226 0.63162 0.46123 0.64611 0.45292 0.68331 0.42860 0.67752 0.39929 0.66981 0.36883
4 0.73434 0.41961 0.73684 0.43635 0.74725 0.54973 0.81767 0.67495 0.84291 0.68593 0.85557 0.66308 0.83644 0.58118 0.81873 0.46288 0.78412 0.41328 0.76592 0.36190 0.75813 0.38087 0.73434 0.41961
4 0.44326 0.50234 0.43294 0.48302 0.37157 0.47247 0.36116 0.47357 0.34295 0.49640 0.35318 0.56963 0.36882 0.65416 0.37646 0.71228 0.39322 0.72866 0.41665 0.73641 0.42713 0.70016 0.43756 0.65598 0.44267 0.63277 0.44912 0.60831 0.44326 0.50234
4 0.86331 0.43824 0.92019 0.54110 0.94393 0.56038 0.93465 0.48926 0.90630 0.44327 0.89806 0.39924 0.87694 0.39603 0.86230 0.37716 0.86372 0.41642 0.85764 0.43612 0.86331 0.43824
4 0.16066 0.37473 0.13996 0.34971 0.10472 0.34115 0.07615 0.44752 0.08359 0.50118 0.10378 0.53848 0.11280 0.53466 0.13408 0.52740 0.14184 0.51854 0.16080 0.48759 0.16127 0.48347 0.16603 0.40001 0.16066 0.37473
4 0.26876 0.48308 0.27334 0.46626 0.26938 0.42857 0.26631 0.39083 0.24332 0.37012 0.22749 0.35680 0.21563 0.34719 0.18274 0.34386 0.16592 0.39047 0.16183 0.48884 0.17279 0.52444 0.17763 0.53615 0.18489 0.51909 0.19656 0.50967 0.23616 0.50827 0.25089 0.51080 0.26055 0.51657 0.26876 0.48308
4 0.93363 0.32476 0.92910 0.28170 0.92005 0.27315 0.91192 0.26445 0.87540 0.21797 0.85211 0.25445 0.84948 0.27237 0.85302 0.30604 0.85957 0.35975 0.86836 0.38331 0.88258 0.39815 0.92531 0.40045 0.93738 0.39511 0.93698 0.36523 0.93363 0.32476
4 0.62105 0.45988 0.56278 0.47847 0.54279 0.47489 0.54348 0.48844 0.55399 0.58140 0.57197 0.65206 0.59836 0.70258 0.62122 0.69791 0.64058 0.67431 0.64440 0.63877 0.64226 0.57554 0.64276 0.55166 0.63118 0.47012 0.62105 0.45988
4 0.35188 0.57881 0.34953 0.55644 0.34091 0.49611 0.32844 0.47278 0.29955 0.46079 0.27282 0.47154 0.25954 0.51713 0.24878 0.57266 0.25344 0.65266 0.25801 0.72473 0.26179 0.76063 0.27486 0.77057 0.29451 0.76398 0.30842 0.73868 0.32059 0.71815 0.35119 0.61519 0.35188 0.57881
4 0.49069 0.36725 0.48580 0.33785 0.47129 0.32032 0.45350 0.30585 0.43389 0.29976 0.41540 0.30442 0.38449 0.31989 0.36800 0.44681 0.36905 0.47390 0.37440 0.47333 0.43393 0.48065 0.45397 0.49081 0.48220 0.47558 0.51748 0.47594 0.51141 0.44395 0.50057 0.40975 0.49069 0.36725
4 0.94083 0.36755 0.93588 0.39798 0.89923 0.40183 0.89966 0.40586 0.90719 0.44318 0.93375 0.48935 0.94249 0.49522 0.98861 0.50400 0.98911 0.46584 0.97694 0.43585 0.96680 0.40835 0.95698 0.38355 0.94853 0.37217 0.94083 0.36755
4 0.23585 0.67371 0.25375 0.66002 0.24732 0.57407 0.25884 0.51936 0.25128 0.51227 0.23734 0.50900 0.19675 0.51091 0.18523 0.52077 0.17383 0.54167 0.17351 0.58816 0.16697 0.61559 0.14893 0.66862 0.15008 0.68911 0.15783 0.70786 0.16788 0.74380 0.18910 0.75655 0.19813 0.74298 0.22927 0.69090 0.23585 0.67371
4 0.16803 0.53127 0.15699 0.53082 0.14187 0.52613 0.13152 0.52722 0.11882 0.53091 0.10430 0.54189 0.09619 0.61911 0.09778 0.67405 0.10861 0.69729 0.11679 0.69563 0.14499 0.67537 0.15165 0.65325 0.16085 0.63268 0.17318 0.58503 0.17392 0.54247 0.16803 0.53127
4 0.86405 0.41096 0.86385 0.39192 0.85708 0.35322 0.85077 0.31035 0.84954 0.29006 0.82108 0.20874 0.79107 0.24995 0.77739 0.27452 0.76117 0.32655 0.76739 0.35993 0.78467 0.41251 0.82087 0.46447 0.83676 0.44374 0.84961 0.43696 0.85914 0.43324 0.86405 0.41096
4 0.54088 0.48530 0.52307 0.47354 0.48797 0.47613 0.44392 0.49433 0.44647 0.50427 0.45766 0.61078 0.47772 0.68690 0.49818 0.73121 0.51271 0.73310 0.54398 0.68673 0.54487 0.61635 0.55135 0.59189 0.55005 0.57955 0.54713 0.54472 0.54088 0.48530
4 0.83616 0.44657 0.81880 0.46197 0.83866 0.58230 0.87752 0.60813 0.91845 0.67049 0.93080 0.66784 0.93697 0.63185 0.93617 0.61559 0.92332 0.54485 0.86613 0.43930 0.85243 0.43802 0.83616 0.44657
4 0.76020 0.34299 0.75459 0.30683 0.74263 0.28773 0.72188 0.27085 0.71311 0.26499 0.69659 0.26260 0.68382 0.26123 0.67802 0.28361 0.67474 0.36424 0.67752 0.39929 0.68620 0.42151 0.69062 0.42919 0.72665 0.42811 0.73557 0.43537 0.73247 0.42026 0.75666 0.38690 0.76185 0.36730 0.76020 0.34299
