4 0.27811 0.44815 0.30505 0.44275 0.33203 0.45355 0.34219 0.47750 0.35090 0.47520 0.36797 0.45765 0.37066 0.45085 0.37066 0.42110 0.36977 0.38460 0.36528 0.36160 0.35542 0.34130 0.34821 0.32775 0.33561 0.31425 0.32302 0.30205 0.30056 0.30610 0.28708 0.35345 0.28169 0.37780 0.27900 0.42515 0.27811 0.44815
4 0.69053 0.70610 0.70475 0.71060 0.71973 0.71625 0.72272 0.65310 0.73395 0.59450 0.74146 0.56520 0.74219 0.46485 0.73246 0.45355 0.69276 0.45020 0.68452 0.44905 0.63209 0.48065 0.63282 0.48740 0.64409 0.57645 0.65455 0.62495 0.67628 0.67115 0.69053 0.70610
4 0.59000 0.48065 0.62505 0.47520 0.63495 0.47520 0.65023 0.46845 0.68977 0.44815 0.68708 0.41840 0.68259 0.38730 0.67359 0.35210 0.66462 0.33045 0.64485 0.29800 0.63585 0.28990 0.61787 0.28580 0.58731 0.29125 0.56934 0.31830 0.54957 0.43465 0.54957 0.47655 0.56213 0.48605 0.59000 0.48065
4 0.83658 0.69935 0.82611 0.61590 0.82086 0.49640 0.79163 0.44345 0.77890 0.39045 0.76917 0.40850 0.74146 0.44455 0.74219 0.46145 0.74070 0.57530 0.79764 0.70720 0.82160 0.72075 0.83658 0.69935
4 0.36990 0.71625 0.39239 0.72640 0.40661 0.69145 0.42160 0.64860 0.42910 0.62605 0.43807 0.60240 0.44332 0.49640 0.43508 0.47610 0.37515 0.45920 0.36468 0.45920 0.34419 0.48000 0.34671 0.55390 0.35342 0.63960 0.35495 0.69820 0.36990 0.71625
4 0.91000 0.48605 0.90641 0.44140 0.88575 0.43600 0.87316 0.41570 0.87047 0.45490 0.86236 0.47385 0.86777 0.47655 0.91359 0.58480 0.93518 0.60645 0.93339 0.53475 0.91000 0.48605
4 0.11130 0.49400 0.13322 0.48900 0.14186 0.48100 0.16395 0.45220 0.16485 0.44815 0.17831 0.36565 0.17561 0.33995 0.15764 0.31290 0.12349 0.30070 0.08395 0.40350 0.08575 0.45765 0.10193 0.49685 0.11130 0.49400
4 0.17561 0.50225 0.18462 0.48605 0.19721 0.47790 0.23674 0.48065 0.25113 0.48470 0.26013 0.49145 0.27179 0.45900 0.27811 0.44275 0.27811 0.40485 0.27900 0.36700 0.25831 0.34400 0.24395 0.32910 0.23316 0.31830 0.20080 0.31155 0.17920 0.35615 0.16485 0.45355 0.17203 0.49010 0.17561 0.50225
4 0.87226 0.39810 0.87854 0.42245 0.89113 0.43870 0.93339 0.44545 0.94595 0.44140 0.94867 0.41165 0.94957 0.37105 0.94957 0.32775 0.94146 0.31830 0.93429 0.30880 0.90282 0.25875 0.87585 0.29260 0.87136 0.31015 0.87136 0.34400 0.87226 0.39810
4 0.59987 0.70950 0.62160 0.68805 0.62910 0.65310 0.63359 0.59000 0.63658 0.56630 0.63359 0.48400 0.62458 0.47275 0.56468 0.48515 0.54518 0.47950 0.54445 0.49305 0.54518 0.58660 0.55568 0.65875 0.57664 0.71175 0.59987 0.70950
4 0.23585 0.73430 0.24781 0.74555 0.26804 0.74105 0.28452 0.71735 0.29877 0.69820 0.33997 0.59900 0.34445 0.56290 0.34445 0.54040 0.34219 0.47950 0.33223 0.45500 0.30475 0.44005 0.27704 0.44795 0.25907 0.49190 0.24256 0.54600 0.23884 0.62605 0.23585 0.69820 0.23585 0.73430
4 0.43631 0.47385 0.45518 0.48605 0.48485 0.47385 0.51990 0.47790 0.51721 0.44545 0.51000 0.41030 0.50462 0.36700 0.50282 0.33725 0.49023 0.31830 0.47405 0.30205 0.45518 0.29395 0.43631 0.29665 0.40395 0.30880 0.37429 0.43330 0.37249 0.46035 0.37787 0.46035 0.43631 0.47385
4 0.98552 0.55505 0.99000 0.51715 0.98103 0.48605 0.97382 0.45765 0.96664 0.43195 0.95944 0.41975 0.95226 0.41435 0.94415 0.44410 0.90731 0.44410 0.90731 0.44815 0.91090 0.48605 0.93249 0.53475 0.94056 0.54150 0.98552 0.55505
4 0.13223 0.65150 0.13797 0.67095 0.14422 0.70775 0.16399 0.72265 0.17439 0.71010 0.21080 0.66155 0.21914 0.64515 0.23837 0.63340 0.24096 0.54725 0.25814 0.49405 0.25136 0.48620 0.23784 0.48150 0.19728 0.47915 0.18478 0.48775 0.17126 0.50735 0.16608 0.55355 0.15671 0.58015 0.13322 0.63100 0.13223 0.65150
4 0.09844 0.65450 0.12860 0.63730 0.13754 0.61600 0.14884 0.59650 0.16608 0.55040 0.17126 0.50815 0.16658 0.49640 0.15565 0.49480 0.14110 0.48855 0.13070 0.48855 0.11768 0.49090 0.10209 0.50030 0.08595 0.57625 0.08179 0.63105 0.09013 0.65530 0.09844 0.65450
4 0.78056 0.38865 0.79226 0.44275 0.82282 0.49820 0.84080 0.47925 0.85429 0.47385 0.86415 0.47115 0.87136 0.44950 0.87316 0.43055 0.87047 0.39135 0.86867 0.34805 0.86957 0.32775 0.84977 0.24390 0.81561 0.28175 0.79944 0.30475 0.77787 0.35480 0.78056 0.38865
4 0.48827 0.73315 0.52422 0.69030 0.53246 0.62040 0.54146 0.59675 0.54146 0.58435 0.54219 0.54940 0.54219 0.48965 0.52571 0.47610 0.49053 0.47500 0.44482 0.48850 0.44631 0.49865 0.44631 0.60575 0.45831 0.68355 0.47402 0.72975 0.48827 0.73315
4 0.91090 0.71195 0.92080 0.67680 0.92169 0.66055 0.91631 0.58885 0.87047 0.47790 0.85698 0.47520 0.83990 0.48200 0.82103 0.49550 0.82821 0.61725 0.86415 0.64700 0.89834 0.71330 0.91090 0.71195
4 0.69698 0.44950 0.73292 0.45220 0.74103 0.46035 0.73953 0.44500 0.76708 0.41435 0.77429 0.39540 0.77518 0.37105 0.77339 0.33450 0.76349 0.31425 0.74462 0.29530 0.73651 0.28855 0.72033 0.28445 0.70777 0.28175 0.69967 0.30340 0.68797 0.38325 0.68708 0.41840 0.69339 0.44140 0.69698 0.44950
