4 0.36366 0.47643 0.35799 0.44723 0.35014 0.41157 0.34135 0.38985 0.32779 0.37180 0.31813 0.35988 0.30319 0.34903 0.28850 0.33946 0.26723 0.34772 0.26303 0.39677 0.26239 0.42170 0.26878 0.46869 0.27229 0.49144 0.29771 0.48100 0.32625 0.48645 0.34080 0.50803 0.34890 0.50411 0.36232 0.48362 0.36366 0.47643
4 0.73104 0.41928 0.71932 0.41005 0.67971 0.41433 0.67141 0.41478 0.62597 0.45580 0.62798 0.46229 0.65603 0.54755 0.67555 0.59316 0.70570 0.63437 0.72636 0.66596 0.74117 0.66766 0.75696 0.67035 0.74785 0.60779 0.74769 0.54812 0.74947 0.51793 0.73104 0.41928
4 0.65773 0.35453 0.64218 0.32170 0.62924 0.30215 0.60365 0.27407 0.59326 0.26784 0.57484 0.26724 0.54587 0.27843 0.53339 0.30841 0.53619 0.42639 0.54418 0.46752 0.55832 0.47445 0.58465 0.46383 0.61802 0.45180 0.62774 0.44991 0.64145 0.44036 0.67639 0.41289 0.66807 0.38420 0.65773 0.35453
4 0.72645 0.39950 0.73039 0.41595 0.75064 0.52799 0.83171 0.64660 0.85781 0.65533 0.86843 0.63147 0.84224 0.55155 0.81428 0.43524 0.77548 0.38884 0.75288 0.33925 0.74677 0.35882 0.72645 0.39950
4 0.44368 0.50728 0.43172 0.48893 0.36966 0.48377 0.35939 0.48577 0.34323 0.51010 0.35981 0.58216 0.38275 0.66500 0.39543 0.72224 0.41355 0.73710 0.43757 0.74277 0.44486 0.70575 0.45139 0.66083 0.45446 0.63726 0.45875 0.61233 0.44368 0.50728
4 0.85654 0.40681 0.92217 0.50432 0.94750 0.52146 0.93206 0.45142 0.89980 0.40808 0.88776 0.36493 0.86645 0.36357 0.85022 0.34605 0.85505 0.38504 0.85071 0.40519 0.85654 0.40681
4 0.15104 0.40479 0.12823 0.38166 0.09238 0.37620 0.07318 0.48466 0.08528 0.53747 0.10864 0.57286 0.11729 0.56828 0.13786 0.55919 0.14482 0.54969 0.16101 0.51720 0.16111 0.51305 0.15858 0.42950 0.15104 0.40479
4 0.26816 0.50330 0.27126 0.48614 0.26403 0.44894 0.25769 0.41161 0.23298 0.39298 0.21605 0.38110 0.20339 0.37255 0.17034 0.37210 0.15765 0.42000 0.16215 0.51835 0.17616 0.55286 0.18200 0.56410 0.18775 0.54648 0.19856 0.53608 0.23789 0.53124 0.25278 0.53247 0.26291 0.53738 0.26816 0.50330
4 0.91670 0.28764 0.90844 0.24513 0.89868 0.23740 0.88982 0.22945 0.84939 0.18632 0.82937 0.22470 0.82831 0.24278 0.83477 0.27601 0.84598 0.32894 0.85679 0.35165 0.87225 0.36520 0.91502 0.36376 0.92657 0.35739 0.92357 0.32766 0.91670 0.28764
4 0.61710 0.44948 0.56066 0.47308 0.54044 0.47125 0.54231 0.48470 0.56088 0.57639 0.58495 0.64521 0.61564 0.69323 0.63801 0.68660 0.65524 0.66139 0.65594 0.62565 0.64831 0.56286 0.64672 0.53902 0.62808 0.45880 0.61710 0.44948
4 0.35931 0.59142 0.35502 0.56934 0.34118 0.50999 0.32672 0.48784 0.29690 0.47841 0.27121 0.49145 0.26195 0.53802 0.25607 0.59428 0.26769 0.67357 0.27852 0.74496 0.28541 0.78040 0.29929 0.78916 0.31830 0.78088 0.32995 0.75447 0.34029 0.73295 0.36180 0.62772 0.35931 0.59142
4 0.47916 0.36856 0.47172 0.33970 0.45574 0.32350 0.43676 0.31064 0.41669 0.30629 0.39868 0.31254 0.36924 0.33064 0.36387 0.45851 0.36727 0.48541 0.37255 0.48438 0.43249 0.48648 0.45334 0.49486 0.48014 0.47722 0.51532 0.47451 0.50648 0.44317 0.49270 0.41004 0.47916 0.36856
4 0.92761 0.32963 0.92533 0.36038 0.88916 0.36741 0.88993 0.37138 0.90069 0.40790 0.93118 0.45159 0.94039 0.45667 0.98710 0.46140 0.98427 0.42334 0.96953 0.39452 0.95703 0.36802 0.94509 0.34416 0.93568 0.33356 0.92761 0.32963
4 0.25199 0.69607 0.26863 0.68087 0.25474 0.59581 0.26145 0.54031 0.25330 0.53390 0.23913 0.53186 0.19886 0.53730 0.18824 0.54812 0.17870 0.56994 0.18243 0.61628 0.17831 0.64418 0.16496 0.69858 0.16789 0.71889 0.17724 0.73689 0.19040 0.77182 0.21264 0.78267 0.22046 0.76837 0.24694 0.71376 0.25199 0.69607
4 0.17202 0.56009 0.16098 0.56060 0.14551 0.55724 0.13530 0.55923 0.12296 0.56402 0.10946 0.57622 0.10810 0.65385 0.11448 0.70844 0.12730 0.73065 0.13530 0.72828 0.16163 0.70564 0.16633 0.68303 0.17370 0.66173 0.18183 0.61319 0.17886 0.57073 0.17202 0.56009
4 0.85490 0.37957 0.85305 0.36063 0.84293 0.32266 0.83290 0.28050 0.82991 0.26040 0.79448 0.18187 0.76817 0.22554 0.75668 0.25120 0.74506 0.30445 0.75416 0.33716 0.77597 0.38804 0.81655 0.43664 0.83058 0.41460 0.84279 0.40673 0.85196 0.40220 0.85490 0.37957
4 0.53944 0.48179 0.52068 0.47163 0.48594 0.47727 0.44364 0.49924 0.44704 0.50892 0.46748 0.61405 0.49410 0.68813 0.51834 0.73049 0.53297 0.73110 0.56009 0.68218 0.55484 0.61200 0.55916 0.58706 0.55680 0.57489 0.55084 0.54044 0.53944 0.48179
4 0.83022 0.41748 0.81427 0.43433 0.84455 0.55247 0.88551 0.57482 0.93172 0.63338 0.94379 0.62965 0.94680 0.59326 0.94458 0.57714 0.92562 0.50778 0.85944 0.40762 0.84569 0.40754 0.83022 0.41748
4 0.74552 0.32091 0.73679 0.28537 0.72320 0.26739 0.70107 0.25239 0.69182 0.24731 0.67515 0.24637 0.66231 0.24611 0.65849 0.26891 0.66224 0.34953 0.66807 0.38420 0.67865 0.40558 0.68372 0.41284 0.71952 0.40863 0.72904 0.41509 0.72464 0.40030 0.74583 0.36496 0.74929 0.34499 0.74552 0.32091
