4 0.61618 0.77820 0.63077 0.82036 0.65876 0.83010 0.69158 0.84309 0.74023 0.81876 0.75483 0.77170 0.76212 0.64180 0.75239 0.61582 0.73780 0.60283 0.71834 0.58175 0.70375 0.57036 0.67942 0.55902 0.67336 0.55412 0.64537 0.55577 0.62591 0.55577 0.59795 0.57036 0.60525 0.62722 0.59923 0.70258 0.60039 0.75000 0.61618 0.77820
4 0.33653 0.72783 0.38274 0.74407 0.41556 0.74082 0.41919 0.72783 0.41556 0.70510 0.41436 0.65479 0.41436 0.61423 0.41680 0.56876 0.41436 0.52330 0.41436 0.52005 0.34502 0.53629 0.33286 0.58335 0.32556 0.64670 0.32556 0.70510 0.33653 0.72783
4 0.62487 0.55418 0.67355 0.55495 0.69112 0.56515 0.73278 0.59175 0.75444 0.62072 0.76023 0.64330 0.77181 0.65103 0.77440 0.61211 0.78085 0.59959 0.81896 0.58237 0.85707 0.57691 0.88348 0.52598 0.87645 0.49155 0.85355 0.42500 0.81544 0.37567 0.79610 0.36397 0.77614 0.36397 0.75328 0.36943 0.75444 0.39134 0.72865 0.44304 0.70873 0.46887 0.55216 0.47588 0.55390 0.48371 0.57969 0.49155 0.59027 0.52052 0.59788 0.55732 0.60317 0.56361 0.62487 0.55418
4 0.48301 0.48454 0.61158 0.46959 0.71104 0.46809 0.73050 0.44376 0.75239 0.39180 0.75239 0.36098 0.74753 0.32686 0.68552 0.25706 0.63077 0.24247 0.59309 0.23923 0.53714 0.24082 0.52741 0.25057 0.48487 0.27814 0.47270 0.30577 0.46421 0.35933 0.46297 0.41778 0.48301 0.48454
4 0.95181 1.00000 0.95181 0.92752 0.95788 0.77820 0.95181 0.75222 0.94788 0.73505 0.93938 0.71546 0.93235 0.77979 0.92819 0.80103 0.89830 0.79763 0.84672 0.75361 0.86792 0.81711 0.86911 0.89670 0.86911 0.94701 0.89463 0.98923 0.91274 1.00000 0.95181 1.00000
4 0.06780 0.70026 0.08359 0.69376 0.09456 0.67752 0.13591 0.60124 0.15046 0.59799 0.16749 0.61258 0.17846 0.64505 0.17965 0.66613 0.19668 0.63206 0.20154 0.61423 0.20884 0.59799 0.21008 0.57201 0.20641 0.54113 0.18575 0.52330 0.17722 0.51680 0.09332 0.51196 0.07873 0.57850 0.05683 0.63856 0.05320 0.69211 0.06780 0.70026
4 0.03741 0.93077 0.09819 0.87557 0.17479 0.79438 0.18575 0.78629 0.18208 0.74082 0.17846 0.71000 0.17846 0.68237 0.17602 0.65804 0.16386 0.60608 0.15533 0.59150 0.13467 0.60933 0.08726 0.68887 0.04347 0.80088 0.03255 0.89505 0.03741 0.93077
4 0.25262 0.77005 0.29398 0.71650 0.32193 0.68887 0.32799 0.65479 0.32799 0.61747 0.33166 0.59799 0.33286 0.58175 0.31707 0.55252 0.30371 0.54278 0.25869 0.54603 0.24896 0.55252 0.22100 0.57526 0.20035 0.61423 0.19181 0.63856 0.17602 0.66454 0.18208 0.73758 0.18452 0.77330 0.20521 0.77330 0.25262 0.77005
4 0.86668 0.77330 0.88008 0.78304 0.89830 0.79603 0.92749 0.80088 0.93235 0.77979 0.93842 0.68237 0.93842 0.62072 0.90560 0.55088 0.88494 0.50057 0.88494 0.51680 0.85819 0.57526 0.84479 0.57686 0.81683 0.58335 0.78158 0.59634 0.77429 0.61423 0.77185 0.64830 0.78158 0.66778 0.81803 0.69376 0.83506 0.73923 0.86668 0.77330
4 0.25251 0.49536 0.26216 0.54227 0.31081 0.53711 0.38147 0.52062 0.42008 0.50979 0.43938 0.49175 0.47645 0.48402 0.46664 0.43077 0.46540 0.38046 0.46540 0.35933 0.46525 0.31856 0.46664 0.27495 0.44718 0.24247 0.40707 0.24897 0.38394 0.24897 0.35961 0.24407 0.32193 0.24732 0.30977 0.25546 0.28058 0.28144 0.23560 0.31711 0.21857 0.34309 0.21371 0.41613 0.22710 0.46650 0.25251 0.49536
4 0.44595 0.81552 0.46540 0.86583 0.57487 0.85608 0.59919 0.69536 0.60405 0.64180 0.59432 0.56227 0.59066 0.52170 0.57730 0.49082 0.55054 0.48433 0.43900 0.49021 0.42405 0.50546 0.42042 0.52655 0.41556 0.64505 0.42892 0.75871 0.44595 0.81552
4 0.81803 0.89021 0.86792 0.94861 0.87641 0.95350 0.87035 0.86907 0.86792 0.83175 0.85938 0.79278 0.84965 0.76845 0.83992 0.74082 0.81560 0.69376 0.80710 0.68727 0.78031 0.66443 0.76216 0.64639 0.75602 0.77005 0.74873 0.81552 0.75726 0.83825 0.81803 0.89021
4 0.23436 0.53304 0.24776 0.52820 0.25625 0.50871 0.24776 0.48923 0.22344 0.45835 0.20884 0.41778 0.21251 0.38696 0.21857 0.33500 0.15170 0.36423 0.12494 0.38531 0.10915 0.39670 0.08602 0.45186 0.08483 0.47459 0.10672 0.50706 0.11158 0.50871 0.19668 0.52170 0.21857 0.53464 0.23436 0.53304
