4 0.61796 0.11755 0.60347 0.11240 0.59529 0.10860 0.55465 0.15113 0.55268 0.19461 0.58781 0.24663 0.61751 0.24611 0.64689 0.22663 0.66780 0.19539 0.67036 0.17512 0.66100 0.15998 0.64610 0.14002 0.63158 0.12273 0.61796 0.11755
4 0.88187 0.79349 0.87282 0.78971 0.86560 0.78836 0.84974 0.80908 0.79073 0.83295 0.78290 0.84938 0.77423 0.86707 0.76850 0.90117 0.77264 0.93208 0.78772 0.97106 0.81122 0.99464 0.81242 0.99462 0.85626 0.97659 0.90719 0.95406 0.90562 0.91621 0.90616 0.84313 0.89379 0.80563 0.88187 0.79349
4 0.38834 0.16622 0.37640 0.15287 0.35529 0.13160 0.33542 0.12653 0.31685 0.14582 0.30096 0.16501 0.29965 0.19208 0.30495 0.23937 0.32376 0.28381 0.33286 0.29032 0.34097 0.29017 0.37689 0.28561 0.40399 0.23765 0.40385 0.22951 0.40959 0.19831 0.39655 0.17416 0.38834 0.16622
4 0.23309 1.00000 0.23377 0.99948 0.24970 0.98297 0.26116 0.96003 0.27474 0.93378 0.27520 0.89808 0.24663 0.86934 0.19533 0.83941 0.17468 0.83327 0.15271 0.81256 0.13134 0.82588 0.11561 0.85376 0.11105 0.90095 0.12270 0.94944 0.12864 0.98180 0.13593 1.00000 0.23309 1.00000
4 0.73225 0.26859 0.73171 0.23734 0.72597 0.21711 0.71571 0.19837 0.68299 0.17998 0.67150 0.19253 0.66715 0.20190 0.63707 0.23085 0.63659 0.25523 0.65478 0.31847 0.68143 0.34916 0.70050 0.35828 0.71751 0.35121 0.72894 0.33751 0.73225 0.26859
4 0.77773 0.44897 0.77533 0.41529 0.76742 0.37482 0.75813 0.35728 0.74266 0.34809 0.73076 0.33748 0.71843 0.35392 0.70144 0.35963 0.68603 0.35449 0.67893 0.36002 0.65966 0.39146 0.65288 0.41595 0.65239 0.43760 0.66025 0.47551 0.68132 0.49678 0.69497 0.50589 0.72818 0.49990 0.75779 0.49397 0.77630 0.47075 0.77773 0.44897
4 0.30240 0.53717 0.22870 0.52381 0.20880 0.49820 0.19164 0.50500 0.17058 0.53619 0.16871 0.55410 0.16916 0.58005 0.17635 0.61889 0.18302 0.63014 0.23876 0.66655 0.24514 0.66152 0.25912 0.65805 0.27093 0.65298 0.28883 0.62671 0.29302 0.61849 0.29675 0.58432 0.30162 0.55500 0.30240 0.53717
4 0.32248 0.41631 0.30502 0.39765 0.24154 0.37170 0.22707 0.36791 0.20917 0.37375 0.20406 0.44139 0.21020 0.48456 0.21139 0.50077 0.22705 0.52094 0.27673 0.52942 0.29537 0.51554 0.30609 0.50874 0.32441 0.47716 0.33324 0.46618 0.32524 0.42047 0.32248 0.41631
4 0.60479 0.03389 0.59920 0.02180 0.59009 0.01655 0.57480 0.01392 0.55579 0.01037 0.54670 0.00649 0.48627 0.00093 0.48210 0.01844 0.48293 0.06575 0.49060 0.09273 0.50678 0.14250 0.52451 0.17881 0.53704 0.18400 0.55285 0.15252 0.58378 0.11815 0.60583 0.09339 0.60531 0.06361 0.60479 0.03389
4 0.43323 0.00453 0.41985 0.01275 0.39739 0.01587 0.38219 0.02018 0.35632 0.03419 0.34859 0.05607 0.35880 0.12612 0.41490 0.19160 0.42998 0.18046 0.44128 0.15715 0.45256 0.13263 0.45848 0.11099 0.46781 0.07689 0.46528 0.03633 0.45747 0.00143 0.43323 0.00453
4 0.28466 0.75828 0.28842 0.72575 0.27682 0.68048 0.21905 0.65225 0.16248 0.63050 0.13570 0.64234 0.12215 0.67017 0.11884 0.72871 0.12957 0.78695 0.13764 0.81604 0.15265 0.80928 0.16927 0.83172 0.20845 0.84891 0.21815 0.84874 0.24004 0.86295 0.25820 0.85127 0.27258 0.81046 0.27634 0.77788 0.28466 0.75828
4 0.81657 0.50918 0.80822 0.49309 0.79361 0.48127 0.78258 0.47064 0.75605 0.49668 0.72091 0.49609 0.68768 0.55067 0.69348 0.57489 0.70674 0.61133 0.72950 0.62569 0.75119 0.63072 0.79327 0.61796 0.81740 0.60672 0.81326 0.57553 0.81903 0.54564 0.81657 0.50918
4 0.87048 0.75986 0.86716 0.72352 0.87283 0.68828 0.86783 0.65978 0.85454 0.61957 0.84529 0.60623 0.83621 0.60098 0.83086 0.60495 0.81830 0.60790 0.74320 0.63763 0.72068 0.68940 0.71863 0.72611 0.73381 0.77039 0.74897 0.81357 0.75172 0.81740 0.76649 0.83611 0.81123 0.82178 0.84880 0.80762 0.86285 0.78721 0.87048 0.75986
4 0.23420 0.25952 0.22865 0.30443 0.23247 0.36645 0.29950 0.38966 0.31278 0.37735 0.32570 0.34455 0.32721 0.32692 0.32195 0.28384 0.28577 0.22211 0.26749 0.20620 0.24889 0.22412 0.23420 0.25952
