4 0.42660 0.44580 0.42869 0.42555 0.41910 0.40766 0.39386 0.40950 0.39368 0.42286 0.38098 0.45952 0.37848 0.47560 0.37871 0.48495 0.38613 0.49190 0.40238 0.49065 0.41142 0.48996 0.41831 0.48478 0.41922 0.47424 0.42660 0.44580
4 0.39837 0.50278 0.39809 0.49607 0.39557 0.49350 0.37490 0.48655 0.37128 0.49395 0.36687 0.50989 0.36247 0.52735 0.35855 0.54901 0.36009 0.56263 0.38198 0.57188 0.38428 0.56266 0.39167 0.52947 0.39565 0.51396 0.39837 0.50278
4 0.62329 0.50162 0.62323 0.48090 0.62353 0.46696 0.61456 0.45483 0.59916 0.44778 0.58265 0.47095 0.58212 0.48817 0.57845 0.50543 0.57785 0.51869 0.57239 0.52817 0.57380 0.53920 0.58330 0.54112 0.60276 0.53922 0.62044 0.51502 0.62329 0.50162
4 0.54542 0.45368 0.54019 0.46995 0.53719 0.48199 0.53189 0.50484 0.53156 0.52307 0.54043 0.52735 0.56833 0.53446 0.57674 0.51974 0.58244 0.47832 0.58129 0.46064 0.57923 0.44630 0.56732 0.43436 0.54942 0.44323 0.54542 0.45368
4 0.47239 0.50021 0.47368 0.48786 0.47666 0.47178 0.47976 0.45511 0.48246 0.44030 0.48064 0.42994 0.47425 0.41192 0.46856 0.40535 0.46202 0.40263 0.45961 0.40145 0.44540 0.41376 0.43647 0.42454 0.43029 0.43258 0.42697 0.44195 0.42033 0.47320 0.41738 0.49123 0.42546 0.50757 0.43672 0.51328 0.45074 0.51626 0.46549 0.51005 0.47239 0.50021
4 0.59035 0.54870 0.58236 0.55262 0.58081 0.56150 0.57695 0.57805 0.57503 0.60234 0.60590 0.58538 0.61614 0.57887 0.61545 0.56528 0.61563 0.54998 0.61181 0.54713 0.60238 0.54819 0.59035 0.54870
4 0.57599 0.57938 0.57583 0.56248 0.57391 0.55389 0.57210 0.54635 0.55439 0.54310 0.55038 0.54276 0.54158 0.54089 0.53620 0.56939 0.52527 0.58394 0.52944 0.58994 0.53426 0.59454 0.54275 0.59788 0.55068 0.59905 0.56655 0.60294 0.57240 0.58987 0.57599 0.57938
4 0.47910 0.52296 0.49730 0.52953 0.51495 0.52792 0.52212 0.52147 0.53286 0.50238 0.53647 0.47913 0.53717 0.46731 0.53453 0.45474 0.53324 0.43980 0.51750 0.42183 0.51047 0.42366 0.49608 0.43057 0.49080 0.43875 0.48366 0.44924 0.47922 0.45765 0.47666 0.47178 0.47535 0.48418 0.47444 0.49262 0.47240 0.50221 0.47340 0.51643 0.47910 0.52296
4 0.42509 0.50693 0.41783 0.49618 0.39890 0.50187 0.38876 0.54317 0.38632 0.56105 0.39035 0.57417 0.40966 0.58595 0.41418 0.57106 0.42132 0.55673 0.42553 0.54331 0.42690 0.52725 0.43108 0.50922 0.42509 0.50693
4 0.52596 0.52939 0.51846 0.52780 0.50286 0.53061 0.50006 0.54382 0.49453 0.57945 0.49855 0.59257 0.51634 0.59226 0.52485 0.58589 0.53618 0.56786 0.54135 0.54033 0.53858 0.53412 0.52760 0.53127 0.52596 0.52939
4 0.39054 0.38457 0.37711 0.38908 0.36847 0.40053 0.35482 0.41235 0.35254 0.42516 0.34884 0.45105 0.35848 0.47048 0.37632 0.47023 0.37923 0.46487 0.39245 0.42367 0.39753 0.39337 0.39054 0.38457
4 0.46767 0.51342 0.46558 0.51042 0.45013 0.51736 0.43099 0.51125 0.42647 0.52767 0.42549 0.53870 0.42578 0.54695 0.41878 0.56386 0.42300 0.57447 0.44911 0.58309 0.45398 0.56981 0.45934 0.55101 0.46544 0.53033 0.46767 0.51342
4 0.48047 0.52534 0.47040 0.51502 0.46597 0.52942 0.45582 0.56918 0.45574 0.58398 0.47559 0.59638 0.48397 0.58743 0.48967 0.57024 0.49635 0.55325 0.50110 0.53893 0.50263 0.52852 0.49818 0.52860 0.48047 0.52534
