4 0.40828 0.49649 0.41939 0.52300 0.43541 0.52929 0.44730 0.52957 0.46436 0.52062 0.47949 0.51712 0.49808 0.52083 0.51402 0.50115 0.50786 0.47047 0.49067 0.38623 0.47712 0.32534 0.44670 0.24511 0.41205 0.17579 0.38799 0.15630 0.37004 0.15543 0.35300 0.16840 0.34965 0.19522 0.34527 0.24135 0.34543 0.28544 0.34731 0.32307 0.35751 0.39491 0.36179 0.44103 0.37204 0.46371 0.38285 0.46325 0.39175 0.47422 0.40828 0.49649
4 0.72959 0.60939 0.73550 0.61676 0.74506 0.63141 0.75081 0.63605 0.75943 0.64767 0.76899 0.66233 0.77456 0.67357 0.78296 0.69396 0.79114 0.71328 0.79763 0.72539 0.80366 0.73435 0.81156 0.74288 0.81815 0.74678 0.82906 0.75023 0.83553 0.74820 0.84019 0.74278 0.84450 0.73360 0.84504 0.71878 0.84250 0.70033 0.83738 0.67923 0.82800 0.64925 0.82086 0.62259 0.81456 0.59850 0.81133 0.58451 0.80515 0.56745 0.79676 0.54601 0.78131 0.49948 0.77444 0.47932 0.76815 0.46495 0.76259 0.45154 0.75408 0.43718 0.74725 0.43008 0.73901 0.42651 0.73350 0.42724 0.72495 0.43084 0.70926 0.44210 0.70587 0.44885 0.70590 0.45323 0.70559 0.46800 0.70434 0.47860 0.70310 0.49249 0.70788 0.51426 0.71147 0.53518 0.71749 0.57190 0.72023 0.58814 0.72487 0.60067 0.72959 0.60939
4 0.32891 0.81488 0.34090 0.82061 0.34950 0.82058 0.35666 0.81567 0.36072 0.81016 0.36434 0.80015 0.36543 0.78814 0.36508 0.77127 0.36332 0.74948 0.36199 0.73342 0.36165 0.71523 0.36230 0.70007 0.36408 0.68591 0.36741 0.67339 0.36949 0.66572 0.37031 0.65902 0.36873 0.64569 0.36359 0.63118 0.35845 0.61280 0.35314 0.58983 0.34745 0.56764 0.34241 0.54335 0.33912 0.52516 0.33122 0.52305 0.31258 0.51298 0.30142 0.50448 0.29408 0.49962 0.28985 0.49928 0.28649 0.50268 0.28608 0.50865 0.28441 0.51428 0.28008 0.52247 0.27476 0.53152 0.27560 0.53652 0.27584 0.55673 0.27737 0.59164 0.28187 0.62654 0.28649 0.65943 0.30270 0.73603 0.31086 0.77397 0.31500 0.78672 0.31798 0.79584 0.32268 0.80588 0.32891 0.81488
4 0.40039 0.71741 0.40652 0.73362 0.41504 0.75774 0.41888 0.76798 0.42342 0.77606 0.42923 0.78453 0.43701 0.79255 0.44365 0.79816 0.44872 0.79961 0.45493 0.80080 0.46085 0.79681 0.46688 0.79085 0.47076 0.77689 0.47111 0.75787 0.46919 0.73285 0.46842 0.71278 0.46706 0.69021 0.46415 0.66087 0.45856 0.63408 0.45167 0.60041 0.44193 0.55821 0.43849 0.54467 0.43493 0.53175 0.43351 0.52950 0.42196 0.52693 0.41911 0.52234 0.40831 0.49743 0.40506 0.49488 0.40254 0.49420 0.39786 0.49067 0.39263 0.48731 0.38574 0.48564 0.37955 0.48707 0.37196 0.49665 0.35669 0.51780 0.35319 0.52191 0.33948 0.52576 0.34358 0.55090 0.35160 0.58562 0.35845 0.61148 0.36201 0.62567 0.36787 0.64195 0.37099 0.65299 0.37781 0.67099 0.38719 0.68975 0.39429 0.70376 0.40039 0.71741
4 0.72738 0.42779 0.73552 0.40390 0.73208 0.35753 0.71173 0.28709 0.69510 0.23478 0.67047 0.17929 0.64870 0.14024 0.63262 0.12189 0.61772 0.12632 0.61043 0.13804 0.61007 0.16416 0.60897 0.21655 0.60823 0.24882 0.60403 0.27986 0.61538 0.31331 0.62484 0.35426 0.63778 0.40838 0.65298 0.42693 0.68007 0.44174 0.70625 0.44470 0.72738 0.42779
4 0.67473 0.69698 0.68469 0.71959 0.69051 0.73325 0.69515 0.74349 0.69978 0.75286 0.70382 0.75966 0.70698 0.76526 0.71140 0.77107 0.71766 0.77324 0.72343 0.77145 0.73055 0.76755 0.73600 0.75992 0.73879 0.74793 0.73824 0.72676 0.73431 0.69819 0.73026 0.66101 0.71993 0.59218 0.71141 0.53294 0.70643 0.51048 0.70018 0.48697 0.69305 0.46506 0.68803 0.45487 0.68036 0.44575 0.67448 0.44349 0.65715 0.43795 0.64862 0.43585 0.64375 0.43697 0.64178 0.43833 0.64091 0.43899 0.64039 0.45818 0.62782 0.47239 0.60595 0.48291 0.60606 0.48515 0.61629 0.52949 0.63159 0.59129 0.64339 0.63074 0.64691 0.63445 0.65282 0.64308 0.66316 0.66651 0.67473 0.69698
4 0.26986 0.73642 0.27448 0.72165 0.27837 0.70638 0.28205 0.67745 0.28551 0.66291 0.28475 0.64807 0.28317 0.63863 0.28043 0.61905 0.27898 0.60759 0.27679 0.58657 0.27618 0.57234 0.27510 0.54713 0.27339 0.54097 0.27072 0.54095 0.26972 0.54313 0.26665 0.55035 0.26188 0.55800 0.25571 0.56336 0.25150 0.56565 0.24446 0.56727 0.23868 0.56793 0.23531 0.56870 0.23148 0.56502 0.22865 0.56174 0.22270 0.55267 0.21264 0.53605 0.20770 0.52743 0.20685 0.53282 0.20465 0.54508 0.20315 0.55913 0.20378 0.57598 0.20630 0.61003 0.20906 0.63354 0.21196 0.65507 0.21747 0.70082 0.22449 0.72989 0.22822 0.74603 0.23193 0.76087 0.23702 0.76751 0.24266 0.76752 0.25097 0.76366 0.25770 0.75948 0.26330 0.75032 0.26986 0.73642
4 0.58100 0.48767 0.60217 0.48477 0.62850 0.47070 0.64100 0.45777 0.64097 0.43581 0.63294 0.38544 0.61735 0.31987 0.59684 0.26849 0.57871 0.21955 0.56302 0.18308 0.54385 0.14939 0.52605 0.12944 0.50724 0.12877 0.49237 0.14323 0.47971 0.16921 0.47495 0.22746 0.47206 0.26421 0.47720 0.30814 0.49375 0.39556 0.51309 0.48531 0.52332 0.50000 0.53649 0.49795 0.55788 0.49600 0.58100 0.48767
4 0.35378 0.51988 0.36281 0.50776 0.37809 0.48718 0.37564 0.46872 0.36934 0.45914 0.36127 0.44197 0.35942 0.41029 0.35187 0.35190 0.34742 0.32287 0.33177 0.30039 0.31393 0.26644 0.29649 0.23037 0.27433 0.20338 0.26219 0.19416 0.24923 0.19715 0.24411 0.21438 0.23966 0.23847 0.24420 0.29556 0.24870 0.34466 0.25343 0.39466 0.26135 0.43497 0.27097 0.46282 0.29790 0.49869 0.31591 0.51356 0.33672 0.52481 0.35378 0.51988
4 0.50095 0.74835 0.50533 0.76091 0.51053 0.77277 0.51396 0.78016 0.52233 0.78528 0.52784 0.78677 0.53819 0.78981 0.54535 0.78870 0.55051 0.78750 0.55377 0.78350 0.55693 0.77897 0.55797 0.77055 0.55673 0.75560 0.55408 0.73772 0.55249 0.72009 0.55254 0.70213 0.55237 0.68639 0.55360 0.67467 0.55347 0.66547 0.55177 0.65063 0.54829 0.63235 0.54375 0.61057 0.53779 0.58581 0.53039 0.55375 0.52267 0.52777 0.51674 0.51499 0.51193 0.51122 0.50629 0.51143 0.50266 0.51498 0.49693 0.52015 0.47884 0.51994 0.46302 0.52305 0.45165 0.52839 0.43662 0.53077 0.43675 0.53346 0.44690 0.57850 0.45345 0.60583 0.46550 0.65364 0.47000 0.66675 0.47214 0.67173 0.47685 0.68149 0.48434 0.70318 0.49001 0.71494 0.49524 0.73331 0.50095 0.74835
4 0.87316 0.39151 0.86571 0.34210 0.85981 0.30372 0.85338 0.27907 0.84033 0.23963 0.82790 0.21474 0.82238 0.21005 0.81547 0.21436 0.81047 0.23237 0.80819 0.25139 0.80550 0.28140 0.80485 0.29792 0.80443 0.31217 0.80907 0.33121 0.81272 0.36193 0.81564 0.39281 0.81876 0.44164 0.82289 0.44991 0.83293 0.46451 0.84176 0.47386 0.85248 0.47957 0.86187 0.48174 0.87115 0.48123 0.87629 0.47353 0.87883 0.46096 0.87785 0.42036 0.87316 0.39151
4 0.07758 0.58021 0.08638 0.58197 0.09259 0.58000 0.09797 0.57333 0.10041 0.56567 0.10120 0.55843 0.10061 0.55586 0.09859 0.55139 0.09635 0.54486 0.09207 0.52953 0.08219 0.49749 0.07150 0.46189 0.06756 0.44481 0.06318 0.43221 0.05478 0.41620 0.04948 0.41254 0.04290 0.40967 0.03961 0.41043 0.03373 0.40853 0.02785 0.40338 0.02340 0.40332 0.01858 0.40389 0.01601 0.40883 0.01486 0.41560 0.01608 0.42730 0.01740 0.43301 0.02466 0.46018 0.02752 0.47150 0.03464 0.49595 0.04237 0.51867 0.04888 0.53728 0.05493 0.55388 0.06275 0.57057 0.06781 0.57650 0.07758 0.58021
4 0.96124 0.60881 0.97129 0.60966 0.98025 0.60668 0.98149 0.59962 0.97978 0.58600 0.97592 0.57016 0.97244 0.55152 0.96639 0.52443 0.96185 0.50921 0.95111 0.48049 0.94149 0.46191 0.93246 0.44682 0.92481 0.43592 0.91914 0.43000 0.91425 0.42751 0.91308 0.42868 0.91272 0.43420 0.91344 0.44533 0.91278 0.45226 0.91339 0.45755 0.91400 0.46464 0.91246 0.47133 0.90799 0.47417 0.89970 0.47382 0.89101 0.47176 0.88241 0.46832 0.87908 0.46457 0.87870 0.46646 0.87783 0.46892 0.88660 0.49357 0.89686 0.52376 0.90613 0.55417 0.91054 0.55812 0.91630 0.55996 0.92288 0.57155 0.93092 0.58416 0.94414 0.60055 0.96124 0.60881
4 0.07239 0.46268 0.08249 0.49683 0.09486 0.53860 0.10043 0.55418 0.10739 0.56727 0.11272 0.57639 0.11720 0.58300 0.12354 0.58479 0.12671 0.58243 0.13212 0.58335 0.13869 0.58292 0.14362 0.58070 0.14627 0.57407 0.14778 0.56341 0.14737 0.55207 0.14205 0.53969 0.13754 0.52332 0.13194 0.50120 0.12294 0.45155 0.12115 0.44383 0.11214 0.41322 0.10103 0.39621 0.09335 0.38437 0.08214 0.37335 0.07426 0.36703 0.06368 0.36183 0.05886 0.36240 0.05562 0.36862 0.05612 0.38157 0.06224 0.41660 0.07239 0.46268
4 0.89841 0.47358 0.90864 0.47397 0.91236 0.47090 0.91388 0.46350 0.91243 0.45402 0.91273 0.43925 0.91244 0.42517 0.91077 0.41796 0.90810 0.39787 0.90487 0.38067 0.90234 0.35892 0.89871 0.33254 0.89559 0.31477 0.88997 0.28830 0.88060 0.25945 0.87601 0.25671 0.87355 0.25674 0.86863 0.26113 0.86571 0.26669 0.86105 0.27649 0.85829 0.28477 0.85831 0.29561 0.86408 0.33131 0.87094 0.37815 0.87756 0.42070 0.87783 0.43479 0.87936 0.46274 0.88030 0.46469 0.88290 0.46739 0.88808 0.46945 0.89841 0.47358
4 0.28533 0.51222 0.28834 0.49565 0.27436 0.46963 0.26618 0.44895 0.25962 0.42877 0.25227 0.39036 0.25018 0.35997 0.23568 0.33655 0.22420 0.30330 0.20057 0.24690 0.18787 0.22479 0.16962 0.20644 0.15664 0.20777 0.15003 0.22349 0.15194 0.24981 0.15299 0.29216 0.16350 0.35574 0.16631 0.38765 0.18260 0.45491 0.19885 0.51215 0.21915 0.54590 0.23510 0.56893 0.25669 0.56395 0.26689 0.54573 0.28533 0.51222
4 0.57204 0.67665 0.57983 0.69072 0.58899 0.71261 0.59738 0.73111 0.60597 0.74952 0.61563 0.76727 0.62445 0.77337 0.62933 0.77496 0.63279 0.77556 0.64020 0.77200 0.64642 0.76061 0.64979 0.74578 0.64773 0.71723 0.64495 0.68473 0.64252 0.66354 0.63465 0.62046 0.62809 0.59114 0.62282 0.56921 0.61547 0.54007 0.60744 0.51516 0.60319 0.50208 0.59819 0.49551 0.59043 0.49232 0.57295 0.49591 0.55769 0.49943 0.53872 0.50019 0.52367 0.50186 0.52055 0.50891 0.52098 0.51699 0.52387 0.53129 0.53268 0.56145 0.54568 0.61243 0.54837 0.62406 0.55392 0.64091 0.55964 0.65681 0.56281 0.66698 0.57204 0.67665
4 0.91751 0.62569 0.92074 0.62811 0.92015 0.62644 0.92014 0.62463 0.91935 0.62029 0.91745 0.60852 0.91346 0.58322 0.90939 0.56472 0.90347 0.54439 0.89764 0.52539 0.89074 0.50528 0.88267 0.48453 0.87734 0.46858 0.87541 0.47355 0.87319 0.47904 0.87242 0.48193 0.86521 0.48269 0.85203 0.47985 0.84197 0.47449 0.83022 0.46273 0.84750 0.49491 0.85872 0.52126 0.86884 0.54289 0.87761 0.56754 0.88717 0.59472 0.89373 0.60270 0.90225 0.61203 0.91028 0.62013 0.91751 0.62569
4 0.13882 0.52854 0.14495 0.54476 0.15118 0.55639 0.15883 0.56638 0.16730 0.57355 0.17126 0.57526 0.18014 0.57647 0.18773 0.57209 0.19503 0.56521 0.20121 0.55854 0.20470 0.54928 0.20634 0.53452 0.20672 0.52593 0.19978 0.51384 0.18821 0.47663 0.17365 0.41864 0.16793 0.39383 0.16620 0.38636 0.15827 0.37255 0.14974 0.35621 0.13404 0.33569 0.12894 0.32642 0.12297 0.31862 0.11620 0.31499 0.11171 0.31865 0.10668 0.32501 0.10508 0.35151 0.10714 0.37716 0.10790 0.39069 0.11334 0.41557 0.11777 0.43217 0.12276 0.44865 0.12665 0.47063 0.13009 0.49073 0.13411 0.51069 0.13882 0.52854
4 0.95650 0.37481 0.95091 0.34526 0.94534 0.32114 0.93908 0.29582 0.93134 0.26496 0.92767 0.24994 0.92322 0.23691 0.91985 0.23041 0.91624 0.22898 0.91058 0.23390 0.90885 0.24339 0.90489 0.25565 0.90219 0.26441 0.89946 0.26866 0.89665 0.27523 0.89588 0.27903 0.89338 0.29050 0.89382 0.30310 0.89793 0.32802 0.90465 0.37498 0.90577 0.38697 0.90855 0.39722 0.91077 0.41484 0.91156 0.42189 0.91355 0.42419 0.92237 0.43120 0.92945 0.43865 0.93690 0.44417 0.94345 0.44767 0.94865 0.44873 0.95430 0.44290 0.95905 0.43137 0.96023 0.40975 0.95921 0.39457 0.95650 0.37481
4 0.20636 0.74389 0.20939 0.72361 0.21261 0.71568 0.21525 0.70789 0.21648 0.69910 0.21474 0.68124 0.21210 0.65960 0.20980 0.64187 0.20691 0.62296 0.20587 0.60814 0.20453 0.59213 0.20335 0.57803 0.20263 0.56843 0.20343 0.55649 0.19374 0.56718 0.18419 0.57463 0.17729 0.57817 0.16673 0.57473 0.16008 0.56781 0.15231 0.56110 0.14863 0.55671 0.14727 0.57271 0.15147 0.60244 0.16364 0.65515 0.17603 0.69212 0.18772 0.72862 0.19043 0.73776 0.19187 0.74398 0.19399 0.75068 0.19879 0.75477 0.20217 0.75268 0.20636 0.74389
4 0.83248 0.62045 0.84686 0.63784 0.87301 0.66445 0.88917 0.68197 0.89775 0.68595 0.90092 0.68359 0.89874 0.66778 0.89464 0.64042 0.88939 0.61116 0.88508 0.59036 0.87048 0.54748 0.85213 0.50546 0.83650 0.47313 0.82658 0.45693 0.81844 0.44194 0.81858 0.45222 0.81194 0.46302 0.79658 0.46603 0.78092 0.46037 0.77694 0.45912 0.77448 0.46240 0.77286 0.46608 0.77241 0.47052 0.77337 0.47789 0.78570 0.51099 0.80195 0.55783 0.80848 0.57323 0.81261 0.58259 0.82303 0.60415 0.83248 0.62045
4 0.78189 0.46205 0.79799 0.46602 0.81185 0.46246 0.81872 0.45282 0.81567 0.39037 0.80897 0.32979 0.79124 0.26873 0.77805 0.21160 0.76030 0.15055 0.74723 0.12147 0.72663 0.10719 0.71802 0.11320 0.71549 0.13381 0.71453 0.16912 0.71513 0.21112 0.71482 0.24524 0.71083 0.27925 0.72136 0.31891 0.73296 0.36135 0.73552 0.40588 0.74488 0.42276 0.76397 0.44132 0.78189 0.46205
