4 0.39102 0.29326 0.38480 0.36555 0.37860 0.41145 0.38348 0.43586 0.39412 0.43784 0.40032 0.45053 0.41142 0.47595 0.41628 0.50427 0.43048 0.51401 0.44200 0.51696 0.46064 0.51207 0.47616 0.51207 0.49344 0.51987 0.51340 0.50427 0.51430 0.47300 0.51650 0.38705 0.51700 0.32467 0.50540 0.23965 0.48724 0.16432 0.46818 0.13991 0.45088 0.13502 0.43136 0.14383 0.42206 0.16921 0.40742 0.21317 0.39766 0.25617 0.39102 0.29326
4 0.69958 0.53837 0.69934 0.56066 0.69814 0.58185 0.69574 0.61899 0.69476 0.63542 0.69646 0.64868 0.69910 0.65824 0.70320 0.66674 0.70922 0.68317 0.71378 0.68899 0.71956 0.70225 0.72558 0.71868 0.72848 0.73088 0.73208 0.75264 0.73570 0.77330 0.73930 0.78656 0.74316 0.79665 0.74894 0.80674 0.75448 0.81203 0.76434 0.81784 0.77110 0.81731 0.77686 0.81308 0.78312 0.80511 0.78698 0.79079 0.78866 0.77225 0.78842 0.75053 0.78602 0.71921 0.78506 0.69163 0.78434 0.66674 0.78434 0.65238 0.78216 0.63436 0.77880 0.61159 0.77422 0.56278 0.77206 0.54159 0.76916 0.52617 0.76676 0.51185 0.76170 0.49595 0.75664 0.48749 0.74942 0.48216 0.74388 0.48163 0.73474 0.48322 0.71692 0.49066 0.71210 0.49648 0.71114 0.50075 0.70752 0.51507 0.70392 0.52511 0.69958 0.53837
4 0.25610 0.60731 0.25466 0.68560 0.25408 0.72440 0.25524 0.73775 0.25610 0.74731 0.25842 0.75815 0.26246 0.76833 0.27286 0.77661 0.28124 0.77850 0.28932 0.77533 0.29452 0.77088 0.30030 0.76194 0.30406 0.75048 0.30752 0.73396 0.31070 0.71233 0.31302 0.69639 0.31678 0.67859 0.32082 0.66396 0.32574 0.65057 0.33180 0.63912 0.33556 0.63211 0.33786 0.62577 0.33932 0.61242 0.33758 0.59714 0.33670 0.57806 0.33670 0.55449 0.33614 0.53159 0.33670 0.50678 0.33758 0.48833 0.33036 0.48449 0.31446 0.47048 0.30550 0.45969 0.29944 0.45330 0.29540 0.45203 0.29136 0.45458 0.28962 0.46031 0.28672 0.46542 0.28066 0.47242 0.27344 0.48004 0.27314 0.48511 0.26882 0.50485 0.26246 0.53921 0.25900 0.57423 0.25610 0.60731
4 0.33728 0.59141 0.33932 0.60859 0.33988 0.62004 0.34248 0.63912 0.34740 0.65952 0.35116 0.67476 0.35404 0.68943 0.35636 0.70661 0.35924 0.73203 0.36068 0.74286 0.36328 0.75176 0.36704 0.76132 0.37282 0.77088 0.37802 0.77784 0.38264 0.78040 0.38842 0.78295 0.39508 0.78040 0.40230 0.77595 0.40922 0.76322 0.41384 0.74476 0.41760 0.71996 0.42136 0.70022 0.42512 0.67793 0.42888 0.64868 0.42946 0.62132 0.43032 0.58696 0.43032 0.54366 0.43002 0.52969 0.42946 0.51630 0.42858 0.51379 0.41790 0.50868 0.41616 0.50357 0.41124 0.47687 0.40864 0.47366 0.40634 0.47242 0.40258 0.46793 0.39824 0.46348 0.39190 0.46031 0.38554 0.46031 0.37600 0.46793 0.35636 0.48511 0.35202 0.48833 0.33780 0.48899 0.33614 0.51440 0.33614 0.55004 0.33700 0.57678 0.33728 0.59141
4 0.65442 0.34405 0.65442 0.38608 0.65486 0.44172 0.66550 0.46322 0.68856 0.48374 0.71340 0.49251 0.73780 0.48079 0.75110 0.45934 0.75818 0.41339 0.75420 0.34018 0.74976 0.28546 0.73824 0.22586 0.72582 0.18291 0.71428 0.16141 0.69876 0.16238 0.68902 0.17216 0.68280 0.19753 0.66994 0.24833 0.66196 0.27960 0.65088 0.30890 0.65442 0.34405
4 0.60668 0.55489 0.60768 0.61855 0.61030 0.65965 0.61290 0.66405 0.61672 0.67379 0.62152 0.69894 0.62594 0.73123 0.63056 0.75551 0.63316 0.77013 0.63538 0.78115 0.63778 0.79132 0.64018 0.79885 0.64200 0.80502 0.64500 0.81167 0.65062 0.81520 0.65664 0.81476 0.66446 0.81255 0.67148 0.80634 0.67690 0.79529 0.68112 0.77454 0.68372 0.74582 0.68814 0.70868 0.69356 0.63930 0.69858 0.57965 0.69878 0.55665 0.69798 0.53233 0.69596 0.50938 0.69336 0.49833 0.68794 0.48771 0.68272 0.48418 0.66708 0.47489 0.65924 0.47092 0.65424 0.47092 0.65202 0.47181 0.65102 0.47225 0.64620 0.49084 0.63076 0.50185 0.60708 0.50718 0.60668 0.50938 0.60668 0.55489
4 0.18012 0.69388 0.18358 0.70150 0.18908 0.70278 0.19804 0.70088 0.20554 0.69833 0.21306 0.69066 0.22258 0.67859 0.23040 0.66524 0.23762 0.65123 0.24772 0.62388 0.25436 0.61048 0.25696 0.59586 0.25754 0.58630 0.25928 0.56661 0.26044 0.55511 0.26304 0.53414 0.26564 0.52013 0.27026 0.49533 0.26998 0.48894 0.26738 0.48833 0.26592 0.49022 0.26130 0.49656 0.25494 0.50295 0.24772 0.50678 0.24310 0.50806 0.23588 0.50806 0.23010 0.50740 0.22664 0.50740 0.22374 0.50295 0.22172 0.49912 0.21796 0.48894 0.21190 0.47048 0.20902 0.46097 0.20698 0.46604 0.20208 0.47749 0.19746 0.49084 0.19428 0.50740 0.18908 0.54115 0.18648 0.56467 0.18446 0.58630 0.17954 0.63211 0.17984 0.66203 0.17984 0.67859 0.18012 0.69388
4 0.52094 0.30793 0.51740 0.39683 0.51606 0.48863 0.52272 0.50524 0.53602 0.50621 0.55730 0.50912 0.58170 0.50621 0.60298 0.50815 0.63180 0.50035 0.64688 0.49057 0.65180 0.46916 0.65530 0.41828 0.65486 0.35088 0.64644 0.29621 0.63978 0.24445 0.63270 0.20538 0.62160 0.16824 0.60874 0.14480 0.59056 0.13991 0.57282 0.15066 0.55464 0.17313 0.53690 0.22881 0.52582 0.26396 0.52094 0.30793
4 0.28344 0.34189 0.28210 0.38295 0.28520 0.41225 0.30338 0.45326 0.31758 0.47181 0.33532 0.48745 0.35306 0.48647 0.36458 0.47670 0.38410 0.46009 0.38586 0.44154 0.38188 0.43079 0.37788 0.41225 0.38320 0.38097 0.38898 0.32238 0.39118 0.29308 0.38098 0.26767 0.37124 0.23057 0.36236 0.19150 0.34684 0.16022 0.33708 0.14850 0.32378 0.14850 0.31492 0.16414 0.30516 0.18661 0.29674 0.24326 0.29008 0.29211 0.28344 0.34189
4 0.43326 0.65573 0.43422 0.66106 0.43662 0.67163 0.43904 0.69445 0.44192 0.70718 0.44288 0.72626 0.44506 0.74220 0.44650 0.75542 0.44890 0.76815 0.45058 0.77612 0.45758 0.78300 0.46262 0.78568 0.47202 0.79097 0.47924 0.79150 0.48454 0.79150 0.48862 0.78833 0.49272 0.78463 0.49562 0.77665 0.49778 0.76181 0.49922 0.74379 0.50164 0.72626 0.50572 0.70877 0.50910 0.69339 0.51294 0.68225 0.51488 0.67326 0.51656 0.65841 0.51728 0.63982 0.51776 0.61758 0.51752 0.59211 0.51752 0.55921 0.51584 0.53216 0.51294 0.51837 0.50910 0.51361 0.50356 0.51255 0.49922 0.51520 0.49248 0.51894 0.47490 0.51467 0.45878 0.51414 0.44650 0.51678 0.43132 0.51573 0.43084 0.51837 0.43060 0.56454 0.43084 0.59264 0.43182 0.64194 0.43326 0.65573
4 0.84804 0.55938 0.85670 0.56361 0.86586 0.56520 0.87260 0.55885 0.87790 0.54718 0.88608 0.50740 0.88800 0.47824 0.89186 0.42841 0.89474 0.38969 0.89402 0.36423 0.89018 0.32286 0.88366 0.29582 0.87934 0.29000 0.87164 0.29264 0.86272 0.30907 0.85622 0.32709 0.84684 0.35573 0.84250 0.37167 0.83888 0.38546 0.83912 0.40507 0.83576 0.43582 0.83166 0.46656 0.82372 0.51485 0.82588 0.52383 0.83238 0.54031 0.83888 0.55141 0.84804 0.55938
4 0.04748 0.39137 0.04990 0.41524 0.05206 0.43485 0.05422 0.45238 0.05808 0.47040 0.06168 0.47731 0.07036 0.48313 0.07854 0.48683 0.08504 0.48630 0.09178 0.48101 0.09588 0.47410 0.09828 0.46723 0.09828 0.46458 0.09732 0.45978 0.09660 0.45291 0.09588 0.43700 0.09346 0.40357 0.09106 0.36647 0.09106 0.34894 0.08962 0.33568 0.08504 0.31819 0.08070 0.31344 0.07494 0.30916 0.07156 0.30916 0.06626 0.30599 0.06168 0.29965 0.05736 0.29859 0.05254 0.29806 0.04892 0.30229 0.04628 0.30863 0.04484 0.32031 0.04484 0.32617 0.04580 0.35427 0.04604 0.36595 0.04748 0.39137
4 0.88354 0.64414 0.88694 0.64899 0.89214 0.65207 0.89594 0.66485 0.90094 0.67894 0.91014 0.69789 0.92494 0.70978 0.93454 0.71286 0.94394 0.71198 0.94674 0.70537 0.94814 0.69172 0.94794 0.67542 0.94874 0.65648 0.94894 0.62872 0.94794 0.61286 0.94394 0.58247 0.93874 0.56220 0.93334 0.54546 0.92834 0.53313 0.92414 0.52608 0.91994 0.52255 0.91854 0.52344 0.91694 0.52872 0.91514 0.53974 0.91294 0.54634 0.91234 0.55163 0.91134 0.55868 0.90834 0.56485 0.90334 0.56661 0.89534 0.56440 0.88734 0.56044 0.87974 0.55515 0.87734 0.55075 0.87654 0.55251 0.87514 0.55471 0.87814 0.58070 0.88134 0.61242 0.88354 0.64414
4 0.11508 0.27467 0.10594 0.26722 0.10112 0.26670 0.09656 0.27203 0.09414 0.28476 0.09222 0.32026 0.09174 0.36745 0.09390 0.40300 0.09656 0.44648 0.09848 0.46291 0.10232 0.47722 0.10546 0.48731 0.10834 0.49476 0.11412 0.49793 0.11774 0.49634 0.12280 0.49846 0.12930 0.49952 0.13460 0.49846 0.13868 0.49260 0.14254 0.48255 0.14470 0.47141 0.14230 0.45815 0.14158 0.44119 0.14110 0.41837 0.14350 0.36797 0.14350 0.36004 0.14160 0.32819 0.13460 0.30912 0.12978 0.29586 0.12134 0.28260 0.11508 0.27467
4 0.88572 0.50767 0.88282 0.52145 0.87802 0.54903 0.87850 0.55115 0.88042 0.55436 0.88500 0.55753 0.89414 0.56388 0.90402 0.56656 0.90834 0.56440 0.91148 0.55753 0.91220 0.54797 0.91582 0.53366 0.91870 0.51987 0.91870 0.51247 0.92062 0.49229 0.92134 0.47480 0.92376 0.45304 0.92616 0.42652 0.92712 0.40850 0.92760 0.38145 0.92496 0.35123 0.92110 0.34753 0.91870 0.34700 0.91292 0.35018 0.90882 0.35493 0.90208 0.36344 0.89752 0.37088 0.89510 0.38145 0.89270 0.41753 0.88884 0.46471 0.88572 0.50767
4 0.20088 0.38467 0.20384 0.44410 0.21602 0.48154 0.22638 0.50758 0.24854 0.50758 0.26258 0.49211 0.28808 0.46361 0.29474 0.44815 0.28698 0.41965 0.28366 0.39767 0.28180 0.37652 0.28328 0.33745 0.28808 0.30736 0.27922 0.28128 0.27552 0.24630 0.26518 0.18604 0.25778 0.16163 0.24412 0.13965 0.23118 0.13802 0.22120 0.15185 0.21714 0.17793 0.20864 0.21943 0.20458 0.28374 0.20014 0.31546 0.20088 0.38467
4 0.51802 0.56722 0.51922 0.61982 0.51922 0.63176 0.52084 0.64943 0.52284 0.66621 0.52364 0.67683 0.53046 0.68833 0.53488 0.70379 0.53888 0.72718 0.54290 0.74709 0.54712 0.76696 0.55254 0.78643 0.55976 0.79436 0.56416 0.79700 0.56740 0.79837 0.57542 0.79656 0.58404 0.78687 0.59066 0.77317 0.59508 0.74489 0.59968 0.71260 0.60208 0.69141 0.60410 0.64767 0.60430 0.61762 0.60410 0.59507 0.60350 0.56502 0.60128 0.53894 0.60008 0.52524 0.59668 0.51771 0.58984 0.51286 0.57200 0.51242 0.55634 0.51242 0.53768 0.50890 0.52264 0.50714 0.51802 0.51330 0.51662 0.52128 0.51622 0.53586 0.51802 0.56722
4 0.84974 0.62476 0.85274 0.65075 0.85594 0.67938 0.86054 0.68863 0.86674 0.69965 0.87274 0.70934 0.87854 0.71639 0.88114 0.71947 0.88094 0.71771 0.88134 0.71595 0.88154 0.71154 0.88234 0.69965 0.88414 0.67410 0.88434 0.65515 0.88314 0.63401 0.88174 0.61418 0.87954 0.59304 0.87634 0.57101 0.87474 0.55427 0.87174 0.55868 0.86834 0.56353 0.86694 0.56617 0.85974 0.56529 0.84754 0.55956 0.83894 0.55207 0.83014 0.53797 0.83974 0.57322 0.84474 0.60141 0.84974 0.62476
4 0.14224 0.33075 0.14282 0.34793 0.14398 0.36511 0.14282 0.38740 0.14166 0.40775 0.14108 0.42811 0.14166 0.44656 0.14398 0.46374 0.14744 0.47648 0.15264 0.48793 0.15928 0.49683 0.16276 0.49938 0.17114 0.50255 0.17952 0.50000 0.18818 0.49493 0.19570 0.48982 0.20118 0.48159 0.20610 0.46758 0.20840 0.45930 0.20436 0.44595 0.20146 0.40709 0.20032 0.34731 0.20032 0.32185 0.20032 0.31418 0.19570 0.29894 0.19106 0.28110 0.18038 0.25758 0.17750 0.24740 0.17344 0.23846 0.16766 0.23339 0.16246 0.23595 0.15612 0.24101 0.14860 0.26648 0.14484 0.29194 0.14254 0.30529 0.14224 0.33075
4 0.94386 0.54877 0.94868 0.55097 0.95550 0.54656 0.96272 0.53639 0.96874 0.51560 0.97116 0.50057 0.97296 0.48070 0.97416 0.45066 0.97416 0.42590 0.97376 0.39982 0.97316 0.36802 0.97296 0.35255 0.97156 0.33885 0.96974 0.33176 0.96654 0.32956 0.95992 0.33308 0.95610 0.34194 0.94948 0.35300 0.94488 0.36092 0.94126 0.36445 0.93704 0.37022 0.93544 0.37374 0.93042 0.38436 0.92802 0.39674 0.92642 0.42194 0.92240 0.46921 0.92080 0.48115 0.92120 0.49176 0.91940 0.50943 0.91858 0.51648 0.92000 0.51916 0.92702 0.52797 0.93224 0.53683 0.93826 0.54388 0.94386 0.54877
4 0.14430 0.65251 0.14488 0.66203 0.14488 0.66841 0.14544 0.67542 0.14920 0.68048 0.15296 0.67921 0.15902 0.67159 0.16654 0.65251 0.17146 0.64551 0.17578 0.63850 0.17896 0.63022 0.18128 0.61242 0.18358 0.59075 0.18532 0.57295 0.18676 0.55388 0.18908 0.53921 0.19138 0.52330 0.19340 0.50930 0.19486 0.49978 0.19832 0.48833 0.18648 0.49656 0.17550 0.50167 0.16798 0.50357 0.15846 0.49784 0.15354 0.48960 0.14748 0.48132 0.14488 0.47621 0.13996 0.49150 0.13736 0.52141 0.13736 0.57551 0.14112 0.61432 0.14430 0.65251
4 0.77134 0.53996 0.77590 0.57498 0.78120 0.62427 0.78410 0.64075 0.78602 0.65079 0.79132 0.67414 0.79686 0.69216 0.80696 0.71233 0.82646 0.74414 0.83826 0.76485 0.84572 0.77066 0.84934 0.76908 0.85078 0.75317 0.85294 0.72560 0.85440 0.69590 0.85488 0.67467 0.85030 0.62960 0.84188 0.58454 0.83392 0.54952 0.82790 0.53150 0.82334 0.51507 0.82116 0.52511 0.81226 0.53414 0.79662 0.53361 0.78264 0.52458 0.77904 0.52247 0.77590 0.52511 0.77350 0.52833 0.77206 0.53255 0.77134 0.53996
4 0.75508 0.33233 0.75642 0.37335 0.75818 0.41731 0.75066 0.46128 0.75598 0.47982 0.77040 0.50220 0.78320 0.52643 0.79800 0.53392 0.81230 0.53357 0.82116 0.52573 0.83224 0.46418 0.83934 0.40366 0.83580 0.34018 0.83580 0.28154 0.83224 0.21806 0.82604 0.18678 0.80918 0.16824 0.79944 0.17216 0.79234 0.19167 0.78346 0.22586 0.77460 0.26692 0.76662 0.30009 0.75508 0.33233
