4 0.16354 0.51175 0.13373 0.52836 0.11258 0.62068 0.11563 0.66095 0.12911 0.62953 0.14752 0.59505 0.15409 0.58294 0.16494 0.55639 0.17090 0.53491 0.17151 0.51910 0.16458 0.51588 0.16354 0.51175
4 0.39500 0.59163 0.39783 0.57559 0.40124 0.55627 0.32994 0.54304 0.31118 0.53446 0.30865 0.54128 0.30399 0.60271 0.30662 0.65290 0.30697 0.67082 0.31417 0.69995 0.33857 0.71418 0.35665 0.69418 0.37081 0.66621 0.38225 0.63904 0.39081 0.61542 0.39500 0.59163
4 0.88688 0.68962 0.89324 0.65102 0.89744 0.62723 0.90344 0.59317 0.90368 0.58195 0.90376 0.56143 0.89053 0.55643 0.87986 0.55455 0.87900 0.55440 0.85058 0.56798 0.81521 0.57361 0.81656 0.57851 0.82306 0.59858 0.82631 0.64299 0.83329 0.66098 0.83510 0.67583 0.84538 0.71743 0.84941 0.74461 0.86069 0.76319 0.86841 0.76189 0.87815 0.73181 0.88688 0.68962
4 0.23639 0.22485 0.22486 0.22282 0.16852 0.35577 0.15537 0.43035 0.16496 0.51583 0.20215 0.52794 0.26249 0.50695 0.27692 0.48752 0.28803 0.44004 0.27965 0.34240 0.26442 0.26275 0.25446 0.23631 0.23639 0.22485
4 0.77500 0.59182 0.80357 0.57489 0.82078 0.53947 0.82591 0.51563 0.83338 0.47849 0.83347 0.46752 0.82847 0.43368 0.82920 0.40357 0.83105 0.37232 0.83677 0.33488 0.83240 0.30248 0.82271 0.29528 0.80882 0.30659 0.77461 0.35549 0.76820 0.37633 0.75699 0.40870 0.73566 0.43651 0.72197 0.45197 0.71706 0.50054 0.71488 0.53867 0.72562 0.55565 0.75092 0.57798 0.76631 0.59440 0.77500 0.59182
4 0.88802 0.52109 0.88859 0.48684 0.89084 0.45838 0.89420 0.43428 0.88808 0.40158 0.87011 0.39980 0.85997 0.41588 0.83847 0.45259 0.83852 0.47529 0.82242 0.53016 0.81446 0.54935 0.81136 0.57216 0.83915 0.57018 0.84648 0.57008 0.87930 0.54979 0.88802 0.52109
4 0.57817 0.28240 0.53975 0.28251 0.51247 0.30239 0.48054 0.36956 0.45841 0.45360 0.44807 0.51221 0.47977 0.53977 0.58254 0.54285 0.59444 0.49002 0.60488 0.32279 0.59297 0.29189 0.57817 0.28240
4 0.02481 0.53102 0.01245 0.55863 0.00923 0.60179 0.02218 0.62594 0.03142 0.62357 0.04316 0.61438 0.05582 0.60268 0.06637 0.58534 0.07406 0.56417 0.07609 0.53273 0.02481 0.53102
4 0.07397 0.42016 0.05430 0.36587 0.02924 0.43009 0.03060 0.47433 0.02973 0.49476 0.02650 0.52854 0.04337 0.53151 0.07509 0.53300 0.10792 0.51265 0.08634 0.49514 0.07327 0.47087 0.07397 0.42016
4 0.59059 0.56253 0.59186 0.55282 0.59010 0.54519 0.50576 0.54357 0.48720 0.63374 0.49026 0.69388 0.49114 0.72383 0.50847 0.74808 0.53747 0.74859 0.55250 0.71345 0.56771 0.67973 0.57705 0.63433 0.58572 0.59746 0.59059 0.56253
4 0.91675 0.60018 0.92353 0.60930 0.93893 0.67694 0.93498 0.70937 0.93806 0.72184 0.95557 0.70507 0.96396 0.69262 0.97547 0.66485 0.98820 0.60018 0.95361 0.59868 0.92950 0.60309 0.91675 0.60018
4 0.82217 0.67422 0.82385 0.65465 0.82512 0.63235 0.82360 0.61355 0.82288 0.59750 0.82079 0.58192 0.80782 0.57298 0.76644 0.60014 0.76411 0.60833 0.76284 0.63063 0.76162 0.65761 0.76050 0.68388 0.76369 0.70830 0.78010 0.75031 0.79698 0.77709 0.80705 0.76500 0.81496 0.72266 0.82217 0.67422
4 0.30508 0.57910 0.30605 0.54348 0.30417 0.52923 0.29900 0.52105 0.28951 0.50744 0.28152 0.50270 0.27210 0.50104 0.27081 0.50082 0.25584 0.51077 0.23314 0.52203 0.21467 0.62675 0.21170 0.65869 0.21949 0.69452 0.23451 0.72430 0.24026 0.72665 0.27011 0.69745 0.27922 0.67325 0.29476 0.62761 0.30126 0.59829 0.30508 0.57910
4 0.67113 0.62572 0.67675 0.59892 0.68060 0.57707 0.68252 0.56614 0.63782 0.55959 0.59010 0.53264 0.59334 0.55175 0.58283 0.62142 0.57666 0.66145 0.58051 0.68460 0.59365 0.72004 0.61697 0.74274 0.62698 0.73852 0.63446 0.70870 0.64791 0.67995 0.65820 0.65657 0.67113 0.62572
4 0.75643 0.59704 0.74753 0.58487 0.73976 0.57157 0.73453 0.56605 0.71691 0.55101 0.71340 0.53846 0.70982 0.53383 0.68328 0.57421 0.66934 0.63340 0.66576 0.66123 0.68951 0.77407 0.72604 0.80437 0.73741 0.77985 0.74881 0.74013 0.75793 0.69341 0.76197 0.65567 0.76002 0.61160 0.75643 0.59704
4 0.49660 0.58041 0.50245 0.55226 0.50248 0.54039 0.48263 0.54216 0.44737 0.51475 0.44346 0.51933 0.40830 0.55619 0.39899 0.59894 0.40169 0.66367 0.40642 0.70695 0.41919 0.72440 0.42343 0.73048 0.45599 0.71569 0.46826 0.67873 0.49130 0.60794 0.49660 0.58041
4 0.45790 0.36834 0.45726 0.34076 0.45771 0.31748 0.44609 0.27970 0.43582 0.26551 0.41232 0.25865 0.40477 0.26004 0.38060 0.27253 0.36670 0.29455 0.31975 0.39481 0.30219 0.46862 0.30493 0.50483 0.31417 0.53532 0.34452 0.54477 0.40479 0.55540 0.44511 0.51856 0.44826 0.46968 0.45310 0.42653 0.45790 0.36834
4 0.20713 0.63202 0.21583 0.61769 0.21953 0.60175 0.23316 0.51937 0.20254 0.53056 0.17011 0.51951 0.17230 0.53450 0.16100 0.57622 0.15654 0.59397 0.15386 0.63656 0.15334 0.65966 0.16573 0.69430 0.16908 0.69290 0.17963 0.67556 0.19261 0.65199 0.20713 0.63202
4 0.11923 0.40201 0.10873 0.38368 0.08553 0.34940 0.07137 0.41421 0.07331 0.46538 0.09297 0.49903 0.10940 0.49921 0.11452 0.49595 0.12150 0.48758 0.12455 0.47025 0.12250 0.45069 0.12209 0.42726 0.11923 0.40201
4 0.13890 0.31620 0.12369 0.37672 0.11667 0.39057 0.12451 0.47574 0.12811 0.49152 0.12867 0.52458 0.13803 0.52346 0.16325 0.51004 0.15111 0.43377 0.16579 0.36078 0.13890 0.31620
4 0.92570 0.59781 0.93167 0.60020 0.95169 0.59552 0.96257 0.59605 0.97929 0.58939 0.98450 0.55458 0.98561 0.53280 0.98220 0.51572 0.97542 0.46098 0.96489 0.46872 0.96043 0.49402 0.94885 0.54419 0.93300 0.57713 0.92735 0.58845 0.91217 0.57068 0.90333 0.56912 0.90604 0.58469 0.91327 0.59562 0.92570 0.59781
4 0.89353 0.67953 0.91563 0.71922 0.93548 0.71406 0.93747 0.67535 0.93419 0.64892 0.92701 0.62451 0.92112 0.61288 0.90833 0.60796 0.90344 0.60576 0.89353 0.67953
4 0.94070 0.55923 0.94871 0.53456 0.96200 0.48491 0.96788 0.43629 0.95804 0.37274 0.94767 0.39011 0.92590 0.41513 0.90604 0.45008 0.89299 0.48762 0.88867 0.52259 0.88656 0.53459 0.88810 0.55684 0.89344 0.55778 0.91182 0.56240 0.92381 0.58782 0.94070 0.55923
4 0.72346 0.43303 0.72654 0.38957 0.72242 0.33530 0.71549 0.31760 0.70311 0.30992 0.67334 0.31289 0.64974 0.34307 0.62398 0.39074 0.60702 0.44546 0.58891 0.52744 0.59086 0.53189 0.60940 0.54065 0.63810 0.55947 0.66405 0.56266 0.68805 0.56140 0.70764 0.53323 0.71797 0.47462 0.72346 0.43303
4 0.10988 0.62614 0.11602 0.60869 0.13493 0.52657 0.12777 0.52465 0.12880 0.49370 0.12396 0.47359 0.12181 0.48581 0.11259 0.49811 0.09159 0.49973 0.10861 0.51333 0.07609 0.53273 0.07281 0.57127 0.06327 0.59539 0.05628 0.60742 0.05432 0.63360 0.05745 0.65335 0.06894 0.66065 0.07837 0.65970 0.09489 0.64603 0.10988 0.62614
