4 0.53518 0.64108 0.55459 0.64305 0.56224 0.64345 0.56612 0.63610 0.56978 0.61937 0.57041 0.60718 0.56833 0.59390 0.56069 0.58034 0.55751 0.57451 0.55297 0.56767 0.54257 0.55395 0.52266 0.54820 0.51626 0.55072 0.50896 0.55690 0.49996 0.56869 0.48597 0.58298 0.48210 0.59034 0.47849 0.60612 0.47756 0.62395 0.47677 0.63898 0.48628 0.64148 0.49925 0.64165 0.51117 0.64078 0.53518 0.64108
4 0.34457 0.62168 0.33871 0.61386 0.33205 0.60786 0.32334 0.61491 0.31793 0.61964 0.31367 0.62662 0.29731 0.63107 0.29770 0.66534 0.29838 0.67854 0.32025 0.68720 0.32162 0.68727 0.34302 0.67803 0.34784 0.66606 0.35282 0.65035 0.35873 0.63089 0.35198 0.62678 0.34457 0.62168
4 0.40558 0.64631 0.40201 0.63741 0.39250 0.63421 0.38647 0.63389 0.38082 0.63415 0.37067 0.63527 0.36183 0.63480 0.34663 0.67862 0.34643 0.69007 0.35494 0.70464 0.36802 0.70913 0.38591 0.71387 0.39687 0.71284 0.40069 0.70924 0.40252 0.68916 0.40643 0.65346 0.40558 0.64631
4 0.33894 0.53011 0.33209 0.52790 0.31718 0.53273 0.30661 0.53503 0.29951 0.53746 0.28731 0.54438 0.28617 0.55278 0.28960 0.59342 0.29887 0.62965 0.31372 0.62572 0.32848 0.60952 0.34615 0.60484 0.35182 0.59007 0.34853 0.57297 0.34674 0.55405 0.34451 0.54357 0.33894 0.53011
4 0.45167 0.63951 0.47017 0.64519 0.47158 0.64526 0.47585 0.63041 0.47810 0.61361 0.47898 0.59673 0.47675 0.58625 0.47189 0.57283 0.46685 0.56225 0.45916 0.54958 0.44665 0.53576 0.43646 0.53052 0.42729 0.53289 0.42151 0.53634 0.41038 0.54988 0.40566 0.55995 0.40164 0.57010 0.39530 0.58484 0.39419 0.60110 0.39272 0.60803 0.39164 0.62790 0.40177 0.63409 0.41462 0.62816 0.42435 0.62867 0.45167 0.63951
4 0.68442 0.66583 0.66974 0.66942 0.66330 0.66908 0.65832 0.67918 0.65073 0.67823 0.65717 0.69329 0.66189 0.70385 0.66606 0.70843 0.67189 0.71254 0.69751 0.70847 0.71660 0.69801 0.71787 0.68936 0.70609 0.67568 0.69602 0.66754 0.68442 0.66583
4 0.50106 0.72536 0.51764 0.72463 0.51932 0.72307 0.52269 0.71238 0.52199 0.70308 0.51779 0.67507 0.51517 0.67113 0.51050 0.66052 0.46191 0.66073 0.46120 0.67421 0.46073 0.68320 0.46317 0.69399 0.46309 0.70325 0.46467 0.71910 0.46598 0.72518 0.47236 0.72661 0.47763 0.72579 0.49491 0.72725 0.50106 0.72536
4 0.38031 0.63242 0.38848 0.63235 0.39082 0.62295 0.39607 0.58298 0.39811 0.57087 0.39820 0.55580 0.39011 0.53750 0.37674 0.52649 0.36227 0.52382 0.35402 0.53471 0.35237 0.53928 0.34951 0.55420 0.34918 0.57396 0.34906 0.58472 0.34998 0.59843 0.34938 0.60972 0.34986 0.62762 0.35676 0.62888 0.36846 0.63140 0.38031 0.63242
4 0.59572 0.57651 0.58968 0.58561 0.58520 0.59103 0.57629 0.60183 0.57162 0.61100 0.56930 0.62129 0.56455 0.63977 0.55842 0.64981 0.56941 0.65319 0.59652 0.65461 0.61129 0.65163 0.61149 0.64789 0.62176 0.61173 0.62195 0.59481 0.61824 0.57204 0.61444 0.56528 0.60599 0.56669 0.59572 0.57651
4 0.68904 0.60399 0.68487 0.57743 0.67393 0.57310 0.66819 0.57656 0.64497 0.59417 0.63325 0.60482 0.63178 0.60664 0.62434 0.61567 0.61791 0.63225 0.62034 0.63894 0.62262 0.64847 0.63315 0.64717 0.63976 0.65407 0.64649 0.67135 0.65582 0.67940 0.66035 0.67303 0.67624 0.64943 0.68528 0.62262 0.68904 0.60399
4 0.58534 0.68677 0.58368 0.68018 0.58156 0.67406 0.57715 0.66622 0.57413 0.66225 0.57143 0.65991 0.56827 0.65869 0.56427 0.65793 0.56305 0.65787 0.55218 0.65785 0.54690 0.65807 0.53560 0.65858 0.53108 0.66000 0.52831 0.69795 0.52974 0.70889 0.53273 0.72107 0.54268 0.72374 0.56937 0.72188 0.58416 0.72481 0.58535 0.72488 0.58482 0.71233 0.58588 0.69987 0.58534 0.68677
4 0.66902 0.71349 0.66644 0.70900 0.65849 0.69932 0.65340 0.68819 0.65134 0.68152 0.64725 0.67535 0.64658 0.67256 0.64010 0.65755 0.63577 0.64806 0.62563 0.64913 0.62081 0.64838 0.62012 0.64669 0.61362 0.64745 0.61291 0.65337 0.60928 0.65318 0.60598 0.65466 0.60085 0.65985 0.59174 0.68005 0.59123 0.68983 0.59054 0.70287 0.59381 0.71771 0.59712 0.72389 0.60512 0.72486 0.62621 0.72216 0.64288 0.71973 0.65955 0.71735 0.66902 0.71349
