4 0.50263 0.56072 0.50444 0.56888 0.50444 0.58464 0.51241 0.58850 0.51857 0.58736 0.52511 0.58628 0.52583 0.57596 0.52655 0.56236 0.52655 0.54822 0.52692 0.53952 0.52836 0.53028 0.52836 0.52376 0.52365 0.52104 0.51532 0.52322 0.50480 0.52376 0.49937 0.52598 0.49321 0.52762 0.49103 0.53360 0.49212 0.54714 0.49756 0.55366 0.49901 0.55644 0.50263 0.56072
4 0.35295 0.55644 0.36164 0.56182 0.37687 0.56344 0.38773 0.55910 0.39281 0.55312 0.39607 0.54882 0.39613 0.54060 0.38955 0.52974 0.38813 0.50760 0.38227 0.50200 0.37432 0.49984 0.37143 0.50146 0.36599 0.50636 0.35729 0.49930 0.35584 0.49332 0.35077 0.49060 0.34243 0.49820 0.32975 0.52430 0.33373 0.53626 0.33591 0.54006 0.35113 0.55366 0.35295 0.55644
4 0.44428 0.58302 0.45333 0.58356 0.46421 0.58356 0.46675 0.58194 0.46675 0.58030 0.46820 0.56404 0.46856 0.55644 0.46784 0.54986 0.46813 0.54020 0.46240 0.53736 0.45732 0.53844 0.45044 0.54062 0.44609 0.54006 0.44247 0.54170 0.42688 0.55806 0.42869 0.56670 0.42869 0.57486 0.43159 0.58194 0.44428 0.58302
4 0.54685 0.58030 0.55845 0.57704 0.56533 0.57214 0.57293 0.56680 0.57187 0.55480 0.56316 0.54388 0.54612 0.54062 0.54213 0.54062 0.53344 0.54006 0.53163 0.54062 0.52764 0.54442 0.52583 0.58252 0.52836 0.58464 0.53633 0.58410 0.54685 0.58030
4 0.61028 0.48734 0.61644 0.50202 0.61897 0.51240 0.62115 0.51016 0.62587 0.49060 0.62659 0.47918 0.62260 0.46776 0.62079 0.45906 0.61427 0.44226 0.60665 0.43732 0.60231 0.43568 0.59796 0.43568 0.59107 0.43894 0.58273 0.44710 0.57875 0.45036 0.57476 0.45906 0.58491 0.46558 0.59577 0.48408 0.61028 0.48734
4 0.46168 0.40030 0.46228 0.40800 0.46681 0.41752 0.47256 0.42250 0.48227 0.42060 0.49133 0.41840 0.49973 0.41760 0.51515 0.41616 0.51785 0.41118 0.52028 0.40528 0.51937 0.39260 0.51937 0.37086 0.51967 0.35726 0.51847 0.34502 0.51303 0.33960 0.50004 0.33778 0.46953 0.33914 0.46199 0.34366 0.46199 0.36722 0.46199 0.38444 0.46168 0.39486 0.46168 0.40030
4 0.48668 0.58900 0.49973 0.58900 0.50191 0.58850 0.50300 0.57922 0.50300 0.56834 0.50045 0.55806 0.49611 0.55366 0.49321 0.55202 0.49031 0.55148 0.46856 0.55202 0.46856 0.57812 0.47037 0.58464 0.47545 0.58900 0.48668 0.58900
4 0.30437 0.48516 0.30437 0.49168 0.30908 0.50478 0.31779 0.51670 0.32068 0.51940 0.32612 0.52376 0.32903 0.52598 0.32975 0.52268 0.33591 0.50962 0.34352 0.49766 0.35004 0.49168 0.35295 0.49006 0.35656 0.49114 0.35801 0.49930 0.36527 0.50418 0.36997 0.50202 0.37252 0.49930 0.37033 0.48678 0.35801 0.47538 0.34497 0.46668 0.33989 0.46510 0.33301 0.45634 0.32829 0.45308 0.32612 0.45200 0.31815 0.45254 0.31525 0.45416 0.31271 0.45634 0.30691 0.47270 0.30509 0.47864 0.30437 0.48516
4 0.57729 0.51076 0.58419 0.52158 0.58780 0.54122 0.58817 0.55856 0.59615 0.55258 0.60231 0.54550 0.60883 0.53464 0.61317 0.52702 0.61680 0.51886 0.61789 0.51288 0.61716 0.50636 0.60955 0.48734 0.60883 0.48624 0.59796 0.48570 0.59288 0.47918 0.58817 0.47156 0.58491 0.46558 0.57548 0.46070 0.57476 0.46070 0.57223 0.46016 0.56605 0.46070 0.56352 0.46124 0.55953 0.46450 0.55700 0.46994 0.55700 0.47428 0.55917 0.49168 0.55917 0.50316 0.55989 0.51076 0.56025 0.51398 0.56605 0.51076 0.57729 0.51076
4 0.57645 0.36722 0.57705 0.37402 0.57705 0.38444 0.57615 0.39396 0.57645 0.40076 0.57767 0.40528 0.58099 0.40800 0.58159 0.40800 0.58552 0.40438 0.58944 0.40076 0.59337 0.40302 0.59820 0.39848 0.60243 0.39532 0.60573 0.38940 0.60813 0.37900 0.61028 0.37358 0.61028 0.36452 0.60937 0.34594 0.60787 0.33868 0.60123 0.33552 0.59276 0.33552 0.58340 0.33552 0.57887 0.33914 0.57615 0.34820 0.57585 0.35228 0.57585 0.35998 0.57645 0.36722
4 0.51967 0.38762 0.52028 0.40302 0.52209 0.40756 0.52571 0.40982 0.52752 0.41162 0.52904 0.41208 0.53356 0.41254 0.53417 0.41526 0.53867 0.41620 0.54565 0.41888 0.55289 0.42204 0.56165 0.42250 0.56256 0.42204 0.57101 0.41706 0.57440 0.41080 0.57495 0.39894 0.57585 0.38942 0.57615 0.38218 0.57645 0.37628 0.57676 0.36542 0.57283 0.34276 0.57223 0.34186 0.56860 0.33914 0.52269 0.33914 0.52057 0.34232 0.51997 0.34638 0.51997 0.35364 0.51967 0.38762
4 0.36080 0.37266 0.36321 0.37946 0.36684 0.38716 0.36987 0.39396 0.37168 0.39940 0.37801 0.40392 0.38104 0.40392 0.38617 0.40438 0.39560 0.40060 0.40217 0.39350 0.40308 0.39214 0.40641 0.38444 0.40732 0.37764 0.40913 0.35998 0.40913 0.35046 0.40913 0.34322 0.40067 0.33868 0.37711 0.34050 0.36925 0.34502 0.36443 0.35046 0.35929 0.35772 0.35959 0.36496 0.36080 0.37266
4 0.58491 0.56568 0.58636 0.56128 0.58744 0.55366 0.58744 0.54170 0.58563 0.53192 0.58419 0.52376 0.58200 0.51838 0.57584 0.51288 0.57185 0.51240 0.56533 0.51240 0.56316 0.51342 0.55591 0.51886 0.55301 0.52212 0.54576 0.54062 0.56569 0.54496 0.57223 0.55474 0.57476 0.56888 0.58491 0.56568
4 0.42724 0.56508 0.42688 0.55746 0.42688 0.55584 0.42399 0.55202 0.42000 0.55148 0.41564 0.54986 0.41165 0.54822 0.40623 0.54550 0.38085 0.56236 0.40115 0.56616 0.41891 0.57432 0.42797 0.57540 0.42724 0.56508
4 0.40611 0.39124 0.40671 0.39532 0.40913 0.39984 0.41487 0.40756 0.41487 0.40890 0.41940 0.41208 0.42240 0.41260 0.42483 0.41616 0.42967 0.41662 0.43631 0.41662 0.44779 0.41978 0.44839 0.41978 0.45201 0.41842 0.45440 0.41660 0.45800 0.41260 0.45920 0.40480 0.46168 0.38942 0.46168 0.37176 0.46168 0.34820 0.46017 0.34096 0.40973 0.34004 0.40973 0.36088 0.40732 0.37674 0.40641 0.38400 0.40611 0.39124
