4 0.61663 0.69037 0.63498 0.66894 0.64217 0.65884 0.65094 0.64529 0.67408 0.61598 0.68045 0.58894 0.68127 0.57090 0.68367 0.55508 0.68206 0.53254 0.67007 0.51450 0.64296 0.50778 0.63258 0.50778 0.62300 0.52355 0.61663 0.52915 0.60386 0.53593 0.58869 0.54159 0.58150 0.54270 0.58150 0.55058 0.57352 0.63741 0.57435 0.68026 0.59427 0.70730 0.61663 0.69037
4 0.40195 0.62164 0.40914 0.65545 0.42828 0.69153 0.45382 0.70392 0.46738 0.69714 0.47697 0.67233 0.48015 0.64640 0.48255 0.61370 0.48255 0.59571 0.47858 0.56185 0.47457 0.53593 0.44266 0.55175 0.40038 0.54608 0.39637 0.54836 0.39397 0.57090 0.39637 0.58778 0.40038 0.60698 0.40195 0.62164
4 0.64423 0.48725 0.63468 0.50619 0.66914 0.51159 0.68064 0.49942 0.70599 0.48201 0.70745 0.47640 0.71607 0.45614 0.72277 0.40339 0.72375 0.37767 0.72277 0.34386 0.72086 0.32624 0.71704 0.31677 0.69884 0.31138 0.68446 0.31815 0.67584 0.32217 0.65764 0.33302 0.64232 0.34386 0.64521 0.39931 0.64521 0.43312 0.64618 0.46291 0.64423 0.48725
4 0.54880 0.69265 0.56157 0.64529 0.56794 0.61709 0.56955 0.59571 0.57273 0.56074 0.57513 0.54720 0.54401 0.54497 0.50970 0.51677 0.49532 0.46942 0.49292 0.50889 0.47775 0.52804 0.47940 0.53915 0.49453 0.68137 0.50491 0.70503 0.53285 0.71180 0.54880 0.69265
4 0.32056 0.64640 0.33333 0.64757 0.35330 0.64302 0.36285 0.63741 0.38281 0.63175 0.40038 0.61370 0.39700 0.59947 0.39288 0.57831 0.39738 0.54392 0.38951 0.54339 0.36524 0.53481 0.35008 0.52127 0.35008 0.50439 0.31097 0.50439 0.31019 0.51116 0.31019 0.55624 0.31019 0.59005 0.31097 0.61709 0.32056 0.64640
4 0.34738 0.42635 0.35124 0.44259 0.35315 0.46561 0.35217 0.49132 0.35217 0.50751 0.35217 0.51836 0.36079 0.53053 0.37420 0.53730 0.38569 0.54138 0.44026 0.55085 0.45944 0.54270 0.47378 0.53460 0.49296 0.50889 0.49105 0.46561 0.48337 0.41286 0.48240 0.36280 0.48435 0.34386 0.47955 0.32085 0.46614 0.29513 0.45558 0.28566 0.44794 0.28296 0.43165 0.27889 0.39528 0.29243 0.37996 0.30328 0.37038 0.31947 0.36367 0.32762 0.35217 0.34386 0.34453 0.36820 0.34258 0.38984 0.34356 0.40741 0.34738 0.42635
4 0.79371 0.60571 0.81086 0.62296 0.82251 0.58460 0.82195 0.56190 0.82086 0.52587 0.82251 0.50005 0.81640 0.47265 0.81142 0.45698 0.80423 0.43661 0.78925 0.47344 0.78150 0.48593 0.73386 0.48593 0.73828 0.48984 0.74547 0.51021 0.75435 0.53762 0.77041 0.56894 0.79371 0.60571
4 0.71989 0.42905 0.71509 0.45206 0.71798 0.48455 0.72375 0.48455 0.78202 0.48571 0.79461 0.45884 0.80607 0.42503 0.82045 0.36550 0.81948 0.29106 0.81565 0.27349 0.74959 0.33164 0.73330 0.35466 0.72947 0.36550 0.72468 0.40878 0.71989 0.42905
4 0.82236 0.36820 0.81757 0.38444 0.80993 0.40741 0.80513 0.42503 0.80802 0.44122 0.82618 0.44667 0.83479 0.44937 0.84438 0.44397 0.84536 0.44122 0.85876 0.40608 0.87217 0.37900 0.87790 0.36005 0.88079 0.33302 0.88270 0.31545 0.88270 0.29513 0.85970 0.27619 0.82618 0.33032 0.82333 0.34386 0.82333 0.35735 0.82236 0.36820
4 0.49296 0.43042 0.49678 0.46016 0.50060 0.48185 0.50539 0.49672 0.50921 0.51429 0.51401 0.52106 0.52453 0.53053 0.54371 0.54677 0.58198 0.54138 0.61360 0.53190 0.62607 0.51836 0.64232 0.48455 0.64423 0.47370 0.64330 0.43582 0.64330 0.40608 0.64232 0.36143 0.64232 0.35735 0.63850 0.33841 0.63082 0.32492 0.62030 0.30730 0.60116 0.29243 0.59255 0.28434 0.58487 0.27757 0.55996 0.26810 0.55041 0.26810 0.51689 0.28704 0.50637 0.29513 0.49008 0.34111 0.49008 0.37360 0.49198 0.40878 0.49296 0.43042
4 0.29090 0.48455 0.31386 0.50349 0.35206 0.50582 0.35124 0.44937 0.34738 0.42905 0.34165 0.40339 0.34067 0.37360 0.34067 0.34788 0.34067 0.34519 0.33397 0.33032 0.32154 0.32085 0.30431 0.31275 0.29281 0.30730 0.28610 0.30730 0.27558 0.30868 0.26502 0.32085 0.26599 0.38444 0.26697 0.40471 0.27378 0.46931 0.29090 0.48455
4 0.18363 0.47100 0.19802 0.49672 0.24779 0.47778 0.25929 0.46016 0.26408 0.44397 0.26790 0.43180 0.26888 0.41011 0.26599 0.36280 0.26026 0.34111 0.24015 0.30868 0.23154 0.28974 0.22577 0.27619 0.22288 0.25725 0.20663 0.24645 0.18745 0.24915 0.17693 0.25048 0.16929 0.28434 0.15491 0.33439 0.14918 0.37497 0.15682 0.42773 0.18363 0.47100
4 0.21618 0.66042 0.21813 0.67259 0.24588 0.68746 0.26311 0.66042 0.28322 0.62794 0.30431 0.58058 0.31004 0.55624 0.31004 0.51968 0.31004 0.49804 0.28802 0.48185 0.27903 0.47355 0.27270 0.46831 0.27172 0.45476 0.26888 0.42905 0.26217 0.46153 0.24970 0.47640 0.20565 0.49672 0.19131 0.50212 0.19225 0.54138 0.20472 0.58058 0.21045 0.61169 0.21618 0.66042
4 0.68206 0.59005 0.68127 0.62048 0.68925 0.63630 0.72674 0.66894 0.73154 0.66894 0.74431 0.66561 0.74828 0.63741 0.74588 0.59571 0.74431 0.54947 0.74431 0.52804 0.74352 0.51000 0.73790 0.49085 0.72674 0.48296 0.71798 0.48296 0.71637 0.46942 0.71536 0.45820 0.70524 0.48148 0.69405 0.48974 0.68446 0.49651 0.67805 0.49873 0.66850 0.51339 0.67487 0.52582 0.68127 0.53709 0.68206 0.56974 0.68206 0.59005
