4 0.37764 0.43609 0.38628 0.44765 0.39820 0.46723 0.40627 0.46771 0.41119 0.46438 0.41495 0.44850 0.42169 0.44098 0.43024 0.42887 0.43723 0.41776 0.45117 0.39803 0.45743 0.37344 0.45866 0.36447 0.45906 0.35318 0.45933 0.34529 0.45869 0.33736 0.45553 0.32484 0.45293 0.32140 0.44325 0.31426 0.43241 0.31503 0.42222 0.32258 0.41008 0.33456 0.40433 0.34337 0.39858 0.35332 0.38895 0.37105 0.37773 0.38191 0.36730 0.39621 0.36587 0.41086 0.36900 0.42563 0.37764 0.43609
4 0.48949 0.59234 0.48172 0.58556 0.47319 0.57776 0.46497 0.57247 0.46148 0.56935 0.45555 0.56714 0.44889 0.56290 0.44781 0.57087 0.44700 0.58285 0.42288 0.62003 0.48074 0.64807 0.48448 0.64420 0.49025 0.62789 0.49526 0.61055 0.49583 0.60557 0.49561 0.60056 0.48949 0.59234
4 0.55717 0.45362 0.55250 0.44995 0.53910 0.45549 0.48708 0.52371 0.48705 0.53622 0.50076 0.55621 0.51743 0.57180 0.53540 0.57293 0.55679 0.55617 0.57545 0.52630 0.57757 0.48835 0.57787 0.46835 0.56663 0.45795 0.55717 0.45362
4 0.51864 0.45567 0.51782 0.42743 0.51646 0.41497 0.51225 0.40582 0.50526 0.39992 0.49286 0.39274 0.47831 0.39558 0.45925 0.39942 0.45661 0.39707 0.45069 0.39922 0.44162 0.41236 0.43503 0.42113 0.43050 0.42703 0.42357 0.43880 0.41997 0.44217 0.41610 0.44644 0.40830 0.47829 0.41904 0.49052 0.43728 0.51147 0.44232 0.52180 0.45376 0.53010 0.46873 0.53593 0.48182 0.52768 0.50635 0.49697 0.51394 0.48708 0.51621 0.47360 0.51864 0.45567
4 0.55211 0.64456 0.54875 0.63744 0.54545 0.62881 0.53984 0.61761 0.53092 0.61165 0.49735 0.60812 0.49013 0.63139 0.48404 0.64518 0.49186 0.65046 0.50679 0.65848 0.52701 0.66419 0.53415 0.66594 0.54851 0.66745 0.55231 0.66157 0.55265 0.65208 0.55211 0.64456
4 0.74158 0.61715 0.72668 0.60813 0.71499 0.61072 0.70572 0.61240 0.69717 0.61660 0.68243 0.63760 0.67641 0.64940 0.67959 0.66152 0.68258 0.66762 0.69042 0.67240 0.69402 0.67253 0.70123 0.67228 0.71746 0.66584 0.72489 0.65960 0.73438 0.65142 0.74354 0.62973 0.74158 0.61715
4 0.39324 0.24822 0.39459 0.23476 0.37536 0.21713 0.35783 0.25379 0.35276 0.28073 0.34162 0.30395 0.33644 0.32408 0.34408 0.33791 0.35724 0.34742 0.36510 0.32959 0.37972 0.29853 0.39169 0.26623 0.39324 0.24822
4 0.70576 0.58838 0.70308 0.58479 0.69349 0.58445 0.68709 0.58423 0.67828 0.58442 0.67105 0.58517 0.66339 0.58690 0.65012 0.58844 0.64008 0.58959 0.63629 0.59496 0.62414 0.62206 0.62681 0.63716 0.62933 0.64525 0.63268 0.65237 0.63916 0.66160 0.65999 0.66133 0.67374 0.64580 0.69390 0.61849 0.70067 0.60822 0.70576 0.58838
4 0.41296 0.32185 0.40582 0.30054 0.40622 0.28930 0.40688 0.27016 0.39752 0.25978 0.36031 0.33848 0.35572 0.35638 0.35616 0.36690 0.35775 0.37846 0.36137 0.38960 0.36830 0.39399 0.38708 0.37208 0.39652 0.35730 0.40723 0.33716 0.41296 0.32185
4 0.40845 0.50831 0.40461 0.50367 0.40036 0.49952 0.39499 0.49283 0.39083 0.48568 0.38572 0.48065 0.35975 0.51376 0.36144 0.53433 0.36655 0.54852 0.37035 0.55416 0.38431 0.56715 0.38596 0.56571 0.40816 0.53747 0.41784 0.52380 0.41105 0.51205 0.40845 0.50831
4 0.37869 0.45289 0.37570 0.44678 0.37431 0.44073 0.37358 0.43870 0.37285 0.43667 0.34727 0.44729 0.34726 0.48181 0.35152 0.49747 0.35670 0.50965 0.35934 0.51425 0.37446 0.49377 0.38416 0.47960 0.38515 0.47413 0.38455 0.46860 0.38357 0.46206 0.37869 0.45289
4 0.59680 0.62560 0.60484 0.62438 0.62504 0.61909 0.63711 0.59449 0.63733 0.57649 0.65107 0.56146 0.65616 0.55313 0.64935 0.54189 0.63072 0.52523 0.62330 0.51997 0.60821 0.51644 0.59208 0.51988 0.57929 0.52178 0.55262 0.56102 0.55186 0.57150 0.55116 0.57998 0.55225 0.59453 0.55442 0.60111 0.56317 0.61442 0.56588 0.61702 0.58040 0.62503 0.58240 0.62510 0.59680 0.62560
4 0.44690 0.56283 0.44474 0.55575 0.44290 0.55119 0.43864 0.54704 0.43447 0.54039 0.43060 0.53675 0.42901 0.53620 0.42516 0.53206 0.42166 0.52893 0.41568 0.52823 0.38759 0.56477 0.38757 0.57677 0.39159 0.58792 0.39682 0.59861 0.40259 0.60531 0.40650 0.60795 0.42422 0.61608 0.44453 0.58477 0.44658 0.57183 0.44690 0.56283
