4 0.39352 0.35695 0.38452 0.37500 0.37368 0.38625 0.36376 0.40090 0.36284 0.41560 0.36648 0.43025 0.37548 0.44040 0.38452 0.45165 0.39712 0.47080 0.40520 0.47100 0.41000 0.46750 0.41320 0.45150 0.41968 0.44375 0.42780 0.43135 0.43440 0.42000 0.44764 0.39980 0.45304 0.37500 0.45396 0.36600 0.45396 0.35470 0.45396 0.34680 0.45304 0.33890 0.44944 0.32650 0.44672 0.32315 0.43680 0.31635 0.42600 0.31750 0.41608 0.32540 0.40436 0.33780 0.39892 0.34680 0.39352 0.35695
4 0.48592 0.64865 0.48952 0.64465 0.49472 0.62815 0.49912 0.61065 0.49952 0.60565 0.49912 0.60065 0.49272 0.59265 0.48472 0.58615 0.47592 0.57865 0.46752 0.57365 0.46392 0.57065 0.45792 0.56865 0.45112 0.56465 0.45032 0.57265 0.44992 0.58465 0.42712 0.62265 0.48592 0.64865
4 0.53792 0.57165 0.55872 0.55415 0.57632 0.52365 0.57712 0.48565 0.57672 0.46565 0.56512 0.45565 0.55552 0.45165 0.55072 0.44815 0.53752 0.45415 0.48792 0.52415 0.48832 0.53665 0.50272 0.55615 0.51992 0.57115 0.53792 0.57165
4 0.45484 0.53170 0.47000 0.53700 0.48280 0.52830 0.50624 0.49675 0.51348 0.48660 0.51528 0.47305 0.51708 0.45505 0.51528 0.42685 0.51348 0.41445 0.50896 0.40545 0.50176 0.39980 0.48912 0.39305 0.47468 0.39640 0.45576 0.40090 0.45304 0.39865 0.44720 0.40100 0.43860 0.41445 0.43232 0.42345 0.42800 0.42950 0.42148 0.44150 0.41800 0.44500 0.41428 0.44940 0.40760 0.48150 0.41876 0.49335 0.43772 0.51365 0.44312 0.52380 0.45484 0.53170
4 0.51232 0.65815 0.53272 0.66315 0.53992 0.66465 0.55432 0.66565 0.55792 0.65965 0.55792 0.65015 0.55712 0.64265 0.55352 0.63565 0.54992 0.62715 0.54392 0.61615 0.53480 0.61050 0.50112 0.60815 0.49472 0.63165 0.48912 0.64565 0.49712 0.65065 0.51232 0.65815
4 0.69992 0.66565 0.70712 0.66515 0.72312 0.65815 0.73032 0.65165 0.73952 0.64315 0.74792 0.62115 0.74552 0.60865 0.73032 0.60015 0.71872 0.60315 0.70952 0.60515 0.70112 0.60965 0.68712 0.63115 0.68152 0.64315 0.68512 0.65515 0.68832 0.66115 0.69632 0.66565 0.69992 0.66565
4 0.33040 0.32990 0.33852 0.34345 0.35200 0.35250 0.35924 0.33440 0.37276 0.30285 0.38360 0.27015 0.38452 0.25210 0.38540 0.23860 0.36556 0.22165 0.34932 0.25890 0.34520 0.28600 0.33488 0.30960 0.33040 0.32990
4 0.63792 0.64765 0.64472 0.65665 0.66552 0.65565 0.67872 0.63965 0.69792 0.61165 0.70432 0.60115 0.70872 0.58115 0.70592 0.57765 0.69632 0.57765 0.68992 0.57765 0.68112 0.57815 0.67392 0.57915 0.66632 0.58115 0.65312 0.58315 0.64312 0.58465 0.63952 0.59015 0.62832 0.61765 0.63152 0.63265 0.63432 0.64065 0.63792 0.64765
4 0.35360 0.38350 0.35760 0.39450 0.36468 0.39865 0.38268 0.37610 0.39160 0.36100 0.40160 0.34050 0.40680 0.32500 0.39892 0.30395 0.39892 0.29270 0.39892 0.27355 0.38920 0.26350 0.35476 0.34345 0.35080 0.36150 0.35160 0.37200 0.35360 0.38350
4 0.37232 0.55865 0.38672 0.57115 0.38832 0.56965 0.40952 0.54065 0.41872 0.52665 0.41152 0.51515 0.40880 0.51150 0.40480 0.50700 0.40040 0.50300 0.39480 0.49650 0.39040 0.48950 0.38512 0.48465 0.36032 0.51865 0.36272 0.53915 0.36832 0.55315 0.37232 0.55865
4 0.35992 0.51915 0.37432 0.49815 0.38352 0.48365 0.38432 0.47815 0.38352 0.47265 0.38232 0.46615 0.37712 0.45715 0.37392 0.45115 0.37232 0.44515 0.37152 0.44315 0.37072 0.44115 0.34552 0.45265 0.34672 0.48715 0.35152 0.50265 0.35712 0.51465 0.35992 0.51915
4 0.55552 0.59265 0.55792 0.59915 0.56712 0.61215 0.56992 0.61465 0.58472 0.62215 0.58672 0.62215 0.60112 0.62215 0.60912 0.62065 0.62912 0.61465 0.64032 0.58965 0.63992 0.57165 0.65312 0.55615 0.65792 0.54765 0.65072 0.53665 0.63152 0.52065 0.62392 0.51565 0.60872 0.51265 0.59272 0.51665 0.58000 0.51900 0.55472 0.55915 0.55432 0.56965 0.55392 0.57815 0.55552 0.59265
4 0.40032 0.60215 0.40632 0.60865 0.41032 0.61115 0.42832 0.61865 0.44752 0.58665 0.44912 0.57365 0.44912 0.56465 0.44672 0.55765 0.44472 0.55315 0.44032 0.54915 0.43592 0.54265 0.43192 0.53915 0.43032 0.53865 0.42632 0.53465 0.42272 0.53165 0.41672 0.53115 0.38992 0.56865 0.39032 0.58065 0.39472 0.59165 0.40032 0.60215
