4 0.59164 0.31863 0.59920 0.32088 0.62473 0.32186 0.64949 0.31186 0.65549 0.30847 0.69524 0.29836 0.71625 0.28481 0.72367 0.27131 0.74025 0.25776 0.74775 0.22732 0.74025 0.18448 0.73124 0.15290 0.72524 0.13825 0.71098 0.10781 0.69898 0.08415 0.68240 0.05372 0.66742 0.03792 0.61789 0.05820 0.60145 0.08415 0.57520 0.15180 0.56982 0.17650 0.57055 0.28907 0.59164 0.31863
4 0.90531 0.54973 0.92022 0.57792 0.94880 0.57678 0.95407 0.57454 0.95705 0.54525 0.96364 0.52896 0.96182 0.50437 0.95931 0.47760 0.95847 0.46295 0.95022 0.45055 0.94647 0.44601 0.93455 0.43022 0.92022 0.41219 0.87371 0.40995 0.84669 0.43590 0.86771 0.46743 0.88280 0.49339 0.89178 0.52268 0.90531 0.54973
4 0.40415 0.25437 0.40415 0.29044 0.41091 0.31077 0.41691 0.31749 0.42891 0.32317 0.43644 0.32541 0.47316 0.33328 0.52869 0.33552 0.54596 0.32650 0.56920 0.32541 0.56764 0.17208 0.56538 0.15852 0.55869 0.14951 0.54371 0.12361 0.53695 0.11005 0.52411 0.09202 0.51211 0.07852 0.49185 0.07399 0.47385 0.07399 0.46044 0.07852 0.45142 0.08077 0.43418 0.09202 0.40793 0.17322 0.40415 0.21377 0.40415 0.22732 0.40415 0.25437
4 0.70444 0.45760 0.70313 0.46344 0.70571 0.48497 0.70531 0.50847 0.71007 0.53262 0.71615 0.56000 0.72785 0.59131 0.74869 0.65393 0.76302 0.66962 0.78604 0.66240 0.80775 0.63700 0.81295 0.60891 0.81124 0.56519 0.81124 0.55284 0.80429 0.51956 0.79124 0.43863 0.77778 0.41907 0.75564 0.42563 0.72873 0.43279 0.71615 0.44585 0.70444 0.45760
4 0.14724 0.27022 0.15262 0.31082 0.15444 0.31760 0.16164 0.33246 0.17244 0.33787 0.17604 0.33923 0.19316 0.33923 0.19855 0.33787 0.20756 0.33246 0.21295 0.32432 0.22196 0.30945 0.23007 0.29727 0.23276 0.28104 0.22196 0.27563 0.21200 0.25738 0.20364 0.24098 0.19382 0.20765 0.19273 0.18689 0.19309 0.16940 0.19316 0.15388 0.18953 0.14169 0.17695 0.12951 0.17153 0.12951 0.16073 0.12951 0.15084 0.14579 0.13822 0.18907 0.13193 0.19716 0.14542 0.24454 0.14724 0.27022
4 0.91578 0.25098 0.91196 0.26678 0.89931 0.29044 0.90378 0.30508 0.92178 0.31639 0.92255 0.31639 0.96149 0.31410 0.96447 0.29158 0.97131 0.25322 0.98331 0.19803 0.98331 0.19350 0.98556 0.17885 0.98556 0.16530 0.98407 0.14617 0.97280 0.12475 0.95549 0.12585 0.94949 0.13038 0.93524 0.15066 0.92556 0.16645 0.92556 0.18902 0.92404 0.20590 0.91956 0.23519 0.91578 0.25098
4 0.59935 0.55672 0.60716 0.57956 0.61196 0.59656 0.62324 0.61809 0.64971 0.65066 0.66447 0.65131 0.67622 0.63503 0.69098 0.60372 0.69836 0.57437 0.70702 0.54306 0.70702 0.51432 0.70487 0.50066 0.70571 0.48235 0.70400 0.46147 0.71702 0.44126 0.70356 0.43995 0.69138 0.43541 0.63236 0.43410 0.59113 0.44060 0.58287 0.47126 0.58462 0.49410 0.58807 0.52344 0.59935 0.55672
4 0.30676 0.49869 0.30720 0.50847 0.30891 0.51366 0.31804 0.52803 0.32193 0.53978 0.32847 0.56519 0.33193 0.58153 0.33887 0.60760 0.34887 0.62912 0.36058 0.64940 0.40225 0.59197 0.39924 0.56716 0.39142 0.54891 0.38575 0.53519 0.37880 0.51169 0.37924 0.46672 0.41964 0.44454 0.41051 0.44585 0.33713 0.44842 0.30978 0.45951 0.30589 0.48038 0.30676 0.49869
4 0.02847 0.57628 0.05495 0.56781 0.06407 0.56459 0.08535 0.55475 0.08967 0.52934 0.11702 0.46410 0.13091 0.44716 0.11964 0.43541 0.09967 0.41973 0.08055 0.41257 0.06145 0.41710 0.05189 0.42169 0.03236 0.44585 0.00113 0.49213 0.00200 0.50585 0.00069 0.56459 0.01760 0.57437 0.02847 0.57628
4 0.12582 0.31202 0.14618 0.30874 0.14542 0.27295 0.14542 0.23912 0.14095 0.21880 0.13284 0.20126 0.12473 0.17956 0.11844 0.17011 0.10673 0.15929 0.09593 0.15929 0.08422 0.16333 0.07251 0.18634 0.08062 0.27836 0.08331 0.30809 0.10313 0.31082 0.12582 0.31202
4 0.78644 0.21858 0.79891 0.23842 0.81065 0.29361 0.82316 0.31459 0.86356 0.30574 0.88927 0.29470 0.90469 0.28590 0.91865 0.26049 0.92818 0.18322 0.92673 0.13798 0.91716 0.07836 0.90836 0.05519 0.88044 0.05410 0.84080 0.09049 0.80625 0.14350 0.78644 0.18546 0.78644 0.21858
4 1.00000 0.37235 0.99975 0.37164 0.99073 0.36486 0.97647 0.36710 0.95480 0.38514 0.94647 0.39077 0.93080 0.40093 0.92556 0.40432 0.92255 0.41311 0.95818 0.45847 0.96473 0.52787 0.97127 0.52842 0.97873 0.53623 1.00000 0.54295 1.00000 0.37235
4 0.78520 0.18563 0.78753 0.15290 0.78375 0.13038 0.76720 0.12700 0.75225 0.12700 0.74393 0.13262 0.73124 0.14388 0.74251 0.20251 0.74625 0.22618 0.74324 0.25552 0.72524 0.27355 0.71964 0.28415 0.77775 0.29383 0.78375 0.23410 0.78375 0.21492 0.78520 0.18563
4 0.05382 0.30000 0.07520 0.29459 0.07971 0.27158 0.07971 0.24995 0.07793 0.22557 0.07160 0.18907 0.06171 0.16874 0.05633 0.15929 0.04011 0.13765 0.03560 0.13492 0.02029 0.12951 0.00320 0.12951 0.00138 0.27563 0.01131 0.29322 0.02211 0.29863 0.05382 0.30000
4 0.35084 0.27694 0.35240 0.28934 0.35382 0.30399 0.36065 0.30399 0.37640 0.30508 0.37789 0.30508 0.40193 0.30060 0.40793 0.19574 0.40633 0.18109 0.40265 0.16984 0.39291 0.16869 0.36207 0.16869 0.35538 0.16869 0.34484 0.18109 0.34782 0.20929 0.34865 0.22732 0.35015 0.25437 0.35084 0.27694
4 0.49778 0.45497 0.49993 0.47060 0.49993 0.49279 0.49909 0.51497 0.49909 0.54044 0.50429 0.57891 0.51298 0.60306 0.53727 0.61087 0.55636 0.60825 0.57895 0.59262 0.58069 0.58607 0.58462 0.55350 0.58462 0.52607 0.58462 0.50716 0.58287 0.48628 0.58287 0.46410 0.58676 0.45169 0.58633 0.43929 0.58633 0.42235 0.57200 0.41776 0.53338 0.41519 0.50473 0.42623 0.47302 0.43475 0.47302 0.44973 0.47738 0.45366 0.48215 0.45235 0.49778 0.45497
4 0.40487 0.57628 0.40920 0.59978 0.41007 0.61934 0.43396 0.64153 0.44873 0.65005 0.45738 0.64415 0.47433 0.64415 0.48127 0.63306 0.49127 0.60825 0.49865 0.53197 0.49993 0.47650 0.49865 0.45760 0.48433 0.45432 0.44047 0.44585 0.41876 0.44716 0.39444 0.45820 0.37967 0.46672 0.38055 0.51300 0.38705 0.53716 0.39356 0.55410 0.40487 0.57628
4 0.22862 0.65328 0.22905 0.68590 0.23425 0.70809 0.24378 0.72765 0.32367 0.69831 0.35102 0.67027 0.34800 0.62656 0.33931 0.60825 0.32542 0.54760 0.31673 0.52475 0.30327 0.50257 0.28549 0.50000 0.25811 0.56393 0.24378 0.59328 0.23600 0.61809 0.22862 0.65328
4 0.84596 0.61415 0.87418 0.61809 0.88895 0.61678 0.89502 0.59978 0.89109 0.56000 0.89109 0.51760 0.88458 0.49475 0.87549 0.47973 0.86287 0.46147 0.84640 0.43667 0.79342 0.45169 0.80862 0.54760 0.81687 0.57437 0.82989 0.59847 0.84596 0.61415
4 0.10098 0.60825 0.11833 0.59716 0.14265 0.57372 0.14960 0.55869 0.15349 0.54240 0.19822 0.47912 0.21905 0.46672 0.18822 0.44973 0.17345 0.43082 0.14611 0.43798 0.13222 0.44585 0.11876 0.46344 0.09055 0.52672 0.08793 0.57372 0.08924 0.58803 0.09316 0.60503 0.10098 0.60825
4 0.19335 0.16191 0.19335 0.17661 0.19411 0.20251 0.19636 0.21268 0.19935 0.22618 0.20236 0.23858 0.20760 0.24874 0.21135 0.25661 0.21804 0.26678 0.22862 0.28033 0.24436 0.28934 0.26913 0.30060 0.29538 0.30060 0.30738 0.29721 0.30887 0.29607 0.31189 0.29383 0.32538 0.27918 0.34338 0.25891 0.34640 0.25098 0.34865 0.22618 0.34865 0.20590 0.34640 0.18448 0.33665 0.15290 0.33138 0.14388 0.32458 0.13486 0.31338 0.11907 0.29389 0.09093 0.28713 0.08191 0.27062 0.06388 0.26087 0.05481 0.25404 0.05481 0.24204 0.06273 0.22036 0.10781 0.21735 0.11907 0.20309 0.14842 0.19335 0.16191
4 0.14742 0.61934 0.14829 0.64022 0.15655 0.66049 0.16436 0.65459 0.18996 0.65066 0.21211 0.63044 0.23338 0.61415 0.24164 0.60568 0.24553 0.58869 0.28287 0.50912 0.25465 0.48235 0.24120 0.46929 0.23727 0.46475 0.19822 0.47781 0.15393 0.53978 0.14655 0.56393 0.14655 0.58088 0.14742 0.61934
