4 0.61803 0.65485 0.61803 0.67134 0.61803 0.68165 0.61803 0.69557 0.61919 0.70175 0.62807 0.71619 0.63849 0.72856 0.64853 0.75742 0.65355 0.76979 0.66668 0.78010 0.67826 0.77186 0.68521 0.75691 0.69332 0.73783 0.70375 0.71155 0.70452 0.63371 0.70259 0.60227 0.69332 0.59248 0.68328 0.58835 0.66822 0.58113 0.65664 0.57804 0.64583 0.58320 0.64158 0.58835 0.63540 0.58887 0.62884 0.58887 0.61649 0.59660 0.60799 0.61309 0.61494 0.62546 0.61610 0.63010 0.61726 0.64402 0.61803 0.65485
4 0.53263 0.54469 0.54456 0.56345 0.55301 0.57098 0.56919 0.57381 0.57625 0.57098 0.57695 0.57098 0.60232 0.57268 0.62162 0.57268 0.62741 0.56598 0.63398 0.55722 0.64309 0.56253 0.66703 0.55124 0.67544 0.54186 0.68390 0.52036 0.68320 0.42258 0.66139 0.34742 0.63181 0.33990 0.61073 0.33706 0.59100 0.34459 0.57413 0.35773 0.53614 0.43572 0.52907 0.46485 0.52348 0.49500 0.53263 0.54469
4 0.51803 0.69917 0.51880 0.70691 0.52691 0.73423 0.53309 0.74917 0.54583 0.77134 0.56398 0.78783 0.57170 0.79041 0.58019 0.78423 0.58483 0.76773 0.59332 0.75278 0.59795 0.74454 0.60915 0.72289 0.61301 0.70742 0.61687 0.66412 0.61571 0.65433 0.61378 0.62907 0.60799 0.61309 0.60336 0.60794 0.58714 0.60639 0.56784 0.60794 0.56012 0.60330 0.55548 0.60639 0.53540 0.60794 0.52151 0.61155 0.51417 0.62082 0.51185 0.64969 0.51610 0.68320 0.51803 0.69917
4 0.80567 0.63629 0.83734 0.65021 0.84197 0.63474 0.85239 0.60485 0.85433 0.59248 0.85239 0.57907 0.84776 0.56309 0.83540 0.54505 0.83116 0.54041 0.82961 0.54660 0.81880 0.56361 0.81224 0.56619 0.80336 0.56052 0.77208 0.52546 0.76784 0.53010 0.77402 0.54041 0.78097 0.56722 0.78174 0.57650 0.79139 0.62701 0.80567 0.63629
4 0.11602 0.49397 0.11954 0.51366 0.12517 0.53536 0.13012 0.54845 0.14842 0.55969 0.16178 0.55222 0.16950 0.54010 0.16950 0.52789 0.16741 0.50521 0.16178 0.48552 0.15753 0.46861 0.15614 0.45263 0.15332 0.44794 0.14417 0.42923 0.13714 0.41505 0.13645 0.41505 0.13363 0.41139 0.12448 0.40191 0.11463 0.39634 0.11039 0.39907 0.10054 0.41598 0.10124 0.43758 0.10405 0.45732 0.11251 0.48083 0.11602 0.49397
4 0.09772 0.52964 0.11815 0.52036 0.11745 0.49113 0.10757 0.46577 0.10336 0.44887 0.10054 0.42258 0.10054 0.41598 0.06324 0.40387 0.06042 0.45356 0.07170 0.49500 0.08085 0.52789 0.09772 0.52964
4 0.30683 0.70485 0.30876 0.73423 0.31185 0.74505 0.31880 0.75897 0.33077 0.77443 0.33386 0.77753 0.34776 0.78629 0.35664 0.78371 0.37170 0.77701 0.38598 0.75021 0.40027 0.72237 0.40683 0.71103 0.40606 0.62959 0.39409 0.61722 0.37942 0.61103 0.37363 0.60948 0.37170 0.60278 0.36012 0.60381 0.34595 0.61289 0.32162 0.61701 0.31147 0.63320 0.31108 0.64350 0.30683 0.66412 0.30683 0.68010 0.30683 0.70485
4 0.76981 0.48309 0.76942 0.49758 0.76595 0.51144 0.76981 0.52021 0.77714 0.53206 0.78880 0.54485 0.80000 0.55825 0.81151 0.56505 0.81846 0.56247 0.82888 0.54655 0.82927 0.54083 0.83622 0.51608 0.83776 0.50062 0.84278 0.48515 0.84703 0.45789 0.84780 0.44242 0.84780 0.41969 0.84703 0.39603 0.84394 0.37026 0.84201 0.34907 0.83506 0.35268 0.82077 0.35680 0.80070 0.37387 0.77444 0.42696 0.77444 0.44345 0.77444 0.45835 0.77212 0.47227 0.76981 0.48309
4 0.41108 0.73320 0.41687 0.74917 0.42382 0.76670 0.43270 0.77959 0.44699 0.78629 0.45896 0.78577 0.46861 0.77804 0.47363 0.77546 0.47710 0.77186 0.48714 0.75691 0.48985 0.75278 0.49718 0.74041 0.50336 0.72701 0.50838 0.71206 0.51147 0.68217 0.51108 0.67237 0.51108 0.65330 0.51108 0.63990 0.50915 0.62752 0.50722 0.61876 0.50490 0.61361 0.49988 0.60897 0.49602 0.60691 0.48019 0.60742 0.45896 0.60897 0.44506 0.61412 0.42035 0.61876 0.41494 0.62443 0.40799 0.63783 0.40683 0.68423 0.40954 0.71412 0.41108 0.73320
4 0.14413 0.64948 0.14683 0.67010 0.15070 0.68402 0.15880 0.67732 0.17425 0.66443 0.19317 0.64742 0.20513 0.63402 0.21286 0.62062 0.21402 0.61443 0.21479 0.60412 0.21324 0.58557 0.18892 0.58196 0.18429 0.56495 0.17077 0.53196 0.17077 0.54588 0.14992 0.60000 0.14567 0.61392 0.14336 0.63248 0.14413 0.64948
4 0.21610 0.60381 0.21185 0.62237 0.20490 0.63629 0.19525 0.69402 0.19564 0.70794 0.19873 0.72237 0.20336 0.73371 0.20722 0.73835 0.22151 0.75278 0.22691 0.75639 0.23965 0.75639 0.25262 0.74330 0.27772 0.71701 0.29896 0.67680 0.30513 0.65876 0.31131 0.64330 0.31015 0.63144 0.30089 0.61082 0.28313 0.58402 0.27965 0.57217 0.27618 0.56186 0.27027 0.54588 0.26189 0.54330 0.25571 0.54175 0.25031 0.54330 0.24490 0.54588 0.23602 0.54742 0.23039 0.56412 0.21456 0.58371 0.21610 0.60381
4 0.15614 0.43675 0.15683 0.44706 0.16178 0.47139 0.16811 0.50052 0.17023 0.52402 0.17795 0.54845 0.18849 0.58046 0.21382 0.58510 0.22089 0.57577 0.22930 0.56546 0.23425 0.54938 0.23564 0.53057 0.26027 0.49773 0.26521 0.48268 0.26591 0.45541 0.26452 0.44227 0.25112 0.40103 0.24479 0.39155 0.23425 0.37748 0.22297 0.36242 0.21525 0.35397 0.20680 0.34742 0.19274 0.34366 0.19062 0.34366 0.17301 0.34742 0.16317 0.36526 0.16035 0.38026 0.15753 0.40567 0.15683 0.41598 0.15614 0.43675
4 0.84162 0.49139 0.83969 0.50113 0.83930 0.50789 0.83737 0.51763 0.83313 0.53825 0.84433 0.54495 0.85977 0.54655 0.86286 0.54036 0.86749 0.53108 0.87637 0.52021 0.88293 0.50113 0.88641 0.48567 0.89181 0.45732 0.89259 0.42897 0.89297 0.41093 0.89066 0.38103 0.88873 0.37588 0.88255 0.37948 0.88100 0.38103 0.86942 0.39603 0.85745 0.41711 0.84780 0.44907 0.84703 0.46150 0.84201 0.48928 0.84162 0.49139
4 0.75359 0.53005 0.76525 0.51134 0.77367 0.45835 0.77367 0.43361 0.76865 0.41041 0.75900 0.37227 0.73930 0.34598 0.72193 0.35526 0.70919 0.37072 0.69915 0.38933 0.68911 0.41253 0.68332 0.42541 0.68178 0.53567 0.69838 0.54443 0.73042 0.54701 0.73930 0.54139 0.75359 0.53005
4 0.72768 0.67546 0.73309 0.68680 0.73772 0.69814 0.74892 0.72031 0.76436 0.73629 0.77170 0.74093 0.79680 0.74196 0.79950 0.73887 0.79641 0.71000 0.79641 0.68783 0.79332 0.64402 0.78985 0.62186 0.78251 0.58217 0.78097 0.56670 0.77865 0.55742 0.77324 0.53990 0.76205 0.51928 0.75819 0.51979 0.75587 0.52804 0.73772 0.53990 0.71004 0.58093 0.70220 0.60278 0.70761 0.64660 0.71108 0.65330 0.71842 0.66155 0.72768 0.67546
4 0.26873 0.48361 0.28490 0.52119 0.30618 0.54124 0.32239 0.55309 0.33436 0.55619 0.34556 0.54485 0.36332 0.54072 0.37710 0.52505 0.37147 0.50804 0.37147 0.46485 0.37286 0.44979 0.37216 0.43196 0.36865 0.41691 0.36232 0.40000 0.35035 0.36902 0.34193 0.35680 0.32784 0.34928 0.30954 0.34644 0.30320 0.35021 0.28915 0.36619 0.28421 0.41139 0.26734 0.43474 0.26660 0.45356 0.26873 0.48361
4 0.37286 0.49969 0.38625 0.54938 0.39749 0.55876 0.41158 0.56722 0.42394 0.56546 0.43409 0.57474 0.49954 0.56912 0.52432 0.55309 0.52907 0.52789 0.52699 0.49582 0.52417 0.45639 0.51996 0.42443 0.51008 0.40000 0.49390 0.36526 0.48757 0.35211 0.47000 0.34366 0.41440 0.34093 0.39116 0.35866 0.38274 0.37850 0.37216 0.42639 0.37216 0.45459 0.37216 0.48361 0.37286 0.49969
