4 0.44549 0.47846 0.45551 0.48194 0.46144 0.47787 0.46868 0.47576 0.48934 0.47804 0.49795 0.47304 0.51344 0.45371 0.52352 0.43207 0.53507 0.38655 0.53832 0.37445 0.54434 0.33391 0.54881 0.30592 0.55135 0.28957 0.54409 0.27146 0.50865 0.25871 0.46795 0.25426 0.42219 0.24605 0.37236 0.25298 0.35166 0.30982 0.33979 0.33828 0.33261 0.35824 0.32182 0.39179 0.31898 0.40240 0.31771 0.42069 0.33169 0.44551 0.34232 0.45567 0.40074 0.46887 0.44549 0.47846
4 0.85643 0.40617 0.85864 0.37762 0.85582 0.35413 0.85090 0.34310 0.82630 0.32840 0.77162 0.31946 0.75750 0.33590 0.74950 0.38157 0.73662 0.43650 0.71247 0.51755 0.71990 0.54873 0.74597 0.57599 0.78425 0.57814 0.82708 0.55882 0.83326 0.54260 0.84664 0.48135 0.85643 0.40617
4 0.93237 0.43543 0.93966 0.39688 0.91080 0.37778 0.88680 0.46052 0.86987 0.54190 0.85119 0.56849 0.85355 0.57563 0.86693 0.58001 0.88880 0.55508 0.92264 0.48309 0.92476 0.47069 0.93237 0.43543
4 0.11153 0.53082 0.13772 0.51915 0.14531 0.50902 0.15671 0.48454 0.16482 0.45427 0.17373 0.44369 0.17675 0.43479 0.17149 0.42041 0.16719 0.40469 0.16107 0.39574 0.15185 0.39167 0.13079 0.39328 0.12240 0.39509 0.11034 0.41293 0.07731 0.45921 0.05553 0.49068 0.03645 0.55280 0.03629 0.57144 0.05219 0.59592 0.08338 0.57023 0.09907 0.55016 0.11153 0.53082
4 0.81021 0.72368 0.80742 0.68889 0.80449 0.64760 0.80151 0.60219 0.79995 0.58069 0.79837 0.57301 0.78273 0.57933 0.73352 0.57266 0.72778 0.61002 0.72429 0.63662 0.71477 0.68109 0.70970 0.70241 0.71700 0.71813 0.76326 0.78565 0.80372 0.79324 0.81100 0.76605 0.80979 0.75031 0.81021 0.72368
4 0.16934 0.37340 0.17815 0.36765 0.18378 0.34888 0.18454 0.32561 0.18920 0.30823 0.19760 0.29506 0.21048 0.27418 0.21610 0.26677 0.23082 0.23912 0.24384 0.20857 0.18896 0.20037 0.16289 0.19578 0.15155 0.19275 0.13570 0.18850 0.12355 0.18850 0.11986 0.19317 0.11245 0.25036 0.10824 0.31813 0.11511 0.34916 0.11482 0.37742 0.10874 0.38876 0.13558 0.38378 0.14620 0.38263 0.16934 0.37340
4 0.17536 0.63704 0.20555 0.59000 0.22185 0.55872 0.23994 0.52061 0.24493 0.50658 0.23963 0.49160 0.24076 0.47696 0.24641 0.44214 0.24557 0.43620 0.22075 0.42229 0.20263 0.41744 0.19955 0.41982 0.17634 0.43633 0.17138 0.44797 0.16440 0.45821 0.15701 0.49028 0.13882 0.52190 0.10064 0.59188 0.09699 0.60552 0.09921 0.64257 0.10488 0.66677 0.17536 0.63704
4 0.30952 0.40531 0.32007 0.38625 0.33029 0.35495 0.34524 0.31274 0.34650 0.29445 0.34661 0.26689 0.34596 0.24889 0.34205 0.23408 0.33285 0.22756 0.32141 0.22044 0.29184 0.20846 0.27477 0.20874 0.24440 0.20872 0.19133 0.30715 0.18823 0.32094 0.18413 0.33847 0.17887 0.36945 0.17880 0.38565 0.20580 0.41797 0.25931 0.44351 0.28720 0.43418 0.29844 0.41936 0.30952 0.40531
4 0.73398 0.58004 0.73346 0.56613 0.71894 0.55007 0.70522 0.54234 0.69043 0.53192 0.65677 0.53507 0.63514 0.54790 0.61919 0.62548 0.60323 0.68279 0.61912 0.73001 0.63659 0.75091 0.66059 0.76785 0.68424 0.77014 0.70261 0.71753 0.71675 0.66700 0.73398 0.58004
4 0.87604 0.50305 0.88779 0.45918 0.91794 0.36026 0.88965 0.35023 0.85314 0.34370 0.85831 0.38559 0.85094 0.44040 0.84563 0.48513 0.83625 0.53369 0.82901 0.55849 0.83554 0.56349 0.85119 0.56849 0.86678 0.54433 0.87604 0.50305
4 0.11167 0.28159 0.11954 0.18646 0.08683 0.23603 0.07912 0.29880 0.07551 0.32137 0.07374 0.34603 0.07460 0.37460 0.08220 0.38474 0.10507 0.39007 0.11263 0.37993 0.11288 0.35406 0.10878 0.31731 0.11167 0.28159
4 0.36814 0.74222 0.39457 0.75010 0.41730 0.75134 0.43767 0.72515 0.46759 0.68375 0.50792 0.51055 0.50285 0.49788 0.48763 0.48889 0.47608 0.48665 0.39208 0.46495 0.37938 0.48502 0.37775 0.51378 0.36762 0.54265 0.36072 0.56840 0.35378 0.59653 0.34973 0.62298 0.34689 0.64490 0.35175 0.69241 0.35458 0.70454 0.36814 0.74222
4 0.37379 0.52408 0.37977 0.49490 0.37213 0.47823 0.35765 0.45977 0.34181 0.45308 0.32095 0.44263 0.26636 0.46285 0.24950 0.48267 0.22437 0.65343 0.24305 0.71516 0.26320 0.71245 0.27935 0.69975 0.29909 0.67830 0.32801 0.64960 0.34392 0.61737 0.35637 0.57774 0.37379 0.52408
4 0.50920 0.74597 0.53052 0.75488 0.55183 0.75008 0.57103 0.74631 0.62147 0.61473 0.62780 0.57752 0.63383 0.54595 0.63236 0.53338 0.53430 0.49820 0.51896 0.50785 0.51151 0.52208 0.50098 0.55245 0.49226 0.58497 0.47859 0.64048 0.47620 0.66743 0.47732 0.69281 0.48647 0.72205 0.49472 0.73883 0.50920 0.74597
4 0.70452 0.52678 0.71545 0.51104 0.72528 0.47882 0.73713 0.43013 0.74453 0.39566 0.74854 0.36024 0.74833 0.34075 0.74702 0.32743 0.72186 0.31258 0.68870 0.30044 0.63452 0.28512 0.59184 0.28585 0.55975 0.28777 0.54075 0.36539 0.52363 0.42479 0.52272 0.45534 0.52064 0.46535 0.53228 0.49440 0.55060 0.50091 0.60138 0.52428 0.63485 0.53080 0.67139 0.53493 0.70452 0.52678
4 0.82211 0.56155 0.79924 0.57218 0.80905 0.69173 0.81365 0.71084 0.84276 0.71778 0.85102 0.67789 0.85506 0.65384 0.85087 0.61056 0.84666 0.59001 0.84799 0.56923 0.83720 0.56474 0.82211 0.56155
