4 0.29988 0.44160 0.29988 0.45258 0.30340 0.47057 0.32332 0.49093 0.33622 0.49799 0.39606 0.49562 0.44178 0.49330 0.45235 0.49407 0.45703 0.48861 0.46348 0.48469 0.48402 0.48155 0.49104 0.47448 0.50100 0.45180 0.50513 0.42830 0.50452 0.38134 0.50452 0.36881 0.49985 0.32809 0.49691 0.29990 0.49513 0.28345 0.48344 0.26783 0.44591 0.26469 0.40544 0.27093 0.35911 0.27485 0.31278 0.29443 0.30749 0.35469 0.30340 0.38526 0.30162 0.40639 0.29988 0.44160
4 0.72502 0.49015 0.75726 0.50974 0.79479 0.50191 0.83116 0.47217 0.83293 0.45490 0.83000 0.39227 0.82000 0.31711 0.81475 0.28897 0.80595 0.26701 0.79834 0.25763 0.77077 0.24979 0.71564 0.25531 0.70625 0.27485 0.71035 0.32103 0.71212 0.37742 0.70977 0.46196 0.72502 0.49015
4 0.85695 0.47526 0.86108 0.48155 0.87513 0.48232 0.88981 0.45258 0.90386 0.37428 0.90270 0.36175 0.90093 0.32572 0.89799 0.28660 0.86517 0.27562 0.86340 0.36175 0.86811 0.44474 0.85695 0.47526
4 0.06826 0.60603 0.06591 0.67098 0.07058 0.68902 0.09228 0.70856 0.11575 0.67567 0.12571 0.65222 0.13274 0.63031 0.15502 0.61227 0.15973 0.60052 0.16440 0.57392 0.16440 0.54258 0.17027 0.53005 0.17089 0.52067 0.16208 0.50814 0.15386 0.49407 0.14564 0.48701 0.13567 0.48546 0.11575 0.49248 0.10811 0.49639 0.10108 0.51675 0.08116 0.57000 0.06826 0.60603
4 0.75494 0.64124 0.76606 0.65454 0.82822 0.70778 0.86927 0.70464 0.86927 0.67650 0.86402 0.66160 0.85753 0.63577 0.84583 0.60289 0.83232 0.56376 0.81768 0.52067 0.81062 0.50031 0.80710 0.49330 0.79363 0.50345 0.74436 0.50974 0.74849 0.54732 0.75201 0.57392 0.75432 0.61933 0.75494 0.64124
4 0.07452 0.42572 0.08919 0.45392 0.09622 0.48129 0.09328 0.49381 0.11792 0.48206 0.12788 0.47820 0.14784 0.46330 0.15487 0.45546 0.15544 0.43588 0.15015 0.41320 0.15015 0.39521 0.15487 0.38031 0.16189 0.35680 0.16540 0.34820 0.17247 0.31768 0.17714 0.28479 0.12201 0.29108 0.09564 0.29340 0.08390 0.29340 0.06749 0.29340 0.05575 0.29655 0.05340 0.30201 0.06104 0.35918 0.07452 0.42572
4 0.16618 0.57938 0.15680 0.61464 0.13803 0.69211 0.13803 0.70624 0.14977 0.74144 0.16151 0.76335 0.22189 0.71639 0.23888 0.66314 0.24653 0.62871 0.25413 0.58722 0.25533 0.57237 0.24633 0.55928 0.24363 0.54485 0.24008 0.50974 0.23772 0.50423 0.21015 0.49722 0.19139 0.49722 0.18903 0.50031 0.17089 0.52227 0.16911 0.53479 0.16502 0.54650 0.16618 0.57938
4 0.15602 0.45701 0.16015 0.47268 0.19460 0.49691 0.25290 0.50773 0.27741 0.49150 0.28444 0.47428 0.29151 0.45783 0.29676 0.43670 0.29853 0.40381 0.30205 0.35918 0.29853 0.34119 0.29151 0.31454 0.28622 0.29732 0.27861 0.28402 0.26803 0.28010 0.25513 0.27619 0.22348 0.27227 0.20707 0.27696 0.17772 0.28479 0.15193 0.39361 0.15251 0.40773 0.15309 0.42572 0.15602 0.45701
4 0.67460 0.69134 0.69687 0.70701 0.72444 0.71717 0.74788 0.71325 0.75201 0.65768 0.75259 0.60521 0.74672 0.51675 0.74262 0.50345 0.72444 0.49170 0.70919 0.48778 0.69220 0.48155 0.66050 0.49330 0.64293 0.51129 0.64761 0.59036 0.64703 0.64985 0.67460 0.69134
4 0.83000 0.39619 0.83351 0.44552 0.83293 0.47134 0.84054 0.47448 0.85695 0.47526 0.86575 0.44789 0.86402 0.40562 0.86402 0.36021 0.86753 0.25686 0.83761 0.25448 0.80066 0.25763 0.81649 0.29675 0.82355 0.35160 0.83000 0.39619
4 0.05664 0.48897 0.06660 0.49680 0.09008 0.49603 0.09475 0.48428 0.08830 0.45923 0.07483 0.42479 0.06838 0.38954 0.05135 0.29562 0.03259 0.35196 0.04139 0.41459 0.04375 0.43732 0.04842 0.46160 0.05664 0.48897
4 0.38317 0.60211 0.38375 0.63108 0.38668 0.65768 0.38961 0.67959 0.40660 0.72423 0.41247 0.73521 0.43533 0.76809 0.46290 0.76887 0.48517 0.76418 0.49807 0.73361 0.51625 0.68588 0.51039 0.50814 0.50220 0.49722 0.48517 0.49248 0.47344 0.49330 0.38668 0.49407 0.37961 0.51675 0.38548 0.54495 0.38317 0.57546 0.38317 0.60211
4 0.32625 0.76650 0.33857 0.75005 0.35208 0.72423 0.37259 0.68902 0.37961 0.65376 0.38139 0.61227 0.38432 0.55593 0.38255 0.52619 0.37085 0.51206 0.35208 0.49799 0.33506 0.49562 0.31220 0.49093 0.26471 0.52459 0.25355 0.54809 0.27348 0.71954 0.30749 0.77433 0.32625 0.76650
4 0.51452 0.58407 0.51567 0.64124 0.52035 0.66789 0.52799 0.69211 0.54440 0.71799 0.55672 0.73206 0.57255 0.73521 0.59544 0.73830 0.61479 0.72814 0.63235 0.71954 0.64703 0.57938 0.64351 0.54180 0.64116 0.50974 0.63649 0.49799 0.53266 0.48938 0.52035 0.50268 0.51683 0.51835 0.51452 0.55041 0.51452 0.58407
4 0.51097 0.46119 0.52973 0.48624 0.54911 0.48778 0.60421 0.49722 0.63822 0.49485 0.67460 0.48938 0.70448 0.47294 0.71097 0.45490 0.71212 0.42124 0.71097 0.37113 0.70919 0.33593 0.70390 0.30067 0.69865 0.28191 0.69394 0.26938 0.66579 0.26155 0.63062 0.25840 0.57432 0.25763 0.53328 0.26938 0.50278 0.27954 0.50452 0.35943 0.50336 0.42124 0.51039 0.45098 0.51097 0.46119
4 0.88510 0.58098 0.88278 0.55670 0.86753 0.51598 0.85815 0.49722 0.85405 0.47680 0.84247 0.47526 0.82707 0.47608 0.80772 0.49227 0.84815 0.60521 0.85753 0.62248 0.88745 0.62165 0.88510 0.58098
