4 0.80448 0.48054 0.80025 0.47547 0.78297 0.48981 0.76570 0.50215 0.78261 0.53923 0.79753 0.57541 0.80452 0.60194 0.81887 0.61624 0.83504 0.62010 0.84452 0.56675 0.84032 0.54697 0.82697 0.52047 0.81559 0.49885 0.80448 0.48054
4 0.58446 0.47663 0.57337 0.43097 0.56515 0.39867 0.55483 0.36489 0.54183 0.34428 0.52329 0.32291 0.50606 0.30988 0.49890 0.30809 0.48753 0.30780 0.47831 0.31108 0.46333 0.32361 0.45602 0.35721 0.44853 0.42418 0.45630 0.46917 0.45639 0.48650 0.47915 0.52770 0.49091 0.54056 0.51843 0.54670 0.55134 0.54634 0.57527 0.52926 0.58510 0.50518 0.58446 0.47663
4 0.32957 0.54755 0.34581 0.52106 0.34010 0.48591 0.33828 0.46734 0.32525 0.43895 0.31457 0.41817 0.30135 0.40368 0.24035 0.39244 0.22607 0.44278 0.21575 0.45305 0.21910 0.48345 0.22717 0.51400 0.24396 0.54155 0.26650 0.56322 0.29124 0.57300 0.29797 0.57157 0.31673 0.56062 0.32957 0.54755
4 0.69369 0.52277 0.66888 0.52937 0.62539 0.53530 0.63496 0.60797 0.64122 0.63533 0.65555 0.66030 0.66527 0.67625 0.69885 0.65977 0.70420 0.64460 0.71388 0.60717 0.71128 0.57573 0.70726 0.55260 0.69369 0.52277
4 0.83717 0.34085 0.82945 0.31315 0.82108 0.29492 0.81076 0.28247 0.80590 0.27881 0.77665 0.24972 0.77061 0.32969 0.78022 0.35567 0.79145 0.38527 0.80554 0.41964 0.81478 0.45238 0.84560 0.44848 0.84295 0.41699 0.83959 0.38836 0.83985 0.36631 0.83717 0.34085
4 0.62536 0.68528 0.62424 0.65021 0.62369 0.61363 0.62203 0.58663 0.62246 0.56117 0.62133 0.53876 0.61948 0.52583 0.60002 0.51726 0.59026 0.50535 0.58228 0.51235 0.57865 0.52716 0.56370 0.53769 0.54907 0.54743 0.51843 0.54670 0.52691 0.59419 0.53278 0.61759 0.54532 0.65963 0.56326 0.68450 0.57514 0.70198 0.59207 0.71573 0.60560 0.71352 0.61413 0.70906 0.62609 0.69717 0.62536 0.68528
4 0.42179 0.56194 0.43979 0.53402 0.44996 0.51583 0.45477 0.48944 0.45495 0.46283 0.44814 0.43288 0.43298 0.40212 0.41748 0.37800 0.40497 0.35734 0.35710 0.33618 0.33094 0.36285 0.33693 0.39844 0.34158 0.42398 0.34023 0.45079 0.33934 0.48325 0.34403 0.50530 0.35568 0.53455 0.36607 0.54118 0.38360 0.55668 0.40915 0.56186 0.42179 0.56194
4 0.22704 0.50248 0.21910 0.48345 0.20796 0.46045 0.18941 0.43555 0.18843 0.43465 0.17426 0.41572 0.16881 0.41229 0.16339 0.40880 0.14510 0.42192 0.13893 0.45898 0.13945 0.49457 0.15620 0.52561 0.17281 0.54860 0.18749 0.56621 0.20426 0.57447 0.22279 0.56334 0.23891 0.55605 0.23427 0.52167 0.22704 0.50248
4 0.30000 0.63834 0.30658 0.56803 0.28587 0.57188 0.26387 0.56213 0.24396 0.54155 0.23516 0.52817 0.23995 0.55776 0.22038 0.56469 0.20002 0.57902 0.18964 0.60454 0.18866 0.61420 0.19115 0.63649 0.19665 0.65533 0.21213 0.67315 0.23929 0.67848 0.25577 0.67111 0.28030 0.65700 0.29295 0.64763 0.30000 0.63834
4 0.18930 0.62075 0.18752 0.61057 0.19265 0.59224 0.20255 0.57682 0.18913 0.57022 0.17046 0.54971 0.16106 0.53563 0.14170 0.53140 0.13048 0.53710 0.12050 0.55922 0.12723 0.58891 0.13584 0.60653 0.14552 0.62564 0.16310 0.64633 0.17350 0.65246 0.19384 0.66145 0.19659 0.66032 0.19115 0.63649 0.18930 0.62075
4 0.42080 0.63935 0.41342 0.59759 0.41170 0.58072 0.40205 0.56718 0.39289 0.56305 0.38720 0.56481 0.38025 0.56574 0.37882 0.56433 0.36810 0.55108 0.36301 0.54492 0.35743 0.53997 0.34856 0.53523 0.34569 0.53584 0.34216 0.53880 0.30881 0.57147 0.30000 0.63834 0.30720 0.65797 0.32608 0.69341 0.33870 0.71737 0.34707 0.73559 0.37450 0.75314 0.40446 0.72566 0.41954 0.69018 0.42083 0.66438 0.42080 0.63935
4 0.52603 0.59781 0.51393 0.54898 0.49091 0.54056 0.46733 0.50822 0.45217 0.51144 0.43476 0.54647 0.41857 0.56389 0.41453 0.58945 0.42547 0.64515 0.43743 0.66527 0.46372 0.71041 0.48823 0.72985 0.50498 0.72165 0.52029 0.70435 0.52585 0.67516 0.52965 0.65904 0.52603 0.59781
4 0.71025 0.44122 0.70101 0.42119 0.69481 0.40046 0.68853 0.37515 0.67381 0.34623 0.66205 0.33144 0.64683 0.30864 0.63082 0.28867 0.62286 0.28307 0.58570 0.28693 0.56721 0.31689 0.56871 0.37929 0.57130 0.41472 0.58794 0.48457 0.59762 0.51318 0.61157 0.52558 0.65203 0.53096 0.69988 0.52211 0.72070 0.51172 0.72121 0.47359 0.71025 0.44122
4 0.80800 0.42912 0.79581 0.39501 0.78567 0.36650 0.77195 0.33808 0.75547 0.30953 0.73366 0.28549 0.72018 0.27106 0.70034 0.25859 0.69674 0.26068 0.69080 0.28592 0.69045 0.34806 0.69343 0.37478 0.69763 0.39455 0.70396 0.41586 0.71600 0.46404 0.73978 0.49877 0.77852 0.48722 0.80274 0.47025 0.81478 0.45238 0.80800 0.42912
4 0.76954 0.51598 0.76028 0.49795 0.72887 0.50330 0.69750 0.52798 0.71410 0.57844 0.72826 0.60682 0.74206 0.63124 0.75638 0.63483 0.77048 0.63316 0.78208 0.62605 0.78466 0.60418 0.78957 0.56776 0.78352 0.54772 0.76954 0.51598
