1 0.19150 0.74319 0.19445 0.75382 0.19646 0.75865 0.19279 0.76974 0.18962 0.77999 0.19478 0.78213 0.19714 0.77611 0.19887 0.76932 0.20693 0.76544 0.21289 0.77084 0.21901 0.77126 0.22148 0.76692 0.22226 0.76186 0.22193 0.74939 0.22125 0.72360 0.22092 0.71110 0.22345 0.69176 0.22683 0.67652 0.23093 0.65538 0.23187 0.64533 0.22816 0.63976 0.22289 0.63597 0.21757 0.63133 0.21379 0.62492 0.21216 0.61752 0.20918 0.60689 0.20399 0.60394 0.20343 0.61982 0.19895 0.63514 0.19288 0.64389 0.18218 0.66546 0.17725 0.68250 0.17675 0.69919 0.17727 0.70667 0.18176 0.72301 0.18558 0.73026 0.19150 0.74319
4 0.10095 0.65834 0.11698 0.66820 0.12416 0.67568 0.13260 0.68211 0.13785 0.68074 0.14427 0.67728 0.15163 0.66779 0.15755 0.65735 0.16254 0.64300 0.17873 0.61689 0.18361 0.61053 0.19082 0.59904 0.18922 0.57613 0.18769 0.55422 0.18637 0.53531 0.18483 0.53241 0.17866 0.53986 0.17400 0.54921 0.16703 0.55467 0.16054 0.55713 0.15634 0.55441 0.14461 0.53923 0.13520 0.51888 0.12982 0.49928 0.12198 0.47280 0.11621 0.45721 0.10998 0.43463 0.10246 0.41317 0.08684 0.39927 0.06433 0.38284 0.05031 0.37279 0.03249 0.36605 0.02587 0.36652 0.01539 0.37735 0.01783 0.40409 0.02043 0.45091 0.02266 0.48276 0.03305 0.51704 0.04218 0.55241 0.04708 0.56506 0.05555 0.58147 0.07592 0.61505 0.09296 0.64887 0.10095 0.65834
4 0.51161 0.48627 0.52690 0.48771 0.55486 0.48683 0.56355 0.48503 0.57924 0.47904 0.60704 0.47594 0.62930 0.47438 0.64505 0.47212 0.65428 0.46666 0.66756 0.46214 0.67051 0.45835 0.67746 0.44345 0.68258 0.42508 0.68452 0.40694 0.68410 0.37817 0.67882 0.34445 0.67297 0.31055 0.67143 0.29982 0.66040 0.26821 0.65648 0.25769 0.65245 0.24598 0.64745 0.23191 0.64407 0.21772 0.63079 0.19945 0.62455 0.19029 0.61244 0.16712 0.59684 0.16088 0.57835 0.15755 0.56062 0.15763 0.54974 0.16194 0.53885 0.16609 0.52251 0.17495 0.51211 0.19576 0.50817 0.20803 0.50163 0.22892 0.49486 0.28098 0.49541 0.30014 0.49451 0.34462 0.49305 0.38073 0.49426 0.40945 0.49718 0.45127 0.50065 0.46660 0.50361 0.47480 0.51161 0.48627
4 0.13335 0.51642 0.13657 0.52422 0.14578 0.54158 0.15496 0.54892 0.16549 0.55620 0.17429 0.54857 0.18015 0.53717 0.18505 0.53081 0.19458 0.52413 0.20047 0.52272 0.21413 0.51779 0.22514 0.51301 0.23400 0.50638 0.23810 0.49811 0.23849 0.49407 0.23951 0.48001 0.23640 0.46422 0.23063 0.44863 0.22289 0.43313 0.21779 0.41748 0.21436 0.40674 0.20775 0.38819 0.20345 0.37450 0.19704 0.35894 0.19487 0.34710 0.18984 0.33242 0.18568 0.32072 0.17338 0.31657 0.16526 0.30515 0.15920 0.29458 0.15144 0.27912 0.14551 0.27052 0.13456 0.25728 0.12539 0.24995 0.11782 0.24647 0.10706 0.24521 0.10208 0.26954 0.10212 0.27956 0.10232 0.28256 0.10178 0.29358 0.09957 0.30974 0.09890 0.32879 0.09851 0.35184 0.10045 0.37969 0.10493 0.40540 0.10859 0.42913 0.11243 0.44587 0.12283 0.48015 0.12646 0.49389 0.13335 0.51642
1 0.04888 0.87284 0.04558 0.86783 0.04048 0.87138 0.03858 0.87514 0.03716 0.88168 0.03863 0.88720 0.04163 0.89181 0.04680 0.89307 0.04859 0.89175 0.04992 0.88761 0.04998 0.88078 0.04888 0.87284
1 0.10742 0.65507 0.11292 0.64470 0.11965 0.63956 0.13352 0.63458 0.15028 0.63276 0.15694 0.62030 0.16017 0.61541 0.16242 0.61591 0.16683 0.62161 0.16779 0.62286 0.17265 0.62252 0.17316 0.59785 0.16912 0.57214 0.16473 0.55379 0.15572 0.55176 0.14418 0.53926 0.13876 0.53162 0.13274 0.51539 0.12852 0.50570 0.12261 0.49146 0.11809 0.48379 0.11270 0.48282 0.10530 0.49132 0.09873 0.49910 0.08844 0.50449 0.08095 0.51168 0.07011 0.52177 0.06191 0.53168 0.05727 0.54133 0.05592 0.54740 0.06003 0.56180 0.06243 0.57694 0.06370 0.58884 0.06687 0.60262 0.07796 0.62116 0.08306 0.63079 0.09316 0.64809 0.10291 0.65407 0.10742 0.65507
4 0.76537 0.37106 0.77160 0.32262 0.77958 0.27645 0.77320 0.23129 0.76940 0.21112 0.76391 0.18991 0.75982 0.17701 0.75261 0.16549 0.74008 0.15796 0.72964 0.15749 0.71937 0.15941 0.70596 0.17357 0.69468 0.18396 0.67958 0.19700 0.66822 0.20620 0.65653 0.21061 0.65091 0.22183 0.64991 0.23031 0.65200 0.23733 0.65812 0.25611 0.66136 0.26791 0.66611 0.29036 0.67215 0.30795 0.67545 0.32094 0.68090 0.35295 0.68178 0.37690 0.69160 0.41335 0.69579 0.42871 0.70341 0.44618 0.70903 0.45782 0.71719 0.46322 0.73480 0.47159 0.74179 0.46871 0.75319 0.44871 0.75909 0.41830 0.76537 0.37106
4 0.86339 0.47567 0.86819 0.46824 0.87406 0.44693 0.87953 0.42052 0.88715 0.37689 0.89147 0.35268 0.89092 0.32561 0.88771 0.29893 0.88408 0.26610 0.87912 0.23344 0.87626 0.21163 0.87649 0.15760 0.87007 0.14216 0.85669 0.13207 0.84940 0.13258 0.84211 0.13309 0.83156 0.15384 0.82289 0.18243 0.81058 0.21622 0.80020 0.24906 0.78747 0.27683 0.78140 0.28527 0.77442 0.29975 0.76958 0.32612 0.76743 0.35237 0.76363 0.37453 0.75984 0.40591 0.75770 0.42307 0.75859 0.43588 0.76739 0.44730 0.77253 0.45403 0.78139 0.46640 0.78748 0.46787 0.79522 0.47334 0.80226 0.47886 0.82267 0.48442 0.82930 0.48395 0.85385 0.48223 0.86339 0.47567
4 0.92453 0.75258 0.91849 0.73800 0.91455 0.71329 0.91334 0.69588 0.91312 0.68506 0.91115 0.67266 0.90787 0.66541 0.90458 0.65812 0.89895 0.64934 0.89107 0.63991 0.87983 0.62986 0.87322 0.62280 0.86473 0.62093 0.85850 0.61886 0.85574 0.61905 0.85546 0.62324 0.85598 0.63068 0.85898 0.64967 0.86066 0.65788 0.86221 0.67192 0.86580 0.69168 0.86752 0.70822 0.86945 0.72809 0.87021 0.73887 0.87102 0.75050 0.87348 0.76949 0.87608 0.77517 0.87964 0.77823 0.90316 0.79660 0.91330 0.80672 0.92712 0.82160 0.93147 0.82797 0.93595 0.81262 0.93674 0.80007 0.92870 0.78063 0.92534 0.76420 0.92453 0.75258
4 1.00000 0.48254 0.98573 0.27854 0.98322 0.27636 0.97029 0.28228 0.96002 0.30698 0.94981 0.33272 0.93726 0.35360 0.92657 0.37236 0.92681 0.38533 0.92710 0.40829 0.92653 0.43837 0.92281 0.46160 0.91807 0.48896 0.91593 0.50612 0.91316 0.51429 0.90737 0.52672 0.92005 0.52684 0.92569 0.53142 0.94085 0.53838 0.96253 0.55286 0.97311 0.56111 0.98001 0.55465 0.99098 0.53989 0.99379 0.53267 0.99988 0.52423 1.00000 0.52334 1.00000 0.48254
4 0.74884 0.75704 0.74955 0.69098 0.75033 0.66394 0.74999 0.62093 0.74924 0.59099 0.75009 0.56490 0.75028 0.54889 0.73918 0.54269 0.72601 0.53559 0.70922 0.53376 0.69707 0.53160 0.67882 0.52790 0.66488 0.52888 0.66919 0.53355 0.66753 0.54770 0.66651 0.56177 0.66419 0.58591 0.66471 0.60288 0.66241 0.62706 0.66213 0.64207 0.66219 0.66208 0.66341 0.67002 0.67104 0.69346 0.68329 0.72561 0.69255 0.75299 0.70249 0.79028 0.70430 0.79716 0.71435 0.80745 0.72034 0.80703 0.73061 0.80134 0.74018 0.78567 0.74884 0.75704
4 0.51931 0.77216 0.52835 0.75071 0.53481 0.72358 0.54016 0.68904 0.54651 0.65274 0.54931 0.62922 0.55015 0.60915 0.54956 0.58502 0.54985 0.57332 0.55030 0.55578 0.55246 0.53897 0.55153 0.52570 0.54860 0.52340 0.54189 0.52306 0.53250 0.52371 0.51694 0.52395 0.48008 0.52904 0.46460 0.53012 0.45623 0.52986 0.44293 0.52998 0.44014 0.53017 0.43512 0.52968 0.43040 0.52584 0.42764 0.52603 0.42934 0.54257 0.43089 0.55665 0.43187 0.57073 0.43257 0.58071 0.43578 0.59463 0.43512 0.60135 0.43868 0.62030 0.44670 0.65556 0.45286 0.68015 0.46036 0.70796 0.47348 0.74452 0.48510 0.75956 0.49265 0.77237 0.49899 0.78361 0.50451 0.78322 0.51931 0.77216
4 0.22513 0.79273 0.22807 0.81088 0.23004 0.82323 0.23507 0.83958 0.23752 0.84272 0.24661 0.84544 0.25323 0.84498 0.25822 0.84463 0.26910 0.84136 0.27909 0.83315 0.28600 0.82098 0.29201 0.79558 0.29566 0.77616 0.30474 0.74718 0.31423 0.73985 0.32198 0.72346 0.32910 0.70631 0.33167 0.69529 0.33148 0.66863 0.33038 0.65286 0.33119 0.63279 0.33289 0.60935 0.33482 0.58920 0.33642 0.57243 0.33745 0.56319 0.33723 0.55237 0.33428 0.54174 0.32992 0.53537 0.32461 0.53073 0.31461 0.53062 0.30410 0.53136 0.29305 0.53213 0.27967 0.53974 0.26593 0.54983 0.25749 0.55628 0.25175 0.56166 0.24974 0.57263 0.24619 0.58541 0.23942 0.61588 0.23598 0.63027 0.23311 0.64466 0.22886 0.66331 0.22598 0.67766 0.22353 0.69033 0.22171 0.71212 0.22125 0.72133 0.22241 0.73794 0.22513 0.79273
1 0.28989 0.44321 0.29260 0.43971 0.29781 0.43487 0.29785 0.42989 0.29786 0.42488 0.29335 0.42408 0.28747 0.42449 0.28296 0.42870 0.28200 0.44153 0.28148 0.44989 0.28278 0.45813 0.28505 0.46410 0.28755 0.46782 0.29017 0.46316 0.29027 0.45930 0.28905 0.45214 0.28989 0.44321
1 0.06871 0.83698 0.07162 0.83447 0.07964 0.83333 0.08031 0.82634 0.08306 0.81053 0.08615 0.80511 0.09259 0.79768 0.09863 0.79032 0.10298 0.78076 0.10460 0.77082 0.10387 0.76046 0.10316 0.75588 0.09654 0.76039 0.08670 0.76340 0.07436 0.76888 0.06565 0.78222 0.06246 0.79169 0.06278 0.80732 0.06488 0.81527 0.06775 0.82317 0.06869 0.83120 0.06871 0.83698
1 0.91196 0.51819 0.90937 0.52705 0.91132 0.52737 0.91846 0.52834 0.92633 0.53068 0.93003 0.53281 0.94204 0.53922 0.94746 0.54320 0.95456 0.54799 0.95368 0.54469 0.95170 0.53905 0.94988 0.53143 0.95022 0.52273 0.95116 0.50385 0.95100 0.48311 0.94815 0.46550 0.94444 0.44452 0.94044 0.43805 0.93497 0.41962 0.93214 0.41114 0.92665 0.40620 0.92762 0.41095 0.92612 0.42652 0.92638 0.43949 0.92358 0.44983 0.92227 0.46342 0.92139 0.47362 0.91944 0.48725 0.91419 0.51322 0.91196 0.51819
4 0.87516 0.84721 0.88168 0.82578 0.87375 0.77930 0.86979 0.72259 0.86358 0.67202 0.85858 0.63836 0.85291 0.61474 0.84023 0.59804 0.83337 0.58811 0.82135 0.56393 0.81315 0.55151 0.80370 0.54018 0.79144 0.52700 0.77834 0.52094 0.76752 0.51869 0.75624 0.51948 0.74524 0.52426 0.73119 0.53322 0.72986 0.53332 0.73479 0.53698 0.74184 0.54250 0.74663 0.54417 0.75070 0.55488 0.75160 0.56781 0.75060 0.58187 0.75046 0.59889 0.74965 0.61595 0.74985 0.63795 0.75002 0.64992 0.75326 0.66770 0.76146 0.68016 0.77567 0.70215 0.78642 0.72241 0.79838 0.75057 0.81511 0.78942 0.82361 0.80582 0.83422 0.82409 0.84696 0.84421 0.86321 0.84805 0.87516 0.84721
4 0.07053 0.92442 0.07981 0.92211 0.09030 0.91305 0.10232 0.90218 0.11036 0.88998 0.11646 0.86619 0.12885 0.84450 0.13081 0.84101 0.13414 0.82497 0.12938 0.78859 0.12712 0.75625 0.12953 0.73526 0.12998 0.73357 0.12880 0.73281 0.11632 0.73700 0.11572 0.73623 0.10865 0.72253 0.09813 0.72327 0.08708 0.72404 0.07767 0.72470 0.06774 0.73372 0.05934 0.74850 0.05090 0.77076 0.04475 0.78618 0.03953 0.79904 0.03517 0.83189 0.03393 0.86197 0.03620 0.89431 0.04008 0.91822 0.04806 0.92097 0.07053 0.92442
4 0.60062 0.75900 0.60551 0.76533 0.61233 0.76735 0.62121 0.76754 0.62989 0.76443 0.64299 0.74520 0.64958 0.72804 0.65704 0.69170 0.66247 0.65797 0.66502 0.60694 0.66575 0.57774 0.66884 0.55836 0.66894 0.53584 0.66818 0.52506 0.66234 0.52130 0.64818 0.51728 0.63972 0.51537 0.63141 0.51595 0.61661 0.51864 0.59576 0.52261 0.58637 0.52326 0.57530 0.52404 0.56368 0.52485 0.55430 0.52550 0.55219 0.52731 0.55057 0.53579 0.55063 0.55244 0.55737 0.58532 0.56160 0.61417 0.56615 0.63136 0.57186 0.65764 0.57554 0.67824 0.58040 0.70038 0.58294 0.71273 0.58974 0.73057 0.59722 0.75006 0.60062 0.75900
1 0.08135 0.84639 0.08093 0.84041 0.07875 0.83458 0.07432 0.83489 0.07132 0.83642 0.06836 0.83863 0.06640 0.83388 0.06508 0.83620 0.06302 0.83834 0.05645 0.83946 0.05610 0.84746 0.05934 0.84924 0.06404 0.85292 0.06790 0.85732 0.06975 0.85850 0.07498 0.85683 0.07581 0.85611 0.07828 0.85324 0.08135 0.84639
1 0.66413 0.63588 0.66508 0.63582 0.66908 0.64228 0.67272 0.64831 0.67366 0.64825 0.67608 0.64565 0.67779 0.64264 0.68062 0.63716 0.68197 0.62885 0.68127 0.61444 0.67767 0.60405 0.67387 0.58647 0.67024 0.58094 0.66910 0.57381 0.66782 0.57390 0.66613 0.57737 0.66519 0.58225 0.66570 0.58947 0.66613 0.59572 0.66536 0.60299 0.66586 0.61020 0.66337 0.62965 0.66413 0.63588
1 0.09371 0.45338 0.09552 0.45391 0.10549 0.45653 0.11070 0.45485 0.11184 0.45211 0.11314 0.44535 0.10466 0.41930 0.10239 0.41214 0.09564 0.40459 0.08229 0.39820 0.06759 0.38458 0.05412 0.37619 0.04538 0.37213 0.03500 0.36954 0.02686 0.36745 0.02124 0.36981 0.01593 0.37620 0.01656 0.39813 0.01782 0.41605 0.01964 0.43589 0.02152 0.44374 0.02555 0.43147 0.02825 0.41929 0.03298 0.40431 0.04332 0.39961 0.06517 0.40074 0.08020 0.41901 0.08671 0.42322 0.08917 0.43303 0.09234 0.44014 0.09371 0.45338
1 0.60366 0.74587 0.60618 0.75545 0.61338 0.75911 0.61476 0.75901 0.62675 0.75817 0.63080 0.75650 0.63289 0.75366 0.62293 0.75088 0.61075 0.74942 0.60366 0.74587
4 0.17058 0.87890 0.17948 0.86328 0.18951 0.84458 0.19835 0.82796 0.21041 0.80009 0.21704 0.78061 0.22324 0.76418 0.22200 0.72725 0.22047 0.70538 0.22608 0.68097 0.22999 0.66069 0.23139 0.64258 0.22155 0.63529 0.21538 0.63272 0.21014 0.61508 0.20685 0.60628 0.19974 0.59980 0.18283 0.60600 0.16740 0.63306 0.14815 0.67242 0.14047 0.68696 0.13164 0.70358 0.12801 0.72785 0.12881 0.74881 0.12852 0.78283 0.13578 0.82933 0.14082 0.85396 0.14648 0.87758 0.15157 0.88756 0.15877 0.89129 0.17058 0.87890
1 0.76472 0.65946 0.76761 0.65494 0.76664 0.65019 0.76415 0.64651 0.76189 0.64185 0.75762 0.64068 0.75268 0.63910 0.75147 0.64015 0.75005 0.64749 0.75042 0.65275 0.75143 0.65800 0.75173 0.66234 0.75240 0.66275 0.75661 0.66296 0.76011 0.66271 0.76472 0.65946
4 0.23670 0.47037 0.24153 0.49205 0.25136 0.50836 0.26015 0.51978 0.26215 0.51964 0.27210 0.51894 0.27567 0.51268 0.28093 0.50229 0.28636 0.49393 0.30096 0.45489 0.30377 0.43769 0.30463 0.40262 0.30509 0.38057 0.30363 0.35970 0.30332 0.34569 0.30571 0.32254 0.31042 0.30421 0.31018 0.29123 0.31186 0.27708 0.31271 0.27004 0.31096 0.26415 0.30470 0.26058 0.29460 0.25928 0.28305 0.25612 0.26889 0.24407 0.26337 0.24149 0.24417 0.23381 0.23479 0.23347 0.22617 0.23407 0.22021 0.23449 0.20501 0.23655 0.19103 0.24655 0.18433 0.26503 0.18379 0.28604 0.18484 0.30100 0.18997 0.32663 0.19336 0.34640 0.20022 0.37792 0.21313 0.41002 0.22751 0.44403 0.23670 0.47037
4 0.41797 0.76926 0.42192 0.74647 0.42627 0.72118 0.42947 0.69513 0.43211 0.67744 0.43381 0.65395 0.43506 0.63220 0.43512 0.61720 0.43489 0.59805 0.43361 0.57979 0.43291 0.56985 0.42940 0.54342 0.42547 0.52703 0.41960 0.52243 0.41021 0.52309 0.40080 0.52375 0.39141 0.52440 0.38146 0.52510 0.37222 0.52825 0.36476 0.53294 0.35418 0.54035 0.34469 0.54768 0.34129 0.55459 0.33798 0.56315 0.33524 0.57167 0.33420 0.58840 0.33203 0.60524 0.33186 0.61859 0.33153 0.63778 0.33171 0.65612 0.33275 0.67105 0.33401 0.68094 0.33886 0.69479 0.35003 0.72732 0.35615 0.74359 0.36387 0.76638 0.36899 0.77600 0.37645 0.78716 0.39039 0.79618 0.40738 0.79252 0.41245 0.78550 0.41797 0.76926
4 0.92151 0.46397 0.92310 0.44103 0.92663 0.42278 0.92717 0.39633 0.92886 0.37462 0.92945 0.36016 0.92869 0.34942 0.92736 0.33031 0.92627 0.31477 0.92364 0.31137 0.92136 0.30193 0.90412 0.30672 0.89808 0.31197 0.89460 0.31942 0.89248 0.33514 0.89190 0.34960 0.89194 0.36159 0.88966 0.37498 0.88545 0.39447 0.88263 0.41148 0.87751 0.42980 0.87327 0.44934 0.86949 0.46398 0.86158 0.47653 0.85251 0.48437 0.84464 0.48612 0.84115 0.49357 0.84460 0.49692 0.85930 0.51270 0.86688 0.51818 0.87624 0.52593 0.88511 0.53850 0.90675 0.52739 0.91228 0.51501 0.91811 0.49540 0.91923 0.47732 0.92151 0.46397
4 0.32688 0.48230 0.33973 0.49440 0.35427 0.49238 0.38153 0.49147 0.42009 0.48978 0.43726 0.48758 0.46437 0.49366 0.48532 0.48823 0.48910 0.48380 0.49075 0.47983 0.49523 0.42951 0.49411 0.41358 0.48486 0.34823 0.47143 0.29916 0.46822 0.29136 0.46261 0.27776 0.45632 0.26420 0.45005 0.25065 0.44431 0.24503 0.44204 0.24118 0.43510 0.22767 0.43003 0.22201 0.42383 0.20945 0.42043 0.20869 0.41513 0.19788 0.40214 0.18490 0.38397 0.18232 0.37165 0.17894 0.35630 0.18001 0.34219 0.18617 0.33641 0.18958 0.32635 0.19826 0.32196 0.21156 0.31874 0.22282 0.31796 0.23085 0.31589 0.24900 0.31444 0.26610 0.31110 0.28535 0.31005 0.30844 0.30901 0.33149 0.31082 0.35739 0.31354 0.39622 0.31592 0.42103 0.32035 0.45573 0.32345 0.47152 0.32688 0.48230
1 0.56647 0.64263 0.56717 0.63935 0.56715 0.63472 0.56268 0.61930 0.56128 0.61246 0.55981 0.60470 0.55913 0.59503 0.55776 0.58865 0.55683 0.58409 0.55503 0.58051 0.55340 0.57924 0.54876 0.57910 0.54941 0.58831 0.55027 0.60953 0.55021 0.61740 0.55018 0.62573 0.55058 0.63588 0.55209 0.63994 0.55410 0.64211 0.56077 0.64488 0.56531 0.64364 0.56647 0.64263
1 0.07555 0.88262 0.07607 0.87857 0.07542 0.87299 0.07273 0.86913 0.07158 0.86038 0.06989 0.85895 0.06875 0.86177 0.06637 0.86637 0.06298 0.86742 0.05890 0.87052 0.05830 0.87338 0.05785 0.87823 0.05753 0.88145 0.05991 0.88491 0.06209 0.88556 0.06528 0.88495 0.06873 0.88471 0.07176 0.88570 0.07555 0.88262
