1 0.84184 0.64543 0.83894 0.64761 0.84378 0.65343 0.85058 0.65925 0.85736 0.66435 0.86803 0.66797 0.87724 0.66726 0.88257 0.65707 0.88839 0.64470 0.89372 0.62724 0.89227 0.61634 0.88549 0.61487 0.87336 0.61416 0.86705 0.61269 0.85687 0.61198 0.84960 0.61851 0.84476 0.63015 0.84184 0.64035 0.84184 0.64543
1 0.07971 0.59789 0.08231 0.60323 0.08476 0.60810 0.08783 0.61274 0.08978 0.61153 0.08573 0.60080 0.08362 0.59642 0.08280 0.59399 0.08280 0.58912 0.08507 0.58278 0.08589 0.57838 0.08670 0.57351 0.08605 0.57157 0.08280 0.57474 0.07988 0.58181 0.07875 0.58571 0.07777 0.59155 0.07971 0.59789
4 0.16832 0.68927 0.17586 0.71188 0.19263 0.74330 0.20938 0.77474 0.22362 0.79862 0.23954 0.81369 0.25296 0.82123 0.26300 0.82752 0.28145 0.83381 0.29569 0.83381 0.30575 0.83129 0.33004 0.83004 0.34681 0.82752 0.38032 0.82500 0.41132 0.82250 0.42389 0.81496 0.44233 0.80866 0.46662 0.79233 0.48422 0.77599 0.50182 0.75713 0.51606 0.74080 0.52697 0.72696 0.53701 0.70435 0.54372 0.68927 0.55293 0.66664 0.56384 0.64151 0.57286 0.58131 0.57305 0.57991 0.57639 0.55351 0.57808 0.52711 0.57884 0.51596 0.57884 0.51504 0.58050 0.46728 0.58203 0.45528 0.58310 0.41526 0.58385 0.40299 0.58205 0.38045 0.55881 0.31972 0.53701 0.29711 0.50434 0.26694 0.46999 0.25688 0.45070 0.24054 0.43478 0.22420 0.42557 0.21666 0.41384 0.21414 0.39205 0.20912 0.37362 0.20662 0.35351 0.20662 0.33927 0.20787 0.31412 0.21164 0.29318 0.21666 0.27977 0.21918 0.24876 0.22672 0.20855 0.25310 0.18509 0.26694 0.17586 0.28203 0.16580 0.29711 0.15240 0.31722 0.13899 0.34235 0.13313 0.35491 0.12894 0.40394 0.12894 0.41399 0.12885 0.43823 0.13565 0.45800 0.14233 0.47623 0.14223 0.47580 0.14314 0.47844 0.14486 0.48312 0.15240 0.49821 0.15680 0.51801 0.15852 0.52300 0.15977 0.53138 0.15994 0.53215 0.16246 0.54597 0.16336 0.55547 0.16385 0.55875 0.16426 0.56488 0.16497 0.57237 0.16467 0.57109 0.16616 0.59358 0.16580 0.62515 0.16497 0.64526 0.16414 0.66412 0.16616 0.67308 0.16832 0.68927
4 0.61988 0.73502 0.64083 0.74884 0.67269 0.76392 0.70285 0.77022 0.73217 0.77901 0.75648 0.77901 0.79753 0.78151 0.84111 0.77147 0.89055 0.76015 0.91987 0.72621 0.93579 0.69606 0.94585 0.66588 0.95422 0.62692 0.95925 0.59297 0.97769 0.53265 0.97769 0.47735 0.97602 0.45974 0.97351 0.43461 0.97266 0.39188 0.97099 0.37679 0.96010 0.33657 0.94165 0.30138 0.92993 0.28000 0.91401 0.26366 0.89558 0.24106 0.87714 0.22220 0.86037 0.21213 0.82435 0.20082 0.79083 0.19455 0.75397 0.19203 0.72045 0.18573 0.69950 0.18573 0.67269 0.18950 0.64251 0.19832 0.61067 0.22345 0.58888 0.26744 0.58470 0.29761 0.58135 0.33532 0.58050 0.35166 0.58135 0.37177 0.58205 0.38045 0.58478 0.38761 0.58385 0.40299 0.58387 0.40319 0.58387 0.44090 0.58203 0.45528 0.58142 0.47810 0.57884 0.51596 0.57884 0.54144 0.57286 0.58131 0.56887 0.61134 0.57799 0.64828 0.58470 0.67970 0.59559 0.70233 0.61988 0.73502
1 0.75853 0.69205 0.76437 0.69231 0.76957 0.69278 0.77395 0.69205 0.77835 0.69084 0.78256 0.68914 0.78647 0.68597 0.78858 0.68377 0.79085 0.68157 0.78840 0.68013 0.78484 0.68280 0.78207 0.68524 0.77882 0.68621 0.77412 0.68621 0.77039 0.68744 0.76567 0.68817 0.75901 0.68840 0.75560 0.68840 0.75414 0.68888 0.75187 0.68914 0.74944 0.69011 0.75317 0.69205 0.75853 0.69205
1 0.80376 0.67884 0.80678 0.67754 0.80994 0.67582 0.81353 0.67388 0.81684 0.67172 0.81885 0.66785 0.81741 0.66547 0.81497 0.66720 0.81282 0.67065 0.80965 0.67345 0.80764 0.67496 0.80434 0.67539 0.80262 0.67582 0.80118 0.67603 0.79744 0.67754 0.79615 0.67884 0.80103 0.68013 0.80376 0.67884
4 0.29569 0.83381 0.30575 0.83129 0.33004 0.83004 0.34681 0.82752 0.38032 0.82500 0.41132 0.82250 0.42389 0.81496 0.44233 0.80866 0.46662 0.79233 0.48422 0.77599 0.50182 0.75713 0.51606 0.74080 0.52697 0.72696 0.53701 0.70435 0.54372 0.68927 0.55293 0.66664 0.56384 0.64151 0.56887 0.61134 0.57305 0.57991 0.57639 0.55351 0.57808 0.52711 0.58142 0.47810 0.58310 0.41526 0.58478 0.38761 0.55881 0.31972 0.53701 0.29711 0.50434 0.26694 0.46999 0.25688 0.45070 0.24054 0.43478 0.22420 0.42557 0.21666 0.41384 0.21414 0.39205 0.20912 0.37362 0.20662 0.35351 0.20662 0.33927 0.20787 0.31412 0.21164 0.29318 0.21666 0.27977 0.21918 0.24876 0.22672 0.20855 0.25310 0.18509 0.26694 0.17586 0.28203 0.16580 0.29711 0.15240 0.31722 0.13899 0.34235 0.13313 0.35491 0.12894 0.40394 0.12894 0.41399 0.12885 0.43823 0.13565 0.45800 0.14233 0.47623 0.14223 0.47580 0.14314 0.47844 0.14486 0.48312 0.15240 0.49821 0.15680 0.51801 0.15852 0.52300 0.15977 0.53138 0.15994 0.53215 0.16246 0.54597 0.16336 0.55547 0.16385 0.55875 0.16426 0.56488 0.16497 0.57237 0.16467 0.57109 0.16616 0.59358 0.16580 0.62515 0.16497 0.64526 0.16414 0.66412 0.16616 0.67308 0.16832 0.68927 0.17586 0.71188 0.19263 0.74330 0.20938 0.77474 0.22362 0.79862 0.23954 0.81369 0.25296 0.82123 0.26300 0.82752 0.28145 0.83381 0.29569 0.83381
1 0.71234 0.47950 0.71491 0.47810 0.71655 0.47670 0.71655 0.47390 0.71444 0.47353 0.71328 0.47319 0.71093 0.47530 0.71000 0.47636 0.71070 0.47881 0.71234 0.47950
1 0.00000 0.65340 0.00693 0.64961 0.01602 0.64153 0.02174 0.63800 0.03016 0.63446 0.03858 0.62840 0.04868 0.61983 0.05542 0.61325 0.05710 0.60821 0.05306 0.60821 0.04767 0.61274 0.04397 0.61629 0.03083 0.62690 0.02241 0.63194 0.00760 0.64205 0.00019 0.64660 0.00000 0.64694 0.00000 0.65340
1 0.67516 0.45847 0.68007 0.46162 0.68101 0.46196 0.68358 0.46407 0.68615 0.46162 0.68685 0.45987 0.68661 0.45670 0.68474 0.45461 0.68474 0.45285 0.67843 0.45285 0.67655 0.45565 0.67516 0.45601 0.67516 0.45847
1 0.09842 0.48668 0.10037 0.49058 0.10135 0.49155 0.10200 0.48935 0.10249 0.48668 0.10297 0.48401 0.10330 0.48058 0.10346 0.47791 0.10282 0.47694 0.10102 0.47668 0.09940 0.47668 0.09762 0.47864 0.09664 0.48035 0.09746 0.48401 0.09842 0.48668
4 0.00000 0.81638 0.00728 0.82073 0.03625 0.83160 0.06520 0.82722 0.08843 0.81425 0.10573 0.80761 0.12171 0.79463 0.13036 0.77940 0.15043 0.74634 0.15503 0.72974 0.16616 0.67308 0.16677 0.63461 0.16616 0.59358 0.16385 0.55875 0.15852 0.52300 0.14223 0.47580 0.12885 0.43823 0.10392 0.41123 0.07465 0.39222 0.01634 0.36207 0.00125 0.35603 0.00000 0.35944 0.00000 0.81638
