1 0.20196 0.59238 0.20316 0.59448 0.20777 0.59165 0.21018 0.58603 0.21340 0.58114 0.21625 0.57762 0.21905 0.57203 0.22085 0.56148 0.22085 0.55517 0.21943 0.54921 0.21664 0.54817 0.21644 0.55165 0.21601 0.55800 0.21443 0.56183 0.21261 0.56500 0.21162 0.56255 0.20656 0.57272 0.20415 0.57693 0.20237 0.58431 0.20196 0.59238
1 0.41943 0.83469 0.42516 0.85090 0.42992 0.86338 0.43613 0.87297 0.45117 0.88376 0.46640 0.88545 0.47522 0.88210 0.48261 0.87545 0.47261 0.87086 0.46067 0.86962 0.44757 0.86048 0.44018 0.85131 0.42992 0.83510 0.42516 0.81428 0.42421 0.79183 0.42302 0.77559 0.42063 0.76269 0.41585 0.75397 0.41040 0.76145 0.40945 0.78224 0.41109 0.79683 0.41419 0.81555 0.41943 0.83469
4 0.81458 0.68076 0.83534 0.65962 0.84571 0.63548 0.85781 0.60835 0.86992 0.56914 0.88202 0.52538 0.88893 0.46055 0.89411 0.41831 0.90018 0.37003 0.90103 0.34741 0.89931 0.33535 0.89672 0.32631 0.88460 0.33235 0.86905 0.33986 0.84225 0.33838 0.83188 0.32479 0.81458 0.31876 0.78779 0.32779 0.77569 0.32931 0.75581 0.32931 0.73160 0.32779 0.72727 0.33986 0.73506 0.36703 0.73680 0.39417 0.73680 0.41679 0.74198 0.44848 0.74543 0.52086 0.74889 0.55103 0.75235 0.57517 0.75581 0.60231 0.77395 0.63852 0.78348 0.67169 0.79040 0.68376 0.81458 0.68076
4 0.23887 0.69886 0.24666 0.73503 0.25358 0.75765 0.26739 0.77428 0.28468 0.78631 0.30111 0.79235 0.31668 0.78483 0.32790 0.76672 0.34087 0.74259 0.35557 0.70790 0.36854 0.67772 0.37545 0.65359 0.37804 0.60683 0.37804 0.57669 0.38150 0.52841 0.38842 0.50128 0.39275 0.48617 0.39534 0.45600 0.38409 0.43338 0.37287 0.42435 0.35644 0.41528 0.34348 0.41983 0.31322 0.41983 0.30285 0.41379 0.29506 0.42131 0.28468 0.42886 0.27000 0.44545 0.25962 0.46203 0.24666 0.47410 0.23283 0.48921 0.22763 0.51935 0.22591 0.53597 0.22504 0.57969 0.22417 0.61138 0.22763 0.63852 0.23283 0.66717 0.23887 0.69886
4 0.45494 0.88379 0.46976 0.88379 0.49043 0.87379 0.50945 0.84365 0.54401 0.73655 0.55700 0.68224 0.56304 0.64455 0.56389 0.60683 0.55958 0.57065 0.55958 0.53897 0.56130 0.50128 0.55785 0.44545 0.55093 0.43186 0.53970 0.41379 0.52674 0.41379 0.50858 0.41379 0.49043 0.41983 0.46968 0.41983 0.44030 0.42583 0.41781 0.43186 0.40571 0.44545 0.39621 0.46507 0.39275 0.48617 0.38100 0.53537 0.37804 0.57669 0.37804 0.60683 0.38237 0.63852 0.38929 0.68076 0.39534 0.70941 0.40743 0.77879 0.41781 0.82252 0.42300 0.84817 0.43320 0.86793 0.45494 0.88379
1 0.10605 0.72359 0.11897 0.72431 0.13022 0.72431 0.13939 0.71921 0.14899 0.71265 0.15314 0.70248 0.14941 0.68793 0.14690 0.68793 0.13480 0.69521 0.12731 0.69886 0.11646 0.70393 0.10812 0.70465 0.10057 0.70941 0.09354 0.70541 0.08771 0.70686 0.08103 0.70393 0.08103 0.71265 0.08937 0.72214 0.09520 0.72141 0.10605 0.72359
4 0.01757 0.63400 0.03055 0.65814 0.04437 0.68376 0.06253 0.70035 0.08674 0.71090 0.10057 0.70941 0.12476 0.71241 0.14119 0.70941 0.15589 0.70186 0.17664 0.68224 0.20603 0.63700 0.21727 0.60079 0.22504 0.55707 0.22763 0.51935 0.23800 0.47862 0.25271 0.46807 0.26567 0.45452 0.28037 0.43338 0.28814 0.41679 0.28901 0.37607 0.27346 0.35041 0.26308 0.34590 0.22504 0.35345 0.21381 0.35645 0.19393 0.32779 0.18269 0.33686 0.17059 0.35645 0.14205 0.38965 0.12391 0.43038 0.10575 0.44697 0.06858 0.48921 0.04352 0.52538 0.02103 0.55707 0.01326 0.56762 0.01152 0.59176 0.01757 0.63400
4 0.64516 0.76824 0.66071 0.79838 0.68405 0.80593 0.70567 0.80441 0.72210 0.78179 0.72901 0.76221 0.73765 0.73355 0.74372 0.70941 0.74889 0.67017 0.75148 0.62945 0.75061 0.59024 0.75061 0.53293 0.74543 0.48317 0.74198 0.44848 0.73680 0.41679 0.73680 0.39417 0.73506 0.36703 0.73073 0.35345 0.71864 0.33838 0.71085 0.33838 0.66071 0.37607 0.64862 0.39717 0.62356 0.42886 0.60368 0.46055 0.58638 0.48014 0.56650 0.50728 0.55958 0.53897 0.55958 0.57065 0.56389 0.60683 0.56650 0.63852 0.58984 0.68528 0.60885 0.71393 0.62528 0.73807 0.64516 0.76824
4 1.00000 0.20007 0.99526 0.18903 0.98747 0.19507 0.97105 0.21017 0.93994 0.23279 0.91832 0.26748 0.89931 0.29010 0.87077 0.32176 0.86905 0.33986 0.88460 0.33235 0.89672 0.32631 0.90103 0.34741 0.90364 0.35797 0.89844 0.38662 0.89326 0.44245 0.88806 0.47259 0.88719 0.49372 0.89152 0.50728 0.90190 0.52238 0.91660 0.54348 0.93733 0.56159 0.95117 0.55707 0.96413 0.54500 0.97192 0.52690 0.98662 0.48014 0.99526 0.43941 1.00000 0.41735 1.00000 0.20007
2 0.40553 0.76845 0.40887 0.79172 0.41387 0.81065 0.41719 0.83248 0.42300 0.84817 0.42866 0.86310 0.43696 0.87414 0.44545 0.88103 0.46048 0.88483 0.47055 0.88483 0.47688 0.88035 0.48057 0.87755 0.49043 0.87379 0.50350 0.85428 0.50974 0.83828 0.51559 0.82665 0.52267 0.79755 0.52393 0.78738 0.52225 0.77572 0.52018 0.77645 0.50350 0.77065 0.49391 0.76555 0.48016 0.75683 0.47099 0.74883 0.46265 0.73428 0.44889 0.72483 0.43597 0.71683 0.42887 0.71683 0.42263 0.71900 0.40970 0.71610 0.39885 0.71245 0.39844 0.72700 0.40136 0.74228 0.40553 0.76845
