1 0.21081 0.52215 0.21441 0.51208 0.21551 0.50586 0.21515 0.49974 0.21258 0.49824 0.21178 0.50163 0.21025 0.50780 0.20803 0.51130 0.20569 0.51411 0.20514 0.51153 0.19839 0.52066 0.19529 0.52439 0.19225 0.53135 0.19044 0.53922 0.19127 0.54150 0.19629 0.53952 0.19964 0.53440 0.20366 0.53014 0.20708 0.52717 0.21081 0.52215
1 0.40924 0.87200 0.41768 0.86672 0.40862 0.86047 0.39709 0.85718 0.38577 0.84590 0.38008 0.83558 0.37280 0.81784 0.37172 0.79650 0.37469 0.77423 0.37634 0.75803 0.37622 0.74492 0.37303 0.73550 0.36636 0.74192 0.36181 0.76223 0.36089 0.77688 0.36070 0.79586 0.36253 0.81561 0.36536 0.83257 0.36789 0.84569 0.37233 0.85621 0.38527 0.86945 0.39998 0.87376 0.40924 0.87200
4 0.88987 0.52869 0.90231 0.48799 0.91667 0.44150 0.92143 0.41937 0.92183 0.40719 0.92085 0.39784 0.90787 0.40168 0.89125 0.40638 0.86512 0.40027 0.85726 0.38508 0.84128 0.37614 0.81332 0.38038 0.80114 0.37978 0.78156 0.37633 0.75799 0.37063 0.75163 0.38176 0.75458 0.40987 0.75158 0.43690 0.74765 0.45918 0.74725 0.49128 0.73808 0.56316 0.73625 0.59348 0.73546 0.61785 0.73416 0.64518 0.74574 0.68398 0.74936 0.71831 0.75407 0.73139 0.77842 0.73264 0.80252 0.71543 0.81693 0.69346 0.83356 0.66883 0.85230 0.63232 0.87180 0.59133 0.88987 0.52869
4 0.27000 0.74867 0.28420 0.73279 0.30116 0.71127 0.32167 0.67966 0.33967 0.65220 0.35068 0.62963 0.36135 0.58403 0.36658 0.55435 0.37837 0.50740 0.38989 0.48188 0.39678 0.46776 0.40457 0.43849 0.39742 0.41426 0.38793 0.40342 0.37334 0.39163 0.35978 0.39387 0.32998 0.38861 0.32081 0.38087 0.31184 0.38692 0.30031 0.39255 0.28297 0.40634 0.26987 0.42087 0.25501 0.43050 0.23876 0.44298 0.22841 0.47175 0.22383 0.48782 0.21538 0.53073 0.20902 0.56179 0.20771 0.58912 0.20786 0.61824 0.20831 0.65050 0.20970 0.68747 0.21258 0.71095 0.22330 0.72972 0.23824 0.74457 0.25336 0.75337 0.27000 0.74867
4 0.53698 0.65330 0.54437 0.61630 0.54641 0.57993 0.55191 0.54872 0.56015 0.51190 0.56644 0.45632 0.56199 0.44174 0.55407 0.42200 0.54130 0.41975 0.52342 0.41659 0.50450 0.41938 0.48407 0.41578 0.45408 0.41659 0.43089 0.41863 0.41662 0.42990 0.40385 0.44758 0.39678 0.46776 0.37667 0.51417 0.36658 0.55435 0.36135 0.58403 0.36010 0.61599 0.35958 0.65879 0.36056 0.68806 0.36042 0.75848 0.36305 0.80335 0.36371 0.82951 0.37033 0.85074 0.38898 0.87014 0.40358 0.87271 0.42567 0.86645 0.44963 0.84008 0.50227 0.74060 0.52448 0.68937 0.53698 0.65330
1 0.12210 0.62420 0.11963 0.62376 0.10645 0.62882 0.09844 0.63113 0.08688 0.63423 0.07854 0.63350 0.07028 0.63687 0.06404 0.63171 0.05805 0.63213 0.05198 0.62808 0.05047 0.63667 0.05703 0.64746 0.06290 0.64776 0.07321 0.65178 0.08581 0.65474 0.09688 0.65669 0.10680 0.65326 0.11740 0.64847 0.12325 0.63918 0.12210 0.62420
4 0.09358 0.64403 0.11027 0.64393 0.12606 0.63904 0.14991 0.62332 0.18670 0.58387 0.20407 0.55017 0.21931 0.50846 0.22841 0.47175 0.24570 0.43345 0.26201 0.42561 0.27713 0.41452 0.29528 0.39625 0.30581 0.38127 0.31374 0.34131 0.30288 0.31335 0.29344 0.30710 0.25467 0.30793 0.24309 0.30893 0.22849 0.27726 0.21584 0.28424 0.20053 0.30143 0.16665 0.32917 0.14172 0.36613 0.12095 0.37931 0.07701 0.41445 0.04605 0.44573 0.01839 0.47303 0.00891 0.48207 0.00301 0.50554 0.00163 0.54819 0.01022 0.57422 0.01938 0.60185 0.03439 0.62134 0.05640 0.63593 0.07028 0.63687 0.09358 0.64403
4 0.69348 0.77127 0.70365 0.74855 0.71556 0.71081 0.72518 0.67115 0.73113 0.63239 0.74109 0.57595 0.74463 0.52605 0.74725 0.49128 0.74765 0.45918 0.75158 0.43690 0.75458 0.40987 0.75267 0.39574 0.74338 0.37880 0.73571 0.37745 0.67979 0.40586 0.66421 0.42454 0.63403 0.45140 0.60895 0.47915 0.58852 0.49544 0.56423 0.51871 0.55191 0.54872 0.54641 0.57993 0.54437 0.61630 0.54144 0.64796 0.55630 0.69806 0.57005 0.72958 0.58203 0.75621 0.59637 0.78937 0.60646 0.82175 0.62813 0.83324 0.64969 0.83550 0.66979 0.81608 0.68000 0.79799 0.69348 0.77127
4 1.00000 0.30331 0.97966 0.31325 0.95234 0.34366 0.92969 0.36263 0.89609 0.38885 0.89125 0.40638 0.90787 0.40168 0.92085 0.39784 0.92143 0.41937 0.92217 0.43021 0.91207 0.45753 0.89728 0.51161 0.88693 0.54039 0.88240 0.56105 0.88431 0.57515 0.89190 0.59183 0.90272 0.61516 0.91999 0.63659 0.93440 0.63455 0.94927 0.62491 0.96008 0.60844 0.98268 0.56494 0.99825 0.52633 1.00000 0.52204 1.00000 0.30331
2 0.37295 0.85751 0.38012 0.86577 0.39425 0.87212 0.40418 0.87387 0.41118 0.87055 0.41531 0.86844 0.42567 0.86645 0.44193 0.84950 0.45085 0.83483 0.45863 0.82440 0.47065 0.79697 0.47367 0.78717 0.47404 0.77540 0.47187 0.77575 0.45645 0.76715 0.44789 0.76046 0.43586 0.74948 0.42822 0.74001 0.42253 0.72423 0.41063 0.71254 0.39929 0.70241 0.39230 0.70118 0.38577 0.70224 0.37355 0.69714 0.36350 0.69166 0.36056 0.70592 0.36079 0.72147 0.36035 0.74797 0.35960 0.77147 0.36124 0.79098 0.36072 0.81305 0.36371 0.82951 0.36669 0.84520 0.37295 0.85751
