4 0.19239 0.61855 0.17723 0.62720 0.16704 0.63924 0.16249 0.65578 0.15699 0.67648 0.15348 0.70146 0.15472 0.73404 0.15954 0.75422 0.17599 0.77711 0.19332 0.78327 0.21239 0.78427 0.21943 0.77625 0.22396 0.76586 0.22371 0.76493 0.22882 0.75156 0.23545 0.73723 0.23713 0.73561 0.23975 0.72959 0.24383 0.72916 0.24475 0.72827 0.25456 0.72355 0.26227 0.71661 0.26807 0.70433 0.27172 0.69088 0.27694 0.67542 0.27572 0.65648 0.26674 0.64552 0.25395 0.62283 0.24515 0.62236 0.22483 0.61710 0.21236 0.61645 0.19239 0.61855
4 0.32880 0.81292 0.32945 0.80036 0.33356 0.79219 0.33981 0.78518 0.34183 0.77479 0.33984 0.77049 0.32900 0.76678 0.31529 0.76187 0.30426 0.74765 0.29234 0.73654 0.28251 0.72763 0.26638 0.72678 0.24383 0.72916 0.23713 0.73561 0.22396 0.76586 0.23190 0.79525 0.23582 0.81854 0.24247 0.84615 0.25830 0.86691 0.27777 0.87422 0.29470 0.87406 0.30834 0.86639 0.32062 0.85655 0.32777 0.84642 0.32927 0.83182 0.32880 0.81292
4 0.79642 0.72585 0.79847 0.73543 0.79810 0.75216 0.80114 0.76252 0.81313 0.76752 0.82732 0.76972 0.83977 0.76600 0.85034 0.75927 0.85616 0.74573 0.86373 0.69879 0.86526 0.67920 0.86578 0.65957 0.86524 0.64060 0.85976 0.61846 0.85226 0.60568 0.84104 0.59563 0.82861 0.58915 0.80827 0.58735 0.79178 0.59013 0.77538 0.60092 0.76528 0.60841 0.75386 0.62165 0.74992 0.62873 0.74231 0.64727 0.74126 0.65741 0.74262 0.67059 0.74703 0.68393 0.75745 0.70924 0.75961 0.71664 0.77039 0.71575 0.77686 0.71900 0.78399 0.71937 0.79198 0.72271 0.79642 0.72585
4 0.50492 0.90796 0.51384 0.89387 0.52059 0.88184 0.52551 0.86607 0.52733 0.85087 0.52672 0.84283 0.52041 0.83667 0.51264 0.82897 0.50134 0.82037 0.49573 0.81061 0.48690 0.80359 0.48141 0.80112 0.47086 0.79765 0.46194 0.80228 0.44731 0.81827 0.44031 0.82518 0.43323 0.83356 0.42547 0.84604 0.42389 0.87531 0.42815 0.89156 0.43542 0.90870 0.43885 0.92125 0.44580 0.93473 0.45670 0.94113 0.46638 0.94164 0.48295 0.93741 0.49159 0.92839 0.49875 0.91857 0.50492 0.90796
4 0.12801 0.42953 0.14433 0.39891 0.15973 0.39972 0.18122 0.39665 0.19730 0.39855 0.20999 0.39502 0.22342 0.36320 0.22735 0.34453 0.23016 0.30482 0.23352 0.28297 0.23104 0.24613 0.22067 0.21936 0.21128 0.20209 0.18333 0.18803 0.16200 0.18797 0.14135 0.18899 0.12266 0.18066 0.10139 0.17955 0.08449 0.19335 0.08169 0.20473 0.07241 0.22733 0.06444 0.25313 0.05663 0.27579 0.05145 0.31853 0.05359 0.34801 0.05645 0.37753 0.07083 0.41185 0.08191 0.42501 0.11973 0.43329 0.12801 0.42953
4 0.85485 0.45868 0.87532 0.46777 0.91485 0.46402 0.93128 0.45250 0.94121 0.43844 0.95457 0.40783 0.96020 0.37826 0.96220 0.34995 0.96250 0.31501 0.95587 0.28552 0.95007 0.25973 0.94083 0.24104 0.93788 0.22923 0.92803 0.22215 0.91745 0.21941 0.91128 0.21035 0.90254 0.20188 0.88940 0.19901 0.87378 0.20475 0.85474 0.20739 0.83962 0.20369 0.82046 0.20851 0.80589 0.23324 0.79586 0.25893 0.78943 0.28409 0.78470 0.31589 0.78314 0.34567 0.77779 0.37962 0.77838 0.40733 0.78969 0.42541 0.79781 0.43603 0.81503 0.44859 0.83882 0.45275 0.85485 0.45868
4 0.22371 0.76493 0.22882 0.75156 0.23545 0.73723 0.24475 0.72827 0.25456 0.72355 0.26227 0.71661 0.26807 0.70433 0.27172 0.69088 0.27694 0.67542 0.27572 0.65648 0.26674 0.64552 0.25395 0.62283 0.24515 0.62236 0.22483 0.61710 0.21236 0.61645 0.19239 0.61855 0.17723 0.62720 0.16704 0.63924 0.16249 0.65578 0.15699 0.67648 0.15348 0.70146 0.15472 0.73404 0.15954 0.75422 0.17599 0.77711 0.19332 0.78327 0.21239 0.78427 0.21943 0.77625 0.22371 0.76493
4 0.17723 0.62720 0.16704 0.63924 0.16249 0.65578 0.15699 0.67648 0.15348 0.70146 0.15472 0.73404 0.15954 0.75422 0.17599 0.77711 0.19332 0.78327 0.21239 0.78427 0.21943 0.77625 0.22396 0.76586 0.22371 0.76493 0.22882 0.75156 0.23545 0.73723 0.23713 0.73561 0.23975 0.72959 0.24383 0.72916 0.24475 0.72827 0.25456 0.72355 0.26227 0.71661 0.26807 0.70433 0.27172 0.69088 0.27694 0.67542 0.27572 0.65648 0.26674 0.64552 0.25395 0.62283 0.24515 0.62236 0.22483 0.61710 0.21236 0.61645 0.19239 0.61855 0.17723 0.62720
4 0.32755 0.83609 0.32726 0.82925 0.32680 0.82849 0.32533 0.81749 0.32822 0.80549 0.32827 0.80087 0.33103 0.79722 0.33356 0.79219 0.33981 0.78518 0.34183 0.77479 0.33984 0.77049 0.32900 0.76678 0.31529 0.76187 0.30426 0.74765 0.29234 0.73654 0.28251 0.72763 0.26638 0.72678 0.24383 0.72916 0.23713 0.73561 0.22396 0.76586 0.23190 0.79525 0.23582 0.81854 0.24247 0.84615 0.25830 0.86691 0.27777 0.87422 0.29470 0.87406 0.30834 0.86639 0.32062 0.85655 0.32777 0.84642 0.32788 0.83668 0.32755 0.83609
4 0.41676 0.88565 0.42152 0.87278 0.42428 0.85909 0.42547 0.84604 0.42884 0.84039 0.42969 0.83388 0.43171 0.82452 0.43253 0.81873 0.43185 0.81215 0.43023 0.80405 0.42305 0.79493 0.41356 0.79079 0.40490 0.79033 0.39275 0.78824 0.38060 0.78615 0.37092 0.78564 0.34360 0.78061 0.33103 0.79722 0.32945 0.80036 0.32822 0.80549 0.32788 0.83668 0.33443 0.84855 0.33970 0.86486 0.34784 0.88494 0.35221 0.89902 0.35791 0.90733 0.36560 0.91647 0.37610 0.92066 0.39154 0.91856 0.40073 0.90884 0.41117 0.89482 0.41676 0.88565
4 0.62131 0.87036 0.62222 0.85293 0.62213 0.84491 0.61095 0.83413 0.59938 0.83061 0.58899 0.82424 0.58130 0.81510 0.57141 0.80875 0.56346 0.80469 0.55531 0.80427 0.54630 0.81034 0.53434 0.82429 0.52988 0.83134 0.52672 0.84283 0.52733 0.85087 0.52551 0.86607 0.52059 0.88184 0.52115 0.89061 0.52328 0.89873 0.53142 0.91882 0.54230 0.93542 0.55392 0.94768 0.57229 0.94792 0.58400 0.93906 0.59600 0.92439 0.60882 0.90394 0.61753 0.88400 0.62131 0.87036
4 0.71596 0.86731 0.72534 0.87363 0.74042 0.87807 0.75950 0.87469 0.77225 0.85570 0.78658 0.82585 0.78949 0.80926 0.79401 0.79128 0.79665 0.77977 0.79848 0.76457 0.79810 0.75216 0.79847 0.73543 0.79642 0.72585 0.79198 0.72271 0.78399 0.71937 0.77686 0.71900 0.77039 0.71575 0.75961 0.71664 0.75272 0.72137 0.74023 0.72582 0.72342 0.72494 0.70137 0.72670 0.69491 0.73292 0.68937 0.74136 0.68507 0.75498 0.68635 0.76961 0.68876 0.78212 0.69375 0.79404 0.70409 0.79167 0.70973 0.79123 0.71461 0.80533 0.71323 0.82201 0.70867 0.84071 0.70893 0.85529 0.71596 0.86731
4 0.20182 0.62114 0.23290 0.61753 0.25168 0.61011 0.25910 0.59478 0.26538 0.57308 0.27018 0.53767 0.26813 0.52078 0.26555 0.49966 0.26225 0.47852 0.25623 0.45302 0.24768 0.43370 0.23525 0.41836 0.21925 0.40074 0.20429 0.39157 0.19397 0.39207 0.18122 0.39665 0.15120 0.39403 0.14645 0.39902 0.15973 0.39972 0.13847 0.40991 0.12801 0.42953 0.12488 0.44719 0.12169 0.46590 0.11719 0.50972 0.11733 0.56322 0.12373 0.58138 0.13826 0.59893 0.16042 0.62526 0.17108 0.63211 0.18546 0.62448 0.20182 0.62114
4 0.64576 0.92044 0.65974 0.91681 0.66877 0.91000 0.68595 0.89415 0.69651 0.87795 0.70470 0.85798 0.71305 0.83511 0.71529 0.81192 0.71594 0.79957 0.70973 0.79123 0.69732 0.79422 0.69681 0.79420 0.67593 0.79310 0.66672 0.79335 0.65880 0.78856 0.64484 0.78200 0.63669 0.78158 0.63003 0.78196 0.61542 0.78775 0.61036 0.80642 0.60960 0.82094 0.60859 0.83036 0.61174 0.83854 0.62213 0.84491 0.62079 0.86087 0.62106 0.88492 0.62445 0.89821 0.62861 0.90643 0.64576 0.92044
4 0.86206 0.61348 0.87065 0.61539 0.88795 0.60682 0.89447 0.58969 0.89676 0.57524 0.89810 0.54982 0.89516 0.52781 0.88996 0.51006 0.87789 0.48685 0.87405 0.48227 0.86338 0.47152 0.85302 0.46442 0.83529 0.45183 0.81977 0.44592 0.81503 0.44859 0.80620 0.46124 0.79748 0.47171 0.78856 0.48580 0.78224 0.49932 0.78001 0.50284 0.77437 0.53241 0.77361 0.54693 0.77485 0.56230 0.77930 0.57491 0.78786 0.58701 0.79636 0.59037 0.82042 0.58945 0.83519 0.59022 0.85226 0.60568 0.86206 0.61348
