4 0.80346 0.74584 0.81735 0.72495 0.82495 0.70563 0.83377 0.67697 0.83841 0.64989 0.84330 0.60775 0.84162 0.58509 0.82954 0.56224 0.81541 0.53787 0.80405 0.53315 0.79160 0.53142 0.76684 0.52042 0.75421 0.52926 0.73416 0.54551 0.71623 0.56026 0.70422 0.59325 0.70283 0.61298 0.70759 0.63856 0.72266 0.66900 0.73366 0.69331 0.74780 0.71770 0.77348 0.73626 0.79922 0.75029 0.80346 0.74584
4 0.45656 0.92461 0.46343 0.91062 0.47209 0.89259 0.47859 0.87951 0.48332 0.86799 0.48419 0.85788 0.48367 0.84828 0.48146 0.83466 0.48185 0.82675 0.47793 0.81786 0.47100 0.81523 0.46405 0.81458 0.45921 0.81299 0.44774 0.81179 0.44188 0.80814 0.43224 0.80192 0.42075 0.80172 0.41448 0.80161 0.40617 0.79893 0.40033 0.79434 0.38926 0.78954 0.38330 0.79197 0.37933 0.80003 0.37908 0.81467 0.38008 0.83738 0.38942 0.86083 0.39367 0.87656 0.40348 0.91312 0.41157 0.92790 0.42023 0.93053 0.43236 0.93432 0.44139 0.93550 0.45656 0.92461
4 0.51652 0.93794 0.52596 0.94245 0.53806 0.93903 0.54467 0.93406 0.55596 0.91897 0.56376 0.90311 0.57364 0.88365 0.58147 0.86558 0.58574 0.85110 0.58854 0.83442 0.58918 0.82571 0.58440 0.81253 0.57650 0.80585 0.56259 0.79833 0.55311 0.79525 0.54411 0.79364 0.53817 0.78918 0.52716 0.78825 0.52062 0.78959 0.51468 0.78440 0.50921 0.78212 0.50421 0.78130 0.50082 0.77470 0.49277 0.77601 0.48716 0.78100 0.48559 0.78461 0.48124 0.80490 0.48056 0.81435 0.48185 0.82675 0.48258 0.84277 0.48338 0.85369 0.48698 0.87776 0.49114 0.89747 0.50230 0.91877 0.50862 0.93052 0.51652 0.93794
4 0.05971 0.30422 0.06572 0.30433 0.08494 0.30640 0.09827 0.30139 0.10806 0.29197 0.12328 0.28175 0.13960 0.27768 0.15834 0.27276 0.17227 0.26777 0.18621 0.26190 0.20097 0.24381 0.21224 0.21871 0.21550 0.20480 0.20592 0.16708 0.19545 0.14682 0.18677 0.12660 0.18236 0.10382 0.17690 0.07230 0.17123 0.05125 0.16436 0.03192 0.15488 0.02303 0.14294 0.01758 0.12904 0.02082 0.11096 0.02227 0.10083 0.01685 0.08643 0.01397 0.06159 0.02402 0.05289 0.03957 0.04845 0.05259 0.03864 0.06291 0.02926 0.08282 0.01929 0.10271 0.01406 0.12620 0.01540 0.15329 0.01738 0.17776 0.01695 0.20220 0.01185 0.21869 0.01456 0.23621 0.02302 0.26866 0.02757 0.28358 0.05971 0.30422
4 0.20635 0.72843 0.21973 0.72081 0.23683 0.70625 0.25816 0.69092 0.27289 0.67459 0.28281 0.65817 0.28806 0.63296 0.28626 0.59801 0.28359 0.57875 0.27856 0.55684 0.26143 0.50415 0.25489 0.49880 0.24955 0.49435 0.22801 0.48786 0.21715 0.48941 0.19649 0.50041 0.18372 0.50891 0.16965 0.52176 0.16338 0.53562 0.15823 0.55474 0.15665 0.57653 0.15383 0.60092 0.15151 0.62970 0.15111 0.65239 0.15488 0.67778 0.15756 0.69701 0.16444 0.71634 0.17207 0.72783 0.18589 0.72894 0.20635 0.72843
4 0.89465 0.52567 0.91112 0.47632 0.91924 0.42820 0.91691 0.38275 0.90285 0.35384 0.89186 0.32801 0.88601 0.30543 0.84574 0.28964 0.82901 0.29538 0.80816 0.29804 0.78729 0.30204 0.77877 0.31397 0.76363 0.34688 0.75172 0.37383 0.74490 0.40705 0.74414 0.45064 0.75076 0.48861 0.76186 0.50827 0.78646 0.52831 0.82261 0.54252 0.86835 0.54332 0.89465 0.52567
4 1.00000 0.16988 0.99783 0.15486 0.98599 0.11846 0.97802 0.09871 0.96906 0.07607 0.95383 0.05468 0.93948 0.04236 0.92192 0.03604 0.90731 0.03878 0.89174 0.03686 0.87736 0.02756 0.84723 0.02568 0.83535 0.05095 0.82750 0.08401 0.82521 0.09604 0.82361 0.12768 0.80437 0.15752 0.79662 0.18455 0.79484 0.22675 0.81298 0.26026 0.83143 0.27565 0.86960 0.29307 0.88601 0.30543 0.92535 0.31653 0.96069 0.31714 0.98522 0.28136 0.99191 0.25598 0.99675 0.21685 1.00000 0.19226 1.00000 0.16988
4 0.35373 0.88996 0.35906 0.88400 0.37150 0.86955 0.37473 0.86456 0.38011 0.85556 0.38226 0.85156 0.38200 0.84650 0.38038 0.83996 0.37984 0.83035 0.37866 0.81867 0.37888 0.80608 0.38116 0.79546 0.38715 0.79154 0.39168 0.79065 0.39550 0.79116 0.39990 0.79406 0.39703 0.78413 0.39505 0.77751 0.39405 0.77502 0.38926 0.76989 0.38549 0.76675 0.38101 0.76363 0.37687 0.76155 0.36709 0.76339 0.35804 0.76323 0.34728 0.76103 0.33687 0.75882 0.33098 0.75720 0.32392 0.76263 0.31719 0.76863 0.30916 0.77046 0.30217 0.77090 0.29240 0.77218 0.28853 0.77515 0.28671 0.77922 0.28523 0.78469 0.28465 0.79782 0.28965 0.81059 0.29530 0.82630 0.30166 0.84112 0.30907 0.85483 0.31417 0.86250 0.32709 0.87990 0.33185 0.88654 0.33907 0.89174 0.34742 0.89239 0.35373 0.88996
4 0.59458 0.88981 0.60094 0.89939 0.61076 0.91120 0.62925 0.91516 0.64562 0.89653 0.65857 0.87275 0.67026 0.86423 0.68261 0.84626 0.68532 0.83466 0.68560 0.81867 0.68087 0.80258 0.66896 0.79510 0.65903 0.78911 0.63469 0.77558 0.62068 0.77389 0.61417 0.77304 0.60774 0.76856 0.60128 0.76554 0.59229 0.76320 0.58363 0.77032 0.58102 0.77610 0.57275 0.79050 0.57112 0.79775 0.57255 0.80214 0.57998 0.80736 0.58787 0.81477 0.58918 0.82571 0.58740 0.84167 0.58514 0.85620 0.58531 0.87584 0.59458 0.88981
4 0.71995 0.83236 0.73380 0.81513 0.74211 0.79855 0.74850 0.77757 0.75079 0.76088 0.74962 0.74194 0.74793 0.72372 0.74320 0.70764 0.73785 0.69809 0.73200 0.68853 0.72470 0.67604 0.72266 0.66900 0.71747 0.65918 0.71100 0.65614 0.70452 0.65384 0.69342 0.65802 0.67665 0.67083 0.66999 0.67872 0.66175 0.69094 0.65750 0.70396 0.65024 0.71838 0.64707 0.72705 0.64283 0.74007 0.64262 0.75243 0.64280 0.77064 0.64612 0.78161 0.65598 0.79124 0.66641 0.79722 0.67928 0.80691 0.68560 0.81867 0.69185 0.83332 0.70285 0.83570 0.71995 0.83236
4 0.17037 0.51479 0.19649 0.50041 0.23789 0.47320 0.24358 0.45757 0.24765 0.43147 0.24631 0.40349 0.24006 0.37978 0.23509 0.35880 0.23000 0.33948 0.22138 0.31929 0.21189 0.30519 0.20314 0.29440 0.19546 0.28388 0.17994 0.27662 0.16612 0.27551 0.14922 0.27785 0.13658 0.27850 0.12092 0.27910 0.10806 0.29197 0.10050 0.31103 0.09786 0.32497 0.09588 0.33453 0.09268 0.34583 0.09088 0.34491 0.07518 0.38305 0.07467 0.41185 0.07841 0.43898 0.08158 0.46436 0.08891 0.49329 0.10052 0.51705 0.11785 0.52434 0.13827 0.52646 0.15881 0.52157 0.17037 0.51479
4 0.28562 0.80188 0.28530 0.79949 0.28465 0.79782 0.28476 0.79533 0.28409 0.79024 0.28486 0.79306 0.28523 0.78469 0.28671 0.77922 0.28853 0.77515 0.29411 0.77430 0.30005 0.77338 0.30397 0.76840 0.30021 0.76425 0.29651 0.75711 0.29111 0.74691 0.28633 0.74126 0.28053 0.73460 0.27580 0.72643 0.26903 0.71474 0.26039 0.71101 0.24850 0.71383 0.24139 0.72376 0.23915 0.73034 0.23616 0.74292 0.23272 0.75953 0.23241 0.77771 0.23311 0.79794 0.23706 0.81062 0.24308 0.82489 0.24953 0.83413 0.25496 0.84228 0.26365 0.84343 0.27594 0.83757 0.28337 0.83165 0.28930 0.83075 0.29530 0.82630 0.28562 0.80188
