1 0.34088 0.54131 0.34280 0.54090 0.34438 0.53756 0.34594 0.52863 0.34664 0.52115 0.34701 0.51205 0.34786 0.49852 0.34707 0.47588 0.34429 0.46012 0.34042 0.45405 0.33116 0.44698 0.32489 0.44445 0.32280 0.45221 0.32271 0.46255 0.32387 0.47480 0.32922 0.49861 0.33114 0.50767 0.33465 0.52415 0.33657 0.53320 0.34088 0.54131
1 0.58526 0.51683 0.60458 0.50396 0.61153 0.48646 0.61571 0.47370 0.61814 0.45923 0.61616 0.43694 0.61343 0.42409 0.61034 0.41443 0.60693 0.40482 0.60220 0.39395 0.59931 0.38682 0.58987 0.37643 0.57928 0.37197 0.56260 0.37294 0.54885 0.37792 0.53851 0.38114 0.51859 0.38951 0.51276 0.39127 0.50775 0.39852 0.50003 0.42703 0.50070 0.43669 0.50660 0.45146 0.51799 0.46452 0.52796 0.47737 0.53936 0.48890 0.54959 0.49809 0.56222 0.50728 0.57628 0.51513 0.58526 0.51683
1 0.47131 0.51747 0.46470 0.52145 0.46321 0.53339 0.46424 0.54091 0.46444 0.55809 0.46422 0.57191 0.46660 0.58173 0.47247 0.58910 0.48106 0.58898 0.49022 0.57671 0.49308 0.56448 0.49304 0.54943 0.48631 0.52590 0.48197 0.52166 0.47131 0.51747
1 0.46173 0.32621 0.45596 0.32020 0.45030 0.31624 0.44377 0.31142 0.43470 0.30768 0.42943 0.30881 0.42259 0.31232 0.41768 0.32162 0.41186 0.34610 0.40952 0.36260 0.40727 0.37961 0.40568 0.38666 0.40364 0.40465 0.41654 0.41999 0.42691 0.42502 0.44039 0.42524 0.45355 0.41418 0.46558 0.38167 0.46990 0.36630 0.47147 0.35099 0.47000 0.34406 0.46832 0.33616 0.46173 0.32621
1 0.24245 0.58458 0.24340 0.58093 0.24043 0.57640 0.23801 0.57045 0.23614 0.56699 0.23306 0.56334 0.22970 0.55974 0.22397 0.55708 0.22270 0.55650 0.22079 0.55562 0.22557 0.56192 0.22702 0.56332 0.22902 0.56462 0.23218 0.56998 0.23388 0.57263 0.23666 0.57762 0.23800 0.58250 0.23952 0.58433 0.24126 0.58441 0.24245 0.58458
4 0.20254 0.78143 0.23637 0.76246 0.25091 0.74011 0.25963 0.73075 0.27258 0.70765 0.28457 0.66655 0.28577 0.65881 0.28773 0.64446 0.28807 0.63262 0.28731 0.61565 0.28230 0.59208 0.27598 0.56236 0.26868 0.54143 0.26187 0.51611 0.25745 0.50205 0.24884 0.47497 0.24468 0.45873 0.21869 0.41713 0.19010 0.38680 0.17745 0.37771 0.16747 0.37448 0.13599 0.36082 0.11369 0.36342 0.09292 0.37320 0.07048 0.38867 0.04565 0.41965 0.03309 0.44801 0.03497 0.46689 0.03683 0.48578 0.04029 0.50538 0.04290 0.51768 0.04133 0.56405 0.02569 0.60807 0.02326 0.62358 0.02607 0.64012 0.03490 0.69178 0.05493 0.73893 0.06822 0.75108 0.08712 0.77277 0.10362 0.78319 0.11860 0.78643 0.13221 0.78996 0.14333 0.79188 0.15902 0.79175 0.20254 0.78143
4 1.00000 0.44745 0.95242 0.22358 0.94552 0.21920 0.93521 0.20712 0.92060 0.18881 0.91102 0.18013 0.90142 0.17415 0.89069 0.16572 0.87902 0.15838 0.86275 0.15470 0.84683 0.15541 0.82729 0.15867 0.81566 0.16560 0.80272 0.17192 0.78980 0.17556 0.78033 0.17579 0.76816 0.18016 0.75560 0.18551 0.74038 0.19231 0.72707 0.19692 0.71473 0.20044 0.70010 0.20444 0.68755 0.20979 0.67476 0.21965 0.66552 0.23500 0.65680 0.25559 0.64865 0.27606 0.64508 0.29288 0.64405 0.32165 0.64432 0.33409 0.64997 0.35788 0.65743 0.39020 0.66679 0.42301 0.68083 0.46108 0.68358 0.47120 0.68747 0.48108 0.68880 0.52096 0.69142 0.54449 0.69867 0.55902 0.70961 0.58525 0.71557 0.59647 0.72173 0.60587 0.73836 0.63089 0.75004 0.63823 0.75716 0.64653 0.77697 0.65570 0.78282 0.65803 0.79393 0.66548 0.81247 0.66868 0.83272 0.67152 0.84279 0.66848 0.85700 0.66814 0.86844 0.66035 0.89262 0.64808 0.90504 0.63651 0.91856 0.63007 0.93471 0.62485 0.95180 0.62122 0.96725 0.60990 0.98089 0.59005 0.99466 0.57641 1.00000 0.57122 1.00000 0.44745
4 0.46672 0.78417 0.49017 0.78026 0.54904 0.75812 0.56339 0.75507 0.58787 0.73916 0.61257 0.72427 0.62940 0.69927 0.63670 0.67308 0.65678 0.61636 0.66991 0.59751 0.67737 0.57877 0.68444 0.55158 0.68927 0.52057 0.69039 0.49891 0.68628 0.47623 0.68074 0.46026 0.67210 0.43642 0.66321 0.41474 0.65833 0.40186 0.64891 0.38780 0.64063 0.37241 0.62753 0.34094 0.62065 0.32205 0.60480 0.28709 0.59580 0.27979 0.57722 0.25045 0.55612 0.23823 0.51169 0.21526 0.47630 0.20518 0.46919 0.20669 0.44910 0.21097 0.44083 0.21272 0.43024 0.21497 0.41370 0.21849 0.39948 0.22151 0.37871 0.22228 0.35670 0.22321 0.34016 0.22673 0.30499 0.24716 0.29033 0.26516 0.28190 0.27799 0.27870 0.28606 0.26837 0.29563 0.25238 0.32494 0.24463 0.35808 0.24506 0.39504 0.24638 0.41873 0.24565 0.45594 0.24828 0.46834 0.25279 0.48956 0.26011 0.50653 0.27032 0.54880 0.28789 0.60792 0.28567 0.63248 0.28829 0.65721 0.29288 0.67549 0.30812 0.70009 0.32609 0.72413 0.34318 0.74405 0.35734 0.76030 0.38467 0.78126 0.40893 0.78790 0.42916 0.78895 0.44715 0.78620 0.46672 0.78417
1 0.19762 0.52111 0.19746 0.51771 0.19677 0.51442 0.19312 0.51347 0.19175 0.51246 0.18877 0.51052 0.18558 0.50904 0.18311 0.50829 0.18212 0.50762 0.18191 0.50939 0.18491 0.51264 0.18855 0.51357 0.19118 0.51517 0.19307 0.51864 0.19407 0.51928 0.19560 0.52111 0.19714 0.52294 0.19741 0.52288 0.19762 0.52111
2 0.31269 0.51553 0.33325 0.55244 0.34836 0.57039 0.39432 0.58074 0.40869 0.58191 0.43972 0.60494 0.45618 0.62262 0.47470 0.63667 0.48885 0.63685 0.50558 0.62588 0.51279 0.60000 0.52176 0.57904 0.54002 0.57198 0.55755 0.57144 0.57742 0.58520 0.60187 0.59059 0.60133 0.55154 0.59230 0.53229 0.59926 0.50860 0.60866 0.48967 0.61626 0.46900 0.61549 0.43212 0.60943 0.40696 0.59797 0.38294 0.57276 0.36395 0.54463 0.36781 0.52139 0.37805 0.50874 0.38497 0.49461 0.38161 0.48135 0.35903 0.46604 0.33689 0.45742 0.32286 0.44789 0.30795 0.43493 0.30011 0.42383 0.31095 0.41320 0.34071 0.40183 0.40346 0.39177 0.42252 0.37218 0.42668 0.35553 0.42811 0.32786 0.40753 0.31502 0.41025 0.30748 0.44784 0.30795 0.46997 0.31269 0.51553
2 0.76080 0.58432 0.76862 0.56467 0.77245 0.53951 0.78194 0.51103 0.79203 0.51207 0.81338 0.51283 0.83871 0.51908 0.86428 0.52317 0.89105 0.54606 0.92076 0.53974 0.92478 0.51877 0.92920 0.50303 0.92898 0.47873 0.91666 0.45066 0.91091 0.44024 0.91990 0.41610 0.93804 0.39849 0.95106 0.39995 0.97409 0.41199 0.97445 0.39710 0.96640 0.36918 0.96477 0.35153 0.95448 0.32303 0.92533 0.29219 0.89870 0.30312 0.86922 0.28400 0.83990 0.27225 0.81972 0.26701 0.80971 0.27971 0.78896 0.31165 0.77583 0.34618 0.74409 0.37620 0.72335 0.40814 0.71845 0.42823 0.69871 0.47157 0.69755 0.49935 0.71300 0.52887 0.72287 0.53207 0.73147 0.54929 0.74606 0.57476 0.76080 0.58432
