1 0.33789 0.52728 0.33984 0.52705 0.34170 0.52385 0.34403 0.51510 0.34538 0.50770 0.34654 0.49867 0.34857 0.48527 0.34976 0.46264 0.34836 0.44670 0.34503 0.44032 0.33642 0.43247 0.33040 0.42940 0.32764 0.43695 0.32665 0.44724 0.32674 0.45954 0.32999 0.48373 0.33112 0.49292 0.33317 0.50964 0.33430 0.51883 0.33789 0.52728
1 0.58347 0.52420 0.60383 0.51306 0.61229 0.49623 0.61756 0.48388 0.62125 0.46968 0.62122 0.44730 0.61962 0.43427 0.61738 0.42437 0.61482 0.41450 0.61105 0.40326 0.60880 0.39591 0.60030 0.38474 0.59013 0.37937 0.57343 0.37888 0.55930 0.38264 0.54872 0.38495 0.52815 0.39155 0.52219 0.39280 0.51657 0.39958 0.50639 0.42731 0.50622 0.43699 0.51080 0.45222 0.52101 0.46622 0.52982 0.47990 0.54018 0.49237 0.54956 0.50242 0.56134 0.51267 0.57467 0.52172 0.58347 0.52420
1 0.46990 0.51490 0.46297 0.51829 0.46044 0.53005 0.46081 0.53764 0.45951 0.55477 0.45809 0.56852 0.45961 0.57851 0.46481 0.58636 0.47338 0.58699 0.48357 0.57556 0.48748 0.56363 0.48875 0.54864 0.48411 0.52461 0.48015 0.52001 0.46990 0.51490
1 0.47702 0.32353 0.47180 0.31705 0.46651 0.31261 0.46042 0.30724 0.45171 0.30273 0.44636 0.30338 0.43924 0.30628 0.43354 0.31513 0.42561 0.33900 0.42184 0.35524 0.41812 0.37198 0.41592 0.37887 0.41232 0.39661 0.42383 0.41302 0.43373 0.41893 0.44714 0.42033 0.46120 0.41045 0.47603 0.37912 0.48167 0.36418 0.48457 0.34907 0.48370 0.34204 0.48272 0.33402 0.47702 0.32353
1 0.23606 0.56181 0.23732 0.55825 0.23476 0.55348 0.23287 0.54735 0.23130 0.54374 0.22855 0.53983 0.22553 0.53596 0.22005 0.53281 0.21883 0.53211 0.21701 0.53108 0.22122 0.53777 0.22254 0.53929 0.22442 0.54076 0.22710 0.54638 0.22856 0.54916 0.23090 0.55438 0.23180 0.55935 0.23317 0.56131 0.23489 0.56153 0.23606 0.56181
4 0.17915 0.75443 0.21449 0.73849 0.23093 0.71749 0.24044 0.70892 0.25535 0.68703 0.27087 0.64714 0.27274 0.63953 0.27594 0.62541 0.27732 0.61364 0.27804 0.59667 0.27510 0.57275 0.27140 0.54260 0.26595 0.52111 0.26137 0.49529 0.25820 0.48090 0.25198 0.45318 0.24924 0.43663 0.22698 0.39293 0.20114 0.36022 0.18934 0.35006 0.17968 0.34597 0.14951 0.32962 0.12707 0.33027 0.10552 0.33820 0.08182 0.35166 0.05438 0.38036 0.03940 0.40751 0.03962 0.42649 0.03984 0.44546 0.04157 0.46529 0.04310 0.47778 0.03750 0.52383 0.01807 0.56632 0.01431 0.58156 0.01566 0.59828 0.01995 0.65052 0.03580 0.69923 0.04798 0.71250 0.06492 0.73575 0.08045 0.74757 0.09508 0.75210 0.10834 0.75680 0.11925 0.75968 0.13489 0.76092 0.17915 0.75443
4 1.00000 0.46942 0.97479 0.26406 0.96830 0.25910 0.95908 0.24616 0.94613 0.22665 0.93734 0.21717 0.92829 0.21037 0.91834 0.20104 0.90735 0.19272 0.89147 0.18763 0.87555 0.18695 0.85579 0.18849 0.84361 0.19439 0.83016 0.19955 0.81698 0.20205 0.80752 0.20145 0.79501 0.20475 0.78204 0.20898 0.76628 0.21443 0.75263 0.21787 0.74002 0.22030 0.72510 0.22301 0.71213 0.22724 0.69853 0.23594 0.68799 0.25043 0.67750 0.27018 0.66760 0.28987 0.66258 0.30631 0.65905 0.33489 0.65823 0.34730 0.66178 0.37149 0.66640 0.40434 0.67287 0.43784 0.68354 0.47699 0.68539 0.48731 0.68840 0.49750 0.68625 0.53733 0.68682 0.56101 0.69277 0.57611 0.70138 0.60319 0.70634 0.61489 0.71166 0.62479 0.72604 0.65117 0.73704 0.65949 0.74341 0.66838 0.76235 0.67925 0.76797 0.68208 0.77839 0.69047 0.79658 0.69527 0.81650 0.69986 0.82680 0.69772 0.84099 0.69862 0.85306 0.69186 0.87822 0.68173 0.89160 0.67129 0.90563 0.66605 0.92217 0.66226 0.93951 0.66014 0.95589 0.65021 0.97121 0.63162 0.98612 0.61924 1.00000 0.60792 1.00000 0.46942
4 0.44208 0.78019 0.46578 0.77833 0.52636 0.76141 0.54092 0.75962 0.56669 0.74591 0.59259 0.73323 0.61154 0.70979 0.62109 0.68434 0.64605 0.62958 0.66077 0.61194 0.66983 0.59393 0.67924 0.56746 0.68676 0.53698 0.68976 0.51551 0.68764 0.49256 0.68351 0.47617 0.67698 0.45166 0.67002 0.42928 0.66629 0.41603 0.65813 0.40121 0.65122 0.38515 0.64090 0.35266 0.63570 0.33324 0.62295 0.29703 0.61463 0.28897 0.59868 0.25813 0.57872 0.24412 0.53646 0.21736 0.50209 0.20424 0.49487 0.20513 0.47448 0.20763 0.46609 0.20866 0.45535 0.20998 0.43856 0.21204 0.42414 0.21381 0.40338 0.21277 0.38137 0.21178 0.36458 0.21384 0.32777 0.23113 0.31159 0.24778 0.30208 0.25983 0.29818 0.26759 0.28706 0.27622 0.26858 0.30403 0.25798 0.33636 0.25518 0.37322 0.25443 0.39694 0.25046 0.43394 0.25200 0.44652 0.25465 0.46805 0.26046 0.48559 0.26694 0.52860 0.27929 0.58902 0.27494 0.61330 0.27539 0.63816 0.27838 0.65677 0.29141 0.68261 0.30722 0.70812 0.32250 0.72945 0.33520 0.74688 0.36059 0.77014 0.38419 0.77887 0.40425 0.78168 0.42240 0.78050 0.44208 0.78019
1 0.19693 0.49467 0.19707 0.49127 0.19666 0.48794 0.19311 0.48667 0.19184 0.48555 0.18903 0.48335 0.18599 0.48160 0.18360 0.48064 0.18266 0.47989 0.18230 0.48164 0.18500 0.48513 0.18855 0.48637 0.19103 0.48819 0.19261 0.49182 0.19355 0.49255 0.19492 0.49450 0.19629 0.49645 0.19657 0.49642 0.19693 0.49467
2 0.31205 0.49914 0.32931 0.53770 0.34280 0.55691 0.38769 0.57122 0.40190 0.57364 0.43080 0.59929 0.44566 0.61834 0.46288 0.63395 0.47697 0.63535 0.49459 0.62589 0.50403 0.60073 0.51479 0.58064 0.53359 0.57520 0.55111 0.57618 0.56970 0.59162 0.59359 0.59913 0.59646 0.56017 0.58913 0.54022 0.59813 0.51722 0.60914 0.49918 0.61852 0.47925 0.62096 0.44244 0.61712 0.41685 0.60780 0.39192 0.58434 0.37081 0.55598 0.37221 0.53194 0.38038 0.51873 0.38617 0.50495 0.38159 0.49370 0.35794 0.48039 0.33455 0.47302 0.31982 0.46483 0.30414 0.45260 0.29520 0.44059 0.30503 0.42741 0.33375 0.41062 0.39527 0.39893 0.41338 0.37905 0.41582 0.36234 0.41579 0.33657 0.39287 0.32355 0.39448 0.31276 0.43126 0.31130 0.45335 0.31205 0.49914
2 0.75246 0.60673 0.76196 0.58784 0.76797 0.56311 0.77990 0.53557 0.78987 0.53748 0.81107 0.54009 0.83576 0.54853 0.86088 0.55483 0.88554 0.57997 0.91570 0.57626 0.92153 0.55572 0.92730 0.54043 0.92920 0.51620 0.91937 0.48716 0.91455 0.47628 0.92561 0.45302 0.94522 0.43706 0.95806 0.43965 0.97995 0.45365 0.98162 0.43884 0.97602 0.41033 0.97594 0.39260 0.96817 0.36331 0.94182 0.33005 0.91435 0.33862 0.88664 0.31700 0.85845 0.30274 0.83881 0.29576 0.82773 0.30754 0.80428 0.33755 0.78819 0.37080 0.75395 0.39795 0.73051 0.42796 0.72387 0.44754 0.70043 0.48900 0.69685 0.51657 0.70967 0.54732 0.71922 0.55137 0.72629 0.56928 0.73861 0.59593 0.75246 0.60673
