1 0.55267 0.56490 0.56498 0.57580 0.57415 0.58397 0.58185 0.58822 0.57848 0.58199 0.56728 0.57251 0.55787 0.56259 0.55424 0.56015 0.54876 0.55579 0.55267 0.56490
1 0.42482 0.80273 0.42970 0.80356 0.42559 0.78883 0.42496 0.78434 0.42106 0.76142 0.41705 0.75228 0.41305 0.74316 0.40879 0.73459 0.40687 0.72821 0.40462 0.72190 0.40059 0.71022 0.39862 0.70335 0.39718 0.69796 0.39440 0.69273 0.39124 0.68960 0.39318 0.69852 0.39714 0.71224 0.40122 0.72186 0.40471 0.73465 0.40743 0.74192 0.41310 0.76049 0.41609 0.76721 0.42190 0.78680 0.42282 0.79330 0.42482 0.80273
4 1.00000 0.46504 0.94730 0.09005 0.94172 0.08841 0.93354 0.08804 0.91519 0.08756 0.89392 0.09512 0.87972 0.11692 0.86625 0.12946 0.84550 0.15524 0.82918 0.18333 0.82203 0.21946 0.82183 0.24691 0.84032 0.27018 0.85789 0.30122 0.86691 0.33653 0.87756 0.37615 0.88218 0.40901 0.88655 0.46171 0.89074 0.49157 0.91308 0.54936 0.92492 0.56140 0.96277 0.58502 1.00000 0.60267 1.00000 0.46504
4 0.90230 0.63160 0.90784 0.59883 0.90705 0.54259 0.88403 0.47271 0.87978 0.43525 0.87662 0.38390 0.86937 0.34683 0.85722 0.31808 0.85160 0.28537 0.83451 0.26493 0.81716 0.23537 0.80474 0.22645 0.73215 0.19401 0.70421 0.19032 0.68288 0.19026 0.65977 0.19199 0.63016 0.20531 0.61758 0.23143 0.60685 0.26341 0.60323 0.31721 0.61515 0.36581 0.62056 0.39704 0.62737 0.43112 0.63225 0.47307 0.63042 0.49617 0.63357 0.51858 0.63892 0.54219 0.64291 0.57058 0.64192 0.59966 0.63847 0.61843 0.65624 0.65095 0.67197 0.67616 0.70809 0.70915 0.75311 0.73329 0.77889 0.74338 0.80961 0.74516 0.84114 0.72396 0.86609 0.69913 0.88957 0.66386 0.90230 0.63160
1 0.25704 0.52799 0.25188 0.52487 0.24816 0.52216 0.24482 0.52085 0.23871 0.52082 0.23331 0.52158 0.23012 0.52262 0.23069 0.52669 0.23339 0.52777 0.23753 0.52925 0.24786 0.52987 0.25006 0.53016 0.25380 0.53289 0.25860 0.52925 0.25704 0.52799
1 0.39927 0.62072 0.39222 0.59901 0.39507 0.58125 0.38318 0.54421 0.36017 0.51340 0.35210 0.49718 0.34084 0.48675 0.33130 0.48209 0.33373 0.51244 0.32643 0.53617 0.31323 0.55938 0.31595 0.59772 0.33011 0.61308 0.34330 0.62458 0.35119 0.62681 0.36460 0.64628 0.37819 0.65437 0.39438 0.64610 0.39927 0.62072
1 0.43806 0.44745 0.44046 0.43441 0.44535 0.42102 0.44294 0.38583 0.44219 0.37450 0.43808 0.35731 0.42703 0.34490 0.41655 0.34256 0.40244 0.34455 0.39306 0.35602 0.39280 0.36622 0.39127 0.38546 0.39246 0.41196 0.39324 0.42962 0.39094 0.45533 0.39234 0.46529 0.39849 0.46695 0.41129 0.46770 0.42125 0.46630 0.43400 0.46070 0.43806 0.44745
2 0.28586 0.48179 0.27600 0.53192 0.26095 0.55472 0.25716 0.57527 0.24043 0.59232 0.24976 0.61436 0.26765 0.62452 0.27696 0.64324 0.27635 0.68005 0.28618 0.71204 0.30098 0.72863 0.32188 0.71903 0.33085 0.70375 0.34446 0.71519 0.36555 0.71956 0.37943 0.70428 0.37930 0.64956 0.39667 0.64645 0.40042 0.62255 0.39447 0.59603 0.39889 0.58005 0.40556 0.57043 0.41470 0.56581 0.42573 0.58095 0.44791 0.55515 0.46608 0.54191 0.48277 0.54356 0.50367 0.53396 0.50591 0.51828 0.49792 0.49939 0.48173 0.46963 0.46247 0.46565 0.45157 0.45450 0.44906 0.42081 0.44622 0.39117 0.44008 0.36334 0.43105 0.34658 0.41587 0.33670 0.40052 0.34487 0.38966 0.36575 0.38994 0.39908 0.38870 0.43464 0.38981 0.46785 0.37913 0.49005 0.36122 0.50191 0.34796 0.49310 0.32904 0.47239 0.30503 0.46308 0.28586 0.48179
4 0.30687 0.88893 0.34581 0.89868 0.38858 0.91399 0.46221 0.92496 0.48633 0.92309 0.50917 0.91227 0.55230 0.89404 0.58919 0.83858 0.59343 0.81818 0.60155 0.78201 0.60185 0.74084 0.60955 0.70168 0.61416 0.67667 0.63140 0.63313 0.63961 0.58322 0.64065 0.56175 0.63457 0.51844 0.62922 0.49482 0.62680 0.46319 0.62659 0.43274 0.62344 0.41035 0.61168 0.35563 0.59831 0.29658 0.58683 0.27993 0.56335 0.25734 0.54332 0.24493 0.50512 0.22592 0.47812 0.21448 0.44243 0.21341 0.40716 0.21531 0.38426 0.21852 0.35978 0.22502 0.33851 0.23257 0.31246 0.24232 0.28285 0.25564 0.25350 0.27802 0.23297 0.30529 0.22690 0.34878 0.21748 0.36839 0.21270 0.39953 0.20825 0.41842 0.20107 0.44685 0.19606 0.46887 0.19313 0.50585 0.19670 0.56018 0.19770 0.58897 0.19482 0.63356 0.20112 0.67835 0.20805 0.72765 0.22960 0.78707 0.24381 0.82315 0.26295 0.85092 0.30687 0.88893
1 0.53425 0.43779 0.53660 0.43391 0.53691 0.43051 0.53336 0.43141 0.53192 0.43338 0.53034 0.43519 0.52870 0.43660 0.52629 0.44009 0.52356 0.44403 0.52232 0.44736 0.52024 0.45317 0.52319 0.44980 0.52464 0.44703 0.52638 0.44442 0.52910 0.44226 0.53161 0.44053 0.53425 0.43779
