1 0.92754 0.76814 0.92627 0.76993 0.92505 0.77447 0.92526 0.77918 0.92729 0.78367 0.92902 0.78540 0.93039 0.78204 0.92968 0.77871 0.92910 0.77499 0.92905 0.77204 0.92874 0.76930 0.92754 0.76814
4 0.46211 0.65501 0.47468 0.61916 0.48241 0.58551 0.48683 0.55924 0.49052 0.53298 0.49003 0.50471 0.48815 0.47645 0.48768 0.44923 0.48572 0.41678 0.47252 0.37616 0.46464 0.36268 0.44832 0.34202 0.43498 0.33386 0.41878 0.32053 0.40398 0.30821 0.38998 0.30112 0.37396 0.29826 0.34972 0.30183 0.33119 0.31473 0.32098 0.32642 0.31156 0.34334 0.30002 0.35822 0.28653 0.38151 0.27588 0.40789 0.27291 0.43621 0.27399 0.45820 0.27662 0.48957 0.27793 0.52518 0.27900 0.54610 0.27905 0.58906 0.28495 0.60886 0.29456 0.64221 0.31306 0.66808 0.33424 0.68762 0.35670 0.70188 0.38107 0.70564 0.40879 0.70308 0.42745 0.69750 0.44042 0.68470 0.46211 0.65501
4 0.75113 0.70547 0.76448 0.71467 0.78535 0.71745 0.80261 0.71192 0.82112 0.69796 0.84505 0.67660 0.86621 0.65632 0.89428 0.63385 0.91332 0.61047 0.92378 0.57362 0.92664 0.53794 0.92815 0.50544 0.91996 0.47416 0.90565 0.44926 0.89563 0.43267 0.88209 0.41196 0.86792 0.39649 0.85243 0.38420 0.83558 0.37296 0.81392 0.36497 0.78348 0.37177 0.76356 0.38365 0.74908 0.38913 0.73205 0.40829 0.71925 0.43052 0.71130 0.45265 0.70768 0.48415 0.70593 0.50303 0.70644 0.53235 0.70446 0.57745 0.70478 0.59628 0.71359 0.62338 0.72220 0.63999 0.73099 0.66601 0.74045 0.69100 0.75113 0.70547
1 0.12034 0.50466 0.12070 0.50328 0.11854 0.50076 0.11608 0.50199 0.11613 0.50493 0.11811 0.50627 0.12034 0.50466
1 0.10628 0.50019 0.10736 0.50233 0.10855 0.50310 0.10960 0.50347 0.11049 0.50228 0.11005 0.49934 0.10768 0.49820 0.10595 0.49568 0.10449 0.49452 0.10276 0.49200 0.10089 0.48967 0.10050 0.48949 0.09893 0.48912 0.09644 0.48838 0.09424 0.48920 0.09387 0.49039 0.09507 0.49194 0.09809 0.49326 0.10019 0.49440 0.10283 0.49632 0.10585 0.49784 0.10628 0.50019
1 0.09078 0.45507 0.08976 0.45607 0.08932 0.46080 0.08994 0.46648 0.08998 0.46884 0.09234 0.46998 0.09450 0.46640 0.09511 0.46443 0.09453 0.46070 0.09359 0.45915 0.09225 0.45701 0.09078 0.45507
4 0.00000 0.50436 0.00318 0.68650 0.01179 0.71105 0.02527 0.72757 0.04715 0.74814 0.07313 0.76445 0.09409 0.77247 0.11076 0.77218 0.13007 0.76451 0.14453 0.75797 0.16320 0.75346 0.19088 0.74877 0.20679 0.74535 0.24925 0.71109 0.25796 0.69313 0.26378 0.66894 0.27076 0.63111 0.27640 0.59643 0.27987 0.55656 0.27887 0.49897 0.27644 0.47910 0.27600 0.45396 0.26891 0.40590 0.26666 0.39651 0.26217 0.37775 0.25629 0.35899 0.25031 0.33500 0.21916 0.29992 0.20585 0.29282 0.19320 0.28465 0.17987 0.27652 0.16735 0.27567 0.13820 0.27618 0.11885 0.28177 0.09132 0.29482 0.06520 0.30994 0.03652 0.33767 0.01752 0.36315 0.00000 0.38664 0.00000 0.50436
2 0.11684 0.74661 0.14040 0.74924 0.15852 0.74790 0.16431 0.73362 0.14786 0.71465 0.13069 0.69365 0.12493 0.67144 0.11755 0.63406 0.10838 0.60888 0.08959 0.57169 0.07369 0.54662 0.05849 0.52254 0.04675 0.50451 0.02834 0.48860 0.00721 0.51027 0.00124 0.55296 0.00102 0.56292 0.00206 0.62225 0.01861 0.62463 0.04428 0.63230 0.07469 0.64190 0.09602 0.67093 0.10619 0.71435 0.11684 0.74661
1 0.20345 0.46670 0.20467 0.46236 0.20591 0.45841 0.20689 0.45505 0.20658 0.45230 0.20810 0.44992 0.20910 0.44695 0.20931 0.44420 0.20915 0.44263 0.20734 0.44325 0.20608 0.44583 0.20423 0.45195 0.20403 0.45530 0.20394 0.45766 0.20307 0.45983 0.20170 0.46339 0.19983 0.46795 0.19858 0.47131 0.20078 0.47029 0.20345 0.46670
1 0.05179 0.69960 0.05087 0.70056 0.04921 0.70389 0.04924 0.70601 0.05150 0.70998 0.05309 0.71137 0.05525 0.70968 0.05568 0.70755 0.05453 0.70427 0.05430 0.70050 0.05398 0.70003 0.05179 0.69960
4 0.67259 0.70162 0.68728 0.66784 0.69437 0.63628 0.70160 0.61310 0.70326 0.58898 0.70402 0.55230 0.70343 0.51879 0.70578 0.49466 0.70683 0.47474 0.70029 0.45809 0.70065 0.43922 0.70021 0.41410 0.68937 0.38913 0.67520 0.37366 0.65618 0.35723 0.64275 0.34385 0.62355 0.31903 0.60810 0.30673 0.59339 0.29971 0.57463 0.30000 0.54981 0.30987 0.53542 0.32059 0.51442 0.35030 0.49959 0.37569 0.48541 0.39898 0.48508 0.41993 0.48556 0.44716 0.48828 0.48378 0.49079 0.50784 0.49115 0.52878 0.48876 0.55083 0.49000 0.58223 0.49539 0.61251 0.50934 0.65627 0.52359 0.67698 0.55669 0.70364 0.57488 0.71169 0.60207 0.71855 0.63059 0.72119 0.65341 0.71557 0.67259 0.70162
4 1.00000 0.55807 0.98718 0.54632 0.96768 0.54247 0.95032 0.54278 0.93460 0.55667 0.92720 0.57041 0.92058 0.58833 0.91734 0.60200 0.91196 0.61257 0.90115 0.62952 0.89296 0.63701 0.88896 0.64650 0.88460 0.67487 0.88159 0.70215 0.87812 0.74202 0.87813 0.78183 0.88130 0.80483 0.89277 0.82557 0.90339 0.83692 0.92500 0.84177 0.96111 0.84218 1.00000 0.83268 1.00000 0.55807
