4 0.58343 0.76501 0.59448 0.77580 0.60297 0.78235 0.62414 0.78647 0.63579 0.78674 0.66096 0.77843 0.68210 0.75984 0.69658 0.73636 0.70343 0.71152 0.70232 0.67924 0.70219 0.64341 0.70322 0.60752 0.70203 0.58486 0.69985 0.55438 0.69598 0.52486 0.69274 0.50756 0.68819 0.47633 0.68522 0.45288 0.68006 0.43217 0.66704 0.40576 0.65064 0.39263 0.63871 0.38714 0.62991 0.38586 0.61974 0.39163 0.60298 0.41611 0.59412 0.43580 0.58817 0.46670 0.58365 0.49142 0.57913 0.51613 0.57443 0.54871 0.57065 0.56552 0.56622 0.59198 0.56428 0.61043 0.56198 0.63327 0.56155 0.64728 0.56228 0.66123 0.56213 0.68046 0.56292 0.70665 0.56787 0.73435 0.57575 0.75142 0.58343 0.76501
4 1.00000 0.48691 0.99822 0.45293 0.99592 0.45145 0.99150 0.44470 0.97048 0.42133 0.96244 0.41214 0.94733 0.40156 0.93361 0.39529 0.91821 0.38998 0.90128 0.38911 0.88951 0.39760 0.88269 0.41194 0.88008 0.42868 0.88113 0.44873 0.87864 0.45673 0.87169 0.51303 0.87059 0.55855 0.87141 0.57423 0.87440 0.60904 0.87826 0.62719 0.88646 0.65036 0.90136 0.67929 0.90892 0.69026 0.94389 0.70242 0.95710 0.69910 0.96737 0.69507 0.97652 0.69197 0.99498 0.67788 1.00000 0.67427 1.00000 0.48691
1 0.60152 0.54443 0.60092 0.54225 0.59875 0.54433 0.59678 0.54688 0.59556 0.55158 0.59417 0.55604 0.59318 0.55875 0.59384 0.56216 0.59733 0.56051 0.59979 0.55794 0.60201 0.55367 0.60214 0.55000 0.60152 0.54443
4 0.18887 0.68852 0.19821 0.69308 0.20814 0.69611 0.22402 0.69073 0.23917 0.68437 0.25547 0.67390 0.26972 0.66304 0.28603 0.65307 0.30022 0.64728 0.31209 0.64261 0.32275 0.64660 0.33328 0.64200 0.33496 0.62269 0.33659 0.60237 0.33661 0.57708 0.33571 0.55335 0.33252 0.52469 0.32520 0.50079 0.31302 0.48018 0.30310 0.46452 0.29245 0.44789 0.27929 0.43442 0.26773 0.42591 0.25458 0.42558 0.23503 0.43167 0.21321 0.44596 0.18820 0.47004 0.17257 0.49311 0.16048 0.51297 0.14607 0.54003 0.13627 0.57797 0.13388 0.59024 0.13217 0.60904 0.13467 0.64381 0.13894 0.65472 0.14825 0.66536 0.15428 0.67111 0.16543 0.67812 0.17817 0.68352 0.18887 0.68852
1 0.45453 0.52371 0.44982 0.52308 0.44485 0.52129 0.44033 0.52065 0.43747 0.52167 0.43520 0.52297 0.43439 0.52624 0.43517 0.52999 0.43951 0.53094 0.44767 0.53052 0.45559 0.52922 0.46247 0.52652 0.46075 0.52339 0.45453 0.52371
1 0.60683 0.68227 0.60481 0.68200 0.60445 0.68315 0.60394 0.68468 0.60171 0.68655 0.60015 0.68863 0.60075 0.69374 0.60305 0.69475 0.60617 0.69672 0.60788 0.69437 0.60827 0.69084 0.60840 0.68682 0.60801 0.68409 0.60683 0.68227
4 0.36242 0.71191 0.38372 0.71866 0.39899 0.72136 0.42097 0.72982 0.43879 0.73676 0.44885 0.74055 0.46842 0.72471 0.48109 0.71094 0.49969 0.69948 0.51776 0.68892 0.53581 0.66699 0.54257 0.64042 0.54230 0.60197 0.53838 0.57158 0.52799 0.53979 0.51299 0.50911 0.50252 0.48693 0.48940 0.45877 0.48079 0.42775 0.46991 0.39774 0.46649 0.37694 0.46048 0.35104 0.45725 0.33372 0.44718 0.31939 0.43771 0.31639 0.42712 0.31432 0.41521 0.32019 0.40313 0.33393 0.39302 0.35194 0.38135 0.38490 0.37674 0.40786 0.36773 0.44680 0.35718 0.47881 0.34889 0.53169 0.34615 0.54583 0.34100 0.56969 0.33568 0.60143 0.33370 0.63038 0.33226 0.65842 0.33514 0.68013 0.34418 0.69714 0.36242 0.71191
4 0.70265 0.65213 0.70344 0.67831 0.70163 0.69938 0.70242 0.72556 0.70636 0.73409 0.72513 0.74797 0.74773 0.75728 0.76466 0.75813 0.78594 0.75352 0.80848 0.73923 0.83091 0.72320 0.84228 0.70686 0.84806 0.68384 0.84937 0.66454 0.84822 0.63138 0.84482 0.58873 0.84180 0.56442 0.83501 0.52370 0.82689 0.49090 0.82167 0.45796 0.81306 0.42696 0.80830 0.40273 0.80277 0.37505 0.79413 0.35452 0.78420 0.34281 0.77152 0.33386 0.75856 0.33104 0.75009 0.33586 0.74470 0.34400 0.74274 0.35110 0.73936 0.36438 0.73185 0.38750 0.72251 0.42034 0.71354 0.46013 0.70626 0.49898 0.70058 0.52375 0.69834 0.55882 0.70328 0.58654 0.70406 0.60136 0.70391 0.62060 0.70265 0.65213
1 0.42216 0.70621 0.42542 0.70604 0.42778 0.70205 0.42911 0.69601 0.42941 0.68827 0.42898 0.68021 0.42824 0.67041 0.42997 0.66786 0.43160 0.66322 0.43260 0.66000 0.43191 0.65125 0.42879 0.64966 0.42702 0.64730 0.42458 0.64988 0.42350 0.65591 0.42333 0.66154 0.42428 0.66641 0.42569 0.67547 0.42549 0.68495 0.42347 0.69104 0.42235 0.69636 0.42158 0.70413 0.42216 0.70621
1 0.56793 0.66704 0.56798 0.66297 0.56768 0.65973 0.56453 0.65908 0.56270 0.65776 0.56255 0.66000 0.56254 0.66509 0.56230 0.67079 0.56214 0.67547 0.56252 0.68013 0.56341 0.67907 0.56556 0.67611 0.56690 0.67075 0.56793 0.66704
