1 0.58232 0.44023 0.58439 0.43830 0.58361 0.43675 0.58142 0.43714 0.58000 0.43714 0.57832 0.43656 0.57716 0.43849 0.57742 0.44217 0.57910 0.44313 0.58232 0.44023
1 0.56010 0.51102 0.56166 0.50754 0.56321 0.50464 0.56386 0.50155 0.56307 0.50058 0.56114 0.50039 0.55959 0.50193 0.55946 0.50503 0.55805 0.51064 0.55779 0.51393 0.56010 0.51102
1 0.53443 0.46209 0.53662 0.46170 0.53779 0.45880 0.53726 0.45551 0.53586 0.45358 0.53507 0.45358 0.53404 0.45435 0.53328 0.45667 0.53249 0.45745 0.53249 0.46035 0.53443 0.46209
1 0.10661 0.49756 0.10797 0.49404 0.10485 0.49201 0.10408 0.48907 0.10173 0.48820 0.10173 0.48996 0.10290 0.49522 0.10388 0.49727 0.10661 0.49756
1 0.69730 0.32569 0.70156 0.32046 0.70414 0.31834 0.70672 0.31660 0.71072 0.31640 0.71175 0.31311 0.70930 0.31157 0.70646 0.30867 0.70143 0.30712 0.70040 0.30905 0.69821 0.31118 0.69679 0.31389 0.69421 0.31853 0.69253 0.32162 0.69253 0.32801 0.69730 0.32569
1 0.53747 0.44625 0.53888 0.44919 0.54168 0.46518 0.54196 0.47656 0.54590 0.48329 0.55208 0.49002 0.56134 0.49466 0.56892 0.49338 0.57566 0.48160 0.57706 0.47319 0.56892 0.46814 0.55712 0.46646 0.54982 0.46518 0.54618 0.45677 0.54084 0.45215 0.53775 0.44288 0.53690 0.43615 0.53831 0.42899 0.53775 0.42099 0.53663 0.41089 0.53410 0.41930 0.53186 0.42899 0.53494 0.43824 0.53747 0.44625
1 0.63613 0.62048 0.64348 0.61379 0.65085 0.60946 0.65910 0.60377 0.66088 0.59174 0.65799 0.58638 0.64817 0.58004 0.64394 0.56868 0.64194 0.55530 0.64037 0.54193 0.63903 0.52522 0.63769 0.51352 0.63546 0.50217 0.63055 0.49950 0.63055 0.50750 0.63279 0.51420 0.63413 0.52890 0.63502 0.53760 0.63524 0.55230 0.63435 0.55965 0.63613 0.56834 0.63591 0.57971 0.63435 0.58404 0.63324 0.59308 0.63301 0.60812 0.62988 0.61379 0.62743 0.62348 0.62877 0.62750 0.63613 0.62048
2 0.53315 0.41306 0.53093 0.43052 0.53426 0.43967 0.53814 0.44965 0.53925 0.45963 0.54147 0.47294 0.54369 0.48292 0.54813 0.49041 0.55756 0.49373 0.56977 0.49041 0.58253 0.48375 0.59973 0.47627 0.61693 0.48542 0.62525 0.49706 0.62969 0.51037 0.63246 0.52867 0.63413 0.54863 0.63635 0.57774 0.63579 0.58772 0.63302 0.60103 0.63080 0.61600 0.63025 0.61932 0.64023 0.61849 0.66187 0.60685 0.67186 0.59437 0.67796 0.57358 0.67685 0.55362 0.67463 0.51952 0.67463 0.50621 0.67463 0.48042 0.67352 0.45714 0.68185 0.44383 0.69017 0.42553 0.70404 0.41306 0.72512 0.40058 0.73345 0.39808 0.73899 0.38478 0.72845 0.36565 0.72512 0.34571 0.72068 0.32824 0.72512 0.31743 0.72512 0.30994 0.71846 0.30246 0.70959 0.29830 0.69683 0.30162 0.68739 0.31160 0.67463 0.32990 0.65799 0.33323 0.64855 0.32575 0.62914 0.31743 0.62137 0.29996 0.61415 0.27584 0.60750 0.26586 0.59806 0.27002 0.58974 0.27917 0.59030 0.29830 0.59695 0.33323 0.60139 0.34654 0.60306 0.36315 0.60139 0.37979 0.59141 0.38644 0.58086 0.38977 0.56921 0.38810 0.56034 0.39808 0.55312 0.40141 0.53981 0.40308 0.53315 0.41306
4 0.59227 0.64282 0.64701 0.63236 0.68543 0.59919 0.70406 0.59133 0.72737 0.56340 0.75532 0.52062 0.76929 0.47174 0.77395 0.37923 0.75822 0.33209 0.74483 0.29718 0.72911 0.26925 0.70000 0.26226 0.65866 0.25265 0.63653 0.25004 0.62080 0.25354 0.59519 0.26663 0.55675 0.27536 0.53346 0.28321 0.50609 0.28582 0.49445 0.29280 0.47756 0.32424 0.47348 0.35130 0.47348 0.37485 0.48338 0.39756 0.48630 0.43596 0.48746 0.46128 0.48572 0.50404 0.48455 0.52760 0.49853 0.56251 0.52240 0.59919 0.55501 0.62886 0.59227 0.64282
4 0.21787 0.68996 0.23766 0.70480 0.27785 0.71528 0.31045 0.71004 0.36111 0.69433 0.38672 0.68559 0.41468 0.66377 0.43564 0.62799 0.45195 0.59046 0.47290 0.55466 0.48688 0.50752 0.49154 0.46739 0.48863 0.41938 0.47640 0.37572 0.45661 0.34168 0.43332 0.31201 0.41875 0.28669 0.40537 0.27099 0.38382 0.26139 0.36053 0.25789 0.33374 0.25965 0.30055 0.26837 0.27435 0.28495 0.23883 0.30155 0.21495 0.31899 0.18701 0.34693 0.17129 0.38271 0.16488 0.41240 0.16022 0.44731 0.16314 0.48310 0.16488 0.52673 0.16604 0.56164 0.16721 0.58696 0.17303 0.60704 0.18643 0.64021 0.20272 0.66901 0.21787 0.68996
1 0.53249 0.45145 0.53430 0.45126 0.53457 0.44952 0.53365 0.44836 0.53301 0.44603 0.53210 0.44507 0.53107 0.44468 0.53070 0.44662 0.53055 0.44913 0.53107 0.45087 0.53249 0.45145
1 0.72066 0.31215 0.72169 0.31524 0.72427 0.31911 0.72556 0.31969 0.72724 0.31814 0.72711 0.31369 0.72569 0.31079 0.72350 0.30828 0.72298 0.30596 0.72259 0.30422 0.72169 0.30228 0.71975 0.30267 0.71795 0.30538 0.71898 0.30673 0.72053 0.30867 0.72066 0.31215
1 0.55043 0.49671 0.55134 0.49497 0.54876 0.49304 0.54515 0.48898 0.54307 0.48646 0.54204 0.48607 0.54257 0.48878 0.54489 0.49478 0.54773 0.49787 0.55043 0.49671
4 0.00000 0.64882 0.01290 0.66901 0.03037 0.68735 0.04726 0.70132 0.07870 0.71265 0.10025 0.71178 0.13285 0.69083 0.14858 0.66116 0.15790 0.62712 0.16546 0.57648 0.16779 0.54246 0.16604 0.49356 0.16197 0.44818 0.15266 0.41851 0.13693 0.38097 0.12004 0.36352 0.10025 0.35217 0.07463 0.35217 0.03503 0.36002 0.01406 0.37050 0.00243 0.37660 0.00000 0.60259 0.00000 0.64882
1 0.66751 0.50988 0.66996 0.51021 0.67352 0.50689 0.67508 0.50120 0.67463 0.49518 0.67352 0.49151 0.67263 0.48449 0.67330 0.47646 0.67352 0.46911 0.67174 0.47480 0.67018 0.48215 0.66906 0.49317 0.66817 0.50019 0.66751 0.50988
1 0.66502 0.57480 0.66502 0.57248 0.66161 0.56412 0.66099 0.55484 0.66239 0.55089 0.66843 0.55669 0.66982 0.56203 0.67137 0.56783 0.67323 0.56969 0.67400 0.56644 0.67261 0.56041 0.66966 0.55182 0.66610 0.54787 0.66409 0.54160 0.66394 0.53511 0.66347 0.52907 0.66455 0.52420 0.66471 0.51840 0.66301 0.52141 0.66084 0.52861 0.65883 0.53325 0.65573 0.53696 0.65449 0.54137 0.65372 0.54787 0.65465 0.55623 0.66502 0.57480
