4 0.00000 0.63613 0.02963 0.60762 0.03984 0.58669 0.05241 0.55421 0.06341 0.51127 0.07284 0.45994 0.07284 0.41804 0.06655 0.38558 0.05556 0.35625 0.04456 0.32692 0.02413 0.29760 0.00056 0.27246 0.00000 0.31658 0.00000 0.63613
4 0.45698 0.40758 0.44991 0.45575 0.45384 0.50290 0.45620 0.53642 0.46248 0.58773 0.47191 0.62962 0.48369 0.67152 0.49783 0.69667 0.51591 0.72181 0.55597 0.73542 0.59759 0.73333 0.63295 0.73019 0.68088 0.72285 0.70366 0.69352 0.71308 0.63277 0.71386 0.57935 0.71386 0.53746 0.72014 0.48719 0.72644 0.44948 0.73272 0.40967 0.74450 0.36463 0.75078 0.36358 0.74372 0.33950 0.72958 0.30702 0.71150 0.29027 0.68166 0.26931 0.64395 0.25883 0.62745 0.25675 0.61095 0.26302 0.58267 0.26408 0.56147 0.26094 0.53475 0.26094 0.51041 0.26617 0.49077 0.27350 0.47505 0.29446 0.46248 0.30179 0.46405 0.31958 0.47034 0.33531 0.46798 0.36988 0.45698 0.40758
1 0.50373 0.69450 0.50806 0.69848 0.51272 0.70248 0.51638 0.69938 0.52236 0.68783 0.52569 0.68029 0.52469 0.67321 0.51537 0.66654 0.50273 0.67188 0.49875 0.68206 0.49741 0.69140 0.50373 0.69450
1 0.51638 0.63594 0.51705 0.64525 0.52869 0.64569 0.54133 0.64215 0.54466 0.64392 0.53800 0.66256 0.54731 0.64969 0.55830 0.62840 0.56461 0.61688 0.56528 0.59913 0.54964 0.60000 0.53833 0.60844 0.52869 0.62352 0.51638 0.63594
1 0.49841 0.57162 0.49475 0.57917 0.48709 0.57871 0.48111 0.58581 0.47845 0.59779 0.48709 0.60490 0.49741 0.59158 0.50506 0.59558 0.50939 0.60533 0.51605 0.60844 0.52736 0.59779 0.53634 0.59690 0.54631 0.59558 0.55264 0.58758 0.55164 0.58004 0.54298 0.57783 0.54100 0.56185 0.54698 0.55254 0.55197 0.56275 0.55963 0.57296 0.56595 0.57119 0.57161 0.56098 0.57127 0.55121 0.56794 0.53612 0.56428 0.52548 0.56095 0.50775 0.55930 0.49133 0.55730 0.47979 0.55597 0.45940 0.55497 0.44608 0.55630 0.43590 0.55697 0.42169 0.55464 0.42392 0.54798 0.44431 0.54531 0.45363 0.54166 0.46517 0.53767 0.46827 0.52370 0.52150 0.51903 0.54500 0.50539 0.56142 0.49841 0.57162
1 0.46614 0.43767 0.47080 0.46117 0.50406 0.44121 0.52370 0.42613 0.53933 0.41904 0.54133 0.41281 0.53634 0.39065 0.54200 0.38754 0.53933 0.37202 0.53034 0.36315 0.52236 0.34983 0.52469 0.33254 0.51937 0.31435 0.51039 0.31258 0.47813 0.34362 0.46980 0.37823 0.46381 0.40617 0.46614 0.43767
2 0.56856 0.62402 0.57294 0.57529 0.57239 0.54619 0.56420 0.50765 0.55820 0.48146 0.55547 0.45163 0.55984 0.42617 0.55844 0.40563 0.54292 0.38690 0.54031 0.36979 0.52672 0.35250 0.52531 0.32854 0.51922 0.30708 0.51095 0.30725 0.49836 0.31248 0.47637 0.32506 0.46775 0.35017 0.46536 0.36588 0.45750 0.39519 0.45205 0.42660 0.44730 0.45177 0.44887 0.48421 0.45205 0.52408 0.45673 0.56385 0.46066 0.59217 0.46694 0.62671 0.47637 0.66227 0.48816 0.68323 0.50152 0.70942 0.51292 0.70694 0.53038 0.67712 0.54620 0.65675 0.55766 0.64148 0.56856 0.62402
2 0.11622 0.52127 0.13586 0.52563 0.14077 0.53363 0.15113 0.53944 0.16586 0.52927 0.18059 0.51981 0.18877 0.51617 0.19531 0.49290 0.19422 0.47106 0.19422 0.44344 0.18550 0.41433 0.18005 0.38233 0.17350 0.36488 0.16805 0.34450 0.17131 0.32415 0.17131 0.30888 0.16477 0.29504 0.16041 0.27250 0.15603 0.25577 0.15222 0.25140 0.13748 0.25723 0.11948 0.27177 0.10258 0.28269 0.09058 0.29504 0.07797 0.32562 0.07639 0.34887 0.07584 0.37360 0.07639 0.40925 0.07420 0.43106 0.07094 0.46598 0.06875 0.48125 0.06003 0.53727 0.06766 0.52927 0.08458 0.52490 0.09822 0.52271 0.11622 0.52127
1 0.09791 0.34615 0.08392 0.38229 0.07517 0.42308 0.07080 0.45921 0.06906 0.49183 0.06294 0.52448 0.08130 0.52215 0.11800 0.51631 0.13723 0.52448 0.15034 0.53146 0.16347 0.52565 0.18444 0.51981 0.19755 0.48485 0.19319 0.44754 0.18619 0.42542 0.17833 0.38810 0.17308 0.36248 0.16520 0.34267 0.16695 0.32750 0.16608 0.30535 0.14773 0.29604 0.12675 0.30185 0.11452 0.31702 0.09791 0.34615
4 0.79398 0.67781 0.83327 0.69037 0.87413 0.69456 0.90947 0.66106 0.93147 0.63487 0.95189 0.60029 0.97625 0.55212 0.98803 0.51023 0.98881 0.47146 0.97939 0.44108 0.97625 0.41492 0.96525 0.38977 0.95581 0.36358 0.94953 0.34577 0.92753 0.32798 0.90791 0.31750 0.87569 0.30912 0.84898 0.31331 0.81756 0.32065 0.78692 0.33425 0.75472 0.35310 0.74372 0.36988 0.73428 0.39500 0.72564 0.43690 0.71622 0.47460 0.71308 0.55106 0.72172 0.57935 0.75392 0.62440 0.77670 0.66106 0.79398 0.67781
4 0.12077 0.66944 0.14275 0.68619 0.16083 0.69667 0.18911 0.70296 0.22759 0.70715 0.24252 0.70715 0.26688 0.70715 0.29123 0.69981 0.31558 0.69248 0.34386 0.68200 0.36978 0.66629 0.39492 0.63800 0.41220 0.60029 0.42162 0.56573 0.42162 0.52802 0.42713 0.49452 0.42792 0.46519 0.42242 0.44108 0.42162 0.41492 0.41534 0.37721 0.40278 0.35310 0.38706 0.32483 0.37450 0.29760 0.35722 0.27246 0.33758 0.25046 0.31872 0.23475 0.28966 0.22846 0.25195 0.22637 0.20089 0.23371 0.16317 0.24417 0.11447 0.26723 0.09169 0.28921 0.07598 0.32798 0.07519 0.35102 0.07362 0.39606 0.06970 0.43167 0.06970 0.46727 0.06655 0.49138 0.06105 0.52383 0.05713 0.54583 0.06263 0.58565 0.07362 0.60135 0.08855 0.62754 0.10505 0.65373 0.12077 0.66944
