4 0.00000 0.52183 0.01377 0.67918 0.04080 0.64821 0.04915 0.62646 0.05883 0.59301 0.06605 0.54928 0.07098 0.49732 0.06733 0.45558 0.05823 0.42380 0.04473 0.39553 0.03121 0.36727 0.00830 0.33985 0.00000 0.33242 0.00000 0.52183
4 0.49870 0.67229 0.51498 0.69611 0.53518 0.71958 0.57627 0.72964 0.61756 0.72394 0.65251 0.71772 0.69961 0.70624 0.71975 0.67503 0.72384 0.61370 0.71996 0.56041 0.71631 0.51868 0.71819 0.46805 0.72117 0.42994 0.72396 0.38973 0.73177 0.34383 0.73794 0.34225 0.72880 0.31887 0.71189 0.28775 0.69242 0.27264 0.66086 0.25436 0.62239 0.24720 0.60577 0.24657 0.58988 0.25425 0.56180 0.25777 0.54040 0.25649 0.51378 0.25882 0.48999 0.26615 0.47106 0.27517 0.45723 0.29742 0.44535 0.30582 0.44846 0.32340 0.45610 0.33852 0.45677 0.37316 0.44909 0.41168 0.44624 0.46028 0.45427 0.50691 0.45954 0.54010 0.47027 0.59067 0.48331 0.63158 0.49870 0.67229
1 0.53969 0.67040 0.52983 0.66457 0.51770 0.67098 0.51462 0.68148 0.51410 0.69089 0.52067 0.69343 0.52533 0.69702 0.53032 0.70060 0.53369 0.69719 0.53865 0.68517 0.54130 0.67737 0.53969 0.67040
1 0.56018 0.64499 0.56927 0.62283 0.57455 0.61080 0.57367 0.59306 0.55817 0.59529 0.54763 0.60468 0.53934 0.62055 0.52816 0.63399 0.52964 0.64321 0.54128 0.64263 0.55356 0.63800 0.55703 0.63948 0.55202 0.65863 0.56018 0.64499
1 0.50540 0.59146 0.51337 0.59478 0.51854 0.60411 0.52544 0.60663 0.53578 0.59503 0.54465 0.59336 0.55447 0.59118 0.56007 0.58266 0.55842 0.57524 0.54960 0.57379 0.54623 0.55805 0.55138 0.54825 0.55724 0.55798 0.56576 0.56748 0.57191 0.56517 0.57665 0.55451 0.57546 0.54480 0.57083 0.53007 0.56626 0.51978 0.56140 0.50241 0.55832 0.48620 0.55532 0.47488 0.55222 0.45467 0.55006 0.44150 0.55050 0.43123 0.54993 0.41702 0.54780 0.41944 0.54295 0.44034 0.54110 0.44985 0.53846 0.46167 0.53476 0.46511 0.52549 0.51935 0.52288 0.54317 0.51072 0.56071 0.50465 0.57149 0.50167 0.57932 0.49400 0.57953 0.48866 0.58713 0.48706 0.59930 0.49628 0.60562 0.50540 0.59146
1 0.52668 0.38789 0.53204 0.38431 0.52802 0.36908 0.51830 0.36102 0.50919 0.34846 0.51000 0.33103 0.50312 0.31337 0.49402 0.31239 0.46458 0.34613 0.45930 0.38133 0.45577 0.40968 0.46084 0.44085 0.46752 0.46386 0.49892 0.44108 0.51718 0.42434 0.53212 0.41592 0.53357 0.40954 0.52668 0.38789
2 0.55318 0.42123 0.54999 0.40089 0.53290 0.38359 0.52881 0.36677 0.51376 0.35073 0.51027 0.32699 0.50233 0.30614 0.49411 0.30703 0.48202 0.31334 0.46122 0.32779 0.45481 0.35355 0.45380 0.36940 0.44853 0.39929 0.44583 0.43106 0.44329 0.45655 0.44769 0.48872 0.45433 0.52817 0.46246 0.56738 0.46884 0.59525 0.47811 0.62911 0.49061 0.66371 0.50417 0.68356 0.51976 0.70849 0.53091 0.70502 0.54570 0.67380 0.55969 0.65213 0.56977 0.63592 0.57911 0.61757 0.57922 0.56865 0.57614 0.53970 0.56463 0.50202 0.55637 0.47646 0.55104 0.44698 0.55318 0.42123
2 0.19136 0.54323 0.19585 0.51948 0.19286 0.49782 0.19045 0.47030 0.17923 0.44207 0.17101 0.41067 0.16297 0.39385 0.15576 0.37402 0.15724 0.35346 0.15591 0.33825 0.14818 0.32504 0.14187 0.30296 0.13605 0.28668 0.13188 0.28265 0.11770 0.28975 0.10104 0.30580 0.08515 0.31815 0.07427 0.33150 0.06438 0.36307 0.06483 0.38637 0.06644 0.41105 0.07009 0.44652 0.06982 0.46844 0.06960 0.50350 0.06876 0.51891 0.06495 0.57547 0.07185 0.56684 0.08833 0.56101 0.10173 0.55764 0.11953 0.55464 0.13948 0.55726 0.14506 0.56481 0.15589 0.56969 0.16968 0.55828 0.18354 0.54757 0.19136 0.54323
1 0.08482 0.55855 0.12087 0.54954 0.14075 0.55600 0.15442 0.56181 0.16698 0.55488 0.18737 0.54724 0.19738 0.51127 0.18978 0.47448 0.18088 0.45305 0.16980 0.41657 0.16234 0.39150 0.15276 0.37245 0.15319 0.35718 0.15038 0.33520 0.13130 0.32752 0.11090 0.33514 0.10003 0.35131 0.08603 0.38178 0.07525 0.41900 0.07008 0.46040 0.06887 0.49677 0.06999 0.52942 0.06673 0.56248 0.08482 0.55855
4 0.97898 0.51042 0.98707 0.46766 0.98447 0.42896 0.97243 0.39953 0.96702 0.37373 0.95387 0.34964 0.94219 0.32437 0.93438 0.30718 0.91091 0.29137 0.89045 0.28264 0.85762 0.27711 0.83139 0.28361 0.80072 0.29365 0.77138 0.30987 0.74095 0.33146 0.73145 0.34913 0.72424 0.37498 0.71928 0.41747 0.71318 0.45586 0.71672 0.53230 0.72779 0.55973 0.76380 0.60179 0.78969 0.63633 0.80836 0.65151 0.84859 0.66060 0.88966 0.66122 0.92195 0.62476 0.94158 0.59676 0.95891 0.56052 0.97898 0.51042
4 0.28582 0.72667 0.30944 0.71725 0.33306 0.70782 0.36032 0.69492 0.38477 0.67701 0.40735 0.64663 0.42128 0.60756 0.42765 0.57231 0.42437 0.53475 0.42693 0.50089 0.42516 0.47160 0.41758 0.44807 0.41451 0.42207 0.40496 0.38505 0.39035 0.36214 0.37222 0.33534 0.35734 0.30931 0.33793 0.28577 0.31645 0.26556 0.29629 0.25156 0.26679 0.24783 0.22905 0.24903 0.17882 0.26079 0.14216 0.27450 0.09565 0.30172 0.07487 0.32560 0.06260 0.36559 0.06382 0.38861 0.06619 0.43362 0.06538 0.46943 0.06849 0.50490 0.06745 0.52919 0.06479 0.56200 0.06280 0.58426 0.07175 0.62344 0.08408 0.63813 0.10123 0.66292 0.11995 0.68757 0.13698 0.70185 0.16034 0.71662 0.17926 0.72548 0.20798 0.72928 0.24668 0.73010 0.26155 0.72880 0.28582 0.72667
