4 0.87918 0.52673 0.89277 0.49759 0.90591 0.44434 0.91519 0.40768 0.92320 0.36930 0.92613 0.34203 0.92920 0.31691 0.93002 0.29842 0.92892 0.28545 0.92326 0.28473 0.91671 0.28914 0.90876 0.29692 0.89606 0.31044 0.88306 0.32918 0.86600 0.35320 0.86410 0.37464 0.85649 0.42136 0.85024 0.45855 0.84116 0.48699 0.84990 0.50264 0.85858 0.52046 0.87918 0.52673
4 0.26295 0.46283 0.27885 0.45655 0.28800 0.44847 0.30196 0.43666 0.31198 0.42416 0.31780 0.41242 0.32376 0.39996 0.33426 0.38830 0.33733 0.36556 0.34005 0.34126 0.34586 0.30474 0.32987 0.28014 0.32386 0.26106 0.31579 0.23411 0.30432 0.21932 0.29855 0.21305 0.28986 0.21978 0.28250 0.24025 0.27609 0.26240 0.26594 0.29515 0.25882 0.32844 0.24957 0.38087 0.24604 0.41329 0.24764 0.43084 0.25193 0.45262 0.25572 0.46305 0.26295 0.46283
4 0.45770 0.66061 0.45706 0.67192 0.45779 0.68224 0.45992 0.69036 0.46671 0.69808 0.47407 0.70060 0.48311 0.69363 0.49251 0.67980 0.49961 0.66556 0.50637 0.65126 0.51315 0.63493 0.51805 0.62641 0.52358 0.61434 0.53053 0.58744 0.53788 0.54960 0.54451 0.51774 0.54749 0.49992 0.54900 0.49040 0.54125 0.48619 0.53233 0.48094 0.52422 0.47014 0.52524 0.43933 0.52586 0.42517 0.52551 0.42430 0.52487 0.42500 0.51935 0.43707 0.51673 0.44232 0.51018 0.44768 0.50525 0.44967 0.49432 0.45100 0.49335 0.45165 0.49148 0.45458 0.48894 0.45739 0.47898 0.45808 0.47117 0.45711 0.46679 0.45593 0.46585 0.46514 0.46176 0.49989 0.45773 0.52853 0.45146 0.56697 0.45052 0.58189 0.45270 0.59940 0.45508 0.61572 0.45715 0.63483 0.45779 0.64758 0.45770 0.66061
4 0.60371 0.67378 0.60453 0.67490 0.60625 0.67668 0.60790 0.68235 0.61010 0.69300 0.61113 0.70102 0.61253 0.70811 0.61338 0.71365 0.61387 0.71666 0.62130 0.71846 0.62840 0.71629 0.63872 0.70979 0.64818 0.70119 0.65611 0.69085 0.66399 0.67854 0.67028 0.66595 0.67735 0.64665 0.68500 0.62060 0.69564 0.57991 0.70526 0.54150 0.71147 0.51324 0.68296 0.50968 0.65678 0.50800 0.65197 0.50177 0.65052 0.49613 0.64780 0.47804 0.64765 0.47655 0.64678 0.47688 0.64597 0.47919 0.64330 0.48850 0.64067 0.49880 0.63357 0.50097 0.63295 0.50331 0.61444 0.58517 0.60386 0.62440 0.60159 0.63378 0.60023 0.64381 0.59906 0.65045 0.59750 0.66045 0.59644 0.66761 0.59713 0.67066 0.60049 0.67125 0.60371 0.67378
4 0.36357 0.44903 0.37967 0.44286 0.39450 0.42970 0.40358 0.42079 0.41588 0.40419 0.42456 0.39220 0.43194 0.37698 0.43353 0.35023 0.43803 0.31048 0.44176 0.28936 0.44450 0.27558 0.43774 0.27138 0.43069 0.25812 0.42160 0.23700 0.41580 0.22021 0.40639 0.21329 0.39589 0.20543 0.38831 0.20410 0.38026 0.20718 0.37192 0.21547 0.36899 0.22322 0.36282 0.23339 0.35485 0.25376 0.34928 0.28357 0.34539 0.30916 0.34053 0.34209 0.33640 0.37966 0.33626 0.41418 0.34441 0.43889 0.35059 0.45350 0.36357 0.44903
4 0.93135 0.47870 0.93791 0.45212 0.94541 0.41920 0.94895 0.39048 0.95044 0.36179 0.95128 0.34930 0.95239 0.33727 0.95212 0.33396 0.94960 0.33189 0.94575 0.33447 0.93936 0.34761 0.93346 0.36084 0.92972 0.36955 0.92587 0.37499 0.92064 0.38059 0.91489 0.40934 0.89318 0.49683 0.89290 0.49841 0.88710 0.51207 0.88288 0.51866 0.88143 0.52207 0.88099 0.52363 0.88175 0.52702 0.88420 0.53235 0.88852 0.53963 0.89280 0.54813 0.89922 0.55212 0.90190 0.55137 0.90573 0.54797 0.91273 0.53616 0.91727 0.52391 0.92419 0.50393 0.93135 0.47870
4 0.43455 0.40298 0.43564 0.42870 0.43999 0.43772 0.44711 0.44874 0.45452 0.44930 0.46982 0.45650 0.47905 0.45738 0.48932 0.45768 0.49441 0.45183 0.50745 0.44887 0.51674 0.44225 0.52338 0.42765 0.52742 0.41184 0.53216 0.37964 0.53453 0.35378 0.53591 0.32999 0.53984 0.30590 0.54078 0.29706 0.53105 0.28483 0.52340 0.27147 0.52325 0.24216 0.52209 0.22393 0.51633 0.20339 0.50938 0.19315 0.50292 0.18901 0.49313 0.18954 0.48369 0.19163 0.47375 0.19663 0.46588 0.20576 0.46016 0.22578 0.45430 0.24126 0.44806 0.25894 0.44485 0.27714 0.43868 0.30684 0.43433 0.34212 0.43249 0.37032 0.43455 0.40298
4 0.20956 0.57020 0.20918 0.58070 0.21088 0.58628 0.21707 0.58444 0.22563 0.57890 0.23478 0.56995 0.24377 0.55921 0.25154 0.55119 0.26202 0.54305 0.26949 0.53674 0.27358 0.53159 0.28129 0.49890 0.28785 0.47834 0.29233 0.46269 0.29617 0.45338 0.29998 0.44701 0.30680 0.43882 0.30788 0.43549 0.30250 0.43689 0.29614 0.44105 0.28144 0.45372 0.26611 0.46159 0.25880 0.46147 0.25585 0.46154 0.25253 0.45684 0.24915 0.44275 0.24856 0.43912 0.24544 0.43740 0.23906 0.44449 0.23442 0.45835 0.22954 0.47627 0.22669 0.48692 0.22184 0.50192 0.21875 0.51253 0.21475 0.52826 0.21224 0.54250 0.21055 0.55629 0.20956 0.57020
4 0.20933 0.45010 0.21672 0.45140 0.22334 0.45045 0.22971 0.44594 0.23929 0.43988 0.24420 0.43370 0.24698 0.42785 0.24652 0.41720 0.24909 0.38596 0.25223 0.36819 0.25648 0.34570 0.25953 0.32510 0.25935 0.31450 0.25302 0.30211 0.24548 0.29163 0.23376 0.28322 0.22343 0.27858 0.21636 0.27874 0.21434 0.28191 0.21111 0.29190 0.20736 0.30815 0.20524 0.32186 0.20195 0.34383 0.20056 0.35838 0.19970 0.37161 0.19850 0.40169 0.19902 0.43701 0.20061 0.44292 0.20319 0.44831 0.20933 0.45010
4 0.68946 0.63898 0.69063 0.64490 0.69197 0.65655 0.69249 0.66805 0.69342 0.67719 0.69363 0.68660 0.69360 0.69638 0.69395 0.70500 0.69491 0.71210 0.69591 0.71799 0.69726 0.72475 0.69903 0.72914 0.70167 0.73246 0.70459 0.73420 0.70676 0.73539 0.71113 0.73657 0.71553 0.73572 0.72093 0.73300 0.72632 0.72457 0.73223 0.70645 0.73753 0.68700 0.74276 0.66795 0.74508 0.65572 0.74809 0.64443 0.75558 0.61640 0.76450 0.58413 0.78006 0.52572 0.78395 0.50847 0.78407 0.49912 0.78378 0.49499 0.77889 0.49290 0.77634 0.48715 0.77463 0.48237 0.77293 0.46699 0.77216 0.45788 0.77215 0.45217 0.76438 0.48179 0.75878 0.50200 0.75740 0.50501 0.74443 0.50925 0.73411 0.51191 0.71154 0.51283 0.70481 0.54425 0.69553 0.58053 0.68888 0.60667 0.68739 0.61416 0.68650 0.61726 0.68513 0.62314 0.68483 0.62675 0.68717 0.63083 0.68913 0.63607 0.68946 0.63898
4 0.82943 0.69025 0.83080 0.69986 0.83180 0.70860 0.83269 0.71609 0.83531 0.72145 0.83639 0.72205 0.83788 0.72516 0.84028 0.72885 0.84196 0.72996 0.84450 0.72226 0.84911 0.70962 0.85397 0.69457 0.86055 0.66883 0.86879 0.62788 0.87427 0.58808 0.87730 0.56130 0.88000 0.53731 0.88057 0.52640 0.86805 0.52420 0.85876 0.52011 0.84988 0.50306 0.84214 0.49109 0.83938 0.48653 0.83643 0.49171 0.83657 0.50438 0.83286 0.54083 0.82714 0.58385 0.82112 0.61703 0.82575 0.63701 0.82605 0.64399 0.82575 0.66106 0.82645 0.67056 0.82765 0.68015 0.82943 0.69025
4 0.37017 0.50354 0.36574 0.52037 0.36127 0.54071 0.35879 0.55648 0.35300 0.60759 0.34855 0.65612 0.34758 0.67496 0.34854 0.68782 0.35250 0.69696 0.35507 0.70235 0.36068 0.70546 0.36865 0.70686 0.37909 0.70588 0.38765 0.69894 0.39778 0.68804 0.41034 0.66842 0.41998 0.63701 0.43422 0.60782 0.44345 0.59042 0.44939 0.57175 0.45763 0.53164 0.46326 0.48473 0.46542 0.46749 0.46491 0.45543 0.45608 0.44894 0.44860 0.44974 0.44494 0.44557 0.43785 0.43586 0.43552 0.42911 0.43374 0.39428 0.43146 0.39388 0.41894 0.40999 0.41197 0.41792 0.40422 0.42360 0.39663 0.43000 0.39059 0.43598 0.38549 0.44495 0.38053 0.46309 0.37616 0.47289 0.37200 0.48484 0.37017 0.50354
4 0.77286 0.46309 0.77411 0.48709 0.78148 0.49402 0.79355 0.49803 0.80619 0.50058 0.81913 0.49628 0.83118 0.49590 0.83947 0.48735 0.85084 0.45682 0.85519 0.43068 0.86004 0.40025 0.86555 0.36305 0.86962 0.32546 0.87374 0.29340 0.87484 0.27268 0.87292 0.25922 0.86799 0.25022 0.85973 0.25126 0.85179 0.25487 0.84471 0.26551 0.84040 0.27664 0.83515 0.28573 0.82703 0.30369 0.81939 0.32487 0.81202 0.33859 0.80456 0.34541 0.79713 0.34910 0.79285 0.35273 0.78649 0.38728 0.78084 0.41193 0.77237 0.45112 0.77286 0.46309
4 0.75289 0.64536 0.75517 0.64780 0.75681 0.65298 0.75807 0.66217 0.75981 0.67349 0.76163 0.69011 0.76300 0.70259 0.76392 0.71375 0.76575 0.73324 0.76637 0.74028 0.76947 0.75061 0.77537 0.75858 0.78036 0.76109 0.78325 0.76201 0.78753 0.75991 0.79163 0.75492 0.79327 0.75236 0.79769 0.74172 0.80342 0.71216 0.81506 0.64613 0.82320 0.60476 0.82779 0.58070 0.83288 0.54123 0.83617 0.50716 0.83675 0.49137 0.83671 0.48981 0.83136 0.49555 0.81933 0.49600 0.81500 0.49874 0.81172 0.49877 0.80903 0.50005 0.80638 0.50118 0.80341 0.49988 0.79891 0.49807 0.79427 0.49745 0.78982 0.49667 0.78404 0.49471 0.78421 0.50045 0.78429 0.50576 0.78076 0.52389 0.77122 0.55971 0.75579 0.61733 0.75029 0.63797 0.74947 0.64068 0.74956 0.64110 0.75044 0.64288 0.75289 0.64536
4 0.65055 0.49738 0.65725 0.50907 0.67353 0.50894 0.70169 0.51240 0.72053 0.51197 0.73603 0.51095 0.75792 0.50469 0.76338 0.48348 0.77314 0.44766 0.78520 0.39347 0.79321 0.34983 0.79947 0.30633 0.80308 0.27257 0.80396 0.24397 0.80230 0.22235 0.80011 0.20072 0.79236 0.18561 0.77919 0.17450 0.76955 0.17152 0.75262 0.18048 0.74065 0.19211 0.73088 0.20143 0.71818 0.21495 0.70371 0.23493 0.69374 0.25420 0.68448 0.27659 0.67440 0.30185 0.66826 0.32780 0.66148 0.38217 0.65272 0.43544 0.64778 0.47586 0.65055 0.49738
4 0.30615 0.64770 0.31803 0.62749 0.33078 0.60508 0.34606 0.57666 0.35486 0.56001 0.36112 0.54116 0.36498 0.52481 0.36820 0.51070 0.37125 0.49480 0.37188 0.48846 0.37230 0.47914 0.37083 0.47360 0.36888 0.46386 0.36552 0.45798 0.36324 0.45288 0.35978 0.45169 0.35559 0.45330 0.35177 0.45556 0.34681 0.44764 0.34265 0.43516 0.33955 0.42640 0.33668 0.41356 0.33582 0.40872 0.33598 0.40229 0.33392 0.40427 0.32625 0.41172 0.30785 0.43842 0.29607 0.45395 0.28829 0.47724 0.27955 0.50740 0.26908 0.55428 0.26158 0.59405 0.25923 0.61712 0.25683 0.63489 0.25986 0.64541 0.26371 0.65548 0.27108 0.66500 0.27945 0.66882 0.28710 0.66841 0.29694 0.66251 0.30615 0.64770
4 0.52699 0.41252 0.52513 0.43547 0.52320 0.46591 0.53163 0.48016 0.54867 0.48993 0.56748 0.49324 0.58489 0.49556 0.60248 0.49866 0.61522 0.50091 0.62962 0.50137 0.64064 0.49863 0.64416 0.48574 0.65106 0.45016 0.65673 0.40911 0.66512 0.35803 0.67158 0.29835 0.67368 0.26868 0.67047 0.22832 0.66279 0.19918 0.64622 0.18500 0.63646 0.17651 0.62233 0.17327 0.60904 0.17769 0.59884 0.18415 0.58825 0.19279 0.58086 0.20275 0.57150 0.22213 0.55677 0.25783 0.54371 0.28932 0.53941 0.30658 0.53515 0.33962 0.53084 0.39067 0.52699 0.41252
4 0.53107 0.67016 0.53080 0.68831 0.53073 0.70121 0.53244 0.71091 0.53872 0.71965 0.54371 0.72463 0.55029 0.72755 0.55804 0.72657 0.56253 0.72326 0.56838 0.71783 0.57732 0.70180 0.58372 0.68766 0.58665 0.67937 0.59141 0.67317 0.59435 0.66899 0.59604 0.66635 0.59794 0.65553 0.59898 0.64691 0.60037 0.63483 0.60329 0.62243 0.60780 0.60796 0.61345 0.58841 0.61781 0.56921 0.63220 0.50424 0.63260 0.50196 0.61167 0.50003 0.57137 0.49293 0.54901 0.49075 0.54437 0.51987 0.52936 0.59941 0.52497 0.62153 0.52529 0.62805 0.52486 0.63325 0.52578 0.63635 0.52850 0.64035 0.53083 0.65074 0.53092 0.66132 0.53107 0.67016
