4 0.76233 0.38056 0.75310 0.35832 0.74196 0.35167 0.73209 0.34624 0.72060 0.35960 0.70705 0.36110 0.68589 0.36168 0.67591 0.37417 0.65918 0.40165 0.65454 0.42220 0.66197 0.43049 0.66274 0.45276 0.66222 0.46851 0.66382 0.48982 0.67605 0.52192 0.68245 0.53854 0.70260 0.54629 0.72334 0.53195 0.73722 0.52205 0.74894 0.51821 0.76151 0.46171 0.76193 0.43538 0.76272 0.40593 0.76233 0.38056
4 0.61648 0.35420 0.62873 0.33461 0.63639 0.31233 0.63782 0.28929 0.63333 0.25707 0.62254 0.23043 0.61362 0.21140 0.60042 0.19288 0.58584 0.17421 0.57471 0.16757 0.56752 0.16879 0.55516 0.17783 0.54451 0.21873 0.54070 0.23832 0.53720 0.26110 0.53685 0.28111 0.54116 0.30908 0.54735 0.33305 0.55432 0.35079 0.56733 0.36506 0.57859 0.37066 0.59548 0.37062 0.61648 0.35420
4 0.52234 0.37641 0.53320 0.35665 0.54237 0.33350 0.53926 0.31306 0.53375 0.28917 0.52925 0.26857 0.51990 0.24736 0.51224 0.22954 0.50061 0.21546 0.48727 0.20960 0.46913 0.20842 0.44993 0.23877 0.44535 0.26460 0.44077 0.29042 0.43587 0.32464 0.43879 0.35244 0.44273 0.37192 0.45184 0.38359 0.46506 0.39049 0.48135 0.40093 0.50108 0.39491 0.52234 0.37641
4 0.87944 0.33162 0.86030 0.32715 0.85337 0.32630 0.85580 0.34665 0.85527 0.36242 0.84721 0.39942 0.84236 0.43892 0.84819 0.45441 0.85829 0.48098 0.87718 0.48752 0.89055 0.47017 0.89771 0.45205 0.90664 0.41938 0.91255 0.38845 0.91063 0.36394 0.89731 0.34647 0.87944 0.33162
1 0.42058 0.57395 0.43703 0.54306 0.44106 0.53011 0.43191 0.51189 0.41686 0.50516 0.41908 0.53353 0.42009 0.56175 0.42058 0.57395
4 0.81988 0.31269 0.77925 0.31720 0.75975 0.33276 0.75587 0.35866 0.76196 0.37206 0.76306 0.39753 0.75892 0.42551 0.76127 0.45218 0.77067 0.47867 0.78638 0.49959 0.80999 0.50777 0.82956 0.48590 0.83956 0.45019 0.84757 0.40791 0.85114 0.37879 0.85297 0.34103 0.84526 0.31792 0.81988 0.31269
4 0.63715 0.54669 0.64998 0.51662 0.65954 0.49035 0.66617 0.46474 0.66598 0.44365 0.65693 0.42565 0.64278 0.40914 0.62328 0.39620 0.60514 0.39502 0.59000 0.40372 0.56849 0.42429 0.55984 0.44328 0.55563 0.47759 0.55537 0.51977 0.56003 0.55622 0.57100 0.58712 0.57974 0.60191 0.59720 0.59140 0.61033 0.57611 0.62477 0.56733 0.63715 0.54669
4 0.49642 0.62755 0.51422 0.60864 0.52585 0.58263 0.54468 0.54378 0.55003 0.51172 0.55614 0.47344 0.55819 0.44520 0.55067 0.42632 0.53835 0.41215 0.52305 0.40499 0.50786 0.40841 0.47975 0.41973 0.46278 0.43770 0.45442 0.45989 0.44965 0.49307 0.44854 0.51932 0.45309 0.54521 0.45796 0.57430 0.46528 0.60052 0.47074 0.61912 0.48011 0.62873 0.49642 0.62755
4 0.42258 0.37473 0.43567 0.35897 0.43571 0.33066 0.43788 0.29553 0.42627 0.25742 0.41241 0.22354 0.39771 0.19664 0.37803 0.17878 0.36077 0.18310 0.34585 0.19993 0.32231 0.21699 0.31470 0.21605 0.30661 0.23308 0.28929 0.27985 0.28270 0.33697 0.28570 0.38239 0.30685 0.41974 0.32916 0.42312 0.34495 0.39932 0.36355 0.39452 0.38720 0.39743 0.40712 0.38893 0.42258 0.37473
4 0.41046 0.60697 0.41806 0.57493 0.42124 0.54234 0.42019 0.51777 0.41330 0.50105 0.40266 0.49487 0.37979 0.50549 0.36276 0.50829 0.35312 0.49733 0.33349 0.48820 0.31252 0.48990 0.29946 0.52006 0.29677 0.55515 0.30633 0.58013 0.33146 0.58749 0.35483 0.59281 0.37287 0.61152 0.39024 0.62586 0.41046 0.60697
4 0.28286 0.52595 0.28552 0.50430 0.29070 0.47867 0.28902 0.45587 0.27765 0.43250 0.25953 0.41438 0.23790 0.40502 0.22324 0.40505 0.20711 0.41711 0.19724 0.43117 0.18715 0.44703 0.17678 0.45858 0.17401 0.46129 0.16428 0.45765 0.15605 0.47496 0.15500 0.49683 0.15296 0.51672 0.17463 0.55236 0.19596 0.57086 0.22391 0.57185 0.24874 0.55536 0.26607 0.53672 0.28286 0.52595
1 0.36503 0.38024 0.37677 0.37535 0.37846 0.37780 0.38004 0.37910 0.38324 0.37726 0.38502 0.37488 0.38887 0.37200 0.39420 0.37302 0.39899 0.37435 0.40479 0.37581 0.41083 0.37506 0.41657 0.37279 0.42102 0.36887 0.42782 0.36785 0.43585 0.35728 0.43522 0.32778 0.43741 0.30012 0.42790 0.29672 0.42199 0.30419 0.41094 0.30953 0.40211 0.31478 0.38937 0.32737 0.37898 0.34322 0.37043 0.35633 0.36336 0.36738 0.36026 0.37667 0.36503 0.38024
