2 0.31782 0.54532 0.31450 0.51883 0.31017 0.51279 0.29972 0.50327 0.28842 0.50181 0.27601 0.50028 0.26431 0.49448 0.25764 0.49048 0.25064 0.48811 0.25212 0.50266 0.25212 0.51882 0.25851 0.53842 0.26945 0.55012 0.27608 0.57134 0.28075 0.57578 0.28972 0.57020 0.30265 0.56578 0.31355 0.56188 0.31782 0.54532
4 0.29229 0.67828 0.32122 0.69858 0.33199 0.70541 0.35018 0.69319 0.35892 0.66136 0.36703 0.62306 0.37062 0.59266 0.37102 0.55731 0.36819 0.51702 0.36412 0.46388 0.35877 0.42350 0.35075 0.38625 0.32728 0.35490 0.30378 0.34925 0.28501 0.35342 0.26225 0.37514 0.24574 0.38741 0.22005 0.42027 0.21242 0.44412 0.21037 0.47937 0.21210 0.50195 0.21291 0.55179 0.21523 0.58240 0.22385 0.62607 0.23084 0.64400 0.25734 0.66099 0.27076 0.66468 0.29229 0.67828
4 1.00000 0.24617 0.98332 0.23480 0.96647 0.23260 0.94933 0.23845 0.93721 0.24604 0.92769 0.27623 0.92298 0.31465 0.91717 0.35943 0.92750 0.40321 0.94784 0.42639 0.98369 0.41802 1.00000 0.39770 1.00000 0.24617
4 0.64107 0.34402 0.63289 0.33568 0.61816 0.32071 0.60982 0.31720 0.59285 0.31821 0.57544 0.33206 0.56255 0.36214 0.54390 0.41131 0.53892 0.49931 0.53969 0.50762 0.53789 0.53486 0.53858 0.56380 0.55453 0.59166 0.57561 0.61813 0.59889 0.63018 0.61243 0.63066 0.63852 0.61066 0.64629 0.58202 0.65467 0.53572 0.66297 0.49263 0.66064 0.46202 0.65797 0.41690 0.65301 0.38943 0.64107 0.34402
4 0.53283 0.60697 0.53892 0.49931 0.53416 0.44794 0.52575 0.39783 0.51046 0.35070 0.49643 0.31646 0.47268 0.31724 0.45752 0.31510 0.43886 0.31606 0.42167 0.32351 0.40078 0.34042 0.37890 0.36056 0.36336 0.39377 0.35863 0.42287 0.35877 0.42350 0.36412 0.46388 0.36819 0.51702 0.37102 0.55731 0.37062 0.59266 0.39360 0.61818 0.41391 0.64301 0.43978 0.65354 0.46244 0.65917 0.48133 0.67590 0.49948 0.66529 0.51898 0.64024 0.53283 0.60697
4 0.22385 0.62607 0.23084 0.64400 0.25734 0.66099 0.27076 0.66468 0.29229 0.67828 0.32122 0.69858 0.33199 0.70541 0.35018 0.69319 0.35892 0.66136 0.36703 0.62306 0.36135 0.47565 0.35687 0.43374 0.35863 0.42287 0.35075 0.38625 0.32728 0.35490 0.30378 0.34925 0.28501 0.35342 0.26225 0.37514 0.24574 0.38741 0.22005 0.42027 0.21242 0.44412 0.21037 0.47937 0.21210 0.50195 0.21291 0.55179 0.21523 0.58240 0.22385 0.62607
4 0.77969 0.34501 0.76559 0.31237 0.74930 0.29413 0.72950 0.27898 0.70714 0.28943 0.67942 0.33184 0.66049 0.38905 0.65768 0.44517 0.66320 0.48073 0.66192 0.51765 0.67584 0.55511 0.69779 0.58157 0.72443 0.59374 0.75330 0.59157 0.76774 0.56633 0.77943 0.52176 0.78349 0.47852 0.78698 0.42722 0.78827 0.39029 0.77969 0.34501
4 0.52575 0.39783 0.51046 0.35070 0.49643 0.31646 0.47268 0.31724 0.45752 0.31510 0.43886 0.31606 0.42167 0.32351 0.40078 0.34042 0.37890 0.36056 0.36336 0.39377 0.35863 0.42287 0.35877 0.42350 0.36412 0.46388 0.36819 0.51702 0.37102 0.55731 0.37062 0.59266 0.39360 0.61818 0.41391 0.64301 0.43978 0.65354 0.46244 0.65917 0.48133 0.67590 0.49948 0.66529 0.51898 0.64024 0.53283 0.60697 0.53858 0.56380 0.53969 0.50762 0.53416 0.44794 0.52575 0.39783
4 0.21523 0.58240 0.22385 0.62607 0.23084 0.64400 0.25734 0.66099 0.27076 0.66468 0.29229 0.67828 0.32122 0.69858 0.33199 0.70541 0.35018 0.69319 0.35892 0.66136 0.36703 0.62306 0.36135 0.47565 0.35687 0.43374 0.35863 0.42287 0.35075 0.38625 0.32728 0.35490 0.30378 0.34925 0.28501 0.35342 0.26225 0.37514 0.24574 0.38741 0.22005 0.42027 0.21242 0.44412 0.21037 0.47937 0.21210 0.50195 0.21291 0.55179 0.21523 0.58240
4 0.90595 0.31728 0.88497 0.28763 0.83953 0.27960 0.81519 0.29804 0.79394 0.34873 0.78827 0.39029 0.78880 0.47227 0.80829 0.49546 0.82787 0.51700 0.85555 0.52441 0.86839 0.52003 0.89634 0.49531 0.91460 0.45737 0.91894 0.43021 0.91989 0.40294 0.91717 0.35943 0.90595 0.31728
