4 0.27066 0.68487 0.27881 0.69884 0.28754 0.70932 0.30092 0.72328 0.31431 0.72940 0.32769 0.73026 0.34515 0.72677 0.36377 0.71193 0.38879 0.68575 0.39926 0.66393 0.40916 0.63948 0.41497 0.60807 0.41964 0.58014 0.42196 0.55220 0.42313 0.52515 0.41730 0.50507 0.41265 0.49197 0.40916 0.47189 0.40800 0.45444 0.40566 0.43350 0.40218 0.41865 0.39635 0.40556 0.38937 0.39684 0.38122 0.38549 0.37133 0.37501 0.36377 0.37152 0.35272 0.36541 0.34224 0.36366 0.33351 0.36366 0.32711 0.36628 0.31256 0.37414 0.30441 0.37938 0.29510 0.38810 0.28579 0.39945 0.27997 0.41603 0.27706 0.43523 0.27241 0.45881 0.26834 0.47539 0.26368 0.49284 0.25728 0.51903 0.25437 0.53300 0.24622 0.56181 0.25030 0.59410 0.25844 0.64560 0.26368 0.66654 0.27066 0.68487
1 0.14496 0.49427 0.14415 0.50133 0.14626 0.50620 0.14918 0.50742 0.15470 0.50718 0.15844 0.50133 0.16347 0.49890 0.17322 0.49865 0.18133 0.50060 0.18669 0.50304 0.18946 0.50912 0.19546 0.51302 0.19887 0.50839 0.19936 0.49865 0.20066 0.48744 0.20163 0.47892 0.20294 0.47015 0.20472 0.45529 0.20472 0.45505 0.20083 0.46040 0.19628 0.46527 0.18686 0.46674 0.17760 0.46601 0.16851 0.46162 0.16282 0.45748 0.16023 0.45187 0.15730 0.44822 0.15389 0.44822 0.15064 0.44993 0.15113 0.45968 0.15016 0.47015 0.14772 0.48257 0.14496 0.49427
1 0.81897 0.35023 0.82091 0.34827 0.82205 0.35193 0.82221 0.35559 0.82335 0.35899 0.82400 0.35948 0.82497 0.35997 0.82708 0.36021 0.82968 0.35680 0.83407 0.35632 0.83520 0.36021 0.83536 0.36557 0.83471 0.36947 0.83504 0.37507 0.83602 0.37702 0.83602 0.37482 0.83780 0.36362 0.83926 0.36411 0.84072 0.36630 0.84154 0.37142 0.84154 0.37580 0.84251 0.37970 0.84479 0.37629 0.84576 0.36947 0.84820 0.36898 0.84917 0.37386 0.85096 0.37872 0.85161 0.37288 0.85047 0.36752 0.85225 0.36216 0.85128 0.35728 0.85339 0.35290 0.85583 0.34974 0.85404 0.34462 0.84982 0.34194 0.84397 0.34194 0.83731 0.34437 0.83342 0.34682 0.82822 0.34755 0.82335 0.34730 0.82286 0.34364 0.82302 0.33902 0.82238 0.33342 0.81913 0.33122 0.81783 0.33391 0.81653 0.34121 0.81620 0.34584 0.81685 0.34949 0.81897 0.35023
1 0.26508 0.55412 0.26696 0.55353 0.26844 0.55118 0.26837 0.54836 0.26712 0.54508 0.26508 0.54319 0.26195 0.54214 0.25960 0.54237 0.25709 0.54132 0.25521 0.54167 0.25388 0.54366 0.25388 0.54637 0.25662 0.55071 0.25913 0.55153 0.25975 0.55177 0.26288 0.55247 0.26508 0.55412
2 0.28146 0.57010 0.28594 0.57858 0.29549 0.58267 0.30660 0.58237 0.31166 0.57565 0.31965 0.56775 0.32667 0.56133 0.33680 0.55928 0.34382 0.57127 0.34654 0.58559 0.35103 0.59553 0.35668 0.60488 0.36331 0.61395 0.37071 0.61774 0.37850 0.62008 0.38864 0.61687 0.39819 0.60400 0.40169 0.58881 0.40092 0.56513 0.40462 0.54058 0.40852 0.52245 0.41027 0.50607 0.41085 0.49585 0.41027 0.48620 0.40949 0.47948 0.40793 0.47334 0.40754 0.46486 0.40598 0.45727 0.40150 0.44469 0.39975 0.43505 0.39039 0.42891 0.38123 0.42715 0.36661 0.43329 0.34850 0.44118 0.33349 0.44294 0.31172 0.43066 0.29642 0.42627 0.28678 0.43027 0.27706 0.43523 0.27405 0.44557 0.26411 0.48649 0.26135 0.50507 0.25671 0.52508 0.25125 0.55285 0.26119 0.55314 0.27249 0.55577 0.27697 0.56191 0.28146 0.57010
1 0.33245 0.45942 0.33048 0.45166 0.32777 0.44574 0.32580 0.44501 0.32087 0.44390 0.32038 0.45313 0.32235 0.46534 0.32678 0.46608 0.33245 0.45942
2 0.24897 0.53720 0.25143 0.53461 0.25882 0.51391 0.26375 0.48618 0.26596 0.47288 0.26621 0.46549 0.25833 0.47879 0.25488 0.49580 0.25241 0.51572 0.24897 0.53720
2 0.88646 0.69116 0.89051 0.68508 0.89458 0.68069 0.89750 0.67484 0.89977 0.66851 0.89848 0.66705 0.89441 0.67217 0.89100 0.67362 0.88727 0.66875 0.88434 0.66412 0.88012 0.65706 0.87866 0.65730 0.87493 0.66193 0.87249 0.66973 0.86876 0.67631 0.86226 0.68557 0.85885 0.69409 0.86210 0.69652 0.87038 0.69385 0.87850 0.69312 0.88646 0.69116
1 0.30781 0.46903 0.31249 0.47901 0.31077 0.49270 0.30732 0.50267 0.30042 0.51191 0.29574 0.52559 0.29574 0.53262 0.30017 0.53187 0.30535 0.52929 0.31027 0.52152 0.31495 0.51080 0.31742 0.49491 0.31890 0.48604 0.31422 0.46903 0.30707 0.45462 0.30288 0.45351 0.30017 0.46238 0.30116 0.46977 0.30781 0.46903
1 0.29869 0.43650 0.30288 0.43096 0.29919 0.42985 0.29598 0.42837 0.29081 0.43466 0.28958 0.43872 0.29376 0.43946 0.29869 0.43650
2 0.59751 0.48581 0.59076 0.44110 0.60035 0.39692 0.60531 0.38521 0.62448 0.39000 0.66280 0.40118 0.67096 0.40703 0.65286 0.37562 0.63335 0.36392 0.59680 0.34582 0.56060 0.33464 0.53611 0.32932 0.52157 0.33837 0.52760 0.37243 0.52263 0.42300 0.51731 0.45440 0.50737 0.47145 0.48750 0.48262 0.47082 0.50178 0.46266 0.53053 0.46230 0.55927 0.47082 0.58748 0.48431 0.61090 0.50737 0.63006 0.52441 0.63325 0.55208 0.62527 0.56557 0.62048 0.57977 0.63166 0.58083 0.65987 0.57480 0.67637 0.56876 0.69713 0.56841 0.72056 0.56947 0.74663 0.59254 0.74450 0.62163 0.74185 0.63512 0.73865 0.63335 0.73386 0.64754 0.72694 0.66742 0.72108 0.67238 0.71257 0.68126 0.69926 0.68019 0.67851 0.67557 0.65082 0.67806 0.62793 0.68161 0.62048 0.69190 0.61995 0.70077 0.62527 0.69474 0.56140 0.68480 0.47038 0.67167 0.49486 0.64151 0.51615 0.61809 0.51509 0.59751 0.48581
2 0.70822 0.64603 0.72703 0.62527 0.76394 0.59120 0.81326 0.57151 0.83597 0.56087 0.85620 0.55607 0.87572 0.56300 0.88317 0.57417 0.88920 0.59813 0.88214 0.63720 0.85098 0.71619 0.87806 0.70234 0.91436 0.67403 0.93324 0.64028 0.93888 0.61271 0.93835 0.58205 0.92557 0.55597 0.91791 0.52840 0.91230 0.48470 0.91486 0.45787 0.90258 0.42108 0.88370 0.37275 0.86784 0.34061 0.85354 0.32602 0.83615 0.31606 0.82033 0.31378 0.81419 0.32602 0.81316 0.34827 0.81163 0.37047 0.81163 0.38659 0.80397 0.41033 0.79783 0.41491 0.78966 0.41726 0.78097 0.40421 0.77383 0.39117 0.77330 0.37047 0.76564 0.36051 0.75542 0.37201 0.75542 0.39575 0.75542 0.42338 0.74417 0.44712 0.73395 0.45707 0.72579 0.46398 0.71404 0.46708 0.68764 0.47730 0.69367 0.54756 0.70042 0.60770 0.70538 0.63965 0.70822 0.64603
4 0.08736 0.58187 0.09260 0.60108 0.10249 0.61854 0.11413 0.62901 0.12461 0.63512 0.13624 0.64123 0.15021 0.64647 0.16941 0.64909 0.19211 0.64385 0.21538 0.62552 0.23168 0.60108 0.24448 0.57053 0.25204 0.53823 0.26135 0.50507 0.27008 0.46491 0.27706 0.43523 0.28114 0.40556 0.27823 0.37938 0.27183 0.33573 0.27008 0.32700 0.26252 0.31565 0.25262 0.30692 0.23925 0.29732 0.23168 0.29296 0.21538 0.28336 0.20316 0.27725 0.18629 0.27463 0.17174 0.27463 0.15719 0.27638 0.14730 0.28249 0.13624 0.28773 0.12402 0.29732 0.11646 0.30605 0.10540 0.32264 0.09551 0.34446 0.08969 0.36105 0.08620 0.38112 0.08445 0.40207 0.08154 0.41429 0.08154 0.43350 0.08154 0.44833 0.07980 0.47189 0.08038 0.49110 0.08038 0.51292 0.08038 0.52515 0.08038 0.53998 0.08271 0.55918 0.08736 0.58187
1 0.59126 0.57853 0.59451 0.57631 0.59667 0.57407 0.59843 0.57001 0.59857 0.56534 0.60209 0.55925 0.60398 0.55479 0.60710 0.55053 0.61549 0.54402 0.61914 0.54383 0.62130 0.54261 0.62550 0.54139 0.62821 0.54362 0.62861 0.54890 0.62983 0.55742 0.63023 0.55885 0.63159 0.56453 0.63348 0.56798 0.63619 0.57163 0.63795 0.57631 0.63822 0.58260 0.63687 0.58849 0.63565 0.59254 0.63457 0.59559 0.63822 0.59944 0.64296 0.59904 0.64999 0.59681 0.65487 0.59355 0.65785 0.58828 0.65825 0.57915 0.65676 0.57285 0.65284 0.56961 0.65189 0.56291 0.65108 0.55844 0.64973 0.55255 0.64973 0.54626 0.65216 0.54180 0.65297 0.53448 0.65419 0.52718 0.65595 0.52089 0.65676 0.51642 0.65690 0.51561 0.65785 0.51438 0.65162 0.51743 0.64661 0.51926 0.63836 0.52353 0.63065 0.52759 0.62564 0.53063 0.61982 0.53570 0.61454 0.53895 0.61035 0.54037 0.60642 0.54261 0.60385 0.54484 0.60060 0.54829 0.59735 0.55255 0.59667 0.55621 0.59478 0.56148 0.59288 0.56474 0.59126 0.56839 0.58964 0.57245 0.58842 0.57549 0.58855 0.57813 0.59126 0.57853
4 0.78285 0.74105 0.80659 0.73895 0.84150 0.72849 0.86734 0.71801 0.88759 0.70230 0.90993 0.68554 0.92879 0.66040 0.93996 0.63316 0.94066 0.60069 0.93646 0.57660 0.92390 0.54727 0.91691 0.52109 0.91482 0.49490 0.91412 0.46662 0.91203 0.44358 0.90156 0.41739 0.89247 0.39226 0.88200 0.37131 0.87432 0.35141 0.86454 0.33360 0.84918 0.32104 0.83103 0.31056 0.81008 0.30322 0.78704 0.29380 0.75910 0.29171 0.73676 0.29590 0.70952 0.30637 0.68508 0.32208 0.67042 0.34407 0.66413 0.37131 0.66553 0.39017 0.67391 0.41320 0.67671 0.42683 0.68160 0.44986 0.68788 0.46872 0.68648 0.48862 0.69067 0.50957 0.69416 0.53575 0.69626 0.55984 0.69695 0.58394 0.70045 0.61117 0.70324 0.63422 0.70604 0.66459 0.71511 0.69811 0.73047 0.72324 0.75492 0.73581 0.78285 0.74105
4 0.42533 0.44986 0.42323 0.47710 0.42253 0.49909 0.42313 0.52515 0.42196 0.55220 0.41964 0.58014 0.42253 0.60384 0.42742 0.63735 0.43091 0.65726 0.43789 0.68030 0.44627 0.70963 0.46023 0.73895 0.47071 0.75152 0.48956 0.75886 0.49934 0.75990 0.51889 0.76096 0.53495 0.76305 0.54962 0.75990 0.57057 0.74943 0.59152 0.74629 0.61665 0.74943 0.64179 0.74733 0.66134 0.73791 0.68997 0.71173 0.69905 0.68973 0.70883 0.65307 0.70254 0.62168 0.69974 0.60801 0.69694 0.57451 0.69349 0.53789 0.68997 0.50225 0.68646 0.48545 0.68789 0.46875 0.68299 0.44358 0.67671 0.42683 0.66763 0.40169 0.65575 0.37760 0.64598 0.37026 0.62503 0.35560 0.60897 0.34407 0.59081 0.33465 0.56358 0.31789 0.54962 0.31266 0.53146 0.30637 0.51331 0.30218 0.49934 0.29590 0.48607 0.29484 0.47141 0.30322 0.46094 0.31685 0.45256 0.33046 0.44906 0.34407 0.44627 0.35560 0.44418 0.37131 0.43719 0.39121 0.42742 0.42892 0.42533 0.44986
1 0.72223 0.60438 0.72067 0.61257 0.71892 0.62017 0.72320 0.62163 0.72905 0.61754 0.73392 0.61433 0.73607 0.60672 0.73880 0.59591 0.74113 0.58538 0.74074 0.57077 0.73899 0.55820 0.73529 0.54680 0.72983 0.53511 0.72496 0.52897 0.71736 0.51990 0.71463 0.51318 0.71463 0.50471 0.71443 0.50178 0.71346 0.49652 0.71346 0.49067 0.70956 0.48483 0.70664 0.47898 0.70021 0.47489 0.69865 0.47431 0.70450 0.48483 0.70801 0.49243 0.70956 0.50062 0.70878 0.50938 0.70645 0.51289 0.70216 0.51172 0.69651 0.51260 0.69378 0.52107 0.69748 0.52370 0.70177 0.53014 0.70528 0.53394 0.70801 0.54095 0.71619 0.54972 0.72106 0.55265 0.72477 0.55615 0.72691 0.56287 0.73081 0.56580 0.73432 0.57136 0.73490 0.58070 0.73432 0.58393 0.73100 0.58422 0.72749 0.58509 0.72555 0.59064 0.72457 0.59679 0.72223 0.60438
1 0.89147 0.45294 0.89322 0.45615 0.89712 0.45674 0.90471 0.45645 0.90491 0.46316 0.90433 0.47164 0.90335 0.48246 0.90277 0.49649 0.90335 0.50409 0.90374 0.51286 0.90452 0.52251 0.90706 0.53303 0.91095 0.54355 0.91387 0.55145 0.92050 0.55700 0.92284 0.55350 0.92089 0.54530 0.91660 0.53332 0.91368 0.51929 0.91134 0.50263 0.91154 0.48977 0.91173 0.47749 0.91407 0.46463 0.91563 0.45674 0.91583 0.44855 0.91524 0.44065 0.91212 0.43276 0.90959 0.43188 0.90686 0.43773 0.90530 0.44329 0.90102 0.44826 0.89419 0.45265 0.89147 0.45294
