4 0.00000 0.44871 0.00839 0.70139 0.00680 0.70335 0.02378 0.69330 0.03993 0.67513 0.05254 0.65205 0.06181 0.62909 0.06671 0.60125 0.07381 0.56452 0.08026 0.53286 0.08675 0.50245 0.08437 0.48241 0.08526 0.45974 0.08363 0.43716 0.07199 0.41618 0.05793 0.39781 0.04648 0.38186 0.02261 0.37138 0.00564 0.36568 0.00000 0.36420 0.00000 0.44871
2 0.58615 0.60526 0.58928 0.63166 0.58044 0.67966 0.58419 0.73896 0.63140 0.74063 0.67252 0.71556 0.69087 0.68423 0.70503 0.65523 0.70642 0.63198 0.69911 0.61236 0.69587 0.56167 0.68817 0.51003 0.68117 0.45726 0.67067 0.49408 0.64011 0.50508 0.60608 0.47976 0.61061 0.46194 0.61898 0.42741 0.61442 0.40216 0.60622 0.37815 0.59886 0.35743 0.58055 0.33929 0.56041 0.33226 0.51697 0.33267 0.52792 0.37205 0.52136 0.43745 0.50137 0.47680 0.46834 0.50114 0.46105 0.54558 0.48195 0.59564 0.50448 0.62910 0.52714 0.62389 0.55808 0.60293 0.58615 0.60526
1 0.75052 0.55611 0.74504 0.54139 0.73527 0.52629 0.72526 0.51438 0.71692 0.49923 0.71659 0.48965 0.71257 0.47648 0.70516 0.46768 0.69763 0.46581 0.69931 0.47321 0.70546 0.48631 0.70620 0.49747 0.70101 0.50138 0.69699 0.50845 0.70537 0.52466 0.72010 0.53960 0.72813 0.56594 0.72830 0.59098 0.72383 0.60551 0.72304 0.61353 0.73681 0.61092 0.74689 0.59458 0.75194 0.57630 0.75052 0.55611
2 0.84505 0.54482 0.86255 0.54549 0.87741 0.55583 0.89067 0.56943 0.89206 0.60901 0.88327 0.63808 0.87257 0.67360 0.85973 0.69642 0.85132 0.71206 0.89217 0.68570 0.92104 0.65785 0.93360 0.63888 0.93869 0.61377 0.94006 0.59200 0.93300 0.56092 0.92458 0.53949 0.91485 0.49253 0.91196 0.45875 0.91378 0.43760 0.89584 0.38773 0.87310 0.34699 0.85782 0.32451 0.84756 0.31145 0.82894 0.30315 0.81178 0.29991 0.79324 0.29417 0.80617 0.31033 0.80079 0.32714 0.80023 0.34761 0.80732 0.36782 0.80537 0.38514 0.79652 0.40015 0.78641 0.40370 0.77879 0.39310 0.77304 0.37477 0.76954 0.36019 0.75816 0.35164 0.75166 0.36082 0.75349 0.38887 0.75557 0.41181 0.74997 0.43438 0.74275 0.44741 0.72843 0.45238 0.71821 0.45274 0.69551 0.46184 0.68783 0.46988 0.69047 0.52518 0.69877 0.56964 0.70656 0.59919 0.70961 0.63583 0.71638 0.64454 0.74283 0.62061 0.77569 0.58495 0.81031 0.56329 0.83290 0.55100 0.84505 0.54482
1 0.17745 0.51450 0.18508 0.51845 0.19512 0.52441 0.20061 0.52071 0.20059 0.51334 0.20089 0.49508 0.20129 0.47997 0.20242 0.47186 0.20243 0.46554 0.19918 0.47302 0.19204 0.47644 0.18385 0.47672 0.17140 0.47540 0.16490 0.47036 0.15982 0.46562 0.15608 0.45909 0.15032 0.46174 0.15011 0.46913 0.15045 0.47894 0.14983 0.48773 0.14717 0.49871 0.14655 0.50786 0.14653 0.51418 0.14952 0.51898 0.15799 0.51377 0.16562 0.51105 0.17745 0.51450
1 0.25654 0.54912 0.25461 0.54777 0.25725 0.55356 0.25831 0.55678 0.26277 0.56048 0.26764 0.56031 0.27114 0.55552 0.26798 0.55076 0.26465 0.54843 0.26248 0.54851 0.25970 0.55023 0.25654 0.54912
4 0.35627 0.72571 0.36933 0.71519 0.39279 0.69047 0.40002 0.68142 0.41162 0.65335 0.41807 0.62167 0.42032 0.59016 0.42421 0.55732 0.41972 0.52478 0.41337 0.51116 0.40764 0.49124 0.40280 0.44865 0.40311 0.43355 0.39919 0.41733 0.38856 0.40135 0.37481 0.39178 0.36604 0.38076 0.35065 0.37249 0.33711 0.36919 0.31951 0.36981 0.30059 0.38053 0.29085 0.38968 0.28128 0.40384 0.27523 0.42292 0.27501 0.44054 0.27214 0.45447 0.26676 0.46849 0.26384 0.48117 0.25767 0.49648 0.25347 0.52052 0.25162 0.53945 0.24906 0.56218 0.24976 0.58227 0.25341 0.61485 0.25923 0.63729 0.26703 0.66845 0.27284 0.69089 0.28175 0.70567 0.29669 0.72527 0.31967 0.73453 0.34551 0.72986 0.35627 0.72571
2 0.35253 0.59641 0.36131 0.61139 0.37626 0.62250 0.39101 0.61398 0.40178 0.60269 0.41041 0.57182 0.41322 0.55499 0.41664 0.55559 0.42320 0.54882 0.41912 0.52930 0.41361 0.51058 0.40808 0.49112 0.40538 0.46937 0.40048 0.45427 0.39702 0.43837 0.38469 0.43298 0.36859 0.43063 0.35335 0.43917 0.32380 0.44093 0.31310 0.44057 0.30321 0.43509 0.29683 0.43313 0.28894 0.42977 0.27776 0.42943 0.27463 0.43682 0.27135 0.45440 0.26359 0.48233 0.25973 0.49702 0.25455 0.51540 0.25250 0.55404 0.25848 0.55821 0.26777 0.56007 0.27529 0.56708 0.28606 0.58344 0.29552 0.59039 0.31326 0.58395 0.32829 0.56959 0.33786 0.56563 0.34756 0.57911 0.35253 0.59641
1 0.62633 0.54048 0.62832 0.54125 0.63437 0.55367 0.63924 0.56446 0.64115 0.57071 0.64036 0.58043 0.63858 0.58555 0.63713 0.59233 0.65104 0.59648 0.65693 0.58827 0.66147 0.58138 0.66128 0.57590 0.66053 0.57046 0.65573 0.55377 0.65357 0.54037 0.65471 0.52475 0.65469 0.51590 0.64820 0.51528 0.63705 0.52578 0.62736 0.52991 0.62267 0.53219 0.61946 0.53693 0.61202 0.54098 0.59768 0.55665 0.59213 0.56695 0.59130 0.57540 0.59891 0.57598 0.60515 0.55343 0.61088 0.54860 0.61944 0.54451 0.62633 0.54048
1 0.74928 0.49550 0.74649 0.49702 0.74485 0.49646 0.74306 0.49572 0.74642 0.50270 0.74966 0.51011 0.75180 0.51715 0.75312 0.52380 0.75537 0.52615 0.75475 0.52029 0.75733 0.52040 0.75443 0.51096 0.75330 0.50186 0.74928 0.49550
1 0.83081 0.34690 0.83123 0.34941 0.83089 0.35903 0.83371 0.35286 0.83603 0.35177 0.83919 0.35520 0.84626 0.35495 0.85304 0.35623 0.85356 0.34206 0.84942 0.32957 0.84525 0.32618 0.83320 0.32862 0.83058 0.33073 0.82636 0.33543 0.81858 0.33469 0.81598 0.32770 0.81514 0.32318 0.81204 0.32127 0.80958 0.31832 0.81048 0.33447 0.80633 0.35078 0.80720 0.35631 0.80945 0.34360 0.81326 0.33690 0.81622 0.34437 0.81982 0.35082 0.82455 0.35116 0.82696 0.34299 0.83081 0.34690
1 0.92146 0.53889 0.92198 0.53034 0.91829 0.51779 0.91366 0.50625 0.91130 0.49000 0.91008 0.47811 0.90877 0.46401 0.91052 0.45347 0.91337 0.44679 0.91296 0.43974 0.90696 0.43556 0.90171 0.43404 0.89728 0.43760 0.88921 0.43935 0.89293 0.44336 0.89775 0.44173 0.90310 0.44130 0.90375 0.45053 0.90314 0.46567 0.90258 0.47763 0.90256 0.49104 0.90337 0.50491 0.90639 0.51699 0.90916 0.52640 0.91331 0.53357 0.91689 0.53831 0.92146 0.53889
4 0.10886 0.63122 0.11931 0.64217 0.12971 0.65187 0.14669 0.65757 0.16353 0.65949 0.17848 0.65520 0.19330 0.64713 0.21782 0.62867 0.22819 0.61322 0.24226 0.58380 0.24910 0.56344 0.25598 0.52043 0.26384 0.48117 0.26764 0.46972 0.27426 0.44308 0.27774 0.42283 0.27471 0.38395 0.27247 0.36768 0.26656 0.34273 0.25686 0.32924 0.24178 0.30587 0.23156 0.30120 0.21462 0.29675 0.19769 0.29231 0.17745 0.28925 0.16237 0.28977 0.14490 0.29416 0.12594 0.30362 0.11214 0.31668 0.10332 0.32831 0.09630 0.34365 0.09189 0.36141 0.08668 0.38046 0.08355 0.41075 0.08147 0.42340 0.08305 0.46862 0.08366 0.48620 0.08476 0.51761 0.08462 0.53774 0.08440 0.55535 0.08788 0.58290 0.09070 0.59160 0.09903 0.61395 0.10886 0.63122
4 0.94220 0.59331 0.93092 0.55849 0.92070 0.52992 0.91638 0.50240 0.91171 0.46483 0.91419 0.43959 0.90753 0.41719 0.89748 0.39365 0.88400 0.36770 0.87496 0.34916 0.86151 0.32447 0.85098 0.31100 0.82293 0.30067 0.80335 0.29254 0.77386 0.28854 0.74524 0.28577 0.72345 0.28653 0.70361 0.29477 0.68301 0.30555 0.67265 0.32100 0.66201 0.35282 0.65835 0.36804 0.66073 0.38808 0.67065 0.40785 0.67562 0.43032 0.68228 0.45272 0.68629 0.47145 0.68783 0.49152 0.69135 0.52032 0.69593 0.55538 0.70197 0.58409 0.70730 0.61661 0.70734 0.64176 0.70253 0.64821 0.70940 0.67690 0.71875 0.70425 0.74864 0.71955 0.78436 0.73340 0.82625 0.73193 0.86916 0.71157 0.89527 0.69054 0.92610 0.66053 0.93832 0.62615 0.94220 0.59331
1 0.29894 0.43741 0.29710 0.43635 0.29490 0.43502 0.29446 0.43574 0.29142 0.43767 0.28786 0.44090 0.28739 0.44374 0.28768 0.44627 0.29211 0.44696 0.29605 0.44344 0.30009 0.44062 0.30443 0.43849 0.30475 0.43707 0.29894 0.43741
1 0.90261 0.66142 0.90452 0.65550 0.89817 0.66011 0.89221 0.65691 0.88538 0.64301 0.88341 0.64234 0.88159 0.65094 0.87842 0.65788 0.87411 0.66461 0.87085 0.66911 0.86623 0.67658 0.86431 0.68201 0.87015 0.68644 0.87598 0.68112 0.88441 0.68033 0.89149 0.67838 0.89320 0.67125 0.89890 0.66691 0.90261 0.66142
4 0.47876 0.75036 0.50245 0.75582 0.52436 0.75883 0.55695 0.75517 0.58274 0.74924 0.61776 0.74299 0.64686 0.73568 0.66508 0.72876 0.68051 0.71439 0.70169 0.67214 0.70760 0.62540 0.70281 0.58404 0.69512 0.55670 0.69113 0.51406 0.68519 0.48782 0.68466 0.47275 0.68735 0.45381 0.68074 0.43266 0.66514 0.39422 0.64437 0.37607 0.61686 0.35691 0.59627 0.34379 0.56800 0.32718 0.53987 0.31432 0.52294 0.30988 0.49684 0.30702 0.47514 0.31030 0.45380 0.32361 0.43725 0.35438 0.43632 0.37579 0.42732 0.43019 0.42484 0.45543 0.42276 0.49197 0.42298 0.52215 0.42452 0.56612 0.42843 0.60622 0.43456 0.63745 0.44412 0.67107 0.45368 0.70470 0.46294 0.72953 0.47876 0.75036
1 0.32031 0.44430 0.31865 0.44365 0.31887 0.44996 0.31934 0.45662 0.32019 0.46782 0.32199 0.47232 0.32713 0.47214 0.33328 0.46701 0.33440 0.45890 0.33206 0.45231 0.32672 0.44688 0.32031 0.44430
