4 0.22206 0.62204 0.21980 0.63439 0.21873 0.64512 0.21703 0.65872 0.21650 0.67346 0.21781 0.68962 0.22067 0.70454 0.22755 0.72684 0.23478 0.74219 0.24125 0.75544 0.24660 0.75613 0.25926 0.75253 0.26777 0.74660 0.27475 0.73781 0.28194 0.72852 0.28396 0.72078 0.28803 0.71124 0.29318 0.70101 0.29614 0.69626 0.29521 0.69190 0.29405 0.68210 0.29322 0.66811 0.29322 0.65669 0.29385 0.64239 0.29606 0.62548 0.29682 0.61756 0.29891 0.61163 0.29630 0.61082 0.29242 0.60982 0.28740 0.60631 0.28596 0.60526 0.28258 0.60369 0.27888 0.60356 0.27313 0.60524 0.26365 0.61090 0.25898 0.61190 0.25374 0.61165 0.24659 0.60677 0.23805 0.59671 0.23473 0.59832 0.22904 0.60319 0.22448 0.61330 0.22206 0.62204
4 0.31509 0.76189 0.31815 0.76313 0.32500 0.75825 0.33014 0.74535 0.33328 0.73137 0.33821 0.71510 0.34394 0.70132 0.34825 0.69050 0.35303 0.68188 0.35488 0.67501 0.35256 0.65572 0.35156 0.64146 0.35104 0.62825 0.35063 0.61312 0.35124 0.60042 0.35057 0.59372 0.35044 0.59070 0.34617 0.58856 0.34109 0.58621 0.33794 0.58574 0.33556 0.58891 0.32729 0.59905 0.31757 0.60719 0.31351 0.60844 0.30679 0.60797 0.30114 0.60650 0.29840 0.61280 0.29737 0.61986 0.29537 0.63323 0.29345 0.64810 0.29385 0.67276 0.29589 0.69554 0.30182 0.71979 0.30878 0.74419 0.31281 0.75475 0.31509 0.76189
4 0.87156 0.42341 0.87289 0.40333 0.87197 0.38106 0.86964 0.36291 0.86475 0.34225 0.86007 0.32383 0.85453 0.30979 0.85058 0.30072 0.84719 0.29916 0.84159 0.30150 0.83310 0.30825 0.82313 0.31760 0.81711 0.32878 0.81136 0.33761 0.81337 0.36383 0.81484 0.38636 0.81512 0.41637 0.81415 0.42495 0.81564 0.42958 0.82090 0.42921 0.82195 0.42938 0.82598 0.43271 0.83294 0.44036 0.83842 0.44339 0.84683 0.44350 0.85550 0.44356 0.86175 0.44186 0.86965 0.43713 0.87156 0.42341
4 0.72975 0.56918 0.73616 0.58336 0.74482 0.59420 0.75394 0.60718 0.76179 0.61819 0.77048 0.63411 0.77863 0.64157 0.78525 0.65476 0.79471 0.66036 0.80810 0.66449 0.81494 0.66081 0.81922 0.65198 0.81968 0.63920 0.81542 0.62614 0.81173 0.60377 0.80951 0.58838 0.80607 0.56818 0.80298 0.55362 0.79727 0.52278 0.79051 0.50297 0.78478 0.48897 0.77594 0.47531 0.76335 0.46497 0.75236 0.45811 0.74200 0.45428 0.73068 0.45384 0.72108 0.45556 0.71579 0.45764 0.71300 0.46045 0.70812 0.46941 0.70563 0.47565 0.70952 0.47800 0.71573 0.48429 0.71862 0.49288 0.72039 0.50519 0.72324 0.52457 0.72555 0.55040 0.72593 0.56015 0.72975 0.56918
4 0.36687 0.73139 0.36986 0.74262 0.37305 0.75474 0.37609 0.76186 0.37915 0.76623 0.38477 0.76824 0.39279 0.76287 0.40005 0.75539 0.40484 0.74204 0.40762 0.72637 0.40668 0.71333 0.40472 0.70552 0.40555 0.69941 0.40922 0.69086 0.41219 0.68613 0.41422 0.67701 0.41364 0.66709 0.41333 0.65848 0.41468 0.65043 0.40874 0.63113 0.40268 0.61553 0.39824 0.60185 0.39648 0.59354 0.39657 0.58776 0.39769 0.58383 0.40100 0.57853 0.40263 0.57538 0.39679 0.56757 0.39266 0.56297 0.38836 0.55964 0.38129 0.56662 0.37435 0.57130 0.36822 0.57260 0.36666 0.57247 0.35747 0.56941 0.35387 0.57977 0.35084 0.59137 0.35111 0.61278 0.35173 0.64873 0.35416 0.66877 0.35581 0.67938 0.35756 0.68906 0.36035 0.70217 0.36349 0.71840 0.36687 0.73139
4 0.75525 0.39210 0.75681 0.40975 0.75680 0.42609 0.75929 0.43373 0.76600 0.43655 0.76978 0.44196 0.77984 0.45027 0.79007 0.45627 0.79783 0.45887 0.80565 0.45655 0.81158 0.44745 0.81321 0.43665 0.81521 0.40910 0.81477 0.38337 0.81173 0.34643 0.80954 0.32794 0.80513 0.29587 0.80162 0.27832 0.79555 0.25901 0.79040 0.24507 0.78373 0.23734 0.77629 0.23827 0.76744 0.24701 0.76331 0.25737 0.75907 0.27036 0.75111 0.29656 0.74805 0.31715 0.74423 0.33202 0.74245 0.34319 0.74676 0.35730 0.74868 0.36735 0.75272 0.38021 0.75525 0.39210
4 0.65274 0.40748 0.65560 0.41665 0.65998 0.42297 0.66523 0.43342 0.66891 0.43855 0.67421 0.44285 0.68185 0.44806 0.68765 0.45183 0.69212 0.45497 0.69752 0.45901 0.70553 0.45960 0.71346 0.45838 0.72358 0.45531 0.73084 0.45308 0.73792 0.45065 0.74700 0.44849 0.74961 0.44501 0.75297 0.44089 0.75512 0.43383 0.75675 0.42508 0.75730 0.41408 0.75610 0.40277 0.75447 0.38723 0.75049 0.37422 0.74625 0.35787 0.74018 0.34148 0.73447 0.32814 0.72637 0.30855 0.72003 0.29506 0.71087 0.27910 0.70229 0.26730 0.69171 0.25955 0.68190 0.25621 0.67307 0.25831 0.66697 0.26095 0.66033 0.26459 0.65667 0.27615 0.65251 0.29566 0.64962 0.32112 0.64709 0.34519 0.64555 0.36054 0.64571 0.37980 0.64567 0.39091 0.64917 0.39419 0.65070 0.39997 0.65274 0.40748
4 0.55054 0.54473 0.55796 0.54849 0.56676 0.55043 0.59258 0.55102 0.62521 0.54295 0.64863 0.53226 0.66171 0.51959 0.66561 0.50923 0.66658 0.49343 0.66661 0.47324 0.66406 0.46123 0.66078 0.44822 0.65841 0.43464 0.65442 0.42065 0.64806 0.40030 0.63496 0.36503 0.62260 0.33796 0.60633 0.30336 0.59579 0.28124 0.59027 0.27327 0.58224 0.26660 0.57647 0.26099 0.56856 0.25847 0.55801 0.26033 0.54737 0.26412 0.54065 0.27201 0.53653 0.28851 0.53440 0.30722 0.53360 0.31424 0.53065 0.32667 0.53098 0.35096 0.52947 0.37260 0.52924 0.40500 0.53280 0.45525 0.53466 0.48797 0.53902 0.51445 0.54205 0.52751 0.54672 0.53870 0.55054 0.54473
4 0.70293 0.66803 0.71195 0.67334 0.72294 0.67481 0.73053 0.66862 0.73369 0.65958 0.73310 0.64601 0.73217 0.63326 0.73071 0.61682 0.72862 0.58186 0.72731 0.56730 0.72394 0.53110 0.71912 0.49406 0.71451 0.48437 0.71013 0.47808 0.70384 0.47485 0.69428 0.47535 0.68146 0.47846 0.66886 0.48380 0.66758 0.49093 0.66670 0.50596 0.66254 0.51750 0.65491 0.52711 0.64797 0.53278 0.64016 0.53672 0.64718 0.56492 0.65087 0.57632 0.65757 0.59468 0.66446 0.61150 0.67487 0.63060 0.68446 0.64340 0.69126 0.65147 0.69791 0.65995 0.70293 0.66803
4 0.32525 0.59991 0.33619 0.58743 0.34123 0.57279 0.34495 0.56048 0.33782 0.55251 0.32902 0.53879 0.32013 0.52036 0.31660 0.49739 0.31469 0.47136 0.31109 0.45655 0.29326 0.43661 0.27593 0.41048 0.25106 0.38933 0.23530 0.37912 0.22271 0.38383 0.22168 0.40031 0.22909 0.42450 0.23657 0.45544 0.24199 0.47665 0.25109 0.50453 0.25924 0.52585 0.27259 0.56096 0.29217 0.59339 0.30371 0.60721 0.31552 0.60740 0.32525 0.59991
2 0.57428 0.30302 0.58497 0.29938 0.59353 0.29512 0.60323 0.29795 0.60035 0.29039 0.59628 0.28064 0.58975 0.27222 0.58447 0.26790 0.57827 0.26186 0.57094 0.25906 0.56461 0.26013 0.55777 0.26131 0.55120 0.26381 0.54550 0.26529 0.54152 0.27049 0.53901 0.27756 0.53606 0.28936 0.53379 0.30182 0.53368 0.31410 0.53096 0.33047 0.53547 0.31998 0.54294 0.31486 0.55551 0.30809 0.56476 0.30450 0.57428 0.30302
4 0.51397 0.68440 0.51990 0.70122 0.53048 0.71897 0.54413 0.73015 0.55189 0.73208 0.56024 0.73070 0.56771 0.71773 0.57147 0.68983 0.57315 0.67183 0.57212 0.64972 0.57000 0.62740 0.56740 0.60406 0.56580 0.59656 0.56604 0.58905 0.56364 0.57035 0.55835 0.54794 0.55110 0.54591 0.54585 0.53723 0.54165 0.52483 0.53568 0.52760 0.51315 0.53022 0.49447 0.53292 0.47889 0.53420 0.47737 0.53809 0.47537 0.54475 0.47746 0.55337 0.47988 0.57089 0.48439 0.59460 0.49100 0.61948 0.49923 0.63974 0.50305 0.65770 0.50671 0.65889 0.50948 0.66575 0.51397 0.68440
4 0.35911 0.57036 0.36781 0.57271 0.37966 0.56822 0.39067 0.55734 0.39723 0.55005 0.40335 0.54095 0.40842 0.53170 0.41276 0.52256 0.40886 0.51037 0.40673 0.50228 0.40347 0.48698 0.40113 0.47509 0.39811 0.45871 0.39523 0.44197 0.39291 0.42810 0.38507 0.41357 0.38042 0.39959 0.37110 0.38089 0.36538 0.37018 0.35361 0.35167 0.34232 0.33883 0.33186 0.33671 0.32138 0.33704 0.31350 0.34197 0.31120 0.35351 0.30943 0.36778 0.30875 0.39023 0.30837 0.40969 0.30910 0.43527 0.31221 0.45631 0.31612 0.48529 0.32027 0.51762 0.32844 0.53689 0.34149 0.55783 0.35911 0.57036
3 0.46309 0.48485 0.46477 0.48204 0.46707 0.48156 0.47082 0.48021 0.47568 0.48106 0.47857 0.47742 0.48278 0.47521 0.48651 0.47253 0.49093 0.46835 0.49526 0.46612 0.49951 0.46522 0.50416 0.46403 0.50717 0.46264 0.51025 0.45990 0.51183 0.45486 0.51413 0.45018 0.51283 0.44706 0.51080 0.44465 0.51163 0.44088 0.50982 0.44070 0.50779 0.44059 0.50627 0.43880 0.50505 0.43603 0.50389 0.43118 0.50253 0.43186 0.49937 0.43365 0.49969 0.42981 0.50143 0.42320 0.50234 0.41732 0.50455 0.41231 0.50447 0.40892 0.50627 0.40610 0.50873 0.40518 0.51066 0.40176 0.51246 0.40129 0.51208 0.39777 0.51090 0.39347 0.50878 0.38997 0.50597 0.38394 0.50282 0.37855 0.49932 0.37041 0.49639 0.36385 0.49325 0.35546 0.48918 0.34818 0.48570 0.34079 0.48347 0.33976 0.48174 0.34353 0.48317 0.34852 0.48657 0.35557 0.49200 0.36915 0.49517 0.37813 0.49717 0.38640 0.49786 0.39183 0.49237 0.39987 0.48763 0.40741 0.48460 0.41884 0.48369 0.42688 0.48037 0.43902 0.47699 0.45085 0.47478 0.46309 0.47432 0.46808 0.47092 0.47371 0.46712 0.47845 0.46214 0.48375 0.46051 0.48464 0.46309 0.48485
4 0.43320 0.50888 0.43534 0.50857 0.43726 0.50840 0.43939 0.50757 0.44027 0.50650 0.44042 0.50593 0.44198 0.50408 0.44452 0.50366 0.44597 0.50324 0.44711 0.50183 0.44844 0.49926 0.45006 0.49599 0.45196 0.49417 0.45375 0.49214 0.45511 0.49057 0.45660 0.48948 0.45984 0.48552 0.46335 0.48439 0.46670 0.48212 0.46925 0.48044 0.47254 0.48000 0.47495 0.48089 0.47705 0.47992 0.47822 0.47777 0.48085 0.47618 0.49047 0.46930 0.49575 0.46565 0.50052 0.46487 0.50497 0.46379 0.50797 0.46227 0.50972 0.46010 0.51061 0.45825 0.51227 0.45487 0.51379 0.45159 0.51390 0.44813 0.51275 0.44672 0.51104 0.44543 0.51030 0.44471 0.51066 0.44323 0.51143 0.44125 0.51053 0.44106 0.50937 0.44081 0.50701 0.43966 0.50552 0.43754 0.50465 0.43466 0.50423 0.43298 0.50343 0.43213 0.50317 0.43205 0.50260 0.43255 0.50060 0.43323 0.49960 0.43333 0.49956 0.43232 0.49970 0.43102 0.50027 0.42847 0.50075 0.42631 0.50111 0.42434 0.50221 0.41874 0.50321 0.41624 0.50493 0.41193 0.50506 0.41087 0.50491 0.40938 0.50531 0.40726 0.50630 0.40627 0.50773 0.40547 0.50894 0.40469 0.50938 0.40357 0.51043 0.40208 0.51159 0.40221 0.51262 0.40199 0.51329 0.40125 0.51131 0.39392 0.50430 0.38010 0.49573 0.36030 0.48767 0.34421 0.47822 0.32859 0.47025 0.31441 0.45017 0.28870 0.44256 0.28503 0.43425 0.28256 0.42907 0.28366 0.42235 0.28756 0.41970 0.29059 0.41583 0.29458 0.41050 0.29607 0.40672 0.29829 0.40406 0.30238 0.39998 0.31312 0.39781 0.31957 0.39635 0.33046 0.39600 0.34429 0.39559 0.35462 0.39442 0.38343 0.39293 0.39750 0.39347 0.41783 0.39622 0.44406 0.40161 0.47607 0.40727 0.50272 0.41191 0.52008 0.41648 0.52827 0.41831 0.52824 0.42032 0.52362 0.42289 0.51976 0.42325 0.51699 0.42364 0.51409 0.42563 0.51177 0.42786 0.51065 0.43051 0.50946 0.43320 0.50888
4 0.21810 0.55765 0.23878 0.59628 0.24349 0.60289 0.24894 0.60819 0.25466 0.61117 0.26431 0.60988 0.27066 0.60624 0.27531 0.60297 0.28104 0.59642 0.28427 0.58889 0.28610 0.58431 0.27145 0.55850 0.24942 0.50152 0.23202 0.48428 0.22386 0.47345 0.21555 0.46303 0.20880 0.45762 0.20186 0.45490 0.19328 0.45521 0.19115 0.45718 0.18979 0.46395 0.19066 0.46681 0.19104 0.46863 0.19261 0.47362 0.19388 0.47601 0.19569 0.48211 0.19597 0.48586 0.19778 0.49194 0.20015 0.49714 0.20382 0.51197 0.20895 0.53257 0.21810 0.55765
4 0.64370 0.70440 0.64777 0.69658 0.65002 0.68623 0.65075 0.68071 0.65052 0.67566 0.65073 0.66168 0.65026 0.64751 0.64641 0.59744 0.64264 0.56893 0.63866 0.53704 0.63507 0.53932 0.62533 0.54254 0.61857 0.54549 0.58995 0.55083 0.57391 0.55081 0.55969 0.54850 0.57846 0.62186 0.58418 0.64282 0.59531 0.66426 0.61179 0.69597 0.61837 0.70598 0.62853 0.71079 0.63427 0.71086 0.64102 0.70878 0.64370 0.70440
4 0.44233 0.72611 0.44770 0.74025 0.45284 0.75211 0.46303 0.75935 0.47135 0.76151 0.48296 0.75198 0.48523 0.74169 0.48832 0.71554 0.48975 0.69760 0.49359 0.67992 0.49588 0.66727 0.50080 0.65955 0.49189 0.63125 0.48696 0.60680 0.48178 0.58241 0.47916 0.56767 0.47740 0.55197 0.47132 0.54306 0.46518 0.53887 0.45878 0.53710 0.45019 0.53736 0.44357 0.53953 0.43920 0.54245 0.43384 0.54554 0.42565 0.55513 0.42160 0.56069 0.41712 0.56557 0.41201 0.56861 0.40755 0.57128 0.40386 0.57466 0.39657 0.58601 0.39645 0.59780 0.40326 0.61872 0.41516 0.64756 0.42297 0.66826 0.43146 0.69469 0.43632 0.70150 0.43750 0.70831 0.43819 0.71522 0.44233 0.72611
4 0.81982 0.56509 0.82979 0.57178 0.83867 0.57893 0.85320 0.58773 0.86056 0.58771 0.86392 0.58347 0.86445 0.57763 0.86303 0.56891 0.86038 0.55780 0.85811 0.54572 0.85490 0.53406 0.85240 0.52579 0.84908 0.51570 0.84619 0.50904 0.84217 0.49844 0.83895 0.49164 0.83427 0.48205 0.83050 0.47405 0.82616 0.46815 0.82243 0.46586 0.81805 0.46458 0.81455 0.46268 0.81269 0.46154 0.81040 0.45982 0.80771 0.45753 0.80636 0.45672 0.80556 0.45710 0.79767 0.45878 0.79379 0.45785 0.78996 0.45646 0.78437 0.45368 0.78174 0.45446 0.77849 0.45647 0.77611 0.45918 0.77257 0.46258 0.77084 0.46624 0.77044 0.46853 0.77003 0.47082 0.77585 0.47531 0.78478 0.48884 0.79742 0.52337 0.80137 0.54544 0.80320 0.55056 0.80796 0.55638 0.81228 0.56075 0.81982 0.56509
