1 0.84147 0.56900 0.85394 0.57938 0.85886 0.59970 0.85834 0.61533 0.85652 0.63626 0.85424 0.64849 0.85075 0.65742 0.84510 0.66604 0.83343 0.68561 0.83104 0.69077 0.82451 0.70554 0.81907 0.72048 0.81373 0.73072 0.80960 0.74427 0.80808 0.75111 0.81332 0.74556 0.81877 0.74241 0.82597 0.73087 0.82857 0.72416 0.83215 0.70269 0.83823 0.68315 0.85066 0.66606 0.86188 0.64564 0.86972 0.63732 0.87538 0.62478 0.88028 0.60584 0.88156 0.58876 0.88329 0.57645 0.89255 0.56989 0.90107 0.56482 0.90128 0.55151 0.89330 0.54881 0.88205 0.54173 0.87494 0.53681 0.88049 0.51326 0.89477 0.50663 0.90132 0.50363 0.89824 0.48986 0.89071 0.48409 0.88906 0.47207 0.89625 0.46445 0.89525 0.45176 0.88706 0.45453 0.87844 0.46037 0.86679 0.47994 0.86298 0.48725 0.85754 0.49827 0.85340 0.50789 0.84849 0.51113 0.84589 0.51781 0.84545 0.52091 0.84491 0.53259 0.83620 0.55100 0.83884 0.56000 0.84147 0.56900
4 0.33860 0.74162 0.36510 0.74535 0.38225 0.74625 0.40977 0.74249 0.43964 0.74518 0.45849 0.73412 0.47268 0.73307 0.50040 0.71258 0.52028 0.69406 0.55645 0.65192 0.57740 0.62592 0.59516 0.59948 0.60649 0.52645 0.59860 0.47508 0.59005 0.42819 0.57537 0.36368 0.57428 0.34828 0.56553 0.28766 0.56021 0.27167 0.55151 0.25675 0.52118 0.22658 0.49510 0.21227 0.47413 0.20778 0.45040 0.20750 0.41503 0.21319 0.39872 0.20632 0.38407 0.18753 0.35525 0.17737 0.34487 0.17440 0.32157 0.17874 0.29491 0.19173 0.26929 0.20489 0.25235 0.21775 0.22761 0.24777 0.21600 0.27661 0.21349 0.29453 0.20423 0.34501 0.20152 0.37967 0.20240 0.40416 0.21239 0.44059 0.21771 0.45658 0.22135 0.48450 0.22541 0.51707 0.21889 0.54813 0.21933 0.56038 0.22124 0.56978 0.22570 0.57650 0.22741 0.59503 0.23167 0.61085 0.24061 0.63953 0.25038 0.66222 0.26567 0.69179 0.27586 0.71149 0.31105 0.73015 0.33860 0.74162
1 0.41048 0.34320 0.41010 0.33810 0.40998 0.33349 0.40973 0.32863 0.40902 0.32590 0.40801 0.32423 0.40786 0.32421 0.40668 0.32820 0.40613 0.33207 0.40459 0.33755 0.40201 0.34376 0.39967 0.34934 0.39904 0.35495 0.40081 0.36002 0.40440 0.36096 0.40800 0.35752 0.40993 0.34925 0.41048 0.34320
4 0.00000 0.78522 0.00864 0.79122 0.01860 0.79720 0.03747 0.80136 0.05461 0.80226 0.07474 0.79746 0.09740 0.78998 0.11898 0.77474 0.13823 0.75307 0.14393 0.74322 0.16211 0.70617 0.17436 0.68047 0.18365 0.66046 0.19020 0.64463 0.19971 0.62312 0.20752 0.59832 0.21258 0.57770 0.21866 0.53439 0.22242 0.49989 0.21964 0.46599 0.20539 0.42896 0.19309 0.41656 0.18141 0.39970 0.16720 0.38550 0.15913 0.36610 0.14746 0.35683 0.11166 0.34266 0.09470 0.34028 0.07860 0.33955 0.05637 0.35165 0.03606 0.36555 0.01681 0.37961 0.01055 0.38999 0.00000 0.46504 0.00000 0.78522
4 0.86715 0.77023 0.89930 0.72599 0.91999 0.68627 0.93263 0.62711 0.93171 0.57215 0.93101 0.52331 0.92670 0.46939 0.92474 0.42191 0.92217 0.40175 0.89794 0.33589 0.88606 0.32813 0.86401 0.30827 0.83456 0.29500 0.80468 0.29233 0.78328 0.29084 0.76253 0.28488 0.71972 0.27428 0.68434 0.27235 0.65872 0.28551 0.63016 0.30435 0.60668 0.33303 0.59549 0.36650 0.59067 0.40085 0.58647 0.43073 0.59648 0.47479 0.60096 0.50435 0.60333 0.52600 0.60083 0.55916 0.59917 0.58633 0.58628 0.61653 0.57041 0.63714 0.56856 0.67342 0.57094 0.71032 0.57587 0.75212 0.59921 0.79350 0.61895 0.82216 0.65414 0.84082 0.68825 0.84408 0.77888 0.82942 0.81593 0.81177 0.86715 0.77023
1 0.46764 0.53438 0.46794 0.55536 0.46668 0.57087 0.46061 0.58441 0.45425 0.59661 0.44662 0.60796 0.43654 0.62354 0.43255 0.63214 0.42485 0.65068 0.41850 0.66615 0.41415 0.67730 0.41660 0.67962 0.43069 0.66850 0.43141 0.66339 0.43593 0.64440 0.44383 0.63438 0.45129 0.62430 0.45553 0.60724 0.45770 0.59513 0.46387 0.58095 0.46741 0.57228 0.47156 0.55587 0.47337 0.54305 0.47589 0.52507 0.47879 0.51110 0.48241 0.49525 0.48912 0.48049 0.49820 0.46869 0.50384 0.46164 0.51155 0.44964 0.51207 0.43598 0.51289 0.42365 0.51187 0.40783 0.50877 0.40347 0.50567 0.40890 0.50332 0.41250 0.49915 0.42238 0.49614 0.42719 0.48962 0.44067 0.48390 0.45163 0.48327 0.45612 0.48364 0.46993 0.48393 0.47781 0.48285 0.48550 0.47815 0.50249 0.47170 0.51532 0.46764 0.53438
1 0.70370 0.72525 0.70448 0.72076 0.70734 0.71919 0.70883 0.71633 0.70746 0.71395 0.70542 0.71300 0.70280 0.71395 0.70106 0.71634 0.69973 0.71921 0.69736 0.72282 0.69611 0.72615 0.69386 0.73110 0.69229 0.73788 0.69485 0.73846 0.69820 0.73565 0.70178 0.73111 0.70370 0.72525
1 0.09534 0.59695 0.10076 0.59859 0.11144 0.60009 0.12187 0.60186 0.13340 0.60909 0.13588 0.61239 0.13259 0.60602 0.12683 0.60078 0.12116 0.59497 0.11361 0.59066 0.10901 0.58912 0.10153 0.58570 0.09857 0.58294 0.09659 0.58207 0.09445 0.58236 0.08782 0.58349 0.08207 0.58415 0.07378 0.58358 0.06471 0.58850 0.05900 0.59331 0.05720 0.59719 0.07070 0.59495 0.07911 0.59024 0.09069 0.58832 0.09259 0.59419 0.09534 0.59695
1 0.39200 0.38323 0.38620 0.38878 0.38247 0.39038 0.37951 0.39707 0.37775 0.40602 0.38288 0.41594 0.39230 0.41691 0.39899 0.41395 0.40081 0.40643 0.39705 0.39563 0.39645 0.38740 0.39200 0.38323
1 0.77052 0.42056 0.76479 0.43382 0.76246 0.43667 0.75967 0.44037 0.75779 0.44692 0.75717 0.45593 0.75446 0.46372 0.75150 0.47329 0.74778 0.48140 0.74358 0.49307 0.74130 0.50230 0.74145 0.51731 0.74279 0.51476 0.74556 0.51107 0.75097 0.50228 0.75779 0.49735 0.76525 0.49476 0.77793 0.49383 0.78198 0.48802 0.77533 0.48027 0.77165 0.46977 0.76993 0.45227 0.77091 0.43832 0.77602 0.42495 0.78055 0.41107 0.78464 0.39801 0.78797 0.38803 0.79106 0.37756 0.79811 0.36628 0.79945 0.36375 0.80101 0.35944 0.80297 0.35470 0.80252 0.34874 0.80238 0.34055 0.80048 0.33573 0.79903 0.33916 0.79878 0.34548 0.79860 0.34909 0.79445 0.36031 0.79141 0.36352 0.78933 0.36915 0.78626 0.37734 0.78330 0.38692 0.77927 0.39952 0.77625 0.40954 0.77052 0.42056
