4 0.44457 0.60947 0.44508 0.59635 0.43531 0.57177 0.42655 0.53644 0.42486 0.52070 0.42072 0.51476 0.40831 0.52049 0.39472 0.52463 0.38169 0.52553 0.37482 0.51460 0.37100 0.50240 0.36769 0.48884 0.36452 0.47776 0.36062 0.47115 0.35770 0.47486 0.35066 0.48257 0.34402 0.48830 0.33526 0.49947 0.33387 0.50658 0.33742 0.51945 0.34591 0.54183 0.35047 0.55944 0.36051 0.58332 0.36492 0.59046 0.36980 0.60179 0.37482 0.61560 0.38680 0.64094 0.39801 0.65282 0.40323 0.65605 0.40953 0.65842 0.41416 0.65496 0.42690 0.64297 0.43665 0.62664 0.44457 0.60947
4 0.32526 0.67015 0.33777 0.66872 0.35145 0.65341 0.36046 0.63169 0.36571 0.61940 0.36901 0.60383 0.36468 0.58739 0.35515 0.56588 0.34599 0.54613 0.33988 0.52514 0.33360 0.50725 0.33407 0.49972 0.34045 0.49279 0.34681 0.48587 0.34843 0.48179 0.34257 0.47560 0.33670 0.46941 0.32942 0.46229 0.32317 0.45432 0.31833 0.45287 0.31138 0.45125 0.30278 0.45556 0.29457 0.46162 0.28701 0.46883 0.28292 0.48457 0.28321 0.49565 0.28408 0.51530 0.28891 0.54773 0.29150 0.56579 0.29365 0.57586 0.30141 0.60271 0.30923 0.62584 0.31326 0.64481 0.31837 0.66108 0.32526 0.67015
1 0.21474 0.40263 0.21365 0.39172 0.20859 0.38349 0.19670 0.37610 0.19317 0.37312 0.18386 0.37014 0.17523 0.36640 0.16973 0.36387 0.16270 0.36968 0.16226 0.37537 0.16167 0.38230 0.16187 0.38908 0.16041 0.40365 0.15848 0.41398 0.16427 0.41211 0.17348 0.41263 0.18373 0.41418 0.19287 0.42029 0.19938 0.42760 0.20577 0.43242 0.20404 0.42226 0.20369 0.41676 0.21031 0.41288 0.21474 0.40263
4 0.75973 0.48648 0.74905 0.47285 0.74617 0.46925 0.74149 0.47553 0.73842 0.47935 0.72972 0.48332 0.72130 0.48353 0.71461 0.47700 0.71175 0.47020 0.70816 0.46830 0.70373 0.47241 0.70485 0.48598 0.70698 0.49930 0.71023 0.51131 0.71601 0.53184 0.72255 0.55429 0.72814 0.55735 0.73414 0.56560 0.74529 0.57647 0.75620 0.58793 0.76624 0.59694 0.78320 0.58697 0.78462 0.58030 0.78215 0.55381 0.77740 0.53307 0.76855 0.50474 0.75973 0.48648
4 0.28749 0.68165 0.29940 0.67293 0.30976 0.66659 0.31472 0.65263 0.31014 0.62467 0.30173 0.59962 0.29355 0.57090 0.28919 0.55912 0.28329 0.55143 0.27829 0.55275 0.27249 0.55194 0.26608 0.55504 0.26085 0.56440 0.25419 0.57356 0.24977 0.58846 0.24619 0.62020 0.24632 0.64187 0.25034 0.66890 0.25220 0.68243 0.25801 0.69359 0.26309 0.70130 0.27276 0.69820 0.27547 0.68988 0.28749 0.68165
4 0.68749 0.46580 0.67907 0.46442 0.67079 0.46035 0.66898 0.46020 0.67004 0.46846 0.66912 0.48243 0.66805 0.50068 0.66974 0.52524 0.67014 0.54210 0.66864 0.55831 0.66797 0.57172 0.68538 0.58550 0.69757 0.59298 0.71400 0.59054 0.72127 0.58316 0.72320 0.55732 0.71854 0.53712 0.71089 0.50271 0.70512 0.48060 0.70100 0.46453 0.68749 0.46580
4 0.78673 0.42760 0.77479 0.42572 0.76592 0.43128 0.76430 0.43751 0.77020 0.44216 0.77584 0.44906 0.78333 0.45777 0.79019 0.46809 0.79366 0.47175 0.79957 0.48338 0.80409 0.49310 0.80778 0.50814 0.81126 0.51992 0.81478 0.52027 0.82676 0.52360 0.83550 0.52543 0.84495 0.52490 0.84699 0.50790 0.83893 0.48385 0.82910 0.46534 0.82026 0.45138 0.80833 0.43919 0.79702 0.42984 0.78673 0.42760
4 0.66795 0.46126 0.65558 0.44676 0.64245 0.44207 0.62949 0.44160 0.62767 0.44306 0.62816 0.46223 0.61849 0.47714 0.60432 0.48442 0.59427 0.49085 0.59370 0.50490 0.59329 0.52318 0.59281 0.55112 0.58943 0.57218 0.59302 0.60247 0.59676 0.61668 0.60751 0.63367 0.62104 0.64365 0.64082 0.64264 0.65121 0.62438 0.66061 0.59133 0.66985 0.55082 0.67042 0.51321 0.67025 0.48219 0.66795 0.46126
4 0.69271 0.46400 0.71291 0.46341 0.72397 0.44544 0.72703 0.42025 0.72204 0.39678 0.71183 0.37441 0.69588 0.34358 0.68584 0.31970 0.67307 0.29938 0.66459 0.28994 0.64839 0.28827 0.63608 0.29086 0.62914 0.30721 0.62615 0.32346 0.61880 0.33320 0.60755 0.35492 0.60234 0.37238 0.61472 0.40024 0.62370 0.41917 0.63035 0.43188 0.64302 0.44481 0.66142 0.45204 0.67836 0.46183 0.69271 0.46400
4 0.51317 0.54160 0.50916 0.52075 0.50513 0.50177 0.50181 0.49008 0.49524 0.49025 0.48680 0.49327 0.47107 0.50096 0.45668 0.50711 0.44495 0.51022 0.43376 0.51198 0.42872 0.51553 0.42453 0.52882 0.42482 0.53993 0.42797 0.55475 0.43542 0.57422 0.44389 0.59660 0.44463 0.60202 0.46074 0.63701 0.46865 0.64897 0.48079 0.65940 0.49092 0.65848 0.50504 0.65300 0.51420 0.64361 0.51705 0.62008 0.51663 0.59476 0.51526 0.57274 0.51317 0.54160
4 0.40970 0.52264 0.42367 0.51375 0.44890 0.49946 0.45697 0.49550 0.46345 0.49560 0.47465 0.49695 0.48185 0.48650 0.49136 0.48226 0.49534 0.47768 0.49671 0.46551 0.49589 0.45229 0.49195 0.43377 0.48773 0.41387 0.47593 0.39108 0.46321 0.36850 0.45712 0.36088 0.44270 0.35129 0.42905 0.34082 0.41036 0.33214 0.40125 0.32887 0.38910 0.32774 0.37743 0.32649 0.36524 0.33207 0.35901 0.34010 0.35655 0.34954 0.35872 0.37139 0.35953 0.38458 0.35980 0.39048 0.35842 0.40268 0.35696 0.42380 0.36149 0.46376 0.36515 0.47859 0.37201 0.50390 0.37585 0.51499 0.38517 0.53085 0.39766 0.52893 0.40970 0.52264
4 0.59485 0.52546 0.59058 0.50344 0.58844 0.49337 0.57597 0.49106 0.55199 0.49490 0.53303 0.48345 0.53033 0.47845 0.52430 0.47539 0.51297 0.47843 0.50738 0.48519 0.50807 0.49619 0.50843 0.51347 0.50970 0.53303 0.51398 0.55318 0.52056 0.58215 0.52718 0.60553 0.53501 0.62679 0.54043 0.63681 0.55456 0.64495 0.57013 0.64041 0.58951 0.60529 0.59030 0.57788 0.59469 0.54410 0.59485 0.52546
4 0.72643 0.41742 0.72554 0.42949 0.72414 0.44392 0.72213 0.45549 0.71510 0.46443 0.71193 0.46809 0.71609 0.47835 0.72471 0.48395 0.73117 0.48631 0.74038 0.48063 0.74616 0.46825 0.75094 0.44640 0.75200 0.41643 0.75143 0.39276 0.75205 0.36065 0.75003 0.32315 0.74859 0.30710 0.74436 0.28717 0.73836 0.27060 0.73216 0.25779 0.72650 0.25677 0.72160 0.25707 0.71351 0.26101 0.70716 0.26609 0.70629 0.29230 0.70459 0.30531 0.69718 0.32176 0.69380 0.32915 0.69340 0.33667 0.69633 0.34573 0.70019 0.35457 0.71043 0.37246 0.71988 0.39128 0.72643 0.41742
1 0.49927 0.34225 0.49794 0.33137 0.49583 0.32141 0.49343 0.32415 0.49301 0.33615 0.49290 0.34731 0.49574 0.36532 0.49214 0.37871 0.49071 0.39762 0.49528 0.41449 0.50350 0.41348 0.50536 0.40120 0.50549 0.38556 0.50568 0.36543 0.50426 0.34937 0.49927 0.34225
1 0.78904 0.32815 0.78529 0.32895 0.78495 0.32416 0.78774 0.32204 0.78648 0.31770 0.78531 0.31463 0.78253 0.32161 0.78168 0.32562 0.77991 0.32932 0.77560 0.32666 0.77202 0.32666 0.77026 0.32959 0.77279 0.33186 0.77625 0.33215 0.77929 0.33201 0.78263 0.33488 0.78628 0.33283 0.78997 0.33255 0.79216 0.33081 0.78904 0.32815
1 0.63898 0.61499 0.64035 0.61905 0.64127 0.62575 0.64220 0.63015 0.64478 0.63267 0.64841 0.62730 0.65118 0.62109 0.65264 0.61515 0.65207 0.61247 0.64665 0.61183 0.64284 0.61392 0.63898 0.61499
4 0.79437 0.32921 0.79195 0.31317 0.78763 0.30672 0.78022 0.31456 0.77324 0.31750 0.75404 0.32416 0.75192 0.32684 0.75065 0.32895 0.75007 0.34011 0.75024 0.35700 0.75103 0.37229 0.75238 0.38673 0.75308 0.39578 0.76249 0.40776 0.76970 0.41395 0.77682 0.41979 0.78578 0.42379 0.79135 0.42113 0.79565 0.41139 0.79825 0.39131 0.79796 0.37262 0.79654 0.34974 0.79437 0.32921
4 0.54411 0.49259 0.55660 0.49068 0.57191 0.49041 0.58108 0.48921 0.59499 0.48477 0.61425 0.48438 0.62584 0.47821 0.62948 0.45809 0.62389 0.43178 0.61547 0.40381 0.59884 0.35828 0.58971 0.33865 0.58040 0.32279 0.56851 0.31118 0.55423 0.30230 0.54246 0.29589 0.51751 0.29748 0.50152 0.30385 0.49286 0.31908 0.49054 0.34782 0.48682 0.35829 0.48491 0.37728 0.48549 0.39873 0.49126 0.42352 0.49540 0.43603 0.50524 0.44731 0.51639 0.45312 0.52604 0.46819 0.53536 0.48405 0.54411 0.49259
4 0.76710 0.44305 0.75536 0.43601 0.75240 0.43876 0.75041 0.44767 0.74648 0.45911 0.74651 0.46756 0.75195 0.47489 0.75860 0.48621 0.77106 0.51323 0.77676 0.53004 0.78276 0.53830 0.79123 0.54498 0.80870 0.55239 0.81513 0.55102 0.81488 0.52989 0.80820 0.51012 0.80265 0.49062 0.79649 0.47496 0.78683 0.46111 0.77537 0.44873 0.76710 0.44305
4 0.21639 0.62226 0.22006 0.62396 0.22721 0.61874 0.23126 0.60670 0.23813 0.58853 0.24289 0.57203 0.24564 0.55780 0.25931 0.54436 0.26368 0.52794 0.26598 0.50576 0.26359 0.48086 0.25702 0.46551 0.24958 0.44604 0.24119 0.42799 0.23678 0.40725 0.22793 0.39673 0.21789 0.38834 0.20167 0.38000 0.19146 0.37287 0.18309 0.36846 0.17118 0.36292 0.16894 0.36217 0.16400 0.37004 0.16142 0.38112 0.16100 0.39670 0.15851 0.41024 0.15710 0.43472 0.15808 0.45682 0.16434 0.49017 0.16976 0.51568 0.18532 0.56939 0.19512 0.59024 0.20169 0.60371 0.20870 0.61337 0.21639 0.62226
1 0.35879 0.34607 0.35876 0.35055 0.35884 0.35797 0.35967 0.37119 0.35920 0.38764 0.35863 0.41527 0.35861 0.41752 0.36106 0.40805 0.36492 0.40056 0.36738 0.39109 0.37114 0.37619 0.37059 0.36662 0.36832 0.35595 0.35879 0.34607
1 0.45573 0.36306 0.45377 0.36348 0.45267 0.36550 0.45222 0.36739 0.45278 0.37161 0.45463 0.37633 0.45757 0.38056 0.46005 0.38259 0.46141 0.38179 0.45904 0.37463 0.45767 0.36980 0.45886 0.36418 0.45573 0.36306
