4 0.79500 0.43501 0.78945 0.43155 0.78422 0.42926 0.77995 0.42732 0.77480 0.42746 0.77151 0.42866 0.76927 0.43265 0.76750 0.43898 0.76574 0.44963 0.76322 0.45585 0.75932 0.46122 0.75756 0.47186 0.75872 0.48481 0.76100 0.49653 0.76319 0.50366 0.77613 0.49433 0.78630 0.48544 0.79834 0.47173 0.81258 0.44787 0.81085 0.44679 0.80850 0.44557 0.80417 0.44180 0.80005 0.43827 0.79500 0.43501
4 0.74147 0.46978 0.73834 0.46662 0.73244 0.46243 0.72856 0.46036 0.72496 0.45777 0.71942 0.45260 0.71308 0.44985 0.70671 0.44934 0.70367 0.45504 0.70187 0.46307 0.69858 0.47328 0.69684 0.47996 0.69823 0.49601 0.70582 0.53439 0.71023 0.55319 0.71223 0.55443 0.73625 0.52935 0.76284 0.50535 0.76198 0.50291 0.75885 0.49665 0.75414 0.48681 0.75064 0.48153 0.74540 0.47361 0.74147 0.46978
4 0.68413 0.47671 0.67696 0.47552 0.67150 0.47609 0.65985 0.47833 0.65005 0.48051 0.64349 0.48316 0.63748 0.48787 0.63502 0.49342 0.63524 0.50046 0.63858 0.51600 0.64510 0.53956 0.65644 0.57027 0.66434 0.58813 0.66592 0.59170 0.67304 0.58802 0.70971 0.55821 0.70815 0.54931 0.70429 0.52947 0.69783 0.50456 0.69322 0.49203 0.68809 0.48142 0.68413 0.47671
4 0.84228 0.33633 0.84272 0.32245 0.84183 0.30981 0.83805 0.29262 0.83014 0.26854 0.82471 0.25445 0.81938 0.23767 0.80934 0.21417 0.80596 0.21241 0.79605 0.21107 0.78403 0.21118 0.77728 0.21077 0.76983 0.21321 0.76532 0.21886 0.76269 0.22534 0.76297 0.22793 0.77620 0.26568 0.78930 0.31456 0.79183 0.33875 0.78733 0.35683 0.79417 0.35677 0.79896 0.35371 0.80292 0.34910 0.80588 0.34697 0.82197 0.35199 0.82931 0.35535 0.83216 0.35591 0.83609 0.35353 0.84035 0.34617 0.84228 0.33633
4 0.59811 0.51816 0.59550 0.51702 0.59388 0.51745 0.59121 0.51878 0.58838 0.51954 0.58563 0.52058 0.58146 0.52386 0.57798 0.52541 0.57456 0.52663 0.56970 0.52948 0.56739 0.53164 0.56551 0.53430 0.56453 0.53765 0.56519 0.54333 0.56687 0.55120 0.56881 0.56117 0.57494 0.57864 0.59123 0.62331 0.59254 0.62388 0.59587 0.62391 0.60100 0.62315 0.60517 0.62204 0.61029 0.61851 0.61577 0.61365 0.61926 0.60624 0.61941 0.60466 0.61519 0.59376 0.60108 0.55560 0.59659 0.54262 0.59512 0.53500 0.59558 0.53241 0.59639 0.52572 0.59844 0.51993 0.59811 0.51816
4 0.65932 0.58780 0.65851 0.58370 0.65793 0.57830 0.65107 0.55701 0.64585 0.54238 0.64152 0.52781 0.63608 0.50429 0.63410 0.49958 0.63189 0.49832 0.62933 0.49901 0.62752 0.49980 0.62128 0.50178 0.61159 0.50870 0.60718 0.51111 0.60125 0.51640 0.59867 0.52079 0.59677 0.52500 0.59527 0.53126 0.59582 0.53759 0.59705 0.54435 0.60300 0.56064 0.62118 0.60911 0.62401 0.60836 0.63255 0.60576 0.64541 0.60046 0.65646 0.59596 0.65967 0.59233 0.65932 0.58780
4 0.52783 0.46439 0.53250 0.47497 0.53557 0.47774 0.53864 0.47826 0.54313 0.47840 0.54830 0.47642 0.55311 0.47742 0.55857 0.47825 0.56326 0.47813 0.56696 0.47734 0.57102 0.47625 0.57541 0.47468 0.57826 0.47202 0.58370 0.47111 0.58853 0.47081 0.59231 0.46865 0.59592 0.46520 0.59907 0.46037 0.60079 0.45419 0.60165 0.44540 0.60208 0.43902 0.60169 0.43020 0.60115 0.42160 0.60055 0.41568 0.59764 0.40179 0.59457 0.38703 0.59148 0.37055 0.58943 0.35871 0.58654 0.34095 0.58372 0.32128 0.58043 0.30295 0.57953 0.29573 0.57889 0.29898 0.57769 0.30076 0.57462 0.30103 0.57151 0.30120 0.56798 0.29792 0.56386 0.29205 0.55739 0.28214 0.54593 0.26687 0.53793 0.25683 0.53213 0.24785 0.52991 0.24419 0.52325 0.24956 0.51613 0.25411 0.51255 0.25639 0.50524 0.26137 0.49863 0.26695 0.49788 0.27398 0.49712 0.28094 0.49787 0.29888 0.50093 0.31857 0.50352 0.33168 0.50668 0.35450 0.51073 0.37787 0.51470 0.39889 0.51843 0.41761 0.52425 0.44485 0.52783 0.46439
4 0.48211 0.48593 0.48881 0.48812 0.49302 0.48699 0.49979 0.48745 0.51038 0.48632 0.51618 0.48419 0.52312 0.48233 0.52935 0.48180 0.53194 0.48054 0.53282 0.47689 0.52846 0.46556 0.52555 0.45272 0.52182 0.43383 0.51475 0.40052 0.51045 0.37554 0.50626 0.34997 0.50316 0.33149 0.50136 0.33368 0.49349 0.32613 0.48693 0.31653 0.47704 0.30044 0.47275 0.29137 0.46559 0.27852 0.45936 0.27905 0.44987 0.27932 0.44197 0.27860 0.43878 0.27661 0.43978 0.28827 0.44284 0.31358 0.44721 0.34080 0.44938 0.35783 0.45361 0.38453 0.45837 0.40824 0.46569 0.44149 0.46984 0.45799 0.47527 0.47528 0.47832 0.48071 0.48211 0.48593
4 0.56235 0.52310 0.55875 0.51829 0.55492 0.51332 0.55229 0.51359 0.55005 0.51420 0.54747 0.51467 0.54540 0.51480 0.54350 0.51445 0.54119 0.51443 0.53942 0.51640 0.53818 0.51887 0.53779 0.52155 0.53757 0.52782 0.53812 0.53324 0.53890 0.53838 0.54353 0.55492 0.54972 0.57617 0.55302 0.59070 0.55810 0.61268 0.56011 0.61343 0.56278 0.61443 0.56581 0.61490 0.56900 0.61597 0.57911 0.61969 0.58502 0.62303 0.58814 0.62348 0.58972 0.62262 0.58941 0.61885 0.57448 0.57810 0.56882 0.56034 0.56602 0.54653 0.56494 0.53762 0.56485 0.53357 0.56559 0.52995 0.56585 0.52795 0.56402 0.52523 0.56235 0.52310
4 0.78969 0.34660 0.79129 0.33989 0.79100 0.32839 0.78940 0.31493 0.78514 0.30020 0.77975 0.28180 0.77563 0.26472 0.76915 0.24628 0.76343 0.23128 0.75591 0.21477 0.75199 0.20591 0.73728 0.20356 0.72732 0.20392 0.72259 0.20456 0.72167 0.21833 0.72023 0.22698 0.71925 0.23416 0.71743 0.24384 0.71698 0.24899 0.71634 0.25422 0.72048 0.26481 0.72542 0.27844 0.73021 0.29114 0.73257 0.29831 0.73420 0.30684 0.73607 0.31576 0.73832 0.32617 0.73942 0.33626 0.74365 0.33876 0.75065 0.34350 0.75752 0.34894 0.76387 0.35649 0.76951 0.36193 0.77472 0.36582 0.78040 0.36794 0.78475 0.36281 0.78775 0.35439 0.78969 0.34660
4 0.64156 0.43682 0.64573 0.43529 0.64937 0.43225 0.65310 0.43014 0.65672 0.42648 0.66113 0.42276 0.66370 0.41795 0.66599 0.41303 0.66680 0.40764 0.66707 0.40283 0.66704 0.39756 0.66669 0.38998 0.66585 0.38295 0.66427 0.37334 0.66299 0.36536 0.66195 0.36193 0.66208 0.35844 0.66038 0.35128 0.65758 0.34085 0.65216 0.32082 0.64727 0.30351 0.64147 0.28809 0.63503 0.27172 0.62786 0.25886 0.61709 0.23875 0.61185 0.23111 0.60573 0.22453 0.59749 0.21962 0.58876 0.21620 0.58422 0.21934 0.58060 0.22689 0.57878 0.23394 0.57774 0.24106 0.57763 0.25260 0.57723 0.26640 0.57742 0.28196 0.57992 0.29938 0.58451 0.32608 0.58670 0.34193 0.58939 0.35818 0.59288 0.37888 0.59784 0.40166 0.60024 0.41445 0.60205 0.42025 0.60315 0.42492 0.60504 0.43059 0.60781 0.43651 0.61111 0.44022 0.61496 0.44077 0.61965 0.43999 0.62465 0.43929 0.62911 0.43904 0.63343 0.43884 0.63839 0.43799 0.64156 0.43682
4 0.66261 0.35855 0.66408 0.35930 0.66564 0.36189 0.66772 0.37005 0.67125 0.37715 0.67518 0.38343 0.67903 0.38815 0.68460 0.39214 0.69109 0.39550 0.69640 0.39726 0.70555 0.40058 0.71281 0.40115 0.71925 0.40033 0.72391 0.39770 0.72786 0.39322 0.73123 0.38817 0.73388 0.38079 0.73647 0.37367 0.73905 0.36241 0.73969 0.35400 0.73944 0.34449 0.73904 0.33803 0.73810 0.32695 0.73565 0.31341 0.73198 0.29644 0.72606 0.28060 0.71945 0.26290 0.71162 0.24199 0.70413 0.22652 0.69521 0.20910 0.68945 0.20150 0.68455 0.20125 0.67310 0.20350 0.66232 0.20558 0.65445 0.20531 0.65165 0.20449 0.65100 0.21819 0.64863 0.22930 0.64448 0.24374 0.64446 0.26280 0.64465 0.27846 0.64561 0.29535 0.64787 0.30712 0.65362 0.32606 0.65811 0.34200 0.66132 0.35400 0.66261 0.35855
