1 0.39948 0.61602 0.39613 0.61181 0.39340 0.60586 0.39267 0.60495 0.39141 0.61282 0.39252 0.61988 0.39515 0.62845 0.40138 0.63395 0.40574 0.63789 0.40887 0.63770 0.40641 0.63002 0.40288 0.62462 0.40091 0.62142 0.39948 0.61602
1 0.67844 0.38968 0.67292 0.39456 0.67032 0.39819 0.66781 0.40298 0.66672 0.40822 0.66746 0.40923 0.67153 0.40839 0.67606 0.40562 0.67987 0.40087 0.68136 0.39564 0.68074 0.39093 0.67844 0.38968
4 0.00000 0.84374 0.00786 0.84884 0.04107 0.84849 0.07333 0.84659 0.10935 0.82371 0.13262 0.79132 0.16107 0.75458 0.18619 0.72678 0.20675 0.68523 0.22240 0.64051 0.23213 0.59254 0.23090 0.54120 0.22148 0.49408 0.20708 0.44529 0.20095 0.41942 0.18227 0.37802 0.16745 0.34127 0.14333 0.31175 0.08991 0.28575 0.07086 0.28356 0.02866 0.28209 0.00824 0.29044 0.00315 0.40106 0.00000 0.49127 0.00000 0.84374
1 0.46767 0.25056 0.46723 0.24960 0.46719 0.25992 0.46801 0.26323 0.46776 0.27049 0.46840 0.28341 0.46626 0.29084 0.46561 0.29621 0.46862 0.29937 0.47142 0.29102 0.47352 0.28453 0.47460 0.27589 0.47299 0.26833 0.47071 0.25746 0.46767 0.25056
4 1.00000 0.26705 0.98681 0.24463 0.95285 0.20873 0.91520 0.22100 0.88029 0.24091 0.84232 0.26221 0.79577 0.29833 0.76950 0.33061 0.75221 0.36472 0.74455 0.41123 0.74768 0.46567 0.74647 0.52901 0.74638 0.58937 0.74215 0.65263 0.74015 0.68123 0.73386 0.71722 0.73673 0.75052 0.75038 0.79175 0.76175 0.84046 0.78039 0.88336 0.80636 0.91747 0.84756 0.94758 0.89882 0.94937 0.94880 0.92999 0.98597 0.91049 1.00000 0.50873 1.00000 0.26705
1 0.46290 0.43046 0.46345 0.41471 0.46339 0.40036 0.46553 0.38720 0.46905 0.38340 0.47375 0.38300 0.47773 0.38173 0.48435 0.37520 0.48409 0.37181 0.47962 0.37617 0.47450 0.37767 0.47108 0.37896 0.46686 0.38162 0.46341 0.38883 0.46153 0.39439 0.46052 0.40194 0.46033 0.41264 0.46098 0.43180 0.46128 0.44475 0.46334 0.45551 0.46883 0.47034 0.47214 0.47215 0.46828 0.45906 0.46390 0.44484 0.46290 0.43046
2 0.44619 0.58913 0.44918 0.60391 0.45190 0.64593 0.45572 0.65654 0.46748 0.66010 0.48264 0.64595 0.49748 0.60140 0.50507 0.58384 0.53251 0.59844 0.54478 0.62715 0.55839 0.65803 0.58917 0.67691 0.60418 0.66696 0.61652 0.63385 0.62977 0.61440 0.65507 0.59013 0.67531 0.55101 0.67949 0.51133 0.67015 0.47852 0.66926 0.44390 0.66394 0.41647 0.64719 0.41589 0.61145 0.43873 0.58445 0.45141 0.55434 0.45351 0.54105 0.43419 0.54457 0.39342 0.55201 0.36015 0.54257 0.33048 0.52387 0.32563 0.50089 0.34369 0.49435 0.33089 0.49515 0.30786 0.48820 0.30656 0.47671 0.31560 0.46595 0.32361 0.45350 0.33994 0.45343 0.38186 0.45726 0.43231 0.45808 0.46901 0.46194 0.47858 0.46364 0.51008 0.45505 0.53599 0.45368 0.55480 0.44619 0.58913
2 0.41603 0.47280 0.40393 0.45873 0.38315 0.45382 0.36203 0.45832 0.35036 0.47259 0.34166 0.50162 0.33743 0.54236 0.33832 0.57698 0.36253 0.58410 0.39012 0.57459 0.40910 0.55116 0.41919 0.52215 0.42316 0.48876 0.41603 0.47280
4 0.53161 0.35863 0.53200 0.35474 0.53240 0.35085 0.53217 0.34986 0.53076 0.34922 0.52980 0.35075 0.52923 0.35210 0.52839 0.35755 0.52747 0.36142 0.52709 0.36473 0.52809 0.36985 0.52905 0.37203 0.53077 0.37131 0.53142 0.36781 0.53168 0.36391 0.53161 0.35863
4 0.24120 0.79359 0.25528 0.82277 0.27168 0.84296 0.29659 0.84985 0.33562 0.85575 0.35048 0.86231 0.37857 0.86479 0.40353 0.87020 0.43131 0.88174 0.46178 0.90241 0.50562 0.91451 0.54581 0.91591 0.57675 0.89436 0.60706 0.86222 0.64016 0.83621 0.68247 0.80599 0.70923 0.76014 0.74375 0.66476 0.74754 0.64224 0.75272 0.58055 0.75096 0.51558 0.75270 0.46585 0.74825 0.42041 0.73538 0.35658 0.71158 0.28935 0.68475 0.25067 0.64694 0.21011 0.61164 0.18323 0.58187 0.17162 0.51571 0.16478 0.45187 0.17765 0.40205 0.19251 0.37153 0.20201 0.33245 0.22629 0.30342 0.25094 0.27110 0.28301 0.25282 0.34577 0.23918 0.39056 0.22370 0.45945 0.22730 0.52900 0.23228 0.55937 0.23081 0.60157 0.22542 0.64062 0.21633 0.67048 0.21622 0.70217 0.22723 0.76142 0.24120 0.79359
1 0.47890 0.54083 0.47821 0.53377 0.47680 0.52706 0.47399 0.52065 0.46984 0.51910 0.46760 0.52254 0.46461 0.53435 0.46495 0.53823 0.46793 0.54010 0.46755 0.54428 0.46727 0.54568 0.46640 0.55022 0.47206 0.55568 0.47643 0.55126 0.47890 0.54083
1 0.38815 0.52607 0.38434 0.52139 0.38081 0.51528 0.38015 0.51420 0.37730 0.51516 0.37627 0.51829 0.37723 0.52393 0.38056 0.52933 0.38358 0.53645 0.38557 0.54002 0.39082 0.53705 0.39362 0.53049 0.39085 0.52933 0.38815 0.52607
