4 0.11786 0.35936 0.12401 0.37275 0.13610 0.37970 0.15223 0.36441 0.16413 0.36281 0.17962 0.36293 0.19423 0.36214 0.19780 0.35921 0.21469 0.36034 0.22153 0.35638 0.22990 0.35577 0.24478 0.34183 0.25520 0.32175 0.25876 0.30253 0.25735 0.29183 0.25950 0.22273 0.25636 0.20012 0.25153 0.18655 0.23928 0.16754 0.23104 0.16080 0.22422 0.15973 0.21490 0.15980 0.20503 0.16173 0.19259 0.16674 0.18738 0.16863 0.17866 0.17307 0.17155 0.17388 0.16279 0.18181 0.15472 0.18867 0.15032 0.19031 0.14471 0.19795 0.13014 0.21815 0.11954 0.23936 0.11211 0.26340 0.11217 0.27117 0.11238 0.28128 0.11078 0.29461 0.11300 0.30350 0.11282 0.32093 0.11408 0.33587 0.11786 0.35936
4 0.14265 0.51465 0.14752 0.51790 0.15578 0.51112 0.16352 0.50763 0.17433 0.50553 0.18346 0.50361 0.19287 0.50375 0.20098 0.50638 0.20676 0.50011 0.21397 0.49430 0.21902 0.49173 0.22733 0.48743 0.23746 0.47736 0.24462 0.46525 0.24963 0.44965 0.25380 0.43751 0.25393 0.42631 0.25285 0.41043 0.25127 0.39962 0.24682 0.38994 0.23917 0.38154 0.23027 0.37250 0.22364 0.36808 0.21667 0.36293 0.21168 0.35945 0.20169 0.35921 0.19708 0.36185 0.19085 0.36244 0.17590 0.36232 0.16833 0.36291 0.16147 0.36272 0.15500 0.36484 0.14874 0.36654 0.14169 0.37328 0.13251 0.38396 0.12678 0.39652 0.12395 0.42009 0.12404 0.44503 0.12650 0.48807 0.13055 0.50690 0.13334 0.51296 0.14265 0.51465
4 0.15828 0.77599 0.16669 0.78810 0.17760 0.80330 0.19045 0.81005 0.20431 0.81988 0.21469 0.82242 0.22328 0.81637 0.22860 0.80644 0.23798 0.79063 0.24734 0.77977 0.25344 0.77243 0.25619 0.76074 0.26067 0.74282 0.26192 0.73022 0.26229 0.71276 0.26104 0.69797 0.26074 0.68288 0.25848 0.67444 0.25465 0.66553 0.24832 0.65734 0.23958 0.65394 0.22949 0.65144 0.22530 0.65055 0.22252 0.65011 0.21617 0.65337 0.20713 0.65845 0.20401 0.66020 0.19807 0.66083 0.19396 0.66130 0.18684 0.66467 0.17768 0.66860 0.16947 0.67225 0.16188 0.67957 0.15357 0.68948 0.14822 0.70345 0.14694 0.72188 0.14954 0.73667 0.15457 0.75497 0.15274 0.76658 0.15828 0.77599
4 0.82374 0.16646 0.81681 0.18243 0.81053 0.20083 0.80677 0.21808 0.80903 0.23318 0.81195 0.24412 0.81254 0.24693 0.81970 0.24419 0.82910 0.24529 0.83764 0.25013 0.84764 0.25559 0.85581 0.26115 0.86668 0.26598 0.87657 0.27375 0.88705 0.28434 0.89443 0.29327 0.89850 0.30516 0.90321 0.31948 0.91280 0.32100 0.92695 0.31820 0.93599 0.29868 0.94306 0.28506 0.94923 0.26897 0.95240 0.24735 0.95165 0.23250 0.95130 0.22002 0.95233 0.20700 0.95184 0.19373 0.94913 0.17817 0.94645 0.16572 0.94271 0.15504 0.93653 0.14669 0.92959 0.13822 0.92383 0.13382 0.91412 0.13305 0.90211 0.12068 0.89263 0.10870 0.88227 0.10551 0.87204 0.10971 0.85892 0.11578 0.85085 0.12264 0.84264 0.13531 0.83368 0.14941 0.82963 0.15537 0.82374 0.16646
1 0.81033 0.48809 0.81171 0.48774 0.81381 0.48455 0.81498 0.48191 0.81464 0.47932 0.81254 0.48251 0.81086 0.48535 0.81033 0.48809
1 0.17333 0.46474 0.17278 0.46562 0.17312 0.46679 0.17387 0.46806 0.17477 0.46851 0.17539 0.46799 0.17538 0.46750 0.17459 0.46631 0.17403 0.46609 0.17378 0.46560 0.17345 0.46471 0.17333 0.46474
4 0.77025 0.31210 0.76649 0.32767 0.76448 0.33899 0.76155 0.35340 0.75791 0.36414 0.75203 0.38357 0.75239 0.39624 0.75344 0.40869 0.76062 0.42050 0.77022 0.42654 0.77901 0.43505 0.79014 0.43552 0.80243 0.43682 0.80846 0.44230 0.81747 0.44664 0.82446 0.44742 0.83366 0.44920 0.84314 0.45199 0.84757 0.45528 0.85218 0.46022 0.85552 0.46495 0.85713 0.47523 0.86571 0.47141 0.87690 0.46607 0.88640 0.45917 0.89406 0.44616 0.90012 0.43515 0.90625 0.41414 0.90759 0.39884 0.90901 0.37902 0.90916 0.35900 0.90813 0.34105 0.90319 0.32184 0.89993 0.30839 0.89560 0.29768 0.88841 0.28588 0.88021 0.27779 0.86964 0.26836 0.86288 0.26341 0.85155 0.25870 0.84095 0.25217 0.83324 0.24642 0.82313 0.24353 0.81705 0.24386 0.80911 0.24907 0.80154 0.25466 0.79572 0.26150 0.78579 0.27383 0.78059 0.28626 0.77727 0.29769 0.77025 0.31210
4 0.68873 0.61529 0.68407 0.62488 0.67819 0.63652 0.67470 0.65191 0.67303 0.66624 0.67292 0.68395 0.67593 0.69139 0.68232 0.70116 0.68882 0.70735 0.69679 0.71468 0.70486 0.72134 0.71077 0.72565 0.71725 0.72914 0.72232 0.73399 0.73109 0.73717 0.74340 0.73980 0.74953 0.74077 0.75855 0.73770 0.77144 0.73099 0.78356 0.71966 0.79272 0.70720 0.80112 0.69101 0.80524 0.67730 0.80614 0.66689 0.80708 0.64773 0.80498 0.63168 0.80492 0.61977 0.80101 0.60568 0.79959 0.59670 0.79560 0.58978 0.79088 0.58365 0.77953 0.57691 0.76905 0.57503 0.75708 0.57403 0.75222 0.57640 0.73915 0.57860 0.73436 0.58233 0.72280 0.58633 0.71443 0.59197 0.70837 0.59527 0.69900 0.59963 0.69425 0.60785 0.68873 0.61529
4 0.10887 0.18633 0.11413 0.20075 0.12157 0.20548 0.13152 0.20803 0.13870 0.20755 0.14772 0.19281 0.15624 0.18802 0.16848 0.17605 0.18413 0.17110 0.19847 0.16496 0.21109 0.16147 0.22215 0.15966 0.23346 0.16178 0.24206 0.15376 0.25042 0.13633 0.25322 0.12546 0.25485 0.10568 0.24974 0.07804 0.24290 0.05723 0.23476 0.04333 0.22713 0.02757 0.21953 0.01700 0.20480 0.00658 0.19354 0.00965 0.18505 0.01832 0.17279 0.02770 0.16335 0.02879 0.14311 0.03819 0.13088 0.05145 0.12232 0.07014 0.11462 0.09155 0.11056 0.11580 0.10756 0.12793 0.10323 0.15667 0.10597 0.17197 0.10887 0.18633
4 0.23228 0.85215 0.23947 0.86249 0.25062 0.87436 0.26023 0.88172 0.26606 0.88174 0.27593 0.88555 0.28375 0.88724 0.29065 0.88900 0.29900 0.88921 0.30493 0.88677 0.31349 0.88185 0.31731 0.87662 0.32282 0.86828 0.32773 0.85716 0.33217 0.84799 0.33441 0.83577 0.33406 0.82471 0.33247 0.81211 0.33160 0.80344 0.32878 0.78908 0.32617 0.77721 0.32279 0.76455 0.31821 0.75754 0.31000 0.75646 0.30352 0.75768 0.29731 0.75625 0.29200 0.75294 0.28420 0.75395 0.27565 0.75978 0.26611 0.76613 0.25525 0.77047 0.24864 0.77818 0.24213 0.78523 0.23561 0.79430 0.23136 0.80126 0.22838 0.81628 0.22584 0.83137 0.22809 0.84362 0.23228 0.85215
4 0.31639 0.87961 0.31227 0.88390 0.30948 0.89580 0.30837 0.90663 0.30714 0.92193 0.31014 0.93228 0.31436 0.93587 0.31851 0.93989 0.33414 0.94237 0.34668 0.94256 0.35744 0.94359 0.36802 0.94392 0.38155 0.94449 0.39705 0.94492 0.40918 0.94392 0.41668 0.94287 0.42243 0.93682 0.42674 0.92942 0.42784 0.92533 0.42820 0.91551 0.42774 0.90892 0.42938 0.89481 0.43206 0.87975 0.43161 0.87317 0.42604 0.85544 0.41761 0.84154 0.41145 0.82844 0.40587 0.80982 0.40277 0.80484 0.39791 0.79958 0.38952 0.79398 0.38655 0.79194 0.37741 0.79296 0.36903 0.79770 0.36138 0.80344 0.35221 0.81501 0.34388 0.82604 0.33685 0.83638 0.33365 0.84148 0.33107 0.85118 0.32466 0.86610 0.32034 0.87260 0.31639 0.87961
4 0.13922 0.64971 0.14497 0.66253 0.15599 0.66854 0.16600 0.67147 0.17481 0.66972 0.19236 0.66195 0.20139 0.66069 0.21196 0.65540 0.22009 0.65130 0.22996 0.64568 0.23886 0.63766 0.24570 0.63133 0.25369 0.62249 0.25744 0.61299 0.26129 0.59811 0.26253 0.58371 0.26101 0.56775 0.25966 0.55833 0.25681 0.55272 0.25381 0.54326 0.24663 0.53472 0.24235 0.52775 0.22967 0.51991 0.21861 0.51321 0.20702 0.50891 0.20376 0.50682 0.19681 0.50438 0.18816 0.50323 0.17829 0.50413 0.17083 0.50587 0.16658 0.50722 0.15869 0.51068 0.15080 0.51707 0.14326 0.52777 0.13460 0.54279 0.13289 0.56115 0.13348 0.58011 0.13282 0.59370 0.13476 0.61264 0.13518 0.63269 0.13922 0.64971
4 0.55465 0.84191 0.54953 0.85345 0.54721 0.85959 0.54587 0.86522 0.54846 0.87349 0.54950 0.88106 0.54969 0.88648 0.55022 0.89352 0.54998 0.89977 0.55494 0.90909 0.55973 0.91478 0.56469 0.92029 0.57119 0.92176 0.58093 0.92173 0.59652 0.91590 0.60567 0.91196 0.61563 0.90860 0.62045 0.90465 0.62630 0.89794 0.63202 0.88739 0.63876 0.87881 0.64443 0.86669 0.64769 0.86024 0.64957 0.85403 0.65153 0.84356 0.65049 0.83217 0.64693 0.81971 0.64332 0.81038 0.64022 0.80630 0.63128 0.80039 0.61969 0.79227 0.61105 0.78731 0.60376 0.78324 0.59852 0.77949 0.59329 0.77754 0.58775 0.77846 0.58572 0.77993 0.57809 0.78276 0.57332 0.78740 0.56891 0.79253 0.56559 0.79740 0.56415 0.80278 0.56081 0.80966 0.55920 0.81794 0.55741 0.82641 0.55575 0.83311 0.55676 0.83619 0.55465 0.84191
4 0.42913 0.90016 0.42775 0.90511 0.42829 0.92248 0.42856 0.92836 0.43566 0.93734 0.44221 0.94040 0.45231 0.94470 0.46300 0.94527 0.47308 0.94776 0.48500 0.94808 0.49733 0.94868 0.50872 0.95049 0.51787 0.95126 0.52782 0.95082 0.53363 0.94725 0.53988 0.94083 0.54437 0.93143 0.54725 0.92359 0.54845 0.91412 0.54952 0.90172 0.55014 0.89688 0.54998 0.89034 0.54944 0.87858 0.54689 0.86920 0.54591 0.86028 0.54497 0.85677 0.54042 0.84954 0.53723 0.84611 0.53539 0.84066 0.53392 0.83481 0.53061 0.82643 0.52691 0.81956 0.52368 0.81254 0.51701 0.80744 0.51182 0.80145 0.50516 0.79905 0.50090 0.79860 0.49438 0.80004 0.49007 0.80362 0.48413 0.80807 0.47696 0.81457 0.47032 0.82250 0.46467 0.83170 0.45888 0.83707 0.45339 0.84339 0.44899 0.84942 0.44345 0.85798 0.43897 0.86827 0.43398 0.87713 0.43081 0.88673 0.42913 0.90016
4 0.72230 0.52339 0.72336 0.53276 0.72767 0.54714 0.73487 0.55457 0.74048 0.56264 0.74891 0.56892 0.75507 0.57349 0.76515 0.57508 0.77583 0.57565 0.78425 0.57923 0.79330 0.58538 0.79781 0.59283 0.80070 0.59912 0.80860 0.59746 0.81639 0.59555 0.82522 0.59268 0.83300 0.58515 0.83856 0.57840 0.84370 0.56866 0.84846 0.56223 0.85241 0.55051 0.85441 0.53691 0.85534 0.52067 0.85536 0.50922 0.85744 0.49608 0.85722 0.48235 0.85633 0.47188 0.85396 0.46230 0.85002 0.45786 0.84623 0.45344 0.83983 0.45131 0.82785 0.44761 0.82106 0.44698 0.81173 0.44349 0.80912 0.44487 0.80458 0.43764 0.79866 0.43625 0.79301 0.43603 0.78652 0.43635 0.77583 0.43960 0.76711 0.44360 0.76139 0.44764 0.74798 0.45292 0.74285 0.45975 0.73701 0.46735 0.73322 0.47708 0.72859 0.48555 0.72577 0.49767 0.72301 0.51228 0.72230 0.52339
4 0.64898 0.82565 0.65071 0.83647 0.65178 0.84764 0.64866 0.85882 0.65123 0.86529 0.65640 0.87330 0.66554 0.87699 0.67681 0.88147 0.68836 0.88128 0.69823 0.87947 0.71021 0.86902 0.71868 0.85712 0.72718 0.84881 0.73770 0.83813 0.74680 0.82610 0.75114 0.81848 0.75814 0.80926 0.76093 0.79825 0.76244 0.78210 0.75972 0.77381 0.75556 0.76036 0.75281 0.75318 0.74945 0.74794 0.74871 0.74311 0.73863 0.73971 0.72585 0.73724 0.71834 0.73268 0.71275 0.72731 0.70575 0.72328 0.69846 0.71831 0.69255 0.71311 0.68894 0.71321 0.68171 0.71633 0.67463 0.71947 0.66886 0.72373 0.66353 0.73096 0.65913 0.74171 0.65352 0.75632 0.64982 0.76741 0.64787 0.77787 0.64424 0.78942 0.64333 0.79893 0.64205 0.80704 0.64565 0.81547 0.64898 0.82565
