1 0.88288 0.74067 0.88380 0.74170 0.88478 0.74085 0.88499 0.74061 0.88536 0.73931 0.88482 0.73717 0.88324 0.73808 0.88132 0.73901 0.88000 0.73968 0.87861 0.73907 0.87774 0.73900 0.87878 0.74026 0.88027 0.74097 0.88141 0.74086 0.88271 0.74065 0.88288 0.74067
1 0.89905 0.72996 0.89844 0.72976 0.89729 0.72981 0.89613 0.73045 0.89575 0.73214 0.89608 0.73471 0.89702 0.73625 0.89783 0.73705 0.89872 0.73737 0.89965 0.73666 0.89989 0.73493 0.89961 0.73300 0.89923 0.73101 0.89905 0.72996
4 0.24361 0.28298 0.24950 0.30476 0.25326 0.30913 0.26700 0.30856 0.28607 0.30639 0.29399 0.29624 0.30078 0.27929 0.30741 0.25860 0.31092 0.23952 0.31234 0.21807 0.30870 0.19205 0.29792 0.16801 0.28898 0.16004 0.27401 0.16369 0.25977 0.15450 0.24403 0.15455 0.21972 0.16019 0.20489 0.16898 0.20225 0.18177 0.19919 0.19699 0.19951 0.20445 0.20241 0.21511 0.20723 0.23336 0.21389 0.23947 0.22111 0.24827 0.22585 0.25573 0.23623 0.26903 0.24361 0.28298
4 0.18953 0.41387 0.20258 0.42191 0.21570 0.42288 0.24161 0.41879 0.25465 0.40755 0.25958 0.39664 0.25914 0.37087 0.25451 0.33425 0.25115 0.30958 0.24534 0.28966 0.23919 0.27405 0.22990 0.26145 0.21865 0.24410 0.21049 0.23831 0.20271 0.23432 0.19310 0.23354 0.18054 0.23668 0.17142 0.24567 0.16653 0.25376 0.16193 0.26179 0.15411 0.27238 0.14119 0.29017 0.13457 0.31086 0.13433 0.33347 0.14174 0.35352 0.14964 0.36547 0.15656 0.38469 0.16107 0.39407 0.17010 0.39356 0.17804 0.40127 0.18953 0.41387
4 0.78185 0.44338 0.79933 0.42932 0.81118 0.42728 0.82021 0.42677 0.83163 0.42716 0.84007 0.42537 0.84455 0.40937 0.84207 0.37699 0.83817 0.34680 0.83138 0.32520 0.82231 0.31068 0.80784 0.29448 0.78671 0.28252 0.77543 0.27834 0.75787 0.28019 0.75130 0.28488 0.74151 0.30106 0.72716 0.32245 0.70597 0.34575 0.69639 0.37035 0.69934 0.39605 0.71069 0.42278 0.71992 0.44103 0.73947 0.46038 0.75737 0.46457 0.77326 0.45931 0.78185 0.44338
4 0.66600 0.31476 0.68769 0.32049 0.71327 0.31787 0.73196 0.31390 0.74347 0.29547 0.75399 0.27678 0.74982 0.24383 0.74498 0.21806 0.73453 0.19113 0.72423 0.16935 0.71347 0.15283 0.70225 0.14300 0.68309 0.13437 0.66701 0.13873 0.65507 0.14926 0.64749 0.15510 0.64086 0.17579 0.63790 0.19146 0.63446 0.21382 0.63510 0.23906 0.63500 0.26823 0.63810 0.28873 0.64892 0.30852 0.66600 0.31476
4 0.82474 0.59927 0.83104 0.59182 0.83862 0.59491 0.84928 0.59170 0.85728 0.58342 0.86914 0.57103 0.88021 0.56679 0.88927 0.56346 0.90246 0.55736 0.90912 0.54278 0.91056 0.53026 0.90853 0.51330 0.90505 0.49100 0.90307 0.47873 0.89894 0.46080 0.89077 0.44609 0.87918 0.43304 0.86872 0.42680 0.85736 0.42075 0.84937 0.41728 0.84273 0.42010 0.83892 0.43031 0.83268 0.43211 0.82066 0.43185 0.81708 0.43872 0.80937 0.44693 0.80134 0.45804 0.79395 0.46479 0.78387 0.47069 0.77363 0.49214 0.76701 0.51141 0.76815 0.53749 0.77815 0.56827 0.79566 0.59135 0.80951 0.59874 0.82474 0.59927
1 0.93120 0.77944 0.92954 0.77704 0.92707 0.77494 0.92527 0.77349 0.92686 0.77643 0.92904 0.78292 0.92996 0.79099 0.92937 0.79610 0.93128 0.79596 0.93235 0.79232 0.93251 0.78769 0.93181 0.78233 0.93120 0.77944
4 0.45268 0.17959 0.46224 0.19495 0.47726 0.20633 0.49227 0.20878 0.50819 0.20070 0.51955 0.18747 0.52394 0.16068 0.53499 0.12966 0.53885 0.10486 0.54179 0.07274 0.54160 0.05257 0.53340 0.03034 0.52580 0.01973 0.51542 0.01536 0.50098 0.01560 0.48761 0.01939 0.46346 0.02875 0.44195 0.03426 0.41954 0.03997 0.41102 0.04883 0.40559 0.06032 0.40615 0.07478 0.40968 0.09142 0.41507 0.11378 0.42140 0.13171 0.42959 0.14360 0.43927 0.15800 0.45268 0.17959
4 0.13631 0.53989 0.14501 0.54227 0.15896 0.55012 0.17053 0.55565 0.17763 0.56683 0.20316 0.58021 0.21747 0.58234 0.22987 0.57547 0.23760 0.56443 0.24387 0.54946 0.24489 0.53796 0.24823 0.52550 0.25137 0.51214 0.24897 0.49197 0.24861 0.47841 0.24277 0.46132 0.23029 0.44705 0.21937 0.43715 0.20735 0.42654 0.20258 0.42191 0.19353 0.41490 0.18001 0.40462 0.17388 0.39652 0.16521 0.39131 0.15545 0.39432 0.14686 0.40132 0.14572 0.40485 0.13616 0.40877 0.12567 0.41570 0.11565 0.42488 0.10791 0.43592 0.10565 0.45192 0.10636 0.47010 0.11115 0.49117 0.11549 0.49824 0.12012 0.51559 0.12190 0.52838 0.12674 0.53487 0.13631 0.53989
4 0.08590 0.56800 0.08341 0.58592 0.08478 0.60866 0.08688 0.62890 0.09264 0.64413 0.09998 0.66090 0.10640 0.67035 0.10994 0.66772 0.12227 0.67685 0.13235 0.68128 0.14089 0.68887 0.15132 0.69794 0.16180 0.70276 0.16891 0.70360 0.18029 0.70823 0.18755 0.71280 0.19650 0.71043 0.20700 0.70350 0.21497 0.68911 0.21973 0.67446 0.22245 0.65320 0.22245 0.63393 0.22117 0.62198 0.21510 0.60823 0.20957 0.60000 0.19811 0.59350 0.18895 0.58746 0.17390 0.57890 0.16226 0.57010 0.15220 0.56425 0.14433 0.55981 0.14418 0.55467 0.14080 0.55210 0.13949 0.54297 0.13271 0.53924 0.12027 0.53108 0.11226 0.53936 0.09966 0.54674 0.09243 0.55721 0.08590 0.56800
4 1.00000 0.76732 0.99830 0.76968 0.99746 0.78350 0.99622 0.79692 0.99283 0.80469 0.98324 0.81143 0.96922 0.81958 0.95087 0.82960 0.92368 0.84243 0.92143 0.83632 0.91491 0.84711 0.90627 0.85835 0.90768 0.88719 0.90961 0.91405 0.91414 0.92202 0.94055 0.91753 1.00000 0.90489 1.00000 0.76732
4 1.00000 0.74347 0.99846 0.73487 0.99298 0.71205 0.99125 0.69503 0.99053 0.66792 0.98504 0.64652 0.97728 0.63078 0.96974 0.62345 0.97052 0.60636 0.96777 0.59049 0.96141 0.56646 0.95657 0.54962 0.95070 0.53536 0.94168 0.52552 0.93100 0.52121 0.92227 0.52165 0.91568 0.52917 0.91395 0.54176 0.91453 0.55339 0.90818 0.55615 0.89802 0.56019 0.88927 0.56346 0.88321 0.56757 0.87617 0.57893 0.86788 0.58587 0.86623 0.60032 0.86381 0.61118 0.85260 0.61920 0.84187 0.62947 0.83643 0.63204 0.82271 0.63120 0.81308 0.64218 0.80404 0.65302 0.80174 0.67185 0.81170 0.69794 0.82538 0.72229 0.83180 0.75101 0.84310 0.77306 0.86161 0.80532 0.87264 0.82460 0.89270 0.84337 0.90406 0.84942 0.91283 0.84473 0.91948 0.83157 0.92461 0.83941 0.93990 0.83428 0.96015 0.82433 0.97728 0.81599 0.98748 0.80771 0.99519 0.79949 0.99805 0.77444 1.00000 0.76346 1.00000 0.74347
1 0.85205 0.73435 0.85004 0.72609 0.85047 0.71976 0.85243 0.71708 0.85353 0.71213 0.85419 0.71104 0.85314 0.70673 0.85108 0.70358 0.85015 0.70037 0.85157 0.69516 0.85189 0.69188 0.85023 0.68827 0.84848 0.68240 0.84644 0.68114 0.84453 0.67871 0.84317 0.67768 0.84374 0.68511 0.84439 0.69234 0.84814 0.69986 0.84992 0.70704 0.84912 0.71401 0.84599 0.72072 0.84850 0.73076 0.85199 0.73701 0.85486 0.73923 0.85205 0.73435
2 0.12249 0.66861 0.14567 0.67804 0.15390 0.68779 0.17221 0.69424 0.18769 0.69095 0.19790 0.68648 0.20497 0.67808 0.20890 0.66575 0.20902 0.65366 0.20729 0.64369 0.20167 0.62994 0.19860 0.61910 0.19380 0.60920 0.18753 0.59962 0.17941 0.59043 0.16760 0.58374 0.16053 0.57950 0.14301 0.56771 0.14194 0.58805 0.14314 0.60273 0.13423 0.59888 0.12185 0.58772 0.11417 0.58418 0.11009 0.59941 0.10800 0.62399 0.10584 0.64284 0.11171 0.65596 0.12249 0.66861
1 0.91064 0.74024 0.91097 0.73844 0.91082 0.73646 0.90986 0.73533 0.90853 0.73455 0.90741 0.73559 0.90702 0.73714 0.90627 0.73823 0.90326 0.74048 0.90177 0.74066 0.90192 0.74517 0.90358 0.74789 0.90644 0.74956 0.90963 0.74901 0.91065 0.74706 0.91122 0.74507 0.91043 0.74136 0.91064 0.74024
1 0.90091 0.72440 0.89937 0.72219 0.89975 0.71891 0.90306 0.71513 0.90576 0.70760 0.90759 0.70187 0.90911 0.69727 0.90932 0.69362 0.90544 0.69725 0.90555 0.70284 0.90274 0.71025 0.89978 0.71529 0.89726 0.71943 0.89629 0.72245 0.89654 0.72320 0.89746 0.72460 0.89933 0.72541 0.90091 0.72440
4 0.55960 0.20246 0.56849 0.21467 0.58427 0.22072 0.60364 0.21849 0.62459 0.19852 0.63649 0.18189 0.64663 0.16140 0.65509 0.13751 0.65526 0.12055 0.65219 0.10757 0.63860 0.09400 0.62301 0.07992 0.61089 0.06887 0.58643 0.05902 0.57055 0.05394 0.55914 0.05213 0.54748 0.06542 0.54272 0.08007 0.53937 0.09394 0.53827 0.11251 0.53903 0.12645 0.54381 0.14894 0.55155 0.17644 0.55960 0.20246
2 0.20110 0.39673 0.21116 0.39499 0.22242 0.38382 0.22617 0.37504 0.22604 0.36309 0.22435 0.35388 0.22206 0.34439 0.22423 0.33196 0.22767 0.32045 0.23080 0.31380 0.23249 0.30665 0.23210 0.29477 0.22896 0.28626 0.22343 0.27786 0.21573 0.26553 0.20110 0.25706 0.19528 0.26867 0.18220 0.28263 0.17262 0.29544 0.17080 0.32336 0.16857 0.34179 0.16554 0.36279 0.16763 0.37511 0.17779 0.38013 0.18706 0.38854 0.20110 0.39673
2 0.69565 0.28743 0.70180 0.29643 0.70747 0.29589 0.71917 0.28908 0.72826 0.28150 0.73279 0.27555 0.73136 0.26255 0.72646 0.24895 0.72123 0.23378 0.71718 0.22100 0.71077 0.20973 0.70092 0.19586 0.69642 0.19150 0.67860 0.17367 0.66614 0.17166 0.65781 0.18175 0.65271 0.20179 0.64960 0.21442 0.65469 0.22365 0.66607 0.23320 0.67704 0.24284 0.68580 0.25261 0.69088 0.26916 0.69565 0.28743
1 1.00000 0.85296 0.99469 0.85223 0.99035 0.85547 0.98725 0.86209 0.98706 0.86848 0.99110 0.87417 0.99325 0.87698 0.99822 0.88401 1.00000 0.88703 1.00000 0.85296
