2 0.41215 0.61648 0.41779 0.63344 0.42227 0.64852 0.42743 0.66342 0.43173 0.68068 0.43511 0.69712 0.44517 0.70863 0.45630 0.71020 0.46619 0.70665 0.47260 0.69207 0.47153 0.67618 0.46908 0.66060 0.46520 0.64211 0.46039 0.62282 0.45429 0.60706 0.45024 0.59079 0.44822 0.57401 0.45498 0.56373 0.46122 0.55136 0.46891 0.54189 0.48149 0.53767 0.49188 0.53616 0.50413 0.53632 0.51403 0.53281 0.52686 0.52961 0.53649 0.52504 0.54629 0.51825 0.55093 0.50524 0.54765 0.48339 0.54291 0.46729 0.53843 0.45222 0.53330 0.43730 0.52171 0.42833 0.50947 0.42813 0.50059 0.43573 0.49054 0.44149 0.47956 0.43776 0.47196 0.42454 0.46587 0.40878 0.46113 0.39268 0.45550 0.37576 0.44324 0.36692 0.43142 0.36557 0.42067 0.37146 0.41494 0.38587 0.41519 0.40414 0.41560 0.42023 0.41441 0.43564 0.41391 0.45087 0.40928 0.46392 0.40015 0.47050 0.37794 0.47929 0.36734 0.47557 0.36027 0.48044 0.35190 0.49008 0.34540 0.50143 0.34286 0.51717 0.34811 0.53531 0.35749 0.54700 0.37024 0.55785 0.38105 0.56379 0.39186 0.56974 0.40166 0.58023 0.40733 0.59718 0.41215 0.61648
1 0.46663 0.47229 0.45378 0.46685 0.44145 0.46346 0.42913 0.46006 0.41831 0.46275 0.42110 0.47392 0.42244 0.49086 0.42541 0.50848 0.43351 0.52371 0.44440 0.53289 0.45581 0.53543 0.46612 0.53069 0.47287 0.52036 0.47541 0.50462 0.47340 0.48788 0.46663 0.47229
1 0.08183 0.49806 0.07262 0.51008 0.06914 0.52497 0.07211 0.54256 0.07657 0.55765 0.08309 0.57222 0.08368 0.57749 0.08486 0.56209 0.08697 0.54750 0.09045 0.53260 0.09415 0.51874 0.10133 0.50723 0.10158 0.49097 0.09069 0.49047 0.08183 0.49806
2 0.09786 0.53940 0.10363 0.52502 0.11157 0.51657 0.12228 0.51064 0.13395 0.50556 0.14839 0.50305 0.15972 0.50239 0.17152 0.50375 0.18370 0.50071 0.18743 0.48684 0.17822 0.47294 0.16640 0.46295 0.15430 0.45190 0.14163 0.44429 0.13082 0.43835 0.12449 0.42156 0.12178 0.40499 0.11461 0.39059 0.10851 0.37483 0.10446 0.35856 0.09460 0.36210 0.09865 0.37837 0.10270 0.39460 0.10633 0.41206 0.11039 0.42833 0.11223 0.44728 0.10675 0.46271 0.09745 0.47150 0.08629 0.46995 0.07480 0.46417 0.06434 0.45384 0.05343 0.46194 0.06020 0.47753 0.06468 0.49261 0.06806 0.50905 0.07008 0.52583 0.07320 0.54124 0.07523 0.55798 0.07971 0.57306 0.08933 0.56853 0.09348 0.55343 0.09786 0.53940
4 0.87432 0.69792 0.89136 0.69991 0.90839 0.70186 0.92396 0.69798 0.93748 0.68996 0.95243 0.67534 0.96303 0.65561 0.98515 0.61589 0.98820 0.59494 0.98990 0.57274 0.98637 0.55030 0.98370 0.52299 0.98759 0.49714 0.98481 0.46521 0.98128 0.44277 0.97652 0.41130 0.97459 0.38690 0.97008 0.36470 0.95744 0.34302 0.94100 0.33933 0.92421 0.33418 0.88638 0.32342 0.86898 0.31997 0.85232 0.31948 0.83700 0.32016 0.82192 0.33016 0.81048 0.34235 0.79941 0.35600 0.79139 0.37353 0.78737 0.39472 0.78505 0.41862 0.78505 0.44350 0.78674 0.47105 0.79623 0.48422 0.79356 0.50666 0.79612 0.52935 0.79965 0.55179 0.80659 0.57959 0.81303 0.60130 0.82045 0.62278 0.83017 0.64523 0.84319 0.66841 0.85801 0.68645 0.87432 0.69792
1 0.09840 0.34945 0.09882 0.34392 0.09570 0.33966 0.09303 0.34343 0.09179 0.34568 0.09300 0.35157 0.09707 0.35443 0.09840 0.34945
4 0.73395 0.66143 0.74367 0.64657 0.75817 0.62587 0.76582 0.60684 0.77117 0.58687 0.77651 0.56686 0.78053 0.54567 0.78554 0.52420 0.79089 0.50423 0.79090 0.47935 0.78821 0.45205 0.78395 0.42669 0.77641 0.40059 0.76473 0.37863 0.75122 0.36177 0.73518 0.34714 0.71983 0.33539 0.70427 0.32683 0.68749 0.32172 0.67081 0.32118 0.65488 0.32361 0.63930 0.32749 0.62373 0.33137 0.60962 0.34113 0.60003 0.36061 0.59405 0.38232 0.59466 0.40546 0.59393 0.42741 0.59392 0.45229 0.59358 0.47570 0.59418 0.49887 0.59576 0.52177 0.59866 0.54592 0.59965 0.57054 0.60159 0.60737 0.60646 0.63103 0.61388 0.65251 0.62811 0.67228 0.64258 0.68886 0.65961 0.69085 0.67494 0.69013 0.69088 0.68771 0.70585 0.68552 0.72227 0.67678 0.73395 0.66143
4 0.39514 0.72882 0.41253 0.73223 0.42836 0.73762 0.44479 0.74131 0.46119 0.74497 0.47823 0.74696 0.49392 0.74770 0.51022 0.74674 0.52579 0.74285 0.53967 0.73630 0.55108 0.72411 0.56180 0.70900 0.57154 0.69414 0.58150 0.67612 0.58821 0.65736 0.59222 0.63613 0.59453 0.61223 0.59575 0.58395 0.59647 0.56204 0.59648 0.53716 0.59746 0.51204 0.59844 0.48692 0.59881 0.46351 0.59527 0.44107 0.58943 0.41765 0.58165 0.39471 0.57324 0.37348 0.56681 0.35180 0.55452 0.33154 0.54358 0.31250 0.53006 0.29568 0.51498 0.28077 0.49893 0.27857 0.48261 0.27950 0.46668 0.28192 0.45113 0.28580 0.43555 0.28968 0.41901 0.29381 0.40344 0.29769 0.38580 0.29744 0.37084 0.29962 0.34954 0.30958 0.33713 0.32201 0.32472 0.33444 0.31329 0.34659 0.30562 0.36563 0.29796 0.38462 0.29529 0.40707 0.29528 0.43194 0.29356 0.45410 0.29186 0.47630 0.29382 0.50069 0.29675 0.52483 0.29722 0.55579 0.29588 0.57945 0.29917 0.60505 0.30402 0.62872 0.31049 0.65043 0.31693 0.67215 0.32823 0.69265 0.34357 0.70437 0.35888 0.71608 0.37835 0.72367 0.39514 0.72882
1 0.13986 0.48898 0.15025 0.48747 0.15675 0.47613 0.14805 0.46427 0.13665 0.46173 0.12752 0.46830 0.12795 0.48439 0.13986 0.48898
1 0.46285 0.69086 0.46136 0.69646 0.45969 0.69556 0.45602 0.69822 0.45236 0.70088 0.45471 0.70680 0.45925 0.70652 0.46313 0.70470 0.46658 0.70120 0.46919 0.69668 0.46919 0.68974 0.46508 0.68597 0.46285 0.69086
4 0.00000 0.48211 0.00124 0.48813 0.00477 0.51057 0.01219 0.53205 0.01378 0.55497 0.01438 0.57815 0.01791 0.60056 0.02448 0.62693 0.03360 0.65108 0.05003 0.66717 0.06608 0.68184 0.08336 0.69307 0.09867 0.70479 0.11668 0.71894 0.13406 0.73483 0.15268 0.74727 0.17081 0.75364 0.18821 0.75709 0.20707 0.76637 0.22519 0.77274 0.24016 0.77056 0.25318 0.75643 0.26387 0.74132 0.27422 0.72476 0.28553 0.69551 0.28954 0.67429 0.29259 0.65334 0.29723 0.63041 0.29990 0.60797 0.29929 0.58484 0.29966 0.56142 0.29903 0.53825 0.29649 0.51556 0.29320 0.48996 0.28967 0.46751 0.28810 0.44458 0.28651 0.42169 0.28068 0.39827 0.27229 0.37704 0.26133 0.35800 0.24904 0.33773 0.23933 0.31532 0.19942 0.28796 0.18166 0.28305 0.16536 0.28402 0.14832 0.28203 0.13275 0.28591 0.11620 0.29003 0.10235 0.29659 0.08739 0.29877 0.07133 0.29657 0.05539 0.29900 0.03945 0.30142 0.02594 0.30944 0.01393 0.31550 0.00143 0.33566 0.00000 0.34934 0.00000 0.48211
