4 0.70182 0.43269 0.69017 0.42435 0.68170 0.41867 0.68161 0.42511 0.68496 0.45076 0.68878 0.46351 0.69505 0.46743 0.70600 0.47349 0.71329 0.48014 0.72338 0.47933 0.72796 0.47871 0.73864 0.46821 0.74573 0.46060 0.75360 0.45757 0.76734 0.45571 0.77339 0.44445 0.77686 0.42087 0.77631 0.40524 0.77874 0.37801 0.77568 0.35189 0.77915 0.34579 0.77317 0.33266 0.76209 0.31418 0.74840 0.30868 0.73695 0.31460 0.74237 0.33787 0.74428 0.35759 0.74430 0.36679 0.74162 0.39541 0.73448 0.41959 0.72207 0.43290 0.71091 0.43835 0.70827 0.43292 0.70182 0.43269
4 0.75492 0.65783 0.76327 0.65807 0.77302 0.65773 0.79402 0.65912 0.80489 0.66034 0.80333 0.65640 0.80409 0.63747 0.80257 0.61436 0.80163 0.59256 0.79985 0.57185 0.79737 0.55676 0.79145 0.53487 0.78533 0.52230 0.77747 0.50554 0.77152 0.49270 0.76175 0.48239 0.75019 0.48173 0.73770 0.48989 0.72813 0.50060 0.72148 0.50856 0.72773 0.59088 0.72818 0.60870 0.72911 0.62012 0.73050 0.62433 0.73428 0.63618 0.73818 0.64110 0.74425 0.64702 0.75027 0.65160 0.75492 0.65783
4 0.31692 0.58898 0.31798 0.61424 0.31875 0.63126 0.32016 0.64612 0.32400 0.65450 0.33250 0.65394 0.34876 0.65204 0.35467 0.64837 0.35956 0.64101 0.37130 0.62649 0.38453 0.61378 0.39126 0.60849 0.39607 0.60885 0.39552 0.56760 0.39297 0.54053 0.39074 0.50706 0.39159 0.48573 0.39211 0.47000 0.39306 0.46677 0.39218 0.46201 0.39024 0.46235 0.38900 0.45733 0.38538 0.45533 0.38190 0.45225 0.37818 0.45238 0.37046 0.45505 0.34375 0.46770 0.33483 0.47174 0.32336 0.47879 0.31735 0.48939 0.31295 0.50072 0.31178 0.51301 0.31213 0.52818 0.31318 0.54305 0.31426 0.55872 0.31478 0.57362 0.31692 0.58898
4 0.15097 0.60370 0.14784 0.61579 0.14388 0.62947 0.14222 0.64128 0.14132 0.65796 0.14155 0.67725 0.14204 0.68278 0.15276 0.68463 0.16465 0.68222 0.17524 0.68029 0.18686 0.67833 0.18771 0.65612 0.18707 0.63351 0.18842 0.61305 0.18947 0.59637 0.18893 0.58951 0.18881 0.58175 0.18593 0.57985 0.18067 0.57737 0.17673 0.57485 0.16899 0.57334 0.16420 0.57173 0.15987 0.57477 0.15571 0.57869 0.15330 0.59009 0.15097 0.60370
4 0.88069 0.61483 0.87440 0.60253 0.86538 0.60338 0.85512 0.60933 0.85563 0.61384 0.85787 0.62228 0.86121 0.63654 0.86408 0.65774 0.86490 0.66597 0.89147 0.66424 0.88975 0.65578 0.88688 0.63458 0.88069 0.61483
4 0.68573 0.39368 0.68221 0.41589 0.68476 0.41856 0.69210 0.42659 0.69714 0.43055 0.70546 0.43164 0.70902 0.43704 0.71846 0.43487 0.72918 0.42575 0.73697 0.41168 0.73970 0.40192 0.74363 0.37418 0.74367 0.34887 0.73916 0.32510 0.73533 0.30315 0.73280 0.29220 0.71372 0.28182 0.70194 0.26935 0.68678 0.25700 0.67791 0.27525 0.67319 0.28922 0.66872 0.30180 0.67142 0.31781 0.67499 0.33195 0.67893 0.34837 0.68190 0.36299 0.68330 0.37674 0.68573 0.39368
4 0.25204 0.50750 0.26814 0.48375 0.27985 0.48168 0.28656 0.48421 0.29699 0.48771 0.29643 0.47172 0.28066 0.46288 0.26515 0.46122 0.25357 0.45665 0.24659 0.44640 0.24385 0.42055 0.23469 0.36897 0.22867 0.36532 0.21948 0.37613 0.20626 0.37714 0.19821 0.39951 0.18658 0.42476 0.18058 0.44264 0.18742 0.45951 0.18806 0.47771 0.19500 0.48686 0.20458 0.49756 0.21371 0.50608 0.23501 0.51527 0.24844 0.52032 0.25204 0.50750
4 0.31876 0.43410 0.33793 0.44724 0.34870 0.44824 0.36597 0.44212 0.37605 0.43210 0.38792 0.42065 0.39348 0.41309 0.38940 0.39299 0.39001 0.37502 0.39045 0.33498 0.38961 0.31983 0.38379 0.30255 0.37577 0.27476 0.36690 0.24930 0.36454 0.24295 0.34664 0.24863 0.32762 0.25758 0.31892 0.26294 0.30173 0.27136 0.30164 0.29529 0.30259 0.32241 0.30230 0.34910 0.30216 0.37165 0.30190 0.39927 0.30680 0.41658 0.31876 0.43410
4 0.39200 0.53311 0.39428 0.55247 0.39624 0.57317 0.39825 0.59520 0.39987 0.61085 0.40480 0.62000 0.41218 0.62799 0.41749 0.63766 0.42629 0.63549 0.44406 0.63114 0.46155 0.62866 0.47918 0.62512 0.48748 0.62403 0.49588 0.61548 0.50273 0.60326 0.50887 0.58574 0.51181 0.56833 0.51362 0.55416 0.51425 0.54162 0.51568 0.51654 0.51528 0.48993 0.51362 0.46789 0.51276 0.45327 0.51014 0.43925 0.50425 0.43334 0.49447 0.43288 0.48527 0.43347 0.47883 0.43210 0.46850 0.43113 0.45518 0.43106 0.44232 0.43390 0.42404 0.43401 0.41737 0.43610 0.41065 0.43687 0.40067 0.44574 0.39673 0.45493 0.39417 0.46301 0.39120 0.47456 0.39142 0.49612 0.39087 0.52090 0.39200 0.53311
4 0.64044 0.54121 0.64047 0.56251 0.64124 0.57926 0.64553 0.60067 0.64859 0.61202 0.65458 0.61580 0.66342 0.61975 0.67375 0.63110 0.68111 0.64336 0.69451 0.64609 0.70897 0.64825 0.72360 0.65040 0.73014 0.65470 0.72916 0.63689 0.72878 0.61587 0.72634 0.58161 0.72495 0.55184 0.72306 0.52315 0.72141 0.50643 0.71855 0.49561 0.71371 0.48407 0.70866 0.47679 0.70353 0.47218 0.69827 0.46890 0.67439 0.46121 0.66403 0.45944 0.65045 0.45672 0.64444 0.45747 0.63997 0.46161 0.63649 0.46866 0.63646 0.47292 0.63857 0.48776 0.64009 0.50075 0.64077 0.51510 0.64044 0.54121
4 0.49986 0.42916 0.51763 0.42854 0.54198 0.42309 0.54630 0.41512 0.53837 0.35466 0.53521 0.31704 0.52788 0.29153 0.52153 0.26783 0.51212 0.25298 0.50211 0.23860 0.49145 0.23207 0.47241 0.23136 0.46644 0.25365 0.46158 0.27268 0.46437 0.29973 0.46715 0.34426 0.46764 0.37599 0.46868 0.40586 0.47047 0.42190 0.47707 0.42627 0.49986 0.42916
4 0.15203 0.57393 0.15571 0.57869 0.16695 0.56900 0.17111 0.57216 0.18309 0.55684 0.19279 0.54987 0.19938 0.54909 0.20763 0.53627 0.21899 0.53074 0.22466 0.53496 0.24054 0.54710 0.24552 0.52098 0.22197 0.51076 0.20810 0.50351 0.19771 0.49062 0.18854 0.48101 0.18742 0.45951 0.18282 0.45415 0.17401 0.45501 0.15869 0.47984 0.14628 0.50402 0.13205 0.52880 0.13035 0.54322 0.14066 0.56439 0.15203 0.57393
4 0.23848 0.57442 0.23835 0.59093 0.23883 0.60449 0.23821 0.62235 0.23770 0.64340 0.23889 0.66227 0.23999 0.66835 0.24916 0.66670 0.26987 0.66491 0.28179 0.66077 0.28953 0.64852 0.29863 0.63462 0.30515 0.62800 0.31094 0.62620 0.31628 0.61643 0.31768 0.60573 0.31643 0.57995 0.31369 0.56274 0.31285 0.53854 0.31186 0.51541 0.31169 0.51035 0.30957 0.50563 0.30233 0.49657 0.29200 0.48548 0.28425 0.48202 0.27661 0.48176 0.27133 0.48327 0.26559 0.48640 0.26347 0.49180 0.25928 0.49887 0.25632 0.50563 0.24932 0.51360 0.24494 0.52546 0.24124 0.53651 0.23937 0.55136 0.23848 0.57442
4 0.54608 0.40868 0.54561 0.42158 0.55307 0.42454 0.57028 0.42532 0.59264 0.42454 0.60796 0.42400 0.61643 0.42049 0.61836 0.40570 0.61179 0.37556 0.60578 0.34402 0.60038 0.32121 0.59694 0.30154 0.59454 0.28552 0.59215 0.26997 0.58906 0.26041 0.57985 0.25153 0.57237 0.24811 0.55502 0.24320 0.54646 0.25270 0.53988 0.26627 0.53575 0.27976 0.53478 0.29589 0.53752 0.32156 0.53961 0.34634 0.54080 0.37160 0.54478 0.39769 0.54608 0.40868
4 0.32220 0.47192 0.32898 0.46561 0.33579 0.44992 0.33231 0.44507 0.32062 0.43720 0.31136 0.42482 0.30304 0.40800 0.30117 0.38598 0.30218 0.36220 0.30061 0.33851 0.30027 0.32859 0.29355 0.31557 0.28061 0.30332 0.27194 0.29755 0.26301 0.29455 0.22916 0.32665 0.23247 0.34752 0.23749 0.37550 0.24157 0.40793 0.24609 0.43207 0.25015 0.45346 0.25923 0.46032 0.27292 0.46260 0.28999 0.46642 0.30905 0.47459 0.32220 0.47192
4 0.86348 0.66602 0.86440 0.66173 0.85949 0.62782 0.85337 0.60513 0.84782 0.58349 0.84395 0.57431 0.83952 0.56940 0.83278 0.56937 0.82704 0.57303 0.82820 0.58577 0.83176 0.60136 0.83313 0.61010 0.83660 0.63314 0.83928 0.64902 0.84040 0.65564 0.83965 0.66445 0.84804 0.66602 0.86348 0.66602
4 0.80489 0.66034 0.80859 0.65968 0.81717 0.66124 0.82470 0.66338 0.84069 0.66388 0.84087 0.65882 0.83757 0.64056 0.83502 0.62361 0.83256 0.60399 0.82862 0.58762 0.82623 0.57013 0.82232 0.55456 0.81828 0.54059 0.81122 0.52646 0.80765 0.52605 0.79941 0.52900 0.79247 0.53350 0.79151 0.53647 0.79472 0.54700 0.79945 0.56574 0.80194 0.58616 0.80215 0.59733 0.80267 0.61196 0.80389 0.63189 0.80436 0.65024 0.80489 0.66034
4 0.61713 0.42322 0.63231 0.42730 0.64459 0.42779 0.66383 0.42527 0.67999 0.42241 0.68484 0.40338 0.68456 0.38636 0.68111 0.35796 0.67288 0.32420 0.66812 0.29354 0.66410 0.27481 0.65463 0.25858 0.64741 0.24503 0.63395 0.23722 0.62389 0.23895 0.61692 0.25024 0.60948 0.27442 0.60323 0.28844 0.60640 0.30903 0.61015 0.34617 0.61113 0.36546 0.61558 0.38739 0.61972 0.40933 0.61713 0.42322
4 0.20371 0.67375 0.22343 0.67107 0.23859 0.66876 0.23822 0.64969 0.23837 0.61574 0.23858 0.59643 0.23802 0.57182 0.23937 0.55136 0.23714 0.54678 0.22796 0.53800 0.21686 0.53351 0.21346 0.53363 0.20763 0.53627 0.20376 0.54395 0.19987 0.55540 0.19561 0.56908 0.19139 0.58365 0.18876 0.59307 0.18882 0.60748 0.18785 0.62194 0.18698 0.63950 0.18780 0.65456 0.18686 0.67833 0.20371 0.67375
4 0.41970 0.43472 0.43556 0.43233 0.45020 0.42997 0.46792 0.42797 0.46905 0.41643 0.46595 0.38020 0.46296 0.33843 0.45811 0.30501 0.45421 0.28122 0.44931 0.25517 0.44362 0.24157 0.43734 0.23718 0.43081 0.23465 0.41133 0.23901 0.39643 0.24275 0.39233 0.26590 0.39218 0.29673 0.38961 0.31983 0.39094 0.35797 0.38915 0.38564 0.39198 0.40532 0.39646 0.42817 0.40346 0.43529 0.41970 0.43472
4 0.51337 0.45538 0.51389 0.46522 0.51439 0.47958 0.51501 0.49740 0.51614 0.51945 0.51715 0.53833 0.51880 0.54998 0.52325 0.56554 0.52831 0.57841 0.53572 0.59226 0.54216 0.60402 0.54832 0.61765 0.55316 0.62413 0.56597 0.62502 0.58220 0.62711 0.60129 0.62991 0.61755 0.63280 0.62939 0.63638 0.63863 0.63686 0.63976 0.62351 0.63981 0.60460 0.64067 0.57315 0.64011 0.55214 0.64095 0.52522 0.64044 0.50553 0.63715 0.47742 0.63443 0.46580 0.62852 0.44897 0.62512 0.44296 0.62017 0.43861 0.61083 0.43547 0.60029 0.43345 0.59571 0.43440 0.57944 0.43124 0.56924 0.42894 0.55807 0.42933 0.54956 0.42936 0.54336 0.42984 0.53555 0.42985 0.53040 0.42976 0.52300 0.43135 0.51955 0.43413 0.51543 0.44333 0.51337 0.45538
4 0.73628 0.47105 0.73219 0.47672 0.71940 0.47947 0.71084 0.48023 0.71670 0.49014 0.71990 0.50245 0.72426 0.50460 0.73047 0.49794 0.73305 0.49279 0.74628 0.48497 0.75473 0.48099 0.75910 0.48314 0.76345 0.48483 0.76851 0.48925 0.77446 0.50147 0.77747 0.50554 0.79120 0.50640 0.79837 0.50984 0.80659 0.50817 0.80871 0.49843 0.81368 0.47387 0.81763 0.44659 0.81696 0.41855 0.81332 0.40211 0.79989 0.37773 0.78837 0.36387 0.77958 0.36694 0.77767 0.37391 0.77820 0.38907 0.77768 0.40059 0.77754 0.41394 0.77500 0.43796 0.77063 0.45329 0.76029 0.45595 0.75088 0.45858 0.73628 0.47105
