4 0.68706 0.39867 0.67415 0.39248 0.66481 0.38835 0.66585 0.39471 0.67360 0.41939 0.67958 0.43128 0.68644 0.43406 0.69827 0.43812 0.70660 0.44340 0.71640 0.44085 0.72080 0.43945 0.72949 0.42725 0.73516 0.41853 0.74238 0.41418 0.75559 0.40996 0.75959 0.39782 0.75891 0.37399 0.75566 0.35870 0.75332 0.33147 0.74577 0.30627 0.74813 0.29966 0.73996 0.28777 0.72584 0.27149 0.71141 0.26845 0.70116 0.27627 0.71053 0.29825 0.71584 0.31734 0.71745 0.32640 0.71978 0.35505 0.71696 0.38009 0.70704 0.39536 0.69700 0.40267 0.69345 0.39778 0.68706 0.39867
4 0.77845 0.61116 0.78672 0.60995 0.79626 0.60792 0.81718 0.60565 0.82810 0.60496 0.82588 0.60135 0.82334 0.58258 0.81783 0.56008 0.81312 0.53878 0.80777 0.51869 0.80270 0.50426 0.79308 0.48373 0.78487 0.47242 0.77422 0.45727 0.76613 0.44566 0.75472 0.43720 0.74322 0.43856 0.73233 0.44876 0.72477 0.46098 0.71961 0.46997 0.74005 0.54995 0.74359 0.56743 0.74649 0.57851 0.74859 0.58242 0.75437 0.59343 0.75907 0.59760 0.76607 0.60237 0.77279 0.60584 0.77845 0.61116
4 0.33515 0.61942 0.34058 0.64411 0.34430 0.66074 0.34826 0.67513 0.35350 0.68272 0.36178 0.68069 0.37746 0.67599 0.38264 0.67135 0.38618 0.66326 0.39522 0.64692 0.40604 0.63211 0.41175 0.62572 0.41655 0.62525 0.40884 0.58472 0.40164 0.55850 0.39363 0.52593 0.39076 0.50477 0.38854 0.48920 0.38892 0.48585 0.38723 0.48131 0.38537 0.48198 0.38328 0.47725 0.37937 0.47591 0.37541 0.47349 0.37176 0.47426 0.36463 0.47823 0.34051 0.49532 0.33244 0.50085 0.32237 0.50979 0.31828 0.52127 0.31592 0.53320 0.31690 0.54550 0.31988 0.56037 0.32350 0.57484 0.32728 0.59008 0.33038 0.60466 0.33515 0.61942
4 0.17428 0.66274 0.17330 0.67519 0.17177 0.68934 0.17219 0.70127 0.17420 0.71784 0.17778 0.73680 0.17922 0.74216 0.19009 0.74212 0.20139 0.73768 0.21148 0.73395 0.22258 0.73000 0.21956 0.70797 0.21500 0.68582 0.21279 0.66543 0.21092 0.64883 0.20920 0.64216 0.20773 0.63454 0.20457 0.63317 0.19895 0.63165 0.19464 0.62984 0.18675 0.62971 0.18176 0.62896 0.17802 0.63270 0.17461 0.63728 0.17421 0.64892 0.17428 0.66274
4 0.89485 0.54698 0.88652 0.53596 0.87778 0.53836 0.86870 0.54600 0.86999 0.55035 0.87367 0.55828 0.87944 0.57174 0.88595 0.59212 0.88818 0.60008 0.91404 0.59377 0.91088 0.58573 0.90437 0.56535 0.89485 0.54698
4 0.66445 0.36305 0.66484 0.38553 0.66781 0.38772 0.67643 0.39435 0.68209 0.39737 0.69047 0.39700 0.69491 0.40170 0.70383 0.39792 0.71280 0.38708 0.71803 0.37187 0.71902 0.36179 0.71808 0.33378 0.71373 0.30885 0.70516 0.28623 0.69757 0.26528 0.69318 0.25493 0.67259 0.24802 0.65882 0.23779 0.64175 0.22826 0.63618 0.24777 0.63395 0.26235 0.63174 0.27551 0.63718 0.29081 0.64315 0.30411 0.64989 0.31960 0.65534 0.33349 0.65911 0.34679 0.66445 0.36305
4 0.25711 0.55044 0.26884 0.52426 0.28001 0.52019 0.28706 0.52151 0.29794 0.52315 0.29461 0.50750 0.27755 0.50153 0.26198 0.50259 0.24979 0.50010 0.24114 0.49122 0.23395 0.46624 0.21597 0.41703 0.20940 0.41448 0.20223 0.42672 0.18939 0.43002 0.18535 0.45344 0.17827 0.48033 0.17547 0.49898 0.18514 0.51441 0.18893 0.53222 0.19735 0.54002 0.20864 0.54890 0.21912 0.55570 0.24169 0.56105 0.25579 0.56370 0.25711 0.55044
4 0.31007 0.46658 0.33123 0.47618 0.34201 0.47530 0.35795 0.46627 0.36614 0.45466 0.37584 0.44132 0.38001 0.43291 0.37250 0.41382 0.36997 0.39602 0.36346 0.35651 0.36000 0.34173 0.35127 0.32572 0.33854 0.29975 0.32539 0.27622 0.32196 0.27037 0.30532 0.27908 0.28815 0.29119 0.28050 0.29799 0.26504 0.30927 0.26911 0.33285 0.27475 0.35938 0.27910 0.38572 0.28288 0.40795 0.28742 0.43520 0.29525 0.45139 0.31007 0.46658
4 0.39940 0.55136 0.40500 0.57003 0.41052 0.59007 0.41633 0.61142 0.42064 0.62655 0.42709 0.63470 0.43574 0.64130 0.44265 0.64990 0.45093 0.64623 0.46769 0.63886 0.48448 0.63339 0.50122 0.62684 0.50921 0.62432 0.51600 0.61445 0.52062 0.60122 0.52362 0.58290 0.52349 0.56524 0.52282 0.55097 0.52126 0.53852 0.51831 0.51357 0.51330 0.48743 0.50784 0.46601 0.50445 0.45177 0.49944 0.43842 0.49261 0.43361 0.48290 0.43486 0.47394 0.43704 0.46736 0.43680 0.45702 0.43764 0.44389 0.43989 0.43172 0.44492 0.41374 0.44820 0.40753 0.45142 0.40105 0.45335 0.39276 0.46381 0.39047 0.47355 0.38936 0.48195 0.38844 0.49384 0.39240 0.51503 0.39616 0.53953 0.39940 0.55136
4 0.64546 0.51620 0.64919 0.53717 0.65285 0.55353 0.66080 0.57387 0.66579 0.58451 0.67234 0.58720 0.68173 0.58955 0.69388 0.59894 0.70325 0.60974 0.71693 0.61009 0.73154 0.60971 0.74632 0.60929 0.75350 0.61238 0.74945 0.59502 0.74543 0.57438 0.73708 0.54107 0.73053 0.51199 0.72369 0.48406 0.71916 0.46789 0.71447 0.45773 0.70769 0.44720 0.70146 0.44091 0.69560 0.43726 0.68985 0.43494 0.66500 0.43152 0.65450 0.43158 0.64065 0.43125 0.63486 0.43303 0.63118 0.43789 0.62897 0.44543 0.62968 0.44964 0.63434 0.46388 0.63809 0.47641 0.64125 0.49043 0.64546 0.51620
4 0.48757 0.43026 0.50496 0.42656 0.52799 0.41697 0.53086 0.40836 0.51254 0.35021 0.50291 0.31371 0.49125 0.28986 0.48089 0.26762 0.46904 0.25462 0.45668 0.24221 0.44505 0.23763 0.42618 0.24023 0.42417 0.26322 0.42269 0.28281 0.43013 0.30896 0.44060 0.35233 0.44660 0.38350 0.45281 0.41273 0.45736 0.42822 0.46461 0.43138 0.48757 0.43026
4 0.17016 0.63323 0.17461 0.63728 0.18399 0.62578 0.18864 0.62818 0.19777 0.61100 0.20611 0.60246 0.21248 0.60055 0.21837 0.58649 0.22860 0.57907 0.23491 0.58224 0.25266 0.59144 0.25302 0.56485 0.22806 0.55887 0.21314 0.55415 0.20068 0.54326 0.18998 0.53538 0.18514 0.51441 0.17968 0.50993 0.17115 0.51230 0.16037 0.53942 0.15235 0.56538 0.14265 0.59226 0.14347 0.60675 0.15730 0.62581 0.17016 0.63323
4 0.25538 0.61870 0.25812 0.63498 0.26094 0.64826 0.26343 0.66595 0.26659 0.68678 0.27103 0.70514 0.27317 0.71095 0.28192 0.70773 0.30200 0.70237 0.31303 0.69622 0.31852 0.68281 0.32507 0.66754 0.33033 0.65990 0.33573 0.65711 0.33929 0.64656 0.33881 0.63578 0.33310 0.61061 0.32742 0.59414 0.32238 0.57045 0.31740 0.54784 0.31635 0.54290 0.31344 0.53862 0.30474 0.53095 0.29264 0.52182 0.28440 0.51976 0.27683 0.52083 0.27190 0.52324 0.26679 0.52731 0.26564 0.53300 0.26274 0.54069 0.26100 0.54786 0.25549 0.55692 0.25324 0.56937 0.25151 0.58089 0.25225 0.59583 0.25538 0.61870
4 0.52952 0.40207 0.53130 0.41485 0.53917 0.41647 0.55624 0.41425 0.57813 0.40960 0.59312 0.40641 0.60085 0.40148 0.60019 0.38658 0.58848 0.35804 0.57709 0.32803 0.56781 0.30649 0.56100 0.28773 0.55586 0.27237 0.55081 0.25746 0.54610 0.24859 0.53549 0.24144 0.52753 0.23937 0.50959 0.23754 0.50281 0.24839 0.49869 0.26290 0.49696 0.27690 0.49881 0.29296 0.50596 0.31776 0.51232 0.34179 0.51788 0.36647 0.52633 0.39147 0.52952 0.40207
4 0.32003 0.50322 0.32560 0.49583 0.32959 0.47919 0.32532 0.47502 0.31244 0.46930 0.30117 0.45872 0.29005 0.44360 0.28439 0.42224 0.28125 0.39865 0.27560 0.37559 0.27354 0.36588 0.26467 0.35422 0.24979 0.34441 0.24025 0.34023 0.23093 0.33883 0.20317 0.37632 0.21005 0.39629 0.21986 0.42298 0.22951 0.45421 0.23815 0.47719 0.24587 0.49755 0.25599 0.50273 0.26988 0.50260 0.28735 0.50340 0.30753 0.50813 0.32003 0.50322
4 0.88679 0.60038 0.88695 0.59599 0.87622 0.56345 0.86626 0.54217 0.85704 0.52182 0.85163 0.51345 0.84641 0.50939 0.83977 0.51053 0.83476 0.51513 0.83811 0.52748 0.84432 0.54221 0.84719 0.55058 0.85460 0.57267 0.86001 0.58784 0.86226 0.59416 0.86304 0.60298 0.87158 0.60306 0.88679 0.60038
4 0.82810 0.60496 0.83163 0.60367 0.84035 0.60372 0.84813 0.60451 0.86397 0.60223 0.86327 0.59722 0.85685 0.57981 0.85140 0.56356 0.84557 0.54467 0.83884 0.52923 0.83346 0.51242 0.82689 0.49776 0.82049 0.48470 0.81108 0.47201 0.80750 0.47223 0.79990 0.47657 0.79385 0.48221 0.79341 0.48529 0.79840 0.49511 0.80632 0.51274 0.81232 0.53242 0.81447 0.54339 0.81751 0.55770 0.82218 0.57711 0.82582 0.59511 0.82810 0.60496
4 0.60202 0.40405 0.61767 0.40542 0.62986 0.40378 0.64836 0.39796 0.66378 0.39233 0.66526 0.37275 0.66202 0.35604 0.65369 0.32867 0.63972 0.29685 0.62972 0.26748 0.62250 0.24974 0.61036 0.23540 0.60090 0.22331 0.58628 0.21795 0.57668 0.22140 0.57177 0.23373 0.56865 0.25884 0.56492 0.27373 0.57162 0.29346 0.58176 0.32938 0.58608 0.34821 0.59427 0.36903 0.60215 0.38992 0.60202 0.40405
4 0.23838 0.72256 0.25734 0.71649 0.27187 0.71159 0.26819 0.69288 0.26244 0.65941 0.25929 0.64036 0.25447 0.61622 0.25225 0.59583 0.24926 0.59171 0.23869 0.58466 0.22698 0.58216 0.22365 0.58287 0.21837 0.58649 0.21589 0.59472 0.21405 0.60667 0.21224 0.62089 0.21060 0.63597 0.20965 0.64570 0.21221 0.65989 0.21376 0.67429 0.21596 0.69173 0.21938 0.70642 0.22258 0.73000 0.23838 0.72256
4 0.40958 0.44966 0.42479 0.44454 0.43880 0.43968 0.45590 0.43464 0.45501 0.42307 0.44566 0.38793 0.43546 0.34732 0.42489 0.31525 0.41692 0.29250 0.40757 0.26769 0.39960 0.25528 0.39265 0.25206 0.38578 0.25070 0.36735 0.25838 0.35333 0.26465 0.35331 0.28815 0.35852 0.31854 0.36000 0.34173 0.36794 0.37906 0.37097 0.40662 0.37718 0.42552 0.38556 0.44724 0.39369 0.45303 0.40958 0.44966
4 0.50542 0.45374 0.50764 0.46334 0.51062 0.47739 0.51433 0.49483 0.51927 0.51636 0.52355 0.53477 0.52719 0.54596 0.53427 0.56050 0.54150 0.57230 0.55120 0.58465 0.55959 0.59511 0.56802 0.60747 0.57391 0.61302 0.58668 0.61166 0.60302 0.61091 0.62231 0.61035 0.63882 0.61037 0.65110 0.61184 0.66029 0.61071 0.65909 0.59736 0.65585 0.57873 0.65123 0.54761 0.64704 0.52701 0.64318 0.50036 0.63926 0.48106 0.63114 0.45395 0.62645 0.44298 0.61771 0.42743 0.61331 0.42210 0.60769 0.41867 0.59794 0.41721 0.58721 0.41704 0.58286 0.41878 0.56630 0.41849 0.55585 0.41799 0.54492 0.42032 0.53654 0.42183 0.53052 0.42338 0.52283 0.42474 0.51774 0.42555 0.51073 0.42840 0.50781 0.43174 0.50536 0.44151 0.50542 0.45374
4 0.72767 0.43046 0.72462 0.43675 0.71250 0.44168 0.70420 0.44391 0.71170 0.45266 0.71698 0.46423 0.72166 0.46559 0.72661 0.45795 0.72826 0.45243 0.73993 0.44243 0.74756 0.43705 0.75223 0.43840 0.75681 0.43931 0.76257 0.44279 0.77054 0.45379 0.77422 0.45727 0.78788 0.45574 0.79554 0.45788 0.80335 0.45480 0.80374 0.44485 0.80437 0.41980 0.80353 0.39224 0.79800 0.36475 0.79156 0.34919 0.77410 0.32752 0.76035 0.31587 0.75222 0.32041 0.75156 0.32761 0.75471 0.34245 0.75620 0.35388 0.75838 0.36706 0.76005 0.39115 0.75841 0.40701 0.74869 0.41142 0.73987 0.41565 0.72767 0.43046
