1 0.69358 0.36554 0.69247 0.35847 0.68862 0.35725 0.68473 0.35773 0.68088 0.35650 0.67897 0.36098 0.68076 0.36755 0.68168 0.37506 0.68275 0.38172 0.68303 0.38804 0.68507 0.39458 0.68869 0.39795 0.69152 0.39295 0.69245 0.37841 0.69289 0.37199 0.69358 0.36554
1 0.76137 0.36953 0.75919 0.36385 0.75713 0.36919 0.75586 0.37486 0.75576 0.38209 0.75580 0.38844 0.75560 0.39483 0.75672 0.40189 0.75976 0.40661 0.76299 0.40283 0.76363 0.39597 0.76310 0.38967 0.76282 0.38334 0.76224 0.37662 0.76137 0.36953
1 0.39963 0.43351 0.40211 0.42862 0.40407 0.42449 0.40117 0.42096 0.39863 0.42375 0.39712 0.42817 0.39516 0.43230 0.39267 0.43543 0.39014 0.43821 0.38950 0.43971 0.38938 0.44537 0.38945 0.45103 0.38993 0.45663 0.39195 0.46132 0.39488 0.45848 0.39444 0.45324 0.39363 0.44662 0.39506 0.44151 0.39727 0.43770 0.39963 0.43351
4 0.00000 0.53058 0.05121 0.94764 0.06108 0.95713 0.07486 0.96151 0.10669 0.95457 0.11988 0.94687 0.13307 0.93917 0.14557 0.93308 0.15857 0.92388 0.17034 0.91181 0.18050 0.89384 0.18855 0.87310 0.19188 0.84989 0.19348 0.82690 0.20066 0.80626 0.20505 0.78445 0.20490 0.76168 0.20283 0.73761 0.19884 0.71228 0.19328 0.68864 0.18444 0.66693 0.17957 0.64169 0.17576 0.61785 0.16760 0.59453 0.15682 0.57155 0.14660 0.55305 0.13602 0.53156 0.12456 0.51017 0.11159 0.49809 0.09670 0.48471 0.08342 0.47722 0.06926 0.46985 0.05803 0.47884 0.04193 0.47012 0.02694 0.47047 0.00921 0.46967 0.00000 0.46945 0.00000 0.53058
1 0.70688 0.56621 0.70684 0.55985 0.70596 0.55275 0.70587 0.54598 0.70583 0.53962 0.70501 0.53294 0.70395 0.52628 0.70020 0.52378 0.69610 0.52257 0.69170 0.52693 0.69258 0.53404 0.69413 0.54064 0.69568 0.54723 0.69693 0.55344 0.69902 0.56039 0.70056 0.56698 0.70313 0.57387 0.70531 0.57955 0.70775 0.57331 0.70688 0.56621
1 0.81175 0.48675 0.81436 0.49194 0.81751 0.49750 0.82022 0.50351 0.82337 0.50907 0.82608 0.51510 0.82981 0.52143 0.83334 0.52609 0.83704 0.52605 0.84062 0.52307 0.84209 0.51696 0.84126 0.51026 0.83763 0.50478 0.83396 0.50099 0.83023 0.49677 0.82632 0.49302 0.82284 0.48878 0.81928 0.48582 0.81605 0.48156 0.81218 0.47822 0.80856 0.47484 0.80552 0.47013 0.80136 0.46640 0.79769 0.46261 0.79369 0.46013 0.78969 0.45765 0.78584 0.45643 0.78306 0.46186 0.78065 0.46639 0.78152 0.47349 0.78476 0.47776 0.78894 0.47767 0.79283 0.47720 0.79696 0.47669 0.80076 0.47749 0.80490 0.47911 0.80870 0.48203 0.81175 0.48675
1 0.62130 0.49360 0.62091 0.50043 0.61880 0.50535 0.62290 0.50866 0.62565 0.50494 0.62792 0.49533 0.62963 0.48918 0.63311 0.48536 0.63699 0.48489 0.64067 0.48273 0.63720 0.47850 0.63233 0.47697 0.62833 0.47662 0.62430 0.47584 0.61942 0.47220 0.61719 0.46611 0.61403 0.46650 0.61066 0.47115 0.60697 0.47330 0.60399 0.47706 0.60842 0.47906 0.61231 0.47859 0.61644 0.47808 0.62018 0.47846 0.62360 0.48228 0.62101 0.48727 0.62130 0.49360
4 0.34844 0.87321 0.36039 0.86263 0.37179 0.84756 0.38461 0.83687 0.39798 0.83066 0.41135 0.82447 0.42559 0.81816 0.43915 0.81345 0.45201 0.81035 0.46681 0.80854 0.48000 0.80084 0.49089 0.78887 0.50284 0.77829 0.51497 0.76919 0.52482 0.75583 0.53218 0.73669 0.53377 0.71370 0.53624 0.69061 0.53783 0.66761 0.53645 0.64195 0.53332 0.61650 0.53038 0.59255 0.52744 0.56859 0.52363 0.54475 0.52000 0.52239 0.51376 0.50037 0.50821 0.47674 0.50372 0.45449 0.49835 0.43236 0.49385 0.41012 0.48450 0.39151 0.47478 0.36991 0.46543 0.35130 0.45521 0.33280 0.44151 0.31473 0.42735 0.30735 0.41182 0.30318 0.39817 0.29269 0.39624 0.29141 0.38378 0.27623 0.36995 0.26425 0.35630 0.25377 0.34214 0.24639 0.32766 0.24361 0.31356 0.24382 0.29932 0.25013 0.28737 0.26072 0.27207 0.26563 0.25957 0.27173 0.24496 0.27504 0.23228 0.27964 0.21872 0.28434 0.20516 0.28904 0.19024 0.29695 0.17792 0.30454 0.16579 0.31363 0.15279 0.32282 0.14208 0.33630 0.13118 0.34828 0.12028 0.36025 0.10975 0.37522 0.09350 0.39392 0.08595 0.41158 0.07945 0.43060 0.08048 0.45328 0.08585 0.47541 0.09899 0.48899 0.11214 0.50257 0.12305 0.51947 0.13588 0.53765 0.14697 0.55605 0.15811 0.58202 0.16627 0.60534 0.17704 0.62833 0.18328 0.65036 0.18865 0.67250 0.19489 0.69452 0.19870 0.71837 0.20183 0.74381 0.20807 0.76585 0.21014 0.78990 0.22064 0.82508 0.23191 0.84498 0.24736 0.86283 0.26243 0.87771 0.27832 0.88487 0.29298 0.88915 0.30690 0.88744 0.32170 0.88562 0.33613 0.88081 0.34844 0.87321
1 0.82175 0.40960 0.82196 0.40321 0.81806 0.40158 0.81576 0.40695 0.81267 0.40988 0.80885 0.40695 0.80510 0.40656 0.80413 0.41262 0.80011 0.41608 0.79689 0.41988 0.79389 0.42363 0.79732 0.42745 0.80060 0.42408 0.80399 0.42155 0.80767 0.41939 0.81164 0.41763 0.81538 0.41590 0.81881 0.41378 0.82175 0.40960
4 0.65499 0.76567 0.66890 0.76396 0.68370 0.76215 0.69850 0.76033 0.71434 0.75992 0.73385 0.76055 0.74709 0.76044 0.76069 0.76334 0.77585 0.76451 0.79051 0.76879 0.80374 0.76868 0.81569 0.75810 0.82622 0.74313 0.83606 0.72976 0.84554 0.71340 0.85414 0.69715 0.86256 0.67941 0.87080 0.66016 0.88114 0.64369 0.89130 0.62574 0.89936 0.60499 0.90759 0.58574 0.91478 0.56510 0.92022 0.54469 0.92286 0.52307 0.92551 0.50148 0.92362 0.47892 0.92068 0.45497 0.91532 0.43282 0.90889 0.40930 0.90439 0.38707 0.89816 0.36503 0.88601 0.34525 0.87510 0.32836 0.86022 0.31499 0.84725 0.30291 0.83378 0.29392 0.82099 0.28332 0.80821 0.27275 0.79369 0.26237 0.77867 0.25510 0.76364 0.24782 0.74862 0.24055 0.73395 0.23627 0.71967 0.23499 0.70556 0.23521 0.69182 0.23841 0.67648 0.23573 0.65939 0.23326 0.64492 0.23049 0.63131 0.22760 0.61684 0.22481 0.60236 0.22204 0.58876 0.21915 0.57429 0.21637 0.55950 0.21819 0.54489 0.22150 0.53170 0.22920 0.51975 0.23978 0.50643 0.25357 0.49471 0.27324 0.48927 0.29367 0.48438 0.31859 0.48278 0.34158 0.48137 0.36606 0.48675 0.38820 0.49229 0.41183 0.49698 0.43556 0.50340 0.45909 0.50789 0.48133 0.51432 0.50486 0.51831 0.53020 0.52318 0.55544 0.52612 0.57940 0.52925 0.60484 0.53305 0.62869 0.53507 0.61628 0.54373 0.63650 0.55239 0.65670 0.56211 0.67830 0.57407 0.69659 0.58690 0.71477 0.60010 0.73594 0.61238 0.74963 0.62567 0.75713 0.64119 0.76130 0.65499 0.76567
2 0.58883 0.56830 0.59548 0.57041 0.60273 0.57392 0.60906 0.58047 0.61432 0.58861 0.62067 0.59516 0.62716 0.59949 0.63432 0.60228 0.64070 0.60223 0.64715 0.59924 0.65367 0.59331 0.65587 0.58351 0.65136 0.57454 0.64519 0.56944 0.63993 0.56128 0.63435 0.55391 0.62800 0.54736 0.62190 0.53932 0.61539 0.53132 0.60970 0.52323 0.60427 0.51363 0.59925 0.50398 0.59625 0.49337 0.59516 0.48104 0.59398 0.46800 0.59516 0.45686 0.60033 0.45036 0.60473 0.44103 0.60498 0.42927 0.60482 0.41757 0.60542 0.40503 0.60661 0.39389 0.60561 0.38229 0.60781 0.37250 0.60849 0.36069 0.60977 0.35027 0.61340 0.34176 0.61747 0.33320 0.61874 0.32278 0.61909 0.31174 0.61300 0.30370 0.60650 0.29937 0.59901 0.29735 0.59197 0.29896 0.58585 0.30117 0.57829 0.30210 0.57226 0.30504 0.56651 0.31014 0.56457 0.32211 0.56092 0.33061 0.55567 0.33639 0.54967 0.34299 0.54399 0.34882 0.53789 0.35469 0.53186 0.35764 0.52542 0.36062 0.51924 0.36578 0.51248 0.37320 0.50901 0.38315 0.50648 0.39373 0.50428 0.40353 0.50114 0.41270 0.49801 0.42188 0.49809 0.43286 0.49866 0.44452 0.50050 0.45602 0.50360 0.46737 0.50502 0.47892 0.50718 0.48964 0.51154 0.50083 0.51607 0.51346 0.51875 0.52486 0.52085 0.53853 0.52227 0.55008 0.52386 0.56307 0.52528 0.57462 0.52739 0.58830 0.53007 0.59969 0.53325 0.61175 0.53648 0.61722 0.54003 0.60800 0.54316 0.59882 0.54612 0.58820 0.54925 0.57901 0.55483 0.57247 0.56095 0.57025 0.56716 0.56875 0.57430 0.56788 0.58227 0.56690 0.58883 0.56830
