1 0.20842 0.42875 0.20958 0.44090 0.22305 0.44137 0.23247 0.44431 0.23678 0.43802 0.23735 0.43037 0.23350 0.41860 0.21972 0.41959 0.20842 0.42875
1 0.39868 0.49629 0.40581 0.50160 0.40704 0.50064 0.40803 0.49143 0.40565 0.48427 0.39941 0.48041 0.39553 0.48845 0.39868 0.49629
1 0.83932 0.89533 0.83126 0.88002 0.82320 0.90442 0.81994 0.91853 0.81616 0.93610 0.82197 0.95631 0.82654 0.95851 0.83401 0.95572 0.83522 0.93851 0.84164 0.91887 0.84340 0.90328 0.83932 0.89533
1 0.32648 0.66119 0.32680 0.66540 0.32485 0.68272 0.32547 0.69683 0.33193 0.70776 0.33774 0.71215 0.34097 0.70980 0.33906 0.68261 0.33203 0.64621 0.32504 0.63535 0.32627 0.62855 0.32267 0.60681 0.31782 0.59377 0.31347 0.58223 0.30833 0.57096 0.30045 0.59858 0.29905 0.61203 0.30144 0.61926 0.30793 0.60320 0.31021 0.60383 0.31136 0.61976 0.31098 0.63070 0.31569 0.64282 0.32033 0.65637 0.32648 0.66119
1 0.79954 0.78053 0.80390 0.77649 0.80745 0.77374 0.81230 0.77077 0.81682 0.76785 0.81775 0.75581 0.82018 0.74978 0.83257 0.74919 0.83445 0.73926 0.83369 0.72915 0.82621 0.72507 0.81942 0.73739 0.81008 0.74099 0.80273 0.74486 0.79505 0.74140 0.79306 0.75304 0.79319 0.75870 0.79189 0.76567 0.78749 0.77880 0.79045 0.78351 0.79954 0.78053
1 0.32233 0.34655 0.31876 0.33475 0.31576 0.33091 0.31040 0.32977 0.30778 0.33250 0.30601 0.33938 0.31255 0.36256 0.31693 0.38988 0.31471 0.40908 0.31414 0.42431 0.31830 0.43272 0.32352 0.41920 0.32867 0.40333 0.32996 0.38331 0.32769 0.36328 0.32233 0.34655
4 1.00000 0.52653 0.99814 0.51508 0.94461 0.47365 0.87594 0.40496 0.80446 0.35067 0.73195 0.30070 0.66425 0.33676 0.63681 0.36582 0.60970 0.41441 0.60180 0.46167 0.59541 0.52553 0.58960 0.58788 0.59315 0.64753 0.59655 0.68903 0.57624 0.76884 0.56352 0.83355 0.57865 0.91816 0.59140 0.99207 1.00000 0.93464 1.00000 0.52653
4 0.25161 0.86342 0.28570 0.85863 0.32927 0.86367 0.36708 0.86817 0.44084 0.90396 0.48838 0.89728 0.53627 0.86396 0.56719 0.75051 0.58402 0.65162 0.58318 0.50764 0.59130 0.46173 0.58886 0.42152 0.57540 0.37166 0.52412 0.25993 0.47629 0.17853 0.42764 0.11405 0.37707 0.07638 0.31100 0.05490 0.25164 0.03524 0.20588 0.03749 0.14720 0.05134 0.09051 0.06210 0.05580 0.12572 0.05169 0.21162 0.04750 0.32554 0.03703 0.41793 0.02736 0.45846 0.02805 0.53812 0.04696 0.62079 0.09365 0.68278 0.14309 0.75836 0.19853 0.81352 0.25161 0.86342
1 0.80687 0.86526 0.80326 0.90498 0.80403 0.93382 0.80744 0.94640 0.81189 0.91966 0.81598 0.89751 0.81911 0.88228 0.82113 0.87801 0.81921 0.87374 0.81440 0.86988 0.80687 0.86526
1 0.70202 0.73345 0.69727 0.73014 0.69381 0.72893 0.69067 0.73221 0.69185 0.73828 0.69811 0.74536 0.71182 0.75196 0.71618 0.74791 0.71243 0.73992 0.70202 0.73345
1 0.94357 0.87106 0.95008 0.87070 0.95613 0.86929 0.95880 0.86265 0.95793 0.85878 0.95419 0.85079 0.94715 0.84271 0.93053 0.83427 0.91801 0.82692 0.90147 0.81903 0.89002 0.82403 0.88694 0.83243 0.88848 0.84811 0.89786 0.85871 0.90854 0.86462 0.92253 0.86376 0.93681 0.86972 0.94357 0.87106
1 0.43857 0.48004 0.43455 0.47744 0.43142 0.47788 0.42910 0.48728 0.43389 0.49055 0.44190 0.49732 0.44496 0.50123 0.44697 0.50094 0.44677 0.49466 0.44395 0.48914 0.43857 0.48004
