1 0.32656 0.11841 0.32132 0.12434 0.32093 0.12490 0.31657 0.13368 0.31513 0.14319 0.31768 0.14909 0.32189 0.15079 0.32691 0.14678 0.32996 0.13702 0.33156 0.12689 0.33124 0.11826 0.32656 0.11841
1 0.48778 0.33304 0.48922 0.32518 0.48758 0.32038 0.48337 0.32591 0.48364 0.33311 0.48438 0.34151 0.48269 0.34932 0.48112 0.35769 0.48311 0.36313 0.48638 0.35517 0.48807 0.34737 0.48903 0.33938 0.48778 0.33304
1 0.10391 0.39905 0.10091 0.39556 0.09666 0.39505 0.09213 0.39666 0.08929 0.39979 0.08566 0.40711 0.08642 0.41443 0.08522 0.42235 0.08425 0.43033 0.08868 0.42705 0.08915 0.41895 0.09121 0.41069 0.09530 0.40568 0.09971 0.40349 0.10391 0.39905
4 0.27021 0.73237 0.27527 0.75403 0.28077 0.77393 0.29210 0.78788 0.30138 0.80319 0.31431 0.82127 0.32487 0.83130 0.33710 0.84181 0.34766 0.85184 0.36408 0.85594 0.37896 0.85225 0.39456 0.85613 0.41021 0.85631 0.42881 0.85168 0.44242 0.84948 0.45856 0.84424 0.47256 0.84401 0.48874 0.83505 0.50288 0.82377 0.51753 0.80698 0.53137 0.79003 0.54600 0.77329 0.56074 0.74912 0.57257 0.72614 0.58321 0.70094 0.59222 0.67534 0.59783 0.65634 0.60517 0.63033 0.61252 0.60436 0.61992 0.57469 0.62728 0.54867 0.63424 0.52075 0.63995 0.49433 0.64693 0.46635 0.65389 0.43843 0.66208 0.41262 0.67025 0.38687 0.67885 0.35930 0.68581 0.33138 0.68786 0.30218 0.68698 0.27784 0.68523 0.25333 0.68226 0.23028 0.67220 0.21111 0.65803 0.19458 0.64620 0.18604 0.63032 0.17282 0.61809 0.16237 0.60497 0.15910 0.59184 0.15582 0.57617 0.15565 0.56057 0.15176 0.54580 0.14807 0.53355 0.14129 0.52128 0.13450 0.50437 0.13588 0.48985 0.14525 0.47487 0.15632 0.45530 0.17189 0.43858 0.18997 0.42303 0.21389 0.40948 0.24022 0.39763 0.26326 0.38327 0.28933 0.37019 0.31392 0.35835 0.33690 0.34733 0.36013 0.33630 0.38337 0.32567 0.40857 0.32443 0.43792 0.31502 0.46523 0.30477 0.49238 0.29490 0.52144 0.28667 0.55091 0.27491 0.59809 0.26920 0.62451 0.26551 0.65325 0.26425 0.68632 0.26725 0.70932 0.27021 0.73237
1 0.19374 0.27541 0.18947 0.27763 0.18498 0.28572 0.18065 0.29319 0.18542 0.29636 0.19032 0.29034 0.19596 0.28385 0.20153 0.28261 0.20655 0.27860 0.20370 0.27263 0.19872 0.27402 0.19374 0.27541
2 0.07551 0.51449 0.07294 0.56220 0.07752 0.59065 0.08693 0.60664 0.09744 0.60427 0.11330 0.57106 0.14208 0.50006 0.16558 0.47122 0.18392 0.45842 0.20163 0.45291 0.22943 0.45364 0.26266 0.43962 0.26659 0.43314 0.28408 0.38170 0.30046 0.35103 0.34663 0.29681 0.35262 0.28218 0.35992 0.25051 0.35516 0.21588 0.34578 0.19737 0.32176 0.20257 0.30376 0.20926 0.28263 0.24489 0.26730 0.27829 0.25519 0.29884 0.23154 0.31652 0.22043 0.28398 0.20089 0.26420 0.18635 0.25937 0.16912 0.29103 0.15246 0.34143 0.12433 0.38649 0.10920 0.40509 0.09337 0.43584 0.08431 0.47453 0.07551 0.51449
2 0.37993 0.53711 0.37954 0.56667 0.37956 0.59452 0.37752 0.62367 0.37263 0.65030 0.36933 0.68100 0.36810 0.71041 0.36481 0.74110 0.36528 0.76721 0.36695 0.79542 0.37453 0.81403 0.38855 0.81380 0.40126 0.78731 0.40624 0.75330 0.41032 0.72647 0.41777 0.69308 0.42648 0.65814 0.43515 0.62691 0.44582 0.59805 0.45806 0.57698 0.47209 0.57308 0.48655 0.57109 0.50011 0.57261 0.51370 0.57413 0.52638 0.57916 0.54198 0.58305 0.55549 0.58828 0.57191 0.59237 0.58636 0.59044 0.60145 0.57189 0.61448 0.55102 0.62697 0.51148 0.63524 0.47830 0.64520 0.44186 0.65348 0.40867 0.66417 0.37976 0.65273 0.37324 0.63576 0.37827 0.62081 0.38934 0.60630 0.39505 0.58988 0.39095 0.57515 0.38355 0.56134 0.36898 0.54957 0.35678 0.54073 0.33972 0.53650 0.31827 0.52975 0.29987 0.51831 0.29335 0.50382 0.29900 0.48962 0.31398 0.47576 0.33465 0.45782 0.35057 0.44328 0.35994 0.43825 0.36614 0.42507 0.36652 0.41029 0.36284 0.39717 0.35957 0.38158 0.38353 0.37343 0.40929 0.36772 0.43572 0.37108 0.46068 0.37488 0.48388 0.37820 0.51255 0.37993 0.53711
4 0.67568 0.83714 0.69062 0.82974 0.70603 0.81692 0.72068 0.80012 0.73526 0.78709 0.75030 0.77226 0.76498 0.75180 0.77844 0.72922 0.78990 0.70423 0.80223 0.67578 0.81259 0.64125 0.82285 0.61415 0.83101 0.58834 0.83963 0.56078 0.85065 0.53760 0.86167 0.51436 0.87192 0.48720 0.88092 0.46165 0.88828 0.43564 0.88905 0.40804 0.88858 0.38193 0.88811 0.35583 0.88431 0.33263 0.87881 0.31273 0.87162 0.29608 0.86242 0.27707 0.85184 0.26703 0.83915 0.26200 0.82064 0.25925 0.80042 0.26347 0.78592 0.26912 0.77099 0.27653 0.75520 0.28745 0.73892 0.30378 0.72423 0.32424 0.71112 0.34882 0.69758 0.37510 0.68734 0.40226 0.67622 0.43287 0.66926 0.46079 0.66141 0.49228 0.65241 0.51783 0.64092 0.54648 0.63064 0.57363 0.62579 0.58649 0.61939 0.61534 0.61448 0.64197 0.61383 0.69005 0.61097 0.71899 0.61188 0.74334 0.61400 0.76985 0.61907 0.79151 0.62788 0.80856 0.63885 0.82056 0.65023 0.83080 0.66251 0.83759 0.67568 0.83714
4 1.00000 0.38793 0.99393 0.38962 0.97947 0.39160 0.96584 0.39374 0.95015 0.39728 0.93567 0.40294 0.92035 0.40839 0.90363 0.42647 0.88763 0.45220 0.87657 0.47910 0.86602 0.52843 0.85846 0.56920 0.85188 0.59908 0.84736 0.62767 0.84697 0.65723 0.85077 0.68043 0.84954 0.70984 0.85084 0.73615 0.85213 0.76240 0.85670 0.78952 0.86293 0.81706 0.87248 0.84170 0.88092 0.85680 0.89317 0.86358 0.90507 0.86835 0.91825 0.86797 0.92392 0.86653 1.00000 0.56139 1.00000 0.38793
1 0.50820 0.75750 0.50470 0.76431 0.50545 0.77162 0.50920 0.77310 0.51349 0.77143 0.51676 0.76348 0.51686 0.75583 0.51298 0.75486 0.51274 0.75480 0.50820 0.75750
4 0.07667 0.30564 0.06883 0.33708 0.06012 0.37202 0.05478 0.40034 0.04781 0.42832 0.04085 0.45624 0.03426 0.48617 0.02856 0.51255 0.02406 0.54113 0.02037 0.56987 0.01876 0.59732 0.01755 0.62667 0.01846 0.65102 0.01804 0.68063 0.02142 0.70559 0.03233 0.72125 0.04327 0.73330 0.05380 0.74705 0.06514 0.76101 0.07779 0.76970 0.08962 0.77824 0.10440 0.78192 0.12125 0.78426 0.13443 0.78382 0.14966 0.78575 0.16370 0.78185 0.18331 0.76262 0.19833 0.74784 0.21254 0.73280 0.22669 0.72152 0.24057 0.70087 0.25286 0.67608 0.26102 0.65027 0.27002 0.62472 0.27747 0.59132 0.28073 0.56429 0.28561 0.53771 0.29388 0.50453 0.30251 0.47696 0.31274 0.44986 0.32299 0.42270 0.33570 0.39621 0.34634 0.37102 0.35578 0.34371 0.36401 0.31419 0.37474 0.28161 0.38214 0.25194 0.38910 0.22402 0.39362 0.19543 0.39605 0.16824 0.39266 0.14328 0.38721 0.11966 0.37680 0.09848 0.36503 0.08628 0.35190 0.08301 0.33745 0.08500 0.32263 0.08498 0.30738 0.08676 0.28921 0.08964 0.27475 0.09162 0.26072 0.09552 0.24338 0.09860 0.22670 0.11303 0.21124 0.12956 0.20780 0.13984 0.19377 0.14374 0.17843 0.14923 0.16270 0.15644 0.14690 0.16730 0.13269 0.18234 0.11926 0.20125 0.10659 0.22408 0.09470 0.25077 0.08569 0.27637 0.07667 0.30564
2 0.75400 0.64890 0.76627 0.65569 0.77903 0.65701 0.79089 0.66183 0.80278 0.66666 0.81259 0.64125 0.81995 0.61524 0.83310 0.58700 0.84663 0.56072 0.85645 0.53531 0.85597 0.50921 0.84328 0.50418 0.82931 0.50070 0.81619 0.49743 0.80307 0.49415 0.78827 0.49047 0.77350 0.48678 0.76037 0.48351 0.74809 0.47678 0.73884 0.46148 0.72869 0.44968 0.71644 0.44290 0.70456 0.43807 0.69045 0.44568 0.67597 0.45134 0.66407 0.47808 0.65546 0.50560 0.64728 0.53140 0.63787 0.55871 0.62803 0.58411 0.62555 0.61501 0.63657 0.62335 0.65150 0.61595 0.66462 0.61922 0.67521 0.62926 0.68663 0.63583 0.70109 0.63385 0.71607 0.62278 0.72794 0.62755 0.73930 0.64151 0.75400 0.64890
