4 0.76647 0.58305 0.76893 0.60319 0.77477 0.61981 0.78223 0.63876 0.78887 0.65652 0.79383 0.67310 0.79880 0.69090 0.80627 0.70629 0.81290 0.72171 0.82037 0.73710 0.83117 0.74776 0.84360 0.75367 0.85853 0.74776 0.86930 0.73471 0.88010 0.72405 0.89003 0.70986 0.90333 0.69562 0.91327 0.68257 0.92323 0.66838 0.93153 0.65295 0.93980 0.63638 0.94643 0.62100 0.95310 0.60319 0.95723 0.58424 0.96220 0.56290 0.96137 0.54514 0.95640 0.52619 0.94810 0.51195 0.93980 0.49657 0.92987 0.48233 0.91823 0.47286 0.90580 0.46695 0.89337 0.45981 0.88010 0.45867 0.86767 0.46338 0.85437 0.46695 0.84193 0.47167 0.82783 0.47762 0.81540 0.47995 0.80213 0.48710 0.79133 0.49895 0.78553 0.51076 0.77807 0.53210 0.77060 0.54752 0.76730 0.56529 0.76647 0.58305
1 0.43317 0.71852 0.43247 0.70371 0.42693 0.69090 0.42280 0.67705 0.41797 0.68100 0.41380 0.69486 0.41313 0.70967 0.42280 0.71757 0.43317 0.71852
1 0.13300 0.42286 0.12867 0.41857 0.12300 0.42000 0.11867 0.42476 0.12367 0.42857 0.12900 0.42762 0.13300 0.42286
1 0.48300 0.52571 0.48033 0.53238 0.48367 0.53810 0.48900 0.53762 0.49400 0.53571 0.49967 0.53571 0.50467 0.53667 0.50967 0.53762 0.51300 0.53190 0.51133 0.52476 0.50700 0.52048 0.50300 0.51476 0.50267 0.50762 0.49867 0.50286 0.49433 0.50190 0.49433 0.50952 0.49267 0.51667 0.48767 0.52048 0.48300 0.52571
4 0.60637 0.70986 0.61383 0.72643 0.62213 0.74538 0.63127 0.75962 0.64040 0.77381 0.65283 0.78333 0.66693 0.78333 0.68103 0.78805 0.69430 0.79043 0.70840 0.78448 0.71920 0.77381 0.72997 0.75962 0.73993 0.74538 0.74740 0.72881 0.75320 0.70986 0.75650 0.69090 0.76067 0.66957 0.76313 0.65181 0.76397 0.63281 0.76397 0.61386 0.76397 0.59252 0.76397 0.57357 0.76397 0.55343 0.76230 0.53210 0.75983 0.51195 0.75983 0.49300 0.75733 0.47524 0.75153 0.45867 0.73993 0.44914 0.72747 0.44205 0.71420 0.43614 0.70093 0.43614 0.68517 0.43376 0.67190 0.43257 0.65780 0.43257 0.64537 0.43733 0.63210 0.44205 0.61967 0.45033 0.60803 0.45867 0.59560 0.46814 0.58813 0.48352 0.58317 0.50129 0.57817 0.52143 0.57487 0.53924 0.57487 0.56057 0.57487 0.58186 0.57733 0.60200 0.57733 0.62214 0.58317 0.63876 0.57487 0.63995 0.58480 0.65771 0.59063 0.67667 0.59727 0.69324 0.60637 0.70986
2 0.39600 0.57600 0.40400 0.57829 0.41000 0.58000 0.41600 0.57829 0.42080 0.57143 0.42640 0.56686 0.43240 0.56400 0.43800 0.55886 0.44400 0.55371 0.44960 0.54914 0.45520 0.54400 0.45880 0.53657 0.46160 0.52857 0.46640 0.52171 0.47040 0.51371 0.47280 0.50514 0.46720 0.50114 0.46240 0.50857 0.45760 0.51543 0.45120 0.51543 0.44440 0.51371 0.43840 0.51200 0.43120 0.51086 0.42400 0.51314 0.41840 0.51657 0.41160 0.52114 0.40640 0.52571 0.40080 0.52914 0.39600 0.53543 0.38880 0.55200 0.38560 0.56000 0.38520 0.56914 0.39000 0.57543 0.39600 0.57600
1 0.38640 0.52800 0.38880 0.52000 0.38200 0.52000 0.37600 0.52057 0.37200 0.51314 0.36640 0.50971 0.36200 0.51600 0.36720 0.52171 0.37360 0.52743 0.38000 0.52971 0.38640 0.52800
4 0.11063 0.63148 0.11870 0.65033 0.12677 0.66395 0.13777 0.67652 0.14950 0.68386 0.16050 0.68805 0.17150 0.69119 0.18250 0.69329 0.19570 0.69643 0.21183 0.69643 0.22503 0.69329 0.23530 0.68700 0.24630 0.67548 0.25360 0.65871 0.26020 0.64195 0.26460 0.62624 0.27120 0.61267 0.27707 0.59695 0.28073 0.58124 0.28220 0.56343 0.28220 0.54667 0.28440 0.52990 0.29247 0.51629 0.29980 0.50371 0.30567 0.48800 0.31080 0.47333 0.32840 0.41467 0.32913 0.39790 0.32400 0.38114 0.31667 0.36857 0.30493 0.35705 0.29467 0.34871 0.28367 0.34033 0.27340 0.33405 0.26240 0.32462 0.25067 0.31833 0.23897 0.31100 0.22870 0.30471 0.21770 0.29633 0.20303 0.28376 0.19130 0.27852 0.18030 0.28271 0.16710 0.28690 0.15317 0.29005 0.13337 0.29738 0.12017 0.30471 0.10917 0.31519 0.09817 0.32357 0.08863 0.33195 0.07837 0.34243 0.06883 0.35600 0.06300 0.36962 0.05860 0.38638 0.05420 0.40838 0.05933 0.42829 0.06227 0.44505 0.06593 0.46181 0.07030 0.47752 0.07323 0.49429 0.07617 0.51210 0.08130 0.52676 0.08570 0.54352 0.09010 0.56238 0.09230 0.57914 0.09963 0.60010 0.10477 0.61576 0.11063 0.63148
4 0.30600 0.64348 0.31150 0.65733 0.31703 0.67214 0.32187 0.68790 0.32810 0.70371 0.33570 0.71557 0.34470 0.72843 0.35507 0.73929 0.36403 0.75114 0.37373 0.76200 0.38410 0.76790 0.39447 0.77186 0.40690 0.77286 0.41797 0.77286 0.42833 0.77481 0.43940 0.77876 0.44977 0.78471 0.46080 0.79062 0.47117 0.79257 0.48363 0.78767 0.49330 0.78171 0.50160 0.77086 0.51057 0.75210 0.51817 0.73729 0.52440 0.72448 0.53130 0.71062 0.53893 0.69581 0.54790 0.68400 0.55480 0.66914 0.56033 0.65533 0.56727 0.64348 0.57210 0.62967 0.57487 0.61290 0.57487 0.58424 0.57417 0.56152 0.57417 0.54376 0.57417 0.52795 0.57763 0.51314 0.58040 0.49833 0.58177 0.48252 0.58247 0.46676 0.58247 0.45095 0.58177 0.43514 0.57970 0.41933 0.57280 0.40748 0.56520 0.39662 0.55550 0.38871 0.54377 0.38481 0.53270 0.38381 0.52027 0.38281 0.50990 0.38381 0.49813 0.38481 0.48777 0.38576 0.47463 0.38381 0.46427 0.37986 0.45183 0.37490 0.43940 0.37095 0.42763 0.36700 0.41450 0.36110 0.40343 0.36010 0.39240 0.36010 0.38133 0.36305 0.36957 0.36700 0.35990 0.37590 0.35090 0.38576 0.34263 0.39862 0.33433 0.41933 0.32673 0.43219 0.32050 0.44800 0.31567 0.46181 0.31150 0.47857 0.30807 0.49438 0.30113 0.50919 0.29353 0.52205 0.28663 0.53486 0.28247 0.54967 0.28247 0.56843 0.28180 0.58229 0.28733 0.59710 0.29353 0.61290 0.30047 0.62771 0.30600 0.64348
1 0.51800 0.47714 0.51367 0.48143 0.51100 0.48619 0.51567 0.49048 0.52033 0.48524 0.52300 0.47905 0.51800 0.47714
1 0.23300 0.45714 0.23800 0.46048 0.24300 0.46238 0.24567 0.45619 0.24033 0.45381 0.23600 0.44952 0.23500 0.44238 0.23433 0.43524 0.22967 0.43190 0.22667 0.42905 0.22900 0.43619 0.22967 0.44333 0.23167 0.45000 0.23300 0.45714
1 0.44640 0.48629 0.45000 0.49371 0.45280 0.48400 0.45240 0.47486 0.45200 0.46629 0.45360 0.45771 0.45400 0.44914 0.45680 0.44057 0.45080 0.44000 0.44720 0.44914 0.44640 0.45829 0.44640 0.46743 0.44600 0.47714 0.44640 0.48629
