1 0.58296 0.59501 0.57859 0.59618 0.57723 0.58880 0.57526 0.58660 0.57504 0.58344 0.57188 0.57924 0.56785 0.58214 0.56866 0.58945 0.57023 0.59515 0.57047 0.60239 0.57329 0.60696 0.57775 0.60751 0.58280 0.60560 0.58548 0.59996 0.58296 0.59501
1 0.52788 0.47399 0.52617 0.47152 0.52329 0.47645 0.52380 0.48255 0.52623 0.48737 0.52763 0.49245 0.52985 0.49687 0.53344 0.49430 0.53009 0.49086 0.53007 0.48483 0.52922 0.47944 0.52788 0.47399
1 0.49933 0.46935 0.50394 0.46630 0.50757 0.46131 0.50845 0.45417 0.50466 0.45054 0.50017 0.45270 0.49588 0.45806 0.49073 0.46060 0.48665 0.45693 0.48771 0.45570 0.48270 0.45463 0.47851 0.45185 0.47363 0.45216 0.47335 0.45937 0.47437 0.46584 0.47886 0.46865 0.48374 0.46834 0.48861 0.46804 0.49457 0.46877 0.49933 0.46935
1 0.39280 0.60646 0.40128 0.60923 0.41000 0.60506 0.41766 0.59543 0.42340 0.58206 0.42798 0.56855 0.43075 0.55568 0.43302 0.54192 0.43472 0.52806 0.43458 0.51483 0.43224 0.50047 0.42564 0.48736 0.42365 0.47481 0.42919 0.46315 0.43876 0.45203 0.45025 0.44465 0.45788 0.43502 0.44937 0.42782 0.43965 0.42576 0.43128 0.43175 0.42238 0.44209 0.41227 0.44791 0.40237 0.45198 0.39071 0.45141 0.38135 0.45113 0.37162 0.44907 0.36307 0.44715 0.35470 0.44348 0.34725 0.43728 0.33680 0.43159 0.32743 0.43134 0.31786 0.43281 0.31097 0.44604 0.30973 0.46083 0.31229 0.47344 0.31048 0.48816 0.31005 0.50132 0.31065 0.51547 0.30885 0.53019 0.30867 0.54598 0.30980 0.56547 0.30867 0.57941 0.30686 0.59413 0.30563 0.60892 0.30424 0.62019 0.31308 0.61512 0.32045 0.62218 0.32758 0.63098 0.33698 0.63564 0.34734 0.63253 0.35787 0.62326 0.36552 0.61363 0.37457 0.60686 0.38355 0.60532 0.39280 0.60646
4 0.51664 0.52242 0.51916 0.52650 0.52150 0.53207 0.52365 0.52479 0.52240 0.51860 0.52214 0.51253 0.52183 0.50683 0.52053 0.50101 0.51968 0.49562 0.52046 0.48930 0.51961 0.48392 0.51713 0.47946 0.51353 0.47600 0.50990 0.47480 0.50777 0.47982 0.50819 0.48667 0.51019 0.49295 0.51203 0.49846 0.51299 0.50499 0.51320 0.51143 0.51446 0.51762 0.51664 0.52242
4 0.67332 0.68622 0.68644 0.68277 0.70327 0.66963 0.71426 0.65581 0.72170 0.63646 0.73134 0.61991 0.74182 0.60346 0.75061 0.58681 0.75488 0.56582 0.75833 0.54470 0.76078 0.52474 0.75906 0.50426 0.75599 0.48109 0.75245 0.46168 0.74992 0.44110 0.74244 0.42626 0.73170 0.41732 0.72014 0.40832 0.70758 0.40044 0.69684 0.39153 0.68494 0.38502 0.67200 0.38720 0.65822 0.38932 0.64512 0.39277 0.63185 0.39748 0.61745 0.40458 0.60390 0.41178 0.59306 0.42437 0.58222 0.43697 0.57506 0.45382 0.57793 0.47191 0.58047 0.49248 0.58037 0.51398 0.57723 0.53261 0.57242 0.55100 0.56734 0.57193 0.56172 0.59022 0.55374 0.60697 0.55804 0.62014 0.56155 0.63959 0.56805 0.65560 0.57833 0.66825 0.59120 0.67361 0.60360 0.68275 0.61647 0.68810 0.63228 0.69005 0.64598 0.69554 0.65992 0.69220 0.67332 0.68622
1 0.71295 0.52822 0.70502 0.53310 0.70000 0.54199 0.69412 0.55006 0.69095 0.55190 0.68460 0.55991 0.67744 0.56635 0.68330 0.57439 0.69029 0.56940 0.69713 0.56145 0.70263 0.55258 0.70810 0.54374 0.71476 0.53724 0.72026 0.52837 0.71295 0.52822
1 0.14950 0.48262 0.15350 0.48085 0.15448 0.47493 0.15541 0.46939 0.15300 0.46645 0.14993 0.47098 0.15024 0.47668 0.14950 0.48262
4 0.19379 0.70205 0.20893 0.70267 0.22543 0.70594 0.23929 0.71017 0.25218 0.70164 0.26248 0.68645 0.27266 0.67249 0.28245 0.65472 0.29043 0.63796 0.29894 0.60987 0.30320 0.58885 0.30634 0.57026 0.30895 0.54903 0.30973 0.52890 0.30953 0.50986 0.30584 0.49167 0.29814 0.47174 0.29128 0.45192 0.28207 0.43053 0.27378 0.41555 0.26432 0.40299 0.25503 0.38921 0.24574 0.37539 0.23395 0.36130 0.21717 0.34656 0.20445 0.33994 0.19044 0.33694 0.17484 0.34008 0.14952 0.35346 0.13627 0.35817 0.12287 0.36411 0.10930 0.37131 0.09134 0.38685 0.07685 0.40152 0.06207 0.41868 0.05172 0.44783 0.04830 0.46891 0.04569 0.49014 0.04588 0.52307 0.04696 0.54852 0.04822 0.57275 0.05106 0.60476 0.05449 0.63178 0.05992 0.65649 0.06844 0.67655 0.05870 0.66649 0.06607 0.68890 0.07257 0.70490 0.08466 0.71654 0.10216 0.71869 0.11730 0.71926 0.13229 0.72110 0.14889 0.71680 0.16341 0.70847 0.17949 0.70158 0.19379 0.70205
1 0.64370 0.40376 0.64143 0.39760 0.63662 0.39746 0.63212 0.39962 0.63057 0.39989 0.62597 0.40294 0.62106 0.40596 0.61683 0.41088 0.61512 0.41746 0.61991 0.41533 0.62517 0.41190 0.62983 0.40840 0.63452 0.40716 0.63958 0.40778 0.64370 0.40376
4 0.88335 0.58665 0.89624 0.57808 0.90889 0.56447 0.91853 0.54792 0.92735 0.53127 0.93297 0.51297 0.93693 0.49444 0.93522 0.47397 0.93237 0.45592 0.92968 0.43657 0.92781 0.41736 0.92328 0.39907 0.91203 0.38754 0.90046 0.37854 0.89084 0.36724 0.87867 0.36318 0.86450 0.36144 0.85036 0.35970 0.83718 0.35684 0.82371 0.35643 0.80916 0.36480 0.79762 0.37606 0.78678 0.38865 0.77648 0.40384 0.76835 0.42182 0.76424 0.44158 0.76025 0.46011 0.75780 0.48007 0.76052 0.49938 0.76239 0.51860 0.76076 0.53866 0.75831 0.55862 0.75268 0.57695 0.75015 0.59056 0.75747 0.60667 0.76942 0.61953 0.78147 0.62478 0.79561 0.62652 0.81039 0.62328 0.82515 0.62003 0.84136 0.61187 0.85509 0.60345 0.87061 0.59396 0.88335 0.58665
4 1.00000 0.43617 0.98955 0.43759 0.97646 0.44107 0.96306 0.44701 0.95048 0.45305 0.93948 0.46691 0.93453 0.48656 0.93243 0.51038 0.93098 0.52918 0.92436 0.54863 0.91638 0.56539 0.90775 0.58078 0.90381 0.58535 0.90300 0.61944 0.90410 0.64493 0.90779 0.66308 0.91380 0.68284 0.92127 0.69768 0.93140 0.71160 0.94723 0.71355 0.95982 0.70747 0.97330 0.69392 0.98189 0.67807 1.00000 0.53058 1.00000 0.43617
1 0.49874 0.50864 0.49745 0.49531 0.48962 0.48729 0.47884 0.48423 0.47668 0.49714 0.47497 0.51100 0.47628 0.52437 0.47515 0.53830 0.46642 0.54248 0.47523 0.54711 0.48444 0.54382 0.49302 0.53609 0.49704 0.52250 0.49874 0.50864
1 0.25752 0.54041 0.25649 0.54670 0.26053 0.54871 0.26477 0.54696 0.26760 0.54241 0.27153 0.53911 0.26770 0.53751 0.26447 0.53712 0.26104 0.53632 0.25752 0.54041
4 0.40225 0.69093 0.41588 0.69008 0.42898 0.68663 0.44179 0.68568 0.45473 0.68345 0.46754 0.68250 0.48299 0.68058 0.50261 0.67918 0.51654 0.67584 0.52820 0.66334 0.53794 0.63922 0.54870 0.62028 0.55617 0.60093 0.56194 0.58138 0.56690 0.56172 0.57183 0.54206 0.57513 0.52220 0.57840 0.50234 0.57919 0.48218 0.57916 0.46191 0.57728 0.44270 0.57360 0.42451 0.56741 0.40602 0.56372 0.38783 0.55527 0.37415 0.54151 0.36231 0.52993 0.35330 0.51752 0.34420 0.50368 0.33997 0.49133 0.33717 0.47785 0.33680 0.46271 0.33618 0.44939 0.33455 0.43087 0.32722 0.41815 0.32060 0.39982 0.31835 0.38522 0.32033 0.37299 0.33022 0.36087 0.34647 0.34873 0.36271 0.34009 0.37810 0.32861 0.39571 0.31897 0.41223 0.31100 0.42898 0.30773 0.44885 0.30694 0.46901 0.30630 0.48795 0.30717 0.50832 0.30677 0.53231 0.30486 0.55487 0.30323 0.57493 0.30016 0.59987 0.29863 0.61236 0.30845 0.62878 0.31593 0.64362 0.32675 0.65887 0.33966 0.67061 0.35238 0.67722 0.36440 0.68247 0.37660 0.68654 0.38862 0.69179 0.40225 0.69093
1 0.62436 0.54693 0.61975 0.56044 0.61805 0.57430 0.61463 0.58796 0.61592 0.60129 0.62393 0.59348 0.62840 0.58086 0.63726 0.57580 0.64057 0.56299 0.64159 0.54995 0.64272 0.53601 0.64348 0.52026 0.64588 0.50561 0.65103 0.49217 0.65436 0.47937 0.64581 0.47745 0.63826 0.48622 0.63262 0.49870 0.62379 0.49411 0.61439 0.48944 0.60698 0.48763 0.60392 0.49344 0.60002 0.50613 0.59275 0.51754 0.58793 0.53280 0.58751 0.54591 0.59585 0.54958 0.60517 0.54548 0.60918 0.53190 0.61755 0.52587 0.62674 0.53228 0.62436 0.54693
2 0.46136 0.60197 0.47320 0.58822 0.48404 0.57562 0.49557 0.56436 0.50792 0.55323 0.52012 0.54334 0.53030 0.52938 0.53456 0.50836 0.53535 0.48819 0.52719 0.47202 0.51690 0.45936 0.50268 0.45127 0.48982 0.44588 0.47665 0.44302 0.46447 0.43896 0.45243 0.43371 0.43928 0.43081 0.42519 0.43542 0.41125 0.43877 0.39777 0.43839 0.38511 0.43808 0.37217 0.44031 0.35869 0.43993 0.34613 0.43205 0.33296 0.42915 0.32018 0.43011 0.30931 0.44270 0.31021 0.46308 0.31205 0.48232 0.30894 0.50092 0.30542 0.52962 0.30281 0.55084 0.30036 0.57080 0.29957 0.59097 0.30060 0.61008 0.30513 0.62837 0.32904 0.64017 0.34124 0.63027 0.35525 0.61932 0.37109 0.62126 0.38431 0.63047 0.39651 0.63453 0.41142 0.63002 0.42469 0.62531 0.43832 0.62446 0.45052 0.61456 0.46136 0.60197
2 0.65599 0.51062 0.65581 0.49158 0.65478 0.47248 0.65192 0.45439 0.64741 0.43610 0.64387 0.41669 0.64300 0.39632 0.63065 0.39352 0.61860 0.40219 0.60708 0.41342 0.59554 0.42468 0.58252 0.43448 0.57606 0.45266 0.57542 0.47160 0.57397 0.49040 0.57136 0.51163 0.57224 0.53200 0.57061 0.55206 0.56982 0.57223 0.56338 0.59042 0.55942 0.60891 0.56377 0.62847 0.57109 0.64453 0.57961 0.66460 0.59355 0.66125 0.60628 0.65395 0.61909 0.63903 0.62860 0.62375 0.63740 0.60709 0.64386 0.58891 0.64948 0.57062 0.65278 0.55076 0.65354 0.53059 0.65599 0.51062
