1 0.57960 0.59785 0.57519 0.59886 0.57408 0.59144 0.57219 0.58917 0.57208 0.58601 0.56907 0.58170 0.56494 0.58446 0.56550 0.59179 0.56686 0.59754 0.56686 0.60478 0.56951 0.60945 0.57395 0.61015 0.57906 0.60842 0.58194 0.60289 0.57960 0.59785
1 0.52877 0.47498 0.52714 0.47245 0.52410 0.47727 0.52440 0.48339 0.52666 0.48830 0.52787 0.49342 0.52994 0.49792 0.53362 0.49547 0.53039 0.49192 0.53058 0.48588 0.52992 0.48047 0.52877 0.47498
1 0.50040 0.46935 0.50511 0.46645 0.50892 0.46160 0.51004 0.45449 0.50639 0.45073 0.50182 0.45274 0.49735 0.45794 0.49211 0.46030 0.48816 0.45649 0.48926 0.45530 0.48429 0.45406 0.48020 0.45113 0.47532 0.45127 0.47479 0.45847 0.47558 0.46496 0.47997 0.46793 0.48485 0.46780 0.48973 0.46766 0.49566 0.46860 0.50040 0.46935
1 0.38915 0.60265 0.39753 0.60572 0.40639 0.60185 0.41437 0.59250 0.42059 0.57934 0.42564 0.56600 0.42885 0.55323 0.43159 0.53956 0.43378 0.52576 0.43410 0.51254 0.43226 0.49811 0.42612 0.48477 0.42458 0.47217 0.43052 0.46071 0.44048 0.44992 0.45221 0.44295 0.46017 0.43359 0.45192 0.42610 0.44227 0.42370 0.43370 0.42940 0.42445 0.43942 0.41414 0.44488 0.40411 0.44860 0.39247 0.44763 0.38312 0.44702 0.37348 0.44462 0.36500 0.44240 0.35677 0.43845 0.34954 0.43199 0.33928 0.42593 0.32993 0.42536 0.32031 0.42649 0.31297 0.43947 0.31121 0.45421 0.31333 0.46691 0.31101 0.48156 0.31012 0.49469 0.31023 0.50885 0.30791 0.52350 0.30718 0.53927 0.30763 0.55880 0.30602 0.57268 0.30370 0.58733 0.30194 0.60207 0.30017 0.61328 0.30917 0.60852 0.31629 0.61583 0.32311 0.62488 0.33235 0.62987 0.34280 0.62712 0.35365 0.61823 0.36164 0.60887 0.37091 0.60242 0.37994 0.60119 0.38915 0.60265
4 0.51585 0.52299 0.51823 0.52716 0.52037 0.53280 0.52277 0.52560 0.52174 0.51937 0.52169 0.51329 0.52158 0.50759 0.52048 0.50173 0.51982 0.49631 0.52082 0.49002 0.52015 0.48461 0.51784 0.48007 0.51435 0.47649 0.51077 0.47516 0.50847 0.48011 0.50865 0.48696 0.51043 0.49331 0.51207 0.49888 0.51281 0.50544 0.51280 0.51189 0.51384 0.51812 0.51585 0.52299
4 0.66672 0.69215 0.67995 0.68917 0.69722 0.67662 0.70869 0.66320 0.71680 0.64412 0.72701 0.62791 0.73806 0.61184 0.74743 0.59550 0.75243 0.57468 0.75661 0.55369 0.75976 0.53382 0.75875 0.51330 0.75649 0.49004 0.75364 0.47051 0.75182 0.44986 0.74487 0.43477 0.73445 0.42546 0.72320 0.41606 0.71093 0.40774 0.70050 0.39847 0.68884 0.39154 0.67584 0.39327 0.66198 0.39491 0.64878 0.39790 0.63535 0.40214 0.62071 0.40873 0.60692 0.41546 0.59564 0.42767 0.58437 0.43987 0.57663 0.45647 0.57886 0.47465 0.58068 0.49530 0.57983 0.51678 0.57604 0.53529 0.57060 0.55350 0.56479 0.57423 0.55853 0.59232 0.54997 0.60878 0.55381 0.62209 0.55664 0.64165 0.56257 0.65787 0.57241 0.67088 0.58508 0.67668 0.59716 0.68626 0.60983 0.69206 0.62556 0.69455 0.63907 0.70052 0.65311 0.69766 0.66672 0.69215
1 0.71183 0.53564 0.70374 0.54023 0.69841 0.54894 0.69226 0.55680 0.68902 0.55853 0.68240 0.56632 0.67501 0.57250 0.68059 0.58074 0.68775 0.57600 0.69487 0.56829 0.70067 0.55962 0.70644 0.55097 0.71333 0.54471 0.71914 0.53603 0.71183 0.53564
1 0.15032 0.47040 0.15438 0.46877 0.15556 0.46289 0.15669 0.45738 0.15438 0.45436 0.15115 0.45878 0.15126 0.46448 0.15032 0.47040
4 0.18693 0.69124 0.20204 0.69239 0.21841 0.69623 0.23212 0.70094 0.24529 0.69287 0.25612 0.67805 0.26678 0.66445 0.27718 0.64703 0.28574 0.63056 0.29522 0.60279 0.30022 0.58193 0.30401 0.56345 0.30736 0.54233 0.30884 0.52224 0.30930 0.50320 0.30625 0.48490 0.29925 0.46472 0.29308 0.44467 0.28463 0.42296 0.27687 0.40770 0.26785 0.39482 0.25904 0.38072 0.25025 0.36659 0.23895 0.35210 0.22269 0.33678 0.21022 0.32972 0.19632 0.32623 0.18062 0.32883 0.15485 0.34132 0.14144 0.34557 0.12785 0.35103 0.11403 0.35776 0.09554 0.37265 0.08054 0.38681 0.06518 0.40345 0.05381 0.43221 0.04966 0.45317 0.04631 0.47429 0.04535 0.50721 0.04554 0.53268 0.04595 0.55694 0.04768 0.58903 0.05017 0.61615 0.05473 0.64103 0.06254 0.66138 0.05315 0.65098 0.05974 0.67364 0.06568 0.68986 0.07736 0.70191 0.09477 0.70467 0.10988 0.70578 0.12480 0.70814 0.14153 0.70442 0.15634 0.69660 0.17265 0.69027 0.18693 0.69124
1 0.64697 0.40884 0.64492 0.40260 0.64011 0.40229 0.63554 0.40430 0.63399 0.40450 0.62928 0.40740 0.62427 0.41025 0.61987 0.41501 0.61793 0.42153 0.62279 0.41957 0.62817 0.41632 0.63295 0.41298 0.63767 0.41191 0.64271 0.41271 0.64697 0.40884
4 0.88009 0.59998 0.89327 0.59187 0.90639 0.57870 0.91660 0.56250 0.92600 0.54616 0.93225 0.52808 0.93686 0.50970 0.93586 0.48917 0.93364 0.47104 0.93163 0.45161 0.93043 0.43234 0.92655 0.41391 0.91570 0.40199 0.90446 0.39259 0.89524 0.38096 0.88322 0.37648 0.86912 0.37425 0.85504 0.37202 0.84198 0.36870 0.82852 0.36782 0.81369 0.37567 0.80177 0.38652 0.79049 0.39873 0.77967 0.41355 0.77092 0.43123 0.76612 0.45084 0.76148 0.46922 0.75834 0.48908 0.76038 0.50848 0.76158 0.52774 0.75925 0.54773 0.75610 0.56760 0.74984 0.58572 0.74684 0.59924 0.75359 0.61559 0.76508 0.62886 0.77694 0.63453 0.79101 0.63676 0.80590 0.63403 0.82076 0.63131 0.83725 0.62372 0.85126 0.61578 0.86711 0.60683 0.88009 0.59998
4 1.00000 0.45385 0.99144 0.45471 0.97822 0.45774 0.96463 0.46320 0.95184 0.46880 0.94037 0.48227 0.93473 0.50174 0.93181 0.52547 0.92970 0.54421 0.92240 0.56341 0.91385 0.57988 0.90468 0.59496 0.90058 0.59939 0.89858 0.63343 0.89880 0.65895 0.90185 0.67722 0.90717 0.69717 0.91412 0.71226 0.92375 0.72653 0.93951 0.72903 0.95230 0.72339 0.96624 0.71032 0.97538 0.69478 1.00000 0.53935 1.00000 0.45385
1 0.49844 0.50859 0.49762 0.49522 0.49007 0.48694 0.47940 0.48350 0.47679 0.49632 0.47460 0.51012 0.47544 0.52353 0.47382 0.53741 0.46496 0.54128 0.47360 0.54621 0.48292 0.54325 0.49177 0.53582 0.49625 0.52239 0.49844 0.50859
1 0.25625 0.53193 0.25501 0.53818 0.25898 0.54032 0.26328 0.53873 0.26626 0.53427 0.27030 0.53112 0.26653 0.52938 0.26332 0.52887 0.25992 0.52796 0.25625 0.53193
4 0.39565 0.68741 0.40930 0.68703 0.42251 0.68404 0.43534 0.68353 0.44835 0.68176 0.46119 0.68125 0.47670 0.67988 0.49635 0.67916 0.51040 0.67631 0.52249 0.66423 0.53306 0.64046 0.54448 0.62190 0.55261 0.60283 0.55907 0.58349 0.56471 0.56402 0.57032 0.54455 0.57431 0.52481 0.57827 0.50508 0.57976 0.48495 0.58044 0.46470 0.57924 0.44543 0.57619 0.42713 0.57065 0.40842 0.56760 0.39012 0.55963 0.37616 0.54630 0.36384 0.53503 0.35444 0.52295 0.34490 0.50926 0.34019 0.49702 0.33696 0.48356 0.33612 0.46845 0.33498 0.45519 0.33288 0.43694 0.32491 0.42446 0.31785 0.40622 0.31496 0.39156 0.31643 0.37900 0.32589 0.36632 0.34171 0.35361 0.35752 0.34444 0.37260 0.33235 0.38980 0.32215 0.40596 0.31359 0.42243 0.30963 0.44217 0.30814 0.46229 0.30684 0.48120 0.30700 0.50159 0.30576 0.52555 0.30306 0.54802 0.30073 0.56802 0.29680 0.59284 0.29483 0.60527 0.30407 0.62201 0.31102 0.63711 0.32131 0.65273 0.33381 0.66491 0.34628 0.67197 0.35812 0.67763 0.37016 0.68212 0.38200 0.68778 0.39565 0.68741
1 0.62264 0.55124 0.61757 0.56458 0.61538 0.57838 0.61150 0.59191 0.61232 0.60527 0.62059 0.59775 0.62550 0.58529 0.63453 0.58054 0.63829 0.56786 0.63976 0.55486 0.64138 0.54097 0.64268 0.52525 0.64559 0.51070 0.65121 0.49744 0.65499 0.48477 0.64651 0.48255 0.63866 0.49106 0.63259 0.50333 0.62392 0.49843 0.61469 0.49344 0.60735 0.49137 0.60409 0.49707 0.59975 0.50962 0.59209 0.52077 0.58674 0.53585 0.58585 0.54894 0.59406 0.55289 0.60352 0.54912 0.60800 0.53569 0.61657 0.52995 0.62553 0.53668 0.62264 0.55124
2 0.45782 0.60056 0.47014 0.58723 0.48141 0.57502 0.49333 0.56417 0.50606 0.55348 0.51859 0.54401 0.52925 0.53042 0.53425 0.50956 0.53574 0.48943 0.52815 0.47298 0.51831 0.45998 0.50438 0.45140 0.49171 0.44556 0.47865 0.44224 0.46663 0.43776 0.45477 0.43209 0.44173 0.42873 0.42749 0.43285 0.41344 0.43570 0.39998 0.43486 0.38735 0.43411 0.37433 0.43588 0.36088 0.43504 0.34860 0.42672 0.33554 0.42337 0.32273 0.42388 0.31143 0.43608 0.31161 0.45647 0.31279 0.47577 0.30902 0.49425 0.30450 0.52281 0.30115 0.54393 0.29801 0.56379 0.29652 0.58392 0.29688 0.60305 0.30077 0.62149 0.32425 0.63412 0.33679 0.62465 0.35118 0.61419 0.36693 0.61669 0.37983 0.62635 0.39188 0.63084 0.40693 0.62685 0.42036 0.62261 0.43402 0.62223 0.44655 0.61277 0.45782 0.60056
2 0.65553 0.51606 0.65601 0.49703 0.65565 0.47790 0.65342 0.45972 0.64955 0.44129 0.64670 0.42176 0.64653 0.40137 0.63429 0.39814 0.62195 0.40639 0.61003 0.41720 0.59811 0.42806 0.58476 0.43740 0.57767 0.45535 0.57637 0.47425 0.57426 0.49299 0.57092 0.51411 0.57108 0.53450 0.56875 0.55450 0.56725 0.57462 0.56018 0.59258 0.55558 0.61092 0.55925 0.63061 0.56600 0.64693 0.57382 0.66728 0.58786 0.66442 0.60084 0.65757 0.61417 0.64310 0.62420 0.62816 0.63358 0.61182 0.64067 0.59387 0.64693 0.57579 0.65091 0.55606 0.65238 0.53593 0.65553 0.51606
