1 0.49731 0.59254 0.49929 0.58909 0.50171 0.58590 0.50370 0.58245 0.50562 0.57842 0.50790 0.57584 0.50883 0.57164 0.50704 0.56769 0.50455 0.57002 0.50204 0.57235 0.50073 0.57659 0.49962 0.58112 0.49770 0.58515 0.49545 0.58801 0.49504 0.58778 0.49302 0.59092 0.49074 0.59351 0.48805 0.59586 0.48579 0.59844 0.48399 0.60187 0.48702 0.60273 0.48971 0.60037 0.49242 0.59833 0.49494 0.59603 0.49731 0.59254
1 0.16752 0.76850 0.17942 0.78546 0.19384 0.79758 0.20946 0.80200 0.22593 0.80482 0.24226 0.80615 0.25740 0.80606 0.27341 0.80438 0.28946 0.79359 0.30468 0.78442 0.31757 0.77245 0.32984 0.75449 0.34264 0.73189 0.34827 0.70856 0.35375 0.68371 0.35769 0.66358 0.35902 0.63766 0.35765 0.61507 0.34861 0.59630 0.33839 0.57614 0.32719 0.55607 0.31498 0.53612 0.30393 0.51756 0.29572 0.49720 0.28452 0.47715 0.27263 0.46019 0.25873 0.44347 0.24379 0.43593 0.22616 0.43172 0.21015 0.43340 0.19562 0.43948 0.18010 0.44567 0.16541 0.45023 0.14888 0.45652 0.13583 0.46700 0.12294 0.47897 0.11298 0.49973 0.10404 0.52039 0.10035 0.55262 0.10086 0.57684 0.10255 0.60244 0.10392 0.62503 0.10760 0.65045 0.11897 0.67199 0.13353 0.68563 0.14174 0.70599 0.14995 0.72636 0.15748 0.74984 0.16752 0.76850
4 0.20389 0.72901 0.20089 0.72508 0.19933 0.71927 0.19852 0.71371 0.19661 0.70897 0.19361 0.70504 0.19005 0.69801 0.18877 0.69250 0.18599 0.68858 0.18334 0.69238 0.18466 0.69824 0.18770 0.70250 0.19136 0.70600 0.19331 0.71108 0.19338 0.71635 0.18734 0.71698 0.18327 0.71847 0.18137 0.72292 0.18402 0.72792 0.18838 0.72922 0.19192 0.72921 0.19685 0.73151 0.19982 0.73508 0.20260 0.73904 0.20472 0.73457 0.20389 0.72901
1 0.28261 0.67700 0.27918 0.68018 0.28295 0.68260 0.28713 0.68217 0.29100 0.68528 0.29439 0.68847 0.29520 0.68274 0.29244 0.67879 0.29053 0.67404 0.28684 0.67479 0.28261 0.67700
1 0.73940 0.56656 0.73789 0.56108 0.73570 0.55600 0.73353 0.55095 0.73162 0.54621 0.72987 0.54075 0.72838 0.53563 0.72761 0.53040 0.72699 0.52449 0.72690 0.51919 0.72498 0.51445 0.72316 0.52383 0.72327 0.52946 0.72315 0.53512 0.72374 0.54070 0.72655 0.54498 0.72911 0.54929 0.73084 0.55442 0.73259 0.55988 0.73459 0.56564 0.73724 0.57067 0.73940 0.56656
1 0.15227 0.56900 0.14949 0.56720 0.14879 0.56727 0.15032 0.57276 0.15185 0.57611 0.15182 0.58033 0.15203 0.58456 0.15495 0.58567 0.15761 0.58397 0.15762 0.57973 0.15673 0.57560 0.15488 0.57155 0.15227 0.56900
1 0.42709 0.60492 0.43078 0.60657 0.43452 0.60855 0.43780 0.60997 0.44071 0.61142 0.44385 0.61344 0.44714 0.61485 0.45003 0.61630 0.45363 0.61710 0.45706 0.61794 0.46044 0.61845 0.46329 0.61756 0.46582 0.61554 0.46440 0.61128 0.46152 0.61188 0.45813 0.61311 0.45502 0.61343 0.45205 0.61316 0.44871 0.61116 0.44543 0.60975 0.44133 0.60811 0.43808 0.60698 0.43499 0.60554 0.43148 0.60387 0.42853 0.60181 0.42553 0.59950 0.42304 0.59621 0.42108 0.59262 0.41999 0.58773 0.41852 0.58317 0.41708 0.57863 0.41400 0.57926 0.41311 0.58374 0.41049 0.58873 0.40892 0.59242 0.40652 0.59560 0.40577 0.59981 0.40900 0.60065 0.41213 0.60060 0.41563 0.60023 0.41851 0.59965 0.42149 0.60020 0.42429 0.60256 0.42709 0.60492
1 0.34616 0.60613 0.35001 0.60679 0.35087 0.60176 0.34752 0.59893 0.34561 0.59418 0.34257 0.58992 0.34024 0.58559 0.33853 0.58049 0.33632 0.57508 0.33356 0.57112 0.33146 0.56464 0.32756 0.56329 0.32594 0.56804 0.32954 0.57330 0.33251 0.57687 0.33530 0.58116 0.33729 0.58659 0.33858 0.59210 0.34029 0.59723 0.34273 0.60261 0.34616 0.60613
4 0.13739 0.93395 0.15096 0.91886 0.16309 0.89940 0.17203 0.87875 0.17583 0.85712 0.17545 0.83440 0.17277 0.80890 0.16910 0.78350 0.16073 0.76162 0.15089 0.73536 0.14137 0.71209 0.12864 0.69676 0.11406 0.68312 0.10102 0.66477 0.08375 0.65447 0.06850 0.64392 0.05254 0.63652 0.03685 0.64119 0.02233 0.64726 0.01311 0.65094 0.04657 0.96927 0.06438 0.97045 0.08023 0.96724 0.09607 0.96407 0.11176 0.95938 0.12465 0.94741 0.13739 0.93395
4 0.64545 0.64585 0.65710 0.64990 0.66957 0.65490 0.68378 0.65656 0.69512 0.65749 0.70645 0.65840 0.71777 0.65930 0.72925 0.65494 0.74084 0.65163 0.75104 0.64843 0.76214 0.64727 0.77327 0.64610 0.78427 0.64391 0.79504 0.63962 0.80503 0.63435 0.81490 0.62803 0.82487 0.62277 0.83624 0.61738 0.84612 0.61107 0.85496 0.60170 0.86219 0.59041 0.87023 0.58010 0.87875 0.56761 0.88749 0.55723 0.89474 0.54593 0.90153 0.53047 0.90683 0.51411 0.90946 0.49908 0.91257 0.48191 0.91671 0.46779 0.91993 0.45165 0.92282 0.43238 0.92502 0.41321 0.92477 0.39743 0.92370 0.38070 0.92254 0.36291 0.92068 0.34521 0.91801 0.32652 0.91568 0.31096 0.91152 0.29140 0.90629 0.27510 0.90060 0.26096 0.89212 0.24710 0.88016 0.23361 0.86891 0.22004 0.85949 0.21050 0.84994 0.19992 0.83982 0.19045 0.82797 0.17801 0.81647 0.16869 0.80646 0.16024 0.79597 0.15397 0.78340 0.14795 0.77072 0.14085 0.75837 0.13687 0.74658 0.13179 0.73274 0.12693 0.72109 0.12288 0.70894 0.12100 0.69612 0.11919 0.68478 0.11829 0.67159 0.11968 0.65930 0.12306 0.65024 0.13033 0.64016 0.13454 0.62612 0.14130 0.61535 0.14558 0.60317 0.15002 0.59062 0.15765 0.57809 0.16531 0.56635 0.17392 0.55831 0.18423 0.55349 0.19842 0.54946 0.21359 0.54565 0.23084 0.54197 0.24913 0.53816 0.26640 0.53575 0.28349 0.53253 0.29964 0.52813 0.31801 0.52701 0.33391 0.52517 0.34991 0.52495 0.36783 0.52600 0.38457 0.53043 0.39991 0.53879 0.41272 0.55191 0.42399 0.55470 0.43755 0.55883 0.45025 0.56120 0.46396 0.56393 0.47932 0.56544 0.49899 0.56755 0.51924 0.57149 0.53673 0.57521 0.55212 0.58034 0.56739 0.58741 0.58139 0.59696 0.59198 0.60660 0.60359 0.61518 0.61850 0.62473 0.62906 0.63463 0.63645 0.64545 0.64585
4 0.44655 0.71644 0.45552 0.71812 0.46766 0.71685 0.48129 0.71279 0.48951 0.70754 0.49754 0.70055 0.50617 0.69350 0.51345 0.68483 0.52014 0.67622 0.52601 0.66508 0.53136 0.65485 0.53730 0.64459 0.54297 0.63170 0.54815 0.61973 0.55199 0.60618 0.55534 0.59353 0.55754 0.58101 0.55848 0.56776 0.56068 0.55524 0.56394 0.54174 0.56712 0.52736 0.56748 0.51414 0.56672 0.49581 0.56508 0.48017 0.56219 0.46380 0.55909 0.45097 0.55531 0.43732 0.54988 0.42471 0.54349 0.41398 0.53506 0.40610 0.52605 0.39827 0.51810 0.38945 0.51015 0.38062 0.50268 0.37087 0.49474 0.36204 0.48572 0.35422 0.47573 0.34826 0.46507 0.34148 0.45549 0.33371 0.44615 0.32855 0.43693 0.32424 0.42721 0.32088 0.41760 0.31840 0.40775 0.31943 0.39792 0.32047 0.38920 0.32663 0.38018 0.33548 0.37117 0.34434 0.36371 0.35127 0.35642 0.35991 0.34862 0.37478 0.34354 0.38760 0.33952 0.39945 0.33549 0.41127 0.33117 0.42577 0.32801 0.44015 0.32385 0.45637 0.32166 0.46889 0.31857 0.48413 0.31598 0.49845 0.31532 0.51433 0.31610 0.52740 0.31940 0.54197 0.32664 0.55526 0.33245 0.56607 0.33960 0.57847 0.34677 0.59088 0.35499 0.60230 0.35809 0.61513 0.36080 0.62979 0.36058 0.63330 0.36495 0.64689 0.37276 0.66012 0.38080 0.66981 0.38720 0.68053 0.39457 0.68942 0.40368 0.69812 0.41261 0.70509 0.42124 0.70944 0.43692 0.71393 0.44655 0.71644
