4 0.39289 0.23448 0.40369 0.23880 0.41485 0.23770 0.42699 0.23427 0.43717 0.22802 0.44624 0.21986 0.45425 0.20977 0.46075 0.19570 0.46589 0.18189 0.47035 0.16821 0.47236 0.15290 0.47347 0.13666 0.47185 0.12098 0.46865 0.10454 0.45940 0.09353 0.44839 0.08821 0.43672 0.08299 0.42447 0.08218 0.41309 0.08226 0.40193 0.08336 0.39095 0.08549 0.37999 0.08762 0.36992 0.09065 0.35732 0.10270 0.34834 0.11512 0.34253 0.12906 0.33984 0.14450 0.34215 0.16007 0.34720 0.17509 0.35412 0.18869 0.36308 0.20187 0.37234 0.21288 0.38130 0.22609 0.39289 0.23448
4 0.22205 0.56327 0.23363 0.56423 0.24499 0.56414 0.25615 0.56304 0.26692 0.55987 0.27640 0.55378 0.28638 0.54649 0.29623 0.53497 0.30342 0.52079 0.30768 0.50608 0.31056 0.49164 0.30942 0.47480 0.30711 0.45923 0.29883 0.44592 0.28918 0.43284 0.27758 0.42443 0.26679 0.42013 0.25550 0.41698 0.24480 0.40946 0.23380 0.40413 0.22095 0.40024 0.20966 0.39708 0.19702 0.39422 0.18399 0.39675 0.17197 0.40441 0.16247 0.41790 0.15829 0.44015 0.15600 0.45766 0.15577 0.47480 0.15760 0.49150 0.16305 0.50858 0.16880 0.52348 0.17805 0.53449 0.18916 0.54405 0.20006 0.55260 0.21058 0.55911 0.22205 0.56327
4 0.81962 0.64024 0.82898 0.65551 0.83786 0.67192 0.84712 0.68293 0.85637 0.69394 0.86611 0.70376 0.87827 0.70782 0.89113 0.71171 0.90221 0.71383 0.91406 0.71260 0.92641 0.71020 0.93608 0.70511 0.94604 0.69783 0.95433 0.68554 0.95977 0.66956 0.96205 0.65205 0.96336 0.63685 0.96508 0.62371 0.96708 0.60839 0.96641 0.59036 0.96390 0.57379 0.95962 0.55542 0.95389 0.54051 0.94590 0.52500 0.93740 0.51066 0.93030 0.49602 0.92251 0.48154 0.91423 0.46820 0.90478 0.45618 0.89386 0.44764 0.88330 0.45180 0.87500 0.46409 0.86769 0.47404 0.85733 0.47926 0.84636 0.48139 0.83159 0.48961 0.82340 0.49867 0.81629 0.50965 0.81086 0.52566 0.80728 0.54021 0.80432 0.55787 0.80232 0.57318 0.80474 0.59299 0.80814 0.61046 0.81251 0.62563 0.81962 0.64024
4 0.31407 0.27543 0.32474 0.27549 0.33729 0.27412 0.34805 0.27096 0.35348 0.25495 0.35557 0.23642 0.35430 0.21532 0.35317 0.19848 0.35065 0.18188 0.34746 0.16543 0.34495 0.14886 0.33687 0.13655 0.32664 0.12787 0.31593 0.12035 0.30485 0.11822 0.29328 0.11729 0.28400 0.12441 0.27484 0.13580 0.26703 0.14692 0.25643 0.16925 0.24884 0.18139 0.24636 0.19790 0.24798 0.21357 0.25138 0.23105 0.25897 0.24452 0.26892 0.25540 0.27983 0.26395 0.29062 0.26824 0.30230 0.27343 0.31407 0.27543
4 1.00000 0.66693 0.99706 0.66017 0.98595 0.65059 0.97487 0.64849 0.96498 0.65253 0.95877 0.66441 0.95342 0.67719 0.94650 0.68920 0.93655 0.69649 0.92656 0.70375 0.91689 0.70884 0.90593 0.71097 0.89495 0.71310 0.88490 0.72359 0.87956 0.73637 0.87876 0.75787 0.87941 0.77587 0.87988 0.79287 0.88436 0.81227 0.88980 0.82935 0.89575 0.84526 0.90354 0.85976 0.91397 0.86945 0.92487 0.87800 0.93607 0.88438 0.94756 0.88854 0.95961 0.88834 0.96957 0.88105 0.97893 0.87070 0.98776 0.87219 0.99874 0.87006 1.00000 0.86956 1.00000 0.66693
4 0.15848 0.90962 0.17077 0.91790 0.18285 0.92515 0.19473 0.93137 0.20796 0.92987 0.21852 0.92568 0.22692 0.91765 0.23886 0.91319 0.24873 0.90914 0.25823 0.90304 0.26621 0.89293 0.27205 0.87901 0.27679 0.86314 0.28222 0.84713 0.28648 0.83245 0.28847 0.81711 0.28938 0.79987 0.28599 0.78240 0.27571 0.75878 0.26625 0.74673 0.25543 0.73498 0.24393 0.72334 0.23124 0.71300 0.21848 0.70588 0.20796 0.69939 0.19678 0.69303 0.18626 0.68654 0.17506 0.68019 0.16427 0.67587 0.15270 0.67493 0.14193 0.67807 0.13266 0.68522 0.12485 0.69634 0.11794 0.70835 0.11192 0.72126 0.10629 0.73621 0.10674 0.75321 0.10563 0.76943 0.10785 0.78820 0.10948 0.80390 0.11199 0.82048 0.11558 0.83898 0.12056 0.85724 0.12817 0.87068 0.13938 0.88453 0.14854 0.89874 0.15848 0.90962
4 0.70187 0.62365 0.71718 0.62921 0.72885 0.63443 0.74159 0.63407 0.75177 0.62783 0.76330 0.62131 0.77327 0.61405 0.78351 0.60457 0.79241 0.59538 0.79951 0.58440 0.80445 0.56956 0.80558 0.55335 0.80717 0.53597 0.80377 0.51848 0.79647 0.50283 0.79004 0.48809 0.78362 0.47332 0.77417 0.46127 0.76296 0.45492 0.75140 0.45398 0.74023 0.45509 0.72927 0.45722 0.71520 0.47274 0.70644 0.48618 0.69992 0.50026 0.69540 0.51716 0.68956 0.53107 0.68668 0.54552 0.68624 0.56160 0.68671 0.57859 0.68716 0.59557 0.69124 0.61291 0.70187 0.62365
4 0.68749 0.24232 0.69570 0.23326 0.70160 0.21609 0.70360 0.20078 0.70128 0.18521 0.69740 0.16890 0.69285 0.15272 0.68847 0.13755 0.68273 0.12268 0.67465 0.11037 0.66588 0.09822 0.65516 0.09067 0.64369 0.08651 0.63280 0.08542 0.62233 0.08638 0.61136 0.08852 0.60268 0.09876 0.59842 0.11344 0.60299 0.12964 0.60667 0.14492 0.60761 0.16076 0.60315 0.17441 0.59712 0.18732 0.59140 0.19804 0.59391 0.21464 0.59848 0.23081 0.60696 0.24516 0.61785 0.25371 0.63188 0.25633 0.64483 0.25703 0.65570 0.25810 0.66804 0.25570 0.67753 0.24960 0.68749 0.24232
4 0.24969 0.40532 0.26182 0.40189 0.27170 0.39784 0.28138 0.39274 0.29252 0.38419 0.30093 0.37616 0.30654 0.36119 0.30452 0.34345 0.30132 0.32698 0.29744 0.31067 0.29082 0.29490 0.28350 0.27923 0.27591 0.26578 0.26714 0.25360 0.25700 0.24170 0.24677 0.23301 0.23530 0.22885 0.22345 0.23008 0.21247 0.23222 0.20360 0.24141 0.19560 0.25152 0.18938 0.26340 0.18423 0.27718 0.18615 0.29069 0.18562 0.31000 0.18726 0.32570 0.18928 0.34344 0.19268 0.36091 0.19814 0.37798 0.20573 0.39145 0.21645 0.39897 0.22792 0.40314 0.23872 0.40745 0.24969 0.40532
4 0.27379 0.74527 0.28467 0.74636 0.29536 0.74643 0.30632 0.74429 0.31581 0.73817 0.32291 0.72719 0.32806 0.71340 0.32850 0.69730 0.32510 0.67983 0.32150 0.66132 0.31487 0.64552 0.30639 0.63118 0.29948 0.61757 0.29256 0.60399 0.28546 0.58935 0.27552 0.57850 0.26431 0.57212 0.25353 0.56783 0.24264 0.56673 0.23196 0.56667 0.22031 0.56893 0.20741 0.57572 0.19940 0.58581 0.19230 0.59679 0.18687 0.61280 0.18989 0.63569 0.19083 0.65150 0.19402 0.66794 0.19723 0.68441 0.20590 0.69979 0.21848 0.70588 0.23035 0.71210 0.24156 0.71848 0.25383 0.72676 0.26259 0.73891 0.27379 0.74527
4 0.76308 0.45918 0.77488 0.46862 0.78745 0.47469 0.79980 0.47977 0.81118 0.47970 0.82274 0.48066 0.83323 0.47969 0.84439 0.47857 0.85672 0.47617 0.86749 0.47303 0.87658 0.46485 0.87906 0.44837 0.88232 0.42854 0.88363 0.41333 0.88269 0.39752 0.88067 0.37976 0.87727 0.36228 0.86879 0.34794 0.86071 0.33563 0.85262 0.32332 0.84240 0.31464 0.83189 0.30815 0.81993 0.30515 0.80944 0.30612 0.79848 0.30825 0.78830 0.31448 0.77628 0.32217 0.76592 0.32739 0.77317 0.32809 0.76269 0.32906 0.75214 0.34074 0.74633 0.35465 0.73941 0.36667 0.73584 0.38124 0.73669 0.40028 0.74089 0.42188 0.74769 0.43122 0.75225 0.44740 0.76308 0.45918
4 0.77068 0.31898 0.78488 0.31515 0.79653 0.31288 0.80886 0.31048 0.81824 0.30013 0.82210 0.28338 0.82183 0.26742 0.81892 0.24878 0.81524 0.23350 0.80567 0.21720 0.79671 0.20402 0.78794 0.19185 0.77987 0.17956 0.77110 0.16739 0.76136 0.15754 0.75084 0.15105 0.73839 0.14919 0.72832 0.15222 0.71745 0.15861 0.70858 0.16780 0.70186 0.18084 0.69892 0.20597 0.69947 0.21972 0.69972 0.23569 0.69970 0.25382 0.70200 0.26937 0.70794 0.28530 0.71488 0.30637 0.72296 0.31865 0.73532 0.32371 0.74601 0.32377 0.75766 0.32151 0.77068 0.31898
4 0.53904 0.21782 0.54972 0.21788 0.56069 0.21575 0.57105 0.21052 0.58073 0.20546 0.58962 0.19624 0.59967 0.18576 0.60551 0.17184 0.60799 0.15534 0.60636 0.13966 0.60405 0.12409 0.59693 0.10948 0.58748 0.09744 0.57707 0.08772 0.56655 0.08123 0.55566 0.08014 0.54439 0.07701 0.53263 0.07502 0.52085 0.07305 0.50880 0.07325 0.49509 0.07592 0.47972 0.08105 0.47430 0.09703 0.47045 0.11379 0.47482 0.12894 0.48390 0.14638 0.49238 0.16075 0.50154 0.17496 0.50933 0.18946 0.51810 0.20161 0.52784 0.21146 0.53904 0.21782
