4 0.77478 0.68139 0.77189 0.65821 0.76602 0.63116 0.75990 0.61963 0.75259 0.61693 0.74404 0.61574 0.73428 0.61983 0.73113 0.61663 0.72620 0.61778 0.73018 0.64389 0.73272 0.66439 0.73482 0.68488 0.74394 0.69074 0.75284 0.69038 0.76196 0.68803 0.77052 0.68456 0.77478 0.68139
4 0.35396 0.50700 0.35313 0.45463 0.34129 0.43898 0.32511 0.40861 0.31525 0.41224 0.29980 0.42429 0.29904 0.47130 0.30528 0.49537 0.31641 0.50569 0.32306 0.53044 0.33048 0.53335 0.34074 0.53105 0.34845 0.52536 0.35396 0.50700
4 0.36910 0.54199 0.39137 0.53747 0.40606 0.53467 0.41355 0.52300 0.41475 0.51376 0.41429 0.49240 0.41773 0.44099 0.40213 0.43184 0.38699 0.40945 0.37355 0.40168 0.36272 0.40794 0.35583 0.44081 0.35358 0.46724 0.35291 0.51160 0.35382 0.53616 0.36042 0.53705 0.36910 0.54199
1 0.58898 0.51852 0.58825 0.51550 0.58648 0.51369 0.58387 0.51210 0.58121 0.51188 0.58004 0.51196 0.57797 0.51389 0.57226 0.52231 0.57146 0.52353 0.56783 0.52490 0.56551 0.52457 0.56391 0.52727 0.56747 0.52814 0.56838 0.52830 0.57220 0.52618 0.58290 0.52331 0.58898 0.51852
4 0.70187 0.55538 0.70744 0.55463 0.71359 0.53726 0.72344 0.50565 0.72861 0.47964 0.72949 0.44228 0.72783 0.43488 0.71582 0.41848 0.70110 0.41253 0.68940 0.41756 0.67889 0.43157 0.67365 0.44129 0.67366 0.47772 0.67303 0.49559 0.67131 0.51438 0.67086 0.53321 0.68438 0.54328 0.69496 0.55163 0.70187 0.55538
4 0.62360 0.68720 0.64619 0.68530 0.66693 0.68488 0.67768 0.68487 0.67821 0.63313 0.67697 0.61736 0.67559 0.60543 0.66988 0.59296 0.66290 0.58045 0.65632 0.57830 0.63649 0.57455 0.63059 0.56743 0.62317 0.56756 0.61688 0.57194 0.60831 0.58276 0.60649 0.59075 0.60762 0.61724 0.60748 0.63564 0.61333 0.65156 0.62133 0.67139 0.62360 0.68720
4 0.32196 0.68875 0.33220 0.66128 0.33990 0.63107 0.34242 0.60930 0.34518 0.58090 0.35220 0.56989 0.34801 0.56311 0.33755 0.55877 0.32919 0.55782 0.30764 0.57959 0.30279 0.59201 0.29781 0.62032 0.28671 0.65970 0.28204 0.67941 0.29069 0.68500 0.31524 0.69116 0.32196 0.68875
4 0.44213 0.70234 0.44868 0.68339 0.45470 0.67209 0.46054 0.64432 0.46133 0.63629 0.46188 0.62059 0.46176 0.59452 0.45949 0.57181 0.45842 0.55836 0.44835 0.55340 0.43788 0.55303 0.42040 0.55511 0.40618 0.55921 0.40075 0.56822 0.39777 0.58730 0.39695 0.61104 0.39898 0.63335 0.39786 0.66551 0.40443 0.67532 0.40398 0.68835 0.40813 0.70115 0.43420 0.70243 0.44213 0.70234
4 0.28069 0.66743 0.28931 0.64852 0.30067 0.60187 0.30485 0.58347 0.29940 0.57467 0.29023 0.57170 0.27874 0.57130 0.27219 0.58166 0.26082 0.60314 0.25082 0.63657 0.24096 0.66538 0.24108 0.67467 0.26747 0.67890 0.28069 0.66743
4 0.39605 0.59328 0.39937 0.57419 0.39455 0.56010 0.38895 0.55593 0.38063 0.55366 0.37161 0.55864 0.36369 0.55770 0.35369 0.56530 0.34418 0.58418 0.33983 0.64565 0.34239 0.68615 0.34816 0.69828 0.37332 0.69982 0.38391 0.67501 0.39241 0.65940 0.39605 0.59328
4 0.27089 0.47960 0.27394 0.53138 0.27969 0.54416 0.29127 0.54192 0.31139 0.52275 0.32067 0.52307 0.31937 0.50977 0.31211 0.50223 0.30315 0.49264 0.29883 0.47726 0.29636 0.45929 0.29166 0.45447 0.28288 0.44025 0.26879 0.46362 0.27089 0.47960
4 0.54522 0.53393 0.56184 0.53420 0.57204 0.52638 0.58265 0.52337 0.58904 0.51885 0.60219 0.52091 0.60874 0.52881 0.61079 0.46402 0.60984 0.43012 0.60650 0.40955 0.60225 0.39726 0.58712 0.38459 0.57011 0.38304 0.56685 0.38485 0.54672 0.38702 0.53224 0.39865 0.52025 0.41836 0.51490 0.44342 0.51287 0.48903 0.51150 0.51614 0.51074 0.53785 0.52029 0.53946 0.52695 0.53202 0.53530 0.52497 0.54522 0.53393
4 0.66760 0.52895 0.67380 0.49817 0.67365 0.44129 0.67272 0.42497 0.67135 0.41533 0.65727 0.40333 0.63277 0.39642 0.62040 0.40877 0.61012 0.42821 0.61179 0.47204 0.61013 0.51351 0.61034 0.53174 0.62389 0.54084 0.63915 0.54968 0.65369 0.54252 0.65896 0.53216 0.66760 0.52895
4 0.73313 0.68215 0.73109 0.65168 0.72813 0.63471 0.72493 0.61596 0.71034 0.60547 0.69941 0.60443 0.69207 0.60261 0.68212 0.60760 0.67688 0.61340 0.67824 0.62542 0.68029 0.64325 0.68211 0.65463 0.69339 0.67943 0.69790 0.68580 0.73169 0.68964 0.73313 0.68215
4 0.76215 0.53289 0.76793 0.50817 0.76519 0.50073 0.75926 0.48742 0.75121 0.47372 0.74088 0.45834 0.72958 0.47648 0.72588 0.49680 0.71945 0.52213 0.71531 0.53700 0.72428 0.54275 0.73250 0.55741 0.74071 0.56664 0.74991 0.56600 0.75685 0.55666 0.76215 0.53289
4 0.47921 0.69596 0.48447 0.70649 0.51611 0.70185 0.52449 0.68181 0.53156 0.66251 0.53243 0.62305 0.53515 0.58902 0.53488 0.57482 0.53147 0.56243 0.52999 0.56086 0.52347 0.55717 0.50936 0.55821 0.49045 0.55717 0.47767 0.55672 0.47323 0.55925 0.46975 0.57830 0.47051 0.58600 0.46929 0.62085 0.47069 0.63202 0.46869 0.64536 0.47267 0.66314 0.47921 0.69596
4 0.59842 0.66062 0.60454 0.63938 0.60553 0.61103 0.60580 0.58843 0.60389 0.57723 0.60085 0.56908 0.59531 0.56659 0.58929 0.56293 0.58349 0.56042 0.54541 0.55909 0.54086 0.56469 0.53902 0.57344 0.53775 0.60253 0.53603 0.65194 0.53830 0.66734 0.55040 0.69461 0.55310 0.69777 0.58410 0.68965 0.59411 0.68885 0.59842 0.66062
4 0.51195 0.51870 0.51390 0.44092 0.51205 0.40651 0.50469 0.39824 0.48822 0.38850 0.46934 0.38212 0.45745 0.39429 0.43403 0.40837 0.42010 0.43535 0.41429 0.49240 0.41582 0.53595 0.43784 0.54015 0.46310 0.53875 0.48579 0.55359 0.50139 0.55840 0.50858 0.54949 0.51195 0.51870
