4 0.75062 0.71352 0.75058 0.69017 0.74805 0.66260 0.74338 0.65041 0.73646 0.64684 0.72812 0.64462 0.71793 0.64749 0.71519 0.64393 0.71016 0.64447 0.71093 0.67087 0.71095 0.69153 0.71054 0.71211 0.71888 0.71905 0.72776 0.71977 0.73709 0.71856 0.74602 0.71615 0.75062 0.71352
4 0.35419 0.48915 0.35975 0.43707 0.34991 0.42009 0.33755 0.38798 0.32732 0.39038 0.31051 0.40046 0.30403 0.44702 0.30729 0.47168 0.31709 0.48328 0.32067 0.50865 0.32768 0.51245 0.33814 0.51141 0.34649 0.50670 0.35419 0.48915
4 0.36496 0.52572 0.38761 0.52395 0.40253 0.52296 0.41139 0.51229 0.41371 0.50327 0.41585 0.48201 0.42554 0.43140 0.41116 0.42042 0.39887 0.39635 0.38648 0.38700 0.37496 0.39189 0.36412 0.42368 0.35866 0.44964 0.35260 0.49359 0.35051 0.51807 0.35695 0.51976 0.36496 0.52572
1 0.58606 0.52923 0.58571 0.52614 0.58417 0.52413 0.58177 0.52223 0.57916 0.52169 0.57798 0.52163 0.57570 0.52329 0.56900 0.53095 0.56806 0.53207 0.56429 0.53298 0.56202 0.53237 0.56011 0.53485 0.56353 0.53615 0.56442 0.53642 0.56848 0.53479 0.57944 0.53324 0.58606 0.52923
4 0.69361 0.57957 0.69923 0.57950 0.70745 0.56302 0.72108 0.53284 0.72939 0.50765 0.73481 0.47068 0.73407 0.46313 0.72414 0.44539 0.71026 0.43769 0.69804 0.44125 0.68590 0.45388 0.67951 0.46289 0.67508 0.49905 0.67228 0.51671 0.66828 0.53515 0.66554 0.55379 0.67773 0.56543 0.68721 0.57500 0.69361 0.57957
4 0.59987 0.70087 0.62252 0.70174 0.64316 0.70384 0.65383 0.70514 0.66066 0.65386 0.66135 0.63805 0.66144 0.62604 0.65729 0.61297 0.65188 0.59971 0.64561 0.59677 0.62639 0.59062 0.62140 0.58285 0.61402 0.58207 0.60724 0.58565 0.59742 0.59534 0.59464 0.60305 0.59253 0.62948 0.59015 0.64773 0.59401 0.66425 0.59954 0.68490 0.59987 0.70087
4 0.30029 0.66564 0.31380 0.63963 0.32511 0.61058 0.33028 0.58928 0.33648 0.56143 0.34479 0.55136 0.34145 0.54412 0.33160 0.53854 0.32341 0.53657 0.29937 0.55555 0.29304 0.56729 0.28465 0.59478 0.26884 0.63251 0.26180 0.65151 0.26970 0.65812 0.29332 0.66722 0.30029 0.66564
4 0.41790 0.69378 0.42671 0.67577 0.43406 0.66529 0.44325 0.63843 0.44501 0.63056 0.44746 0.61505 0.45053 0.58915 0.45104 0.56634 0.45162 0.55286 0.44223 0.54671 0.43188 0.54507 0.41427 0.54500 0.39966 0.54733 0.39317 0.55562 0.38790 0.57419 0.38418 0.59765 0.38349 0.62004 0.37845 0.65183 0.38378 0.66237 0.38174 0.67524 0.38430 0.68845 0.41002 0.69290 0.41790 0.69378
4 0.26192 0.63945 0.27278 0.62173 0.28974 0.57682 0.29613 0.55906 0.29180 0.54967 0.28305 0.54560 0.27170 0.54380 0.26393 0.55329 0.25003 0.57322 0.23603 0.60518 0.22274 0.63258 0.22172 0.64181 0.24740 0.64923 0.26192 0.63945
4 0.38545 0.57992 0.39108 0.56137 0.38802 0.54680 0.38297 0.54198 0.37498 0.53871 0.36542 0.54255 0.35767 0.54066 0.34682 0.54698 0.33509 0.56456 0.32327 0.62504 0.32088 0.66555 0.32513 0.67830 0.34991 0.68289 0.36345 0.65955 0.37379 0.64510 0.38545 0.57992
4 0.27508 0.45183 0.27180 0.50360 0.27595 0.51698 0.28772 0.51617 0.31002 0.49959 0.31919 0.50104 0.31952 0.48768 0.31324 0.47932 0.30552 0.46870 0.30310 0.45291 0.30284 0.43477 0.29876 0.42942 0.29178 0.41424 0.27494 0.43571 0.27508 0.45183
4 0.54075 0.53919 0.55722 0.54148 0.56829 0.53496 0.57919 0.53327 0.58608 0.52956 0.59888 0.53321 0.60442 0.54184 0.61435 0.47779 0.61754 0.44403 0.61673 0.42321 0.61401 0.41049 0.60054 0.39607 0.58384 0.39245 0.58039 0.39385 0.56014 0.39355 0.54435 0.40334 0.53005 0.42144 0.52168 0.44566 0.51411 0.49068 0.50945 0.51742 0.50605 0.53888 0.51533 0.54164 0.52285 0.53507 0.53199 0.52908 0.54075 0.53919
4 0.66282 0.54916 0.67272 0.51937 0.67951 0.46289 0.68058 0.44658 0.68039 0.43684 0.66788 0.42322 0.64440 0.41337 0.63062 0.42412 0.61805 0.44216 0.61437 0.48587 0.60766 0.52684 0.60565 0.54495 0.61799 0.55563 0.63206 0.56627 0.64737 0.56093 0.65385 0.55129 0.66282 0.54916
4 0.70920 0.70921 0.71088 0.67871 0.71001 0.66151 0.70912 0.64251 0.69592 0.63032 0.68520 0.62795 0.67813 0.62525 0.66765 0.62899 0.66175 0.63411 0.66163 0.64621 0.66148 0.66415 0.66190 0.67567 0.67008 0.70166 0.67378 0.70853 0.70685 0.71646 0.70920 0.70921
4 0.75619 0.56459 0.76494 0.54076 0.76313 0.53304 0.75886 0.51911 0.75254 0.50453 0.74416 0.48801 0.73073 0.50463 0.72459 0.52435 0.71512 0.54871 0.70919 0.56296 0.71740 0.56976 0.72378 0.58532 0.73080 0.59548 0.74000 0.59597 0.74802 0.58754 0.75619 0.56459
4 0.45548 0.69197 0.45942 0.70306 0.49139 0.70230 0.50215 0.68344 0.51152 0.66515 0.51719 0.62609 0.52404 0.59264 0.52550 0.57851 0.52363 0.56580 0.52235 0.56406 0.51633 0.55960 0.50219 0.55892 0.48355 0.55558 0.47093 0.55358 0.46621 0.55555 0.46043 0.57403 0.46024 0.58177 0.45479 0.61621 0.45482 0.62746 0.45121 0.64046 0.45300 0.65859 0.45548 0.69197
4 0.57811 0.67142 0.58678 0.65108 0.59121 0.62306 0.59424 0.60066 0.59371 0.58932 0.59168 0.58086 0.58648 0.57771 0.58096 0.57334 0.57551 0.57014 0.53787 0.56418 0.53267 0.56918 0.52978 0.57765 0.52498 0.60637 0.51724 0.65520 0.51762 0.67076 0.52630 0.69930 0.52861 0.70276 0.56036 0.69849 0.57039 0.69892 0.57811 0.67142
4 0.50958 0.52002 0.52099 0.44306 0.52335 0.40867 0.51705 0.39957 0.50189 0.38789 0.48393 0.37926 0.47065 0.38990 0.44569 0.40101 0.42857 0.42609 0.41585 0.48201 0.41207 0.52542 0.43341 0.53228 0.45865 0.53396 0.47936 0.55146 0.49426 0.55813 0.50248 0.55017 0.50958 0.52002
