4 0.68875 0.45031 0.69285 0.44937 0.69747 0.44688 0.69933 0.43674 0.69733 0.41801 0.69416 0.38558 0.69220 0.36993 0.68935 0.35519 0.68707 0.34340 0.68551 0.33808 0.68226 0.33883 0.67994 0.34031 0.67847 0.34397 0.67781 0.35359 0.67418 0.35703 0.67574 0.36615 0.67718 0.37624 0.67899 0.38980 0.68110 0.40518 0.68253 0.42048 0.68449 0.43472 0.68614 0.44665 0.68675 0.45361 0.68875 0.45031
1 0.42606 0.47461 0.42454 0.47365 0.42381 0.47474 0.42575 0.47890 0.42820 0.48124 0.43083 0.47958 0.43172 0.47832 0.43093 0.47626 0.43003 0.47554 0.42959 0.47498 0.42939 0.47358 0.42796 0.47378 0.42606 0.47461
4 0.23395 0.53136 0.24102 0.54934 0.24590 0.56072 0.25061 0.56333 0.25786 0.56080 0.25988 0.55920 0.25120 0.53022 0.24365 0.50099 0.23723 0.47433 0.23203 0.46615 0.22538 0.45632 0.21371 0.43797 0.21214 0.43692 0.21279 0.45638 0.21590 0.47158 0.21645 0.47913 0.22093 0.49799 0.22744 0.51581 0.23395 0.53136
4 0.48329 0.42093 0.48590 0.43568 0.48751 0.44895 0.49118 0.46601 0.49423 0.48094 0.49704 0.49137 0.50078 0.50472 0.50297 0.51132 0.51006 0.52077 0.51428 0.52122 0.52378 0.52215 0.52882 0.52156 0.53347 0.52389 0.54336 0.52246 0.55771 0.52142 0.57214 0.51895 0.58323 0.51240 0.58601 0.50949 0.58673 0.49995 0.58618 0.49069 0.58121 0.46228 0.57692 0.44195 0.57461 0.43310 0.57189 0.41270 0.56740 0.39668 0.56158 0.38069 0.55319 0.36330 0.54717 0.35161 0.54055 0.35399 0.52776 0.35950 0.51289 0.36464 0.50590 0.36597 0.49778 0.36813 0.48833 0.36860 0.48743 0.37677 0.48735 0.38447 0.48782 0.39743 0.48761 0.40458 0.48508 0.41085 0.48400 0.41366 0.48329 0.42093
4 0.68818 0.51765 0.69005 0.52215 0.69222 0.52718 0.69434 0.53557 0.69590 0.54311 0.69912 0.54868 0.70166 0.54691 0.70538 0.54506 0.71116 0.53939 0.71630 0.53248 0.72002 0.52866 0.72458 0.52287 0.72792 0.51538 0.72553 0.51100 0.72152 0.50403 0.71536 0.48651 0.70980 0.47318 0.70264 0.46615 0.69565 0.46421 0.68860 0.46959 0.68863 0.47728 0.68870 0.48516 0.68797 0.49480 0.68552 0.49774 0.68276 0.49857 0.68053 0.49929 0.67934 0.50133 0.68353 0.50787 0.68818 0.51765
4 0.69977 0.43048 0.70355 0.42818 0.70739 0.42517 0.70939 0.42138 0.70961 0.41518 0.70979 0.40637 0.70856 0.39718 0.70681 0.38290 0.70464 0.36824 0.70299 0.35725 0.70034 0.34436 0.69878 0.33904 0.69159 0.33999 0.68723 0.34123 0.68754 0.34637 0.69002 0.35859 0.69148 0.36583 0.69328 0.37797 0.69493 0.39085 0.69615 0.40573 0.69805 0.42353 0.69861 0.43074 0.69977 0.43048
1 0.67506 0.58378 0.67218 0.58330 0.66967 0.58491 0.66734 0.58636 0.66469 0.58526 0.66260 0.58129 0.65988 0.57461 0.65822 0.56927 0.65608 0.56600 0.65502 0.56510 0.65290 0.56354 0.65230 0.56025 0.65238 0.55623 0.65092 0.55405 0.64817 0.55389 0.64820 0.55891 0.64951 0.56409 0.65168 0.56565 0.65645 0.57220 0.66168 0.58401 0.66422 0.58719 0.66928 0.58922 0.67232 0.58692 0.67506 0.58378
4 0.58885 0.57434 0.59343 0.59420 0.59464 0.60182 0.59676 0.61100 0.60047 0.61271 0.60627 0.61828 0.61132 0.62738 0.61537 0.63375 0.61962 0.63099 0.62632 0.62609 0.63275 0.62164 0.63906 0.61782 0.64502 0.61328 0.65106 0.60912 0.65505 0.60485 0.65247 0.58728 0.64868 0.56368 0.64575 0.54660 0.64246 0.53077 0.63812 0.51914 0.63286 0.50753 0.62662 0.50008 0.62344 0.49825 0.62046 0.49855 0.61705 0.49894 0.61334 0.49881 0.61211 0.49949 0.60874 0.50007 0.60350 0.50088 0.60004 0.50188 0.59811 0.50311 0.59430 0.50735 0.58869 0.51141 0.58370 0.51730 0.58154 0.52155 0.58148 0.53084 0.58193 0.54001 0.58271 0.54654 0.58629 0.56328 0.58885 0.57434
4 0.65061 0.57764 0.65315 0.59344 0.65690 0.59850 0.65886 0.60219 0.66912 0.58995 0.67582 0.58426 0.68411 0.57149 0.69223 0.55876 0.69613 0.55450 0.69789 0.55212 0.69322 0.53070 0.68948 0.52051 0.68457 0.51000 0.68109 0.50291 0.67460 0.49315 0.66920 0.48453 0.66318 0.47803 0.65938 0.47515 0.65418 0.47497 0.64932 0.47747 0.64910 0.47970 0.64419 0.48675 0.64002 0.49265 0.63716 0.50140 0.63521 0.51212 0.64025 0.52438 0.64298 0.53223 0.64497 0.54322 0.64713 0.55457 0.64958 0.56880 0.65061 0.57764
4 0.63295 0.44377 0.63585 0.45826 0.63832 0.45935 0.64359 0.47021 0.64866 0.47828 0.65186 0.47636 0.65648 0.47434 0.66136 0.47582 0.66429 0.47941 0.67062 0.48718 0.67590 0.49520 0.67851 0.49934 0.68371 0.49837 0.68702 0.49643 0.68845 0.48875 0.68870 0.47448 0.68731 0.45988 0.68547 0.44088 0.68171 0.41404 0.67868 0.38703 0.67651 0.37142 0.67418 0.35703 0.67291 0.34335 0.67255 0.34131 0.66998 0.34024 0.66573 0.33956 0.65827 0.34223 0.64883 0.34252 0.64629 0.35116 0.64467 0.36858 0.64086 0.38320 0.63480 0.39289 0.62902 0.39802 0.62791 0.40419 0.62794 0.41343 0.62802 0.42051 0.63020 0.43138 0.63295 0.44377
4 0.28237 0.59551 0.29169 0.59165 0.29994 0.58946 0.30255 0.58005 0.29773 0.56723 0.28568 0.52482 0.27420 0.48313 0.26566 0.47487 0.25561 0.46354 0.24822 0.44820 0.23082 0.43545 0.23280 0.44693 0.23522 0.46257 0.23933 0.48152 0.24319 0.49825 0.24712 0.51411 0.25273 0.53612 0.26080 0.56013 0.26836 0.58084 0.27601 0.59385 0.28237 0.59551
4 0.58036 0.45765 0.58230 0.46845 0.58325 0.47376 0.58575 0.48818 0.58657 0.49490 0.58646 0.50322 0.58601 0.50949 0.59038 0.51021 0.59524 0.50692 0.59892 0.50212 0.60522 0.50066 0.61060 0.49962 0.61445 0.49834 0.61943 0.49916 0.62245 0.49826 0.62564 0.50010 0.62788 0.49464 0.63048 0.48595 0.63431 0.47737 0.63610 0.47557 0.63682 0.46830 0.63622 0.46291 0.63420 0.44897 0.63161 0.43733 0.62919 0.42486 0.62576 0.41440 0.62367 0.41054 0.62237 0.40650 0.62040 0.40597 0.61815 0.39780 0.61681 0.39278 0.61223 0.38851 0.61031 0.38461 0.60844 0.38011 0.60539 0.37607 0.59972 0.37304 0.59732 0.37103 0.59435 0.37014 0.59045 0.37202 0.58496 0.38217 0.58022 0.39037 0.57272 0.40020 0.57027 0.40353 0.57125 0.41060 0.57289 0.42010 0.57440 0.43060 0.57608 0.43910 0.57824 0.44807 0.58036 0.45765
4 0.31363 0.63036 0.31980 0.63120 0.33295 0.63414 0.34151 0.63557 0.35226 0.63963 0.35528 0.63950 0.35550 0.63064 0.35651 0.62642 0.35517 0.60968 0.35347 0.58108 0.34729 0.56347 0.34412 0.57102 0.34043 0.58836 0.32898 0.60777 0.32317 0.61821 0.31414 0.60096 0.31257 0.59990 0.31173 0.60948 0.31264 0.62433 0.31363 0.63036
4 0.47069 0.57557 0.47287 0.58454 0.47667 0.59859 0.48020 0.61293 0.48301 0.62271 0.48858 0.63871 0.49197 0.65001 0.49582 0.66096 0.50015 0.67110 0.50150 0.67552 0.50570 0.67550 0.51452 0.67536 0.52186 0.67414 0.52958 0.67401 0.53482 0.67280 0.53708 0.67299 0.53768 0.66456 0.53828 0.65329 0.53825 0.64454 0.53817 0.63508 0.53710 0.62183 0.53769 0.61624 0.53598 0.60740 0.53271 0.59086 0.53086 0.57708 0.52785 0.56261 0.52677 0.55410 0.52635 0.55278 0.52510 0.55164 0.52416 0.54854 0.52312 0.54594 0.51930 0.53901 0.51684 0.53886 0.50860 0.53911 0.49685 0.53898 0.49039 0.54071 0.48693 0.54245 0.48362 0.54440 0.48052 0.54725 0.47773 0.54860 0.47202 0.54827 0.46855 0.54859 0.46749 0.55215 0.46743 0.55856 0.46898 0.56578 0.47069 0.57557
4 0.29948 0.57137 0.30474 0.58381 0.31283 0.59814 0.32229 0.61784 0.33000 0.60583 0.34056 0.58605 0.34558 0.56414 0.35390 0.53465 0.35196 0.52856 0.34614 0.51655 0.34002 0.49693 0.33534 0.47782 0.33191 0.46469 0.32913 0.46988 0.32528 0.47390 0.31768 0.46684 0.30575 0.45140 0.29647 0.43933 0.28718 0.42840 0.27681 0.41971 0.27033 0.41751 0.26575 0.41317 0.26392 0.41388 0.26271 0.42126 0.26280 0.43318 0.26554 0.44846 0.26996 0.46819 0.27645 0.49171 0.28456 0.52053 0.29193 0.54612 0.29948 0.57137
4 0.71089 0.47392 0.71441 0.48278 0.71801 0.49241 0.72083 0.50143 0.72375 0.50687 0.72867 0.51581 0.74280 0.49004 0.73951 0.47856 0.73525 0.46810 0.72964 0.45538 0.72386 0.44349 0.71919 0.43766 0.71400 0.43432 0.70525 0.43712 0.69878 0.43902 0.69657 0.44821 0.69009 0.44971 0.68760 0.45166 0.68753 0.45740 0.68861 0.46840 0.69688 0.46353 0.70107 0.46494 0.70548 0.46767 0.71089 0.47392
4 0.40088 0.65939 0.41075 0.66308 0.41730 0.66441 0.41708 0.65024 0.41749 0.63708 0.41858 0.62687 0.41878 0.62370 0.41597 0.61497 0.41311 0.60029 0.41024 0.58730 0.40876 0.57685 0.40438 0.56649 0.39930 0.55487 0.39303 0.54722 0.38427 0.54953 0.38112 0.55082 0.37702 0.55319 0.37312 0.55523 0.36833 0.55463 0.36293 0.55076 0.36033 0.55562 0.35811 0.56495 0.35475 0.57681 0.35346 0.58620 0.35566 0.61582 0.35675 0.63035 0.36094 0.64217 0.37364 0.64890 0.38792 0.65385 0.40088 0.65939
4 0.39801 0.46705 0.40006 0.47823 0.40385 0.49583 0.40709 0.51157 0.41083 0.52833 0.41471 0.53653 0.41773 0.53868 0.42194 0.54197 0.42987 0.54241 0.44101 0.54297 0.45145 0.54453 0.46123 0.53687 0.46828 0.53752 0.47690 0.53752 0.47855 0.53316 0.48209 0.52837 0.48392 0.52595 0.48758 0.52454 0.48954 0.51925 0.49345 0.51608 0.49780 0.51422 0.50020 0.51253 0.49971 0.50639 0.49766 0.49578 0.48981 0.46178 0.48307 0.43605 0.47957 0.42662 0.47461 0.41895 0.46953 0.41132 0.46389 0.40125 0.45962 0.39541 0.45492 0.38712 0.45103 0.38006 0.44389 0.36807 0.44231 0.36814 0.42658 0.36723 0.41461 0.36942 0.40365 0.37081 0.39748 0.37167 0.39620 0.38050 0.39515 0.39779 0.39442 0.41416 0.39339 0.42577 0.39500 0.43677 0.39712 0.44367 0.39709 0.45675 0.39801 0.46705
4 0.36066 0.54958 0.36620 0.55228 0.37085 0.55405 0.37582 0.55432 0.37942 0.55093 0.38289 0.54985 0.38817 0.54919 0.39530 0.54499 0.40116 0.54279 0.40469 0.53913 0.40823 0.53661 0.40995 0.52683 0.40765 0.51514 0.40155 0.48471 0.39682 0.46136 0.39520 0.45434 0.39132 0.44842 0.38547 0.44437 0.38295 0.44665 0.37339 0.44033 0.36485 0.43151 0.35971 0.42530 0.35363 0.41392 0.34660 0.40303 0.34353 0.39948 0.33950 0.39870 0.33817 0.40327 0.33103 0.41316 0.32810 0.42578 0.32819 0.44167 0.33091 0.46151 0.33328 0.47063 0.33709 0.48481 0.34239 0.50434 0.34877 0.52276 0.35584 0.54017 0.36066 0.54958
4 0.42123 0.63136 0.42549 0.64506 0.43092 0.65944 0.43451 0.66879 0.43808 0.67034 0.44563 0.67096 0.45371 0.67194 0.46204 0.67452 0.46818 0.67381 0.47306 0.67529 0.47481 0.66707 0.47547 0.65176 0.47505 0.63267 0.47538 0.62359 0.47755 0.61954 0.48033 0.61582 0.47852 0.60747 0.47462 0.59155 0.47166 0.58016 0.46948 0.56976 0.46824 0.56152 0.46700 0.55660 0.46470 0.55097 0.46267 0.54599 0.46125 0.54466 0.45853 0.54292 0.45370 0.54262 0.45213 0.54440 0.44599 0.54369 0.43922 0.54312 0.43309 0.54240 0.42742 0.54276 0.42270 0.54101 0.41840 0.54390 0.41383 0.54519 0.40973 0.54945 0.40761 0.55563 0.40795 0.56621 0.40851 0.57437 0.40923 0.58178 0.41167 0.59330 0.41447 0.60686 0.41680 0.61793 0.42123 0.63136
4 0.53079 0.57432 0.53507 0.59248 0.53993 0.60991 0.54192 0.61853 0.54828 0.62970 0.55637 0.64678 0.56271 0.66031 0.56735 0.66003 0.57803 0.65480 0.58586 0.65161 0.59273 0.64943 0.59689 0.64630 0.59935 0.64337 0.59694 0.62537 0.59535 0.61409 0.59294 0.60044 0.59217 0.59232 0.58901 0.58062 0.58459 0.56387 0.58104 0.54811 0.57852 0.54159 0.57647 0.54028 0.57491 0.53591 0.56538 0.53535 0.56193 0.53081 0.55879 0.53114 0.54925 0.53334 0.54220 0.53675 0.53730 0.53788 0.53595 0.53918 0.53074 0.54058 0.52977 0.54357 0.52898 0.54572 0.52848 0.55156 0.52774 0.55311 0.52803 0.55996 0.53079 0.57432
