4 0.68152 0.41722 0.68799 0.43063 0.69758 0.43562 0.70550 0.44443 0.71413 0.46014 0.72132 0.47278 0.72924 0.47662 0.73787 0.48006 0.74506 0.47470 0.74746 0.46052 0.75202 0.43293 0.75418 0.40381 0.75609 0.38044 0.75921 0.35745 0.75873 0.34059 0.75729 0.31607 0.75561 0.30266 0.75418 0.29461 0.74554 0.29422 0.73235 0.29652 0.72804 0.29767 0.72420 0.30419 0.72372 0.31262 0.72036 0.32181 0.71461 0.33331 0.71221 0.34097 0.70717 0.34710 0.69758 0.35745 0.68463 0.37086 0.67456 0.38197 0.67001 0.39194 0.67576 0.40688 0.68152 0.41722
4 0.28345 0.39960 0.28177 0.41684 0.28105 0.43025 0.28561 0.45554 0.29424 0.47815 0.30359 0.50191 0.31319 0.52758 0.31966 0.53256 0.33381 0.53102 0.33933 0.52107 0.35132 0.51110 0.35899 0.50267 0.35347 0.48888 0.35107 0.46282 0.35203 0.44060 0.34700 0.42144 0.34316 0.40994 0.32877 0.38350 0.31966 0.36856 0.31271 0.36703 0.29952 0.35438 0.29233 0.36051 0.28465 0.37354 0.28345 0.39960
4 0.47145 0.59560 0.47512 0.61263 0.48194 0.62062 0.49460 0.62541 0.50992 0.62727 0.52008 0.62727 0.52358 0.60625 0.52807 0.58470 0.53273 0.56633 0.53606 0.55383 0.53690 0.53839 0.53690 0.53520 0.53124 0.53600 0.52191 0.53680 0.50859 0.53786 0.49960 0.53706 0.48594 0.53387 0.48044 0.53334 0.47278 0.53414 0.46562 0.53361 0.46163 0.53600 0.46329 0.55410 0.46613 0.57245 0.47145 0.59560
4 0.44676 0.38389 0.44172 0.40305 0.43860 0.42259 0.43596 0.44404 0.43620 0.47470 0.43884 0.50420 0.44316 0.52452 0.44915 0.53524 0.46090 0.53486 0.48248 0.53333 0.48920 0.53486 0.49495 0.53677 0.51534 0.53831 0.52900 0.53524 0.54531 0.53410 0.55466 0.52988 0.55658 0.51685 0.55970 0.51110 0.55874 0.48734 0.55586 0.45401 0.55346 0.43523 0.54795 0.40496 0.54147 0.38580 0.53116 0.36281 0.52301 0.35132 0.50982 0.34365 0.49999 0.34059 0.48033 0.34021 0.46714 0.34212 0.45755 0.34863 0.45227 0.35898 0.44676 0.38389
4 0.36454 0.56261 0.36604 0.57325 0.37287 0.58017 0.37787 0.59321 0.38619 0.60039 0.40468 0.60279 0.41700 0.59427 0.42549 0.58443 0.42782 0.56607 0.42982 0.55702 0.43415 0.54744 0.43881 0.53786 0.44164 0.53041 0.44148 0.52695 0.43798 0.52030 0.43265 0.52748 0.42216 0.53174 0.41517 0.53387 0.40634 0.53786 0.39502 0.53733 0.39052 0.53414 0.38469 0.53254 0.38070 0.53280 0.37670 0.52908 0.37287 0.52881 0.36954 0.52536 0.36654 0.52030 0.35955 0.50673 0.35855 0.51711 0.35788 0.53627 0.36071 0.54797 0.36454 0.56261
4 0.74914 0.45746 0.75010 0.46857 0.75585 0.48543 0.76089 0.51532 0.77072 0.52796 0.77768 0.51838 0.78894 0.51110 0.80022 0.49654 0.80789 0.48236 0.81700 0.46512 0.81820 0.45439 0.81005 0.42335 0.80501 0.40918 0.80213 0.40305 0.79782 0.40152 0.79494 0.40190 0.79062 0.42221 0.78607 0.43600 0.78151 0.44865 0.77815 0.45362 0.77384 0.45401 0.76904 0.44404 0.75513 0.43332 0.75130 0.43562 0.74914 0.45746
4 0.55514 0.38465 0.55226 0.40994 0.55610 0.43907 0.55754 0.46589 0.55994 0.49041 0.56090 0.51378 0.56114 0.52375 0.56545 0.53486 0.57601 0.53793 0.58704 0.53907 0.59831 0.53563 0.61605 0.53294 0.62732 0.52796 0.64123 0.52068 0.65178 0.51417 0.65610 0.50880 0.66137 0.50689 0.66569 0.49769 0.66809 0.47892 0.66881 0.46090 0.66689 0.43791 0.66257 0.41876 0.65682 0.39347 0.64890 0.36971 0.64171 0.35285 0.63092 0.33101 0.62492 0.31952 0.61437 0.31607 0.60190 0.32066 0.58608 0.32794 0.57480 0.33905 0.56377 0.35706 0.55514 0.38465
4 0.35251 0.42642 0.35107 0.45286 0.35228 0.47738 0.35611 0.49846 0.36450 0.51532 0.37146 0.52911 0.37793 0.52949 0.38129 0.53448 0.38656 0.53256 0.39736 0.53677 0.40935 0.53563 0.41966 0.53102 0.43189 0.52643 0.44004 0.51340 0.43716 0.48696 0.43525 0.46665 0.43620 0.43485 0.43692 0.42949 0.43093 0.40880 0.42301 0.39040 0.41270 0.37967 0.40263 0.37431 0.38848 0.37048 0.37841 0.37162 0.36642 0.37699 0.35923 0.39768 0.35251 0.42642
4 0.25611 0.47853 0.25467 0.50497 0.25467 0.53410 0.27218 0.53639 0.28729 0.52873 0.30048 0.51915 0.30815 0.51608 0.29784 0.48658 0.28369 0.45018 0.28273 0.43830 0.27986 0.42565 0.26978 0.43408 0.26211 0.43485 0.25683 0.44673 0.25372 0.45861 0.25611 0.47853
4 0.76904 0.44404 0.77600 0.45516 0.78295 0.44596 0.79350 0.41186 0.79902 0.38159 0.80573 0.33446 0.79782 0.33829 0.78247 0.34825 0.76832 0.35170 0.76017 0.34940 0.75297 0.42949 0.75897 0.43638 0.76904 0.44404
4 0.71988 0.53869 0.73427 0.54712 0.74050 0.55747 0.75394 0.54597 0.75993 0.54099 0.76089 0.51762 0.76017 0.50995 0.75657 0.49462 0.75322 0.47700 0.74818 0.46551 0.74530 0.47815 0.73787 0.48006 0.72684 0.47700 0.71988 0.47355 0.71437 0.46435 0.71125 0.47125 0.71557 0.49080 0.71748 0.51417 0.71988 0.53869
4 0.19521 0.40803 0.20336 0.43945 0.21847 0.46551 0.23717 0.45324 0.25804 0.42987 0.26595 0.41646 0.26499 0.40075 0.25923 0.38848 0.24509 0.37278 0.23813 0.37469 0.21703 0.35783 0.19952 0.33714 0.18993 0.33063 0.19185 0.35017 0.19449 0.37967 0.19521 0.40803
4 0.66785 0.49003 0.66401 0.50267 0.65777 0.50995 0.65562 0.51838 0.65754 0.54099 0.66665 0.54597 0.66881 0.56053 0.67912 0.57739 0.69638 0.58276 0.71245 0.57471 0.71748 0.56705 0.71916 0.55057 0.71940 0.52988 0.71653 0.49808 0.71413 0.48083 0.71077 0.46512 0.70933 0.45707 0.70669 0.44979 0.69830 0.43868 0.69255 0.43370 0.68463 0.43446 0.67816 0.44213 0.67049 0.45707 0.66737 0.47125 0.66785 0.49003
4 0.59135 0.55543 0.59967 0.57485 0.61000 0.59827 0.61800 0.60944 0.62782 0.61184 0.64214 0.60678 0.64564 0.59002 0.64797 0.55675 0.65230 0.53627 0.65463 0.52296 0.65777 0.50995 0.65397 0.51125 0.64747 0.51817 0.63548 0.52403 0.62016 0.53121 0.60418 0.53573 0.59002 0.53786 0.58252 0.53946 0.59135 0.55543
