4 0.72862 0.52878 0.73626 0.53408 0.74447 0.53048 0.75000 0.51720 0.76064 0.49134 0.76930 0.46345 0.77642 0.44111 0.78463 0.41941 0.78796 0.40287 0.79207 0.37866 0.79345 0.36521 0.79386 0.35705 0.78554 0.35473 0.77217 0.35400 0.76770 0.35415 0.76250 0.35964 0.76014 0.36774 0.75480 0.37595 0.74660 0.38585 0.74254 0.39279 0.73626 0.39763 0.72458 0.40555 0.70895 0.41570 0.69664 0.42426 0.68996 0.43295 0.69220 0.44880 0.69549 0.46018 0.69878 0.47470 0.70700 0.48171 0.71273 0.49208 0.71761 0.50933 0.72177 0.52327 0.72862 0.52878
4 0.31177 0.48485 0.31696 0.49116 0.33109 0.49285 0.33870 0.48438 0.35263 0.47737 0.36200 0.47088 0.35973 0.45620 0.36325 0.43027 0.36919 0.40884 0.36859 0.38904 0.36744 0.37697 0.35937 0.34797 0.35385 0.33136 0.34742 0.32830 0.33742 0.31302 0.32903 0.31737 0.31862 0.32834 0.31159 0.35346 0.30607 0.36988 0.30235 0.38279 0.30110 0.40845 0.30443 0.43243 0.30820 0.45768 0.31177 0.48485
4 0.49907 0.60883 0.50830 0.58884 0.51697 0.57199 0.52303 0.56056 0.52731 0.54571 0.52803 0.54260 0.52234 0.54210 0.51307 0.54078 0.49985 0.53882 0.49127 0.53602 0.47868 0.52984 0.47345 0.52808 0.46580 0.52714 0.45895 0.52501 0.45451 0.52644 0.45206 0.54445 0.45069 0.56298 0.45068 0.58673 0.45042 0.60415 0.45527 0.61346 0.46653 0.62098 0.48104 0.62624 0.49094 0.62853 0.49907 0.60883
4 0.43910 0.51110 0.44253 0.52290 0.45406 0.52517 0.47544 0.52853 0.48163 0.53154 0.48681 0.53470 0.50633 0.54078 0.52033 0.54086 0.53648 0.54341 0.54654 0.54141 0.55134 0.52915 0.55567 0.52425 0.56008 0.50088 0.56478 0.46775 0.56666 0.44892 0.56810 0.41818 0.56610 0.39806 0.56123 0.37334 0.55587 0.36031 0.54474 0.34987 0.53585 0.34467 0.51677 0.33988 0.50350 0.33877 0.49268 0.34296 0.48522 0.35186 0.47424 0.37489 0.46502 0.39242 0.45759 0.41076 0.45019 0.43107 0.44353 0.46100 0.43946 0.49034 0.43910 0.51110
4 0.39792 0.57319 0.40841 0.56550 0.41481 0.54814 0.41879 0.53977 0.42516 0.53141 0.43187 0.52313 0.43630 0.51650 0.43692 0.51310 0.43500 0.50583 0.42820 0.51163 0.41701 0.51342 0.40972 0.51392 0.40022 0.51582 0.38931 0.51275 0.38565 0.50863 0.38033 0.50577 0.37637 0.50513 0.37332 0.50060 0.36965 0.49948 0.36718 0.49536 0.36539 0.48976 0.36163 0.47496 0.35832 0.48485 0.35336 0.50337 0.35349 0.51541 0.35393 0.53053 0.35300 0.54124 0.35809 0.54952 0.36003 0.56335 0.36652 0.57222 0.38400 0.57871 0.39792 0.57319
4 0.77904 0.57581 0.79330 0.56417 0.80396 0.55207 0.81672 0.53732 0.82031 0.52714 0.81934 0.49506 0.81762 0.48012 0.81620 0.47350 0.81234 0.47103 0.80945 0.47076 0.80068 0.48958 0.79313 0.50199 0.78585 0.51329 0.78146 0.51738 0.77717 0.51679 0.77473 0.50600 0.76359 0.49242 0.75934 0.49380 0.75232 0.51459 0.75076 0.52564 0.75257 0.54336 0.75076 0.57361 0.75749 0.58814 0.76642 0.58037 0.77904 0.57581
4 0.55423 0.53690 0.55593 0.54869 0.56553 0.55405 0.57602 0.55765 0.58777 0.55683 0.60567 0.55820 0.61777 0.55589 0.63296 0.55192 0.64470 0.54795 0.65012 0.54369 0.65569 0.54301 0.66196 0.53502 0.66852 0.51727 0.67328 0.49988 0.67658 0.47705 0.67668 0.45741 0.67676 0.43147 0.67440 0.40655 0.67118 0.38850 0.66558 0.36479 0.66232 0.35224 0.65282 0.34651 0.63963 0.34818 0.62258 0.35172 0.60909 0.36001 0.59429 0.37507 0.57968 0.40002 0.57118 0.42401 0.56837 0.45325 0.56374 0.47970 0.56056 0.50414 0.55624 0.52713 0.55423 0.53690
4 0.37443 0.50128 0.37658 0.50689 0.38215 0.50621 0.39172 0.51274 0.40366 0.51432 0.41474 0.51216 0.42769 0.51043 0.43856 0.49957 0.44171 0.47316 0.44441 0.45294 0.45250 0.42217 0.45440 0.41710 0.45321 0.39560 0.44964 0.37589 0.44201 0.36312 0.43340 0.35563 0.42048 0.34871 0.41041 0.34756 0.39752 0.35009 0.38585 0.36864 0.37284 0.39513 0.36550 0.42056 0.36115 0.44473 0.36015 0.46613 0.36453 0.48444 0.36820 0.49945 0.37443 0.50128
4 0.30945 0.47251 0.30604 0.44145 0.30044 0.40280 0.30218 0.39101 0.30222 0.37803 0.29051 0.38399 0.28286 0.38301 0.27505 0.39339 0.26934 0.40427 0.26719 0.42422 0.25985 0.44966 0.25329 0.47804 0.26983 0.48421 0.28628 0.48014 0.30129 0.47378 0.30945 0.47251
4 0.82656 0.40943 0.80937 0.41568 0.79481 0.41586 0.78738 0.41179 0.76235 0.48820 0.76664 0.49627 0.77473 0.50600 0.77901 0.51840 0.78785 0.51100 0.80580 0.48014 0.81799 0.45189 0.83513 0.40748 0.82656 0.40943
4 0.75126 0.56822 0.75120 0.55248 0.75190 0.53455 0.74958 0.52222 0.74393 0.53389 0.73626 0.53408 0.72620 0.52862 0.72020 0.52369 0.71689 0.51349 0.71230 0.51951 0.71211 0.53952 0.70872 0.56273 0.70555 0.58716 0.71767 0.59861 0.72141 0.61009 0.73709 0.60192 0.74405 0.59841 0.75024 0.57585 0.75126 0.56822
4 0.29334 0.35043 0.29049 0.33718 0.28024 0.31869 0.27303 0.31899 0.25626 0.29782 0.24386 0.27372 0.23598 0.26522 0.23345 0.28469 0.22939 0.31403 0.22371 0.34182 0.22458 0.37427 0.23344 0.40306 0.25443 0.39532 0.28001 0.37723 0.29074 0.36595 0.29334 0.35043
4 0.65086 0.59695 0.65712 0.61570 0.67273 0.62482 0.69020 0.62059 0.69683 0.61425 0.70217 0.59858 0.70706 0.57847 0.71141 0.54683 0.71295 0.52949 0.71322 0.51343 0.71362 0.50526 0.71269 0.49757 0.70701 0.48486 0.70252 0.47871 0.69464 0.47768 0.68661 0.48369 0.67577 0.49652 0.66955 0.50964 0.66579 0.52804 0.65921 0.53950 0.65149 0.54519 0.64749 0.55292 0.64428 0.57538 0.65203 0.58228 0.65086 0.59695
4 0.62166 0.62047 0.63141 0.58858 0.64024 0.56960 0.64550 0.55716 0.65149 0.54519 0.64749 0.54560 0.63960 0.55088 0.62660 0.55389 0.61006 0.55744 0.59347 0.55825 0.57919 0.55714 0.57153 0.55701 0.57654 0.57455 0.58028 0.59535 0.58508 0.62049 0.59035 0.63318 0.59938 0.63772 0.61448 0.63602 0.62166 0.62047
