4 0.52540 0.91939 0.52540 0.93561 0.53878 0.97349 0.56747 0.97349 0.59424 0.95727 0.59138 0.94644 0.60764 0.91397 0.62102 0.88961 0.61721 0.86527 0.60667 0.86122 0.59329 0.85039 0.58278 0.85310 0.56938 0.85039 0.55600 0.84227 0.54138 0.85268 0.53688 0.86798 0.52731 0.87880 0.52540 0.88151 0.52922 0.88961 0.52540 0.91939
4 0.36952 0.94915 0.40490 0.96266 0.41255 0.96266 0.43933 0.92207 0.44124 0.88015 0.44793 0.87473 0.45081 0.86527 0.43838 0.85715 0.42690 0.82468 0.40395 0.81251 0.38100 0.83415 0.35709 0.83144 0.35897 0.83268 0.34657 0.87610 0.36952 0.94915
4 0.83086 0.00000 0.82357 0.00807 0.80407 0.04217 0.78455 0.06488 0.79029 0.17366 0.81783 0.19315 0.83848 0.18663 0.89243 0.21100 0.91193 0.23046 0.93833 0.23210 0.96357 0.16390 0.96931 0.11034 0.94750 0.03080 0.92052 0.00000 0.83086 0.00000
4 0.19193 0.64085 0.20569 0.60976 0.25390 0.59217 0.26905 0.56878 0.27317 0.51424 0.24707 0.47146 0.22085 0.45580 0.16852 0.48307 0.13960 0.50644 0.13685 0.50644 0.12721 0.55320 0.12862 0.60976 0.16026 0.64280 0.19193 0.64085
4 0.43838 0.92207 0.44507 0.93020 0.44890 0.95727 0.45559 0.97349 0.48905 0.98432 0.50340 0.96807 0.52826 0.91261 0.52922 0.89232 0.52569 0.87195 0.50340 0.85580 0.49097 0.84093 0.47088 0.83956 0.46419 0.85310 0.45367 0.86122 0.44890 0.87068 0.44124 0.88285 0.43838 0.92207
4 0.06617 0.43988 0.07536 0.47397 0.10638 0.50976 0.13619 0.51132 0.16486 0.48371 0.19500 0.47195 0.22259 0.45829 0.24448 0.42854 0.24431 0.39293 0.23143 0.36683 0.23602 0.33600 0.21307 0.28080 0.19815 0.25320 0.16603 0.25146 0.15798 0.24507 0.09717 0.25968 0.07078 0.30027 0.05355 0.37659 0.05700 0.41229 0.06617 0.43988
4 0.65126 0.94027 0.67274 0.89851 0.68786 0.87600 0.69824 0.84039 0.69041 0.81756 0.67565 0.81168 0.67381 0.78168 0.66459 0.78232 0.65997 0.80580 0.64798 0.80907 0.62031 0.81559 0.61985 0.82668 0.60693 0.82863 0.60509 0.84039 0.59888 0.85358 0.61778 0.86473 0.62095 0.88729 0.60740 0.91997 0.61778 0.94249 0.63848 0.94817 0.65126 0.94027
4 0.34753 0.87268 0.35035 0.85707 0.36407 0.81815 0.36131 0.79866 0.35717 0.76359 0.33240 0.73437 0.30345 0.73439 0.28695 0.72851 0.25941 0.77139 0.25941 0.77722 0.26491 0.88241 0.27593 0.90580 0.31448 0.91359 0.34753 0.87268
4 0.22362 0.78707 0.26215 0.77722 0.26491 0.75580 0.28557 0.73241 0.28552 0.73439 0.30760 0.70124 0.30485 0.67983 0.30760 0.64866 0.29935 0.63307 0.29109 0.61554 0.24976 0.59800 0.24012 0.59995 0.20431 0.61756 0.20295 0.61944 0.18086 0.71683 0.18917 0.75580 0.20155 0.76951 0.22362 0.78707
4 0.71657 0.71032 0.73571 0.71934 0.74765 0.71595 0.76678 0.74527 0.76838 0.75317 0.79945 0.75090 0.80264 0.74303 0.81619 0.72724 0.82495 0.67312 0.82495 0.65959 0.81540 0.60549 0.81540 0.59646 0.78750 0.56941 0.75164 0.56715 0.72853 0.57505 0.72614 0.57505 0.70383 0.61676 0.70383 0.64832 0.70541 0.67876 0.71657 0.71032
4 0.80503 0.58971 0.81460 0.58744 0.85121 0.58195 0.86621 0.53512 0.85205 0.47132 0.84090 0.44427 0.81859 0.42624 0.80224 0.41878 0.77395 0.41834 0.74207 0.44766 0.72772 0.47359 0.73012 0.51754 0.75881 0.56378 0.75793 0.56829 0.78671 0.56941 0.80503 0.58971
4 0.74924 0.39917 0.76121 0.40932 0.81397 0.42122 0.85310 0.45537 0.90483 0.44098 0.91931 0.31293 0.89000 0.21512 0.83293 0.19268 0.77483 0.21220 0.74924 0.28193 0.74845 0.32139 0.73890 0.33605 0.74207 0.38227 0.74924 0.39917
4 0.02602 0.25644 0.07421 0.26780 0.10060 0.25807 0.15224 0.24671 0.16372 0.23371 0.17635 0.21424 0.18667 0.19963 0.18783 0.14768 0.17290 0.10871 0.16486 0.05839 0.14765 0.04702 0.09372 0.03890 0.05126 0.05678 0.02831 0.09410 0.00995 0.12007 0.00421 0.18178 0.02602 0.25644
4 0.69107 0.81741 0.69985 0.84334 0.68948 0.87154 0.70064 0.88507 0.72614 0.88956 0.73331 0.88168 0.74845 0.86702 0.76121 0.84673 0.75960 0.82532 0.76759 0.78134 0.76598 0.74076 0.74607 0.71371 0.73571 0.71822 0.71419 0.70920 0.69426 0.71822 0.67514 0.75317 0.67514 0.78022 0.67514 0.78361 0.67514 0.80841 0.69107 0.81741
