4 1.00000 0.37863 0.97659 0.34762 0.91847 0.32712 0.85828 0.35529 0.85368 0.36077 0.84840 0.36324 0.80931 0.43887 0.78960 0.45152 0.79204 0.52137 0.81551 0.57211 0.80877 0.67916 0.80133 0.68714 0.82719 0.74117 0.87049 0.77278 0.91877 0.79798 0.98140 0.76984 0.99552 0.76079 1.00000 0.50436 1.00000 0.37863
1 0.65659 0.55383 0.65860 0.55387 0.65976 0.55271 0.65982 0.54902 0.65583 0.54676 0.65163 0.54870 0.64792 0.55200 0.64710 0.55568 0.64832 0.55772 0.64994 0.55893 0.65197 0.55795 0.65253 0.55527 0.65419 0.55379 0.65659 0.55383
4 0.00000 0.74221 0.01949 0.74168 0.10030 0.71874 0.15654 0.63692 0.15535 0.56546 0.15051 0.49393 0.13451 0.43358 0.13301 0.37998 0.16371 0.29608 0.11874 0.22061 0.07803 0.17931 0.03445 0.16394 0.00754 0.16996 0.00566 0.17158 0.00354 0.29300 0.00000 0.49564 0.00000 0.74221
4 0.39963 0.81678 0.44843 0.80437 0.47578 0.77239 0.52119 0.75369 0.51926 0.72608 0.50140 0.63157 0.50440 0.59915 0.50592 0.44169 0.51227 0.42720 0.52621 0.39658 0.52813 0.35603 0.49403 0.28561 0.46039 0.25905 0.40833 0.24028 0.36795 0.25093 0.29864 0.24324 0.21177 0.26445 0.15221 0.32673 0.15538 0.56384 0.16693 0.59977 0.16628 0.63709 0.17552 0.66648 0.19426 0.70902 0.22907 0.73885 0.30152 0.77584 0.35820 0.80930 0.39963 0.81678
1 0.63401 0.49629 0.63938 0.49890 0.64650 0.49600 0.65076 0.49036 0.65403 0.48336 0.65257 0.47358 0.64555 0.46354 0.63617 0.45901 0.62623 0.45749 0.61829 0.46458 0.61246 0.47322 0.61296 0.48113 0.61637 0.48774 0.62233 0.49306 0.62762 0.49349 0.63401 0.49629
4 0.81059 0.57528 0.79122 0.49863 0.79212 0.44669 0.76380 0.39423 0.71256 0.32839 0.64823 0.31735 0.61808 0.33935 0.60624 0.34765 0.54490 0.44237 0.54365 0.51379 0.55588 0.65039 0.55546 0.67474 0.57880 0.73360 0.63145 0.78809 0.68005 0.79544 0.73661 0.76557 0.80886 0.67429 0.81059 0.57528
1 0.44095 0.69162 0.44780 0.69256 0.44898 0.67887 0.44302 0.66377 0.44120 0.65917 0.43561 0.65782 0.42994 0.66272 0.43485 0.68319 0.44095 0.69162
1 0.43397 0.59081 0.44145 0.60925 0.44694 0.61642 0.45695 0.61493 0.45901 0.60496 0.45778 0.58581 0.45661 0.56332 0.46261 0.54179 0.46423 0.52019 0.46645 0.50025 0.47114 0.48201 0.47645 0.46422 0.48175 0.44643 0.47852 0.43472 0.47563 0.42134 0.46918 0.41500 0.46418 0.41533 0.45711 0.42769 0.44400 0.44493 0.43401 0.46348 0.42660 0.49373 0.41988 0.52107 0.41967 0.53354 0.42449 0.54361 0.42428 0.55527 0.42937 0.56826 0.43320 0.58122 0.43397 0.59081
2 0.59250 0.67349 0.61387 0.69560 0.63580 0.68458 0.66858 0.67584 0.71890 0.68603 0.75223 0.69077 0.77458 0.65596 0.79202 0.59207 0.79720 0.56214 0.78566 0.51119 0.76570 0.45287 0.72830 0.41495 0.69291 0.39466 0.67368 0.38397 0.62015 0.37993 0.57615 0.40814 0.55220 0.44500 0.54590 0.49458 0.55726 0.60039 0.55787 0.65424 0.57308 0.67315 0.59250 0.67349
2 0.22398 0.46825 0.21529 0.52092 0.21692 0.56028 0.21950 0.59139 0.23609 0.61963 0.26585 0.60566 0.30839 0.61676 0.31809 0.63970 0.32911 0.67614 0.34494 0.70332 0.36977 0.70480 0.39258 0.68863 0.41221 0.67655 0.43658 0.70493 0.46553 0.73754 0.49478 0.75356 0.52354 0.75200 0.51718 0.71566 0.50317 0.62845 0.50678 0.55498 0.50852 0.45562 0.51154 0.41634 0.51828 0.38644 0.51873 0.36056 0.50874 0.35416 0.49456 0.36531 0.45932 0.38125 0.42190 0.38889 0.38764 0.39347 0.35302 0.41875 0.31568 0.37668 0.28457 0.33472 0.26267 0.34262 0.24986 0.40970 0.23302 0.43943 0.22398 0.46825
