1 0.50262 0.59781 0.49468 0.58589 0.49013 0.56885 0.48822 0.56246 0.47982 0.55734 0.47428 0.56970 0.47308 0.57695 0.47068 0.57565 0.47117 0.55648 0.47117 0.54967 0.46493 0.55352 0.45773 0.54926 0.45413 0.53518 0.44573 0.53305 0.43253 0.52027 0.42462 0.50408 0.41788 0.51387 0.41645 0.54840 0.40973 0.56843 0.40348 0.60592 0.41213 0.63148 0.42557 0.63530 0.45077 0.63660 0.46373 0.64680 0.47022 0.65959 0.48388 0.67834 0.49805 0.68388 0.51053 0.67535 0.52037 0.65873 0.51965 0.63787 0.51628 0.60719 0.51508 0.58077 0.51053 0.57565 0.50717 0.58675 0.50262 0.59781
1 0.38123 0.73908 0.37622 0.71746 0.35687 0.69201 0.34612 0.67038 0.33752 0.64621 0.32963 0.62204 0.32103 0.61568 0.31172 0.61186 0.30455 0.61568 0.31673 0.63985 0.31315 0.66275 0.30527 0.67929 0.29882 0.68820 0.29165 0.69583 0.31243 0.72000 0.32677 0.74926 0.35902 0.75562 0.38123 0.73908
4 0.68472 0.36367 0.66368 0.42213 0.64447 0.49192 0.64722 0.56172 0.64813 0.69970 0.66093 0.76953 0.69568 0.79225 0.72128 0.81172 0.75970 0.83769 0.78530 0.84746 0.82372 0.85068 0.85207 0.84583 0.88225 0.79713 0.90328 0.74518 0.91242 0.72083 0.92522 0.66562 0.94260 0.62340 0.95083 0.60068 0.93712 0.55361 0.94260 0.50003 0.93985 0.47246 0.94443 0.42373 0.93528 0.40263 0.92065 0.38965 0.88957 0.27926 0.86943 0.24680 0.84018 0.19160 0.81092 0.18349 0.79170 0.19485 0.77525 0.19160 0.77250 0.18672 0.74873 0.21432 0.73775 0.26139 0.72312 0.29550 0.68472 0.36367
4 0.27043 0.38639 0.28325 0.47405 0.29697 0.47893 0.30520 0.51953 0.29513 0.55035 0.29147 0.59583 0.30977 0.62828 0.31617 0.64778 0.30610 0.67698 0.27502 0.69648 0.24850 0.75003 0.27502 0.84095 0.34177 0.91237 0.37927 0.92213 0.40213 0.96107 0.44328 0.96107 0.46432 0.94811 0.50272 0.94811 0.51827 0.94322 0.52467 0.93997 0.54480 0.94160 0.57313 0.92698 0.60607 0.87666 0.64538 0.73056 0.64905 0.63639 0.64997 0.55524 0.64722 0.53251 0.64538 0.48867 0.66185 0.41887 0.65545 0.38317 0.64355 0.35882 0.62802 0.30524 0.61978 0.24192 0.58228 0.17050 0.56673 0.16725 0.46523 0.14938 0.43048 0.15914 0.42865 0.15589 0.36098 0.19648 0.31800 0.25654 0.29147 0.32959 0.27043 0.38639
2 0.28325 0.46920 0.30153 0.47731 0.30337 0.51465 0.29422 0.54550 0.29513 0.60068 0.31708 0.64778 0.30520 0.67861 0.27318 0.70133 0.28417 0.72083 0.30245 0.73704 0.31525 0.75328 0.31525 0.80524 0.32440 0.82148 0.33903 0.84095 0.36098 0.84420 0.39207 0.84746 0.40853 0.81172 0.39298 0.76465 0.39938 0.74355 0.43140 0.75491 0.44968 0.79225 0.47072 0.82311 0.50182 0.83769 0.50363 0.80524 0.51095 0.73544 0.51827 0.69648 0.52375 0.64615 0.51827 0.60719 0.51553 0.57148 0.50182 0.53251 0.45608 0.48867 0.43505 0.48056 0.41402 0.45459 0.39573 0.44160 0.37652 0.44160 0.35458 0.41725 0.33172 0.42698 0.31433 0.36530 0.28873 0.33932 0.28598 0.34420 0.27227 0.38154 0.28325 0.46920
4 0.00000 0.86473 0.05188 0.85719 0.08845 0.86044 0.13692 0.87666 0.16985 0.87340 0.21100 0.82633 0.23295 0.75491 0.23752 0.68834 0.24940 0.67861 0.25490 0.64778 0.25490 0.57148 0.25215 0.55361 0.26222 0.51465 0.26862 0.47246 0.25490 0.39938 0.23660 0.29873 0.19088 0.18834 0.14242 0.14290 0.09212 0.15101 0.03998 0.12503 0.00067 0.14938 0.00000 0.15018 0.00000 0.86473
4 1.00000 0.27547 0.99747 0.27278 0.96088 0.33769 0.94992 0.39290 0.94535 0.41887 0.94352 0.43512 0.93895 0.46757 0.94443 0.50003 0.93528 0.56660 0.95357 0.60882 0.97552 0.64453 0.99930 0.66237 1.00000 0.56411 1.00000 0.27547
2 0.00000 0.78385 0.01772 0.76911 0.03345 0.74323 0.05503 0.72565 0.07603 0.70183 0.08885 0.67388 0.11685 0.66663 0.13260 0.66249 0.15183 0.65110 0.17400 0.63456 0.18392 0.62420 0.20548 0.61177 0.22357 0.59107 0.23115 0.56207 0.21948 0.52068 0.20257 0.48444 0.18742 0.45441 0.17400 0.44923 0.13842 0.43580 0.11218 0.42855 0.07835 0.41405 0.05270 0.38610 0.03870 0.33846 0.02178 0.35814 0.00197 0.32503 0.00000 0.63453 0.00000 0.78385
1 0.03578 0.71633 0.04978 0.70494 0.07428 0.67491 0.09118 0.64281 0.11977 0.61902 0.15475 0.60660 0.18217 0.59314 0.20082 0.56932 0.18450 0.53000 0.15825 0.51965 0.12502 0.52379 0.09702 0.51861 0.06670 0.48444 0.04803 0.43373 0.02703 0.42234 0.00488 0.39749 0.00022 0.74115 0.02237 0.72772 0.03578 0.71633
1 0.11498 0.74808 0.11665 0.74157 0.11498 0.73535 0.11382 0.72707 0.11215 0.72382 0.10915 0.72411 0.10982 0.73802 0.11032 0.74985 0.11232 0.75518 0.11498 0.74808
