4 1.00000 0.46279 0.94903 0.62024 0.94736 0.69713 0.94747 0.73411 0.95222 0.74413 1.00000 0.56583 1.00000 0.46279
4 1.00000 0.31650 0.98824 0.26606 0.96104 0.23862 0.93450 0.21300 0.88254 0.19907 0.80827 0.20606 0.80473 0.20679 0.76307 0.22925 0.71880 0.28631 0.70757 0.29504 0.67790 0.42658 0.65732 0.49504 0.63495 0.61174 0.63369 0.69543 0.65349 0.76289 0.69642 0.80633 0.75672 0.81411 0.84170 0.77132 0.89680 0.69869 0.95407 0.60144 0.98486 0.51556 1.00000 0.46987 1.00000 0.31650
1 0.67007 0.43129 0.66716 0.42260 0.66152 0.43061 0.64830 0.45128 0.63887 0.46825 0.63469 0.49292 0.62981 0.51901 0.63074 0.53770 0.63486 0.55355 0.64537 0.54426 0.65531 0.48897 0.66687 0.45099 0.67007 0.43129
1 0.28671 0.81979 0.28701 0.82682 0.29048 0.83287 0.29242 0.83376 0.29600 0.83216 0.29335 0.82486 0.28957 0.81727 0.28671 0.81979
1 0.31368 0.80873 0.31212 0.81453 0.31995 0.81516 0.32508 0.81142 0.32822 0.80421 0.32738 0.79557 0.32240 0.79607 0.31794 0.80548 0.31368 0.80873
1 0.26061 0.70817 0.25216 0.71981 0.24700 0.73635 0.24729 0.74521 0.24915 0.74644 0.25563 0.74123 0.26078 0.73017 0.26402 0.72079 0.26575 0.71614 0.26423 0.71097 0.26061 0.70817
4 0.00000 0.88046 0.01815 0.88509 0.06873 0.78772 0.08089 0.75067 0.10100 0.70060 0.09533 0.63857 0.12939 0.50316 0.15770 0.41830 0.18369 0.34629 0.19153 0.28788 0.16989 0.21484 0.15692 0.16769 0.11208 0.12710 0.08507 0.11987 0.08428 0.11965 0.00000 0.43417 0.00000 0.88046
2 0.25485 0.63756 0.27765 0.62567 0.28463 0.57095 0.30765 0.52953 0.36075 0.50004 0.39454 0.48206 0.41858 0.47822 0.38852 0.46632 0.36837 0.44293 0.36221 0.43096 0.34950 0.41471 0.32743 0.39852 0.27852 0.41241 0.25796 0.42234 0.23057 0.43556 0.21639 0.49479 0.21008 0.53426 0.23291 0.56353 0.23497 0.57820 0.24372 0.63458 0.25485 0.63756
4 0.14810 0.82414 0.20622 0.86491 0.27713 0.87045 0.29524 0.86524 0.36237 0.89329 0.43934 0.88871 0.49520 0.83813 0.54938 0.72325 0.61495 0.62822 0.64000 0.59290 0.64612 0.55759 0.65566 0.49291 0.68227 0.41433 0.70757 0.29504 0.69462 0.23107 0.68080 0.19543 0.66573 0.14771 0.63812 0.13021 0.57638 0.10698 0.52917 0.11280 0.48439 0.13442 0.46379 0.14064 0.44363 0.12855 0.38311 0.12576 0.34503 0.13070 0.26424 0.16619 0.26195 0.17059 0.20766 0.24849 0.18857 0.30725 0.18805 0.34241 0.17423 0.38575 0.15074 0.45675 0.14524 0.49395 0.12237 0.56680 0.10075 0.64335 0.10937 0.76499 0.14810 0.82414
1 0.39925 0.52367 0.39674 0.53031 0.39677 0.53471 0.39731 0.53632 0.40338 0.53539 0.40769 0.53288 0.40911 0.52668 0.40373 0.52231 0.39925 0.52367
1 0.27611 0.50999 0.26862 0.51768 0.25460 0.52954 0.24488 0.54925 0.25119 0.56064 0.26308 0.56605 0.27749 0.54907 0.28692 0.53224 0.30056 0.52920 0.31938 0.52159 0.33571 0.51034 0.34405 0.49026 0.34799 0.46450 0.34686 0.43742 0.34413 0.42180 0.33827 0.41427 0.32963 0.40599 0.31837 0.41117 0.31140 0.43165 0.30813 0.45309 0.31041 0.45743 0.30964 0.47135 0.31496 0.48470 0.32247 0.49713 0.31047 0.50508 0.29556 0.50554 0.28173 0.50927 0.27611 0.50999
2 0.58389 0.49720 0.59927 0.51932 0.61884 0.51940 0.62959 0.54288 0.63403 0.55819 0.63424 0.59556 0.63998 0.58682 0.64903 0.54037 0.65680 0.48586 0.66917 0.44930 0.67112 0.42926 0.66828 0.42078 0.65840 0.42586 0.64092 0.41473 0.63254 0.39833 0.62257 0.36866 0.60333 0.36735 0.57318 0.39402 0.56557 0.43826 0.57329 0.47632 0.58389 0.49720
