3 0.44772 0.77845 0.44592 0.80062 0.45162 0.83962 0.45798 0.86608 0.47293 0.87653 0.49260 0.88336 0.51545 0.87876 0.54389 0.86574 0.56050 0.85693 0.59490 0.85390 0.61017 0.84598 0.65798 0.84560 0.68575 0.83452 0.70357 0.83831 0.74259 0.88195 0.75500 0.89122 0.75801 0.87207 0.75331 0.85059 0.74180 0.81128 0.69556 0.78176 0.66355 0.77622 0.59413 0.78226 0.55681 0.79191 0.51756 0.80146 0.47823 0.78780 0.45655 0.77021 0.44772 0.77845
1 0.54418 0.52105 0.54845 0.51700 0.55346 0.51321 0.55830 0.50964 0.55936 0.50654 0.56245 0.50490 0.56468 0.50547 0.56958 0.50933 0.56998 0.50755 0.57049 0.50353 0.56642 0.49791 0.56245 0.49343 0.56088 0.49762 0.55692 0.49876 0.55471 0.49505 0.55317 0.49294 0.55175 0.49129 0.54792 0.48997 0.54436 0.48910 0.54291 0.49083 0.53952 0.49538 0.53734 0.49976 0.52897 0.50180 0.52418 0.50717 0.52342 0.51321 0.52717 0.51611 0.53076 0.51922 0.53385 0.52343 0.53726 0.51844 0.54059 0.52086 0.54418 0.52105
4 0.00000 0.68562 0.01777 0.67474 0.04050 0.65482 0.05393 0.64738 0.07294 0.61586 0.07472 0.58183 0.07369 0.53950 0.07591 0.47622 0.05413 0.45721 0.03094 0.42347 0.00834 0.37839 0.00569 0.37825 0.00113 0.46530 0.00000 0.49020 0.00000 0.68562
4 0.15577 0.77465 0.19854 0.78664 0.22892 0.78660 0.25296 0.80412 0.27153 0.80185 0.32345 0.82570 0.36858 0.81342 0.38583 0.79482 0.41931 0.77707 0.44121 0.77335 0.45229 0.68615 0.45501 0.63427 0.46145 0.59395 0.46650 0.56009 0.44614 0.51351 0.43390 0.51936 0.41617 0.44366 0.40528 0.42359 0.38579 0.36078 0.36924 0.34529 0.32517 0.29583 0.29005 0.28261 0.25478 0.27264 0.21690 0.27066 0.16326 0.30036 0.15842 0.30986 0.16292 0.30683 0.10242 0.44672 0.08016 0.47807 0.07506 0.49243 0.07268 0.62072 0.05850 0.64275 0.06288 0.68361 0.07450 0.71023 0.08895 0.74513 0.13497 0.75730 0.15577 0.77465
4 1.00000 0.34149 0.97217 0.35250 0.93507 0.39770 0.91456 0.43727 0.90121 0.46421 0.88012 0.49399 0.83204 0.54185 0.82550 0.58378 0.83795 0.61532 0.83975 0.72596 0.84582 0.73439 0.87221 0.81056 0.91331 0.83385 0.98134 0.81952 0.99889 0.53436 1.00000 0.51309 1.00000 0.34149
4 0.60187 0.85394 0.63885 0.84726 0.68531 0.84555 0.70557 0.84794 0.75364 0.89809 0.80637 0.89260 0.81551 0.86402 0.82664 0.81640 0.83761 0.73846 0.84078 0.65156 0.83131 0.58161 0.81560 0.52481 0.81629 0.47198 0.81523 0.42630 0.80625 0.37297 0.78773 0.33054 0.76312 0.29816 0.71618 0.26978 0.68379 0.26703 0.64902 0.28387 0.59600 0.31841 0.53093 0.39794 0.48150 0.46998 0.46389 0.59449 0.44787 0.68903 0.44042 0.76534 0.44318 0.83663 0.45915 0.87590 0.49910 0.88659 0.55980 0.86385 0.60187 0.85394
1 0.26401 0.79217 0.26515 0.78473 0.26416 0.77980 0.26008 0.77884 0.25808 0.78117 0.25875 0.78514 0.26070 0.79087 0.26401 0.79217
1 0.31201 0.78636 0.31208 0.78953 0.31277 0.79332 0.31332 0.79710 0.31617 0.79762 0.31785 0.79435 0.31743 0.79039 0.31558 0.78748 0.31201 0.78636
1 0.24516 0.77442 0.24322 0.76848 0.24059 0.76855 0.23646 0.76852 0.23432 0.77122 0.23650 0.77245 0.23997 0.77321 0.23945 0.77599 0.23861 0.77762 0.23861 0.78006 0.24031 0.78108 0.24277 0.77952 0.24516 0.77442
3 0.63046 0.71739 0.63831 0.70328 0.66461 0.70661 0.69169 0.68287 0.72592 0.64596 0.77732 0.63897 0.79293 0.62432 0.81191 0.58273 0.81878 0.55020 0.81538 0.49196 0.81055 0.51009 0.80334 0.52527 0.78212 0.53373 0.76492 0.55512 0.74695 0.54062 0.72718 0.53572 0.70850 0.52218 0.68879 0.52887 0.67055 0.52019 0.66122 0.51201 0.64696 0.51408 0.63505 0.51927 0.63015 0.50063 0.61780 0.49023 0.60791 0.48297 0.59295 0.48424 0.57942 0.48447 0.56896 0.48580 0.55357 0.48405 0.53370 0.48106 0.50079 0.49290 0.48787 0.49318 0.47893 0.50336 0.47359 0.54372 0.48347 0.57712 0.49949 0.60410 0.52389 0.63150 0.54877 0.66184 0.56753 0.68604 0.57810 0.71852 0.59576 0.73880 0.62097 0.75076 0.63046 0.71739
