4 0.33682 0.61607 0.34008 0.61460 0.34069 0.61155 0.33893 0.60700 0.33616 0.59854 0.33272 0.59219 0.32857 0.58682 0.32751 0.58495 0.32586 0.57997 0.32118 0.58222 0.31725 0.58148 0.31108 0.58977 0.30816 0.59658 0.31143 0.60242 0.31480 0.60966 0.32037 0.62339 0.32808 0.63766 0.33183 0.63608 0.33351 0.62690 0.33682 0.61607
4 0.54739 0.52283 0.54659 0.51690 0.54498 0.51275 0.53818 0.51117 0.53579 0.51013 0.52763 0.50953 0.51285 0.51488 0.50871 0.51914 0.50885 0.52270 0.51772 0.52513 0.52715 0.52947 0.53077 0.52938 0.53309 0.53007 0.54127 0.52704 0.54516 0.52646 0.54739 0.52283
4 0.36490 0.64889 0.36728 0.64423 0.37039 0.63358 0.37253 0.62315 0.37246 0.61673 0.36925 0.61250 0.36693 0.61261 0.36419 0.61078 0.36100 0.61318 0.35727 0.61043 0.34940 0.60961 0.34196 0.61255 0.33698 0.61725 0.33253 0.63328 0.33285 0.64113 0.33793 0.64765 0.34738 0.65435 0.35563 0.65732 0.36490 0.64889
4 0.46248 0.68465 0.47445 0.68307 0.48290 0.68037 0.48762 0.67424 0.49347 0.65810 0.49363 0.64831 0.49176 0.64236 0.48816 0.63666 0.48349 0.63276 0.47878 0.63090 0.47326 0.63409 0.46969 0.63251 0.46506 0.62724 0.46162 0.62822 0.45809 0.63259 0.45650 0.64019 0.45382 0.65827 0.45288 0.66694 0.45600 0.67275 0.45597 0.68143 0.46248 0.68465
1 0.55939 0.54476 0.56044 0.54412 0.56201 0.54294 0.56218 0.54287 0.56238 0.54415 0.56362 0.54547 0.56623 0.54433 0.56740 0.54383 0.56851 0.54479 0.57067 0.54543 0.57305 0.54457 0.57523 0.54275 0.57665 0.54154 0.57965 0.54094 0.58124 0.53965 0.58193 0.53780 0.58392 0.53459 0.58553 0.53208 0.58665 0.52876 0.58749 0.52661 0.59211 0.51766 0.59134 0.51444 0.59000 0.51264 0.58876 0.51099 0.58724 0.51050 0.58403 0.51228 0.57962 0.51432 0.57698 0.51322 0.57545 0.51182 0.57212 0.51200 0.56855 0.51280 0.56556 0.51430 0.56182 0.51640 0.55842 0.51802 0.55601 0.51955 0.55352 0.52174 0.55272 0.52378 0.55400 0.52702 0.55575 0.52903 0.55688 0.53200 0.55738 0.53539 0.55717 0.53982 0.55681 0.54277 0.55640 0.54502 0.55714 0.54565 0.55939 0.54476
4 0.39317 0.67605 0.39920 0.66773 0.40373 0.65812 0.40624 0.65235 0.40747 0.64374 0.40745 0.63710 0.40656 0.62477 0.40158 0.62216 0.39670 0.62094 0.37843 0.61296 0.37380 0.62049 0.37273 0.62845 0.37104 0.64563 0.36987 0.65768 0.37079 0.66682 0.37593 0.67244 0.37990 0.67549 0.38596 0.67746 0.39317 0.67605
1 0.45558 0.65470 0.45679 0.65538 0.45668 0.65358 0.45679 0.65211 0.45751 0.65023 0.45494 0.65155 0.45461 0.65484 0.45558 0.65470
4 0.51634 0.67271 0.52254 0.66557 0.52585 0.65109 0.52713 0.63861 0.52395 0.62936 0.52094 0.62678 0.51777 0.62850 0.51292 0.62775 0.50771 0.63034 0.49828 0.63759 0.49425 0.64275 0.49404 0.65276 0.49418 0.66262 0.49676 0.67057 0.50162 0.67064 0.50254 0.67613 0.50944 0.67716 0.51634 0.67271
4 0.41112 0.65722 0.41220 0.67486 0.41423 0.68016 0.42040 0.68536 0.42691 0.68675 0.43552 0.68341 0.44135 0.67527 0.44719 0.66530 0.45281 0.65070 0.45535 0.64356 0.45628 0.63740 0.45578 0.63270 0.45438 0.63098 0.45235 0.63299 0.45042 0.63525 0.44861 0.63640 0.44665 0.63751 0.44423 0.63622 0.44024 0.63637 0.43629 0.63630 0.43193 0.63544 0.42901 0.63311 0.42684 0.62960 0.42569 0.62749 0.42460 0.62699 0.42159 0.62806 0.41554 0.64255 0.41352 0.65005 0.41112 0.65722
4 0.57889 0.55161 0.58655 0.53800 0.58859 0.53036 0.58999 0.52527 0.59506 0.51684 0.59447 0.51145 0.58816 0.50716 0.58436 0.50583 0.57359 0.50857 0.56751 0.51113 0.56084 0.51510 0.55544 0.51860 0.55138 0.52088 0.54743 0.52320 0.54517 0.52865 0.54779 0.53008 0.55106 0.53148 0.55382 0.53702 0.55470 0.54751 0.55541 0.55293 0.55610 0.56261 0.55653 0.56660 0.55745 0.56915 0.56042 0.57280 0.56458 0.57112 0.57021 0.56360 0.57889 0.55161
4 0.39085 0.49871 0.39259 0.49332 0.38216 0.49208 0.37006 0.48150 0.36299 0.47818 0.35622 0.47785 0.35027 0.48044 0.34920 0.49046 0.35765 0.49392 0.36317 0.49821 0.37002 0.50030 0.37660 0.50350 0.37875 0.50578 0.38214 0.50721 0.38605 0.50605 0.38934 0.50532 0.39085 0.49871
1 0.54099 0.51877 0.54074 0.51770 0.54006 0.51690 0.53861 0.51708 0.53570 0.51831 0.53309 0.51984 0.53264 0.52184 0.53410 0.52329 0.53600 0.52423 0.53775 0.52428 0.53943 0.52360 0.53999 0.52258 0.54053 0.52022 0.54099 0.51877
4 0.32164 0.49342 0.32416 0.49554 0.32620 0.49564 0.32875 0.49479 0.33086 0.49209 0.33538 0.48944 0.33896 0.48697 0.34104 0.48654 0.34310 0.48948 0.34554 0.49049 0.34738 0.48960 0.34816 0.48899 0.34905 0.48827 0.34979 0.48280 0.34804 0.47832 0.34455 0.47246 0.34108 0.46729 0.33769 0.46254 0.33461 0.45759 0.33083 0.45220 0.32701 0.44990 0.32227 0.44980 0.31956 0.44953 0.31627 0.44938 0.31308 0.45101 0.31207 0.45184 0.31125 0.45689 0.31065 0.46401 0.31054 0.46911 0.31105 0.47247 0.31194 0.47646 0.31343 0.47804 0.31605 0.47695 0.31726 0.48142 0.31873 0.48597 0.31980 0.49108 0.32164 0.49342
2 0.58397 0.50620 0.57204 0.50943 0.56448 0.51278 0.55061 0.52174 0.54727 0.52421 0.54579 0.52810 0.55105 0.53136 0.55297 0.53455 0.55442 0.54170 0.55537 0.54931 0.57114 0.54781 0.57567 0.54312 0.58098 0.54153 0.58581 0.53615 0.58736 0.53304 0.58943 0.52579 0.59507 0.51614 0.59461 0.51176 0.58739 0.50647 0.58397 0.50620
1 0.52702 0.61641 0.52352 0.62508 0.52553 0.63052 0.52990 0.62229 0.53463 0.61381 0.53548 0.61100 0.53471 0.60901 0.53027 0.61059 0.52702 0.61641
1 0.36813 0.49600 0.36934 0.49565 0.37082 0.49695 0.37342 0.49929 0.37539 0.50090 0.37719 0.50144 0.37730 0.50100 0.37656 0.49820 0.37571 0.49611 0.37387 0.49322 0.37210 0.49035 0.37084 0.48788 0.37033 0.48692 0.36738 0.48374 0.36214 0.48525 0.35875 0.48459 0.35379 0.48672 0.35257 0.48913 0.35606 0.49037 0.35886 0.49116 0.36065 0.49348 0.36319 0.49505 0.36552 0.49572 0.36813 0.49600
1 0.33436 0.48836 0.33618 0.48751 0.33836 0.48657 0.33963 0.48565 0.34015 0.48441 0.33968 0.48267 0.33917 0.48125 0.33640 0.48069 0.33447 0.47994 0.33259 0.47895 0.33083 0.47786 0.32915 0.47680 0.32778 0.47600 0.32610 0.47512 0.32516 0.47470 0.32505 0.47740 0.32477 0.48025 0.32388 0.48263 0.32213 0.48323 0.32135 0.48323 0.32094 0.48365 0.31964 0.48625 0.32118 0.48962 0.32262 0.49096 0.32447 0.49018 0.32570 0.49043 0.32644 0.49217 0.32764 0.49240 0.32953 0.49105 0.33123 0.48998 0.33292 0.48911 0.33436 0.48836
1 0.30780 0.47078 0.30802 0.47025 0.30821 0.46893 0.30774 0.46771 0.30644 0.46648 0.30590 0.46537 0.30427 0.46444 0.30278 0.46569 0.30260 0.46610 0.30310 0.46824 0.30391 0.46968 0.30533 0.47023 0.30662 0.47048 0.30780 0.47078
1 0.48581 0.66065 0.48310 0.66784 0.48161 0.67480 0.48585 0.67586 0.48701 0.66706 0.48808 0.66318 0.49182 0.65858 0.49262 0.65607 0.49080 0.65472 0.48581 0.66065
4 0.30826 0.46725 0.31030 0.47005 0.31058 0.46464 0.31110 0.45951 0.30504 0.45022 0.29762 0.43901 0.29212 0.43421 0.29038 0.43263 0.28738 0.45017 0.29024 0.46619 0.29473 0.48605 0.30015 0.48694 0.30656 0.47894 0.30875 0.47446 0.30827 0.47023 0.30826 0.46725
4 0.52891 0.65162 0.53859 0.64764 0.54285 0.64459 0.55344 0.63146 0.56046 0.61675 0.56577 0.59728 0.56699 0.59118 0.56137 0.58864 0.55673 0.59137 0.55027 0.59958 0.53858 0.60307 0.53420 0.60868 0.53010 0.61063 0.52657 0.61752 0.52359 0.62470 0.52526 0.63083 0.52803 0.64295 0.52891 0.65162
