4 0.09548 0.33336 0.09225 0.39497 0.09698 0.43597 0.10305 0.45755 0.11220 0.46632 0.13145 0.45466 0.11662 0.40317 0.12512 0.34356 0.11631 0.32991 0.09463 0.33005 0.09548 0.33336
4 0.20707 0.58199 0.21438 0.55483 0.21154 0.53350 0.20372 0.52155 0.17714 0.52947 0.17844 0.52628 0.15597 0.53775 0.14878 0.62511 0.14975 0.65772 0.15748 0.67130 0.17456 0.65946 0.19426 0.64130 0.19499 0.61534 0.20707 0.58199
1 0.46590 0.35402 0.47193 0.35384 0.47509 0.35165 0.48045 0.35233 0.48769 0.34923 0.48312 0.34288 0.47510 0.33420 0.46819 0.33281 0.45902 0.33488 0.45287 0.33685 0.44388 0.33924 0.43993 0.34408 0.43445 0.34219 0.43106 0.34767 0.42920 0.35417 0.42573 0.35513 0.42327 0.35586 0.42201 0.36239 0.42478 0.36861 0.42934 0.36652 0.43402 0.35691 0.44178 0.35203 0.44744 0.34852 0.45492 0.34754 0.46178 0.34982 0.46590 0.35402
4 0.79001 0.42910 0.79556 0.38069 0.79562 0.33349 0.79074 0.31036 0.77133 0.30900 0.76904 0.31047 0.74532 0.33972 0.73920 0.36534 0.72854 0.39388 0.72945 0.44277 0.71254 0.46763 0.73836 0.48572 0.75994 0.48723 0.76726 0.49099 0.78372 0.47261 0.79001 0.42910
4 0.80343 0.54723 0.77919 0.53738 0.76284 0.52323 0.74921 0.53203 0.77084 0.54820 0.79192 0.63429 0.80431 0.64329 0.81479 0.63264 0.82143 0.61520 0.83177 0.59150 0.82870 0.57338 0.82301 0.56160 0.80343 0.54723
4 0.62363 0.37517 0.61544 0.33718 0.59523 0.31622 0.56332 0.30749 0.56355 0.30423 0.51997 0.33863 0.50738 0.36379 0.50597 0.39948 0.50484 0.47752 0.58011 0.48603 0.59685 0.47908 0.60980 0.47998 0.62086 0.46122 0.62738 0.41447 0.62363 0.37517
4 0.16122 0.32330 0.16100 0.32653 0.15497 0.35052 0.15168 0.39750 0.16634 0.43594 0.16509 0.45376 0.16874 0.46377 0.20303 0.46942 0.21647 0.44757 0.21261 0.40988 0.21267 0.36281 0.16122 0.32330
4 0.13015 0.51965 0.14808 0.51115 0.15727 0.50367 0.15222 0.49841 0.13219 0.49051 0.11051 0.49062 0.09977 0.50453 0.09042 0.52991 0.08127 0.58298 0.08611 0.59144 0.09978 0.59727 0.10881 0.57674 0.11584 0.53819 0.13015 0.51965
4 0.69602 0.47135 0.71231 0.47087 0.72803 0.44755 0.73030 0.41517 0.72307 0.37887 0.72006 0.34449 0.70501 0.29624 0.70144 0.30086 0.67458 0.29736 0.64531 0.34414 0.63072 0.38216 0.62607 0.38672 0.62704 0.41933 0.61967 0.46276 0.61457 0.47378 0.62715 0.47957 0.67110 0.47123 0.69602 0.47135
4 0.90743 0.54797 0.89635 0.53581 0.89062 0.54029 0.87784 0.55243 0.85928 0.55438 0.86229 0.55785 0.88410 0.58704 0.87997 0.63067 0.89706 0.64977 0.90216 0.63875 0.90494 0.61453 0.91123 0.57102 0.90760 0.56101 0.90743 0.54797
4 0.71762 0.65839 0.71989 0.62601 0.72169 0.56918 0.70631 0.55669 0.69619 0.54623 0.66720 0.54258 0.65187 0.54476 0.64886 0.54130 0.65612 0.56131 0.63747 0.62675 0.64456 0.63374 0.65695 0.67365 0.66341 0.70505 0.69878 0.71078 0.71133 0.70187 0.71762 0.65839
4 0.57343 0.58157 0.57439 0.55234 0.56883 0.53895 0.54906 0.54244 0.52630 0.54248 0.51468 0.53841 0.49492 0.54191 0.49346 0.65572 0.49403 0.67855 0.51220 0.69773 0.52566 0.70680 0.54337 0.70153 0.54836 0.69210 0.55385 0.65994 0.56861 0.60402 0.57343 0.58157
4 0.87172 0.57804 0.85520 0.55085 0.84440 0.55009 0.81989 0.55976 0.82074 0.56307 0.83222 0.58503 0.82944 0.60925 0.84137 0.62472 0.85357 0.65161 0.87094 0.65120 0.87844 0.63709 0.88354 0.59512 0.87172 0.57804
4 0.64682 0.53953 0.63149 0.54171 0.59805 0.53937 0.57552 0.53617 0.57433 0.53771 0.57485 0.57679 0.56009 0.63271 0.58746 0.67533 0.60858 0.68331 0.62821 0.65051 0.64360 0.60113 0.65578 0.56619 0.64682 0.53953
4 0.28866 0.37616 0.27600 0.35573 0.27208 0.33430 0.25726 0.31375 0.22796 0.29867 0.22666 0.30183 0.20923 0.31852 0.21243 0.36595 0.21334 0.41481 0.21709 0.45415 0.22049 0.46739 0.23764 0.47021 0.27898 0.46823 0.29258 0.45943 0.28209 0.40824 0.28866 0.37616
4 0.34081 0.55449 0.35125 0.53511 0.32843 0.53376 0.30577 0.54985 0.30157 0.54793 0.26912 0.57820 0.26111 0.61506 0.27304 0.66147 0.27650 0.68937 0.29569 0.69397 0.31714 0.66618 0.34383 0.62575 0.34081 0.55449
4 0.16055 0.45670 0.16526 0.43586 0.15180 0.39588 0.15400 0.34883 0.12950 0.33099 0.12501 0.34518 0.11758 0.40486 0.13207 0.46121 0.16055 0.45670
4 0.42817 0.54375 0.42877 0.53235 0.36918 0.53300 0.35148 0.53387 0.34110 0.55602 0.34332 0.61755 0.34281 0.64031 0.37750 0.68668 0.40054 0.66713 0.41995 0.63757 0.41835 0.56747 0.42817 0.54375
4 0.49405 0.53860 0.47800 0.53940 0.46619 0.54968 0.43071 0.54555 0.42629 0.54689 0.41872 0.56717 0.42080 0.64088 0.43897 0.69098 0.46793 0.67997 0.49272 0.65079 0.49311 0.56782 0.49509 0.55496 0.49405 0.53860
1 0.41252 0.36218 0.41251 0.35947 0.41122 0.35215 0.40880 0.34627 0.40464 0.34838 0.40534 0.35566 0.40892 0.36464 0.40985 0.37163 0.41073 0.37891 0.41428 0.38006 0.41673 0.37632 0.41499 0.36988 0.41252 0.36218
4 0.77999 0.58788 0.76987 0.54651 0.76233 0.54598 0.74071 0.52981 0.72685 0.54187 0.71220 0.53432 0.69761 0.54145 0.69415 0.54446 0.72158 0.57079 0.72204 0.62616 0.73686 0.64670 0.75220 0.67544 0.77495 0.67540 0.78977 0.63414 0.78659 0.61764 0.77999 0.58788
4 0.84586 0.34350 0.84023 0.34636 0.81520 0.37878 0.79874 0.39717 0.79222 0.41300 0.78684 0.47445 0.82737 0.48379 0.84456 0.43944 0.85233 0.40579 0.85527 0.36370 0.85329 0.34565 0.84586 0.34350
4 0.87820 0.34577 0.86845 0.36137 0.85635 0.36378 0.85199 0.41067 0.83094 0.47916 0.85219 0.48552 0.87228 0.47718 0.88101 0.44524 0.88078 0.41756 0.88168 0.34276 0.87820 0.34577
4 0.15563 0.54260 0.17748 0.52459 0.16552 0.52538 0.15064 0.52109 0.13049 0.51480 0.13026 0.51804 0.11431 0.54459 0.11392 0.56572 0.10297 0.58287 0.10099 0.59573 0.10661 0.62379 0.13441 0.62899 0.14866 0.62673 0.15563 0.54260
4 0.87523 0.46597 0.87511 0.46762 0.88651 0.47492 0.90218 0.46786 0.91144 0.44412 0.92034 0.39429 0.92130 0.36507 0.91101 0.34156 0.90211 0.36047 0.88236 0.36397 0.87936 0.45326 0.87523 0.46597
4 0.26321 0.60057 0.27043 0.57504 0.28619 0.56639 0.30651 0.55478 0.29976 0.54292 0.27184 0.53935 0.25526 0.52840 0.23460 0.54487 0.21564 0.53704 0.21381 0.53204 0.21415 0.55807 0.19584 0.61865 0.19641 0.64145 0.20588 0.67631 0.23065 0.66338 0.24119 0.63645 0.26219 0.61513 0.26321 0.60057
4 0.39052 0.43861 0.39219 0.38340 0.37818 0.35150 0.36262 0.32600 0.35109 0.32032 0.34024 0.30490 0.32060 0.30678 0.31811 0.31148 0.30102 0.32332 0.29371 0.35047 0.28844 0.37939 0.28266 0.40015 0.29474 0.45958 0.29873 0.46473 0.30724 0.46695 0.34113 0.46282 0.37553 0.46685 0.39052 0.43861
1 0.46048 0.39160 0.45385 0.38903 0.44451 0.39350 0.44014 0.39590 0.44634 0.39603 0.45624 0.40064 0.46443 0.40121 0.46686 0.40078 0.46953 0.39705 0.46048 0.39160
