4 0.12261 0.27868 0.11084 0.33924 0.10982 0.38050 0.11282 0.40272 0.12067 0.41268 0.14134 0.40381 0.13383 0.35076 0.15054 0.29291 0.14372 0.27816 0.12223 0.27528 0.12261 0.27868
4 0.19851 0.54042 0.20953 0.51455 0.20968 0.49303 0.20360 0.48010 0.17618 0.48425 0.17792 0.48127 0.15406 0.48950 0.13478 0.57502 0.13120 0.60744 0.13697 0.62196 0.15554 0.61262 0.17757 0.59737 0.18191 0.57177 0.19851 0.54042
1 0.48655 0.35070 0.49254 0.35136 0.49597 0.34963 0.50120 0.35105 0.50879 0.34898 0.50515 0.34206 0.49842 0.33235 0.49176 0.33001 0.48240 0.33078 0.47603 0.33188 0.46680 0.33299 0.46222 0.33724 0.45705 0.33460 0.45293 0.33956 0.45019 0.34573 0.44661 0.34620 0.44408 0.34658 0.44192 0.35288 0.44380 0.35942 0.44860 0.35798 0.45458 0.34912 0.46294 0.34537 0.46903 0.34268 0.47658 0.34275 0.48306 0.34596 0.48655 0.35070
4 0.79706 0.47015 0.80929 0.42298 0.81591 0.37625 0.81430 0.35267 0.79527 0.34862 0.79280 0.34975 0.76524 0.37543 0.75561 0.39994 0.74108 0.42672 0.73518 0.47526 0.71497 0.49752 0.73802 0.51903 0.75919 0.52353 0.76591 0.52828 0.78477 0.51236 0.79706 0.47015
4 0.79390 0.58900 0.77127 0.57587 0.75705 0.55958 0.74233 0.56640 0.76149 0.58542 0.77039 0.67362 0.78140 0.68425 0.79327 0.67516 0.80227 0.65881 0.81580 0.63679 0.81529 0.61841 0.81129 0.60596 0.79390 0.58900
4 0.63980 0.39359 0.63698 0.35483 0.61988 0.33127 0.58950 0.31818 0.59018 0.31498 0.54223 0.34298 0.52627 0.36614 0.51990 0.40129 0.50792 0.47841 0.58127 0.49732 0.59882 0.49276 0.61152 0.49546 0.62508 0.47842 0.63804 0.43303 0.63980 0.39359
4 0.18911 0.27787 0.18844 0.28104 0.17913 0.30396 0.16934 0.35002 0.17850 0.39012 0.17478 0.40760 0.17701 0.41802 0.21018 0.42839 0.22652 0.40862 0.22795 0.37076 0.23456 0.32415 0.18911 0.27787
4 0.13101 0.46799 0.14996 0.46207 0.16009 0.45593 0.15583 0.45002 0.13709 0.43941 0.11560 0.43650 0.10303 0.44878 0.09024 0.47262 0.07380 0.52389 0.07742 0.53295 0.09014 0.54063 0.10194 0.52155 0.11426 0.48435 0.13101 0.46799
4 0.69810 0.49891 0.71430 0.50070 0.73311 0.47980 0.73986 0.44804 0.73776 0.41109 0.73956 0.37663 0.73138 0.32675 0.72720 0.33084 0.70108 0.32363 0.66558 0.36588 0.64585 0.40150 0.64061 0.40536 0.63703 0.43779 0.62369 0.47978 0.61710 0.48998 0.62876 0.49747 0.67344 0.49533 0.69810 0.49891
4 0.89679 0.60420 0.88751 0.59062 0.88121 0.59426 0.86687 0.60451 0.84822 0.60386 0.85071 0.60770 0.86825 0.63965 0.85809 0.68228 0.87235 0.70358 0.87894 0.69337 0.88506 0.66977 0.89734 0.62756 0.89514 0.61715 0.89679 0.60420
4 0.69346 0.68713 0.70021 0.65538 0.70991 0.59936 0.69641 0.58485 0.68785 0.57309 0.65964 0.56543 0.64416 0.56546 0.64167 0.56161 0.64607 0.58244 0.61850 0.64464 0.62454 0.65256 0.63125 0.69381 0.63329 0.72580 0.66751 0.73639 0.68118 0.72932 0.69346 0.68713
4 0.56136 0.59099 0.56638 0.56219 0.56274 0.54815 0.54267 0.54886 0.52013 0.54573 0.50919 0.54008 0.48914 0.54080 0.47185 0.65329 0.46924 0.67598 0.48456 0.69750 0.49663 0.70836 0.51490 0.70561 0.52115 0.69696 0.53107 0.66588 0.55347 0.61255 0.56136 0.59099
4 0.85724 0.62902 0.84467 0.59979 0.83408 0.59754 0.80846 0.60370 0.80884 0.60709 0.81715 0.63044 0.81103 0.65404 0.82069 0.67101 0.82903 0.69934 0.84628 0.70135 0.85568 0.68843 0.86657 0.64758 0.85724 0.62902
4 0.63989 0.55958 0.62441 0.55960 0.59162 0.55263 0.56975 0.54633 0.56836 0.54769 0.56343 0.58646 0.54103 0.63978 0.56221 0.68579 0.58201 0.69663 0.60602 0.66689 0.62812 0.62013 0.64505 0.58723 0.63989 0.55958
4 0.30796 0.34795 0.29826 0.32596 0.29736 0.30419 0.28554 0.28178 0.25863 0.26277 0.25690 0.26572 0.23732 0.27982 0.23388 0.32723 0.22799 0.37575 0.22622 0.41522 0.22775 0.42881 0.24434 0.43399 0.28555 0.43778 0.30025 0.43095 0.29698 0.37880 0.30796 0.34795
4 0.33478 0.53181 0.34781 0.51407 0.32540 0.50955 0.30072 0.52233 0.29683 0.51985 0.26049 0.54531 0.24742 0.58069 0.25278 0.62831 0.25233 0.65643 0.27068 0.66365 0.29580 0.63911 0.32785 0.60279 0.33478 0.53181
4 0.16988 0.40988 0.17744 0.38990 0.16967 0.34843 0.17841 0.30215 0.15663 0.28107 0.15020 0.29449 0.13455 0.35257 0.14105 0.41038 0.16988 0.40988
4 0.42278 0.53332 0.42496 0.52212 0.36586 0.51447 0.34821 0.51287 0.33485 0.53336 0.32848 0.59460 0.32481 0.61707 0.35271 0.66782 0.37825 0.65166 0.40158 0.62509 0.40976 0.55545 0.42278 0.53332
4 0.48874 0.53740 0.47273 0.53596 0.45961 0.54450 0.42505 0.53546 0.42048 0.53618 0.41016 0.55520 0.40196 0.62849 0.41298 0.68063 0.44319 0.67376 0.47181 0.64831 0.48374 0.56620 0.48749 0.55374 0.48874 0.53740
1 0.43255 0.35135 0.43292 0.34866 0.43266 0.34124 0.43108 0.33507 0.42667 0.33659 0.42635 0.34389 0.42865 0.35328 0.42860 0.36033 0.42845 0.36767 0.43180 0.36930 0.43475 0.36594 0.43393 0.35931 0.43255 0.35135
4 0.76504 0.62600 0.76077 0.58361 0.75338 0.58204 0.73422 0.56302 0.71882 0.57304 0.70536 0.56351 0.68992 0.56855 0.68607 0.57105 0.70957 0.60094 0.70232 0.65583 0.71414 0.67824 0.72533 0.70883 0.74787 0.71196 0.76828 0.67317 0.76743 0.65638 0.76504 0.62600
4 0.86427 0.39316 0.85830 0.39521 0.82901 0.42383 0.81015 0.43974 0.80149 0.45451 0.78760 0.51462 0.82644 0.52951 0.84964 0.48799 0.86201 0.45574 0.87078 0.41447 0.87133 0.39632 0.86427 0.39316
4 0.89598 0.39990 0.88416 0.41400 0.87184 0.41470 0.86100 0.46053 0.83062 0.52542 0.85077 0.53468 0.87183 0.52921 0.88492 0.49880 0.88855 0.47136 0.89985 0.39741 0.89598 0.39990
4 0.15305 0.49426 0.17720 0.47946 0.16524 0.47858 0.15110 0.47226 0.13202 0.46323 0.13135 0.46640 0.11186 0.49047 0.10853 0.51135 0.09530 0.52680 0.09155 0.53927 0.09321 0.56784 0.12002 0.57685 0.13445 0.57660 0.15305 0.49426
4 0.87631 0.51853 0.87597 0.52014 0.88624 0.52895 0.90274 0.52414 0.91521 0.50193 0.93096 0.45382 0.93598 0.42501 0.92906 0.40030 0.91762 0.41779 0.89757 0.41851 0.88218 0.50651 0.87631 0.51853
4 0.25151 0.56664 0.26222 0.54236 0.27903 0.53599 0.30077 0.52731 0.29573 0.51464 0.26858 0.50721 0.25369 0.49407 0.23094 0.50750 0.21326 0.49711 0.21213 0.49189 0.20885 0.51772 0.18229 0.57517 0.17968 0.59782 0.18421 0.63366 0.21053 0.62430 0.22472 0.59911 0.24848 0.58092 0.25151 0.56664
4 0.40012 0.42397 0.40947 0.36953 0.40003 0.33599 0.38818 0.30857 0.37755 0.30134 0.36895 0.28456 0.34924 0.28369 0.34612 0.28800 0.32755 0.29734 0.31653 0.32322 0.30728 0.35112 0.29867 0.37088 0.30236 0.43140 0.30560 0.43707 0.31371 0.44045 0.34785 0.44107 0.38135 0.44985 0.40012 0.42397
1 0.47595 0.38716 0.46974 0.38369 0.45988 0.38681 0.45521 0.38858 0.46133 0.38958 0.47050 0.39552 0.47852 0.39722 0.48099 0.39713 0.48415 0.39381 0.47595 0.38716
