4 0.39655 0.05866 0.38701 0.03240 0.36258 0.03715 0.35851 0.04452 0.35213 0.04576 0.33187 0.06626 0.33333 0.09080 0.34734 0.10626 0.35945 0.12873 0.37109 0.15458 0.38096 0.15427 0.39142 0.15721 0.39346 0.13366 0.39683 0.09993 0.39655 0.05866
1 0.22753 0.39235 0.23592 0.39304 0.24462 0.38207 0.23278 0.36890 0.22207 0.37485 0.21679 0.38748 0.22753 0.39235
4 0.72742 0.24077 0.72395 0.21165 0.70134 0.17472 0.68641 0.16602 0.66712 0.16319 0.66237 0.15580 0.63937 0.17348 0.63456 0.19428 0.63771 0.22178 0.63768 0.24989 0.64186 0.27719 0.65687 0.30903 0.67668 0.32007 0.70554 0.32104 0.72333 0.28786 0.72742 0.24077
1 0.89703 0.80645 0.89148 0.79335 0.88628 0.78211 0.88042 0.76520 0.88206 0.76036 0.88251 0.75383 0.87987 0.74467 0.87405 0.74129 0.87122 0.74442 0.87012 0.74979 0.86799 0.75214 0.86251 0.74160 0.85754 0.74256 0.84941 0.75382 0.84104 0.76382 0.84254 0.76934 0.85212 0.76554 0.86040 0.76393 0.86735 0.77096 0.87595 0.78863 0.88328 0.80204 0.88768 0.80698 0.89703 0.80645
1 0.92200 0.68942 0.92369 0.69811 0.92862 0.70360 0.93235 0.70288 0.93639 0.69049 0.92925 0.68027 0.92046 0.67488 0.92200 0.68942
1 0.59777 0.19872 0.60441 0.18647 0.60064 0.17366 0.59225 0.17916 0.58415 0.18396 0.57734 0.18206 0.57365 0.17633 0.57458 0.17228 0.57799 0.16775 0.58053 0.16532 0.58797 0.15936 0.58662 0.14802 0.58038 0.14020 0.57434 0.14009 0.56882 0.13600 0.56293 0.13006 0.56723 0.12342 0.56371 0.11637 0.55223 0.11924 0.55295 0.13844 0.55563 0.15662 0.55991 0.17642 0.56850 0.19409 0.57918 0.20040 0.58878 0.20111 0.59777 0.19872
1 0.53427 0.09759 0.53658 0.08295 0.52126 0.07046 0.51278 0.06888 0.49839 0.06781 0.48717 0.06096 0.47720 0.06935 0.47677 0.08040 0.48284 0.10500 0.49150 0.12524 0.49795 0.14075 0.50708 0.14349 0.51300 0.14298 0.52329 0.13841 0.52914 0.11986 0.53427 0.09759
1 0.45010 0.10685 0.44047 0.09712 0.43250 0.08707 0.42712 0.08811 0.43029 0.09781 0.43648 0.10757 0.44517 0.11684 0.45140 0.12014 0.45714 0.12096 0.46287 0.11727 0.46669 0.10814 0.46719 0.09967 0.46657 0.09205 0.45784 0.05377 0.45508 0.02852 0.45107 0.01898 0.44481 0.02213 0.43169 0.02984 0.42410 0.04163 0.42254 0.05354 0.42760 0.05965 0.43471 0.06085 0.44099 0.07768 0.45071 0.09449 0.45590 0.10573 0.45010 0.10685
1 0.36495 0.13759 0.36997 0.15015 0.37803 0.15181 0.38543 0.15231 0.39115 0.14410 0.39726 0.13131 0.39626 0.11732 0.38897 0.11745 0.38335 0.13273 0.37969 0.13602 0.37553 0.13231 0.37546 0.11427 0.37938 0.10126 0.38785 0.08736 0.38615 0.07415 0.37445 0.06482 0.36615 0.06192 0.35372 0.06434 0.34368 0.07016 0.33334 0.07668 0.33372 0.08305 0.33670 0.08957 0.34699 0.10046 0.35803 0.12411 0.36495 0.13759
1 0.35116 0.17058 0.34762 0.14354 0.34436 0.12676 0.33856 0.11242 0.32680 0.11599 0.31005 0.13601 0.29720 0.14947 0.29405 0.16427 0.30329 0.17859 0.31706 0.18752 0.33066 0.19777 0.34481 0.19760 0.35187 0.18527 0.35116 0.17058
4 0.45283 0.00000 0.42245 0.01062 0.42065 0.01264 0.40070 0.03470 0.39922 0.04988 0.41693 0.07288 0.42456 0.08977 0.44190 0.11928 0.45407 0.12659 0.46496 0.12512 0.47452 0.10133 0.46348 0.06222 0.45606 0.01898 0.45450 0.00000 0.45283 0.00000
4 0.29063 0.17183 0.25797 0.14601 0.24877 0.15618 0.22297 0.18666 0.20634 0.21214 0.21916 0.25155 0.23347 0.27650 0.26148 0.28833 0.28852 0.28772 0.30996 0.27195 0.31094 0.24229 0.30413 0.20725 0.29063 0.17183
4 0.63276 0.11693 0.62482 0.09862 0.60454 0.07941 0.58400 0.07019 0.56424 0.07068 0.56316 0.07089 0.55612 0.08554 0.54690 0.10661 0.54512 0.13726 0.55856 0.18429 0.56729 0.20710 0.59021 0.20780 0.62499 0.19614 0.63542 0.17593 0.64127 0.15493 0.63276 0.11693
1 0.26084 0.33836 0.26148 0.35049 0.26671 0.35527 0.27359 0.35974 0.27718 0.35388 0.27316 0.33983 0.26899 0.33162 0.26736 0.32549 0.26270 0.33026 0.26084 0.33836
4 0.27837 0.35933 0.27611 0.34107 0.26886 0.31926 0.26256 0.29966 0.21402 0.27106 0.20235 0.26900 0.18394 0.28483 0.17397 0.32024 0.17766 0.37903 0.18931 0.40488 0.20300 0.41872 0.22640 0.41417 0.23356 0.42271 0.25722 0.40818 0.27086 0.39895 0.27742 0.37614 0.27837 0.35933
4 0.31219 0.81594 0.29073 0.80193 0.26520 0.79529 0.25172 0.79959 0.22624 0.77643 0.22063 0.78319 0.20730 0.78669 0.17357 0.82303 0.17397 0.88743 0.19656 0.96408 0.22477 0.99000 0.25776 0.99519 0.28797 0.99757 0.32792 0.95345 0.31986 0.91200 0.31219 0.81594
1 0.24806 0.33343 0.25231 0.32874 0.25231 0.31790 0.24549 0.31226 0.24102 0.31313 0.24280 0.33290 0.24806 0.33343
1 0.26150 0.26215 0.26911 0.27034 0.28097 0.27384 0.29044 0.27393 0.30080 0.27192 0.30646 0.26566 0.30668 0.24692 0.30663 0.23339 0.29883 0.20654 0.29236 0.18652 0.28373 0.17530 0.27272 0.17615 0.26760 0.18295 0.25698 0.19468 0.26230 0.20655 0.26756 0.22035 0.26287 0.23158 0.25424 0.23584 0.25180 0.24985 0.25291 0.25995 0.26150 0.26215
4 0.91407 0.84944 0.92132 0.84139 0.94303 0.83388 0.95879 0.78452 0.96114 0.76253 0.96284 0.73744 0.95061 0.70835 0.93922 0.67253 0.93201 0.65246 0.92027 0.64314 0.90385 0.63807 0.88027 0.62447 0.87380 0.64224 0.84011 0.65046 0.81962 0.65026 0.80108 0.68784 0.79785 0.71658 0.79917 0.74611 0.81368 0.76972 0.82389 0.78263 0.83404 0.81206 0.83775 0.83120 0.84604 0.85105 0.86263 0.86272 0.88105 0.87236 0.90075 0.86028 0.91407 0.84944
4 0.76980 0.28875 0.73577 0.28376 0.71843 0.28545 0.70657 0.32084 0.69778 0.32093 0.69155 0.31718 0.67423 0.35859 0.68835 0.39717 0.72110 0.42388 0.72995 0.43538 0.75805 0.43817 0.78320 0.42006 0.79255 0.40006 0.79159 0.34403 0.78215 0.30125 0.76980 0.28875
4 0.54744 0.04087 0.51898 0.02493 0.49875 0.01725 0.48724 0.02613 0.46424 0.01571 0.46517 0.02050 0.45674 0.03374 0.46044 0.05281 0.47978 0.10695 0.49772 0.14815 0.52005 0.15535 0.52935 0.12382 0.53972 0.09201 0.55186 0.08637 0.55708 0.06214 0.54744 0.04087
4 0.35402 0.14926 0.34508 0.11167 0.32414 0.07512 0.31792 0.07633 0.29933 0.09741 0.28436 0.11683 0.26698 0.13510 0.26899 0.15121 0.28939 0.16550 0.30287 0.18241 0.32615 0.20136 0.34364 0.20621 0.35545 0.18315 0.35402 0.14926
4 0.88566 0.60686 0.90468 0.56847 0.90894 0.53953 0.89265 0.48977 0.88098 0.45232 0.86855 0.41669 0.84515 0.40970 0.81864 0.39828 0.80273 0.40137 0.78998 0.40385 0.78366 0.41669 0.75579 0.44357 0.75368 0.44398 0.73302 0.47946 0.74304 0.52549 0.75592 0.55767 0.75480 0.58600 0.76831 0.62142 0.79590 0.64416 0.81900 0.64960 0.84253 0.65167 0.87168 0.64265 0.88566 0.60686
4 0.19940 0.42277 0.18432 0.40752 0.17367 0.40959 0.15013 0.44725 0.16020 0.50480 0.19367 0.55780 0.19033 0.56342 0.24590 0.55429 0.26679 0.53701 0.27668 0.49705 0.27841 0.47189 0.27013 0.45203 0.24547 0.43864 0.22050 0.42364 0.19940 0.42277
4 0.30093 0.76352 0.30690 0.73760 0.31866 0.71875 0.32229 0.67504 0.31672 0.64640 0.29796 0.62354 0.28836 0.57415 0.27049 0.54455 0.24622 0.55591 0.21173 0.55429 0.18910 0.55708 0.19779 0.56197 0.17717 0.56933 0.14350 0.62874 0.14704 0.68099 0.17119 0.71434 0.18347 0.75495 0.20863 0.77650 0.22582 0.77980 0.26473 0.78713 0.29199 0.76861 0.30093 0.76352
