4 0.25774 0.44808 0.28520 0.48381 0.30429 0.51465 0.31862 0.51627 0.34130 0.51303 0.36159 0.51303 0.37949 0.46107 0.38189 0.40590 0.36636 0.35880 0.34249 0.33446 0.31503 0.31010 0.28161 0.30524 0.25536 0.31497 0.25416 0.31173 0.23149 0.34419 0.23625 0.39939 0.24104 0.42861 0.25774 0.44808
4 0.61712 0.79503 0.63403 0.80181 0.65193 0.83021 0.68574 0.82480 0.70664 0.80585 0.73548 0.75310 0.73350 0.72335 0.73847 0.70034 0.73548 0.67194 0.71559 0.66112 0.67978 0.66112 0.64695 0.63810 0.63998 0.63947 0.61811 0.66787 0.61611 0.69627 0.62308 0.73145 0.61712 0.79503
4 0.54848 0.47712 0.55644 0.52583 0.57534 0.55154 0.59622 0.55288 0.62110 0.55423 0.64398 0.50419 0.66286 0.47712 0.65392 0.45684 0.65392 0.41895 0.63601 0.38920 0.60020 0.35943 0.59026 0.34048 0.58827 0.34726 0.55145 0.38514 0.53655 0.40137 0.53655 0.46088 0.54848 0.47712
4 0.04050 0.31661 0.05721 0.37017 0.07749 0.42375 0.09302 0.44808 0.12167 0.46758 0.14793 0.47895 0.18254 0.45459 0.21000 0.44160 0.22551 0.43023 0.23029 0.39777 0.23149 0.34745 0.23268 0.28901 0.22790 0.24192 0.21955 0.20297 0.19328 0.17699 0.17299 0.16724 0.13599 0.16888 0.08466 0.18185 0.08108 0.18185 0.07749 0.19973 0.05243 0.23219 0.04885 0.27114 0.04050 0.31661
4 0.07392 0.17537 0.10019 0.17699 0.13242 0.17050 0.17060 0.17375 0.20402 0.14939 0.22790 0.09745 0.23268 0.05524 0.21358 0.01303 0.20881 0.00166 0.05721 0.00166 0.02379 0.04063 0.02139 0.08284 0.02737 0.12017 0.07392 0.17537
4 0.64099 0.61918 0.66387 0.64352 0.67183 0.65299 0.71559 0.66246 0.74543 0.63676 0.74742 0.58535 0.74842 0.53665 0.74145 0.49472 0.72752 0.46630 0.69370 0.46088 0.69172 0.46225 0.66684 0.47983 0.63899 0.50419 0.62308 0.55830 0.64099 0.61918
4 0.52460 0.82345 0.55644 0.83427 0.57235 0.82615 0.58130 0.83427 0.59225 0.82074 0.60717 0.79910 0.61712 0.78962 0.62110 0.76798 0.62110 0.72335 0.61611 0.69358 0.59424 0.68545 0.56837 0.67600 0.53754 0.66516 0.53952 0.67194 0.51864 0.70168 0.52361 0.75716 0.51963 0.78693 0.52460 0.82345
4 0.19926 0.79387 0.21596 0.84745 0.22910 0.87505 0.24938 0.89615 0.29116 0.90263 0.30429 0.89453 0.32220 0.83933 0.31026 0.82472 0.31026 0.80036 0.32339 0.76952 0.32817 0.74842 0.30907 0.73381 0.28042 0.72082 0.25416 0.70783 0.24938 0.70621 0.21836 0.77440 0.19926 0.79387
4 0.51139 0.90979 0.49946 0.94015 0.49946 0.95880 0.50972 0.97992 0.54423 0.95783 0.59077 0.90101 0.58720 0.87667 0.58480 0.84745 0.56810 0.82472 0.55735 0.83122 0.53587 0.83122 0.52034 0.82147 0.52034 0.80036 0.51915 0.77278 0.50602 0.78575 0.48454 0.78413 0.47881 0.78122 0.50113 0.85604 0.51139 0.90979
4 0.40338 0.86530 0.40933 0.91238 0.42367 0.92537 0.45231 0.92861 0.48573 0.93512 0.50006 0.93185 0.51080 0.91238 0.50960 0.89128 0.50483 0.86368 0.49528 0.83608 0.49051 0.80848 0.48692 0.78739 0.47737 0.75979 0.45469 0.75490 0.44156 0.75979 0.43320 0.76465 0.41889 0.79387 0.41531 0.79550 0.42725 0.83122 0.40338 0.86530
4 0.75040 0.28097 0.75537 0.34726 0.76732 0.38242 0.79418 0.40950 0.82401 0.42573 0.82899 0.44196 0.85485 0.43924 0.87375 0.43518 0.91454 0.38107 0.92946 0.34185 0.93742 0.30261 0.94238 0.24985 0.93045 0.20385 0.91056 0.15785 0.89067 0.14027 0.85882 0.14027 0.82401 0.13080 0.81706 0.13217 0.77726 0.15922 0.75638 0.19438 0.75438 0.24444 0.75040 0.28097
4 0.14554 0.57796 0.18015 0.62179 0.20164 0.63802 0.22670 0.64939 0.25178 0.64615 0.28758 0.62179 0.30310 0.59907 0.30429 0.55524 0.30788 0.51952 0.24104 0.43023 0.22910 0.43185 0.16344 0.46758 0.14673 0.51465 0.14554 0.57796
4 0.14673 0.79225 0.18613 0.80200 0.21358 0.77926 0.23029 0.74680 0.24580 0.72406 0.25416 0.70621 0.23864 0.65427 0.19926 0.63640 0.17299 0.61206 0.17180 0.61044 0.13361 0.63154 0.11570 0.70459 0.12167 0.76303 0.14673 0.79225
1 0.13981 0.09015 0.14867 0.08215 0.15639 0.07267 0.16094 0.06322 0.16042 0.05813 0.15720 0.05813 0.14944 0.05377 0.13768 0.06248 0.13232 0.07522 0.13474 0.08615 0.13981 0.09015
1 0.83557 0.24996 0.83697 0.25270 0.84176 0.25417 0.84424 0.25396 0.84641 0.24870 0.84533 0.24385 0.84115 0.24259 0.83712 0.24575 0.83557 0.24996
1 0.85198 0.23522 0.85461 0.23922 0.85725 0.24133 0.86173 0.24112 0.86529 0.23796 0.86653 0.23206 0.86437 0.22638 0.85910 0.22638 0.85477 0.22912 0.85198 0.23522
1 0.65026 0.28566 0.64991 0.28158 0.64743 0.27773 0.64565 0.27941 0.64531 0.28398 0.64743 0.28640 0.65026 0.28566
1 0.63601 0.28404 0.63725 0.28667 0.63972 0.28644 0.64362 0.28524 0.64238 0.28090 0.63902 0.27560 0.63601 0.27994 0.63601 0.28404
1 0.12469 0.24552 0.12469 0.24937 0.12681 0.25322 0.12983 0.25370 0.13372 0.25730 0.13585 0.25924 0.13762 0.25876 0.13745 0.25322 0.13602 0.24623 0.13336 0.24623 0.12859 0.24526 0.12469 0.24552
4 0.60618 0.37025 0.64398 0.39324 0.65690 0.43114 0.69570 0.41625 0.71062 0.39865 0.73847 0.38107 0.74742 0.35130 0.74642 0.26202 0.71658 0.22280 0.68359 0.21263 0.64644 0.22505 0.63502 0.23497 0.60418 0.28232 0.59125 0.32019 0.59026 0.34185 0.60618 0.37025
4 0.28401 0.62505 0.29952 0.66238 0.31145 0.67861 0.33056 0.68350 0.36517 0.68512 0.38308 0.68674 0.39978 0.64290 0.39859 0.62667 0.40933 0.61044 0.40933 0.57796 0.40457 0.52926 0.36995 0.48381 0.37115 0.48543 0.35681 0.51303 0.31026 0.51627 0.30310 0.59907 0.28401 0.62505
4 0.74543 0.49741 0.74742 0.52990 0.75139 0.57994 0.76930 0.59210 0.78820 0.59754 0.82799 0.58535 0.84790 0.57859 0.87076 0.52312 0.86280 0.48930 0.84889 0.44465 0.83297 0.44465 0.82302 0.42301 0.79020 0.40272 0.77029 0.38648 0.75986 0.37227 0.74245 0.39596 0.71858 0.42032 0.71161 0.43114 0.70763 0.46360 0.72752 0.47170 0.74543 0.49741
4 0.30788 0.81010 0.30907 0.82472 0.32339 0.84095 0.34011 0.85070 0.35204 0.86368 0.36995 0.86855 0.39382 0.86855 0.41889 0.85070 0.42844 0.83284 0.42367 0.80848 0.41412 0.77440 0.40695 0.75166 0.39978 0.73219 0.38189 0.71107 0.37710 0.70783 0.35324 0.72730 0.32817 0.74192 0.32577 0.76303 0.30788 0.81010
