4 0.06678 0.66773 0.06966 0.70191 0.07827 0.72158 0.09953 0.72467 0.13573 0.73089 0.17997 0.74227 0.20122 0.74745 0.21673 0.73296 0.21673 0.69155 0.21443 0.60977 0.21846 0.56422 0.23225 0.49279 0.22363 0.45760 0.20122 0.41411 0.18112 0.34994 0.16733 0.31991 0.15583 0.30956 0.14377 0.30231 0.12711 0.30335 0.11389 0.31887 0.09783 0.39955 0.08229 0.50935 0.06851 0.61185 0.06678 0.66773
4 0.39191 0.74024 0.40273 0.75971 0.41804 0.77270 0.44327 0.77108 0.47931 0.76460 0.50904 0.76297 0.52616 0.74673 0.53968 0.73700 0.54868 0.71913 0.55769 0.69479 0.56760 0.63797 0.57571 0.61362 0.56670 0.57141 0.56490 0.55354 0.56129 0.50809 0.56129 0.47401 0.56039 0.43991 0.54238 0.37661 0.52706 0.35387 0.50273 0.31491 0.48472 0.31167 0.45498 0.31653 0.43786 0.33602 0.43786 0.33440 0.41353 0.41719 0.39912 0.48050 0.38471 0.58602 0.39191 0.74024
4 0.60454 0.38471 0.59102 0.40096 0.58022 0.43829 0.57571 0.45614 0.56490 0.49348 0.56220 0.51297 0.56400 0.56817 0.57932 0.62336 0.57932 0.64608 0.60184 0.70128 0.62617 0.72077 0.64418 0.72077 0.66851 0.73050 0.70004 0.74024 0.74149 0.68991 0.76041 0.65096 0.77663 0.60063 0.78113 0.56491 0.78113 0.50647 0.77753 0.48374 0.77663 0.37661 0.77392 0.34901 0.76582 0.31491 0.75591 0.27758 0.74509 0.25323 0.71987 0.23212 0.70365 0.22239 0.70185 0.22077 0.66581 0.24024 0.64418 0.28893 0.62437 0.32790 0.60454 0.38471
1 0.70550 0.40953 0.70558 0.41194 0.70550 0.41434 0.70633 0.41524 0.70708 0.41194 0.70775 0.41239 0.70900 0.41194 0.70917 0.40908 0.70783 0.40623 0.70458 0.40608 0.70383 0.40728 0.70550 0.40953
1 0.65520 0.31779 0.65420 0.32020 0.65587 0.32200 0.65795 0.32020 0.65978 0.31794 0.66162 0.31599 0.66395 0.31464 0.66470 0.31329 0.66262 0.31269 0.65953 0.31359 0.65745 0.31659 0.65520 0.31779
1 0.30011 0.35072 0.30993 0.35107 0.32570 0.35835 0.33474 0.36839 0.34340 0.37811 0.35225 0.38677 0.35995 0.39994 0.36822 0.41278 0.37803 0.43114 0.38438 0.44536 0.39632 0.46963 0.38072 0.41659 0.36707 0.37602 0.35514 0.35037 0.34725 0.33685 0.33186 0.32402 0.31569 0.31674 0.30146 0.31709 0.28876 0.32159 0.27779 0.33200 0.27240 0.34725 0.26298 0.37326 0.25393 0.40619 0.25836 0.39649 0.26721 0.37742 0.27952 0.36182 0.28952 0.35210 0.30011 0.35072
1 0.58603 0.46107 0.59067 0.46036 0.59553 0.46122 0.59778 0.46152 0.59594 0.45596 0.59378 0.44860 0.59303 0.44455 0.59261 0.44020 0.59144 0.43794 0.58827 0.44110 0.58561 0.44995 0.58486 0.45791 0.58603 0.46107
1 0.59703 0.42008 0.59811 0.42053 0.60069 0.41632 0.60208 0.41156 0.60244 0.40716 0.60267 0.40465 0.60186 0.40010 0.60044 0.40716 0.59942 0.41261 0.59711 0.41737 0.59703 0.42008
1 0.71838 0.34928 0.71430 0.34853 0.71222 0.34506 0.70838 0.34552 0.70638 0.35138 0.70622 0.35664 0.71030 0.36099 0.71497 0.36670 0.71838 0.37180 0.72222 0.37465 0.72205 0.37030 0.72563 0.36715 0.72838 0.36565 0.73188 0.36264 0.73305 0.35904 0.73238 0.35589 0.72663 0.35857 0.72305 0.35769 0.72138 0.35348 0.71838 0.34928
4 0.22973 0.51460 0.22433 0.55030 0.21442 0.60712 0.21622 0.73700 0.23064 0.79381 0.25046 0.80354 0.28740 0.79544 0.32344 0.79219 0.37659 0.77270 0.39191 0.73374 0.38831 0.69479 0.38741 0.63797 0.38831 0.58114 0.39462 0.50971 0.39992 0.47943 0.38975 0.44279 0.37758 0.39895 0.36558 0.36817 0.35150 0.34129 0.33592 0.32297 0.32000 0.31577 0.30317 0.31291 0.28242 0.32493 0.27308 0.34339 0.25767 0.39122 0.24956 0.42368 0.23424 0.47887 0.22973 0.51460
4 0.85141 0.32790 0.83249 0.37010 0.81898 0.40583 0.79735 0.45128 0.78113 0.47887 0.78113 0.49348 0.78113 0.52270 0.78023 0.57303 0.77572 0.60387 0.80096 0.63147 0.82438 0.65096 0.84691 0.67368 0.87844 0.68829 0.90277 0.69803 0.93250 0.68018 0.94691 0.66393 0.95683 0.65583 0.96853 0.64446 0.98656 0.62985 0.99917 0.61200 0.99737 0.48050 0.98656 0.44641 0.98205 0.42206 0.98100 0.38393 0.97700 0.35465 0.96550 0.29114 0.94483 0.25706 0.92433 0.24384 0.90750 0.25045 0.88642 0.26592 0.86775 0.29324 0.85141 0.32790
4 0.05069 0.72158 0.06506 0.77748 0.07827 0.79817 0.08632 0.79713 0.10355 0.77953 0.11792 0.75263 0.13573 0.73296 0.10412 0.72467 0.07827 0.72261 0.06736 0.69673 0.06678 0.63461 0.07368 0.56940 0.08459 0.48450 0.08517 0.45760 0.07483 0.43586 0.06851 0.42033 0.05472 0.39444 0.04782 0.40170 0.03806 0.47623 0.03518 0.54144 0.04093 0.64497 0.05069 0.72158
1 0.63321 0.35237 0.63771 0.35072 0.64121 0.34907 0.64387 0.35012 0.64471 0.34877 0.64504 0.34577 0.64604 0.34201 0.64813 0.34143 0.64871 0.33961 0.64704 0.33886 0.64587 0.33736 0.64554 0.33435 0.64271 0.34111 0.63987 0.34593 0.63521 0.34968 0.63321 0.35237
1 0.66238 0.33435 0.66121 0.33120 0.65887 0.33270 0.65871 0.33467 0.66037 0.33495 0.66238 0.33435
1 0.70813 0.31335 0.70729 0.31725 0.70904 0.31890 0.71146 0.32146 0.71304 0.32161 0.71363 0.31920 0.71196 0.31680 0.71146 0.31590 0.71196 0.31260 0.71246 0.30960 0.71121 0.30539 0.70971 0.30389 0.70837 0.30134 0.70496 0.30134 0.70554 0.30494 0.70729 0.30899 0.70813 0.31335
1 0.86094 0.32722 0.87762 0.31781 0.89627 0.31287 0.90374 0.30884 0.91295 0.30435 0.92166 0.30122 0.93808 0.29987 0.94480 0.30480 0.95401 0.31781 0.96148 0.32901 0.96719 0.34336 0.97193 0.35502 0.97690 0.37116 0.98063 0.38640 0.97740 0.35770 0.97218 0.32767 0.96670 0.29898 0.96148 0.28598 0.94803 0.26401 0.94231 0.25728 0.93161 0.25056 0.92514 0.24652 0.91992 0.24652 0.90798 0.24920 0.90026 0.25638 0.88707 0.26580 0.86692 0.29539 0.85124 0.32812 0.86094 0.32722
1 0.18456 0.43586 0.19031 0.47623 0.20409 0.49383 0.21501 0.51453 0.21903 0.54040 0.23225 0.48968 0.22306 0.45449 0.20927 0.42757 0.20008 0.41308 0.18284 0.35303 0.16675 0.32405 0.14319 0.30646 0.12596 0.30749 0.11332 0.32302 0.10930 0.34787 0.09838 0.39032 0.11217 0.36339 0.13171 0.35510 0.15353 0.38824 0.18456 0.43586
