4 0.05415 0.51142 0.06714 0.50330 0.08012 0.46759 0.08337 0.42862 0.08229 0.40265 0.07579 0.38316 0.07363 0.34745 0.07146 0.31012 0.06714 0.28414 0.05307 0.25980 0.04008 0.25005 0.02384 0.25005 0.00436 0.25980 0.00220 0.26466 0.00111 0.42700 0.00220 0.52602 0.02601 0.52765 0.05415 0.51142
1 0.79708 0.57642 0.79381 0.57035 0.79227 0.57295 0.79400 0.57901 0.79747 0.57931 0.79708 0.57642
1 0.14172 0.41020 0.14496 0.41623 0.14719 0.41840 0.14908 0.41990 0.14997 0.41924 0.15109 0.41523 0.15053 0.40921 0.14997 0.40436 0.14819 0.40034 0.14596 0.39750 0.14295 0.39616 0.14083 0.39984 0.14128 0.40219 0.14150 0.40670 0.14172 0.41020
2 0.31910 0.54335 0.33348 0.55917 0.35600 0.57427 0.37805 0.58145 0.39099 0.59008 0.41064 0.56995 0.41879 0.54479 0.42262 0.50956 0.42789 0.47074 0.42933 0.43265 0.42598 0.39957 0.41831 0.38376 0.41687 0.38448 0.41208 0.38520 0.38908 0.39670 0.35888 0.39095 0.33061 0.38160 0.30376 0.38017 0.28460 0.37514 0.27453 0.37585 0.27453 0.38735 0.26973 0.42109 0.26063 0.52395 0.26638 0.53400 0.27165 0.55342 0.28364 0.55773 0.30376 0.55198 0.31910 0.54335
1 0.21689 0.41751 0.21721 0.41995 0.21800 0.42395 0.21845 0.42933 0.21728 0.43392 0.21663 0.43948 0.21630 0.44251 0.21591 0.44476 0.21682 0.44427 0.21767 0.44261 0.21878 0.43890 0.21949 0.43099 0.22021 0.42815 0.22034 0.42767 0.22053 0.42425 0.22008 0.42200 0.21949 0.41927 0.21760 0.41751 0.21689 0.41751
1 0.53617 0.39197 0.53725 0.39399 0.54090 0.39520 0.54414 0.39562 0.54522 0.39318 0.54212 0.39116 0.53995 0.39035 0.53753 0.39035 0.53617 0.39197
1 0.56697 0.37725 0.56737 0.38008 0.56940 0.38089 0.57021 0.37947 0.57129 0.37502 0.57034 0.36996 0.56831 0.36793 0.56697 0.37138 0.56697 0.37725
1 0.78687 0.55793 0.78842 0.55995 0.78977 0.55735 0.78649 0.55186 0.78456 0.54753 0.78456 0.55359 0.78687 0.55793
4 0.43294 0.42213 0.43185 0.43836 0.43185 0.46109 0.43077 0.49193 0.42644 0.51953 0.41995 0.55037 0.41454 0.56823 0.41345 0.58446 0.42211 0.61693 0.43185 0.66889 0.44376 0.68350 0.46973 0.71271 0.48704 0.71434 0.50544 0.71434 0.52926 0.71434 0.55090 0.71434 0.56389 0.71434 0.59527 0.71109 0.62124 0.69323 0.64289 0.65914 0.65047 0.65102 0.66021 0.64129 0.67320 0.62018 0.69593 0.54551 0.69809 0.51466 0.69917 0.47732 0.69484 0.44648 0.68185 0.40914 0.66887 0.37830 0.66021 0.36531 0.64722 0.34907 0.62124 0.33446 0.59743 0.33122 0.57688 0.33122 0.56173 0.33609 0.54765 0.33609 0.51735 0.33122 0.50328 0.33122 0.49137 0.33284 0.48704 0.33771 0.45566 0.35720 0.44376 0.37667 0.44160 0.39615 0.43294 0.42213
1 0.27773 0.40556 0.28139 0.39308 0.28172 0.39058 0.27773 0.37960 0.27406 0.39906 0.26941 0.40655 0.27207 0.41355 0.27773 0.40556
1 0.27639 0.47944 0.27507 0.47345 0.26974 0.47096 0.26908 0.47545 0.26774 0.48843 0.27140 0.48743 0.27639 0.47944
4 0.26627 0.43024 0.26627 0.47407 0.26194 0.50654 0.25977 0.52927 0.26627 0.56499 0.27168 0.59583 0.28900 0.62343 0.30523 0.63642 0.32147 0.64291 0.34419 0.63966 0.36583 0.62343 0.38207 0.61044 0.39938 0.59259 0.40588 0.57797 0.41454 0.56336 0.42103 0.54551 0.42320 0.51466 0.42861 0.48706 0.43185 0.45622 0.43077 0.41726 0.42211 0.38966 0.41995 0.37667 0.41021 0.37667 0.40263 0.35720 0.39614 0.34745 0.37124 0.33122 0.35718 0.32473 0.33553 0.32310 0.31389 0.32473 0.29765 0.33609 0.29441 0.34096 0.29224 0.34421 0.27493 0.37018 0.27493 0.38966 0.26627 0.41076 0.26627 0.43024
4 0.08012 0.45946 0.07796 0.47407 0.06389 0.50492 0.06281 0.52440 0.06930 0.54713 0.08553 0.57635 0.10176 0.59421 0.12774 0.60720 0.15263 0.61206 0.18835 0.61855 0.21973 0.58934 0.23596 0.57311 0.25111 0.53252 0.26410 0.49355 0.26627 0.47245 0.26086 0.42375 0.25761 0.39777 0.24895 0.37181 0.23704 0.35070 0.21973 0.34096 0.20350 0.33284 0.19051 0.32635 0.16670 0.33284 0.14181 0.33771 0.14073 0.33771 0.10068 0.37181 0.09094 0.39777 0.08229 0.41239 0.08012 0.45946
1 0.73913 0.54302 0.73605 0.53666 0.73797 0.52858 0.73528 0.52568 0.73393 0.53291 0.73528 0.54042 0.73740 0.54648 0.73913 0.54302
4 0.69809 0.46596 0.70025 0.49355 0.69593 0.53576 0.68077 0.59259 0.68185 0.61044 0.68618 0.62992 0.70350 0.66889 0.71973 0.71109 0.75544 0.74031 0.78142 0.74518 0.80307 0.74518 0.83661 0.72732 0.85826 0.71596 0.88531 0.69973 0.91129 0.67537 0.92969 0.64777 0.94593 0.61693 0.94917 0.57797 0.95025 0.55524 0.95025 0.52440 0.94593 0.49031 0.93943 0.45460 0.93727 0.42862 0.92211 0.39615 0.91129 0.37181 0.89289 0.35395 0.85934 0.34421 0.83878 0.34421 0.82688 0.35070 0.81173 0.35882 0.78900 0.36369 0.76410 0.36369 0.74678 0.36693 0.72514 0.37667 0.71757 0.38642 0.70782 0.40265 0.69160 0.42700 0.69160 0.42862 0.69484 0.44811 0.69809 0.46596
