1 0.32330 0.69289 0.31794 0.70316 0.31718 0.71520 0.31374 0.71255 0.29960 0.70284 0.29810 0.72349 0.30479 0.73314 0.30402 0.74517 0.28820 0.76215 0.28633 0.77081 0.29430 0.77608 0.30516 0.77711 0.31561 0.77041 0.31990 0.75498 0.33022 0.75426 0.33727 0.74575 0.35482 0.72797 0.37397 0.71535 0.36848 0.69975 0.34355 0.71482 0.33275 0.71030 0.34267 0.70014 0.36055 0.68451 0.36306 0.68150 0.37299 0.67305 0.37094 0.66005 0.36472 0.65307 0.35261 0.65715 0.33983 0.66555 0.33405 0.66804 0.33265 0.68184 0.32330 0.69289
1 0.32080 0.61887 0.34632 0.63657 0.36541 0.63905 0.38070 0.64076 0.39843 0.63748 0.39447 0.61798 0.39930 0.61591 0.40690 0.61819 0.40662 0.60741 0.41346 0.59891 0.41724 0.57451 0.43365 0.56546 0.44262 0.57210 0.45127 0.57007 0.45435 0.55720 0.45887 0.54506 0.45929 0.52134 0.46065 0.49834 0.46045 0.48253 0.45556 0.46086 0.45132 0.45720 0.45447 0.44145 0.45368 0.43207 0.43793 0.43035 0.42850 0.42156 0.42164 0.40419 0.40845 0.39245 0.39562 0.38793 0.38872 0.37270 0.37701 0.35813 0.36330 0.34927 0.35850 0.34919 0.35205 0.36344 0.34950 0.37272 0.34879 0.38640 0.35355 0.41451 0.34634 0.44385 0.33046 0.47737 0.31750 0.47930 0.31238 0.49864 0.30953 0.52520 0.30425 0.55384 0.29598 0.58894 0.29652 0.61341 0.32080 0.61887
1 0.23894 0.62519 0.24632 0.63979 0.24487 0.60875 0.25120 0.58745 0.25614 0.57206 0.25443 0.55505 0.25426 0.54555 0.25158 0.52855 0.24850 0.51494 0.24648 0.49745 0.24281 0.47890 0.23733 0.46937 0.22642 0.48512 0.21503 0.52886 0.21479 0.56184 0.21675 0.58285 0.22890 0.60955 0.23894 0.62519
2 0.61099 0.44700 0.61414 0.40852 0.61948 0.38626 0.60507 0.35866 0.58862 0.35465 0.54731 0.35392 0.51369 0.33844 0.50370 0.29601 0.50152 0.23136 0.53409 0.16484 0.52029 0.15094 0.48228 0.15027 0.46736 0.19972 0.43889 0.22157 0.43643 0.22029 0.41092 0.26086 0.39793 0.29540 0.35034 0.27594 0.34352 0.28824 0.30796 0.28886 0.29008 0.27117 0.26131 0.26321 0.24283 0.27904 0.25025 0.32763 0.22317 0.36441 0.21479 0.41894 0.19936 0.49693 0.19348 0.59748 0.23244 0.73235 0.25924 0.80735 0.29356 0.83031 0.36490 0.86139 0.43674 0.86513 0.46599 0.84701 0.49029 0.82753 0.48029 0.73791 0.46844 0.61222 0.46424 0.52022 0.47450 0.50174 0.48712 0.48830 0.49631 0.48225 0.52041 0.47522 0.53723 0.45813 0.56120 0.45855 0.58339 0.46514 0.60166 0.45925 0.61099 0.44700
1 0.78610 0.71969 0.78691 0.72561 0.78979 0.73328 0.79392 0.73476 0.79740 0.73341 0.79818 0.72823 0.79441 0.71917 0.78848 0.71523 0.78610 0.71969
4 1.00000 0.23833 0.98798 0.26174 0.98050 0.31843 0.97413 0.37517 0.96678 0.42374 0.97217 0.48716 0.98981 0.52805 0.99856 0.52172 0.99973 0.51966 1.00000 0.50436 1.00000 0.23833
1 0.48855 0.23993 0.49357 0.24673 0.49626 0.24610 0.49919 0.24448 0.49938 0.23374 0.49845 0.22332 0.49910 0.21158 0.49453 0.21721 0.49079 0.21412 0.48757 0.21977 0.48878 0.22684 0.48518 0.22879 0.48129 0.23410 0.48321 0.23916 0.48855 0.23993
4 0.17775 0.33690 0.16501 0.38538 0.16122 0.54117 0.16605 0.57375 0.20323 0.67018 0.21032 0.69793 0.22376 0.73226 0.23146 0.78596 0.26147 0.86116 0.28150 0.88913 0.29939 0.91703 0.35180 0.94557 0.42410 0.94844 0.44802 0.93913 0.47381 0.94770 0.51255 0.95485 0.56629 0.97039 0.59676 0.95632 0.61165 0.90788 0.63131 0.89524 0.65357 0.85827 0.66024 0.84701 0.67364 0.82127 0.68484 0.79874 0.68526 0.77438 0.68268 0.73702 0.68231 0.69640 0.69265 0.66087 0.71184 0.61412 0.72870 0.57545 0.73239 0.54953 0.73290 0.52031 0.73256 0.47812 0.73262 0.41314 0.73041 0.35306 0.70868 0.23739 0.70266 0.21131 0.68578 0.18826 0.66801 0.15389 0.65639 0.13905 0.62305 0.13199 0.58651 0.12159 0.56045 0.12925 0.54301 0.13872 0.53440 0.13692 0.48970 0.09882 0.46436 0.06589 0.44399 0.05741 0.40103 0.04367 0.37835 0.04328 0.36322 0.04301 0.34586 0.04758 0.34578 0.05244 0.30633 0.08585 0.28641 0.11313 0.27290 0.14535 0.26381 0.17116 0.25472 0.19698 0.24464 0.21631 0.22379 0.23541 0.21049 0.25467 0.19464 0.29662 0.17775 0.33690
4 0.88629 0.64314 0.92163 0.59831 0.95011 0.57444 0.97430 0.55050 0.99296 0.53297 0.97856 0.49214 0.96903 0.48060 0.95175 0.48030 0.92179 0.46518 0.85486 0.46236 0.81572 0.47792 0.77653 0.49509 0.74566 0.53191 0.72870 0.57545 0.72988 0.57060 0.68139 0.68665 0.68604 0.79228 0.70501 0.81859 0.72675 0.81085 0.78365 0.76801 0.81127 0.73275 0.84760 0.69281 0.88629 0.64314
4 0.00000 0.75658 0.01326 0.78863 0.04465 0.84603 0.05647 0.84946 0.07841 0.83038 0.10734 0.78218 0.11525 0.76121 0.12228 0.73049 0.13689 0.69826 0.14696 0.67732 0.15622 0.64177 0.16127 0.59964 0.16622 0.56402 0.16364 0.52662 0.16443 0.48119 0.16421 0.43084 0.16492 0.39024 0.16880 0.35460 0.17789 0.32878 0.19351 0.29982 0.20148 0.27563 0.21175 0.24496 0.21114 0.21733 0.19795 0.17001 0.19072 0.15042 0.17919 0.13072 0.15474 0.10757 0.13584 0.07640 0.11019 0.06132 0.11232 0.06300 0.08966 0.12429 0.07377 0.16785 0.05066 0.25514 0.03138 0.30676 0.01528 0.36330 0.00137 0.41736 0.00000 0.49564 0.00000 0.75658
1 0.30216 0.34105 0.30301 0.33100 0.30205 0.32192 0.29906 0.31415 0.29236 0.30161 0.28104 0.29773 0.26640 0.29210 0.25720 0.29496 0.25921 0.30775 0.26953 0.31766 0.28130 0.32156 0.29059 0.32642 0.29669 0.33492 0.30216 0.34105
1 0.42290 0.76527 0.43036 0.79477 0.44054 0.80512 0.44954 0.79212 0.45662 0.77365 0.46555 0.76481 0.46527 0.73607 0.47724 0.73447 0.47889 0.73212 0.47240 0.66908 0.46956 0.62707 0.46302 0.61320 0.45771 0.59753 0.44965 0.60276 0.44251 0.62422 0.43524 0.62889 0.42391 0.63826 0.42101 0.66757 0.41947 0.68852 0.41384 0.71420 0.41580 0.73880 0.42290 0.76527
