4 1.00000 0.24659 0.99090 0.23984 0.95317 0.22580 0.92388 0.22212 0.92231 0.23014 0.87589 0.23830 0.84096 0.25703 0.80424 0.28700 0.78677 0.31832 0.75620 0.39106 0.74607 0.43426 0.74740 0.45879 0.74185 0.52348 0.73090 0.60733 0.72085 0.66360 0.72659 0.69817 0.73299 0.73766 0.74267 0.77415 0.74513 0.79709 0.76461 0.83916 0.78114 0.86472 0.79399 0.88515 0.81573 0.90944 0.85706 0.93024 0.88982 0.94230 0.92767 0.94004 0.94952 0.93343 0.97566 0.86554 0.99732 0.55579 1.00000 0.51090 1.00000 0.24659
1 0.04780 0.52638 0.05139 0.52375 0.04672 0.51605 0.04111 0.51598 0.03565 0.51945 0.03811 0.52730 0.04780 0.52638
2 0.27434 0.63888 0.28256 0.65246 0.29710 0.66324 0.32773 0.66215 0.35128 0.64589 0.37753 0.62006 0.40807 0.62056 0.42338 0.63466 0.44037 0.65375 0.45795 0.66472 0.46661 0.68650 0.47470 0.73100 0.48776 0.76282 0.50035 0.78650 0.51658 0.80228 0.53832 0.79730 0.55162 0.78195 0.57180 0.75570 0.58757 0.73400 0.62115 0.70544 0.64246 0.67762 0.65574 0.64765 0.66624 0.62884 0.68246 0.60070 0.69149 0.57366 0.69488 0.53973 0.69636 0.51866 0.68082 0.49317 0.67937 0.45563 0.67476 0.43417 0.66901 0.41423 0.64999 0.39500 0.63680 0.37944 0.62228 0.36866 0.60628 0.37894 0.59276 0.39750 0.57226 0.41397 0.54837 0.42043 0.53733 0.41806 0.53013 0.40452 0.50670 0.38988 0.48824 0.37719 0.46819 0.38719 0.45061 0.40546 0.43932 0.43561 0.39842 0.46692 0.37985 0.47049 0.36105 0.44804 0.35202 0.43114 0.32399 0.40964 0.31114 0.41851 0.28456 0.41989 0.27533 0.40624 0.27522 0.40787 0.27250 0.43208 0.27924 0.48136 0.27168 0.50200 0.27406 0.52657 0.28023 0.54001 0.27910 0.55623 0.27627 0.59671 0.27434 0.63888
4 0.00694 0.63158 0.01312 0.64502 0.02922 0.66241 0.05243 0.68030 0.08023 0.70505 0.11256 0.72358 0.14274 0.72893 0.16606 0.73056 0.20977 0.68807 0.23299 0.66203 0.24563 0.62710 0.25860 0.55803 0.26976 0.52954 0.27766 0.48938 0.27802 0.44060 0.26905 0.36513 0.26353 0.32730 0.24272 0.27540 0.22752 0.24504 0.20590 0.21912 0.17009 0.19221 0.13145 0.17647 0.09193 0.17371 0.06781 0.18343 0.04528 0.19975 0.01818 0.22258 0.01797 0.22552 0.01801 0.22552 0.00100 0.49771 0.00765 0.51935 0.00505 0.55657 0.00436 0.59560 0.00694 0.63158
1 0.35036 0.60916 0.36201 0.60767 0.36907 0.60172 0.37794 0.59033 0.39425 0.56752 0.38959 0.58055 0.39258 0.59968 0.39930 0.61120 0.41353 0.61405 0.42728 0.61963 0.44698 0.63116 0.45555 0.64050 0.46294 0.65072 0.47374 0.66944 0.48005 0.69893 0.50154 0.70966 0.52215 0.70790 0.55709 0.70804 0.59367 0.70089 0.61107 0.68321 0.62417 0.66107 0.63549 0.61898 0.64646 0.62294 0.66265 0.61857 0.67268 0.60726 0.67916 0.59711 0.68237 0.58027 0.67623 0.56879 0.66220 0.56733 0.64524 0.56614 0.63343 0.56163 0.62438 0.54255 0.61430 0.52987 0.60586 0.52236 0.59795 0.52824 0.59078 0.56051 0.57919 0.56107 0.56748 0.54273 0.55058 0.52448 0.53643 0.51610 0.52440 0.51897 0.51191 0.52408 0.51384 0.51314 0.52205 0.49895 0.53534 0.48236 0.54701 0.47626 0.54881 0.46716 0.52752 0.47028 0.51097 0.48389 0.50795 0.45277 0.49054 0.42113 0.47750 0.40914 0.46633 0.40374 0.47964 0.42821 0.48888 0.46944 0.48981 0.49349 0.47539 0.46433 0.47356 0.47391 0.47784 0.49957 0.48556 0.51302 0.48284 0.52298 0.47019 0.52210 0.45651 0.51560 0.45011 0.51192 0.44616 0.50242 0.44306 0.48881 0.43146 0.48156 0.42127 0.48684 0.40598 0.48670 0.39145 0.49212 0.37839 0.50136 0.36887 0.51360 0.36126 0.54814 0.35280 0.55770 0.33916 0.57519 0.33992 0.59738 0.35036 0.60916
1 0.97759 0.77430 0.98007 0.79337 0.98354 0.74365 0.97884 0.73916 0.97918 0.73147 0.97978 0.72001 0.97921 0.69659 0.98013 0.68641 0.98244 0.67344 0.98530 0.66979 0.98320 0.66260 0.97900 0.66231 0.97273 0.66315 0.96845 0.65837 0.96573 0.66007 0.96431 0.65455 0.96098 0.65624 0.95936 0.65933 0.96014 0.66835 0.96382 0.67310 0.96598 0.68510 0.96942 0.69623 0.97150 0.70662 0.97271 0.71215 0.97264 0.72175 0.97124 0.73318 0.96665 0.74151 0.97419 0.73980 0.97500 0.74818 0.97759 0.77430
1 0.91998 0.63192 0.92486 0.63959 0.92937 0.64667 0.93791 0.65079 0.94443 0.65509 0.95034 0.65646 0.95389 0.65735 0.95325 0.65218 0.94787 0.63739 0.93996 0.62723 0.93395 0.62422 0.92060 0.62588 0.91504 0.62228 0.91163 0.61945 0.90602 0.61941 0.90506 0.62447 0.91125 0.62490 0.91998 0.63192
1 0.83062 0.62592 0.82444 0.62838 0.81787 0.63336 0.81166 0.63901 0.81299 0.64295 0.82241 0.64008 0.83062 0.63457 0.83625 0.62856 0.84314 0.63609 0.84407 0.63712 0.84669 0.63410 0.85015 0.63338 0.85183 0.64086 0.85567 0.63760 0.85930 0.63722 0.86316 0.63941 0.86400 0.63595 0.86731 0.63458 0.87345 0.63276 0.87298 0.62793 0.86008 0.62895 0.85809 0.61728 0.85315 0.62494 0.84415 0.62175 0.83962 0.62047 0.83776 0.61842 0.83550 0.61346 0.83052 0.61023 0.83147 0.61958 0.83062 0.62592
1 1.00000 0.42490 0.99997 0.42335 0.99753 0.42670 0.99588 0.44452 0.99024 0.47647 0.98595 0.50051 0.98455 0.51194 0.98306 0.52465 0.98086 0.53315 0.97837 0.55155 0.97568 0.56993 0.97672 0.57801 0.97962 0.57950 0.98233 0.57808 0.98470 0.56704 0.98618 0.53736 0.98949 0.52446 0.99282 0.49395 0.99629 0.46729 1.00000 0.44301 1.00000 0.42490
1 0.09846 0.50718 0.09935 0.50020 0.08991 0.49762 0.08419 0.49626 0.07913 0.49686 0.07335 0.49934 0.06696 0.50466 0.06175 0.51038 0.06101 0.51802 0.06571 0.51963 0.07343 0.51248 0.07913 0.50839 0.08412 0.50874 0.09017 0.50820 0.09576 0.50860 0.09846 0.50718
1 0.17958 0.49108 0.18308 0.49260 0.18823 0.49937 0.19073 0.50371 0.19453 0.52095 0.19526 0.53349 0.19947 0.54211 0.20510 0.53610 0.20518 0.52073 0.20197 0.50641 0.20922 0.49731 0.21643 0.48309 0.22096 0.46995 0.21983 0.45738 0.21368 0.47072 0.20627 0.48494 0.19729 0.49584 0.19166 0.49032 0.18772 0.48364 0.17781 0.47910 0.16635 0.47958 0.15615 0.48495 0.14994 0.49061 0.14214 0.48750 0.13531 0.48766 0.13378 0.49236 0.13921 0.49786 0.14839 0.49850 0.15672 0.49685 0.16768 0.49217 0.17322 0.49031 0.17958 0.49108
1 0.62628 0.36567 0.62838 0.36422 0.63218 0.36160 0.63876 0.36206 0.64262 0.36425 0.64563 0.36126 0.64523 0.35835 0.64231 0.35430 0.63772 0.35398 0.63329 0.35431 0.62528 0.35695 0.62302 0.36064 0.62242 0.36348 0.62628 0.36567
1 0.49789 0.34638 0.49588 0.34079 0.49475 0.33975 0.49033 0.34553 0.49013 0.35128 0.49130 0.35745 0.49010 0.36601 0.49407 0.37526 0.49673 0.36583 0.49643 0.35588 0.49776 0.34829 0.49789 0.34638
4 0.26372 0.71788 0.26800 0.75886 0.30446 0.80535 0.33860 0.84191 0.37147 0.86698 0.40673 0.87271 0.44524 0.87540 0.47813 0.87120 0.50743 0.86021 0.53401 0.85884 0.57874 0.84566 0.60543 0.84266 0.65704 0.80396 0.68747 0.76215 0.70890 0.71808 0.71915 0.67325 0.72852 0.61206 0.73565 0.56862 0.73972 0.52496 0.74729 0.46038 0.74077 0.39321 0.73065 0.34856 0.69676 0.32342 0.68427 0.29815 0.65950 0.25897 0.63349 0.22298 0.60286 0.19480 0.56422 0.17907 0.51196 0.16891 0.47559 0.16473 0.44473 0.15444 0.39629 0.14782 0.36700 0.15877 0.36374 0.16181 0.32476 0.19489 0.29872 0.23211 0.28145 0.27485 0.26511 0.33391 0.28128 0.48150 0.27619 0.51045 0.26064 0.54354 0.25150 0.58684 0.25665 0.65878 0.26372 0.71788
