4 0.13251 1.00000 0.12571 0.96949 0.12330 0.94199 0.11395 0.92163 0.11095 0.91212 0.10019 0.87558 0.08382 0.84930 0.06481 0.82979 0.05472 0.82577 0.03083 0.82461 0.02882 0.82641 0.04577 1.00000 0.13251 1.00000
4 1.00000 0.47817 0.98341 0.28850 0.98333 0.28825 0.97240 0.27454 0.93661 0.28582 0.91978 0.30359 0.90709 0.31937 0.88577 0.32286 0.85619 0.34337 0.82962 0.37341 0.82674 0.38995 0.82570 0.42752 0.82579 0.47804 0.82545 0.52368 0.82021 0.55021 0.82094 0.59578 0.82805 0.65220 0.83795 0.70349 0.84535 0.73868 0.87394 0.76877 0.92121 0.80212 0.95432 0.82204 0.99338 0.82350 1.00000 0.82172 1.00000 0.47817
4 0.62085 0.84307 0.69720 0.83802 0.77407 0.82640 0.82115 0.75872 0.83407 0.70870 0.83348 0.66476 0.82035 0.55184 0.82629 0.47147 0.82649 0.42419 0.82868 0.37512 0.79280 0.28704 0.75675 0.25757 0.71203 0.25333 0.67338 0.25671 0.64418 0.26904 0.62364 0.26921 0.59918 0.26156 0.53571 0.26549 0.51065 0.27583 0.48830 0.29245 0.46918 0.32395 0.45804 0.36680 0.44494 0.43965 0.44747 0.49320 0.43584 0.53333 0.43756 0.59021 0.43780 0.64235 0.43702 0.70760 0.45264 0.75022 0.48045 0.78365 0.51319 0.81173 0.54644 0.83327 0.62085 0.84307
2 0.14332 0.54283 0.12268 0.56689 0.09791 0.58951 0.07734 0.61897 0.06268 0.64310 0.05041 0.67605 0.05670 0.71159 0.06577 0.73305 0.08547 0.75297 0.10249 0.76951 0.12245 0.77860 0.15265 0.78618 0.16830 0.78722 0.18658 0.78622 0.20402 0.78950 0.22227 0.79272 0.23138 0.79192 0.24210 0.78677 0.24908 0.77533 0.25199 0.74921 0.25289 0.72749 0.25589 0.70257 0.26585 0.69329 0.29138 0.69767 0.31436 0.69566 0.33464 0.69028 0.35630 0.69139 0.37370 0.69406 0.39447 0.69886 0.40617 0.69122 0.43135 0.69144 0.43657 0.66452 0.43423 0.60580 0.42357 0.57064 0.40670 0.46448 0.38427 0.39969 0.37290 0.38384 0.35592 0.35405 0.33072 0.33522 0.32775 0.35591 0.31734 0.38751 0.30479 0.42649 0.28809 0.45922 0.27975 0.47798 0.24979 0.48559 0.22032 0.49220 0.20052 0.49393 0.17640 0.50566 0.14332 0.54283
1 0.11474 0.75691 0.12575 0.76555 0.13194 0.76667 0.14022 0.75676 0.14696 0.73865 0.14846 0.71470 0.14405 0.67374 0.14199 0.64386 0.13937 0.62029 0.13597 0.60680 0.12478 0.59608 0.11411 0.58824 0.09787 0.60845 0.08890 0.62637 0.08408 0.64099 0.08238 0.65951 0.08570 0.67217 0.08969 0.69562 0.09200 0.71880 0.09527 0.73398 0.10555 0.75019 0.11474 0.75691
1 0.23729 0.65354 0.23897 0.64829 0.23999 0.64272 0.24046 0.63662 0.23958 0.63235 0.23637 0.63434 0.23413 0.63888 0.23409 0.64134 0.23732 0.64087 0.23690 0.64469 0.23503 0.64920 0.23110 0.65011 0.22715 0.64951 0.22301 0.64949 0.22437 0.65353 0.22645 0.65865 0.22927 0.66218 0.23238 0.66191 0.23466 0.65925 0.23729 0.65354
1 0.35663 0.58408 0.36668 0.58594 0.37319 0.58263 0.37618 0.57843 0.37491 0.56953 0.37077 0.56127 0.36763 0.54313 0.36786 0.52468 0.36759 0.51295 0.36865 0.49796 0.37225 0.48862 0.37600 0.47223 0.37684 0.45803 0.37824 0.43833 0.37742 0.42898 0.37557 0.41659 0.37040 0.40528 0.36465 0.39874 0.35837 0.39537 0.34610 0.39526 0.33945 0.40251 0.33003 0.41666 0.32315 0.43333 0.32227 0.44674 0.31689 0.46878 0.31714 0.49227 0.31450 0.51249 0.30852 0.52477 0.30533 0.52701 0.29817 0.52843 0.29068 0.53497 0.28699 0.54939 0.28477 0.56528 0.28473 0.57978 0.28464 0.58175 0.27779 0.56179 0.27407 0.55077 0.27013 0.54166 0.26446 0.52981 0.25738 0.52024 0.24998 0.50991 0.24433 0.50492 0.24012 0.50136 0.23036 0.49987 0.24946 0.53347 0.26990 0.58305 0.28673 0.61174 0.30129 0.61752 0.31802 0.61842 0.32657 0.61219 0.33250 0.59638 0.33852 0.57899 0.34866 0.57615 0.35663 0.58408
1 0.25273 0.48666 0.24877 0.48871 0.24805 0.49047 0.24874 0.49268 0.25146 0.49358 0.25487 0.49385 0.25699 0.49366 0.25812 0.49224 0.25585 0.48790 0.25273 0.48666
2 0.45004 0.73814 0.45669 0.75246 0.46417 0.74029 0.47745 0.71744 0.48079 0.68870 0.49726 0.68185 0.50703 0.67015 0.53045 0.69114 0.56380 0.72276 0.59581 0.73418 0.61335 0.71368 0.62726 0.67725 0.64226 0.63800 0.65829 0.60544 0.67503 0.58095 0.69548 0.56290 0.70916 0.56509 0.70053 0.59498 0.70395 0.62381 0.71811 0.65711 0.73790 0.67772 0.76121 0.68721 0.78831 0.65773 0.80101 0.65392 0.81393 0.67311 0.82906 0.67653 0.82448 0.64982 0.81855 0.57177 0.82238 0.51792 0.82565 0.42688 0.82652 0.36990 0.80583 0.38526 0.78644 0.38966 0.75919 0.38662 0.74172 0.39764 0.72756 0.42597 0.71844 0.44507 0.70375 0.44161 0.67855 0.44651 0.66091 0.45550 0.65395 0.44798 0.64588 0.42769 0.63570 0.40894 0.62564 0.39154 0.61108 0.37926 0.60140 0.38689 0.59418 0.40716 0.58211 0.42854 0.57672 0.44391 0.56737 0.45015 0.55019 0.43878 0.54187 0.42596 0.53059 0.42558 0.51550 0.41743 0.50807 0.41470 0.49644 0.41029 0.48753 0.40092 0.48262 0.39117 0.47447 0.37495 0.46160 0.35643 0.45368 0.39439 0.44662 0.43699 0.44687 0.49117 0.43757 0.53399 0.43632 0.59166 0.43901 0.64292 0.43897 0.68355 0.43955 0.70044 0.44259 0.71981 0.45004 0.73814
1 0.45874 0.71470 0.45748 0.71178 0.45497 0.70746 0.45229 0.70543 0.44890 0.70403 0.44730 0.70719 0.44759 0.71057 0.44988 0.71093 0.45165 0.71966 0.45229 0.72698 0.45557 0.73293 0.45968 0.73257 0.46244 0.72968 0.46586 0.72579 0.46323 0.71865 0.45874 0.71470
1 0.45972 0.69438 0.46273 0.70149 0.46727 0.70034 0.47050 0.69420 0.47427 0.69141 0.47845 0.68613 0.48323 0.68193 0.48817 0.67960 0.49157 0.67836 0.49540 0.67765 0.49655 0.66923 0.49043 0.66958 0.48406 0.66995 0.47664 0.67116 0.46988 0.67421 0.46705 0.67767 0.46584 0.67683 0.46480 0.67352 0.46244 0.67373 0.46250 0.68166 0.45886 0.68160 0.45687 0.68178 0.45656 0.67972 0.45365 0.67941 0.45146 0.68735 0.45200 0.69355 0.45321 0.69590 0.45587 0.69472 0.45695 0.68990 0.45893 0.68670 0.46045 0.68543 0.46205 0.68794 0.45982 0.69116 0.45972 0.69438
1 0.43155 0.60913 0.43106 0.60634 0.42993 0.60492 0.42859 0.60107 0.42671 0.59972 0.42330 0.60229 0.42220 0.60409 0.42095 0.60703 0.41946 0.61000 0.41837 0.61331 0.41979 0.61810 0.42099 0.61894 0.42412 0.61885 0.42518 0.61801 0.42600 0.61453 0.42630 0.60940 0.42869 0.60938 0.43087 0.60995 0.43155 0.60913
1 0.33423 0.63103 0.32868 0.62957 0.32507 0.63053 0.32309 0.63267 0.32764 0.63748 0.33298 0.64159 0.33950 0.64429 0.34745 0.64588 0.35312 0.64637 0.36311 0.64648 0.37304 0.64593 0.37841 0.64285 0.38676 0.64178 0.40316 0.64330 0.41257 0.64673 0.41488 0.65828 0.42349 0.66504 0.42545 0.66258 0.42030 0.64834 0.41597 0.64348 0.40464 0.64285 0.38682 0.63494 0.37621 0.62770 0.36226 0.62434 0.35644 0.61733 0.35002 0.61331 0.34282 0.61035 0.33977 0.61259 0.34164 0.61666 0.34826 0.62294 0.34886 0.62485 0.34840 0.62947 0.34351 0.63056 0.33769 0.63107 0.33423 0.63103
1 0.63611 0.64496 0.64053 0.63554 0.64563 0.62097 0.64973 0.61214 0.65222 0.60629 0.65409 0.59766 0.65122 0.59057 0.64805 0.58858 0.64626 0.58535 0.64390 0.57541 0.62930 0.57555 0.61686 0.58341 0.60802 0.61072 0.60498 0.62736 0.60615 0.64926 0.61050 0.65622 0.62008 0.65426 0.62038 0.64068 0.62858 0.64448 0.63611 0.64496
4 0.04371 0.82349 0.07975 0.83988 0.09018 0.86016 0.11032 0.89261 0.11361 0.90537 0.12296 0.92573 0.14743 0.93338 0.17483 0.93748 0.21333 0.93249 0.24095 0.92682 0.28841 0.91289 0.34806 0.86529 0.38179 0.84279 0.41550 0.75837 0.43225 0.69009 0.43963 0.66336 0.43562 0.60505 0.42378 0.56860 0.41014 0.46225 0.38511 0.38623 0.33371 0.33042 0.29216 0.31286 0.26004 0.30427 0.19024 0.33483 0.17668 0.36535 0.14678 0.36959 0.11564 0.38069 0.07905 0.40714 0.07167 0.41365 0.03750 0.45573 0.02221 0.49131 0.01632 0.52277 0.01021 0.53960 0.00561 0.56119 0.01467 0.66470 0.01805 0.72796 0.02387 0.76981 0.03893 0.80598 0.04371 0.82349
1 0.49772 0.63943 0.51148 0.65484 0.52538 0.62453 0.53930 0.57864 0.54325 0.54505 0.54177 0.52022 0.53012 0.49735 0.51747 0.50261 0.49571 0.49828 0.48195 0.48286 0.47492 0.52089 0.47731 0.55600 0.47717 0.60174 0.48429 0.60423 0.48861 0.61425 0.49015 0.63177 0.49772 0.63943
