1 0.24061 0.55103 0.24076 0.55305 0.24190 0.55587 0.24269 0.55732 0.24382 0.55885 0.24516 0.55901 0.24541 0.55651 0.24387 0.55393 0.24224 0.55030 0.24081 0.54958 0.24061 0.55103
2 0.84141 0.32372 0.84013 0.32441 0.83843 0.32718 0.83822 0.32892 0.83907 0.33516 0.84056 0.33724 0.84141 0.33932 0.84396 0.33897 0.84821 0.33377 0.84885 0.32892 0.84864 0.32614 0.84502 0.32198 0.84332 0.32198 0.84141 0.32372
4 0.57466 0.79055 0.56968 0.80192 0.56172 0.81815 0.55574 0.83439 0.56072 0.85874 0.56371 0.87497 0.56968 0.87984 0.58362 0.87984 0.60353 0.87660 0.61548 0.87010 0.62842 0.85387 0.63539 0.84413 0.64535 0.82790 0.65331 0.81491 0.65431 0.79705 0.64734 0.78244 0.63639 0.76783 0.62345 0.76620 0.61249 0.75647 0.60154 0.74997 0.58860 0.73374 0.57964 0.72724 0.57466 0.73699 0.56769 0.75971 0.57167 0.76783 0.57565 0.77595 0.57466 0.79055
4 0.75885 0.22075 0.75487 0.24672 0.75188 0.27270 0.75487 0.30192 0.76184 0.32465 0.76980 0.33763 0.77578 0.34900 0.78872 0.36036 0.80067 0.37010 0.82456 0.39770 0.84647 0.39932 0.86937 0.39445 0.88629 0.37984 0.90023 0.35874 0.90620 0.32790 0.91118 0.29543 0.91516 0.27595 0.92114 0.24023 0.92213 0.20127 0.91417 0.18504 0.90222 0.15581 0.89226 0.12660 0.88231 0.10549 0.87434 0.09575 0.85145 0.09250 0.82755 0.09738 0.81560 0.10387 0.80963 0.10387 0.77777 0.13146 0.77080 0.15906 0.76482 0.18828 0.75885 0.22075
4 0.66725 0.61036 0.67124 0.62010 0.68916 0.64283 0.69115 0.67043 0.69513 0.68828 0.70808 0.70614 0.71504 0.71426 0.72799 0.72075 0.74690 0.71750 0.75487 0.70777 0.76482 0.69315 0.77379 0.68017 0.78175 0.66069 0.78075 0.64121 0.78075 0.61686 0.78075 0.58439 0.77677 0.56491 0.77279 0.55030 0.76682 0.53569 0.75088 0.52432 0.73595 0.51458 0.72699 0.50484 0.71803 0.49997 0.70907 0.51458 0.71106 0.51620 0.68318 0.53405 0.67820 0.55841 0.66725 0.59250 0.66725 0.61036
4 0.04698 0.08439 0.06390 0.08763 0.07884 0.08763 0.09078 0.08114 0.10970 0.07790 0.13160 0.06491 0.14753 0.04705 0.15550 0.03082 0.15948 0.00647 0.00715 0.00160 0.00815 0.00484 0.00914 0.04867 0.01810 0.06653 0.03005 0.08114 0.04698 0.08439
4 0.95854 0.00322 0.96196 0.01296 0.96196 0.01945 0.97391 0.02595 0.99680 0.03893 0.99979 0.00322 0.95854 0.00322
4 0.71305 0.41069 0.71007 0.43504 0.70708 0.45452 0.71703 0.48699 0.72400 0.50647 0.74889 0.52595 0.77080 0.53569 0.77478 0.55192 0.80465 0.54867 0.82257 0.53082 0.82755 0.52107 0.83253 0.49997 0.83551 0.47724 0.83551 0.44802 0.83253 0.42367 0.82655 0.40581 0.82058 0.39121 0.80764 0.37172 0.79569 0.35711 0.77876 0.34575 0.75985 0.34413 0.75586 0.34575 0.74192 0.35225 0.72301 0.37172 0.71604 0.38958 0.71305 0.41069
4 0.61349 0.75484 0.62643 0.76783 0.63937 0.76945 0.64734 0.78082 0.65630 0.79218 0.66825 0.78731 0.68318 0.76783 0.69015 0.74348 0.69413 0.72724 0.69513 0.70127 0.69214 0.67367 0.68517 0.64283 0.67422 0.62010 0.65630 0.60711 0.63937 0.60711 0.62842 0.61198 0.61847 0.62660 0.60552 0.63634 0.58959 0.64608 0.58362 0.66069 0.57665 0.69478 0.59159 0.73212 0.59159 0.72724 0.59855 0.74023 0.61349 0.75484
4 0.86140 0.09250 0.88231 0.10711 0.89027 0.12172 0.90620 0.11686 0.91317 0.10711 0.93508 0.11036 0.95001 0.09738 0.96096 0.08926 0.96893 0.06978 0.96893 0.03893 0.96893 0.02595 0.96096 0.01783 0.93209 0.01296 0.92612 0.00322 0.81859 0.00160 0.81859 0.00000 0.81759 0.03893 0.82456 0.06004 0.83651 0.09738 0.86140 0.09250
4 0.03802 0.22237 0.05395 0.28893 0.06291 0.31815 0.07884 0.35711 0.10373 0.37497 0.13061 0.38146 0.15351 0.36523 0.17043 0.34900 0.18139 0.33763 0.20528 0.30679 0.21524 0.28244 0.21723 0.25647 0.21822 0.22400 0.21225 0.19478 0.20926 0.17530 0.20130 0.14932 0.19532 0.12335 0.17939 0.09250 0.16546 0.08276 0.13957 0.07790 0.11667 0.07627 0.08381 0.07952 0.07983 0.08601 0.06092 0.11523 0.04996 0.14770 0.04001 0.18828 0.03802 0.22237
4 0.24112 0.75647 0.27995 0.82140 0.29588 0.82627 0.30982 0.82303 0.32177 0.80355 0.32774 0.79705 0.33073 0.77757 0.33471 0.76620 0.34467 0.75160 0.34467 0.71750 0.34467 0.69478 0.33272 0.66556 0.31480 0.64608 0.29389 0.64608 0.28493 0.65419 0.28294 0.65095 0.26502 0.67854 0.25207 0.70127 0.24411 0.73699 0.24112 0.75647
4 0.13360 0.51620 0.15650 0.52595 0.17840 0.53082 0.20528 0.52107 0.22121 0.51134 0.23913 0.48699 0.24809 0.46750 0.25207 0.43666 0.25307 0.40906 0.25108 0.38309 0.23615 0.34413 0.20727 0.32303 0.18636 0.32465 0.16546 0.35711 0.14355 0.36361 0.14156 0.37010 0.12563 0.39932 0.11767 0.42854 0.11567 0.47887 0.13360 0.51620
4 0.17740 0.66880 0.18636 0.68828 0.20528 0.70289 0.23316 0.69640 0.25606 0.69315 0.26502 0.67692 0.27796 0.65906 0.28294 0.63958 0.28294 0.60387 0.28294 0.56491 0.27697 0.53731 0.26601 0.50971 0.24510 0.49510 0.23216 0.49510 0.21623 0.51458 0.20130 0.51945 0.19831 0.52108 0.17442 0.56491 0.16745 0.59088 0.16745 0.63309 0.17740 0.66880
4 0.41934 0.79867 0.42034 0.80679 0.41934 0.82627 0.41635 0.84900 0.41835 0.86848 0.42830 0.88471 0.44423 0.89608 0.45220 0.89608 0.46514 0.88796 0.47609 0.87660 0.49103 0.86523 0.49601 0.84738 0.49999 0.82627 0.49999 0.80841 0.49401 0.79380 0.48406 0.76945 0.48007 0.75809 0.47211 0.74672 0.46215 0.74023 0.45618 0.74023 0.44821 0.74023 0.44423 0.73861 0.43129 0.74023 0.42532 0.75809 0.42333 0.78731 0.41934 0.79867
4 0.32874 0.82140 0.33670 0.84738 0.35263 0.85711 0.36856 0.87335 0.39246 0.88958 0.40042 0.87984 0.40441 0.86848 0.41635 0.84738 0.41934 0.82790 0.42034 0.79867 0.41237 0.77432 0.40640 0.75160 0.40042 0.73212 0.39047 0.72075 0.38051 0.71913 0.37155 0.71913 0.37155 0.72075 0.35363 0.73861 0.34168 0.75647 0.33073 0.77919 0.32874 0.82140
4 0.48704 0.78568 0.49999 0.81815 0.50397 0.83114 0.50397 0.86523 0.51393 0.87010 0.53185 0.86361 0.54479 0.84575 0.55674 0.82140 0.56769 0.80517 0.57466 0.79218 0.57565 0.77270 0.56470 0.76458 0.55076 0.75322 0.54180 0.74023 0.53185 0.71588 0.52687 0.70614 0.50994 0.70127 0.51193 0.70614 0.50497 0.71588 0.49800 0.73861 0.49302 0.76296 0.48704 0.78568
1 0.75348 0.47379 0.75225 0.47138 0.75089 0.46877 0.74880 0.46837 0.74880 0.47579 0.74770 0.48422 0.75102 0.47760 0.75348 0.47379
1 0.72991 0.48346 0.73238 0.48627 0.73373 0.48426 0.73496 0.48526 0.73545 0.48326 0.73570 0.47864 0.73484 0.47985 0.73188 0.47985 0.72905 0.48145 0.72991 0.48346
1 0.73488 0.55810 0.73131 0.55768 0.72748 0.55269 0.72774 0.56226 0.72697 0.56725 0.73182 0.56184 0.73488 0.55810
1 0.75646 0.40490 0.75439 0.40201 0.75321 0.40586 0.75660 0.41357 0.75926 0.41622 0.76222 0.41453 0.76561 0.41068 0.76694 0.40899 0.76945 0.41044 0.77240 0.41309 0.77506 0.41140 0.77521 0.40610 0.77285 0.40707 0.76988 0.40707 0.76812 0.40418 0.76532 0.40105 0.76266 0.40562 0.76089 0.41092 0.75867 0.41044 0.75646 0.40490
1 0.89528 0.18375 0.89709 0.18463 0.89804 0.18355 0.90010 0.18214 0.90133 0.18059 0.90179 0.17958 0.90162 0.17844 0.90059 0.17764 0.89841 0.17912 0.89647 0.17972 0.89474 0.18207 0.89528 0.18375
2 0.86947 0.16493 0.87266 0.16077 0.87373 0.15453 0.87266 0.15037 0.86969 0.14760 0.86650 0.15003 0.86331 0.15696 0.86395 0.16563 0.86671 0.16736 0.86947 0.16493
