4 0.80277 0.53083 0.79207 0.54333 0.78140 0.56595 0.77510 0.59452 0.77240 0.63143 0.77307 0.66833 0.78277 0.69571 0.80307 0.72012 0.82540 0.72845 0.85343 0.72964 0.88343 0.72369 0.90473 0.68857 0.91740 0.66833 0.91677 0.60762 0.91610 0.55583 0.91207 0.52964 0.90140 0.50881 0.87907 0.49036 0.86140 0.48917 0.84843 0.49214 0.83407 0.50048 0.82140 0.51476 0.80277 0.53083
4 0.53683 0.00000 0.48640 0.00048 0.48407 0.00048 0.48140 0.03202 0.48573 0.06179 0.49110 0.10940 0.50307 0.14393 0.51740 0.17190 0.55040 0.17845 0.57473 0.15702 0.58873 0.12369 0.59907 0.07905 0.60807 0.04155 0.61307 0.02310 0.61277 0.00643 0.61277 0.00226 0.61250 0.00000 0.53683 0.00000
4 0.13907 0.38917 0.12610 0.41714 0.11473 0.44274 0.11677 0.49929 0.12207 0.54810 0.13277 0.57310 0.14073 0.58738 0.15807 0.60107 0.17677 0.61000 0.19040 0.61238 0.21407 0.60821 0.23110 0.59452 0.25407 0.57310 0.26843 0.54571 0.28110 0.50881 0.28640 0.48024 0.28140 0.44512 0.26510 0.42250 0.24873 0.40345 0.23140 0.39155 0.20240 0.37488 0.18343 0.36893 0.15777 0.37310 0.13907 0.38917
4 0.10240 0.57542 0.08277 0.60113 0.06973 0.62899 0.05843 0.66714 0.06173 0.68976 0.05173 0.70935 0.04443 0.75167 0.03877 0.80167 0.04107 0.83970 0.04810 0.88143 0.06940 0.92304 0.08743 0.95107 0.11113 0.97839 0.13240 0.99393 0.14177 0.99810 0.21943 0.99869 0.23143 0.93732 0.22207 0.89935 0.23007 0.85458 0.23543 0.80696 0.23513 0.76054 0.22640 0.70821 0.21110 0.66661 0.19943 0.63315 0.17940 0.61470 0.14243 0.58857 0.13177 0.57780 0.10240 0.57542
4 0.70443 0.12012 0.69807 0.13440 0.69110 0.15345 0.67807 0.17964 0.67207 0.19095 0.66740 0.20881 0.66373 0.25107 0.66707 0.28679 0.68110 0.31655 0.69610 0.32667 0.72473 0.33202 0.74343 0.32845 0.76640 0.30345 0.78307 0.28143 0.79807 0.26179 0.80307 0.24393 0.79843 0.20821 0.79510 0.18560 0.78973 0.14750 0.78473 0.13500 0.77677 0.11298 0.76473 0.09929 0.74907 0.09214 0.72540 0.08679 0.71510 0.09214 0.70740 0.10286 0.70443 0.12012
4 0.92233 1.00000 0.93177 0.98262 0.94373 0.95524 0.95373 0.94155 0.96110 0.92310 0.97140 0.89929 0.97707 0.87310 0.98373 0.85405 0.98677 0.83024 0.98510 0.79988 0.97973 0.75940 0.97307 0.72964 0.96777 0.70940 0.95740 0.68619 0.95110 0.67310 0.93843 0.66536 0.93277 0.67607 0.91343 0.67905 0.89473 0.70226 0.88573 0.72012 0.87540 0.72667 0.86073 0.73143 0.85177 0.74452 0.84207 0.76298 0.82343 0.79631 0.81110 0.84155 0.80473 0.88738 0.80373 0.93381 0.80740 0.97786 0.81843 0.99393 0.82717 1.00000 0.92233 1.00000
4 0.20473 0.15762 0.19040 0.18083 0.18040 0.21536 0.17677 0.26357 0.17740 0.30286 0.17973 0.33857 0.18610 0.36952 0.21073 0.37607 0.22240 0.38619 0.24473 0.38857 0.26610 0.38976 0.28873 0.37310 0.30573 0.35940 0.31640 0.33381 0.31510 0.30107 0.30807 0.26119 0.29740 0.23202 0.28573 0.20167 0.26740 0.17429 0.25573 0.14869 0.23973 0.14036 0.21777 0.14333 0.20473 0.15762
4 0.45597 0.00000 0.35540 0.00048 0.35407 0.02369 0.35510 0.04155 0.36973 0.08381 0.37873 0.12429 0.38510 0.16179 0.40343 0.19631 0.42740 0.21655 0.44943 0.22250 0.46740 0.19214 0.47610 0.16119 0.48277 0.12369 0.48407 0.08976 0.48110 0.04512 0.48110 0.00000 0.45597 0.00000
4 0.62337 0.00000 0.61610 0.01536 0.61177 0.03381 0.60443 0.05643 0.59777 0.08917 0.58907 0.13083 0.58707 0.16655 0.59010 0.19333 0.60110 0.22429 0.61343 0.24095 0.64177 0.23798 0.66807 0.19690 0.68873 0.16060 0.70373 0.12488 0.70807 0.09631 0.70677 0.05524 0.70540 0.04929 0.68640 0.02012 0.66750 0.00000 0.62337 0.00000
4 0.28073 0.07190 0.27073 0.10107 0.26740 0.12726 0.26873 0.16298 0.27443 0.18679 0.29473 0.21595 0.30707 0.25107 0.33740 0.26238 0.36110 0.25345 0.37510 0.22190 0.37843 0.19393 0.38110 0.14869 0.37540 0.10702 0.36407 0.06595 0.35307 0.03917 0.34010 0.02250 0.32040 0.02190 0.30010 0.04690 0.28073 0.07190
4 0.73240 0.35226 0.72040 0.39810 0.71140 0.43560 0.71407 0.48083 0.72207 0.50821 0.73873 0.53440 0.76240 0.54393 0.79573 0.53619 0.83110 0.50821 0.84677 0.48619 0.86443 0.46119 0.86807 0.44452 0.86843 0.41417 0.86510 0.38202 0.85973 0.34274 0.85110 0.32071 0.83473 0.30107 0.82307 0.28619 0.80540 0.28083 0.78777 0.28619 0.75740 0.31179 0.74343 0.32845 0.73240 0.35226
