4 0.30442 0.49616 0.30630 0.52924 0.31020 0.54884 0.31870 0.56101 0.32664 0.56716 0.33782 0.56685 0.34350 0.56094 0.35214 0.55258 0.35509 0.55013 0.35426 0.53359 0.35410 0.50454 0.35700 0.46653 0.35934 0.44754 0.36348 0.41506 0.36713 0.39809 0.36523 0.39155 0.35699 0.37738 0.34984 0.37726 0.34342 0.37364 0.33338 0.37297 0.32467 0.37281 0.32172 0.37526 0.31589 0.37667 0.31593 0.38668 0.31340 0.40366 0.31102 0.42466 0.30952 0.44717 0.30629 0.46564 0.30442 0.49616
4 0.64788 0.54572 0.64624 0.56322 0.64449 0.57371 0.65457 0.58490 0.66180 0.59354 0.66827 0.59415 0.67683 0.58980 0.68346 0.58140 0.68655 0.57094 0.69303 0.55803 0.69768 0.53507 0.69957 0.50356 0.69928 0.48152 0.69980 0.45148 0.69828 0.42340 0.69707 0.40335 0.69452 0.38327 0.69331 0.37524 0.69309 0.36272 0.69205 0.35819 0.68714 0.35760 0.67791 0.36195 0.67028 0.37634 0.65983 0.39870 0.65512 0.41263 0.64260 0.42594 0.64302 0.44047 0.64580 0.46005 0.64750 0.49113 0.64773 0.52869 0.64788 0.54572
4 0.39809 0.59575 0.39841 0.58834 0.39758 0.58595 0.39593 0.58369 0.39339 0.58294 0.38936 0.58483 0.38469 0.58475 0.37986 0.58257 0.37396 0.58107 0.36947 0.57778 0.36010 0.57025 0.35631 0.57405 0.35999 0.57761 0.36415 0.58229 0.36934 0.58854 0.37879 0.59765 0.38568 0.60629 0.38970 0.60832 0.39339 0.61160 0.39721 0.61390 0.39809 0.59575
4 0.29759 0.53260 0.30515 0.52171 0.30544 0.50519 0.30490 0.48515 0.30629 0.46915 0.30789 0.45465 0.31018 0.43867 0.31237 0.41567 0.31471 0.39668 0.31732 0.37519 0.31015 0.37656 0.29806 0.36483 0.28679 0.35763 0.28056 0.35201 0.27860 0.37852 0.27542 0.42003 0.27425 0.44906 0.27492 0.47461 0.27457 0.50715 0.27610 0.50918 0.28249 0.51431 0.28838 0.52242 0.29759 0.53260
4 0.58450 0.63144 0.58814 0.63006 0.58697 0.60830 0.58658 0.60076 0.58466 0.59232 0.58383 0.58796 0.57908 0.58614 0.57703 0.59277 0.57530 0.59506 0.57134 0.59991 0.56768 0.60188 0.56337 0.60470 0.55664 0.60516 0.54526 0.60467 0.52951 0.60353 0.52721 0.60204 0.52581 0.60810 0.52587 0.62694 0.52601 0.64868 0.53335 0.64997 0.54301 0.64521 0.55884 0.64172 0.56744 0.63810 0.57563 0.63534 0.58450 0.63144
4 0.63829 0.60920 0.64703 0.60500 0.65105 0.60391 0.65053 0.59724 0.64869 0.59112 0.64616 0.58818 0.64325 0.58436 0.63991 0.58285 0.63507 0.58595 0.63073 0.59052 0.62346 0.59184 0.61701 0.59115 0.61224 0.59048 0.60192 0.58885 0.59409 0.58582 0.58864 0.59384 0.58731 0.60367 0.58775 0.61556 0.58830 0.62832 0.59298 0.62724 0.60924 0.62144 0.62436 0.61475 0.63829 0.60920
4 0.50449 0.46559 0.50280 0.48560 0.50242 0.50713 0.50204 0.52916 0.50132 0.55769 0.50223 0.58224 0.50400 0.59580 0.51020 0.59941 0.52222 0.60162 0.53405 0.60283 0.55300 0.60517 0.56083 0.60480 0.57365 0.59951 0.57875 0.58909 0.58200 0.56911 0.58449 0.51657 0.58294 0.49000 0.58059 0.45841 0.57773 0.42981 0.57681 0.41878 0.57103 0.40416 0.56633 0.39205 0.55211 0.39982 0.54862 0.40777 0.54260 0.41969 0.53298 0.42052 0.52719 0.40690 0.52411 0.40384 0.51801 0.40774 0.51522 0.41420 0.51073 0.42814 0.50777 0.44412 0.50449 0.46559
4 0.52600 0.61972 0.52607 0.60269 0.51963 0.60057 0.51160 0.59993 0.50650 0.59734 0.50300 0.59327 0.50218 0.57623 0.49996 0.57519 0.49835 0.57767 0.49774 0.58717 0.49559 0.59515 0.48727 0.59801 0.46690 0.59615 0.46570 0.60464 0.46583 0.62318 0.46448 0.63617 0.47201 0.64031 0.49184 0.64366 0.50269 0.64936 0.51514 0.65258 0.52410 0.65124 0.52566 0.63874 0.52600 0.61972
4 0.69913 0.46449 0.69955 0.49154 0.69941 0.51257 0.69821 0.53007 0.69620 0.54306 0.69403 0.55204 0.69115 0.56300 0.69596 0.56910 0.70059 0.57268 0.71096 0.56786 0.72019 0.56351 0.72828 0.56115 0.72960 0.54965 0.73143 0.53416 0.73241 0.49061 0.73471 0.43606 0.73533 0.40051 0.73586 0.38299 0.73261 0.36441 0.73063 0.34935 0.72542 0.35376 0.72028 0.35368 0.71672 0.36563 0.71012 0.38555 0.70359 0.40096 0.69919 0.40990 0.69781 0.41238 0.69859 0.43142 0.69945 0.44646 0.69913 0.46449
4 0.35453 0.49252 0.35452 0.51857 0.35569 0.54162 0.35670 0.56017 0.36010 0.57025 0.36406 0.57382 0.36870 0.57691 0.37576 0.58204 0.38734 0.58425 0.39496 0.58288 0.40149 0.57998 0.40801 0.57759 0.41317 0.56366 0.41710 0.55622 0.41667 0.54269 0.41715 0.52768 0.41823 0.50415 0.41960 0.48966 0.42124 0.47265 0.42216 0.45865 0.42442 0.44416 0.42677 0.42467 0.43010 0.41322 0.42662 0.40764 0.42053 0.39802 0.41492 0.38691 0.40601 0.38525 0.39200 0.38150 0.38106 0.38081 0.37260 0.37916 0.37029 0.38363 0.36639 0.40209 0.36179 0.42254 0.36114 0.43405 0.35835 0.45303 0.35681 0.47704 0.35453 0.49252
4 0.27457 0.49063 0.27422 0.45957 0.27489 0.43404 0.27709 0.39752 0.27769 0.38852 0.28056 0.35201 0.27087 0.34433 0.26184 0.33666 0.25692 0.36262 0.25154 0.40208 0.24887 0.43960 0.24891 0.46264 0.24983 0.47417 0.25876 0.48735 0.26684 0.49850 0.27457 0.49063
4 0.77816 0.43031 0.77995 0.41732 0.78222 0.40233 0.78494 0.38736 0.78325 0.36880 0.78007 0.35923 0.77696 0.34515 0.76729 0.34899 0.75789 0.36235 0.76044 0.40847 0.76044 0.44703 0.76058 0.47708 0.75740 0.50557 0.75920 0.50510 0.76675 0.49471 0.76922 0.48173 0.77436 0.45578 0.77816 0.43031
4 0.41681 0.53468 0.41698 0.56323 0.42198 0.58385 0.42701 0.59045 0.43678 0.59362 0.45124 0.59738 0.46690 0.59615 0.47897 0.59636 0.49125 0.59658 0.49669 0.59216 0.49798 0.58217 0.49982 0.56668 0.50114 0.54216 0.50280 0.48560 0.50214 0.47207 0.50069 0.43999 0.49807 0.42342 0.49582 0.41136 0.49329 0.40280 0.47885 0.39804 0.47328 0.39744 0.47034 0.39939 0.46782 0.40286 0.45853 0.39718 0.45144 0.39406 0.44573 0.38845 0.43798 0.38431 0.43454 0.38925 0.43231 0.40174 0.43084 0.40922 0.42518 0.43917 0.42110 0.46765 0.41760 0.51466 0.41681 0.53468
4 0.73255 0.49562 0.73251 0.51064 0.73209 0.52215 0.73089 0.53966 0.73911 0.54231 0.74491 0.54291 0.75198 0.53502 0.75590 0.52758 0.75674 0.51807 0.75867 0.49707 0.76006 0.48158 0.76035 0.46505 0.76044 0.44703 0.76043 0.42198 0.75956 0.39493 0.75773 0.37186 0.75479 0.34827 0.75169 0.34621 0.74745 0.34614 0.74210 0.35806 0.73799 0.36350 0.73405 0.37145 0.73467 0.37396 0.73577 0.38800 0.73493 0.42354 0.73418 0.45358 0.73243 0.47708 0.73255 0.49562
4 0.43678 0.59362 0.42962 0.59400 0.42435 0.58890 0.42073 0.57882 0.41884 0.57177 0.41283 0.57067 0.41009 0.57412 0.40285 0.57900 0.39889 0.58845 0.39758 0.61197 0.41974 0.62287 0.44170 0.63177 0.46285 0.63614 0.46357 0.63365 0.46490 0.60863 0.46287 0.59658 0.45860 0.59851 0.44658 0.59530 0.43678 0.59362
4 0.58288 0.55711 0.58509 0.57167 0.58869 0.58275 0.59579 0.58588 0.60825 0.58910 0.62182 0.59234 0.63379 0.58504 0.64377 0.57670 0.64725 0.55623 0.64834 0.51969 0.64706 0.47760 0.64555 0.44903 0.63961 0.41787 0.63665 0.39579 0.63265 0.38169 0.62717 0.37559 0.62045 0.37647 0.61453 0.38288 0.60678 0.39176 0.59613 0.41311 0.58928 0.42100 0.58167 0.43489 0.57910 0.44136 0.58171 0.47095 0.58368 0.49903 0.58486 0.52059 0.58288 0.55711
