1 0.75784 0.34069 0.76054 0.34850 0.76355 0.34618 0.76526 0.34184 0.76517 0.33317 0.76180 0.33169 0.75885 0.33590 0.75784 0.34069
4 0.63923 0.61582 0.64911 0.64624 0.68435 0.68421 0.72701 0.70338 0.74822 0.70889 0.78527 0.71930 0.85043 0.48294 0.86790 0.31667 0.77618 0.28744 0.73966 0.30319 0.70246 0.32538 0.68561 0.36115 0.66736 0.40005 0.65065 0.42440 0.63924 0.47054 0.64482 0.53153 0.64406 0.58040 0.63923 0.61582
4 0.16400 0.86169 0.17573 0.84933 0.17929 0.81980 0.17780 0.77683 0.14711 0.70770 0.12271 0.66378 0.10954 0.62504 0.09807 0.60482 0.08770 0.59559 0.07562 0.59432 0.05381 0.63345 0.03744 0.66841 0.02507 0.70854 0.01754 0.73693 0.01585 0.76598 0.02150 0.78555 0.04815 0.80805 0.09439 0.84688 0.13152 0.86031 0.16400 0.86169
4 0.43371 0.53401 0.43529 0.52137 0.43581 0.51163 0.43749 0.50277 0.43788 0.49189 0.42742 0.50058 0.41715 0.51457 0.41314 0.52883 0.41285 0.54349 0.41666 0.55745 0.42133 0.56810 0.42523 0.57379 0.43072 0.56721 0.43115 0.54880 0.43371 0.53401
2 0.33076 0.51592 0.32389 0.53105 0.32258 0.55072 0.32684 0.56759 0.33193 0.58394 0.35115 0.58427 0.36305 0.58608 0.36800 0.60020 0.38512 0.60256 0.39592 0.59692 0.41283 0.59414 0.42155 0.59393 0.42795 0.60480 0.43671 0.60064 0.44287 0.59221 0.44748 0.56272 0.45647 0.52405 0.46132 0.49228 0.46601 0.45485 0.46536 0.45026 0.46131 0.43116 0.45295 0.45687 0.44803 0.47503 0.43238 0.49093 0.41958 0.50488 0.41158 0.51251 0.39328 0.51059 0.37720 0.50551 0.36174 0.50501 0.34700 0.50516 0.33076 0.51592
4 0.30456 0.58103 0.30789 0.60988 0.31564 0.61819 0.33931 0.64309 0.36438 0.66339 0.39086 0.67024 0.41342 0.66240 0.43326 0.64208 0.44272 0.61660 0.44982 0.58285 0.45725 0.54748 0.46295 0.50190 0.46758 0.45351 0.46435 0.42801 0.45811 0.40563 0.44348 0.38507 0.43455 0.37532 0.42249 0.36931 0.39796 0.36538 0.37641 0.37192 0.35224 0.38637 0.33420 0.40688 0.31157 0.42826 0.29751 0.44987 0.29115 0.48453 0.28717 0.50516 0.29561 0.53252 0.29728 0.54697 0.30456 0.58103
4 0.14552 0.70557 0.17985 0.74108 0.22545 0.77306 0.25328 0.78005 0.27431 0.77413 0.30010 0.74422 0.31020 0.70861 0.31164 0.64764 0.30152 0.58410 0.29360 0.54726 0.28439 0.51846 0.25850 0.49740 0.23560 0.49974 0.19900 0.51152 0.16383 0.53565 0.14775 0.55502 0.13119 0.58318 0.12042 0.62076 0.12014 0.64924 0.12745 0.67038 0.14552 0.70557
4 0.88733 0.79532 0.84693 0.76498 0.84476 0.76475 0.83554 0.78009 0.83853 0.80326 0.81960 0.81758 0.80265 0.83376 0.78582 0.90057 0.78884 0.92371 0.81219 0.89845 0.84746 0.85316 0.86310 0.82871 0.88733 0.79532
2 0.51536 0.60141 0.53228 0.60210 0.54671 0.60256 0.56511 0.59636 0.57663 0.58673 0.58744 0.58025 0.59445 0.56525 0.59849 0.54398 0.59922 0.52674 0.59997 0.51269 0.59636 0.49875 0.58640 0.49014 0.57140 0.49180 0.55730 0.49845 0.54812 0.49640 0.54226 0.48655 0.53399 0.46889 0.52579 0.45718 0.51852 0.44719 0.51213 0.44271 0.50592 0.43287 0.49653 0.43946 0.49037 0.46702 0.48545 0.50717 0.48035 0.53484 0.47915 0.56345 0.47829 0.58558 0.48185 0.60331 0.48817 0.61539 0.50049 0.61179 0.50876 0.60561 0.51536 0.60141
4 0.58729 0.66422 0.62121 0.62157 0.63356 0.59727 0.64364 0.54281 0.64204 0.48552 0.64067 0.43642 0.63072 0.39620 0.62067 0.36739 0.60366 0.35084 0.57920 0.33961 0.55719 0.34332 0.54727 0.34680 0.53656 0.34876 0.51926 0.36815 0.49720 0.40175 0.48424 0.45262 0.48063 0.50776 0.47537 0.55778 0.47302 0.59169 0.48488 0.62947 0.51100 0.66437 0.55487 0.67226 0.58729 0.66422
