1 0.77750 0.37812 0.77909 0.38624 0.78239 0.38436 0.78469 0.38030 0.78580 0.37170 0.78268 0.36976 0.77917 0.37352 0.77750 0.37812
4 0.62176 0.63407 0.62730 0.66557 0.65692 0.70808 0.69650 0.73300 0.71674 0.74140 0.75197 0.75686 0.84939 0.53188 0.88984 0.36965 0.80308 0.32795 0.76472 0.33846 0.72480 0.35525 0.70312 0.38833 0.67965 0.42432 0.65971 0.44610 0.64199 0.49020 0.63902 0.55138 0.63147 0.59967 0.62176 0.63407
4 0.00000 0.73136 0.00967 0.74217 0.05007 0.78706 0.08496 0.80552 0.11693 0.81141 0.13027 0.80080 0.13790 0.77205 0.14241 0.72929 0.12164 0.65656 0.10359 0.60968 0.09594 0.56948 0.08739 0.54786 0.07841 0.53728 0.06662 0.53434 0.03957 0.57006 0.01850 0.60240 0.00067 0.64041 0.00000 0.64201 0.00000 0.73136
4 0.42962 0.52445 0.43294 0.51215 0.43481 0.50258 0.43772 0.49404 0.43962 0.48332 0.42804 0.49047 0.41593 0.50289 0.40997 0.51646 0.40765 0.53094 0.40948 0.54529 0.41261 0.55649 0.41569 0.56266 0.42204 0.55691 0.42503 0.53874 0.42962 0.52445
2 0.33019 0.49221 0.32128 0.50624 0.31724 0.52553 0.31912 0.54283 0.32188 0.55973 0.34087 0.56273 0.35240 0.56618 0.35534 0.58085 0.37197 0.58558 0.38345 0.58149 0.40058 0.58109 0.40924 0.58209 0.41407 0.59376 0.42332 0.59085 0.43060 0.58336 0.43926 0.55480 0.45355 0.51775 0.46277 0.48697 0.47262 0.45056 0.47262 0.44593 0.47127 0.42644 0.45941 0.45074 0.45201 0.46804 0.43430 0.48161 0.41968 0.49364 0.41070 0.50008 0.39285 0.49563 0.37763 0.48837 0.36239 0.48572 0.34777 0.48381 0.33019 0.49221
4 0.29519 0.55304 0.29446 0.58208 0.30098 0.59138 0.32096 0.61933 0.34296 0.64292 0.36823 0.65339 0.39167 0.64877 0.41413 0.63141 0.42705 0.60749 0.43877 0.57506 0.45106 0.54107 0.46304 0.49673 0.47437 0.44945 0.47472 0.42375 0.47165 0.40072 0.46002 0.37832 0.45254 0.36743 0.44143 0.35979 0.41769 0.35248 0.39544 0.35597 0.36950 0.36691 0.34877 0.38471 0.32338 0.40274 0.30645 0.42218 0.29533 0.45561 0.28852 0.47549 0.29307 0.50376 0.29272 0.51830 0.29519 0.55304
4 0.12036 0.65424 0.14941 0.69417 0.19012 0.73219 0.21670 0.74299 0.23835 0.74005 0.26806 0.71403 0.28302 0.68016 0.29292 0.61998 0.29175 0.55565 0.28904 0.51808 0.28392 0.48827 0.26121 0.46382 0.23821 0.46295 0.20032 0.46952 0.16214 0.48852 0.14352 0.50546 0.12320 0.53104 0.10731 0.56676 0.10307 0.59492 0.10736 0.61687 0.12036 0.65424
4 0.84246 0.84636 0.80667 0.81069 0.80456 0.81016 0.79329 0.82406 0.79303 0.84743 0.77230 0.85897 0.75325 0.87263 0.72729 0.93645 0.72706 0.95979 0.75370 0.93802 0.79493 0.89808 0.81382 0.87604 0.84246 0.84636
2 0.50110 0.60256 0.51776 0.60560 0.53198 0.60806 0.55107 0.60448 0.56381 0.59655 0.57542 0.59164 0.58445 0.57776 0.59141 0.55726 0.59454 0.54028 0.59723 0.52648 0.59559 0.51218 0.58694 0.50226 0.57185 0.50182 0.55696 0.50644 0.54815 0.50313 0.54372 0.49257 0.53799 0.47392 0.53150 0.46119 0.52569 0.45028 0.51998 0.44496 0.51521 0.43435 0.50499 0.43956 0.49505 0.46600 0.48459 0.50507 0.47569 0.53177 0.47053 0.55993 0.46659 0.58172 0.46765 0.59978 0.47223 0.61262 0.48493 0.61077 0.49397 0.60580 0.50110 0.60256
4 0.56358 0.67477 0.60311 0.63726 0.61873 0.61491 0.63628 0.56239 0.64267 0.50543 0.64815 0.45661 0.64389 0.41541 0.63795 0.38548 0.62341 0.36672 0.60075 0.35219 0.57844 0.35281 0.56813 0.35487 0.55725 0.35532 0.53743 0.37211 0.51090 0.40232 0.49099 0.45089 0.47974 0.50498 0.46757 0.55379 0.46052 0.58704 0.46701 0.62610 0.48802 0.66430 0.53036 0.67822 0.56358 0.67477
