1 0.74328 0.32210 0.74603 0.31948 0.74727 0.31498 0.74628 0.30637 0.74277 0.30524 0.74028 0.30974 0.73978 0.31461 0.74328 0.32210
4 0.67007 0.34251 0.65600 0.38311 0.64192 0.40906 0.63540 0.45614 0.64733 0.51622 0.65168 0.56491 0.65058 0.60064 0.66358 0.62985 0.70260 0.66393 0.74703 0.67854 0.76870 0.68180 0.80663 0.68828 0.84672 0.44640 0.84672 0.27921 0.75245 0.25974 0.71777 0.27921 0.68310 0.30517 0.67007 0.34251
4 0.04495 0.78607 0.04630 0.81513 0.05397 0.83401 0.08283 0.85360 0.13288 0.88738 0.17120 0.89685 0.20365 0.89483 0.21402 0.88131 0.21448 0.85157 0.20850 0.80899 0.17075 0.74345 0.14190 0.70232 0.12475 0.66517 0.11122 0.64625 0.09995 0.63816 0.08780 0.63816 0.07020 0.67936 0.05758 0.71584 0.04948 0.75704 0.04495 0.78607
4 0.41787 0.55236 0.42313 0.56584 0.42888 0.57595 0.43335 0.58120 0.43812 0.57408 0.43662 0.55573 0.43762 0.54075 0.43788 0.52802 0.43738 0.51828 0.43812 0.50929 0.43738 0.49843 0.42787 0.50816 0.41913 0.52315 0.41662 0.53775 0.41787 0.55236
2 0.42053 0.51326 0.41337 0.52169 0.39497 0.52169 0.37845 0.51831 0.36303 0.51944 0.34837 0.52112 0.33335 0.53352 0.32810 0.54929 0.32885 0.56899 0.33485 0.58532 0.34162 0.60105 0.36077 0.59936 0.37280 0.59993 0.37920 0.61345 0.39648 0.61401 0.40663 0.60727 0.42315 0.60273 0.43180 0.60161 0.43930 0.61176 0.44757 0.60670 0.45282 0.59768 0.45432 0.56787 0.45922 0.52846 0.46072 0.49637 0.46147 0.45865 0.46035 0.45416 0.45432 0.43558 0.44870 0.46202 0.44570 0.48060 0.43180 0.49805 0.42053 0.51326
4 0.30510 0.44835 0.29337 0.47131 0.29068 0.50644 0.28887 0.52738 0.30013 0.55371 0.30330 0.56790 0.31410 0.60101 0.32043 0.62936 0.32900 0.63682 0.35515 0.65910 0.38220 0.67667 0.40925 0.68071 0.43088 0.67056 0.44848 0.64828 0.45522 0.62195 0.45875 0.58764 0.46245 0.55169 0.46335 0.50577 0.46290 0.45715 0.45702 0.43213 0.44848 0.41052 0.43178 0.39161 0.42188 0.38285 0.40925 0.37813 0.38445 0.37678 0.36370 0.38554 0.34118 0.40243 0.32538 0.42472 0.30510 0.44835
4 0.16940 0.57060 0.15542 0.59154 0.14190 0.62127 0.13512 0.65978 0.13783 0.68813 0.14730 0.70839 0.16895 0.74150 0.20680 0.77322 0.25550 0.80026 0.28390 0.80431 0.30420 0.79622 0.32673 0.76378 0.33305 0.72730 0.32810 0.66652 0.31140 0.60438 0.29968 0.56858 0.28750 0.54090 0.25955 0.52266 0.23702 0.52738 0.20185 0.54292 0.16940 0.57060
4 0.83588 0.80030 0.82612 0.86850 0.83155 0.89120 0.85213 0.86363 0.88248 0.81491 0.89548 0.78895 0.91607 0.75322 0.87272 0.72727 0.87055 0.72727 0.86297 0.74348 0.86838 0.76622 0.85105 0.78243 0.83588 0.80030
2 0.48590 0.56528 0.48735 0.58738 0.49275 0.60464 0.50030 0.61599 0.51217 0.61112 0.51975 0.60412 0.52587 0.59925 0.54278 0.59816 0.55717 0.59712 0.57482 0.58903 0.58527 0.57824 0.59535 0.57067 0.60075 0.55502 0.60255 0.53345 0.60147 0.51622 0.60075 0.50217 0.59570 0.48869 0.58490 0.48116 0.57015 0.48438 0.55683 0.49247 0.54748 0.49139 0.54063 0.48221 0.53055 0.46551 0.52118 0.45472 0.51290 0.44554 0.50607 0.44176 0.49887 0.43262 0.49023 0.44015 0.48697 0.46820 0.48628 0.50865 0.48410 0.53670 0.48590 0.56528
4 0.48155 0.50974 0.48155 0.56004 0.48275 0.59401 0.49850 0.63034 0.52812 0.66232 0.57257 0.66558 0.60397 0.65420 0.63325 0.60824 0.64300 0.58277 0.64733 0.52757 0.63975 0.47075 0.63325 0.42206 0.61915 0.38311 0.60615 0.35551 0.58750 0.34082 0.56200 0.33221 0.54050 0.33820 0.53100 0.34270 0.52055 0.34577 0.50538 0.36685 0.48695 0.40258 0.47937 0.45453 0.48155 0.50974
