4 0.22927 0.67543 0.28172 0.66405 0.31190 0.63327 0.33149 0.57101 0.35396 0.51788 0.36601 0.45581 0.36276 0.40782 0.34641 0.35801 0.32688 0.31900 0.30266 0.29560 0.27362 0.28275 0.25400 0.27999 0.23399 0.28595 0.20894 0.30993 0.18159 0.35056 0.15828 0.39159 0.14201 0.42432 0.13629 0.44728 0.14011 0.46157 0.14187 0.49058 0.13614 0.53729 0.14405 0.57592 0.18379 0.64904 0.22927 0.67543
1 0.60755 0.53222 0.61514 0.53202 0.62356 0.52396 0.62858 0.51206 0.63640 0.50434 0.64774 0.48535 0.65755 0.47539 0.66182 0.45912 0.66859 0.44291 0.67013 0.43353 0.67677 0.42218 0.67476 0.41095 0.66961 0.41154 0.66484 0.42348 0.65551 0.43393 0.63937 0.45728 0.62700 0.47151 0.62700 0.47949 0.62276 0.48982 0.61919 0.50319 0.61375 0.51208 0.60765 0.52341 0.60755 0.53222
4 1.00000 0.13045 0.99707 0.12807 0.95973 0.10906 0.92474 0.10290 0.89160 0.11325 0.84104 0.13491 0.79792 0.14511 0.76225 0.16760 0.72252 0.23080 0.71184 0.28307 0.72676 0.34894 0.72618 0.45390 0.72144 0.49950 0.73425 0.56258 0.77512 0.61585 0.81762 0.62182 0.88369 0.60859 0.92883 0.58992 0.96841 0.56923 0.99973 0.53691 1.00000 0.53496 1.00000 0.13045
4 0.51514 0.69632 0.51802 0.69975 0.51978 0.70061 0.52109 0.69897 0.51685 0.69373 0.51440 0.69197 0.50974 0.68970 0.50526 0.68806 0.50369 0.68865 0.50320 0.69121 0.50372 0.69229 0.50689 0.69273 0.51286 0.69337 0.51514 0.69632
2 0.36625 0.61078 0.39253 0.59571 0.42314 0.54999 0.44127 0.51002 0.47152 0.49051 0.48524 0.51745 0.46870 0.56390 0.44869 0.61737 0.44330 0.66162 0.44351 0.70167 0.48374 0.70608 0.52415 0.70925 0.53585 0.69714 0.54063 0.64529 0.54085 0.63781 0.54541 0.59345 0.54913 0.55519 0.56247 0.54332 0.56622 0.54635 0.60498 0.54929 0.62228 0.53296 0.64065 0.52679 0.64858 0.49414 0.66765 0.45930 0.67893 0.43839 0.68835 0.40093 0.69052 0.37374 0.67305 0.34376 0.66720 0.31418 0.61407 0.28296 0.58554 0.26645 0.55065 0.24778 0.53155 0.24134 0.50840 0.25185 0.49285 0.27342 0.47761 0.32256 0.45722 0.33720 0.43429 0.34022 0.40506 0.32862 0.37869 0.33240 0.36965 0.33739 0.36522 0.36303 0.36805 0.40220 0.37139 0.46144 0.37048 0.52133 0.37345 0.54176 0.36289 0.59905 0.36625 0.61078
4 0.58541 0.70035 0.61851 0.67249 0.65023 0.63068 0.68493 0.56177 0.71304 0.49820 0.72574 0.46122 0.72231 0.39071 0.72391 0.34967 0.71608 0.29855 0.70117 0.25643 0.66743 0.21168 0.62880 0.18999 0.57957 0.18432 0.52941 0.19728 0.49007 0.20426 0.45531 0.21437 0.40396 0.25343 0.37917 0.28747 0.36655 0.33571 0.36653 0.40699 0.37097 0.47638 0.36859 0.53482 0.36078 0.59625 0.37364 0.65309 0.43318 0.70397 0.47259 0.70826 0.52349 0.70791 0.58541 0.70035
1 0.23650 0.39455 0.23778 0.39423 0.23986 0.39300 0.24094 0.38929 0.23888 0.38716 0.23646 0.38529 0.23355 0.38522 0.23018 0.38762 0.22783 0.38997 0.22798 0.39369 0.23110 0.39548 0.23396 0.39825 0.23572 0.39613 0.23650 0.39455
1 0.08294 0.44206 0.08082 0.43723 0.07870 0.44077 0.08141 0.45127 0.08120 0.46102 0.07740 0.46991 0.07388 0.47674 0.07667 0.47678 0.08191 0.47263 0.08385 0.46871 0.08565 0.45920 0.08496 0.44758 0.08294 0.44206
1 0.47327 0.68414 0.47011 0.68268 0.46510 0.68636 0.46263 0.69274 0.46238 0.69775 0.46464 0.69925 0.46828 0.69808 0.47093 0.69677 0.47452 0.69357 0.47612 0.69178 0.47573 0.68819 0.47327 0.68414
1 0.45549 0.61370 0.45526 0.61131 0.45433 0.60596 0.45361 0.60232 0.45188 0.60023 0.45058 0.60308 0.45091 0.60632 0.45156 0.60893 0.45113 0.61275 0.45113 0.61594 0.45271 0.61667 0.45441 0.61657 0.45549 0.61370
1 0.41794 0.54169 0.42279 0.53368 0.42800 0.52814 0.42940 0.52305 0.42772 0.52180 0.42714 0.51928 0.43179 0.50947 0.43541 0.50020 0.43785 0.48620 0.43854 0.47443 0.43564 0.46046 0.43230 0.44950 0.42813 0.43946 0.42375 0.43746 0.41813 0.44435 0.41365 0.45802 0.41421 0.47556 0.41096 0.50196 0.40588 0.51974 0.39841 0.53335 0.39267 0.54584 0.39351 0.56163 0.39968 0.56389 0.40966 0.55762 0.41794 0.54169
4 0.00000 0.69813 0.02486 0.69490 0.05542 0.68250 0.07651 0.66288 0.10133 0.62609 0.12181 0.58280 0.13466 0.54730 0.13950 0.51753 0.14238 0.49240 0.14069 0.45778 0.12962 0.42480 0.11779 0.38778 0.10167 0.35802 0.07109 0.33800 0.04068 0.33078 0.01827 0.33647 0.00000 0.46647 0.00000 0.69813
