4 0.23237 0.68013 0.28462 0.66784 0.31425 0.63653 0.33275 0.57394 0.35429 0.52043 0.36526 0.45815 0.36117 0.41023 0.34396 0.36071 0.32375 0.32204 0.29912 0.29907 0.26986 0.28673 0.25020 0.28432 0.23030 0.29062 0.20567 0.31503 0.17903 0.35614 0.15645 0.39757 0.14075 0.43058 0.13542 0.45364 0.13950 0.46786 0.14176 0.49683 0.13684 0.54363 0.14543 0.58212 0.18644 0.65454 0.23237 0.68013
1 0.60810 0.53033 0.61568 0.53000 0.62396 0.52180 0.62877 0.50982 0.63646 0.50196 0.64747 0.48278 0.65709 0.47264 0.66108 0.45630 0.66756 0.43997 0.66894 0.43057 0.67539 0.41910 0.67318 0.40792 0.66804 0.40860 0.66348 0.42062 0.65433 0.43123 0.63860 0.45485 0.62648 0.46930 0.62662 0.47728 0.62256 0.48768 0.61923 0.50111 0.61394 0.51009 0.60804 0.52153 0.60810 0.53033
4 1.00000 0.12687 0.99050 0.11946 0.95283 0.10110 0.91775 0.09555 0.88479 0.10648 0.83462 0.12901 0.79168 0.13996 0.75641 0.16307 0.71779 0.22696 0.70802 0.27941 0.72409 0.34500 0.72535 0.44996 0.72139 0.49563 0.73530 0.55848 0.77710 0.61103 0.81970 0.61626 0.88553 0.60188 0.93033 0.58242 0.96955 0.56105 1.00000 0.52850 1.00000 0.12687
4 0.51856 0.69602 0.52150 0.69941 0.52328 0.70023 0.52456 0.69857 0.52023 0.69341 0.51775 0.69169 0.51305 0.68950 0.50854 0.68794 0.50698 0.68856 0.50653 0.69112 0.50708 0.69220 0.51025 0.69258 0.51623 0.69312 0.51856 0.69602
2 0.36820 0.61310 0.39422 0.59757 0.42402 0.55132 0.44145 0.51105 0.47136 0.49101 0.48555 0.51770 0.46982 0.56444 0.45075 0.61825 0.44613 0.66258 0.44703 0.70262 0.48734 0.70633 0.52780 0.70879 0.53928 0.69648 0.54316 0.64455 0.54325 0.63708 0.54704 0.59264 0.55009 0.55432 0.56322 0.54222 0.56701 0.54519 0.60583 0.54745 0.62284 0.53082 0.64110 0.52433 0.64846 0.49155 0.66692 0.45638 0.67783 0.43527 0.68660 0.39766 0.68828 0.37043 0.67030 0.34077 0.66393 0.31129 0.61027 0.28101 0.58145 0.26499 0.54624 0.24693 0.52703 0.24083 0.50406 0.25175 0.48890 0.27358 0.47452 0.32298 0.45438 0.33797 0.43151 0.34139 0.40208 0.33030 0.37578 0.33455 0.36683 0.33969 0.36285 0.36540 0.36636 0.40452 0.37074 0.46369 0.37087 0.52359 0.37419 0.54396 0.36464 0.60143 0.36820 0.61310
4 0.58890 0.69883 0.62151 0.67040 0.65249 0.62804 0.68598 0.55853 0.71297 0.49448 0.72503 0.45729 0.72037 0.38685 0.72125 0.34578 0.71254 0.29480 0.69689 0.25295 0.66238 0.20880 0.62337 0.18779 0.57405 0.18298 0.52412 0.19681 0.48491 0.20448 0.45033 0.21519 0.39967 0.25515 0.37548 0.28961 0.36371 0.33807 0.36493 0.40933 0.37057 0.47863 0.36921 0.53710 0.36248 0.59866 0.37633 0.65527 0.43675 0.70510 0.47623 0.70871 0.52712 0.70747 0.58890 0.69883
1 0.23470 0.39917 0.23597 0.39882 0.23803 0.39756 0.23905 0.39382 0.23696 0.39174 0.23449 0.38991 0.23159 0.38988 0.22826 0.39235 0.22595 0.39473 0.22617 0.39845 0.22931 0.40018 0.23222 0.40291 0.23395 0.40075 0.23470 0.39917
1 0.08199 0.44935 0.07979 0.44456 0.07773 0.44813 0.08062 0.45858 0.08059 0.46833 0.07694 0.47729 0.07354 0.48418 0.07633 0.48417 0.08149 0.47993 0.08337 0.47598 0.08500 0.46644 0.08410 0.45483 0.08199 0.44935
1 0.47649 0.68458 0.47330 0.68318 0.46836 0.68694 0.46600 0.69337 0.46584 0.69838 0.46812 0.69984 0.47174 0.69860 0.47437 0.69725 0.47790 0.69399 0.47947 0.69216 0.47902 0.68858 0.47649 0.68458
1 0.45748 0.61445 0.45721 0.61207 0.45619 0.60674 0.45540 0.60312 0.45364 0.60105 0.45239 0.60392 0.45278 0.60716 0.45347 0.60976 0.45311 0.61358 0.45316 0.61678 0.45476 0.61748 0.45645 0.61735 0.45748 0.61445
1 0.41868 0.54311 0.42339 0.53502 0.42850 0.52939 0.42982 0.52428 0.42811 0.52306 0.42749 0.52055 0.43196 0.51065 0.43542 0.50132 0.43762 0.48729 0.43810 0.47551 0.43496 0.46159 0.43143 0.45069 0.42708 0.44072 0.42267 0.43880 0.41717 0.44578 0.41293 0.45954 0.41380 0.47706 0.41101 0.50351 0.40624 0.52138 0.39901 0.53512 0.39349 0.54771 0.39460 0.56348 0.40081 0.56563 0.41068 0.55919 0.41868 0.54311
4 0.00000 0.70735 0.02834 0.70317 0.05867 0.69023 0.07942 0.67025 0.10359 0.63303 0.12331 0.58939 0.13554 0.55367 0.13986 0.52382 0.14230 0.49865 0.14001 0.46406 0.12836 0.43128 0.11589 0.39447 0.09926 0.36499 0.06833 0.34551 0.03780 0.33882 0.01549 0.34490 0.00000 0.47106 0.00000 0.70735
