4 0.77030 0.22181 0.76478 0.21358 0.75675 0.21858 0.75144 0.24086 0.74295 0.27322 0.74066 0.30380 0.75090 0.32982 0.75937 0.35341 0.76173 0.37782 0.76410 0.40223 0.76165 0.43942 0.77734 0.44831 0.79366 0.44390 0.80471 0.43685 0.80614 0.40223 0.80367 0.36702 0.80031 0.31133 0.79332 0.27991 0.78627 0.25414 0.77730 0.23114 0.77030 0.22181
4 0.14424 0.45736 0.14714 0.47837 0.15252 0.50073 0.16307 0.52528 0.16903 0.54000 0.18048 0.56436 0.18803 0.57921 0.20157 0.59420 0.21154 0.59537 0.21857 0.59152 0.22249 0.57752 0.22859 0.56636 0.23386 0.55866 0.23802 0.55166 0.22396 0.51798 0.21747 0.49633 0.21246 0.48752 0.20303 0.48153 0.19443 0.47208 0.18513 0.46372 0.17804 0.45253 0.17014 0.44340 0.16224 0.43427 0.15537 0.43149 0.14735 0.43508 0.14099 0.44207 0.14424 0.45736
4 0.20233 0.43985 0.20506 0.45713 0.21122 0.47133 0.21635 0.48810 0.22295 0.50880 0.23250 0.53309 0.23550 0.54280 0.24305 0.55764 0.25406 0.57693 0.26241 0.59113 0.27041 0.60072 0.27733 0.60818 0.28676 0.61417 0.29523 0.61565 0.30304 0.61400 0.31316 0.60996 0.32130 0.60400 0.32425 0.59867 0.32773 0.57960 0.32960 0.57215 0.33164 0.56702 0.32467 0.55487 0.31841 0.54021 0.31377 0.52428 0.30942 0.50969 0.30300 0.49131 0.29640 0.47062 0.29425 0.46638 0.28718 0.46412 0.27953 0.44882 0.26552 0.43158 0.24866 0.41872 0.24105 0.41093 0.23212 0.40437 0.22666 0.40083 0.22078 0.39973 0.21418 0.40113 0.20498 0.41249 0.20020 0.42244 0.20233 0.43985
4 0.78270 0.58866 0.78228 0.58076 0.77302 0.56675 0.76294 0.54586 0.75125 0.52484 0.74105 0.50491 0.73310 0.50143 0.71638 0.50545 0.70904 0.51077 0.72939 0.51350 0.73604 0.52854 0.73915 0.54762 0.74613 0.59080 0.75035 0.61951 0.75384 0.62112 0.76532 0.61022 0.77313 0.59822 0.78270 0.58866
4 0.41547 0.36211 0.41355 0.38555 0.41348 0.40296 0.41423 0.41831 0.41463 0.42904 0.41368 0.43488 0.41678 0.44503 0.42258 0.46495 0.42713 0.48044 0.43159 0.49406 0.43727 0.51636 0.44746 0.53770 0.45405 0.54805 0.46155 0.55680 0.47197 0.56445 0.48580 0.56904 0.50208 0.56887 0.51391 0.56400 0.52984 0.55921 0.54287 0.55409 0.55191 0.54793 0.55872 0.54602 0.56687 0.54005 0.57643 0.53191 0.58278 0.52633 0.58365 0.51863 0.58224 0.49871 0.57897 0.48483 0.57097 0.45457 0.56383 0.42835 0.55735 0.40669 0.54844 0.38696 0.53991 0.37044 0.53306 0.35592 0.52487 0.34543 0.51866 0.33688 0.51453 0.33071 0.50661 0.32299 0.49871 0.32420 0.48928 0.32855 0.47838 0.33040 0.46909 0.33097 0.46161 0.32973 0.45075 0.32734 0.44186 0.32688 0.43556 0.32822 0.43016 0.32937 0.42511 0.33514 0.42278 0.33893 0.41881 0.34682 0.41547 0.36211
4 0.25671 0.69717 0.27310 0.70638 0.29076 0.70827 0.31020 0.71119 0.32270 0.70947 0.33550 0.70769 0.33910 0.70693 0.34070 0.70706 0.33537 0.66870 0.32972 0.66426 0.32007 0.66020 0.31298 0.65043 0.30125 0.64399 0.28623 0.63825 0.27451 0.64215 0.26791 0.65390 0.26169 0.66744 0.25686 0.68163 0.25671 0.69717
4 0.55842 0.38813 0.55785 0.39577 0.55850 0.41068 0.56802 0.43921 0.57288 0.46356 0.57705 0.47725 0.58179 0.49363 0.58668 0.50340 0.59426 0.51543 0.60121 0.52006 0.61309 0.51989 0.62248 0.51977 0.63209 0.51773 0.64201 0.51421 0.65824 0.50794 0.67246 0.50398 0.68550 0.49744 0.69164 0.49238 0.69840 0.48577 0.70215 0.47980 0.70620 0.47377 0.70729 0.46414 0.70759 0.45373 0.70653 0.43844 0.70498 0.42373 0.70175 0.40561 0.69624 0.38704 0.69215 0.37522 0.68671 0.35992 0.68036 0.34482 0.67391 0.32926 0.66714 0.31660 0.66166 0.30555 0.65560 0.29179 0.64625 0.27732 0.63843 0.27006 0.63486 0.26658 0.62752 0.27190 0.61778 0.27773 0.61006 0.28126 0.59623 0.28702 0.58509 0.29221 0.57903 0.29913 0.56839 0.30516 0.55906 0.30996 0.55836 0.31998 0.55949 0.32820 0.55958 0.33899 0.55834 0.35383 0.55847 0.37214 0.55842 0.38813
4 0.40340 0.62416 0.40533 0.65243 0.40846 0.67009 0.41314 0.69213 0.41913 0.71295 0.44223 0.70945 0.45843 0.70742 0.48011 0.70610 0.49740 0.70477 0.51548 0.70422 0.52446 0.70514 0.52517 0.70405 0.52218 0.68259 0.51579 0.66138 0.51266 0.65405 0.50845 0.63426 0.50361 0.61884 0.49648 0.60155 0.49456 0.59397 0.49046 0.58356 0.48454 0.57636 0.47377 0.57441 0.45978 0.57504 0.44427 0.57880 0.43655 0.58233 0.43273 0.58502 0.42693 0.58578 0.41277 0.59443 0.40799 0.60297 0.40370 0.61375 0.40340 0.62416
4 0.60300 0.64660 0.60895 0.67307 0.61495 0.69248 0.63697 0.68686 0.65823 0.67764 0.67989 0.66881 0.69162 0.66349 0.68666 0.63869 0.68486 0.61839 0.68177 0.59649 0.67718 0.57490 0.67498 0.56455 0.67091 0.55131 0.66279 0.53377 0.65511 0.53305 0.64119 0.53695 0.62706 0.54277 0.61033 0.54821 0.59419 0.55493 0.58945 0.55923 0.58795 0.56989 0.59250 0.59572 0.59794 0.62277 0.60300 0.64660
4 0.52017 0.67314 0.52618 0.69255 0.53108 0.70232 0.54785 0.70299 0.56793 0.70154 0.58473 0.69938 0.59911 0.69914 0.61233 0.69492 0.60975 0.68278 0.60448 0.65945 0.59932 0.63516 0.59114 0.60259 0.58629 0.57682 0.57813 0.55317 0.55985 0.55283 0.53456 0.55632 0.52011 0.56362 0.50730 0.56682 0.49856 0.57149 0.49768 0.58061 0.49988 0.60130 0.50578 0.62167 0.51142 0.64821 0.52017 0.67314
4 0.33902 0.64160 0.33818 0.65682 0.33685 0.67121 0.33894 0.69286 0.34160 0.70687 0.35716 0.70920 0.37363 0.70993 0.38389 0.71245 0.39647 0.71260 0.41125 0.71275 0.41913 0.71295 0.41593 0.70376 0.41064 0.68185 0.40723 0.66283 0.40419 0.64561 0.40404 0.64048 0.40222 0.61125 0.39712 0.60199 0.39167 0.59704 0.38462 0.59336 0.37400 0.59656 0.36455 0.60374 0.35689 0.61054 0.34716 0.61496 0.34243 0.61926 0.34033 0.63004 0.33902 0.64160
4 0.29325 0.40266 0.29263 0.42629 0.29270 0.45025 0.29666 0.46445 0.30184 0.48733 0.30612 0.49864 0.31085 0.51644 0.31649 0.53263 0.32103 0.54812 0.32742 0.55898 0.33501 0.56959 0.34155 0.57525 0.34739 0.58059 0.35136 0.58304 0.35566 0.58260 0.36797 0.57998 0.38128 0.57621 0.39760 0.57180 0.40323 0.56873 0.41445 0.56399 0.42390 0.55822 0.43204 0.55226 0.43420 0.54616 0.43628 0.53678 0.43568 0.52657 0.43359 0.51526 0.43258 0.50608 0.42747 0.48648 0.42213 0.47022 0.41536 0.44721 0.41008 0.43564 0.40477 0.42690 0.39678 0.41591 0.39015 0.40980 0.38252 0.40343 0.37141 0.39545 0.35976 0.38194 0.34907 0.37152 0.33985 0.36502 0.33209 0.36103 0.32453 0.35793 0.31254 0.35907 0.30600 0.36375 0.30134 0.37132 0.29672 0.38500 0.29325 0.40266
4 0.71487 0.65479 0.73176 0.64274 0.74658 0.62831 0.75122 0.62356 0.74223 0.57094 0.73873 0.53972 0.73223 0.51948 0.72182 0.51182 0.70625 0.51090 0.68234 0.51504 0.67181 0.52010 0.66565 0.52658 0.66604 0.53872 0.67247 0.55568 0.67931 0.58197 0.68346 0.60741 0.68625 0.62938 0.68973 0.65167 0.69316 0.65894 0.70143 0.66094 0.71487 0.65479
4 0.70701 0.45103 0.71606 0.45522 0.72714 0.45569 0.73803 0.45525 0.74841 0.45540 0.75664 0.45130 0.76069 0.43492 0.76162 0.42156 0.76345 0.39626 0.75976 0.36414 0.75576 0.34383 0.74838 0.32237 0.73851 0.29955 0.72980 0.28072 0.72148 0.26227 0.71744 0.24621 0.71290 0.24106 0.70592 0.23925 0.69542 0.24149 0.68948 0.24604 0.68448 0.25792 0.68437 0.26922 0.68037 0.29029 0.67667 0.30236 0.67330 0.32046 0.67206 0.32496 0.67832 0.33820 0.68555 0.35594 0.69506 0.38447 0.70020 0.40124 0.70405 0.41641 0.70578 0.43343 0.70701 0.45103
