4 0.70512 0.49134 0.70265 0.50340 0.69874 0.51108 0.69275 0.51585 0.69679 0.52513 0.69926 0.53117 0.70393 0.53667 0.70916 0.53915 0.71443 0.54125 0.71889 0.53979 0.72475 0.53848 0.72827 0.53229 0.73329 0.52088 0.73844 0.50139 0.74470 0.47815 0.74992 0.46253 0.75231 0.44890 0.75517 0.43533 0.75595 0.42116 0.75464 0.40407 0.75180 0.38335 0.74585 0.38773 0.73753 0.39649 0.73168 0.40666 0.72505 0.41753 0.72066 0.42747 0.71481 0.43995 0.70818 0.45081 0.70746 0.45999 0.70684 0.47726 0.70512 0.49134
4 0.25988 0.59608 0.26168 0.61527 0.26415 0.62810 0.26897 0.63423 0.27676 0.63585 0.28057 0.63117 0.28745 0.62253 0.29154 0.61360 0.29527 0.60328 0.30137 0.58948 0.30555 0.57493 0.30907 0.55871 0.31296 0.54226 0.31463 0.52799 0.31846 0.51207 0.31726 0.50927 0.31513 0.50584 0.30924 0.50040 0.29845 0.49418 0.29025 0.49011 0.28831 0.49761 0.28422 0.50339 0.27550 0.51371 0.27165 0.51572 0.26623 0.51836 0.26377 0.53388 0.26048 0.55414 0.25897 0.57164 0.25988 0.59608
4 0.55161 0.43667 0.55029 0.44925 0.54943 0.46649 0.54767 0.48326 0.54658 0.50048 0.54482 0.51494 0.54591 0.52276 0.55369 0.53052 0.56250 0.53298 0.57675 0.53371 0.59076 0.53441 0.60431 0.53275 0.62234 0.52925 0.63672 0.52652 0.64092 0.51155 0.64184 0.50279 0.64435 0.48572 0.64555 0.47197 0.64637 0.45742 0.64758 0.43905 0.64781 0.42097 0.64682 0.40083 0.64438 0.38092 0.64259 0.36841 0.64079 0.36051 0.63797 0.35328 0.63487 0.34871 0.63220 0.34458 0.62929 0.34273 0.62141 0.34499 0.60992 0.34763 0.59849 0.35414 0.59403 0.35790 0.58985 0.36363 0.58484 0.37274 0.57674 0.38614 0.56856 0.40262 0.56228 0.41699 0.55631 0.42830 0.55161 0.43667
4 0.64885 0.43379 0.64693 0.45208 0.64679 0.46478 0.64503 0.47924 0.64513 0.48965 0.64846 0.49886 0.65407 0.50677 0.65733 0.50982 0.66343 0.51315 0.67118 0.51666 0.67740 0.51655 0.68484 0.51617 0.69086 0.51565 0.69740 0.51248 0.70084 0.50707 0.70365 0.49850 0.70583 0.48678 0.70748 0.47116 0.70818 0.45081 0.70809 0.43578 0.70855 0.39961 0.70733 0.37944 0.70593 0.37005 0.70409 0.36023 0.69883 0.35351 0.69383 0.35337 0.68824 0.35664 0.68472 0.36282 0.67966 0.37230 0.67552 0.37996 0.67192 0.38921 0.66710 0.39872 0.65979 0.41375 0.65185 0.42794 0.64885 0.43379
4 0.74119 0.54791 0.74812 0.54787 0.75811 0.53004 0.76330 0.51017 0.76681 0.48818 0.76940 0.46804 0.77097 0.45087 0.76866 0.44099 0.76713 0.41925 0.76046 0.42819 0.75442 0.44026 0.75104 0.45648 0.74581 0.47442 0.74153 0.49015 0.73772 0.50593 0.73218 0.52462 0.72744 0.53568 0.73187 0.54577 0.74119 0.54791
4 0.45925 0.58279 0.45786 0.59442 0.45857 0.61135 0.45825 0.62229 0.45858 0.63490 0.46033 0.64819 0.46127 0.65979 0.46443 0.66601 0.46948 0.67163 0.47592 0.67659 0.48045 0.67920 0.48608 0.67926 0.49274 0.67434 0.49945 0.66407 0.50454 0.64722 0.50952 0.63142 0.51578 0.61602 0.51910 0.60647 0.52248 0.59800 0.52430 0.59017 0.52513 0.58383 0.52725 0.57630 0.52940 0.56528 0.52993 0.56025 0.53016 0.55493 0.53182 0.54386 0.53260 0.53645 0.53268 0.53406 0.53096 0.53147 0.52763 0.53165 0.51703 0.53000 0.51134 0.52887 0.50142 0.52702 0.49197 0.52549 0.47869 0.52249 0.47063 0.52031 0.46830 0.52033 0.46619 0.52466 0.46437 0.53249 0.46303 0.54680 0.46113 0.55864 0.46039 0.57034 0.45925 0.58279
4 0.71576 0.65582 0.71993 0.66165 0.72385 0.64934 0.72688 0.62732 0.72990 0.60991 0.72949 0.59792 0.72987 0.58062 0.72860 0.56777 0.72763 0.55650 0.72689 0.55219 0.72353 0.54104 0.71644 0.54261 0.70861 0.54217 0.70588 0.54536 0.70712 0.56090 0.70568 0.57461 0.70474 0.59031 0.70423 0.61107 0.70739 0.62643 0.71240 0.64236 0.71576 0.65582
4 0.26512 0.51829 0.27359 0.51494 0.27955 0.50825 0.28831 0.49761 0.29293 0.48539 0.29653 0.47844 0.29768 0.47201 0.29742 0.44501 0.29748 0.43537 0.28655 0.42576 0.28328 0.42272 0.27850 0.41143 0.27067 0.38595 0.26213 0.38544 0.25201 0.38862 0.24676 0.40000 0.24564 0.42647 0.24612 0.44695 0.24669 0.45972 0.24909 0.48000 0.25123 0.49603 0.25498 0.50798 0.26512 0.51829
4 0.53178 0.61209 0.53399 0.62570 0.53397 0.63854 0.53469 0.65066 0.53742 0.66405 0.54380 0.67436 0.55134 0.67675 0.55834 0.67481 0.56499 0.66990 0.57127 0.65905 0.57455 0.64521 0.57915 0.62670 0.58340 0.60842 0.58844 0.58727 0.59144 0.57448 0.59423 0.55899 0.59718 0.54351 0.59867 0.53724 0.59782 0.53582 0.58574 0.53562 0.57634 0.53516 0.57196 0.53417 0.56516 0.53425 0.55117 0.53172 0.54381 0.53068 0.53884 0.53069 0.53638 0.53204 0.53450 0.54040 0.53353 0.55127 0.53178 0.56473 0.53011 0.58221 0.52870 0.58929 0.52947 0.59927 0.53178 0.61209
4 0.59660 0.56970 0.59260 0.58508 0.59251 0.59046 0.59525 0.60077 0.59755 0.61295 0.60027 0.63019 0.60088 0.64259 0.60342 0.65480 0.60615 0.66510 0.60945 0.67238 0.61609 0.67732 0.62424 0.67933 0.63338 0.67644 0.63575 0.66975 0.63900 0.65699 0.64222 0.64000 0.64510 0.61718 0.65021 0.59344 0.65477 0.57736 0.65795 0.55842 0.66035 0.54250 0.66084 0.52868 0.65936 0.52004 0.65634 0.51241 0.65245 0.51315 0.64658 0.51446 0.64035 0.51689 0.63860 0.52672 0.63380 0.52699 0.62659 0.52970 0.61427 0.53110 0.60950 0.53330 0.60765 0.53734 0.60452 0.54433 0.59918 0.55649 0.59660 0.56970
4 0.22521 0.51872 0.23004 0.52501 0.23635 0.51951 0.24210 0.51241 0.24771 0.50452 0.25087 0.49946 0.24807 0.47605 0.24473 0.45566 0.23578 0.43854 0.22822 0.42194 0.22154 0.41277 0.20964 0.41922 0.20823 0.43487 0.20858 0.45880 0.21279 0.48467 0.21625 0.50622 0.21951 0.51388 0.22521 0.51872
4 0.24163 0.59149 0.24918 0.57810 0.25453 0.56663 0.26052 0.54585 0.26298 0.53033 0.26377 0.51810 0.25788 0.51266 0.25414 0.50879 0.24990 0.50648 0.24583 0.50738 0.24016 0.51562 0.23454 0.52172 0.22658 0.52810 0.22193 0.54073 0.21997 0.54988 0.21785 0.56224 0.21692 0.57739 0.21753 0.58896 0.21994 0.60072 0.22295 0.60986 0.22565 0.61416 0.23223 0.60522 0.24163 0.59149
4 0.31648 0.52765 0.31529 0.54064 0.31425 0.55524 0.31357 0.58059 0.31350 0.59396 0.31247 0.61633 0.31321 0.63299 0.31548 0.64447 0.31880 0.65231 0.32451 0.65639 0.33022 0.65887 0.33501 0.65428 0.34339 0.64553 0.34717 0.64111 0.35011 0.63366 0.35603 0.62305 0.35980 0.60927 0.36527 0.59673 0.37057 0.58257 0.37400 0.57196 0.37531 0.56113 0.37703 0.54632 0.37853 0.53043 0.37872 0.51921 0.37641 0.51121 0.37295 0.50309 0.36690 0.49442 0.35942 0.49150 0.35153 0.50030 0.35035 0.50044 0.34531 0.50419 0.33861 0.50643 0.32951 0.50628 0.32672 0.50599 0.32255 0.50314 0.31810 0.51391 0.31648 0.52765
4 0.38130 0.53098 0.38103 0.53979 0.38062 0.55634 0.38077 0.56598 0.38161 0.58319 0.38260 0.59588 0.38499 0.61726 0.38574 0.63072 0.38602 0.64225 0.39157 0.65568 0.39711 0.66135 0.40380 0.66392 0.41436 0.66289 0.42283 0.66271 0.42609 0.65690 0.43109 0.64565 0.43537 0.63326 0.43758 0.62172 0.43957 0.61229 0.44229 0.60215 0.44697 0.58765 0.44871 0.57901 0.44948 0.56999 0.45013 0.55909 0.45106 0.54555 0.45209 0.53575 0.45213 0.52906 0.45015 0.52110 0.45142 0.51534 0.44836 0.51288 0.44170 0.50844 0.43511 0.50641 0.42776 0.50376 0.42107 0.50887 0.41873 0.50923 0.41002 0.50698 0.40212 0.50481 0.39868 0.50445 0.39522 0.50730 0.39128 0.51170 0.38241 0.51719 0.38130 0.53098
4 0.44538 0.42743 0.44281 0.43602 0.44030 0.45078 0.43804 0.46326 0.43529 0.48031 0.43514 0.49532 0.43674 0.50281 0.43922 0.50654 0.44551 0.51028 0.45302 0.51377 0.46070 0.51573 0.46777 0.51879 0.47513 0.52148 0.48209 0.52337 0.49020 0.52577 0.49894 0.52669 0.50649 0.52748 0.51487 0.52951 0.52050 0.53049 0.52637 0.53150 0.53227 0.53212 0.53881 0.52895 0.54122 0.52188 0.54352 0.51596 0.54598 0.50389 0.54632 0.49159 0.54689 0.47933 0.54819 0.45789 0.54936 0.44221 0.55016 0.43228 0.55000 0.41570 0.54817 0.40125 0.54598 0.39254 0.54419 0.38233 0.54133 0.37317 0.53875 0.36597 0.53546 0.35868 0.53248 0.35067 0.53021 0.34503 0.52636 0.34077 0.52278 0.33616 0.51850 0.33379 0.51038 0.33370 0.50172 0.33433 0.49117 0.33708 0.48474 0.34372 0.47654 0.35133 0.46904 0.36365 0.46623 0.37221 0.46137 0.38210 0.45362 0.40133 0.44954 0.41516 0.44538 0.42743
4 0.29794 0.45817 0.29917 0.47602 0.30152 0.48321 0.30435 0.48812 0.30891 0.49014 0.31221 0.49049 0.31414 0.49031 0.31646 0.49325 0.32011 0.49941 0.32522 0.50535 0.33136 0.50599 0.33466 0.50634 0.34266 0.50525 0.34833 0.50122 0.35341 0.49829 0.35673 0.49402 0.36071 0.49020 0.36352 0.48625 0.36635 0.48424 0.36258 0.47922 0.35971 0.47699 0.35831 0.46760 0.35752 0.45249 0.35903 0.44032 0.36126 0.42822 0.36384 0.41732 0.36471 0.41125 0.36193 0.40363 0.35272 0.38455 0.34605 0.36845 0.33840 0.35493 0.33538 0.34729 0.32279 0.34674 0.31684 0.34650 0.31314 0.34765 0.30781 0.35518 0.30473 0.36410 0.30439 0.37640 0.30216 0.38849 0.30088 0.40300 0.29952 0.41595 0.29762 0.43849 0.29794 0.45817
4 0.67739 0.67105 0.68391 0.67944 0.68773 0.68176 0.69170 0.66215 0.69529 0.63709 0.70083 0.61841 0.70381 0.60370 0.70464 0.57990 0.70685 0.55432 0.70479 0.54216 0.70015 0.53627 0.69442 0.52720 0.68601 0.52323 0.68179 0.52471 0.67425 0.53510 0.66624 0.54774 0.65952 0.56398 0.65477 0.57736 0.65586 0.60560 0.66376 0.63263 0.67014 0.65372 0.67739 0.67105
4 0.36221 0.42370 0.35971 0.43615 0.35835 0.44910 0.35793 0.46216 0.35933 0.47387 0.35971 0.47699 0.37182 0.48905 0.37731 0.49811 0.38640 0.50021 0.39139 0.50267 0.39513 0.50345 0.39753 0.50332 0.40556 0.50647 0.41567 0.50792 0.42107 0.50887 0.42619 0.50325 0.42998 0.49902 0.43361 0.49401 0.43563 0.48844 0.43605 0.47538 0.43716 0.46933 0.43966 0.45688 0.44213 0.44019 0.44357 0.42647 0.44342 0.42337 0.43747 0.40733 0.43603 0.39601 0.43250 0.38639 0.42895 0.37484 0.42217 0.35756 0.41735 0.34434 0.40582 0.34044 0.39826 0.34196 0.39380 0.34572 0.38709 0.35735 0.38313 0.36772 0.37571 0.38389 0.37298 0.39169 0.36791 0.40812 0.36221 0.42370
