4 0.70438 0.48061 0.70255 0.49279 0.69905 0.50067 0.69332 0.50574 0.69784 0.51480 0.70062 0.52070 0.70557 0.52595 0.71093 0.52815 0.71630 0.52997 0.72067 0.52828 0.72646 0.52666 0.72965 0.52030 0.73406 0.50864 0.73819 0.48891 0.74322 0.46538 0.74762 0.44950 0.74929 0.43577 0.75144 0.42207 0.75147 0.40787 0.74927 0.39087 0.74535 0.37033 0.73964 0.37502 0.73178 0.38420 0.72648 0.39467 0.72042 0.40586 0.71657 0.41602 0.71138 0.42879 0.70532 0.43999 0.70508 0.44918 0.70536 0.46646 0.70438 0.48061
4 0.26524 0.60852 0.26804 0.62759 0.27117 0.64027 0.27632 0.64614 0.28418 0.64735 0.28774 0.64248 0.29415 0.63349 0.29777 0.62435 0.30096 0.61386 0.30632 0.59975 0.30974 0.58500 0.31241 0.56863 0.31543 0.55199 0.31635 0.53765 0.31934 0.52156 0.31799 0.51882 0.31569 0.51550 0.30952 0.51038 0.29842 0.50474 0.29003 0.50110 0.28847 0.50870 0.28469 0.51468 0.27653 0.52545 0.27278 0.52765 0.26751 0.53057 0.26587 0.54620 0.26364 0.56660 0.26305 0.58416 0.26524 0.60852
4 0.54823 0.43406 0.54757 0.44668 0.54761 0.46395 0.54673 0.48079 0.54654 0.49805 0.54554 0.51257 0.54704 0.52033 0.55521 0.52766 0.56414 0.52967 0.57841 0.52965 0.59244 0.52962 0.60588 0.52725 0.62370 0.52281 0.63792 0.51933 0.64133 0.50416 0.64179 0.49536 0.64340 0.47818 0.64389 0.46440 0.64394 0.44982 0.64419 0.43141 0.64347 0.41334 0.64143 0.39328 0.63795 0.37353 0.63551 0.36112 0.63330 0.35333 0.63010 0.34626 0.62677 0.34186 0.62389 0.33788 0.62088 0.33618 0.61313 0.33884 0.60179 0.34209 0.59072 0.34918 0.58647 0.35318 0.58259 0.35912 0.57806 0.36847 0.57068 0.38228 0.56337 0.39916 0.55785 0.41384 0.55248 0.42546 0.54823 0.43406
4 0.64518 0.42609 0.64422 0.44446 0.64474 0.45715 0.64374 0.47168 0.64439 0.48207 0.64820 0.49110 0.65422 0.49870 0.65763 0.50157 0.66390 0.50458 0.67181 0.50768 0.67802 0.50724 0.68543 0.50648 0.69142 0.50564 0.69778 0.50213 0.70093 0.49654 0.70329 0.48784 0.70486 0.47603 0.70568 0.46034 0.70532 0.43999 0.70445 0.42497 0.70301 0.38883 0.70073 0.36876 0.69884 0.35945 0.69650 0.34974 0.69089 0.34330 0.68589 0.34343 0.68048 0.34698 0.67729 0.35334 0.67273 0.36307 0.66900 0.37094 0.66589 0.38037 0.66157 0.39012 0.65506 0.40551 0.64787 0.42009 0.64518 0.42609
4 0.74337 0.53522 0.75029 0.53482 0.75933 0.51649 0.76347 0.49637 0.76582 0.47424 0.76736 0.45398 0.76803 0.43675 0.76521 0.42701 0.76254 0.40538 0.75634 0.41465 0.75094 0.42703 0.74842 0.44340 0.74413 0.46159 0.74069 0.47753 0.73771 0.49348 0.73315 0.51243 0.72899 0.52372 0.73394 0.53358 0.74337 0.53522
4 0.46364 0.58481 0.46286 0.59650 0.46445 0.61337 0.46470 0.62430 0.46570 0.63688 0.46815 0.65006 0.46968 0.66160 0.47317 0.66765 0.47850 0.67299 0.48519 0.67760 0.48986 0.67998 0.49548 0.67974 0.50187 0.67448 0.50804 0.66388 0.51224 0.64678 0.51638 0.63074 0.52183 0.61504 0.52465 0.60533 0.52758 0.59669 0.52898 0.58877 0.52948 0.58240 0.53120 0.57477 0.53277 0.56366 0.53304 0.55860 0.53299 0.55327 0.53407 0.54214 0.53446 0.53470 0.53442 0.53230 0.53257 0.52980 0.52925 0.53016 0.51857 0.52907 0.51284 0.52823 0.50283 0.52691 0.49331 0.52588 0.47989 0.52358 0.47173 0.52182 0.46941 0.52196 0.46753 0.52640 0.46612 0.53431 0.46553 0.54867 0.46425 0.56060 0.46413 0.57231 0.46364 0.58481
4 0.72362 0.64431 0.72808 0.64991 0.73135 0.63742 0.73323 0.61527 0.73534 0.59773 0.73430 0.58578 0.73378 0.56848 0.73183 0.55572 0.73028 0.54451 0.72931 0.54024 0.72537 0.52929 0.71837 0.53123 0.71053 0.53120 0.70798 0.53452 0.71002 0.54997 0.70930 0.56375 0.70919 0.57947 0.70976 0.60023 0.71372 0.61540 0.71956 0.63105 0.72362 0.64431
4 0.26640 0.53056 0.27468 0.52677 0.28028 0.51978 0.28847 0.50870 0.29245 0.49624 0.29568 0.48912 0.29649 0.48264 0.29482 0.45569 0.29438 0.44606 0.28296 0.43703 0.27954 0.43417 0.27417 0.42315 0.26502 0.39811 0.25646 0.39805 0.24652 0.40175 0.24187 0.41339 0.24214 0.43988 0.24369 0.46031 0.24493 0.47303 0.24839 0.49316 0.25136 0.50905 0.25574 0.52080 0.26640 0.53056
4 0.53760 0.61027 0.54052 0.62375 0.54117 0.63657 0.54253 0.64863 0.54596 0.66187 0.55287 0.67183 0.56052 0.67382 0.56741 0.67152 0.57380 0.66626 0.57950 0.65510 0.58205 0.64111 0.58567 0.62238 0.58895 0.60390 0.59288 0.58252 0.59521 0.56959 0.59719 0.55397 0.59932 0.53836 0.60048 0.53203 0.59956 0.53065 0.58749 0.53108 0.57807 0.53112 0.57365 0.53036 0.56686 0.53080 0.55275 0.52900 0.54536 0.52834 0.54039 0.52861 0.53800 0.53009 0.53657 0.53854 0.53616 0.54944 0.53512 0.56298 0.53437 0.58052 0.53333 0.58766 0.53463 0.59759 0.53760 0.61027
4 0.60012 0.56455 0.59692 0.58011 0.59712 0.58550 0.60039 0.59565 0.60333 0.60770 0.60695 0.62476 0.60820 0.63711 0.61138 0.64917 0.61465 0.65932 0.61832 0.66642 0.62521 0.67100 0.63345 0.67258 0.64243 0.66922 0.64445 0.66242 0.64702 0.64950 0.64935 0.63236 0.65103 0.60942 0.65490 0.58545 0.65861 0.56915 0.66080 0.55008 0.66235 0.53405 0.66212 0.52022 0.66019 0.51167 0.65678 0.50421 0.65293 0.50516 0.64713 0.50677 0.64105 0.50952 0.63981 0.51943 0.63503 0.51995 0.62797 0.52303 0.61574 0.52508 0.61110 0.52752 0.60945 0.53165 0.60670 0.53880 0.60200 0.55122 0.60012 0.56455
4 0.22656 0.53307 0.23171 0.53910 0.23773 0.53328 0.24311 0.52589 0.24829 0.51772 0.25118 0.51250 0.24717 0.48926 0.24276 0.46908 0.23293 0.45245 0.22450 0.43628 0.21735 0.42746 0.20581 0.43453 0.20522 0.45023 0.20683 0.47411 0.21238 0.49972 0.21697 0.52106 0.22062 0.52855 0.22656 0.53307
4 0.24677 0.60489 0.25361 0.59112 0.25835 0.57938 0.26325 0.55832 0.26490 0.54269 0.26504 0.53044 0.25887 0.52532 0.25493 0.52165 0.25059 0.51956 0.24656 0.52067 0.24133 0.52919 0.23604 0.53558 0.22842 0.54237 0.22445 0.55522 0.22297 0.56447 0.22149 0.57692 0.22136 0.59210 0.22257 0.60362 0.22559 0.61523 0.22908 0.62421 0.23200 0.62836 0.23810 0.61909 0.24677 0.60489
4 0.31818 0.53722 0.31767 0.55025 0.31740 0.56489 0.31805 0.59024 0.31867 0.60359 0.31882 0.62598 0.32042 0.64259 0.32330 0.65393 0.32702 0.66158 0.33294 0.66536 0.33877 0.66753 0.34331 0.66270 0.35122 0.65353 0.35477 0.64892 0.35731 0.64132 0.36267 0.63041 0.36572 0.61645 0.37051 0.60365 0.37507 0.58923 0.37794 0.57846 0.37868 0.56757 0.37962 0.55270 0.38029 0.53674 0.37989 0.52553 0.37717 0.51766 0.37329 0.50973 0.36679 0.50140 0.35916 0.49886 0.35175 0.50807 0.35058 0.50827 0.34575 0.51228 0.33917 0.51487 0.33007 0.51519 0.32727 0.51505 0.32295 0.51242 0.31907 0.52341 0.31818 0.53722
4 0.38308 0.53715 0.38328 0.54596 0.38373 0.56251 0.38439 0.57213 0.38613 0.58927 0.38778 0.60189 0.39129 0.62312 0.39273 0.63652 0.39362 0.64802 0.39987 0.66114 0.40569 0.66651 0.41251 0.66873 0.42300 0.66715 0.43145 0.66653 0.43440 0.66055 0.43880 0.64906 0.44244 0.63646 0.44404 0.62482 0.44553 0.61530 0.44772 0.60503 0.45163 0.59031 0.45291 0.58158 0.45322 0.57254 0.45330 0.56162 0.45351 0.54804 0.45403 0.53821 0.45372 0.53153 0.45132 0.52368 0.45229 0.51787 0.44910 0.51557 0.44222 0.51148 0.43554 0.50979 0.42806 0.50754 0.42164 0.51299 0.41933 0.51348 0.41050 0.51168 0.40250 0.50993 0.39905 0.50975 0.39575 0.51277 0.39204 0.51737 0.38348 0.52332 0.38308 0.53715
4 0.44166 0.43039 0.43954 0.43910 0.43781 0.45397 0.43620 0.46656 0.43435 0.48373 0.43499 0.49873 0.43698 0.50612 0.43964 0.50971 0.44612 0.51312 0.45380 0.51621 0.46157 0.51777 0.46880 0.52045 0.47629 0.52276 0.48334 0.52428 0.49156 0.52625 0.50033 0.52671 0.50792 0.52710 0.51640 0.52870 0.52207 0.52938 0.52798 0.53007 0.53390 0.53038 0.54027 0.52688 0.54231 0.51970 0.54429 0.51366 0.54612 0.50148 0.54581 0.48918 0.54574 0.47690 0.54592 0.45542 0.54627 0.43971 0.54655 0.42975 0.54552 0.41320 0.54294 0.39886 0.54030 0.39028 0.53797 0.38018 0.53464 0.37118 0.53168 0.36412 0.52801 0.35702 0.52462 0.34917 0.52205 0.34366 0.51799 0.33961 0.51418 0.33520 0.50977 0.33305 0.50167 0.33339 0.49305 0.33447 0.48265 0.33776 0.47658 0.34474 0.46879 0.35277 0.46194 0.36545 0.45959 0.37416 0.45525 0.38429 0.44852 0.40389 0.44517 0.41791 0.44166 0.43039
4 0.29603 0.46880 0.29819 0.48657 0.30091 0.49362 0.30399 0.49838 0.30865 0.50016 0.31197 0.50033 0.31389 0.50005 0.31636 0.50287 0.32033 0.50883 0.32574 0.51449 0.33190 0.51481 0.33522 0.51498 0.34315 0.51348 0.34860 0.50916 0.35352 0.50597 0.35661 0.50152 0.36039 0.49750 0.36298 0.49341 0.36571 0.49126 0.36168 0.48644 0.35870 0.48436 0.35681 0.47506 0.35522 0.46001 0.35610 0.44778 0.35769 0.43558 0.35970 0.42456 0.36025 0.41845 0.35708 0.41099 0.34687 0.39242 0.33938 0.37668 0.33103 0.36358 0.32762 0.35611 0.31501 0.35622 0.30906 0.35629 0.30542 0.35764 0.30050 0.36543 0.29788 0.37451 0.29819 0.38680 0.29660 0.39900 0.29607 0.41355 0.29539 0.42656 0.29468 0.44916 0.29603 0.46880
4 0.68610 0.66153 0.69305 0.66957 0.69698 0.67169 0.69993 0.65190 0.70220 0.62668 0.70675 0.60774 0.70896 0.59289 0.70854 0.56908 0.70941 0.54342 0.70672 0.53138 0.70178 0.52575 0.69558 0.51698 0.68697 0.51346 0.68283 0.51516 0.67585 0.52593 0.66851 0.53897 0.66265 0.55555 0.65861 0.56915 0.66117 0.59729 0.67048 0.62388 0.67795 0.64460 0.68610 0.66153
4 0.35841 0.43102 0.35656 0.44358 0.35588 0.45659 0.35614 0.46965 0.35815 0.48126 0.35870 0.48436 0.37142 0.49577 0.37738 0.50453 0.38657 0.50616 0.39168 0.50835 0.39546 0.50893 0.39785 0.50867 0.40603 0.51140 0.41620 0.51232 0.42164 0.51299 0.42646 0.50710 0.43002 0.50268 0.43339 0.49749 0.43511 0.49182 0.43485 0.47876 0.43564 0.47266 0.43749 0.46010 0.43908 0.44330 0.43980 0.42953 0.43949 0.42644 0.43270 0.41073 0.43068 0.39950 0.42665 0.39008 0.42249 0.37873 0.41482 0.36183 0.40931 0.34888 0.39760 0.34558 0.39013 0.34750 0.38587 0.35149 0.37978 0.36345 0.37637 0.37402 0.36980 0.39056 0.36748 0.39849 0.36328 0.41515 0.35841 0.43102
