1 0.56358 0.33277 0.55499 0.33951 0.55643 0.34319 0.56512 0.34271 0.57538 0.34998 0.58037 0.34818 0.58103 0.34539 0.57599 0.34148 0.57279 0.33821 0.56768 0.33349 0.56358 0.33277
2 0.54873 0.56244 0.57848 0.53995 0.61663 0.53661 0.66295 0.56063 0.70008 0.57844 0.73469 0.58946 0.76698 0.57377 0.79877 0.54173 0.80227 0.51568 0.78344 0.47638 0.77901 0.44753 0.68400 0.40553 0.65164 0.38731 0.61699 0.35904 0.58948 0.34712 0.57079 0.33120 0.54940 0.32839 0.54955 0.34124 0.55309 0.35965 0.53673 0.37044 0.50651 0.38703 0.50172 0.42024 0.48636 0.46493 0.48133 0.50632 0.50814 0.56015 0.54873 0.56244
1 0.13381 0.30800 0.13198 0.31795 0.12945 0.32569 0.12999 0.33185 0.13200 0.33952 0.13436 0.33898 0.13541 0.33268 0.13457 0.32917 0.13559 0.32222 0.13626 0.31465 0.13381 0.30800
1 0.61571 0.16043 0.60503 0.17969 0.60575 0.19233 0.61271 0.19689 0.61465 0.20564 0.61832 0.21239 0.62567 0.20374 0.62542 0.19201 0.61920 0.18268 0.61979 0.17182 0.61571 0.16043
4 0.02947 0.37388 0.09458 0.52494 0.21660 0.71084 0.32170 0.82448 0.44054 0.89714 0.49710 0.90624 0.51826 0.88450 0.59212 0.88272 0.63538 0.84969 0.71220 0.79382 0.75655 0.75133 0.79324 0.68728 0.83304 0.61478 0.83923 0.57563 0.83201 0.52595 0.80633 0.47438 0.78769 0.44793 0.74960 0.43021 0.70560 0.41067 0.64848 0.38406 0.60582 0.34801 0.57804 0.31542 0.51914 0.30184 0.47538 0.27410 0.42669 0.24436 0.40306 0.21601 0.38472 0.16028 0.37606 0.12711 0.34487 0.13334 0.31250 0.14788 0.25163 0.13331 0.21850 0.15026 0.16202 0.20784 0.12857 0.25405 0.09826 0.28128 0.07444 0.30560 0.04430 0.34566 0.02947 0.37388
1 0.13792 0.39190 0.13745 0.38964 0.13464 0.38500 0.13324 0.39980 0.13240 0.41164 0.13432 0.42746 0.13516 0.44013 0.13824 0.44149 0.13901 0.43195 0.13750 0.41771 0.13387 0.41314 0.13978 0.40707 0.13792 0.39190
1 0.53778 0.82201 0.54653 0.83198 0.55425 0.83016 0.53931 0.80779 0.51928 0.76947 0.49898 0.73345 0.48256 0.71005 0.51225 0.77403 0.53778 0.82201
1 0.44761 0.58617 0.44116 0.60254 0.44426 0.61692 0.45709 0.63103 0.46485 0.64558 0.47033 0.66034 0.47989 0.68489 0.47582 0.64915 0.47089 0.62983 0.45755 0.60448 0.44761 0.58617
4 0.49877 0.00000 0.37829 0.00992 0.37198 0.08068 0.38289 0.13938 0.40707 0.21800 0.43904 0.25381 0.50260 0.28803 0.53802 0.30833 0.57604 0.31435 0.62852 0.36475 0.68084 0.40228 0.76528 0.43352 0.81607 0.42087 0.84348 0.40445 0.87092 0.37747 0.87661 0.29976 0.87604 0.17229 0.86762 0.09815 0.84530 0.00767 0.84254 0.00000 0.49877 0.00000
1 0.54381 0.43362 0.54790 0.43269 0.54945 0.42915 0.54836 0.42192 0.54105 0.41804 0.53623 0.42127 0.52868 0.43042 0.52022 0.43454 0.51700 0.44555 0.52315 0.45746 0.52690 0.46843 0.53855 0.46910 0.53850 0.45780 0.53588 0.44390 0.54381 0.43362
