4 0.63258 0.41551 0.62633 0.40926 0.61780 0.41410 0.61966 0.41353 0.61548 0.41860 0.60929 0.41124 0.60660 0.40995 0.58925 0.41611 0.57195 0.42951 0.56752 0.44692 0.58986 0.52277 0.63201 0.54872 0.64851 0.56804 0.66172 0.53126 0.66415 0.49050 0.65613 0.44962 0.64554 0.42990 0.63843 0.41994 0.63258 0.41551
4 0.83445 0.48077 0.83213 0.47070 0.82631 0.45853 0.82297 0.45448 0.81927 0.45147 0.81318 0.45383 0.80761 0.45320 0.80065 0.44133 0.79179 0.43951 0.79601 0.45780 0.80042 0.46643 0.80899 0.49048 0.82063 0.51479 0.82403 0.52173 0.84226 0.52235 0.84360 0.52300 0.84817 0.52194 0.84118 0.49944 0.83445 0.48077
4 0.35850 0.62309 0.34676 0.58964 0.34575 0.56575 0.33403 0.54759 0.32199 0.53672 0.30848 0.53258 0.29184 0.52356 0.28763 0.53579 0.28211 0.54671 0.28655 0.61158 0.29429 0.64513 0.29940 0.66725 0.30441 0.68460 0.31959 0.70035 0.33202 0.68462 0.34652 0.66040 0.35188 0.64230 0.35722 0.63060 0.35850 0.62309
4 0.13723 0.49104 0.15173 0.48441 0.15602 0.48342 0.14860 0.47952 0.13375 0.48052 0.11665 0.48690 0.11007 0.49324 0.09974 0.50285 0.09870 0.50709 0.09942 0.54712 0.10646 0.57762 0.11322 0.60257 0.11903 0.59079 0.12501 0.58620 0.12598 0.56428 0.12667 0.53679 0.12827 0.52198 0.13221 0.51303 0.13723 0.49104
1 0.15481 0.34046 0.15250 0.33686 0.13458 0.33326 0.11912 0.33156 0.10942 0.32788 0.10414 0.32910 0.09333 0.33988 0.08458 0.34840 0.06894 0.35909 0.06060 0.38055 0.06244 0.39490 0.06776 0.40195 0.07983 0.39975 0.09101 0.39539 0.10380 0.39480 0.11529 0.38859 0.13324 0.37189 0.13728 0.36698 0.14611 0.35725 0.15481 0.34046
1 0.91358 0.49880 0.91340 0.49337 0.91135 0.49008 0.90805 0.48502 0.90062 0.48435 0.89649 0.48496 0.89139 0.48511 0.89176 0.48947 0.89643 0.49489 0.90238 0.49660 0.90728 0.50299 0.91133 0.50479 0.91278 0.50275 0.91358 0.49880
1 0.88657 0.44914 0.87682 0.43247 0.86767 0.42333 0.85947 0.41814 0.84487 0.40615 0.83640 0.41105 0.82800 0.40827 0.82549 0.43898 0.82528 0.44615 0.83856 0.46197 0.85018 0.46756 0.85507 0.45993 0.86948 0.46311 0.87932 0.47209 0.88012 0.47721 0.88495 0.46131 0.88657 0.44914
1 0.80236 0.28740 0.80574 0.28868 0.80776 0.28410 0.80477 0.27781 0.80310 0.27615 0.79897 0.27382 0.79735 0.27460 0.80004 0.28178 0.80236 0.28740
1 0.74607 0.28808 0.75295 0.27787 0.75912 0.28014 0.76228 0.28270 0.76600 0.28102 0.76799 0.27522 0.76514 0.27177 0.76126 0.26939 0.75761 0.26694 0.75653 0.26227 0.75159 0.25643 0.74116 0.25678 0.72882 0.26004 0.71889 0.26480 0.71255 0.26955 0.71148 0.27718 0.71874 0.28084 0.73053 0.27853 0.73562 0.28392 0.74046 0.29266 0.74607 0.28808
1 0.81563 0.19827 0.80819 0.20306 0.80264 0.20776 0.80182 0.21069 0.80154 0.21965 0.80559 0.22795 0.81577 0.22389 0.82247 0.22234 0.83314 0.22501 0.84407 0.22420 0.84701 0.20915 0.84400 0.19240 0.83699 0.18615 0.82774 0.19239 0.81563 0.19827
4 0.33953 0.54492 0.34514 0.54328 0.34802 0.53122 0.35452 0.52555 0.36042 0.51724 0.36445 0.51217 0.36983 0.50535 0.37117 0.50367 0.37091 0.49125 0.37244 0.43397 0.37000 0.42341 0.36666 0.40893 0.36083 0.39498 0.35297 0.37596 0.34662 0.36354 0.33843 0.35435 0.33167 0.34756 0.32889 0.34683 0.31687 0.33989 0.31328 0.33932 0.30420 0.34141 0.29184 0.34427 0.28037 0.36218 0.27180 0.40028 0.27357 0.43042 0.27808 0.46130 0.28387 0.48634 0.29079 0.51252 0.29854 0.52739 0.31386 0.53357 0.31993 0.53353 0.33195 0.54051 0.33953 0.54492
4 0.57902 0.56896 0.58417 0.54126 0.58775 0.52196 0.56820 0.45254 0.56042 0.44712 0.55994 0.44723 0.55654 0.44559 0.54583 0.44484 0.54250 0.44561 0.53833 0.44497 0.53023 0.44684 0.52437 0.44980 0.51978 0.45168 0.51013 0.45552 0.50228 0.45411 0.49000 0.47060 0.48894 0.47245 0.49172 0.49110 0.49937 0.51985 0.50892 0.54819 0.53311 0.58117 0.54921 0.59432 0.56818 0.60037 0.57671 0.59600 0.57902 0.56896
4 0.27479 0.56287 0.26881 0.56747 0.26633 0.56965 0.26382 0.57184 0.25940 0.57447 0.25201 0.57295 0.24893 0.57045 0.24617 0.57591 0.24690 0.60304 0.25194 0.62921 0.25652 0.63377 0.27233 0.62611 0.27990 0.61550 0.28193 0.59817 0.28221 0.58846 0.28255 0.57473 0.28069 0.54704 0.27479 0.56287
4 0.77362 0.57483 0.76918 0.55561 0.75913 0.52515 0.74592 0.48096 0.74380 0.47180 0.72491 0.43952 0.72008 0.42907 0.69064 0.40057 0.68273 0.39316 0.67504 0.39596 0.66265 0.42304 0.65814 0.44529 0.66337 0.47323 0.67234 0.49818 0.68295 0.50319 0.70368 0.52253 0.73637 0.56222 0.75426 0.59278 0.77393 0.58923 0.77362 0.57483
4 0.20393 0.54307 0.20444 0.53009 0.20777 0.52050 0.21060 0.51098 0.20948 0.50402 0.20552 0.49772 0.20313 0.49827 0.19843 0.49532 0.19488 0.49292 0.18839 0.48881 0.18453 0.48727 0.17411 0.48567 0.16725 0.48644 0.16493 0.48940 0.15752 0.50076 0.15129 0.54558 0.14489 0.60490 0.15310 0.62952 0.16677 0.64966 0.20093 0.64099 0.21331 0.62284 0.21349 0.60836 0.20901 0.59332 0.20261 0.56346 0.20393 0.54307
4 0.43867 0.57885 0.43708 0.57200 0.41440 0.51939 0.41157 0.51361 0.40500 0.51352 0.38829 0.50855 0.38306 0.50332 0.37478 0.50441 0.36817 0.50837 0.35650 0.52311 0.34726 0.53088 0.34463 0.54996 0.34924 0.59389 0.35932 0.62450 0.36976 0.64139 0.39003 0.66401 0.41218 0.66854 0.42326 0.66437 0.42691 0.64102 0.43223 0.62053 0.44342 0.59944 0.43867 0.57885
4 0.40509 0.51528 0.41280 0.51490 0.41097 0.50697 0.42138 0.50317 0.42460 0.49828 0.43407 0.49052 0.45078 0.48389 0.46664 0.47746 0.47561 0.47122 0.49057 0.46082 0.48813 0.42543 0.47802 0.40265 0.47515 0.39774 0.46612 0.38874 0.45461 0.38028 0.42953 0.38053 0.41295 0.36376 0.38659 0.38626 0.37880 0.40890 0.37729 0.42868 0.37414 0.44883 0.37696 0.46484 0.38182 0.48592 0.38722 0.50551 0.39368 0.51096 0.40119 0.51340 0.40509 0.51528
4 0.82045 0.52448 0.81218 0.49652 0.79530 0.45991 0.79213 0.44617 0.78645 0.43205 0.78211 0.42632 0.77735 0.41873 0.77395 0.41181 0.76454 0.40243 0.75514 0.39300 0.75157 0.38804 0.74415 0.38975 0.73704 0.39817 0.72886 0.40967 0.72496 0.42408 0.72202 0.42959 0.72375 0.43979 0.73570 0.46016 0.74707 0.48069 0.75619 0.48628 0.78095 0.51529 0.80118 0.53761 0.81400 0.55395 0.82796 0.56229 0.82045 0.52448
4 0.15982 0.49941 0.16507 0.48568 0.15867 0.48137 0.15100 0.48780 0.13735 0.49177 0.13242 0.50734 0.12617 0.53899 0.12515 0.58938 0.13188 0.60808 0.14922 0.63107 0.15152 0.63054 0.14295 0.60648 0.15608 0.50414 0.15982 0.49941
4 0.85683 0.32710 0.87950 0.32091 0.89265 0.32560 0.90165 0.32544 0.91471 0.32725 0.91538 0.32227 0.91690 0.31323 0.91330 0.27937 0.91113 0.26732 0.91154 0.25084 0.90999 0.24155 0.90839 0.22940 0.85430 0.19071 0.81979 0.18294 0.80128 0.20466 0.80303 0.24021 0.80588 0.26558 0.80704 0.28365 0.81069 0.29725 0.81776 0.31973 0.82384 0.34340 0.83381 0.35267 0.84152 0.35475 0.84824 0.33681 0.85683 0.32710
4 0.88119 0.46129 0.89006 0.45538 0.89728 0.45275 0.90580 0.44788 0.92382 0.44758 0.92574 0.44810 0.93517 0.44979 0.93179 0.43514 0.93054 0.40361 0.91537 0.36661 0.91269 0.35762 0.90979 0.34765 0.90310 0.33958 0.89882 0.33670 0.88963 0.32822 0.88222 0.32220 0.87565 0.31988 0.86047 0.32722 0.85217 0.33300 0.84786 0.33786 0.84293 0.35829 0.82839 0.35005 0.82447 0.34613 0.82300 0.35807 0.82580 0.41828 0.82426 0.44772 0.83182 0.45630 0.84507 0.46672 0.86312 0.47703 0.87738 0.48916 0.88166 0.49204 0.88120 0.47959 0.88172 0.46887 0.88119 0.46129
4 0.18020 0.46583 0.18654 0.46290 0.18410 0.44122 0.18486 0.42600 0.18383 0.40673 0.18139 0.38780 0.16779 0.36319 0.16414 0.34737 0.16098 0.34116 0.15194 0.33213 0.12294 0.33051 0.11101 0.32468 0.09287 0.33188 0.08660 0.33472 0.07389 0.34737 0.06809 0.35983 0.06475 0.37169 0.05990 0.37698 0.03277 0.37216 0.04088 0.40361 0.05515 0.45030 0.07637 0.50092 0.09764 0.50292 0.11093 0.49198 0.13305 0.48311 0.15102 0.47760 0.16823 0.48457 0.17852 0.47734 0.18020 0.46583
4 0.75044 0.38830 0.76318 0.40175 0.77329 0.41679 0.78723 0.43283 0.80170 0.44588 0.81075 0.45635 0.81868 0.45161 0.82278 0.44584 0.82555 0.43172 0.82627 0.40357 0.82505 0.38264 0.82475 0.36827 0.82067 0.34800 0.81887 0.33491 0.81380 0.31295 0.80845 0.28719 0.80478 0.27535 0.79800 0.27007 0.78308 0.28436 0.76990 0.27680 0.76580 0.26423 0.76358 0.25992 0.75326 0.25170 0.74310 0.25213 0.73375 0.25333 0.71915 0.26057 0.70440 0.28806 0.69656 0.32459 0.69469 0.35297 0.70149 0.38513 0.71333 0.41808 0.71552 0.42240 0.72245 0.42370 0.72819 0.41465 0.73318 0.40484 0.74213 0.39408 0.75044 0.38830
1 0.24375 0.56761 0.23789 0.55531 0.23310 0.54759 0.22121 0.52222 0.21756 0.51502 0.20982 0.51198 0.20398 0.53020 0.20162 0.56129 0.21177 0.60311 0.21779 0.62263 0.22425 0.63318 0.23224 0.62651 0.24110 0.61485 0.24422 0.60448 0.24360 0.57568 0.24375 0.56761
1 0.55405 0.37627 0.55914 0.36784 0.56513 0.35685 0.56935 0.34462 0.56794 0.33851 0.56031 0.32502 0.55247 0.31718 0.54721 0.31839 0.53510 0.32680 0.52927 0.32975 0.51751 0.33329 0.51346 0.33744 0.50967 0.34714 0.50498 0.35948 0.50132 0.36754 0.48889 0.39853 0.49077 0.42622 0.49849 0.45095 0.50705 0.45541 0.51826 0.44960 0.51713 0.43382 0.51449 0.42235 0.51911 0.40763 0.53428 0.39288 0.55405 0.37627
4 0.28317 0.54342 0.28926 0.53230 0.28583 0.51366 0.28127 0.49388 0.27784 0.47524 0.27297 0.45413 0.27023 0.44227 0.26538 0.42656 0.18834 0.36327 0.19732 0.42719 0.19837 0.45055 0.20494 0.48649 0.21222 0.50931 0.22444 0.52428 0.23255 0.54738 0.24293 0.56824 0.26111 0.57568 0.27125 0.56701 0.28317 0.54342
4 0.50066 0.52759 0.49577 0.50864 0.49083 0.49370 0.48960 0.48838 0.48504 0.47735 0.48409 0.47757 0.48214 0.47562 0.47710 0.47118 0.46825 0.47640 0.43863 0.48728 0.42777 0.49461 0.42406 0.50029 0.42123 0.50334 0.41129 0.50806 0.41340 0.51719 0.44717 0.60262 0.47633 0.62883 0.48548 0.63797 0.49705 0.62726 0.49975 0.60413 0.50380 0.58472 0.50548 0.56586 0.50538 0.55462 0.50365 0.54055 0.50066 0.52759
