4 0.62940 0.59970 0.65054 0.56683 0.66208 0.52767 0.66346 0.48603 0.65758 0.46443 0.65290 0.45313 0.64819 0.44750 0.64350 0.44000 0.63410 0.44280 0.63604 0.44267 0.63083 0.44667 0.62646 0.43810 0.62413 0.43623 0.60583 0.43833 0.58596 0.44750 0.57773 0.46347 0.58244 0.54240 0.61767 0.57717 0.62940 0.59970
4 0.80908 0.58653 0.81083 0.59407 0.82846 0.59877 0.82963 0.59970 0.83431 0.59970 0.83256 0.57620 0.83021 0.55650 0.83021 0.54617 0.82727 0.53300 0.82494 0.52830 0.82200 0.52453 0.81554 0.52547 0.81025 0.52360 0.80615 0.51047 0.79792 0.50670 0.79792 0.52547 0.80027 0.53487 0.80321 0.56023 0.80908 0.58653
4 0.26790 0.63587 0.27915 0.65463 0.29479 0.64210 0.31437 0.62177 0.32367 0.60533 0.33150 0.59513 0.33444 0.58810 0.33052 0.55287 0.33492 0.52937 0.32758 0.50903 0.31829 0.49573 0.30606 0.48867 0.29187 0.47613 0.28502 0.48710 0.27719 0.49650 0.26692 0.56070 0.26692 0.59513 0.26692 0.61783 0.26790 0.63587
4 0.10837 0.50277 0.11523 0.49963 0.12110 0.47850 0.12796 0.45187 0.13285 0.43780 0.13871 0.42997 0.14854 0.40967 0.16417 0.40647 0.16856 0.40647 0.16221 0.40100 0.14752 0.39863 0.12942 0.40100 0.12158 0.40570 0.10935 0.41273 0.10740 0.41663 0.09908 0.45580 0.09908 0.48710 0.10006 0.51293 0.10837 0.50277
1 0.12502 0.30607 0.13762 0.30837 0.15021 0.30490 0.17146 0.29267 0.17650 0.28880 0.18729 0.28130 0.19954 0.26690 0.19810 0.26287 0.18146 0.25533 0.16677 0.25020 0.15815 0.24443 0.15273 0.24443 0.13977 0.25250 0.12933 0.25883 0.11169 0.26573 0.09873 0.28477 0.09729 0.29917 0.10090 0.30723 0.11315 0.30780 0.12502 0.30607
1 0.88408 0.57787 0.88742 0.58420 0.89283 0.58720 0.89617 0.59453 0.89971 0.59720 0.90158 0.59553 0.90325 0.59187 0.90429 0.58653 0.90304 0.58287 0.90096 0.57720 0.89388 0.57487 0.88971 0.57453 0.88471 0.57353 0.88408 0.57787
1 0.84850 0.54717 0.85498 0.54083 0.86831 0.54717 0.87587 0.55813 0.87550 0.56330 0.88379 0.54890 0.88810 0.53740 0.88235 0.51897 0.87550 0.50800 0.86867 0.50110 0.85715 0.48613 0.84779 0.48900 0.84023 0.48440 0.83088 0.51377 0.82906 0.52070 0.83844 0.53910 0.84850 0.54717
1 0.84844 0.35887 0.84694 0.35207 0.84569 0.35007 0.84219 0.34687 0.84044 0.34727 0.84144 0.35487 0.84244 0.36087 0.84544 0.36287 0.84844 0.35887
1 0.75894 0.32327 0.75619 0.33047 0.76244 0.33567 0.77444 0.33607 0.77819 0.34247 0.78094 0.35207 0.78744 0.34887 0.79644 0.34047 0.80194 0.34407 0.80444 0.34727 0.80844 0.34647 0.81169 0.34127 0.80969 0.33727 0.80644 0.33407 0.80344 0.33087 0.80344 0.32607 0.79994 0.31927 0.78969 0.31727 0.77694 0.31767 0.76619 0.32007 0.75894 0.32327
1 0.88646 0.30700 0.89729 0.30867 0.90354 0.29467 0.90437 0.27767 0.89896 0.27000 0.88854 0.27400 0.87542 0.27700 0.86708 0.28000 0.86062 0.28333 0.85917 0.28600 0.85687 0.29467 0.85896 0.30367 0.86979 0.30200 0.87667 0.30200 0.88646 0.30700
4 0.29248 0.43807 0.29333 0.46513 0.29754 0.48137 0.31108 0.49083 0.31700 0.49217 0.32715 0.50167 0.33354 0.50767 0.33937 0.50733 0.34490 0.49623 0.35250 0.49217 0.36012 0.48540 0.36519 0.48137 0.37196 0.47593 0.37365 0.47460 0.37619 0.46243 0.39056 0.40697 0.39056 0.39613 0.39056 0.38127 0.38802 0.36637 0.38465 0.34607 0.38125 0.33253 0.37533 0.32173 0.37027 0.31360 0.36773 0.31227 0.35758 0.30280 0.35421 0.30143 0.34490 0.30143 0.33221 0.30143 0.31700 0.31630 0.30008 0.35150 0.29502 0.38127 0.29248 0.41237 0.29248 0.43807
4 0.49492 0.51920 0.49785 0.54897 0.51400 0.58653 0.52673 0.60297 0.54385 0.61313 0.55315 0.61080 0.56148 0.58497 0.57273 0.55913 0.58056 0.54113 0.57712 0.46910 0.57077 0.46207 0.57027 0.46207 0.56733 0.45970 0.55706 0.45657 0.55365 0.45657 0.54973 0.45500 0.54142 0.45500 0.53504 0.45657 0.53015 0.45737 0.51988 0.45893 0.51254 0.45580 0.49688 0.46910 0.49542 0.47067 0.49394 0.48947 0.49492 0.51920
4 0.24979 0.57167 0.25956 0.56303 0.26544 0.54660 0.26790 0.53720 0.27131 0.52390 0.27573 0.49650 0.26642 0.51060 0.25956 0.51373 0.25665 0.51530 0.25371 0.51687 0.24881 0.51843 0.24196 0.51530 0.23952 0.51217 0.23560 0.51687 0.23021 0.54347 0.22923 0.57010 0.23267 0.57557 0.24979 0.57167
4 0.66833 0.53700 0.67754 0.54427 0.69340 0.56777 0.71631 0.61380 0.72687 0.64760 0.74683 0.64857 0.74977 0.63447 0.74977 0.61473 0.74683 0.58280 0.74390 0.53677 0.74390 0.52737 0.73275 0.49167 0.73040 0.48040 0.70813 0.44600 0.70208 0.43700 0.69396 0.43800 0.67579 0.46160 0.66640 0.48227 0.66521 0.51067 0.66833 0.53700
4 0.14165 0.57087 0.17688 0.57010 0.19302 0.55520 0.19646 0.54113 0.19548 0.52547 0.19596 0.49493 0.20183 0.47537 0.20525 0.46283 0.21065 0.45423 0.21554 0.44560 0.21602 0.43857 0.21358 0.43153 0.21113 0.43153 0.20721 0.42760 0.20429 0.42447 0.19890 0.41900 0.19548 0.41663 0.18569 0.41273 0.17883 0.41193 0.17590 0.41430 0.16612 0.42370 0.14998 0.46597 0.13040 0.52233 0.13285 0.54817 0.14165 0.57087
4 0.35596 0.63507 0.37652 0.64447 0.38825 0.64290 0.39706 0.62097 0.40685 0.60220 0.42250 0.58417 0.42250 0.56303 0.42250 0.55600 0.41223 0.49963 0.41077 0.49337 0.40440 0.49180 0.38923 0.48320 0.38531 0.47693 0.37700 0.47613 0.36967 0.47850 0.35498 0.49023 0.34423 0.49573 0.33737 0.51373 0.33198 0.55757 0.33492 0.58967 0.34129 0.60847 0.35596 0.63507
4 0.38887 0.42183 0.38802 0.43807 0.38802 0.45970 0.38887 0.48000 0.39394 0.48677 0.40071 0.49083 0.40408 0.49353 0.41169 0.49490 0.41169 0.48677 0.42269 0.48540 0.42692 0.48137 0.43790 0.47593 0.45567 0.47323 0.47256 0.47053 0.48271 0.46647 0.49962 0.45970 0.50521 0.42467 0.50048 0.40020 0.49879 0.39477 0.49202 0.38397 0.48271 0.37313 0.45821 0.36773 0.44583 0.34767 0.41508 0.36367 0.40240 0.38397 0.39648 0.40290 0.38887 0.42183
4 0.74508 0.53677 0.75271 0.54427 0.77031 0.57810 0.78500 0.60440 0.79381 0.62320 0.80554 0.63447 0.80673 0.59593 0.80496 0.56683 0.79675 0.52737 0.79675 0.51327 0.79440 0.49823 0.79146 0.49167 0.78852 0.48320 0.78677 0.47570 0.77971 0.46443 0.77267 0.45313 0.77031 0.44750 0.76269 0.44750 0.75388 0.45410 0.74331 0.46347 0.73627 0.47663 0.73217 0.48133 0.73156 0.49167 0.73863 0.51420 0.74508 0.53677
4 0.11465 0.50277 0.11700 0.52250 0.12873 0.54880 0.13108 0.54880 0.12815 0.52343 0.16396 0.42667 0.16867 0.42290 0.17688 0.41070 0.17160 0.40507 0.16269 0.40960 0.14850 0.41040 0.14019 0.42447 0.12698 0.45390 0.11465 0.50277
4 0.84833 0.37233 0.85017 0.39583 0.85077 0.42027 0.85840 0.43153 0.86544 0.43530 0.87602 0.41933 0.88658 0.41180 0.91006 0.41087 0.92181 0.41840 0.93063 0.42027 0.94294 0.42497 0.94471 0.42027 0.94823 0.41180 0.95233 0.37800 0.95294 0.36577 0.95704 0.34980 0.95762 0.34040 0.95879 0.32820 0.91479 0.27833 0.88292 0.26300 0.86000 0.28000 0.85371 0.31503 0.85077 0.34040 0.84783 0.35827 0.84833 0.37233
4 0.84371 0.54520 0.85898 0.55930 0.87015 0.57433 0.87367 0.57810 0.87602 0.56587 0.87894 0.55553 0.88012 0.54803 0.89010 0.54427 0.89773 0.54333 0.90712 0.54050 0.92475 0.54427 0.92650 0.54520 0.93531 0.54897 0.93531 0.53393 0.94119 0.50293 0.93473 0.46347 0.93415 0.45410 0.93356 0.44373 0.92885 0.43437 0.92533 0.43060 0.91829 0.42027 0.91242 0.41273 0.90654 0.40900 0.89010 0.41273 0.88071 0.41650 0.87542 0.42027 0.86602 0.43907 0.85371 0.42777 0.85077 0.42307 0.84665 0.43437 0.83583 0.49367 0.82771 0.52200 0.83315 0.53207 0.84371 0.54520
4 0.10729 0.41233 0.12271 0.40467 0.14625 0.40100 0.16500 0.39967 0.18021 0.41033 0.19185 0.40560 0.19608 0.39477 0.20292 0.39333 0.20542 0.37167 0.20958 0.35700 0.21292 0.33800 0.21479 0.31900 0.20708 0.29197 0.20708 0.27573 0.20540 0.26897 0.19862 0.25813 0.17073 0.25003 0.16042 0.24167 0.14113 0.24460 0.13437 0.24597 0.11915 0.25543 0.11069 0.26627 0.10477 0.27707 0.09885 0.28113 0.07350 0.27033 0.07433 0.30280 0.07773 0.35150 0.08702 0.40560 0.10729 0.41233
4 0.72629 0.46817 0.72746 0.47287 0.73392 0.47570 0.74154 0.46817 0.74860 0.45973 0.75975 0.45127 0.76915 0.44750 0.77854 0.46347 0.78500 0.48040 0.79498 0.49917 0.80615 0.51513 0.81260 0.52737 0.82140 0.52453 0.82669 0.51983 0.83256 0.50670 0.83960 0.47943 0.84313 0.45877 0.84606 0.44470 0.84665 0.42403 0.84783 0.41087 0.84783 0.38833 0.84842 0.36203 0.84750 0.34967 0.84208 0.34300 0.82433 0.35357 0.81319 0.34323 0.81202 0.33007 0.81083 0.32537 0.80262 0.31503 0.79262 0.31317 0.78325 0.31223 0.76740 0.31600 0.74683 0.33947 0.73098 0.37330 0.72277 0.40053 0.72217 0.43340 0.72629 0.46817
1 0.19744 0.55600 0.20135 0.56773 0.21065 0.56303 0.22190 0.55367 0.22727 0.54427 0.23315 0.51607 0.23510 0.50823 0.23217 0.49493 0.22923 0.48633 0.22335 0.45893 0.22142 0.45110 0.21456 0.44640 0.20477 0.46283 0.19548 0.49260 0.19596 0.53563 0.19744 0.55600
1 0.51690 0.45813 0.52912 0.45500 0.53158 0.43937 0.53158 0.42760 0.53940 0.41430 0.55750 0.40333 0.58050 0.39160 0.58735 0.38453 0.59567 0.37517 0.60252 0.36420 0.60252 0.35793 0.59813 0.34307 0.59225 0.33367 0.58685 0.33367 0.57317 0.33913 0.56681 0.34070 0.55456 0.34150 0.54969 0.34463 0.54381 0.35323 0.53646 0.36420 0.53108 0.37123 0.51200 0.39863 0.50760 0.42603 0.50956 0.45187 0.51690 0.45813
4 0.21750 0.44433 0.22604 0.46167 0.22875 0.48600 0.23417 0.50867 0.25021 0.52000 0.26204 0.51383 0.27896 0.49353 0.28740 0.48407 0.28825 0.46513 0.28825 0.44483 0.28910 0.42590 0.28910 0.40423 0.28910 0.39207 0.28792 0.37567 0.22708 0.29667 0.22146 0.36097 0.21723 0.38397 0.21554 0.42047 0.21750 0.44433
4 0.46850 0.62333 0.47633 0.60140 0.48465 0.58340 0.49052 0.56540 0.49296 0.55443 0.49444 0.54033 0.49444 0.52703 0.49394 0.50747 0.49248 0.49180 0.49248 0.48633 0.49052 0.47457 0.48954 0.47457 0.48808 0.47223 0.48417 0.46677 0.47438 0.46987 0.44306 0.47380 0.43083 0.47850 0.42594 0.48320 0.42250 0.48553 0.41175 0.48790 0.41175 0.49727 0.42544 0.58810 0.44796 0.62020 0.45481 0.63117 0.46850 0.62333
