4 0.82547 0.50280 0.82386 0.50409 0.81894 0.51222 0.81672 0.51536 0.81598 0.51832 0.81561 0.52608 0.81635 0.53827 0.81647 0.54862 0.81561 0.56451 0.81610 0.57634 0.81734 0.58170 0.82263 0.59205 0.82719 0.59944 0.83483 0.60813 0.83754 0.61367 0.84086 0.61385 0.84382 0.59870 0.84419 0.58687 0.84542 0.57652 0.84690 0.55805 0.84703 0.55102 0.84727 0.54640 0.84739 0.54197 0.84222 0.51277 0.84086 0.51129 0.83175 0.50797 0.82842 0.50557 0.82547 0.50280
4 0.15663 0.52563 0.15249 0.51898 0.15160 0.51832 0.14924 0.52275 0.14658 0.53628 0.14318 0.55402 0.14274 0.56777 0.14451 0.58329 0.14466 0.59460 0.14747 0.60457 0.15293 0.61078 0.15959 0.61101 0.16447 0.60923 0.17171 0.60036 0.17540 0.59149 0.17733 0.58617 0.17703 0.57819 0.17644 0.56865 0.17629 0.56200 0.17674 0.56111 0.17925 0.53983 0.18088 0.52630 0.18324 0.51854 0.18324 0.51077 0.17881 0.51011 0.16831 0.51942 0.16136 0.52231 0.15663 0.52563
4 0.84080 0.37833 0.84762 0.39813 0.85102 0.41952 0.84932 0.43389 0.84655 0.44730 0.83931 0.46965 0.83633 0.47955 0.83165 0.48913 0.82399 0.50031 0.82824 0.50510 0.83569 0.50957 0.84038 0.51116 0.84847 0.50318 0.85400 0.49137 0.85868 0.47348 0.86252 0.45624 0.86614 0.44028 0.87018 0.42080 0.87231 0.40803 0.87231 0.39398 0.87252 0.38950 0.87146 0.38088 0.86550 0.35406 0.85975 0.35661 0.85017 0.36492 0.84272 0.37386 0.84080 0.37833
4 0.10063 0.39717 0.10191 0.41729 0.10531 0.43708 0.10787 0.46231 0.11127 0.47285 0.11617 0.48402 0.12192 0.49392 0.12639 0.50414 0.13277 0.50095 0.13703 0.49712 0.14044 0.49520 0.13788 0.48626 0.13299 0.47029 0.13086 0.45018 0.12767 0.43102 0.12617 0.41920 0.12554 0.40164 0.11575 0.39046 0.10595 0.38216 0.10212 0.38088 0.10020 0.38376 0.10063 0.39717
4 0.28495 0.52741 0.27933 0.52075 0.27608 0.51565 0.27549 0.51410 0.27090 0.51565 0.26558 0.51987 0.26085 0.52430 0.25819 0.53495 0.25568 0.54448 0.25228 0.55801 0.25035 0.57242 0.24888 0.58795 0.24740 0.60546 0.24843 0.62342 0.24858 0.63651 0.25257 0.65203 0.25922 0.65868 0.26543 0.66068 0.27401 0.66201 0.28554 0.66068 0.29589 0.64693 0.30978 0.62365 0.32057 0.60879 0.33004 0.59548 0.33477 0.58795 0.33403 0.57464 0.33225 0.56311 0.33063 0.55313 0.32708 0.54360 0.32117 0.54227 0.30638 0.53894 0.29485 0.53428 0.28495 0.52741
4 0.39738 0.37067 0.38950 0.38312 0.38652 0.39749 0.38227 0.41537 0.37929 0.42910 0.37545 0.44826 0.37162 0.47412 0.37290 0.49041 0.37247 0.50829 0.37396 0.52649 0.37631 0.53256 0.38354 0.54118 0.39014 0.54693 0.39781 0.55076 0.40611 0.55395 0.41867 0.55587 0.43101 0.55683 0.44421 0.55523 0.45698 0.55555 0.46912 0.55523 0.48040 0.55363 0.49211 0.55331 0.49977 0.55140 0.50318 0.54405 0.50531 0.53128 0.50573 0.51020 0.50637 0.48945 0.50531 0.47125 0.50382 0.45592 0.50212 0.43996 0.50041 0.42910 0.49765 0.41601 0.49296 0.40228 0.48764 0.39238 0.47912 0.38152 0.47061 0.37226 0.46295 0.36556 0.45060 0.35917 0.44145 0.35661 0.42995 0.35885 0.42144 0.35725 0.41526 0.35917 0.40441 0.36428 0.39738 0.37067
4 0.73583 0.49548 0.73480 0.50568 0.73243 0.51321 0.72844 0.51698 0.72149 0.52120 0.71735 0.52497 0.71100 0.52962 0.70405 0.53206 0.69799 0.53295 0.69193 0.53339 0.67744 0.52985 0.67389 0.52763 0.66606 0.52541 0.66354 0.52608 0.66133 0.53473 0.65852 0.54626 0.65852 0.55468 0.66118 0.56444 0.66428 0.58351 0.66724 0.59393 0.67168 0.60990 0.67655 0.62365 0.68188 0.63495 0.69045 0.64382 0.69784 0.65136 0.70538 0.65159 0.71262 0.65314 0.71942 0.65048 0.72667 0.64449 0.73007 0.62941 0.73362 0.61034 0.73613 0.59260 0.73923 0.57198 0.74175 0.56045 0.74396 0.55446 0.74544 0.55269 0.74515 0.54581 0.74707 0.53118 0.74884 0.52430 0.74884 0.51721 0.74869 0.51211 0.74633 0.49836 0.74411 0.49282 0.74056 0.49015 0.73775 0.49015 0.73583 0.49548
4 0.87252 0.40196 0.87231 0.40962 0.86848 0.42814 0.86507 0.44251 0.86230 0.45592 0.85847 0.47380 0.85507 0.48658 0.85634 0.49169 0.86103 0.49552 0.86762 0.49712 0.87337 0.49520 0.87848 0.48626 0.88487 0.47221 0.88763 0.45784 0.89062 0.43325 0.89211 0.41984 0.89423 0.40770 0.89487 0.39174 0.89360 0.38376 0.89040 0.37003 0.88359 0.37578 0.87933 0.38184 0.87210 0.38919 0.87252 0.40196
4 0.07171 0.41300 0.06996 0.42101 0.06924 0.43102 0.06709 0.44087 0.06514 0.45181 0.06401 0.46567 0.06452 0.47614 0.06740 0.48507 0.07417 0.48907 0.07941 0.49123 0.08659 0.49185 0.09173 0.49046 0.09706 0.48492 0.10097 0.48045 0.10333 0.47260 0.10548 0.46890 0.10497 0.46751 0.10158 0.46505 0.09758 0.46135 0.09583 0.45781 0.09101 0.44873 0.08587 0.44241 0.08516 0.44164 0.08085 0.42547 0.07920 0.41670 0.07746 0.41038 0.07397 0.41100 0.07171 0.41300
4 0.77119 0.33427 0.76353 0.34480 0.76289 0.35661 0.75927 0.37035 0.75438 0.38248 0.74927 0.39940 0.74543 0.41058 0.74054 0.41729 0.73649 0.42080 0.73734 0.43708 0.73969 0.45528 0.73883 0.46486 0.73841 0.47604 0.73734 0.48306 0.74032 0.49041 0.74501 0.49328 0.75395 0.49775 0.76204 0.50063 0.77353 0.50733 0.77843 0.51372 0.79184 0.51883 0.79844 0.51851 0.80610 0.52010 0.81164 0.52074 0.82079 0.50957 0.82739 0.49584 0.83591 0.48019 0.84187 0.46167 0.84549 0.44890 0.84953 0.43357 0.85038 0.41792 0.84868 0.40547 0.84378 0.38919 0.83910 0.37354 0.83399 0.35757 0.82952 0.34416 0.82526 0.33107 0.81952 0.31766 0.81568 0.31000 0.81058 0.30393 0.80142 0.30553 0.79142 0.31159 0.77886 0.32373 0.77119 0.33427
4 0.51202 0.55136 0.50581 0.54049 0.50167 0.55003 0.49472 0.55335 0.48777 0.55468 0.48570 0.55668 0.48629 0.57220 0.48984 0.58040 0.49709 0.59615 0.50330 0.61389 0.50877 0.62875 0.51379 0.63917 0.51941 0.64072 0.52784 0.63695 0.53641 0.63052 0.54277 0.62054 0.54912 0.59881 0.55415 0.58174 0.55770 0.57087 0.56672 0.55269 0.55223 0.55224 0.54010 0.55158 0.51867 0.55069 0.51202 0.55136
4 0.55299 0.35406 0.54767 0.35949 0.54299 0.36683 0.53788 0.37609 0.53362 0.38567 0.52745 0.39557 0.52383 0.40451 0.51766 0.41505 0.51297 0.42687 0.50935 0.43581 0.50616 0.44634 0.50595 0.46007 0.50722 0.47668 0.50722 0.48658 0.50680 0.50031 0.50552 0.51212 0.50403 0.52968 0.50488 0.53511 0.50765 0.54182 0.51191 0.54948 0.52106 0.54980 0.53341 0.55012 0.55746 0.55044 0.57535 0.55076 0.59216 0.54980 0.60791 0.54821 0.61792 0.54661 0.62835 0.54469 0.63218 0.53894 0.63538 0.53384 0.63751 0.52521 0.63836 0.51723 0.63878 0.50893 0.63900 0.49712 0.63836 0.47732 0.63665 0.45880 0.63495 0.44155 0.63240 0.42559 0.62899 0.41186 0.62558 0.39653 0.62324 0.38440 0.62069 0.37386 0.61686 0.36428 0.61324 0.35725 0.60770 0.34927 0.60345 0.34480 0.59685 0.34193 0.58620 0.34225 0.57535 0.34161 0.56832 0.34416 0.55832 0.34959 0.55299 0.35406
4 0.12873 0.38408 0.12830 0.39749 0.12660 0.40132 0.12554 0.41026 0.12660 0.42016 0.12937 0.43644 0.13150 0.45784 0.13363 0.47061 0.13703 0.48402 0.14235 0.49616 0.15066 0.51404 0.15640 0.52426 0.16811 0.51755 0.17535 0.51276 0.18216 0.50638 0.18322 0.50542 0.17556 0.48817 0.16811 0.46933 0.16726 0.45273 0.16833 0.43708 0.16833 0.42815 0.16534 0.42494 0.15704 0.41250 0.14533 0.39525 0.13725 0.38152 0.13277 0.37482 0.13107 0.37354 0.12873 0.38408
4 0.09543 0.52098 0.09617 0.53960 0.10060 0.55402 0.10755 0.56466 0.11465 0.56688 0.12647 0.56666 0.13357 0.56466 0.14022 0.55912 0.14362 0.55468 0.14392 0.54803 0.14569 0.53850 0.14747 0.52985 0.14983 0.52164 0.15087 0.51832 0.15131 0.51721 0.14569 0.50412 0.14200 0.49570 0.13904 0.49681 0.13667 0.49947 0.13120 0.50213 0.12706 0.50457 0.12618 0.50501 0.10977 0.47086 0.10563 0.47064 0.10075 0.48106 0.09676 0.50346 0.09543 0.52098
4 0.63945 0.51233 0.63841 0.51832 0.63738 0.52541 0.63560 0.53206 0.63324 0.53739 0.62910 0.54404 0.62304 0.54626 0.60988 0.54825 0.59717 0.55003 0.58165 0.55113 0.57130 0.55180 0.56878 0.55224 0.56849 0.55823 0.57159 0.56821 0.57529 0.58018 0.57869 0.59105 0.58224 0.60945 0.58401 0.62187 0.58815 0.63673 0.59052 0.64227 0.60160 0.64516 0.61062 0.64516 0.61786 0.64139 0.62422 0.63274 0.63117 0.61566 0.63856 0.59171 0.64566 0.57508 0.65216 0.55801 0.65630 0.54626 0.65970 0.53872 0.66266 0.52586 0.65541 0.52319 0.64728 0.52031 0.64122 0.51521 0.63945 0.51233
4 0.87572 0.49073 0.87423 0.49584 0.86720 0.49552 0.86252 0.49520 0.85762 0.49169 0.85485 0.49009 0.85251 0.49456 0.84953 0.50063 0.84783 0.50446 0.84400 0.50733 0.84208 0.51116 0.84208 0.51340 0.84506 0.52777 0.84719 0.54150 0.84783 0.55427 0.85145 0.55938 0.85762 0.56513 0.86422 0.56992 0.87274 0.56832 0.87465 0.56481 0.87891 0.55938 0.88253 0.55140 0.88763 0.54374 0.89296 0.53160 0.89317 0.51883 0.89232 0.50446 0.88998 0.48881 0.88572 0.47476 0.88359 0.47572 0.88040 0.48306 0.87572 0.49073
4 0.79553 0.51887 0.79183 0.51850 0.78444 0.51647 0.78038 0.51407 0.77767 0.51240 0.77459 0.50889 0.77114 0.50612 0.76547 0.50372 0.76276 0.50280 0.76054 0.50205 0.75549 0.49984 0.74835 0.49688 0.74687 0.49651 0.74699 0.50039 0.74835 0.50871 0.74884 0.51499 0.74872 0.52368 0.74724 0.53144 0.74527 0.54456 0.74564 0.55195 0.74650 0.56451 0.74785 0.57375 0.75389 0.57911 0.76104 0.58946 0.76781 0.60277 0.77668 0.61662 0.78173 0.62623 0.78604 0.63492 0.79085 0.63806 0.79664 0.63917 0.80206 0.63381 0.80600 0.61773 0.80970 0.60406 0.81265 0.59297 0.81561 0.58059 0.81598 0.57745 0.81573 0.56063 0.81635 0.55065 0.81635 0.54179 0.81623 0.53698 0.81438 0.51850 0.81155 0.52053 0.80662 0.52072 0.80132 0.51998 0.79553 0.51887
4 0.28498 0.39334 0.28158 0.40164 0.27647 0.41345 0.27370 0.42495 0.27242 0.43485 0.27114 0.44538 0.27008 0.45848 0.26923 0.47029 0.26965 0.48370 0.27242 0.49807 0.27413 0.50861 0.27647 0.51468 0.27987 0.52010 0.28711 0.52553 0.29392 0.53096 0.30457 0.53639 0.31542 0.53958 0.32521 0.54118 0.33437 0.54022 0.34352 0.53799 0.35225 0.53543 0.35842 0.53288 0.36375 0.53128 0.37056 0.52394 0.37354 0.52106 0.37226 0.51020 0.37162 0.49169 0.37141 0.47987 0.37120 0.47636 0.36971 0.46806 0.37183 0.45497 0.37226 0.44283 0.37503 0.42974 0.37418 0.42463 0.36715 0.41505 0.36225 0.40451 0.35310 0.39206 0.34586 0.38567 0.34097 0.38184 0.33096 0.37705 0.31925 0.37514 0.30648 0.37737 0.29626 0.38088 0.28860 0.38855 0.28498 0.39334
4 0.18621 0.36204 0.18046 0.38056 0.17492 0.40803 0.17109 0.42527 0.16918 0.43772 0.16833 0.45848 0.16918 0.47189 0.17663 0.48977 0.18535 0.50893 0.19195 0.52170 0.20026 0.53543 0.20600 0.54118 0.21750 0.54597 0.22538 0.54118 0.24283 0.53224 0.25390 0.52553 0.26476 0.51755 0.27370 0.51148 0.27050 0.49392 0.26731 0.47412 0.26838 0.46295 0.27008 0.44762 0.27220 0.43165 0.26455 0.42752 0.26007 0.42367 0.25369 0.41026 0.24879 0.39429 0.24645 0.38312 0.24113 0.37098 0.23389 0.36300 0.22963 0.35981 0.22112 0.34863 0.21175 0.34352 0.20047 0.34544 0.19323 0.35055 0.18621 0.36204
4 0.21163 0.54515 0.20556 0.54160 0.20068 0.53716 0.19551 0.52940 0.19137 0.52164 0.18649 0.51321 0.18487 0.50945 0.18324 0.51898 0.18043 0.53095 0.17881 0.54781 0.17688 0.56355 0.17659 0.57863 0.17777 0.59127 0.17910 0.60435 0.18250 0.61610 0.18516 0.62564 0.18694 0.63606 0.19300 0.64338 0.20142 0.64538 0.20941 0.63939 0.21635 0.62919 0.22404 0.61189 0.23069 0.60192 0.24237 0.58950 0.24740 0.58573 0.24873 0.58417 0.25183 0.55801 0.25804 0.53206 0.25922 0.52785 0.25790 0.52630 0.24533 0.53362 0.22670 0.54426 0.21798 0.54714 0.21163 0.54515
4 0.37631 0.53317 0.37365 0.52719 0.37232 0.52364 0.36478 0.53140 0.36005 0.53428 0.35295 0.53650 0.34305 0.53960 0.33477 0.54160 0.32871 0.54360 0.33077 0.55180 0.33418 0.56666 0.33639 0.58040 0.33846 0.59105 0.34393 0.60901 0.34940 0.61921 0.35502 0.62586 0.36123 0.62919 0.36980 0.62985 0.37793 0.62586 0.38104 0.62121 0.38606 0.60502 0.38784 0.59393 0.38991 0.57930 0.39153 0.56644 0.39819 0.55801 0.39789 0.55202 0.39153 0.54892 0.38385 0.54271 0.37941 0.53716 0.37631 0.53317
4 0.06763 0.35470 0.07083 0.37194 0.07530 0.39015 0.07913 0.40675 0.08147 0.42814 0.08573 0.44124 0.09211 0.44985 0.09722 0.45975 0.10340 0.46614 0.10829 0.46646 0.10510 0.43932 0.10084 0.41026 0.09935 0.38216 0.09211 0.37482 0.07913 0.36332 0.07402 0.35630 0.06763 0.35470
4 0.43795 0.55645 0.42864 0.55757 0.41755 0.55757 0.40883 0.55535 0.40513 0.55557 0.40632 0.56688 0.40987 0.58107 0.41356 0.59748 0.41755 0.61367 0.42066 0.62653 0.42302 0.63274 0.42923 0.63850 0.43633 0.64272 0.44505 0.64471 0.45274 0.64516 0.45880 0.64205 0.46471 0.63362 0.47048 0.61610 0.47388 0.59815 0.47964 0.58018 0.48230 0.57420 0.48437 0.55579 0.47565 0.55579 0.46175 0.55645 0.44800 0.55645 0.43795 0.55645
4 0.90275 0.37226 0.89615 0.38184 0.89487 0.38855 0.89487 0.39972 0.89487 0.40898 0.89062 0.43644 0.88891 0.45050 0.88785 0.45944 0.88849 0.46231 0.89828 0.45624 0.90467 0.44922 0.91084 0.43740 0.91297 0.42335 0.91446 0.40835 0.91552 0.38663 0.91786 0.37514 0.91957 0.36141 0.92063 0.35119 0.91701 0.35534 0.91190 0.36204 0.90679 0.36843 0.90275 0.37226
4 0.66199 0.38791 0.65539 0.40228 0.65049 0.41026 0.64559 0.41569 0.63814 0.42367 0.63495 0.42942 0.63665 0.45113 0.63772 0.46838 0.63814 0.48275 0.63878 0.49775 0.63857 0.50829 0.64197 0.51532 0.65049 0.52234 0.66326 0.52298 0.67348 0.52649 0.68498 0.53096 0.69498 0.53352 0.70499 0.53224 0.71329 0.52841 0.71904 0.52394 0.72202 0.52043 0.72798 0.51755 0.73245 0.51180 0.73500 0.50095 0.73756 0.48434 0.73820 0.47317 0.73947 0.45688 0.73883 0.44283 0.73628 0.42718 0.73415 0.41409 0.73138 0.39653 0.72925 0.38823 0.72628 0.37514 0.72372 0.36811 0.71861 0.36236 0.71670 0.36108 0.70648 0.35981 0.68881 0.36172 0.67838 0.36843 0.66944 0.37705 0.66199 0.38791
