4 0.44689 0.49828 0.45499 0.52579 0.47874 0.53713 0.49870 0.53308 0.50787 0.51932 0.51434 0.49585 0.51650 0.48047 0.51326 0.42462 0.51165 0.38981 0.49977 0.35664 0.48682 0.32183 0.47387 0.30079 0.45984 0.29513 0.45122 0.29675 0.44312 0.30321 0.43989 0.31049 0.43935 0.32830 0.43287 0.36553 0.43233 0.40519 0.43881 0.45862 0.44689 0.49828
4 0.78801 0.69747 0.79611 0.72715 0.81004 0.74670 0.82624 0.74266 0.84108 0.72040 0.85096 0.68938 0.85546 0.63475 0.85816 0.58821 0.86265 0.53223 0.85996 0.51402 0.84872 0.50660 0.81904 0.51468 0.80780 0.51738 0.78712 0.52077 0.78306 0.56325 0.78306 0.61383 0.77902 0.65430 0.78801 0.69747
4 0.86176 0.52953 0.85996 0.56798 0.85546 0.63002 0.85142 0.67387 0.85726 0.69342 0.87345 0.71972 0.88739 0.72379 0.89369 0.72177 0.89953 0.70017 0.90268 0.66038 0.90403 0.61923 0.90268 0.58821 0.90268 0.54100 0.90043 0.52143 0.89504 0.50323 0.88559 0.49379 0.87929 0.47287 0.87255 0.47219 0.86356 0.47557 0.86041 0.49311 0.85051 0.50525 0.85950 0.51334 0.86176 0.52953
4 0.90718 0.63947 0.91211 0.67117 0.92831 0.69883 0.94808 0.72445 0.96203 0.73728 0.97237 0.74266 0.97732 0.73457 0.98316 0.69883 0.97687 0.65566 0.97057 0.62194 0.95438 0.57808 0.94044 0.54706 0.93190 0.52817 0.92156 0.51064 0.90358 0.51266 0.90043 0.51940 0.90268 0.54370 0.90358 0.60034 0.90718 0.63947
4 0.93792 0.40519 0.93091 0.46266 0.92173 0.50717 0.93199 0.52660 0.94763 0.53713 0.95843 0.52983 0.96489 0.52660 0.97461 0.50636 0.98756 0.48855 0.99349 0.43028 0.99133 0.40438 0.98487 0.36634 0.98487 0.35096 0.96813 0.31292 0.96328 0.29755 0.95950 0.28945 0.95140 0.29106 0.94170 0.30564 0.93522 0.33398 0.93414 0.35096 0.93792 0.40519
1 0.37521 0.48040 0.37682 0.48825 0.37521 0.49449 0.37357 0.50562 0.37033 0.51238 0.36580 0.51455 0.36201 0.52566 0.36851 0.52187 0.38135 0.53136 0.37611 0.52215 0.37539 0.51483 0.38027 0.51753 0.38569 0.51998 0.39146 0.52432 0.39923 0.52730 0.40448 0.52566 0.39121 0.51340 0.38738 0.50425 0.38298 0.48825 0.38225 0.47308 0.37972 0.45683 0.37972 0.44651 0.37810 0.43677 0.37231 0.45275 0.37123 0.46279 0.37484 0.46766 0.37521 0.48040
1 0.45471 0.32670 0.46808 0.32887 0.47278 0.33240 0.47875 0.34217 0.48471 0.35219 0.48923 0.36602 0.49211 0.37821 0.49664 0.38634 0.50350 0.38743 0.50640 0.38283 0.50567 0.37117 0.49411 0.34949 0.48543 0.33538 0.47730 0.32753 0.47079 0.32155 0.46501 0.31885 0.46031 0.31885 0.45471 0.32183 0.45471 0.32670
4 0.86346 0.39143 0.86777 0.45213 0.87749 0.46266 0.88126 0.47966 0.88504 0.49179 0.90176 0.50798 0.90716 0.51366 0.92011 0.51121 0.93091 0.46185 0.93792 0.40681 0.93522 0.35987 0.92658 0.32345 0.91796 0.29917 0.90122 0.27164 0.89098 0.27002 0.87262 0.30321 0.86831 0.33234 0.86129 0.35583 0.86346 0.39143
4 0.74150 0.46347 0.74260 0.50070 0.74637 0.51447 0.78143 0.52094 0.82136 0.51366 0.84780 0.50475 0.86021 0.49260 0.86508 0.45700 0.86292 0.38496 0.85051 0.31617 0.83972 0.28945 0.82838 0.27002 0.81166 0.26517 0.78306 0.27408 0.76471 0.29675 0.74313 0.35664 0.74150 0.39792 0.74150 0.46347
4 0.60930 0.40519 0.61147 0.47885 0.61363 0.50394 0.62279 0.52175 0.62982 0.52983 0.66218 0.52498 0.71831 0.52094 0.73396 0.51608 0.74096 0.49989 0.73827 0.41572 0.72532 0.35177 0.71021 0.31375 0.69565 0.28783 0.68431 0.27813 0.67406 0.27164 0.65518 0.27489 0.64061 0.28783 0.62928 0.30806 0.61956 0.35015 0.61579 0.37768 0.60930 0.40519
1 0.56223 0.32428 0.57308 0.33023 0.57850 0.33675 0.57904 0.35030 0.57887 0.36221 0.58048 0.37713 0.58536 0.38364 0.59024 0.38445 0.59295 0.37957 0.59133 0.36521 0.59096 0.35464 0.59024 0.34758 0.58373 0.33755 0.58030 0.33187 0.57506 0.32183 0.56458 0.31749 0.55735 0.31696 0.55645 0.31966 0.56223 0.32428
4 0.51759 0.48370 0.52082 0.50555 0.52783 0.52255 0.53970 0.52902 0.55427 0.53713 0.56183 0.53308 0.57478 0.52255 0.58881 0.52094 0.59799 0.51366 0.60823 0.48128 0.60984 0.43108 0.60930 0.39062 0.60176 0.36553 0.58773 0.34206 0.57047 0.31375 0.55589 0.29513 0.54186 0.29755 0.53216 0.30887 0.52028 0.34449 0.51434 0.38577 0.51165 0.42300 0.51759 0.48370
1 0.27519 0.65419 0.27818 0.66206 0.28418 0.67049 0.28756 0.67555 0.29617 0.66825 0.31041 0.65645 0.30704 0.65083 0.30892 0.63789 0.30966 0.62608 0.30667 0.60811 0.30443 0.59181 0.30105 0.56596 0.30142 0.55640 0.30105 0.54740 0.29804 0.55247 0.28569 0.58730 0.27519 0.61879 0.27407 0.62496 0.27519 0.65419
1 0.32431 0.62900 0.32908 0.63021 0.33149 0.62957 0.33365 0.62921 0.33530 0.62494 0.32718 0.62357 0.32220 0.62562 0.32099 0.62832 0.32431 0.62900
1 0.36776 0.56647 0.36125 0.57934 0.35397 0.59770 0.34980 0.61487 0.34668 0.62853 0.34799 0.63906 0.34955 0.65313 0.35604 0.66015 0.36984 0.66053 0.38597 0.66132 0.40028 0.66053 0.40939 0.66053 0.42240 0.65430 0.42033 0.61683 0.42631 0.58598 0.42787 0.56334 0.41772 0.55085 0.40913 0.54304 0.39404 0.54032 0.37375 0.52666 0.37035 0.52783 0.36828 0.53523 0.37348 0.54930 0.36801 0.55983 0.36776 0.56647
4 0.38970 0.50555 0.39563 0.51447 0.41183 0.52498 0.43287 0.51608 0.44366 0.49989 0.44582 0.49017 0.43502 0.44081 0.42963 0.41330 0.41614 0.38415 0.40643 0.36715 0.39240 0.36068 0.38376 0.36796 0.37945 0.39630 0.37783 0.42462 0.38160 0.47236 0.38970 0.50555
4 0.29074 0.47496 0.29182 0.49762 0.29938 0.51947 0.30963 0.53243 0.32096 0.53647 0.33067 0.53323 0.34092 0.51866 0.35118 0.52677 0.36359 0.52838 0.36844 0.52272 0.39326 0.53970 0.40729 0.54296 0.41647 0.53728 0.42617 0.51866 0.41052 0.52272 0.39518 0.51468 0.38837 0.50489 0.38031 0.46445 0.37708 0.41587 0.38247 0.37783 0.36413 0.35921 0.34416 0.34385 0.32312 0.33413 0.30584 0.32928 0.29776 0.33979 0.29992 0.37379 0.29506 0.40375 0.28966 0.44421 0.29074 0.47496
4 0.28664 0.67715 0.30121 0.68281 0.31523 0.67877 0.33359 0.66985 0.34221 0.66096 0.36704 0.66177 0.38862 0.66419 0.40966 0.66419 0.42261 0.65449 0.42099 0.61402 0.42694 0.58730 0.42801 0.56302 0.41992 0.55332 0.40804 0.54360 0.39563 0.54036 0.36973 0.52417 0.36757 0.52821 0.35031 0.52660 0.34060 0.51932 0.33088 0.53389 0.32279 0.53794 0.31254 0.53551 0.30444 0.53306 0.28394 0.58811 0.27261 0.62292 0.27638 0.65772 0.28664 0.67715
4 0.42207 0.64638 0.42207 0.67877 0.42315 0.70466 0.42586 0.72004 0.44096 0.71357 0.45823 0.68442 0.47711 0.65692 0.48575 0.64962 0.48682 0.61564 0.49438 0.58245 0.50464 0.56221 0.49546 0.55087 0.48197 0.54360 0.46633 0.53225 0.45499 0.53551 0.43610 0.55817 0.42855 0.57921 0.42207 0.61564 0.42207 0.64638
4 0.49330 0.58811 0.48575 0.62372 0.48413 0.66015 0.48844 0.70223 0.49546 0.71196 0.50355 0.71277 0.52082 0.70142 0.53755 0.67634 0.55050 0.65934 0.55860 0.64477 0.55589 0.61157 0.55698 0.58972 0.55752 0.56545 0.56560 0.54925 0.56237 0.54521 0.55698 0.53875 0.53916 0.53145 0.52999 0.53389 0.52406 0.53470 0.50949 0.55413 0.50085 0.56868 0.49330 0.58811
4 0.55481 0.61968 0.56129 0.67796 0.57101 0.72085 0.58827 0.73136 0.59960 0.72732 0.60823 0.72085 0.62064 0.69738 0.63305 0.67958 0.63792 0.66258 0.63845 0.62292 0.63413 0.59621 0.63035 0.56625 0.63035 0.54683 0.64007 0.53064 0.62820 0.52821 0.62279 0.52013 0.61094 0.51121 0.60014 0.51447 0.58287 0.52579 0.56614 0.54683 0.55860 0.56302 0.55481 0.61968
4 0.63121 0.57215 0.64152 0.62883 0.66572 0.69413 0.67739 0.72715 0.69943 0.73121 0.71112 0.71702 0.71380 0.70087 0.71606 0.67319 0.71653 0.61994 0.71695 0.60981 0.71380 0.57877 0.71245 0.54575 0.71112 0.52213 0.68323 0.52415 0.65119 0.52579 0.64183 0.53000 0.63528 0.53749 0.62933 0.54872 0.63121 0.57215
4 0.73855 0.72040 0.75115 0.74334 0.76149 0.75008 0.76958 0.74064 0.77227 0.70962 0.77453 0.66443 0.78352 0.61115 0.78352 0.57808 0.78397 0.55719 0.78667 0.52008 0.78126 0.52143 0.74575 0.51468 0.74305 0.50255 0.73990 0.50323 0.73406 0.51672 0.71696 0.52143 0.71562 0.52751 0.71653 0.58079 0.72687 0.66375 0.73001 0.69613 0.73855 0.72040
