4 1.00000 0.35941 0.95758 0.31469 0.88959 0.30299 0.86650 0.31469 0.84982 0.31275 0.82801 0.34392 0.81903 0.35170 0.79850 0.35951 0.78439 0.36923 0.76514 0.39846 0.76386 0.39846 0.76130 0.42963 0.75488 0.49586 0.74976 0.55429 0.73179 0.70235 0.77157 0.85235 0.80236 0.90886 0.83443 0.95170 0.85880 0.96340 0.88573 0.96728 0.91268 0.96340 0.92935 0.95170 0.96785 0.92833 0.99222 0.90494 0.99864 0.88352 1.00000 0.74481 1.00000 0.35941
1 0.96557 0.59747 0.97150 0.58849 0.96595 0.58565 0.96002 0.59410 0.94927 0.59861 0.95482 0.60142 0.96557 0.59747
1 0.58378 0.67759 0.55020 0.67759 0.54967 0.68648 0.56299 0.69781 0.57472 0.70509 0.59337 0.69377 0.60297 0.69377 0.60350 0.70997 0.61630 0.71077 0.62909 0.70269 0.64400 0.70025 0.65681 0.70185 0.66480 0.68812 0.64935 0.66139 0.63175 0.65654 0.60829 0.67111 0.58378 0.67759
1 0.05081 0.54867 0.05748 0.54975 0.06380 0.55293 0.06274 0.54228 0.05854 0.53907 0.05222 0.53747 0.04976 0.54068 0.05081 0.54867
4 0.00000 0.95123 0.01898 0.95515 0.06325 0.95796 0.10661 0.93414 0.17669 0.83611 0.22004 0.74648 0.19884 0.66102 0.22465 0.48596 0.26155 0.39352 0.26248 0.35571 0.24587 0.31228 0.22189 0.28287 0.19699 0.24086 0.14903 0.20164 0.10661 0.17364 0.05587 0.16803 0.00146 0.19605 0.00000 0.59306 0.00000 0.95123
1 0.08768 0.47935 0.08980 0.47506 0.09858 0.45855 0.10069 0.44787 0.09191 0.45799 0.08559 0.46602 0.08313 0.47133 0.08768 0.47935
1 0.11193 0.51506 0.11754 0.51349 0.11929 0.50759 0.10736 0.50389 0.10665 0.50602 0.10770 0.51080 0.11193 0.51506
1 0.41919 0.89457 0.41945 0.91056 0.42254 0.91485 0.42896 0.90315 0.43435 0.89222 0.43898 0.87815 0.44285 0.86410 0.44413 0.84889 0.44439 0.83833 0.43949 0.82938 0.43205 0.84694 0.42819 0.86373 0.42254 0.88049 0.41919 0.89457
4 0.25329 0.81534 0.36106 0.90886 0.48028 0.94969 0.55990 0.93806 0.65740 0.85429 0.67791 0.80951 0.69106 0.76852 0.71484 0.72099 0.72825 0.68951 0.73821 0.62052 0.74720 0.55818 0.74898 0.50185 0.74959 0.47160 0.75325 0.43735 0.75325 0.40895 0.75232 0.37506 0.74463 0.33417 0.68191 0.21636 0.65098 0.19392 0.62405 0.19198 0.58171 0.19198 0.55990 0.19198 0.53551 0.19198 0.50215 0.19198 0.47012 0.18025 0.41240 0.17377 0.36321 0.19815 0.32384 0.28157 0.28921 0.34392 0.22250 0.48806 0.19685 0.66728 0.25329 0.81534
1 0.44201 0.63954 0.42441 0.65491 0.41642 0.67031 0.42921 0.69620 0.43347 0.72534 0.44093 0.75287 0.44520 0.78281 0.45959 0.77309 0.48305 0.72938 0.49797 0.71886 0.51929 0.70914 0.52514 0.68972 0.54061 0.67840 0.54701 0.66302 0.53900 0.64846 0.52248 0.63389 0.51396 0.62093 0.50010 0.61364 0.47665 0.61688 0.45161 0.63225 0.44201 0.63954
2 0.34530 0.85679 0.37939 0.88756 0.42266 0.91972 0.46228 0.93512 0.50004 0.94071 0.55345 0.93231 0.62069 0.88475 0.65293 0.85120 0.68240 0.78685 0.70081 0.74491 0.71187 0.69735 0.71187 0.65818 0.66398 0.65275 0.62898 0.64574 0.59213 0.66938 0.55254 0.66938 0.54057 0.63861 0.50925 0.61343 0.47425 0.61065 0.42911 0.63580 0.39043 0.66519 0.35175 0.65960 0.34345 0.67639 0.31860 0.72392 0.27807 0.74210 0.29372 0.81204 0.34530 0.85679
1 0.36524 0.86049 0.37112 0.87994 0.38764 0.89046 0.40309 0.89207 0.41429 0.87022 0.42335 0.83460 0.42868 0.80303 0.43028 0.78037 0.42280 0.76096 0.40417 0.74799 0.38870 0.74315 0.37431 0.74799 0.36524 0.76985 0.35886 0.78846 0.36258 0.82247 0.36524 0.86049
1 0.83510 0.64194 0.83880 0.63969 0.84140 0.63688 0.83919 0.63238 0.83177 0.63463 0.82953 0.64080 0.83213 0.64645 0.83510 0.64194
1 0.80175 0.66389 0.81323 0.64420 0.82472 0.63969 0.82213 0.63068 0.81435 0.61830 0.80841 0.61043 0.80063 0.60367 0.80472 0.61944 0.80472 0.63068 0.80620 0.64531 0.80175 0.66389
