4 0.45705 0.67207 0.43294 0.67956 0.43263 0.69759 0.42621 0.76622 0.43974 0.80480 0.45615 0.80850 0.47113 0.80876 0.48256 0.79655 0.49589 0.76180 0.50603 0.69433 0.49499 0.68400 0.45705 0.67207
1 0.21850 0.55387 0.22900 0.54340 0.24580 0.54077 0.26119 0.54588 0.27777 0.55591 0.28687 0.55118 0.27828 0.52675 0.26192 0.50414 0.23884 0.49597 0.21965 0.48786 0.20285 0.48852 0.19556 0.50102 0.18686 0.51934 0.17654 0.55607 0.16946 0.59285 0.17168 0.61328 0.17862 0.62118 0.19072 0.63012 0.20039 0.62933 0.20616 0.59445 0.21850 0.55387
4 0.31834 0.79290 0.33130 0.77959 0.33179 0.75138 0.33109 0.70516 0.33138 0.68827 0.33319 0.67135 0.31302 0.62593 0.31043 0.60330 0.30394 0.58969 0.29153 0.57144 0.28553 0.57133 0.28105 0.61410 0.25387 0.66997 0.24814 0.74206 0.24907 0.77365 0.25269 0.78044 0.27725 0.78878 0.29041 0.80704 0.29415 0.80711 0.31834 0.79290
4 0.86023 0.53289 0.86971 0.50484 0.89314 0.38152 0.90245 0.34630 0.89208 0.30943 0.88098 0.26469 0.86015 0.22895 0.83971 0.20890 0.81755 0.19502 0.78874 0.20106 0.75338 0.26718 0.73233 0.31014 0.72961 0.33324 0.73530 0.35928 0.76682 0.35420 0.77505 0.35434 0.80777 0.36622 0.83049 0.39366 0.83621 0.40957 0.84163 0.44119 0.84310 0.52805 0.84829 0.53154 0.86023 0.53289
4 0.24276 0.53875 0.22903 0.54462 0.21900 0.55493 0.21134 0.57838 0.20879 0.59480 0.19889 0.64761 0.22752 0.72253 0.25857 0.65765 0.28041 0.60732 0.28251 0.57351 0.27725 0.55595 0.24276 0.53875
4 0.20076 0.36913 0.21008 0.35011 0.20887 0.33319 0.20558 0.30719 0.19695 0.28678 0.19078 0.25509 0.18822 0.22910 0.18711 0.20768 0.18363 0.19295 0.18297 0.18730 0.18092 0.17713 0.14378 0.16067 0.10299 0.18250 0.08686 0.20480 0.08485 0.23520 0.07144 0.27441 0.07235 0.30827 0.06919 0.36006 0.07590 0.36245 0.10029 0.37864 0.11235 0.37549 0.20076 0.36913
4 0.38138 0.78382 0.39985 0.75371 0.41282 0.69646 0.40420 0.67713 0.40445 0.66246 0.40457 0.65569 0.39434 0.64088 0.37728 0.63155 0.37582 0.63039 0.34074 0.60553 0.32843 0.61362 0.32777 0.61797 0.32938 0.63185 0.32919 0.64311 0.33058 0.64990 0.33601 0.68044 0.33339 0.70293 0.33237 0.76157 0.35465 0.81380 0.37039 0.81185 0.38138 0.78382
4 0.55886 0.81802 0.56800 0.80944 0.57559 0.78992 0.58581 0.75250 0.59157 0.72120 0.59889 0.70080 0.60664 0.66870 0.60395 0.65974 0.59661 0.65018 0.58581 0.64624 0.57405 0.65044 0.56264 0.65841 0.54872 0.66695 0.54731 0.67635 0.53883 0.68376 0.52364 0.69359 0.52119 0.70114 0.51814 0.70983 0.51546 0.73030 0.51729 0.74174 0.51958 0.76007 0.52066 0.78150 0.52236 0.79991 0.52911 0.81182 0.53771 0.81765 0.55097 0.82177 0.55886 0.81802
4 0.62815 0.78154 0.64007 0.79118 0.65505 0.77008 0.66098 0.74250 0.66657 0.70800 0.67131 0.67538 0.67735 0.64155 0.67806 0.62457 0.67541 0.60814 0.66472 0.59979 0.65300 0.60212 0.64367 0.61012 0.62970 0.62119 0.61953 0.62918 0.61100 0.63973 0.60146 0.63642 0.59133 0.64192 0.58878 0.64563 0.59955 0.64962 0.60724 0.66421 0.60578 0.67611 0.60118 0.70057 0.59423 0.71491 0.59808 0.73384 0.60890 0.75984 0.62815 0.78154
4 0.73542 0.59032 0.72988 0.57389 0.71781 0.57115 0.69907 0.56833 0.68494 0.56555 0.67117 0.56405 0.65847 0.57391 0.65494 0.58516 0.65174 0.60083 0.66263 0.59975 0.67545 0.60627 0.67886 0.62646 0.67783 0.63775 0.67274 0.66662 0.66683 0.71805 0.66693 0.73570 0.68042 0.75166 0.69829 0.75760 0.71114 0.73896 0.72142 0.69953 0.73265 0.65382 0.73703 0.61743 0.73542 0.59032
4 0.73792 0.61430 0.73574 0.64505 0.74049 0.65837 0.74750 0.66351 0.75602 0.65358 0.76945 0.62678 0.77474 0.58599 0.77316 0.55705 0.77487 0.53065 0.76587 0.51980 0.75445 0.50453 0.73971 0.48855 0.71666 0.49378 0.69984 0.50104 0.68460 0.51209 0.67645 0.52579 0.67404 0.54400 0.67667 0.56100 0.70447 0.56969 0.72864 0.57326 0.73507 0.58717 0.73792 0.61430
4 0.67904 0.52016 0.68626 0.51338 0.70069 0.50045 0.71790 0.49446 0.73847 0.48853 0.75118 0.50133 0.76259 0.51659 0.77445 0.53126 0.77394 0.56082 0.77558 0.58600 0.77623 0.59732 0.79825 0.60278 0.81967 0.59494 0.83092 0.57312 0.83688 0.54244 0.84210 0.50540 0.84216 0.45382 0.83954 0.43806 0.83392 0.40149 0.82905 0.39263 0.81186 0.37280 0.80737 0.36770 0.78085 0.35593 0.76454 0.35691 0.75032 0.35915 0.73564 0.36331 0.72222 0.36622 0.70864 0.37856 0.70174 0.39228 0.69726 0.40980 0.69570 0.42738 0.68911 0.44613 0.67880 0.46233 0.67645 0.47736 0.67804 0.50568 0.67904 0.52016
