1 0.00000 0.48112 0.00302 0.47963 0.01029 0.48363 0.01618 0.49215 0.02546 0.51165 0.02997 0.53891 0.03149 0.55149 0.03433 0.55526 0.04036 0.55716 0.03567 0.52890 0.03203 0.50415 0.02084 0.48672 0.01352 0.46898 0.01056 0.46376 0.02241 0.43908 0.03257 0.41082 0.03301 0.39808 0.03150 0.38171 0.02835 0.37362 0.02405 0.35683 0.02021 0.33305 0.01824 0.34552 0.01818 0.34594 0.01986 0.35711 0.02381 0.37433 0.02582 0.38556 0.02508 0.39825 0.02243 0.40874 0.02448 0.41380 0.02132 0.42799 0.01420 0.44299 0.00557 0.45349 0.00074 0.45604 0.00000 0.46154 0.00000 0.48112
1 0.05990 0.55628 0.06190 0.55798 0.06638 0.55869 0.07002 0.55880 0.06676 0.55531 0.06470 0.55384 0.06180 0.55476 0.05990 0.55628
1 0.70834 0.66400 0.70537 0.66945 0.70514 0.67257 0.71359 0.67076 0.72416 0.65900 0.73025 0.65048 0.73385 0.64275 0.73605 0.63717 0.73587 0.63161 0.73690 0.62347 0.73863 0.61584 0.74123 0.61111 0.74170 0.60644 0.73792 0.60703 0.73443 0.61241 0.73212 0.62034 0.72924 0.63326 0.72402 0.64989 0.71892 0.65540 0.71332 0.66084 0.70834 0.66400
1 0.56434 0.62205 0.56131 0.61982 0.55791 0.62054 0.56263 0.62685 0.56524 0.63442 0.56702 0.64058 0.56894 0.64516 0.56946 0.65128 0.57260 0.65750 0.57153 0.64557 0.57036 0.63760 0.56770 0.62957 0.56434 0.62205
1 0.64899 0.66008 0.64660 0.65912 0.64395 0.65909 0.63844 0.66412 0.63554 0.66805 0.63560 0.67167 0.63283 0.67867 0.63792 0.67148 0.64227 0.66797 0.64653 0.66445 0.64985 0.66345 0.65119 0.66157 0.64899 0.66008
4 0.00000 0.91263 0.00175 0.91280 0.01706 0.90838 0.03124 0.89967 0.04561 0.88962 0.06042 0.87690 0.07187 0.86228 0.08422 0.84779 0.09677 0.83197 0.10843 0.81602 0.12235 0.80315 0.13626 0.79029 0.14547 0.77258 0.15420 0.75204 0.16183 0.73270 0.16878 0.71189 0.17463 0.69227 0.18310 0.66758 0.19005 0.64677 0.19522 0.62568 0.19861 0.60430 0.20378 0.58321 0.21141 0.56387 0.21547 0.54397 0.21551 0.52068 0.21596 0.49474 0.21620 0.47013 0.22027 0.45022 0.22455 0.42898 0.23039 0.40936 0.23378 0.38798 0.23628 0.36647 0.23410 0.34558 0.23214 0.32335 0.22976 0.30380 0.22538 0.28530 0.21790 0.26904 0.20822 0.25519 0.19833 0.24266 0.18712 0.23267 0.17524 0.22120 0.16424 0.20988 0.15324 0.19854 0.14225 0.18721 0.12931 0.18242 0.11505 0.18016 0.10126 0.18072 0.08751 0.18675 0.07240 0.18985 0.05755 0.19709 0.04313 0.20165 0.04083 0.20286 0.00000 0.46065 0.00000 0.91263
4 0.77247 0.87435 0.78540 0.85502 0.79537 0.83359 0.80239 0.81005 0.80670 0.78279 0.81077 0.75714 0.81269 0.73115 0.81568 0.70532 0.81975 0.67967 0.82381 0.65402 0.82656 0.62980 0.82848 0.60381 0.82480 0.57857 0.82326 0.55367 0.81826 0.52986 0.81540 0.50640 0.81254 0.48294 0.80433 0.45862 0.79272 0.44200 0.78374 0.42250 0.77609 0.40155 0.76815 0.37564 0.76050 0.35472 0.72000 0.33351 0.70345 0.33418 0.68589 0.34125 0.66781 0.35154 0.65163 0.36377 0.63626 0.37778 0.62032 0.38840 0.60357 0.39725 0.58712 0.41107 0.57012 0.42153 0.55475 0.43553 0.54025 0.45789 0.53215 0.48127 0.52464 0.50801 0.52007 0.53687 0.51600 0.56253 0.51168 0.58979 0.50737 0.61704 0.50676 0.64160 0.50698 0.66793 0.50775 0.69764 0.50986 0.72592 0.51272 0.74938 0.51960 0.77512 0.52724 0.79606 0.53704 0.81733 0.54605 0.84342 0.55768 0.86004 0.56664 0.87955 0.61473 0.91511 0.64368 0.92626 0.66368 0.93106 0.68242 0.93077 0.69838 0.92677 0.71517 0.92439 0.72799 0.91990 0.74418 0.90767 0.75874 0.89189 0.77247 0.87435
4 1.00000 0.39287 0.99792 0.39232 0.98116 0.40117 0.96365 0.41484 0.94827 0.42882 0.93372 0.44460 0.91891 0.46199 0.90516 0.47953 0.89067 0.50188 0.87534 0.52248 0.86078 0.53824 0.84440 0.55865 0.83524 0.58187 0.82527 0.60330 0.82120 0.62895 0.82117 0.65689 0.82056 0.68144 0.81946 0.70921 0.81514 0.73647 0.81347 0.76086 0.81261 0.78702 0.81655 0.81065 0.81941 0.83411 0.82837 0.85361 0.83867 0.87168 0.85054 0.88671 0.86480 0.90047 0.88091 0.90961 0.89410 0.92320 0.91019 0.93232 0.92853 0.95495 0.93561 0.94592 1.00000 0.53935 1.00000 0.39287
1 0.58193 0.68547 0.58417 0.68812 0.59056 0.68950 0.59896 0.68702 0.60603 0.68414 0.61101 0.68245 0.61441 0.68262 0.61710 0.68247 0.61852 0.68078 0.62148 0.67496 0.61654 0.67724 0.61082 0.67805 0.60678 0.68025 0.60001 0.68129 0.59183 0.68075 0.58646 0.67933 0.58322 0.67805 0.57917 0.67722 0.57939 0.68222 0.58193 0.68547
4 0.22024 0.58307 0.21528 0.60283 0.21300 0.62302 0.21250 0.64348 0.21488 0.66304 0.21727 0.68259 0.21944 0.70348 0.22361 0.72332 0.22998 0.74075 0.23992 0.75877 0.24828 0.77517 0.25465 0.79260 0.25904 0.81111 0.26409 0.83108 0.27598 0.84255 0.28875 0.85417 0.30106 0.86297 0.31337 0.87177 0.32722 0.87669 0.34305 0.88057 0.35730 0.88283 0.37152 0.87960 0.38840 0.87680 0.40368 0.86689 0.41738 0.85536 0.43087 0.84518 0.44431 0.82949 0.46502 0.80265 0.47774 0.77999 0.48693 0.76228 0.49567 0.74176 0.50016 0.71918 0.50376 0.69646 0.50532 0.66931 0.50624 0.64617 0.50763 0.62585 0.50745 0.60391 0.50791 0.57795 0.50794 0.55468 0.50866 0.53287 0.51289 0.50615 0.51806 0.48506 0.52569 0.46572 0.52529 0.44511 0.52202 0.42542 0.47746 0.30879 0.46799 0.29359 0.45499 0.28331 0.43688 0.27086 0.41696 0.25812 0.39868 0.25248 0.38267 0.25543 0.36846 0.25865 0.35522 0.27299 0.34148 0.27903 0.32684 0.28494 0.31178 0.29350 0.29855 0.30785 0.28531 0.32219 0.24014 0.37666 0.22962 0.39692 0.22466 0.41668 0.22060 0.43658 0.21701 0.45928 0.21362 0.48067 0.21312 0.50114 0.21640 0.52082 0.21768 0.54157 0.22163 0.56275 0.22024 0.58307
1 0.04535 0.55874 0.04744 0.56098 0.04884 0.56009 0.05016 0.55649 0.04866 0.55387 0.04752 0.55368 0.04600 0.55599 0.04535 0.55874
1 0.10569 0.49059 0.10603 0.49521 0.10629 0.50029 0.10788 0.50168 0.10964 0.49350 0.10880 0.48536 0.10543 0.48070 0.09916 0.47789 0.09157 0.47576 0.08355 0.47335 0.07683 0.47063 0.06390 0.46932 0.06328 0.47426 0.06768 0.47632 0.07649 0.47750 0.08282 0.47896 0.08902 0.48016 0.09509 0.48227 0.10130 0.48463 0.10416 0.48576 0.10569 0.49059
1 0.10781 0.52339 0.11055 0.52634 0.11494 0.52658 0.11577 0.52328 0.11339 0.52085 0.11167 0.51737 0.10926 0.51333 0.10747 0.51785 0.10781 0.52339
1 0.10714 0.55165 0.10397 0.54955 0.09885 0.55490 0.09431 0.55761 0.09140 0.55761 0.08769 0.55702 0.09118 0.56284 0.09638 0.56480 0.10033 0.56200 0.10528 0.55776 0.10741 0.55284 0.10714 0.55165
