4 0.54998 0.46005 0.57000 0.47013 0.60020 0.47538 0.62707 0.47995 0.65098 0.48490 0.65797 0.48463 0.67890 0.48707 0.68471 0.48690 0.69193 0.47952 0.69153 0.47261 0.68916 0.46401 0.68550 0.46200 0.66668 0.45769 0.65534 0.45650 0.64209 0.45031 0.62042 0.44577 0.61263 0.44719 0.60067 0.44324 0.58383 0.44061 0.57350 0.44023 0.56595 0.44335 0.55898 0.44945 0.55305 0.45320 0.54998 0.46005
4 1.00000 0.37483 0.99357 0.37358 0.98063 0.36876 0.96878 0.36128 0.95684 0.35730 0.94501 0.35565 0.92553 0.35772 0.90939 0.36337 0.89276 0.36860 0.88215 0.37857 0.87184 0.38697 0.85653 0.40026 0.85893 0.41471 0.86794 0.42785 0.88083 0.43592 0.91074 0.44268 0.92115 0.44864 0.94719 0.46050 0.97108 0.46547 0.99101 0.46706 1.00000 0.46704 1.00000 0.37483
4 0.49676 0.51965 0.51290 0.51693 0.52735 0.50803 0.53729 0.49858 0.54715 0.48651 0.55542 0.47966 0.55707 0.47415 0.55310 0.47078 0.54109 0.46711 0.51720 0.46507 0.50116 0.46130 0.47861 0.45533 0.46234 0.45278 0.45182 0.45334 0.44379 0.45893 0.43510 0.47091 0.43607 0.48674 0.44633 0.50237 0.46190 0.51157 0.47651 0.51669 0.49676 0.51965
4 0.37633 0.47578 0.39075 0.47598 0.41283 0.47247 0.42419 0.46456 0.43691 0.45564 0.44771 0.44769 0.45203 0.44333 0.45239 0.43555 0.43973 0.42923 0.42606 0.42523 0.41503 0.42540 0.38678 0.41308 0.35612 0.40123 0.34553 0.39917 0.33442 0.40580 0.32831 0.41635 0.32793 0.43023 0.33286 0.44651 0.33896 0.45677 0.35118 0.46829 0.37633 0.47578
4 0.70611 0.56721 0.72280 0.56167 0.73641 0.56009 0.74963 0.55156 0.76131 0.54505 0.77317 0.53760 0.78057 0.52927 0.78140 0.51903 0.77409 0.51500 0.75552 0.51533 0.73845 0.51686 0.72452 0.51415 0.69678 0.50811 0.67999 0.50227 0.67356 0.50558 0.66488 0.51752 0.66100 0.52262 0.66159 0.53741 0.66936 0.54800 0.67985 0.55654 0.68618 0.56265 0.70611 0.56721
4 0.55137 0.53319 0.56717 0.54117 0.58700 0.54630 0.60352 0.54756 0.61744 0.54441 0.63085 0.54083 0.63795 0.53408 0.64491 0.52799 0.65109 0.52297 0.66086 0.51739 0.66393 0.51051 0.65617 0.50282 0.64155 0.49773 0.60922 0.48852 0.58611 0.47944 0.56976 0.47431 0.56352 0.47668 0.54953 0.49510 0.54503 0.50337 0.54148 0.51273 0.54299 0.52278 0.55137 0.53319
4 0.83409 0.44730 0.82953 0.45587 0.82931 0.46592 0.83035 0.47845 0.84171 0.49139 0.86023 0.49727 0.87329 0.50147 0.88074 0.50776 0.88219 0.51523 0.88481 0.52254 0.88668 0.52781 0.89466 0.52839 0.90802 0.52510 0.92280 0.52052 0.93745 0.51358 0.94986 0.50623 0.95746 0.50283 0.96475 0.49807 0.97023 0.49070 0.97974 0.48342 0.98170 0.47928 0.97958 0.47232 0.95561 0.46474 0.93077 0.45568 0.91032 0.44783 0.89423 0.44435 0.89087 0.44077 0.87843 0.43640 0.86821 0.43539 0.85429 0.43564 0.84625 0.43827 0.83409 0.44730
1 0.19125 0.26129 0.20133 0.26551 0.21091 0.26738 0.22451 0.26922 0.23667 0.26879 0.24814 0.26702 0.26007 0.26535 0.27046 0.26670 0.27673 0.26366 0.25367 0.26170 0.21765 0.25950 0.19638 0.25563 0.17504 0.25095 0.16414 0.25096 0.16387 0.25237 0.17054 0.25580 0.17615 0.25862 0.19125 0.26129
4 0.48413 0.43883 0.50561 0.44138 0.52993 0.44120 0.54442 0.44108 0.55790 0.44016 0.55496 0.42850 0.54626 0.41672 0.53505 0.41490 0.51896 0.41437 0.50387 0.41466 0.49094 0.41572 0.46520 0.41723 0.44187 0.41825 0.43080 0.42163 0.43763 0.42817 0.45566 0.43359 0.48413 0.43883
4 0.77528 0.54455 0.77945 0.54991 0.79672 0.55327 0.82395 0.55007 0.84677 0.54572 0.86977 0.54043 0.87748 0.53347 0.88247 0.52566 0.88126 0.51404 0.88068 0.50810 0.87640 0.50334 0.86177 0.49825 0.82804 0.49332 0.78762 0.48706 0.75662 0.48884 0.75198 0.49187 0.75407 0.50493 0.76771 0.51510 0.78313 0.51907 0.78315 0.52490 0.78022 0.53701 0.77528 0.54455
4 0.25274 0.40651 0.25913 0.41526 0.27705 0.42424 0.29509 0.42063 0.31434 0.41981 0.32669 0.41278 0.33551 0.40311 0.34614 0.39604 0.35431 0.39567 0.36202 0.38871 0.36045 0.38190 0.35529 0.37277 0.34363 0.36432 0.32335 0.35261 0.29671 0.33796 0.28908 0.33257 0.27212 0.33058 0.25128 0.33368 0.23818 0.34155 0.23029 0.35237 0.22456 0.36105 0.22150 0.37083 0.22728 0.37976 0.23952 0.39418 0.25274 0.40651
2 0.27491 0.25080 0.27685 0.24255 0.27505 0.23779 0.26745 0.23133 0.25453 0.22939 0.24307 0.22697 0.23730 0.22508 0.23475 0.22766 0.23125 0.22985 0.21688 0.23894 0.20398 0.24392 0.18556 0.24571 0.17612 0.24694 0.17033 0.25042 0.18689 0.25114 0.21763 0.25789 0.27808 0.26254 0.27515 0.25833 0.27491 0.25080
4 0.21379 0.35765 0.23015 0.34924 0.24550 0.33593 0.25955 0.32679 0.28188 0.32809 0.29245 0.33180 0.30078 0.32679 0.31135 0.31283 0.31667 0.30061 0.31607 0.29359 0.30948 0.28458 0.30558 0.27940 0.28833 0.26391 0.24860 0.26115 0.21707 0.25916 0.18743 0.25257 0.16883 0.24978 0.16184 0.25036 0.16706 0.27402 0.18309 0.31607 0.20007 0.33980 0.20925 0.35318 0.21379 0.35765
4 0.30321 0.26127 0.31921 0.25471 0.32466 0.24942 0.32474 0.24143 0.32073 0.23430 0.32084 0.22107 0.31439 0.20628 0.31561 0.19492 0.31506 0.18266 0.31030 0.17428 0.30176 0.16517 0.29025 0.16128 0.28052 0.15828 0.26444 0.15515 0.24678 0.15255 0.24072 0.14585 0.22720 0.13963 0.21069 0.13366 0.20013 0.13243 0.18757 0.13386 0.17624 0.13663 0.16470 0.14295 0.14867 0.15474 0.14300 0.17380 0.14824 0.20491 0.15320 0.22990 0.16146 0.25056 0.16844 0.24998 0.18815 0.25216 0.21879 0.25867 0.28756 0.26347 0.30321 0.26127
1 0.19111 0.19751 0.19283 0.19500 0.19442 0.19461 0.19732 0.19379 0.19582 0.19234 0.19266 0.19165 0.18698 0.19201 0.18401 0.19390 0.18339 0.19709 0.18235 0.20098 0.18226 0.20358 0.18314 0.20467 0.18566 0.20370 0.18932 0.20040 0.19111 0.19751
