4 0.16275 0.50228 0.17596 0.55006 0.19927 0.58269 0.21714 0.60601 0.25443 0.63398 0.27308 0.63748 0.34146 0.65845 0.36088 0.65613 0.38264 0.64447 0.40753 0.60833 0.41294 0.57105 0.40750 0.51976 0.40673 0.48713 0.40128 0.44983 0.39740 0.43235 0.39818 0.39156 0.38885 0.33328 0.37487 0.29715 0.35933 0.27268 0.33680 0.24587 0.32669 0.24354 0.28940 0.25053 0.25443 0.24820 0.23190 0.25286 0.21170 0.26569 0.18683 0.29831 0.16896 0.32280 0.16041 0.36592 0.15809 0.43468 0.16275 0.50228
1 0.93614 0.24658 0.91585 0.25643 0.89742 0.27235 0.88649 0.29156 0.87993 0.32294 0.87712 0.35151 0.88149 0.39881 0.88524 0.41381 0.88743 0.38757 0.89055 0.36181 0.89399 0.33370 0.90367 0.30185 0.92084 0.28125 0.94145 0.26954 0.95925 0.26954 0.97860 0.26673 0.97017 0.25548 0.95550 0.24519 0.93614 0.24658
1 0.03048 0.43738 0.02710 0.42762 0.02033 0.41903 0.01305 0.41708 0.00264 0.40381 0.00238 0.43699 0.01357 0.44128 0.02476 0.44362 0.03048 0.43738
4 0.09049 0.66545 0.12001 0.66429 0.15498 0.64331 0.17596 0.61417 0.19694 0.58037 0.17362 0.55356 0.16119 0.47781 0.15653 0.41137 0.16119 0.34377 0.17362 0.30997 0.14332 0.27733 0.10991 0.25985 0.08738 0.25753 0.07961 0.28666 0.05707 0.30881 0.03065 0.29948 0.00191 0.36125 0.00269 0.59552 0.03299 0.62349 0.05863 0.64214 0.09049 0.66545
4 0.43780 0.59435 0.44791 0.65030 0.47588 0.66195 0.50541 0.65380 0.52794 0.61883 0.55047 0.55939 0.54814 0.49412 0.54193 0.43701 0.53338 0.38690 0.51162 0.35077 0.48986 0.32163 0.47510 0.31463 0.44869 0.31347 0.42615 0.32862 0.42071 0.34960 0.41294 0.37990 0.41838 0.45566 0.42615 0.53957 0.43470 0.58853 0.43780 0.59435
4 1.00000 0.28812 0.99336 0.27618 0.97316 0.25169 0.94053 0.24004 0.90478 0.25636 0.88225 0.28899 0.87526 0.34727 0.88148 0.40670 0.90401 0.47781 0.92654 0.52326 0.94519 0.55123 0.98248 0.55472 1.00000 0.53502 1.00000 0.28812
1 0.59386 0.48966 0.59621 0.49589 0.60199 0.49399 0.60977 0.49128 0.61970 0.48938 0.63091 0.49156 0.63976 0.49291 0.64970 0.49481 0.65783 0.49562 0.66741 0.50158 0.67482 0.50971 0.68457 0.51893 0.69090 0.52625 0.69723 0.52760 0.69650 0.51974 0.69217 0.51541 0.68385 0.50863 0.67391 0.50077 0.67120 0.49616 0.66488 0.49372 0.65982 0.48694 0.65169 0.48803 0.64446 0.48640 0.63849 0.48233 0.63416 0.47827 0.62765 0.47312 0.61735 0.47095 0.60832 0.47827 0.60272 0.48423 0.59386 0.48966
1 0.80943 0.41318 0.80827 0.41066 0.80681 0.40846 0.80586 0.40799 0.80419 0.40752 0.80471 0.41412 0.80764 0.41600 0.80922 0.41631 0.80943 0.41318
4 0.73229 0.58503 0.74783 0.60601 0.78590 0.62466 0.83330 0.63048 0.85583 0.61650 0.89391 0.59435 0.91022 0.58154 0.91877 0.55472 0.92965 0.52908 0.90012 0.46848 0.87914 0.40555 0.84340 0.36592 0.81077 0.34377 0.78202 0.33444 0.75560 0.35077 0.73540 0.41370 0.72452 0.47081 0.72452 0.53957 0.73229 0.58503
4 0.55902 0.57804 0.57145 0.59669 0.60098 0.62931 0.63128 0.64796 0.65925 0.64331 0.68956 0.61067 0.71442 0.59086 0.72763 0.57570 0.72064 0.50228 0.72374 0.42769 0.71986 0.37524 0.70587 0.33444 0.68412 0.31114 0.66314 0.29948 0.64449 0.30181 0.62118 0.31930 0.58621 0.36825 0.55824 0.46731 0.55513 0.54307 0.55902 0.57804
