2 0.61496 0.39039 0.60760 0.39658 0.59547 0.41354 0.58500 0.42833 0.57391 0.44363 0.56757 0.45598 0.55821 0.46671 0.55566 0.47718 0.56022 0.48324 0.56785 0.48672 0.56153 0.52015 0.56073 0.52968 0.57184 0.51618 0.57965 0.52029 0.58307 0.52679 0.58335 0.53827 0.57895 0.54067 0.57751 0.54708 0.58352 0.54673 0.59240 0.54135 0.59900 0.53867 0.60379 0.54115 0.61002 0.54503 0.61365 0.54614 0.61986 0.54822 0.62502 0.55196 0.62868 0.55669 0.63711 0.56028 0.64171 0.56032 0.64625 0.55494 0.65176 0.54849 0.65629 0.53167 0.66232 0.52348 0.66580 0.51795 0.66821 0.51046 0.67266 0.50386 0.67597 0.49951 0.67808 0.48837 0.67948 0.47652 0.68102 0.46169 0.68261 0.45228 0.68173 0.44312 0.68158 0.42685 0.68155 0.42323 0.67523 0.41813 0.66727 0.40737 0.66446 0.40036 0.66474 0.39257 0.65777 0.39400 0.65356 0.39702 0.64112 0.38925 0.63347 0.38396 0.62728 0.38369 0.62022 0.38571 0.61496 0.39039
1 0.20930 0.71548 0.20999 0.71314 0.21035 0.70996 0.20923 0.71081 0.20862 0.71256 0.20879 0.71460 0.20930 0.71548
4 0.35706 0.45204 0.35071 0.47222 0.34463 0.48461 0.33425 0.49881 0.32776 0.51415 0.31540 0.53469 0.31359 0.54949 0.31097 0.57200 0.30565 0.60978 0.30366 0.63359 0.30267 0.65994 0.30270 0.66355 0.30733 0.66722 0.30879 0.67224 0.30979 0.68442 0.30912 0.70841 0.30934 0.72229 0.31330 0.73067 0.31415 0.73621 0.31782 0.75057 0.32323 0.75940 0.33148 0.76237 0.34555 0.76435 0.36765 0.76504 0.40487 0.76606 0.43720 0.76338 0.46242 0.75729 0.48658 0.74142 0.49104 0.72699 0.49340 0.70445 0.49592 0.66145 0.49823 0.62385 0.50339 0.57941 0.50697 0.52694 0.50805 0.49999 0.51152 0.47339 0.50415 0.46031 0.49705 0.44727 0.49246 0.41833 0.49171 0.40438 0.49181 0.37670 0.49078 0.37053 0.48438 0.36602 0.48128 0.34571 0.47592 0.32991 0.47002 0.32366 0.45937 0.31855 0.44719 0.31082 0.43570 0.31438 0.42593 0.29916 0.42274 0.29871 0.40867 0.30637 0.40092 0.31913 0.39440 0.33085 0.38637 0.35140 0.37429 0.38342 0.36639 0.40880 0.36231 0.42629 0.35706 0.45204
4 0.66653 0.57781 0.66306 0.61634 0.66282 0.64578 0.66573 0.68607 0.66882 0.73072 0.67113 0.76140 0.67529 0.77065 0.68487 0.77460 0.71113 0.77915 0.73656 0.77579 0.75285 0.77635 0.76057 0.77136 0.76435 0.76669 0.77106 0.74943 0.77653 0.72159 0.78191 0.69720 0.78442 0.67935 0.78901 0.63838 0.79128 0.59448 0.79529 0.57424 0.79761 0.53555 0.79873 0.51923 0.80134 0.48405 0.80155 0.45200 0.79833 0.41947 0.80065 0.40853 0.80015 0.38158 0.79783 0.36478 0.78939 0.34712 0.77100 0.35321 0.75864 0.36621 0.74583 0.38522 0.73635 0.40556 0.72574 0.42834 0.71573 0.44688 0.70586 0.46717 0.69735 0.48331 0.68034 0.52947 0.66653 0.57781
4 0.66232 0.67432 0.65790 0.69191 0.65312 0.72592 0.64502 0.75859 0.64552 0.78554 0.65070 0.79580 0.66258 0.81395 0.67269 0.83357 0.68055 0.85809 0.68767 0.88510 0.69968 0.90499 0.70908 0.91585 0.71710 0.90310 0.72303 0.86926 0.72750 0.82914 0.73187 0.77860 0.72220 0.77811 0.70972 0.77809 0.69737 0.77722 0.68031 0.77655 0.67305 0.76166 0.66698 0.73827 0.66509 0.69899 0.66370 0.67279 0.66232 0.67432
4 0.44825 0.77169 0.45477 0.78908 0.46440 0.81210 0.47637 0.82679 0.49334 0.84478 0.50151 0.83379 0.50999 0.81504 0.52930 0.76920 0.53848 0.74275 0.54753 0.70327 0.55229 0.66666 0.55661 0.63866 0.56175 0.60210 0.56149 0.58733 0.55657 0.57796 0.54813 0.57418 0.54460 0.57715 0.53587 0.56986 0.53270 0.57027 0.52252 0.57058 0.51000 0.57922 0.50288 0.59383 0.49592 0.65441 0.49518 0.68465 0.49360 0.72084 0.48956 0.73848 0.48302 0.74623 0.47009 0.75221 0.45501 0.75963 0.44765 0.76207 0.44825 0.77169
4 0.25791 0.84724 0.27220 0.85098 0.28517 0.82246 0.29793 0.78437 0.30333 0.76259 0.31010 0.73666 0.30854 0.71997 0.30778 0.70599 0.31096 0.67783 0.30384 0.66469 0.29786 0.66558 0.29478 0.69030 0.28869 0.70591 0.27944 0.72455 0.26484 0.74244 0.24570 0.75102 0.24403 0.76292 0.24451 0.80114 0.24501 0.82809 0.25791 0.84724
4 0.80367 0.85474 0.80541 0.82118 0.80738 0.80717 0.80628 0.79831 0.79561 0.79507 0.78215 0.77715 0.77685 0.76804 0.77078 0.75325 0.76442 0.76839 0.75290 0.77792 0.75582 0.79505 0.75803 0.81383 0.76054 0.83613 0.76754 0.85210 0.77084 0.86650 0.77949 0.87852 0.78774 0.88560 0.79671 0.87641 0.80217 0.86881 0.80367 0.85474
4 0.14857 0.91510 0.15889 0.90268 0.17392 0.87619 0.18635 0.84325 0.19385 0.81483 0.20391 0.78763 0.21223 0.76453 0.21555 0.75199 0.19954 0.74107 0.19142 0.72952 0.18711 0.70464 0.18310 0.71101 0.17593 0.72041 0.16955 0.73252 0.16570 0.75712 0.15849 0.78905 0.15607 0.81732 0.15227 0.84713 0.14283 0.88655 0.14157 0.91498 0.14857 0.91510
4 0.33303 0.79538 0.34797 0.82782 0.36381 0.83438 0.37731 0.83541 0.39198 0.81146 0.40297 0.78873 0.41286 0.77105 0.41346 0.76680 0.33249 0.76322 0.33303 0.79538
4 0.24924 0.39474 0.24534 0.41286 0.24118 0.43094 0.23494 0.44451 0.23071 0.45536 0.22762 0.46576 0.22158 0.49140 0.21700 0.51243 0.21202 0.53822 0.20555 0.57464 0.19846 0.61158 0.19335 0.63253 0.19055 0.65442 0.18872 0.67704 0.18710 0.69247 0.18746 0.70335 0.18935 0.71686 0.19154 0.72440 0.19363 0.73071 0.19997 0.73762 0.20717 0.74225 0.21359 0.74857 0.22275 0.75467 0.22745 0.75593 0.23910 0.75396 0.24809 0.75161 0.25654 0.74738 0.26819 0.73577 0.27796 0.72209 0.28360 0.71085 0.29123 0.69506 0.29571 0.68244 0.29650 0.68075 0.29764 0.66104 0.30066 0.61450 0.30403 0.59631 0.30786 0.57096 0.31103 0.55997 0.31540 0.53469 0.31795 0.51458 0.31911 0.50631 0.32346 0.49851 0.33101 0.48329 0.32996 0.47532 0.32393 0.47207 0.32484 0.45594 0.32905 0.43365 0.33297 0.41735 0.33305 0.41676 0.33571 0.39786 0.32939 0.39276 0.32278 0.38581 0.31527 0.37573 0.30704 0.36494 0.29328 0.34915 0.28829 0.34424 0.28155 0.33246 0.27739 0.33127 0.27105 0.33399 0.26741 0.34251 0.26205 0.35560 0.25404 0.37796 0.24924 0.39474
4 0.55969 0.62782 0.55604 0.65939 0.54858 0.70689 0.54748 0.73968 0.55764 0.75065 0.56497 0.78722 0.57238 0.81774 0.58468 0.85502 0.59491 0.85992 0.60583 0.85712 0.62052 0.83578 0.62941 0.81969 0.63536 0.80232 0.64095 0.77363 0.64741 0.74159 0.65173 0.71358 0.65642 0.68303 0.66151 0.66901 0.66399 0.66242 0.66280 0.62931 0.66210 0.60927 0.65756 0.59996 0.64122 0.59420 0.63286 0.58435 0.62161 0.57844 0.60708 0.57640 0.59659 0.57059 0.57695 0.56609 0.56932 0.56762 0.56323 0.58324 0.56325 0.59971 0.55969 0.62782
4 0.04182 0.54541 0.04064 0.58427 0.04026 0.61195 0.04105 0.64241 0.04772 0.67542 0.05596 0.68612 0.06298 0.68884 0.06781 0.68779 0.07276 0.68588 0.07452 0.68440 0.07280 0.66335 0.07269 0.63645 0.07491 0.58735 0.07668 0.57199 0.07266 0.56449 0.07011 0.54939 0.06521 0.52876 0.06268 0.51627 0.05909 0.50016 0.05567 0.48841 0.05331 0.48027 0.05128 0.48085 0.04827 0.48563 0.04588 0.50264 0.04182 0.54541
4 0.07622 0.57800 0.07323 0.62699 0.07280 0.66335 0.07710 0.68823 0.08442 0.69445 0.09627 0.69612 0.10860 0.69439 0.12088 0.68744 0.12540 0.68027 0.12635 0.67348 0.12597 0.65955 0.12733 0.62766 0.12705 0.59641 0.12726 0.57823 0.12781 0.55490 0.12848 0.53072 0.12805 0.51159 0.12659 0.50531 0.12086 0.49063 0.11536 0.48813 0.10941 0.47776 0.09747 0.46567 0.09016 0.45944 0.08827 0.44791 0.08550 0.45099 0.08378 0.45768 0.08091 0.47808 0.07744 0.51661 0.07696 0.53388 0.07575 0.55365 0.07622 0.57800
4 0.56636 0.48772 0.56407 0.50787 0.56073 0.52968 0.55896 0.54809 0.56485 0.55434 0.57515 0.55036 0.58589 0.54525 0.59427 0.54342 0.60064 0.54432 0.60457 0.54908 0.61000 0.55285 0.61605 0.55792 0.61833 0.56486 0.62380 0.57406 0.62860 0.57654 0.63225 0.57946 0.63840 0.57612 0.64207 0.57121 0.64559 0.55966 0.64985 0.56207 0.65251 0.56244 0.65513 0.55920 0.65765 0.55473 0.66066 0.54492 0.66378 0.53813 0.66602 0.53183 0.66728 0.52478 0.66844 0.51652 0.67076 0.50962 0.67453 0.50593 0.67891 0.49210 0.67964 0.48497 0.68099 0.46770 0.68261 0.45228 0.68361 0.43556 0.68416 0.41818 0.68378 0.40548 0.68137 0.39370 0.68006 0.38569 0.67838 0.37643 0.67273 0.36660 0.66572 0.35478 0.66098 0.34809 0.65711 0.34093 0.65134 0.33770 0.64571 0.34113 0.64012 0.34817 0.63142 0.35417 0.62688 0.34992 0.62105 0.35091 0.61472 0.35363 0.60413 0.35575 0.58920 0.36570 0.57514 0.38479 0.56386 0.40729 0.55423 0.42761 0.54373 0.46768 0.54190 0.49030 0.55194 0.48630 0.55906 0.48187 0.56636 0.48772
4 0.02843 0.85569 0.03582 0.85773 0.05128 0.84085 0.06220 0.81930 0.06913 0.80372 0.07928 0.77805 0.08574 0.75939 0.09119 0.74310 0.09755 0.72994 0.10132 0.71592 0.10432 0.69778 0.10453 0.69630 0.09261 0.69764 0.08715 0.69637 0.08211 0.69366 0.07595 0.68777 0.07276 0.68588 0.06175 0.68929 0.05270 0.68300 0.04785 0.69185 0.04511 0.70652 0.03979 0.73638 0.03875 0.76784 0.03366 0.80726 0.03063 0.83042 0.02843 0.85569
4 0.07955 0.81622 0.07525 0.86127 0.07386 0.87763 0.08407 0.88358 0.09814 0.86700 0.11205 0.84186 0.12336 0.82238 0.13595 0.78902 0.14692 0.76548 0.15562 0.75014 0.16193 0.73899 0.16341 0.73167 0.15951 0.73213 0.15539 0.73255 0.14842 0.71953 0.14547 0.71159 0.13915 0.69715 0.13328 0.68278 0.12882 0.67915 0.12432 0.68554 0.11722 0.69106 0.11028 0.69711 0.10517 0.70141 0.10215 0.72607 0.09450 0.75159 0.08629 0.78756 0.07955 0.81622
4 0.15657 0.32212 0.15206 0.34075 0.14557 0.36572 0.14180 0.38868 0.13870 0.41654 0.13667 0.44635 0.13428 0.47492 0.13294 0.49219 0.12806 0.51920 0.12758 0.56308 0.12696 0.59250 0.12771 0.61608 0.12736 0.64554 0.12658 0.66650 0.12723 0.67923 0.13559 0.68523 0.14337 0.70498 0.15376 0.72932 0.16708 0.72698 0.18170 0.71158 0.18746 0.70335 0.18771 0.68232 0.18972 0.66032 0.19178 0.64375 0.19503 0.62254 0.20107 0.59689 0.20583 0.56686 0.21214 0.53162 0.21841 0.50240 0.22424 0.47251 0.22568 0.46609 0.22352 0.45254 0.21899 0.43083 0.21664 0.41485 0.21463 0.39831 0.21057 0.38871 0.20287 0.37799 0.19585 0.36436 0.19064 0.34557 0.18709 0.33423 0.18295 0.31739 0.17871 0.30716 0.17585 0.30435 0.16784 0.30744 0.16406 0.30932 0.15976 0.31293 0.15657 0.32212
4 0.80652 0.50819 0.80459 0.53306 0.80167 0.54825 0.79587 0.56738 0.79185 0.58762 0.79030 0.61255 0.78664 0.64411 0.78423 0.68625 0.77985 0.70905 0.77543 0.72664 0.77056 0.75023 0.77517 0.76735 0.78755 0.78469 0.79899 0.79757 0.80805 0.79971 0.82360 0.77502 0.83146 0.75792 0.84155 0.73333 0.84769 0.70905 0.85232 0.68716 0.85739 0.65666 0.86016 0.63970 0.86231 0.62440 0.86783 0.60177 0.87493 0.57069 0.88071 0.54896 0.88647 0.52463 0.88958 0.48865 0.89232 0.46910 0.89374 0.44242 0.89199 0.43264 0.88934 0.42099 0.89168 0.38491 0.88463 0.37958 0.87854 0.39520 0.86652 0.41692 0.85326 0.44193 0.84430 0.45021 0.83532 0.45588 0.82717 0.46948 0.81964 0.48142 0.81295 0.48742 0.80652 0.50819
1 0.55233 0.60744 0.55501 0.59736 0.55582 0.58903 0.55577 0.58298 0.55512 0.57726 0.54830 0.57429 0.54793 0.57826 0.55013 0.58702 0.54991 0.59504 0.54154 0.61598 0.53700 0.62902 0.53270 0.64411 0.53142 0.65197 0.53562 0.64653 0.54206 0.63416 0.54708 0.62159 0.55233 0.60744
