1 0.50113 0.43361 0.50955 0.41277 0.51456 0.39456 0.51717 0.37298 0.52374 0.36141 0.53941 0.35418 0.55496 0.35111 0.56034 0.36288 0.56055 0.37128 0.55333 0.38545 0.54903 0.39898 0.55349 0.41818 0.56152 0.41741 0.56718 0.41325 0.56811 0.40028 0.57203 0.38457 0.57617 0.37169 0.57725 0.35807 0.57605 0.34803 0.57693 0.34268 0.58166 0.33483 0.58182 0.32306 0.57791 0.31652 0.54756 0.32147 0.52283 0.33544 0.50586 0.35904 0.49434 0.39786 0.48395 0.43212 0.47677 0.47203 0.47710 0.50965 0.48562 0.49023 0.49260 0.45860 0.50113 0.43361
1 0.63655 0.26039 0.63360 0.25659 0.63110 0.25540 0.62914 0.25212 0.62679 0.25043 0.62464 0.25156 0.61887 0.25459 0.61583 0.26082 0.61718 0.26729 0.62136 0.27140 0.62418 0.27350 0.62787 0.27582 0.63113 0.27467 0.63484 0.26946 0.63676 0.26548 0.63655 0.26039
2 0.18620 0.57076 0.19250 0.63839 0.22584 0.70316 0.24894 0.71614 0.30362 0.72737 0.36815 0.75666 0.45036 0.77595 0.50353 0.75799 0.54608 0.75057 0.56798 0.73320 0.59532 0.69077 0.59814 0.63143 0.60529 0.58036 0.62456 0.53832 0.64862 0.44822 0.69051 0.36018 0.69598 0.28706 0.69260 0.25258 0.67823 0.22377 0.65465 0.19026 0.63896 0.17315 0.63399 0.17071 0.61831 0.18240 0.59190 0.22747 0.53975 0.24450 0.46921 0.25214 0.42175 0.26313 0.36483 0.28018 0.30790 0.29719 0.24222 0.34930 0.20624 0.39437 0.19307 0.48239 0.18620 0.57076
4 0.72842 0.81647 0.80640 0.81427 0.84548 0.79520 0.88091 0.73315 0.89820 0.65098 0.91615 0.60140 0.94039 0.55219 0.96491 0.52107 0.97760 0.47018 0.97705 0.41478 0.97197 0.35828 0.95037 0.29763 0.93009 0.27336 0.89130 0.26249 0.87382 0.25573 0.82347 0.26239 0.79125 0.26996 0.73206 0.31527 0.69493 0.35526 0.65097 0.44520 0.63150 0.53284 0.62295 0.58957 0.61337 0.65685 0.62491 0.71619 0.66651 0.78300 0.72842 0.81647
4 0.16506 0.69402 0.20310 0.73354 0.24639 0.76475 0.32061 0.80006 0.37021 0.81243 0.44227 0.80517 0.50389 0.78211 0.56393 0.74302 0.59729 0.69247 0.59796 0.63858 0.60613 0.58658 0.62634 0.53756 0.63913 0.49270 0.64993 0.44615 0.66891 0.40524 0.69738 0.34866 0.71035 0.30625 0.71459 0.25085 0.68285 0.17327 0.65457 0.13618 0.62206 0.11608 0.58740 0.11104 0.54465 0.10640 0.51009 0.09778 0.44602 0.08900 0.43043 0.08751 0.39172 0.09229 0.35348 0.11758 0.30951 0.15947 0.27371 0.18779 0.22401 0.22703 0.17901 0.28908 0.15212 0.36166 0.13624 0.42857 0.13350 0.51318 0.14580 0.61114 0.16506 0.69402
1 0.79926 0.56566 0.78525 0.56624 0.77274 0.57028 0.75399 0.57631 0.74198 0.57432 0.73084 0.56747 0.72976 0.55957 0.73045 0.54600 0.73101 0.54101 0.73175 0.53258 0.72730 0.53147 0.72265 0.54197 0.71715 0.55184 0.72491 0.56547 0.72869 0.58830 0.75051 0.58351 0.76336 0.58215 0.77765 0.57502 0.80362 0.57798 0.80815 0.57607 0.79926 0.56566
1 0.85362 0.53342 0.84784 0.54982 0.84561 0.56556 0.84425 0.58048 0.84797 0.58187 0.85190 0.57017 0.85444 0.55861 0.85805 0.54824 0.85975 0.54003 0.86049 0.53163 0.85362 0.53342
1 0.54570 0.50312 0.53542 0.53879 0.53199 0.56922 0.53401 0.59265 0.54417 0.57781 0.55761 0.52207 0.57806 0.47713 0.59448 0.43534 0.60611 0.39792 0.61214 0.37371 0.61080 0.35321 0.61135 0.33805 0.60275 0.33174 0.59481 0.32839 0.59308 0.34462 0.59654 0.35662 0.59236 0.36044 0.57941 0.36972 0.57947 0.38434 0.58023 0.39981 0.57153 0.43102 0.56348 0.45404 0.55440 0.47749 0.54570 0.50312
1 0.52565 0.43347 0.51982 0.44384 0.52582 0.45505 0.52678 0.46781 0.53597 0.46801 0.54168 0.45624 0.53831 0.44568 0.53244 0.43587 0.52565 0.43347
1 0.31464 0.53309 0.32399 0.53822 0.33079 0.53503 0.33557 0.53068 0.34106 0.51605 0.34335 0.49576 0.34471 0.48290 0.34802 0.46773 0.35428 0.44637 0.36140 0.41963 0.36988 0.39117 0.37625 0.37676 0.38708 0.35374 0.38637 0.34174 0.38996 0.33846 0.40137 0.32602 0.41585 0.29766 0.37697 0.31090 0.35767 0.32904 0.33995 0.35382 0.33020 0.38545 0.32281 0.41141 0.31645 0.43694 0.30888 0.46911 0.30987 0.49853 0.31241 0.51794 0.31464 0.53309
