1 0.40589 0.93978 0.41791 0.94433 0.41227 0.93902 0.40879 0.93357 0.41149 0.93428 0.41664 0.93013 0.40342 0.92346 0.39241 0.91798 0.39168 0.91414 0.37932 0.91306 0.37502 0.91328 0.38075 0.92032 0.39218 0.92362 0.40163 0.93004 0.40344 0.93385 0.40589 0.93978
2 0.44796 0.50135 0.46187 0.52080 0.47526 0.53021 0.54830 0.52313 0.55451 0.51857 0.57104 0.51803 0.58219 0.51550 0.58833 0.50962 0.59102 0.49939 0.57596 0.48878 0.56662 0.47981 0.55970 0.47074 0.54174 0.45931 0.52560 0.45134 0.51486 0.43921 0.51449 0.42456 0.52257 0.40884 0.53977 0.39099 0.56303 0.37285 0.57279 0.36681 0.55393 0.36845 0.51877 0.37485 0.49133 0.38247 0.42472 0.39702 0.42770 0.40763 0.42614 0.42399 0.43333 0.43828 0.44385 0.43838 0.45949 0.43691 0.47462 0.44100 0.47821 0.44797 0.47202 0.46069 0.46169 0.47880 0.45211 0.48842 0.44796 0.50135
1 0.45915 0.25235 0.45820 0.24379 0.45364 0.24012 0.44938 0.24152 0.44512 0.24370 0.44344 0.25788 0.43906 0.26712 0.43096 0.27888 0.42699 0.28653 0.42794 0.29509 0.43187 0.29606 0.44201 0.28614 0.45370 0.26908 0.45655 0.25837 0.45915 0.25235
4 0.52729 0.21025 0.55041 0.20428 0.56663 0.17775 0.57678 0.13190 0.56983 0.09507 0.55670 0.06802 0.53699 0.04401 0.50609 0.02941 0.47979 0.02335 0.43877 0.03970 0.39299 0.07727 0.36868 0.12453 0.37118 0.15620 0.37770 0.16870 0.41082 0.17780 0.43365 0.19756 0.45821 0.20303 0.49921 0.20223 0.52729 0.21025
4 0.49851 0.52774 0.57275 0.52102 0.59157 0.52116 0.61313 0.50709 0.62951 0.47359 0.64174 0.44143 0.64015 0.42406 0.62805 0.40612 0.61468 0.38995 0.59656 0.37738 0.58363 0.36962 0.57232 0.36683 0.55498 0.36829 0.51833 0.37417 0.49637 0.38038 0.46259 0.38778 0.42337 0.39715 0.39713 0.41542 0.37419 0.44200 0.37053 0.47985 0.39177 0.51251 0.41977 0.52791 0.45422 0.53399 0.49851 0.52774
4 0.45705 0.77417 0.49342 0.77622 0.51876 0.76814 0.58081 0.75475 0.61426 0.74173 0.64008 0.71561 0.64794 0.69212 0.65985 0.65380 0.67750 0.63149 0.68458 0.60691 0.67710 0.57073 0.66707 0.55210 0.64390 0.53587 0.61469 0.52333 0.59640 0.52036 0.55327 0.52204 0.45633 0.53388 0.42898 0.53081 0.39351 0.54561 0.36266 0.56863 0.34590 0.59482 0.34088 0.64518 0.34181 0.67665 0.34207 0.70815 0.35698 0.74001 0.38601 0.76158 0.42082 0.77440 0.45705 0.77417
4 0.59119 0.96639 0.62243 0.95011 0.65111 0.92610 0.65962 0.90202 0.66460 0.87755 0.68580 0.85619 0.68794 0.81722 0.68366 0.80225 0.67570 0.78244 0.65806 0.76589 0.63489 0.74966 0.61039 0.74701 0.58564 0.75394 0.49064 0.77637 0.40554 0.77520 0.35823 0.80356 0.33208 0.83645 0.33600 0.88463 0.34916 0.92335 0.36538 0.95347 0.39017 0.97412 0.43439 0.98024 0.48572 0.97530 0.52876 0.97192 0.59119 0.96639
2 0.48998 0.53367 0.49975 0.54325 0.51810 0.54717 0.53094 0.54552 0.54274 0.54002 0.54769 0.53455 0.55003 0.52532 0.54633 0.52388 0.52109 0.52683 0.49221 0.52997 0.48998 0.53367
1 0.37858 0.66183 0.38150 0.65842 0.38511 0.65623 0.38972 0.65548 0.39464 0.65473 0.39171 0.65213 0.38060 0.65296 0.37758 0.65462 0.37604 0.65470 0.37257 0.65363 0.36779 0.65113 0.36560 0.65074 0.36889 0.65432 0.37242 0.65664 0.37443 0.65954 0.37858 0.66183
1 0.45294 0.68454 0.45168 0.69011 0.45140 0.69664 0.45533 0.70069 0.45733 0.69733 0.45674 0.69210 0.45847 0.68951 0.46022 0.68741 0.46042 0.68540 0.45854 0.68500 0.45294 0.68454
1 0.50195 0.69098 0.49304 0.68670 0.48483 0.68387 0.47950 0.68265 0.47370 0.68445 0.47564 0.68585 0.48264 0.68924 0.48804 0.69171 0.49432 0.69339 0.49680 0.69326 0.50195 0.69098
1 0.53264 0.87430 0.54019 0.87521 0.55094 0.87638 0.54925 0.87429 0.54321 0.87202 0.53454 0.86987 0.53423 0.86383 0.52924 0.87103 0.53264 0.87430
1 0.51681 0.93191 0.50568 0.93250 0.49887 0.93285 0.49875 0.93636 0.50097 0.93725 0.51024 0.93676 0.51802 0.93736 0.52149 0.93843 0.52229 0.93588 0.51681 0.93191
1 0.50035 0.95505 0.51643 0.95421 0.52628 0.95295 0.53329 0.95058 0.54135 0.94465 0.51922 0.94831 0.50436 0.94884 0.49232 0.94972 0.47628 0.95131 0.46413 0.95019 0.46465 0.95417 0.47697 0.95853 0.48827 0.96120 0.49306 0.95794 0.50035 0.95505
1 0.63669 0.89459 0.62610 0.89364 0.61978 0.89147 0.61283 0.88883 0.60631 0.88867 0.60523 0.89173 0.61000 0.89398 0.61837 0.89405 0.62751 0.89682 0.63556 0.89665 0.63669 0.89459
1 0.43675 0.31538 0.44696 0.34341 0.46547 0.35458 0.48128 0.36041 0.48909 0.35217 0.48502 0.33906 0.47367 0.32596 0.46811 0.32155 0.45301 0.32039 0.44950 0.31784 0.43675 0.31538
4 0.53973 0.35893 0.57761 0.33341 0.58730 0.30774 0.58217 0.28608 0.56635 0.25284 0.53872 0.22425 0.50257 0.20586 0.46230 0.20472 0.41838 0.21027 0.36021 0.23197 0.32407 0.25174 0.30558 0.28273 0.31023 0.31413 0.33273 0.34056 0.37559 0.37159 0.42536 0.38197 0.47975 0.38398 0.53973 0.35893
