4 0.75775 0.62976 0.76378 0.63302 0.76768 0.63445 0.77599 0.62198 0.78332 0.60678 0.78810 0.59076 0.79536 0.56894 0.80011 0.55035 0.80307 0.53218 0.80633 0.51369 0.80888 0.49507 0.81021 0.48615 0.80306 0.48232 0.79570 0.48249 0.78492 0.49232 0.77533 0.50236 0.76963 0.52775 0.76063 0.56355 0.75667 0.58045 0.75089 0.60216 0.74792 0.61483 0.75134 0.62313 0.75775 0.62976
4 0.80694 0.60728 0.81242 0.59284 0.81653 0.57781 0.82046 0.55834 0.82478 0.53380 0.82650 0.52128 0.83110 0.50632 0.82885 0.50520 0.81605 0.50294 0.80825 0.50560 0.80077 0.54937 0.79302 0.57806 0.78428 0.60548 0.77731 0.62002 0.77819 0.62200 0.78819 0.63183 0.79452 0.62781 0.80114 0.61798 0.80694 0.60728
4 0.24023 0.51848 0.23966 0.55164 0.24314 0.58182 0.24595 0.60184 0.24932 0.60666 0.25924 0.60630 0.26629 0.60226 0.27710 0.58886 0.28377 0.57895 0.28403 0.55155 0.28947 0.51872 0.29147 0.50535 0.28812 0.47044 0.28618 0.44952 0.28326 0.42419 0.27887 0.40916 0.27321 0.40130 0.26322 0.40007 0.25538 0.40660 0.24802 0.42642 0.24505 0.45124 0.24270 0.48250 0.24023 0.51848
4 0.50979 0.52228 0.51836 0.51886 0.52454 0.51573 0.53218 0.51497 0.54037 0.51641 0.54750 0.52119 0.55796 0.52303 0.56311 0.52042 0.57530 0.52046 0.58503 0.51585 0.58884 0.51019 0.59696 0.50670 0.60444 0.49887 0.61316 0.49196 0.61667 0.48274 0.62077 0.47009 0.62308 0.45432 0.62357 0.43823 0.62265 0.42751 0.61117 0.41283 0.59946 0.41006 0.58272 0.40922 0.56290 0.40994 0.54869 0.41869 0.53326 0.42371 0.51601 0.44177 0.50763 0.45999 0.50415 0.47978 0.50030 0.50161 0.50107 0.51582 0.50979 0.52228
1 0.55828 0.45947 0.55977 0.45774 0.56071 0.45614 0.56278 0.45407 0.56468 0.45374 0.56693 0.45558 0.56800 0.45665 0.56929 0.45688 0.57179 0.45688 0.57320 0.45646 0.57599 0.45695 0.57808 0.45677 0.57964 0.45671 0.57942 0.45756 0.57595 0.46049 0.57872 0.46109 0.58031 0.46170 0.58097 0.46215 0.58216 0.46169 0.58443 0.45966 0.58679 0.45676 0.58518 0.45625 0.58257 0.45435 0.57904 0.45262 0.57660 0.45098 0.57272 0.44996 0.56782 0.44888 0.56498 0.44827 0.56250 0.44893 0.55411 0.45387 0.55055 0.45645 0.54602 0.46207 0.54337 0.46625 0.54273 0.46823 0.54444 0.46898 0.54677 0.46707 0.54859 0.46385 0.55125 0.46210 0.55470 0.46183 0.55718 0.46072 0.55828 0.45947
2 0.52424 0.51486 0.53128 0.51324 0.53695 0.51366 0.54394 0.51661 0.54746 0.52125 0.55525 0.52186 0.56086 0.52112 0.56635 0.51961 0.56958 0.51941 0.57557 0.52009 0.58163 0.51753 0.58480 0.51330 0.59411 0.50749 0.59937 0.50364 0.61005 0.49368 0.61442 0.49062 0.62033 0.47083 0.61662 0.47305 0.61359 0.47289 0.61182 0.46704 0.60445 0.46038 0.59836 0.45377 0.59175 0.44859 0.58604 0.44701 0.57976 0.44647 0.57261 0.44655 0.56312 0.44832 0.55313 0.45439 0.54536 0.45799 0.53563 0.46832 0.53135 0.47674 0.52482 0.48629 0.52329 0.49137 0.51661 0.51046 0.51366 0.52140 0.51978 0.51560 0.52424 0.51486
4 0.71269 0.56646 0.70932 0.58420 0.70511 0.59702 0.70324 0.60622 0.70614 0.61333 0.71069 0.62220 0.72173 0.62891 0.72929 0.63318 0.73695 0.63270 0.74126 0.62209 0.74716 0.61360 0.75139 0.59931 0.76206 0.55684 0.77306 0.50966 0.77720 0.49315 0.78015 0.46948 0.78144 0.45798 0.77797 0.44857 0.76743 0.44597 0.75630 0.45501 0.74681 0.46727 0.73520 0.48318 0.72778 0.49617 0.72033 0.50512 0.71759 0.51234 0.71569 0.53143 0.71408 0.55168 0.71269 0.56646
1 0.58868 0.48899 0.58870 0.48604 0.58465 0.49058 0.58235 0.49386 0.58084 0.49719 0.58045 0.49906 0.58127 0.49930 0.58242 0.49830 0.58379 0.49541 0.58626 0.49225 0.58773 0.49020 0.58868 0.48899
4 0.83718 0.59794 0.84597 0.57860 0.84898 0.56153 0.85342 0.53775 0.86263 0.51738 0.86060 0.50676 0.85279 0.50392 0.84121 0.50994 0.82715 0.52872 0.82225 0.54399 0.81776 0.57363 0.81031 0.60201 0.81494 0.60905 0.82436 0.61108 0.83189 0.60581 0.83718 0.59794
4 0.62281 0.52312 0.61811 0.54978 0.61515 0.56100 0.61490 0.57488 0.61802 0.59046 0.62051 0.59713 0.62650 0.60479 0.63055 0.60953 0.64208 0.62037 0.65795 0.62463 0.67053 0.62538 0.68336 0.62471 0.69422 0.61856 0.70281 0.60725 0.70568 0.59932 0.71251 0.57303 0.71354 0.56441 0.71623 0.53813 0.71689 0.51771 0.71705 0.50015 0.71664 0.48724 0.71493 0.47338 0.71245 0.46524 0.70987 0.45635 0.70705 0.45293 0.69613 0.44550 0.68695 0.44352 0.67553 0.44590 0.66930 0.45213 0.65624 0.46523 0.65148 0.47832 0.63998 0.48949 0.63430 0.49399 0.62720 0.49823 0.61992 0.50208 0.62281 0.52312
4 0.20827 0.55402 0.21257 0.56956 0.21807 0.58426 0.22274 0.58772 0.22868 0.58402 0.23360 0.57802 0.23771 0.56872 0.23639 0.55423 0.23561 0.53668 0.23735 0.50689 0.23935 0.47557 0.23045 0.45816 0.22388 0.44750 0.21764 0.43901 0.21095 0.44100 0.20708 0.45299 0.20622 0.47184 0.20658 0.48774 0.20618 0.51195 0.20659 0.54159 0.20827 0.55402
4 0.17965 0.54264 0.19141 0.55580 0.20478 0.55183 0.20721 0.54803 0.20582 0.49605 0.20589 0.46967 0.20082 0.45453 0.18778 0.43269 0.17028 0.43013 0.15937 0.42610 0.14499 0.43782 0.14182 0.46576 0.14667 0.48615 0.14926 0.50139 0.16303 0.51912 0.16917 0.53024 0.17965 0.54264
4 0.36520 0.54633 0.36186 0.56527 0.36029 0.57819 0.36278 0.58602 0.37142 0.59493 0.38260 0.60535 0.39863 0.61029 0.42675 0.61050 0.45096 0.60896 0.46246 0.60360 0.47447 0.59938 0.48286 0.57974 0.48526 0.57014 0.49095 0.53788 0.49521 0.51171 0.49936 0.48816 0.50414 0.47105 0.50362 0.46199 0.50196 0.44745 0.49802 0.42986 0.48884 0.41610 0.48131 0.40685 0.46799 0.39658 0.45324 0.39240 0.43725 0.39327 0.42396 0.39674 0.41049 0.41125 0.39720 0.42475 0.38915 0.44444 0.38319 0.46029 0.37818 0.47471 0.37202 0.49368 0.36828 0.51889 0.36520 0.54633
4 0.29194 0.51071 0.28688 0.53938 0.28572 0.55396 0.28515 0.56916 0.28610 0.58570 0.29137 0.58979 0.30380 0.59515 0.32227 0.59418 0.32975 0.58970 0.33933 0.58927 0.34997 0.58482 0.35587 0.57530 0.36073 0.56771 0.36317 0.55389 0.36749 0.52139 0.37489 0.47941 0.37835 0.46577 0.37385 0.45336 0.36614 0.43722 0.35717 0.41822 0.34869 0.41039 0.34282 0.40777 0.33288 0.41024 0.32011 0.42277 0.31104 0.44228 0.30281 0.46300 0.29639 0.49143 0.29194 0.51071
