4 0.77035 0.48050 0.76770 0.51733 0.76674 0.53466 0.76482 0.55704 0.76409 0.57004 0.76891 0.57762 0.77637 0.58303 0.78287 0.58520 0.78696 0.58592 0.79298 0.57220 0.79755 0.55596 0.79948 0.53935 0.80285 0.51661 0.80429 0.49747 0.80405 0.47906 0.80405 0.46029 0.80333 0.44151 0.80309 0.43249 0.79539 0.42996 0.78817 0.43141 0.77926 0.44296 0.77156 0.45451 0.77035 0.48050
4 0.79828 0.55451 0.79394 0.57004 0.79515 0.57184 0.80670 0.57979 0.81224 0.57473 0.81705 0.56390 0.82090 0.55235 0.82379 0.53718 0.82524 0.52166 0.82572 0.50180 0.82572 0.47689 0.82524 0.46426 0.82716 0.44873 0.82476 0.44801 0.81176 0.44801 0.80453 0.45198 0.80478 0.49639 0.80213 0.52599 0.79828 0.55451
4 0.25952 0.44218 0.24947 0.44270 0.24288 0.45050 0.23907 0.47130 0.24045 0.49625 0.24357 0.52744 0.24739 0.56331 0.25259 0.59607 0.26125 0.62518 0.26749 0.64441 0.27165 0.64857 0.28136 0.64649 0.28760 0.64129 0.29592 0.62622 0.30077 0.61530 0.29626 0.58826 0.29592 0.55500 0.29557 0.54148 0.28621 0.50768 0.28066 0.48741 0.27338 0.46298 0.26645 0.44894 0.25952 0.44218
4 0.51951 0.41909 0.50565 0.43988 0.50057 0.45927 0.50057 0.47936 0.50057 0.50153 0.50380 0.51539 0.51351 0.52024 0.52136 0.51539 0.52690 0.51123 0.53429 0.50915 0.54261 0.50915 0.55046 0.51262 0.56108 0.51262 0.56570 0.50915 0.57771 0.50708 0.58649 0.50084 0.58926 0.49461 0.59665 0.48976 0.60266 0.48075 0.61005 0.47244 0.61190 0.46274 0.61374 0.44958 0.61328 0.43364 0.61097 0.41771 0.60820 0.40732 0.59434 0.39485 0.58233 0.39415 0.56570 0.39623 0.54630 0.40039 0.53383 0.41147 0.51951 0.41909
1 0.53838 0.46173 0.54034 0.45945 0.54157 0.45596 0.54390 0.45378 0.54724 0.45291 0.54949 0.45138 0.55036 0.44997 0.55152 0.44801 0.55217 0.44626 0.55385 0.44387 0.55566 0.44321 0.55820 0.44463 0.55944 0.44550 0.56075 0.44550 0.56322 0.44507 0.56452 0.44441 0.56736 0.44441 0.56939 0.44387 0.57092 0.44354 0.57084 0.44441 0.56794 0.44790 0.57077 0.44801 0.57244 0.44833 0.57317 0.44866 0.57426 0.44801 0.57615 0.44561 0.57796 0.44234 0.57629 0.44212 0.57339 0.44071 0.56961 0.43962 0.56692 0.43842 0.56293 0.43810 0.55791 0.43788 0.55501 0.43777 0.55268 0.43886 0.54527 0.44517 0.54222 0.44833 0.53874 0.45465 0.53685 0.45923 0.53656 0.46130 0.53838 0.46173
2 0.52683 0.47165 0.52206 0.48219 0.52143 0.48746 0.51817 0.50741 0.51717 0.51871 0.52219 0.51193 0.52645 0.51043 0.53311 0.50760 0.53875 0.50704 0.54616 0.50873 0.55043 0.51268 0.55821 0.51193 0.56361 0.51024 0.56875 0.50779 0.57189 0.50704 0.57791 0.50666 0.58344 0.50308 0.58582 0.49838 0.59398 0.49104 0.59850 0.48633 0.60728 0.47466 0.61105 0.47090 0.61343 0.45038 0.61017 0.45320 0.60716 0.45358 0.60440 0.44812 0.59599 0.44285 0.58883 0.43739 0.58143 0.43344 0.57553 0.43287 0.56925 0.43344 0.56222 0.43476 0.55319 0.43814 0.54440 0.44586 0.53738 0.45075 0.52959 0.46261 0.52683 0.47165
4 0.72871 0.44260 0.72365 0.45668 0.71788 0.46679 0.71643 0.47437 0.71788 0.49350 0.71980 0.51372 0.72100 0.52852 0.72076 0.54657 0.71884 0.55993 0.71860 0.56932 0.72269 0.57581 0.72871 0.58375 0.74074 0.58845 0.74893 0.59134 0.75639 0.58953 0.75880 0.57834 0.76313 0.56895 0.76482 0.55415 0.76795 0.51047 0.77059 0.46209 0.77180 0.44512 0.77059 0.42130 0.76987 0.40975 0.76482 0.40108 0.75398 0.40036 0.74460 0.41119 0.73737 0.42491 0.72871 0.44260
1 0.57906 0.48510 0.57991 0.48520 0.58088 0.48402 0.58172 0.48093 0.58360 0.47739 0.58469 0.47512 0.58542 0.47376 0.58493 0.47085 0.58172 0.47603 0.58003 0.47966 0.57912 0.48320 0.57906 0.48510
4 0.82500 0.48736 0.82572 0.51733 0.82331 0.54657 0.82909 0.55271 0.83872 0.55307 0.84522 0.54657 0.84907 0.53790 0.85436 0.51733 0.85436 0.50000 0.85461 0.47581 0.86014 0.45415 0.85629 0.44404 0.84811 0.44260 0.83775 0.45054 0.82716 0.47148 0.82500 0.48736
4 0.64782 0.43863 0.64542 0.45234 0.63603 0.46534 0.63121 0.47076 0.62496 0.47617 0.61846 0.48123 0.62496 0.50144 0.62496 0.52852 0.62399 0.54007 0.62616 0.55379 0.63194 0.56859 0.63555 0.57473 0.64277 0.58123 0.64758 0.58520 0.66082 0.59387 0.67719 0.59531 0.68971 0.59387 0.70223 0.59098 0.71186 0.58303 0.71836 0.57040 0.71980 0.56210 0.72197 0.53502 0.72148 0.52635 0.71956 0.50000 0.71667 0.47978 0.71378 0.46245 0.71113 0.44982 0.70704 0.43646 0.70319 0.42888 0.69910 0.42057 0.69573 0.41769 0.68369 0.41227 0.67430 0.41191 0.66347 0.41624 0.65842 0.42346 0.64782 0.43863
4 0.20510 0.49209 0.20336 0.50457 0.20579 0.52328 0.20891 0.53888 0.21272 0.56279 0.21827 0.59190 0.22208 0.60386 0.22901 0.61842 0.23699 0.63193 0.24219 0.63453 0.24739 0.62985 0.25120 0.62310 0.25362 0.61322 0.24981 0.59918 0.24600 0.58203 0.24253 0.55240 0.23907 0.52120 0.22728 0.50561 0.21896 0.49625 0.21134 0.48897 0.20510 0.49209
4 0.13958 0.50041 0.14131 0.52848 0.14963 0.54771 0.15483 0.56227 0.17147 0.57735 0.17944 0.58723 0.19192 0.59762 0.20579 0.60854 0.21827 0.60230 0.22000 0.59814 0.20960 0.54720 0.20510 0.52120 0.19747 0.50717 0.18083 0.48793 0.16315 0.48845 0.15171 0.48637 0.13958 0.50041
4 0.38570 0.44374 0.38119 0.46454 0.37807 0.48117 0.37564 0.49625 0.37287 0.51600 0.37356 0.54148 0.37530 0.56903 0.37530 0.58826 0.37599 0.60126 0.37980 0.60854 0.38985 0.61582 0.40268 0.62414 0.41932 0.62622 0.44705 0.62154 0.47062 0.61582 0.48102 0.60854 0.49211 0.60230 0.49697 0.58151 0.49766 0.57163 0.49766 0.53888 0.49731 0.51237 0.49731 0.48845 0.49905 0.47077 0.49697 0.46194 0.49281 0.44790 0.48587 0.43127 0.47444 0.41931 0.46542 0.41151 0.45052 0.40371 0.43527 0.40215 0.41967 0.40579 0.40719 0.41151 0.39644 0.42815 0.38570 0.44374
4 0.32919 0.43646 0.31983 0.44062 0.30943 0.45518 0.30389 0.47597 0.29938 0.49781 0.29800 0.52692 0.29696 0.54668 0.29696 0.57579 0.29834 0.59035 0.30042 0.60542 0.30424 0.62154 0.31013 0.62466 0.32330 0.62778 0.34132 0.62362 0.34791 0.61790 0.35727 0.61582 0.36698 0.60958 0.37114 0.59918 0.37460 0.59086 0.37460 0.57683 0.37322 0.54408 0.37322 0.50145 0.37426 0.48741 0.36767 0.47597 0.35727 0.46142 0.34514 0.44426 0.33543 0.43802 0.32919 0.43646
