4 0.13784 0.57280 0.15686 0.63255 0.18911 0.70668 0.22176 0.74668 0.23825 0.77563 0.27467 0.80260 0.30356 0.82014 0.34713 0.83544 0.36845 0.85617 0.40099 0.88971 0.44350 0.92142 0.48056 0.92890 0.52127 0.91518 0.55391 0.89839 0.59777 0.89274 0.63169 0.89215 0.69465 0.78067 0.71160 0.72191 0.71864 0.66820 0.72374 0.61615 0.72552 0.54632 0.72473 0.44404 0.71646 0.37112 0.70230 0.30319 0.67956 0.25813 0.64785 0.21482 0.58596 0.15910 0.54354 0.13223 0.48722 0.10886 0.40862 0.06799 0.36953 0.05896 0.32750 0.05481 0.28995 0.07657 0.28595 0.07664 0.26135 0.09654 0.23263 0.11168 0.21811 0.13791 0.21045 0.15590 0.20021 0.19828 0.18312 0.24891 0.16080 0.28666 0.15042 0.32091 0.12579 0.51133 0.13784 0.57280
2 0.39095 0.61843 0.41468 0.62269 0.45566 0.63010 0.47542 0.65310 0.49333 0.69356 0.51275 0.73754 0.53865 0.74290 0.55391 0.71348 0.56031 0.66910 0.57522 0.62102 0.60779 0.59716 0.64055 0.58492 0.65119 0.53696 0.64548 0.49742 0.62833 0.45926 0.60070 0.43758 0.56271 0.43707 0.54117 0.43626 0.54145 0.41065 0.53555 0.35952 0.50697 0.32497 0.49177 0.27511 0.47975 0.24385 0.47246 0.23699 0.44773 0.25722 0.43673 0.28424 0.42709 0.30657 0.40724 0.31972 0.38784 0.35852 0.36992 0.35883 0.33897 0.35238 0.32738 0.34441 0.32121 0.32004 0.30867 0.29928 0.29555 0.28671 0.27612 0.28237 0.25207 0.30145 0.24530 0.36451 0.23213 0.43235 0.24861 0.47288 0.28592 0.47455 0.32478 0.48318 0.33740 0.50861 0.33960 0.55171 0.34254 0.60398 0.36305 0.62123 0.39095 0.61843
1 0.50158 0.70793 0.50588 0.71798 0.50859 0.70582 0.51179 0.69966 0.51206 0.69092 0.50811 0.67814 0.50479 0.67820 0.49846 0.67225 0.49178 0.66968 0.50158 0.70793
1 0.55604 0.66787 0.55800 0.66109 0.56113 0.65026 0.55804 0.63950 0.55117 0.64974 0.54477 0.66404 0.54001 0.67624 0.53402 0.68984 0.53672 0.70126 0.54509 0.70518 0.54999 0.70103 0.55109 0.69223 0.55125 0.67877 0.55604 0.66787
1 0.51828 0.44288 0.50451 0.44190 0.49454 0.44370 0.49713 0.44895 0.50063 0.44888 0.50475 0.45532 0.51307 0.45964 0.51564 0.46366 0.51813 0.46281 0.51946 0.45303 0.51828 0.44288
1 0.37847 0.38353 0.36652 0.38617 0.37538 0.39253 0.38910 0.39066 0.39802 0.38603 0.40244 0.38148 0.39856 0.37382 0.38921 0.38253 0.37847 0.38353
4 1.00000 0.49564 0.99582 0.25598 0.98896 0.25110 0.95987 0.24348 0.92492 0.24246 0.88014 0.25138 0.85263 0.27784 0.81313 0.30288 0.78858 0.32603 0.75943 0.37200 0.75722 0.41749 0.75527 0.47761 0.75424 0.53284 0.75514 0.58475 0.75088 0.62706 0.74407 0.69374 0.74520 0.75869 0.74716 0.81382 0.75516 0.87215 0.76926 0.93520 0.81386 0.97342 0.83606 0.98762 1.00000 0.98785 1.00000 0.49564
1 0.47887 0.42694 0.46220 0.41707 0.44598 0.40475 0.44020 0.40282 0.43984 0.41136 0.44886 0.41202 0.46080 0.42279 0.46740 0.42877 0.47474 0.43352 0.47778 0.43631 0.47887 0.42694
4 0.00000 0.39836 0.00552 0.71476 0.07837 0.65502 0.09686 0.62710 0.11292 0.57486 0.12585 0.51458 0.13089 0.46091 0.14064 0.38930 0.14951 0.32581 0.15720 0.25099 0.15427 0.19745 0.11976 0.10877 0.10425 0.07818 0.06563 0.03991 0.03334 0.02100 0.00000 0.01299 0.00000 0.39836
1 0.76404 0.76238 0.76173 0.74893 0.76430 0.73002 0.75800 0.72407 0.75199 0.71336 0.74107 0.70546 0.73151 0.70493 0.71411 0.70662 0.70484 0.74520 0.69375 0.77507 0.69206 0.79669 0.70765 0.78768 0.72484 0.79815 0.74661 0.80924 0.76490 0.81160 0.76714 0.79673 0.76843 0.77580 0.76404 0.76238
