4 0.43267 0.68912 0.46166 0.66128 0.48095 0.63334 0.50214 0.60213 0.50888 0.57838 0.49402 0.45846 0.49371 0.43870 0.48995 0.41985 0.47942 0.38925 0.46891 0.37048 0.44882 0.34936 0.42755 0.33942 0.40659 0.34303 0.38578 0.35059 0.36318 0.37155 0.34039 0.39531 0.32543 0.42187 0.31781 0.47656 0.31707 0.50524 0.31513 0.56314 0.31343 0.59345 0.33177 0.62741 0.35280 0.67114 0.37513 0.69635 0.40390 0.70176 0.43267 0.68912
1 0.11309 0.47686 0.11322 0.47499 0.11795 0.47297 0.11869 0.46738 0.11343 0.46702 0.10575 0.47118 0.09940 0.47120 0.09580 0.47236 0.09547 0.47704 0.09808 0.48004 0.10261 0.48083 0.10786 0.48119 0.11088 0.48328 0.11309 0.47686
1 0.91180 0.41797 0.91097 0.42052 0.90988 0.42097 0.90837 0.42226 0.90742 0.42462 0.90932 0.42545 0.91215 0.42426 0.91402 0.42178 0.91422 0.41884 0.91353 0.41757 0.91180 0.41797
4 1.00000 0.28807 0.99664 0.28682 0.96239 0.28104 0.93719 0.28490 0.91439 0.29064 0.88689 0.29717 0.87796 0.31007 0.87892 0.35070 0.88333 0.38425 0.88759 0.42005 0.91242 0.45785 0.91835 0.47572 0.92123 0.48889 0.95617 0.51500 0.97826 0.51936 0.99135 0.51351 1.00000 0.49887 1.00000 0.28807
1 0.15460 0.35251 0.15207 0.35423 0.15112 0.35982 0.14880 0.36663 0.14574 0.37190 0.14683 0.37443 0.15042 0.36978 0.15272 0.36522 0.15451 0.35986 0.15637 0.35547 0.15530 0.35256 0.15460 0.35251
1 0.18194 0.56841 0.18257 0.56562 0.17980 0.56468 0.17721 0.56732 0.17509 0.57944 0.17400 0.58880 0.17170 0.59542 0.17129 0.59936 0.17232 0.60075 0.17664 0.59766 0.17787 0.59129 0.17916 0.58388 0.17961 0.57749 0.18194 0.56841
2 0.48816 0.57242 0.50811 0.57720 0.50350 0.52842 0.49433 0.47200 0.49051 0.43623 0.48035 0.42424 0.46005 0.44256 0.44035 0.47047 0.42784 0.49833 0.42769 0.52481 0.43508 0.55801 0.44486 0.58123 0.45505 0.59265 0.47195 0.59270 0.48816 0.57242
4 0.85911 0.61582 0.88582 0.58445 0.90598 0.55599 0.91459 0.52955 0.92160 0.49567 0.91520 0.46029 0.89194 0.42429 0.87348 0.40441 0.85110 0.38595 0.82979 0.37036 0.80862 0.35875 0.78547 0.35150 0.76809 0.34633 0.75363 0.34758 0.73204 0.36015 0.72697 0.37838 0.71727 0.41434 0.70293 0.46235 0.70240 0.47583 0.71085 0.52432 0.71257 0.56613 0.72389 0.59173 0.75614 0.61990 0.78774 0.62717 0.82396 0.62295 0.85911 0.61582
4 0.68667 0.61617 0.70465 0.59489 0.71218 0.57175 0.71190 0.53340 0.70563 0.49015 0.69951 0.46887 0.69612 0.43877 0.68701 0.39983 0.67304 0.36391 0.65381 0.34285 0.63043 0.33277 0.61456 0.32996 0.59081 0.33731 0.56688 0.35311 0.54635 0.38098 0.52426 0.41268 0.52080 0.45018 0.52429 0.50903 0.52121 0.56515 0.51353 0.58433 0.52780 0.62815 0.57173 0.67627 0.62017 0.67791 0.66872 0.64927 0.68667 0.61617
2 0.61320 0.47636 0.60442 0.45095 0.59488 0.43620 0.57933 0.42892 0.56315 0.41258 0.54733 0.40921 0.53573 0.41179 0.52774 0.41743 0.52305 0.43624 0.52496 0.47526 0.52209 0.54042 0.51667 0.58174 0.53990 0.58788 0.56922 0.59161 0.59548 0.57880 0.61762 0.55217 0.62067 0.53266 0.62962 0.51357 0.61320 0.47636
4 0.23091 0.69432 0.26757 0.67052 0.29500 0.64066 0.30553 0.60624 0.31195 0.57965 0.31660 0.54212 0.31764 0.50568 0.31245 0.47827 0.30255 0.44580 0.29655 0.41562 0.28835 0.38057 0.26890 0.34675 0.24895 0.32035 0.23075 0.30488 0.20429 0.29897 0.17520 0.30910 0.14449 0.31304 0.11430 0.31701 0.08932 0.32608 0.06546 0.34809 0.05130 0.36941 0.03749 0.40022 0.02966 0.43956 0.02850 0.49966 0.03140 0.54515 0.04170 0.58644 0.06392 0.63127 0.09007 0.66352 0.12260 0.68405 0.14847 0.69127 0.18378 0.70117 0.23091 0.69432
