4 0.81272 0.68106 0.84274 0.61977 0.86986 0.54113 0.88914 0.48460 0.88506 0.42742 0.87420 0.38184 0.85799 0.35057 0.84358 0.34125 0.81174 0.33871 0.77481 0.34335 0.74533 0.35446 0.72162 0.36453 0.70710 0.39470 0.69175 0.45214 0.67025 0.53931 0.65071 0.61494 0.63852 0.66475 0.64075 0.72387 0.66262 0.76962 0.72272 0.78106 0.77223 0.73388 0.81272 0.68106
4 0.13351 0.49791 0.14239 0.47724 0.14712 0.43289 0.16127 0.38953 0.17765 0.35742 0.19350 0.32756 0.20687 0.28758 0.21723 0.25769 0.23059 0.24162 0.22889 0.22212 0.21567 0.19273 0.20115 0.17502 0.18935 0.16031 0.15662 0.16474 0.12661 0.19009 0.09582 0.21887 0.08285 0.24820 0.07642 0.26108 0.04920 0.25954 0.04093 0.26843 0.00908 0.40369 0.00538 0.41974 0.00212 0.47238 0.01404 0.52538 0.04049 0.54222 0.07415 0.54282 0.10231 0.51942 0.13351 0.49791
1 0.57994 0.38373 0.57766 0.38320 0.57247 0.38497 0.56044 0.40889 0.55921 0.42462 0.56915 0.42455 0.57499 0.42590 0.58077 0.42901 0.58305 0.41470 0.58422 0.40667 0.58617 0.39525 0.58487 0.38902 0.57994 0.38373
1 0.57407 0.47433 0.58239 0.47981 0.59148 0.47894 0.59493 0.46253 0.59603 0.45033 0.59240 0.44534 0.58434 0.44466 0.57375 0.45942 0.57407 0.47433
1 0.46365 0.40434 0.47015 0.39991 0.48080 0.39229 0.49010 0.38909 0.49984 0.39134 0.50270 0.39081 0.50588 0.38443 0.50478 0.36994 0.49367 0.36619 0.48321 0.36555 0.47178 0.37062 0.46015 0.37802 0.45008 0.38757 0.44228 0.40060 0.43676 0.41415 0.44117 0.42170 0.45326 0.40194 0.46365 0.40434
4 0.39306 0.71812 0.41455 0.73264 0.44832 0.77158 0.49143 0.77910 0.52834 0.76253 0.56673 0.71877 0.60407 0.67352 0.63421 0.62667 0.65414 0.57622 0.67472 0.51999 0.68691 0.46419 0.70091 0.40045 0.71258 0.38279 0.70354 0.35318 0.69191 0.33495 0.67906 0.30689 0.66597 0.30387 0.64213 0.29955 0.61227 0.29746 0.59577 0.27930 0.57024 0.26142 0.55253 0.25733 0.52660 0.25615 0.49873 0.27244 0.47369 0.30011 0.44043 0.34268 0.39954 0.41220 0.36166 0.47761 0.35473 0.49873 0.33898 0.57287 0.34003 0.63410 0.36056 0.68553 0.39306 0.71812
1 0.30363 0.33020 0.31916 0.32963 0.32539 0.33523 0.32682 0.34386 0.33104 0.35373 0.33591 0.35783 0.34221 0.35275 0.34156 0.34371 0.33540 0.33042 0.33436 0.31713 0.33735 0.30714 0.34495 0.29050 0.35015 0.28281 0.35457 0.26959 0.35561 0.26212 0.35295 0.25438 0.34886 0.24691 0.34509 0.25731 0.34567 0.26220 0.34457 0.27143 0.33605 0.29497 0.32429 0.31480 0.30532 0.31991 0.29350 0.32075 0.27823 0.32315 0.27719 0.32766 0.28213 0.33592 0.29057 0.33787 0.29928 0.33276 0.30363 0.33020
1 0.23354 0.33597 0.22951 0.35046 0.22515 0.36488 0.22437 0.37716 0.22859 0.37517 0.23295 0.36668 0.23827 0.35842 0.23925 0.35271 0.23776 0.34584 0.23776 0.33991 0.23354 0.33597
1 0.14923 0.25956 0.14403 0.28802 0.14825 0.28899 0.15754 0.27690 0.16553 0.26747 0.16814 0.25621 0.16398 0.24457 0.16177 0.23338 0.15437 0.23583 0.14923 0.25956
1 0.07621 0.30024 0.08367 0.32569 0.09569 0.34033 0.10648 0.32621 0.10271 0.30399 0.09615 0.28942 0.09154 0.27827 0.07868 0.27174 0.07500 0.28264 0.07621 0.30024
4 1.00000 0.45995 0.98723 0.45700 0.95660 0.47022 0.92775 0.48153 0.90681 0.49461 0.88284 0.51779 0.85021 0.60239 0.83302 0.68574 0.84558 0.77478 0.87191 0.81912 0.90412 0.83492 0.94350 0.80172 1.00000 0.55697 1.00000 0.45995
4 0.33203 0.57008 0.34175 0.55198 0.35484 0.48921 0.37976 0.44115 0.42350 0.37111 0.44932 0.32801 0.47815 0.29278 0.48599 0.27068 0.48812 0.21375 0.47004 0.17250 0.45709 0.14797 0.43666 0.14088 0.41165 0.13867 0.38950 0.14791 0.37260 0.16436 0.35962 0.17572 0.33541 0.17612 0.31720 0.18028 0.29074 0.18734 0.25862 0.20983 0.24029 0.22950 0.21882 0.25688 0.19706 0.32120 0.16939 0.37823 0.15131 0.43267 0.13897 0.50997 0.18403 0.56581 0.24875 0.59030 0.29694 0.58470 0.33203 0.57008
2 0.45049 0.54006 0.46153 0.53490 0.48153 0.49508 0.49426 0.48693 0.50457 0.49785 0.51111 0.51218 0.53522 0.52717 0.53709 0.54042 0.54082 0.56264 0.55252 0.56961 0.56553 0.56662 0.58210 0.59946 0.59171 0.62392 0.59918 0.65555 0.60114 0.67480 0.63390 0.62684 0.65823 0.56412 0.67247 0.52807 0.67996 0.49136 0.68277 0.45784 0.65637 0.46118 0.61755 0.43940 0.59858 0.43413 0.60008 0.40630 0.59549 0.39414 0.59803 0.37248 0.59542 0.34542 0.58990 0.33732 0.57718 0.32840 0.56933 0.30268 0.55997 0.29197 0.52816 0.30172 0.51198 0.31845 0.48370 0.34449 0.45060 0.37095 0.44189 0.39368 0.43038 0.41582 0.41297 0.43998 0.40457 0.46794 0.41455 0.48650 0.42972 0.49338 0.43823 0.51416 0.44282 0.53058 0.45049 0.54006
