4 0.84360 0.63829 0.85357 0.64906 0.85939 0.63462 0.86230 0.61849 0.86252 0.60435 0.86168 0.58842 0.85999 0.57438 0.85920 0.55937 0.85369 0.54368 0.84738 0.53084 0.84101 0.51705 0.83652 0.50319 0.83203 0.48930 0.82846 0.47539 0.81935 0.46269 0.80486 0.45593 0.79229 0.44906 0.77703 0.44514 0.76280 0.44308 0.74716 0.44954 0.74639 0.54270 0.74718 0.55772 0.75259 0.57156 0.76520 0.57842 0.77705 0.58909 0.78987 0.60064 0.80084 0.61231 0.81635 0.62090 0.82902 0.62965 0.84360 0.63829
4 0.75505 0.40302 0.74924 0.41745 0.75931 0.43009 0.77203 0.43976 0.78378 0.44855 0.79721 0.45349 0.81227 0.45366 0.82930 0.45557 0.84273 0.46051 0.85678 0.45885 0.86649 0.44705 0.87335 0.43445 0.88012 0.42000 0.88222 0.40576 0.88606 0.38958 0.89002 0.37525 0.89116 0.36109 0.89230 0.34690 0.89436 0.33270 0.89550 0.31851 0.89379 0.30355 0.88835 0.28974 0.87660 0.28095 0.85523 0.28583 0.82554 0.31185 0.81274 0.31908 0.80101 0.32818 0.79799 0.34244 0.79787 0.35845 0.79871 0.37439 0.79382 0.38877 0.78502 0.40052 0.77011 0.40318 0.75505 0.40302
4 0.36029 0.39172 0.37530 0.39093 0.39031 0.39014 0.40498 0.38281 0.41882 0.37736 0.43061 0.36922 0.43550 0.35486 0.43664 0.34068 0.43965 0.32642 0.44079 0.31224 0.44001 0.29726 0.43922 0.28225 0.43829 0.26440 0.43653 0.24852 0.42565 0.23872 0.41059 0.23859 0.39370 0.23947 0.37869 0.24026 0.36368 0.24105 0.34982 0.24554 0.33800 0.25368 0.32419 0.25909 0.31727 0.27075 0.31518 0.28498 0.31029 0.29934 0.30828 0.31449 0.31181 0.32840 0.31818 0.34220 0.32175 0.35611 0.32528 0.37005 0.32890 0.38491 0.34528 0.39250 0.36029 0.39172
4 0.65075 0.54867 0.65986 0.56137 0.67008 0.57681 0.68208 0.59031 0.69641 0.59425 0.71142 0.59346 0.72426 0.58714 0.73383 0.57254 0.74055 0.55714 0.74452 0.54280 0.74439 0.46850 0.74360 0.45349 0.74321 0.44599 0.73323 0.43522 0.72326 0.42445 0.71599 0.41166 0.70424 0.40287 0.62499 0.39854 0.62198 0.41283 0.62184 0.42789 0.61975 0.44209 0.62058 0.45806 0.62705 0.47370 0.63061 0.48764 0.63608 0.50240 0.63777 0.51641 0.64240 0.53310 0.65075 0.54867
4 0.96177 0.66600 0.96874 0.67411 0.97510 0.68293 0.98076 0.69179 0.98893 0.69790 0.99769 0.70267 0.99891 0.68886 0.99904 0.67906 0.99725 0.66937 0.99544 0.65967 0.99091 0.64814 0.98649 0.63858 0.98072 0.62843 0.97694 0.61883 0.97000 0.61068 0.96434 0.60250 0.95791 0.59237 0.95035 0.58492 0.94162 0.58015 0.93168 0.57809 0.92292 0.57265 0.90856 0.56032 0.90941 0.57664 0.91320 0.58687 0.91770 0.59776 0.92342 0.60725 0.92852 0.61745 0.93361 0.62697 0.93927 0.63516 0.94707 0.64715 0.95611 0.65781 0.96177 0.66600
4 0.56199 0.59660 0.57459 0.60347 0.58890 0.60741 0.60381 0.60474 0.60965 0.59034 0.61638 0.57494 0.62224 0.56146 0.62708 0.54615 0.63085 0.52806 0.62700 0.47278 0.62621 0.45776 0.62537 0.44180 0.62459 0.42679 0.62380 0.41178 0.62214 0.39777 0.55015 0.38837 0.53599 0.38723 0.51628 0.38826 0.49188 0.38954 0.48972 0.40187 0.50174 0.46993 0.50536 0.48479 0.50904 0.50154 0.51088 0.51837 0.51547 0.53411 0.52179 0.54695 0.52720 0.56079 0.53737 0.57531 0.54734 0.58608 0.56199 0.59660
4 0.28757 0.34527 0.28110 0.32529 0.27200 0.30680 0.25493 0.29142 0.23681 0.28156 0.21518 0.28270 0.19535 0.29187 0.18275 0.31013 0.17451 0.33359 0.17465 0.33629 0.18025 0.36579 0.18408 0.38727 0.19455 0.40570 0.20769 0.42395 0.23079 0.42545 0.25056 0.41495 0.29147 0.36809 0.28757 0.34527
4 0.15458 0.59537 0.15547 0.61226 0.15808 0.62622 0.15997 0.64401 0.16076 0.65902 0.17073 0.66979 0.18594 0.67276 0.20090 0.67102 0.21066 0.66017 0.22021 0.64462 0.22997 0.63374 0.23977 0.62290 0.24943 0.61014 0.25615 0.59474 0.26378 0.57836 0.26391 0.56330 0.26313 0.54829 0.26147 0.53425 0.25515 0.52141 0.24788 0.50862 0.24526 0.49466 0.24443 0.47870 0.23757 0.45555 0.21411 0.47464 0.20147 0.48471 0.18873 0.49290 0.17801 0.50383 0.16931 0.51746 0.16452 0.53369 0.15780 0.54909 0.15479 0.56338 0.15380 0.58036 0.15458 0.59537
4 0.71106 0.38934 0.72525 0.39048 0.73940 0.39162 0.75283 0.39656 0.76707 0.39862 0.78137 0.40259 0.79411 0.39440 0.79905 0.38097 0.79827 0.36596 0.79378 0.35207 0.79116 0.33811 0.78945 0.32314 0.78771 0.30818 0.78418 0.29424 0.77690 0.28148 0.76606 0.27169 0.75046 0.26121 0.73262 0.26215 0.71444 0.27439 0.69895 0.28369 0.68575 0.30128 0.68105 0.31942 0.67804 0.33367 0.67690 0.34786 0.67859 0.36187 0.68491 0.37470 0.69680 0.38633 0.71106 0.38934
4 0.09167 0.66921 0.10234 0.65737 0.11401 0.64642 0.12670 0.63727 0.13747 0.62730 0.14622 0.61463 0.15015 0.60029 0.15216 0.58514 0.15233 0.57007 0.15064 0.55607 0.13802 0.54825 0.12544 0.54138 0.11145 0.54399 0.10068 0.55397 0.08997 0.56489 0.06878 0.59139 0.06206 0.60679 0.05337 0.62042 0.04852 0.63572 0.04956 0.65544 0.05130 0.67040 0.05588 0.68614 0.05759 0.70110 0.07039 0.69386 0.08008 0.68111 0.09167 0.66921
4 0.16107 0.36137 0.14046 0.35569 0.12223 0.34446 0.10783 0.32761 0.08953 0.31502 0.06899 0.31067 0.06194 0.33136 0.06167 0.35169 0.06407 0.37188 0.06783 0.39202 0.07304 0.41340 0.07550 0.43496 0.07692 0.46196 0.10274 0.48906 0.11127 0.49674 0.13188 0.50245 0.21465 0.45340 0.20819 0.43343 0.19901 0.41360 0.18858 0.39517 0.17677 0.37681 0.16107 0.36137
4 0.56944 0.37983 0.58445 0.37905 0.59947 0.37826 0.61918 0.37723 0.63309 0.37366 0.64386 0.36369 0.64408 0.34958 0.64324 0.33361 0.64240 0.31768 0.64162 0.30267 0.63598 0.28510 0.63244 0.27116 0.62795 0.25730 0.62068 0.24451 0.60893 0.23572 0.59443 0.22800 0.58014 0.22498 0.56623 0.22855 0.55239 0.23396 0.53958 0.24028 0.52776 0.24842 0.52095 0.26195 0.51701 0.27629 0.51780 0.29130 0.51863 0.30723 0.51942 0.32224 0.52020 0.33725 0.52099 0.35227 0.52640 0.36608 0.53820 0.37582 0.55163 0.38077 0.56944 0.37983
4 0.93077 0.57820 0.94425 0.58409 0.95998 0.57951 0.96675 0.56502 0.97352 0.55057 0.98014 0.53329 0.98315 0.51901 0.98232 0.50307 0.98153 0.48806 0.97974 0.47215 0.97621 0.45824 0.97264 0.44430 0.96717 0.42953 0.95994 0.41674 0.95179 0.40495 0.93780 0.40757 0.92389 0.41110 0.91005 0.41655 0.89619 0.42104 0.88349 0.43015 0.87172 0.43925 0.86196 0.45010 0.85119 0.46007 0.83696 0.45801 0.82985 0.46591 0.83434 0.47977 0.84161 0.49256 0.84980 0.50530 0.86377 0.52058 0.87640 0.52837 0.88987 0.53426 0.89985 0.54503 0.90987 0.55672 0.91811 0.57041 0.93077 0.57820
4 0.04901 0.64511 0.05198 0.62990 0.05595 0.61560 0.05426 0.60156 0.03319 0.61207 0.02050 0.62122 0.00992 0.63494 0.00664 0.63971 0.01133 0.72930 0.02164 0.73309 0.03033 0.71947 0.03522 0.70512 0.04206 0.67370 0.04407 0.65854 0.04901 0.64511
4 0.26782 0.58380 0.27790 0.59644 0.28879 0.60716 0.30054 0.61595 0.31453 0.61333 0.32895 0.60129 0.34064 0.59127 0.35131 0.57942 0.36110 0.56854 0.37265 0.55572 0.37951 0.54312 0.38348 0.52881 0.38367 0.51467 0.38283 0.49874 0.38199 0.48278 0.37933 0.46786 0.37854 0.45285 0.37405 0.43899 0.37134 0.42313 0.36873 0.40917 0.35438 0.40427 0.33941 0.40598 0.28834 0.41902 0.25062 0.43510 0.24386 0.44958 0.24364 0.46369 0.24443 0.47870 0.24729 0.49736 0.24990 0.51135 0.25444 0.52617 0.25705 0.54013 0.25977 0.55599 0.26146 0.57000 0.26782 0.58380
4 1.00000 0.48691 0.99794 0.44756 0.99399 0.43849 0.98332 0.45034 0.98310 0.46445 0.98292 0.47858 0.98503 0.51891 0.98696 0.51976 0.98106 0.53325 0.97712 0.54755 0.97040 0.56295 0.96359 0.57648 0.96903 0.59032 0.98248 0.59619 0.99672 0.59828 1.00000 0.59851 1.00000 0.48691
4 0.86224 0.58693 0.86476 0.59725 0.86989 0.60808 0.87498 0.61764 0.88255 0.62509 0.89078 0.63247 0.89965 0.63985 0.90842 0.64529 0.91999 0.65380 0.92996 0.65720 0.93933 0.66130 0.94825 0.65691 0.94316 0.64736 0.93680 0.63790 0.93241 0.62898 0.92791 0.61812 0.92226 0.60993 0.91656 0.60108 0.91270 0.58951 0.91019 0.57921 0.90833 0.56885 0.90719 0.55909 0.90216 0.55023 0.89523 0.54275 0.88643 0.53731 0.87646 0.53394 0.86706 0.52920 0.86013 0.52172 0.85451 0.51354 0.84818 0.50535 0.84061 0.49790 0.83622 0.48901 0.83284 0.48721 0.83409 0.49825 0.83721 0.50790 0.84164 0.51746 0.84730 0.52565 0.85175 0.53587 0.85357 0.54557 0.85475 0.55597 0.85530 0.56640 0.85845 0.57670 0.86224 0.58693
4 0.39641 0.56012 0.40370 0.57384 0.41189 0.58658 0.42287 0.59825 0.43742 0.60689 0.45095 0.61371 0.46591 0.61197 0.47663 0.60108 0.47959 0.58587 0.48439 0.56961 0.48933 0.55618 0.49402 0.53807 0.49887 0.52277 0.50000 0.50858 0.49917 0.49265 0.49833 0.47668 0.49755 0.46167 0.49391 0.44588 0.49120 0.43001 0.48858 0.41606 0.48780 0.40104 0.47783 0.39028 0.46186 0.39111 0.44685 0.39190 0.43184 0.39269 0.41495 0.39357 0.39994 0.39436 0.38320 0.39804 0.36973 0.41004 0.37327 0.42398 0.37420 0.44179 0.37777 0.45573 0.38048 0.47157 0.38214 0.48561 0.38293 0.50062 0.38376 0.51655 0.38550 0.53151 0.39092 0.54536 0.39641 0.56012
4 0.00000 0.51309 0.00575 0.62275 0.02541 0.61640 0.04377 0.60459 0.06212 0.59279 0.07904 0.57972 0.09171 0.56279 0.11105 0.54417 0.12653 0.52981 0.12953 0.50934 0.11134 0.49811 0.09824 0.48119 0.08391 0.46568 0.06333 0.46134 0.01905 0.44334 0.00782 0.46153 0.00000 0.47823 0.00000 0.51309
