4 0.59766 0.50018 0.59664 0.50998 0.59252 0.52020 0.58566 0.52580 0.58840 0.53254 0.60109 0.54281 0.61661 0.56121 0.62977 0.58303 0.64180 0.59276 0.65728 0.58324 0.65940 0.56292 0.66063 0.53574 0.66090 0.52082 0.65735 0.49697 0.64940 0.50036 0.63369 0.49721 0.62751 0.49486 0.60706 0.48228 0.60105 0.47530 0.59697 0.46748 0.59479 0.46731 0.59387 0.46896 0.59610 0.48643 0.59766 0.50018
4 0.47451 0.55563 0.46229 0.56115 0.45418 0.56388 0.43611 0.56733 0.43870 0.57022 0.44445 0.57833 0.45355 0.59020 0.46013 0.60058 0.46973 0.60808 0.47834 0.60841 0.48503 0.60533 0.49116 0.59249 0.49469 0.57888 0.49923 0.56609 0.50278 0.54717 0.49399 0.54936 0.48940 0.54591 0.48590 0.54042 0.48282 0.53341 0.48066 0.52582 0.47899 0.52447 0.47673 0.52715 0.47687 0.54479 0.47451 0.55563
4 0.21942 0.53297 0.22650 0.54747 0.23892 0.56523 0.24642 0.57609 0.25635 0.58599 0.26337 0.59060 0.27702 0.57376 0.28155 0.56415 0.28257 0.55965 0.27373 0.54772 0.26481 0.53014 0.26417 0.51368 0.25844 0.49815 0.24401 0.47876 0.23358 0.46793 0.22131 0.45827 0.21354 0.45490 0.20510 0.45523 0.19990 0.46325 0.19804 0.47290 0.20260 0.49227 0.21293 0.51550 0.21942 0.53297
4 0.36257 0.55561 0.36958 0.56553 0.38135 0.57320 0.39330 0.57305 0.41312 0.57235 0.42759 0.56839 0.44532 0.56468 0.46028 0.56165 0.47392 0.55542 0.47661 0.54698 0.47648 0.52615 0.47533 0.51725 0.47143 0.49842 0.46811 0.48511 0.45895 0.46760 0.45053 0.45626 0.44144 0.44439 0.43443 0.43553 0.42584 0.42671 0.41507 0.42092 0.40579 0.42004 0.39550 0.42579 0.38697 0.42580 0.37960 0.42940 0.37308 0.43421 0.36647 0.43869 0.35927 0.44083 0.35592 0.44768 0.35046 0.46000 0.34674 0.48143 0.34630 0.49250 0.34968 0.51782 0.35642 0.53841 0.36257 0.55561
4 0.57108 0.58706 0.57637 0.57619 0.58025 0.55649 0.58162 0.54059 0.57989 0.52724 0.53038 0.54029 0.52461 0.54067 0.51858 0.54429 0.50871 0.54640 0.51571 0.55738 0.52556 0.57013 0.53982 0.58460 0.54858 0.59620 0.55852 0.60292 0.57108 0.58706
4 0.68172 0.43008 0.68353 0.44165 0.68511 0.45010 0.68870 0.45274 0.69621 0.45617 0.70372 0.46278 0.70890 0.46856 0.71416 0.47043 0.71967 0.47223 0.72669 0.47367 0.73514 0.47227 0.73950 0.46729 0.74109 0.46195 0.74153 0.45088 0.74055 0.43839 0.74107 0.42766 0.74225 0.42171 0.74052 0.41048 0.73971 0.39653 0.73832 0.38239 0.73524 0.37007 0.73392 0.36157 0.73210 0.35106 0.73103 0.34355 0.72813 0.33084 0.72228 0.32664 0.71418 0.32406 0.70490 0.32320 0.69418 0.33365 0.68797 0.34722 0.68376 0.36240 0.68165 0.37637 0.67986 0.39272 0.67784 0.40277 0.67582 0.40752 0.67523 0.41261 0.68064 0.42470 0.68172 0.43008
4 0.59526 0.44139 0.59457 0.45252 0.59647 0.46230 0.60030 0.47336 0.60697 0.48089 0.61733 0.48821 0.62985 0.49569 0.63913 0.49868 0.64932 0.50003 0.65643 0.49755 0.66672 0.49286 0.67350 0.48693 0.67903 0.48131 0.68255 0.47407 0.68499 0.46780 0.68501 0.45825 0.68477 0.44877 0.68312 0.43786 0.68047 0.42509 0.67640 0.41409 0.67157 0.40327 0.66716 0.39306 0.66057 0.38056 0.65758 0.37388 0.65098 0.36775 0.64865 0.36586 0.64089 0.35825 0.63338 0.34951 0.62519 0.34661 0.61600 0.34607 0.60788 0.35092 0.60184 0.36409 0.59913 0.38421 0.59902 0.39874 0.59689 0.41694 0.59554 0.42647 0.59526 0.44139
4 0.81165 0.50763 0.82304 0.49454 0.82306 0.48393 0.81857 0.46808 0.81651 0.45552 0.80867 0.44651 0.80141 0.43772 0.79424 0.43031 0.79096 0.43961 0.78860 0.44833 0.77639 0.45173 0.76661 0.45099 0.77185 0.46453 0.78160 0.48012 0.78951 0.49795 0.80237 0.50570 0.81165 0.50763
4 0.35814 0.60197 0.36998 0.62058 0.38315 0.63815 0.39200 0.64372 0.40078 0.64578 0.40889 0.64305 0.40760 0.61969 0.41339 0.60339 0.41470 0.57337 0.39197 0.57409 0.38252 0.57468 0.37057 0.56847 0.36282 0.55767 0.35799 0.54686 0.35582 0.54669 0.34893 0.56502 0.34449 0.56967 0.35097 0.59457 0.35814 0.60197
4 0.72633 0.49143 0.73316 0.50387 0.74293 0.50992 0.75921 0.51859 0.77215 0.52773 0.78368 0.53335 0.79046 0.53059 0.79247 0.52691 0.79232 0.51563 0.78859 0.49960 0.78743 0.49600 0.78052 0.48004 0.77102 0.46438 0.76869 0.45719 0.76218 0.44926 0.74824 0.44143 0.74155 0.43920 0.74219 0.45672 0.73958 0.46550 0.73539 0.47327 0.72895 0.47416 0.72168 0.47598 0.71766 0.47592 0.72633 0.49143
4 0.26526 0.51589 0.26641 0.52691 0.27106 0.54131 0.27723 0.55321 0.28498 0.56294 0.29224 0.57067 0.30126 0.57691 0.31480 0.57990 0.33001 0.57787 0.33822 0.57123 0.34776 0.56567 0.35490 0.54728 0.35591 0.54490 0.34427 0.50998 0.33844 0.49835 0.33360 0.49284 0.32392 0.48182 0.30831 0.46839 0.29496 0.45758 0.28685 0.45500 0.27782 0.45620 0.26586 0.46059 0.26333 0.47395 0.26464 0.48882 0.26461 0.50368 0.26526 0.51589
4 0.22951 0.56298 0.22600 0.54889 0.21253 0.52411 0.20693 0.51230 0.19800 0.50838 0.18886 0.49834 0.16560 0.47951 0.15604 0.47573 0.15725 0.49654 0.16406 0.52387 0.17835 0.55726 0.19640 0.58442 0.20928 0.59617 0.22242 0.57706 0.22951 0.56298
4 0.47095 0.49112 0.47360 0.50071 0.47909 0.51949 0.48208 0.53041 0.48582 0.54009 0.48957 0.54551 0.49366 0.54909 0.49993 0.54753 0.51214 0.54519 0.52268 0.54256 0.52511 0.54054 0.52979 0.54008 0.54209 0.53596 0.56534 0.52980 0.58315 0.52642 0.58817 0.52199 0.59286 0.51941 0.59680 0.51171 0.59690 0.50355 0.59700 0.49434 0.59593 0.48470 0.59353 0.46975 0.58955 0.45377 0.58564 0.44237 0.58248 0.43397 0.57681 0.42513 0.56998 0.41269 0.56072 0.40546 0.55137 0.39895 0.54594 0.39747 0.53733 0.39609 0.53156 0.39435 0.52362 0.39349 0.51401 0.39448 0.50204 0.40206 0.49567 0.41072 0.48922 0.41904 0.48109 0.43132 0.48015 0.43933 0.47260 0.45500 0.47183 0.46474 0.46947 0.47452 0.46979 0.48328 0.47095 0.49112
4 0.28455 0.57082 0.28554 0.57906 0.28719 0.58996 0.28792 0.60357 0.28973 0.61832 0.29188 0.63122 0.29620 0.64322 0.30028 0.65635 0.30612 0.66373 0.31263 0.66422 0.32250 0.66105 0.32628 0.65163 0.33131 0.64507 0.33601 0.63506 0.33796 0.61937 0.34099 0.61120 0.34963 0.59349 0.34399 0.56873 0.33319 0.57566 0.32809 0.57871 0.31981 0.58077 0.31279 0.58040 0.30552 0.57903 0.29775 0.57673 0.29023 0.57117 0.28448 0.56412 0.28455 0.57082
4 0.82616 0.43225 0.83229 0.41941 0.83332 0.40430 0.82809 0.38228 0.82686 0.36880 0.82547 0.35253 0.80960 0.34446 0.79556 0.34478 0.78686 0.34730 0.78542 0.36074 0.79064 0.38596 0.79428 0.40803 0.79550 0.42363 0.80284 0.43382 0.81813 0.43637 0.82616 0.43225
4 0.23748 0.61826 0.24347 0.63374 0.24804 0.64886 0.25112 0.65587 0.26126 0.64627 0.26864 0.63312 0.27886 0.61855 0.28298 0.60622 0.28651 0.59791 0.28180 0.56515 0.27593 0.57474 0.26981 0.58333 0.26287 0.58967 0.25535 0.58411 0.24676 0.57636 0.23833 0.56715 0.23565 0.56923 0.23487 0.58321 0.23492 0.60052 0.23748 0.61826
4 0.65970 0.49567 0.66268 0.50872 0.66834 0.52074 0.67977 0.53238 0.69371 0.54765 0.70313 0.55979 0.72502 0.56635 0.73539 0.56306 0.74351 0.55821 0.74469 0.55013 0.73697 0.52130 0.73183 0.50598 0.73308 0.50248 0.71699 0.47538 0.71082 0.46985 0.69938 0.46032 0.69354 0.45507 0.68661 0.45290 0.68584 0.46052 0.68482 0.46820 0.68071 0.47842 0.67635 0.48445 0.66664 0.49253 0.65970 0.49567
4 0.74200 0.42601 0.74842 0.43360 0.76010 0.44412 0.76695 0.45020 0.77940 0.44992 0.78793 0.44885 0.79095 0.44067 0.79307 0.42565 0.79543 0.41587 0.79313 0.39382 0.78973 0.38017 0.78774 0.36900 0.78476 0.35490 0.78186 0.34325 0.77794 0.33291 0.77016 0.33910 0.76086 0.34884 0.75182 0.35746 0.74152 0.36639 0.73791 0.37330 0.73798 0.38212 0.73938 0.39308 0.74111 0.40538 0.74160 0.41692 0.74200 0.42601
