4 0.73514 0.63249 0.73763 0.62488 0.75052 0.62945 0.76398 0.63750 0.77276 0.64393 0.77691 0.62826 0.77289 0.61449 0.77194 0.60383 0.77615 0.59779 0.77056 0.57645 0.75570 0.55721 0.74728 0.55075 0.73702 0.55117 0.73098 0.55031 0.72417 0.55619 0.71861 0.56308 0.71565 0.56775 0.71464 0.58470 0.70822 0.59774 0.69979 0.60267 0.69423 0.60955 0.69190 0.63212 0.70071 0.64812 0.71736 0.66469 0.72882 0.67188 0.74072 0.67241 0.74154 0.65428 0.73514 0.63249
2 0.45301 0.40211 0.43751 0.39271 0.41870 0.38995 0.39963 0.39111 0.40599 0.39622 0.40899 0.39865 0.41272 0.40374 0.41504 0.42758 0.42992 0.42947 0.45062 0.42573 0.45749 0.41943 0.46408 0.41311 0.45301 0.40211
4 0.37182 0.70383 0.37136 0.67990 0.37074 0.66439 0.36025 0.65644 0.35485 0.65730 0.34805 0.66559 0.34245 0.68146 0.33558 0.69635 0.33657 0.71422 0.34127 0.72305 0.35506 0.72147 0.36555 0.71322 0.37182 0.70383
4 0.44335 0.70570 0.45615 0.72588 0.46612 0.74229 0.47506 0.74749 0.48517 0.73209 0.49001 0.70671 0.49364 0.69233 0.49828 0.68199 0.50110 0.66956 0.49629 0.64151 0.49288 0.62463 0.48460 0.60733 0.47772 0.59882 0.47141 0.59864 0.45935 0.59693 0.44412 0.59635 0.43708 0.59626 0.43076 0.61227 0.42923 0.63051 0.43396 0.66038 0.43776 0.68436 0.44335 0.70570
4 0.30333 0.49743 0.30797 0.48948 0.31070 0.47645 0.30237 0.46337 0.29429 0.44964 0.28445 0.44582 0.26878 0.44948 0.26557 0.45240 0.26434 0.45858 0.27039 0.48284 0.28227 0.49956 0.29299 0.50206 0.30333 0.49743
4 0.73579 0.45953 0.73998 0.45107 0.74098 0.42932 0.73620 0.39227 0.72849 0.39947 0.71450 0.41129 0.70067 0.42190 0.68927 0.42908 0.69645 0.44416 0.70165 0.45835 0.71326 0.47572 0.72460 0.47510 0.73136 0.47345 0.73579 0.45953
4 0.68833 0.38125 0.67668 0.39629 0.67538 0.40670 0.68846 0.41001 0.69765 0.40976 0.70150 0.40616 0.70435 0.39610 0.70348 0.38603 0.70144 0.37555 0.68833 0.38125
4 0.68521 0.68778 0.69168 0.66335 0.69286 0.64758 0.68807 0.62192 0.68773 0.60578 0.68252 0.58921 0.67778 0.57556 0.66058 0.57886 0.64798 0.58327 0.63640 0.58930 0.63157 0.59608 0.62962 0.60478 0.63406 0.63047 0.64212 0.65801 0.65390 0.67655 0.66424 0.69053 0.67690 0.70051 0.68521 0.68778
4 0.37300 0.70664 0.37713 0.72338 0.38450 0.73964 0.39041 0.75129 0.40419 0.75210 0.41579 0.74607 0.42322 0.73468 0.42960 0.71447 0.43114 0.69384 0.43163 0.68533 0.42763 0.67398 0.41640 0.66135 0.40370 0.64416 0.39557 0.63705 0.39049 0.63066 0.38014 0.63288 0.37391 0.64948 0.37183 0.66421 0.37197 0.67920 0.37222 0.69474 0.37300 0.70664
4 0.28173 0.70128 0.28214 0.71324 0.29143 0.71596 0.30664 0.71174 0.32011 0.70121 0.33148 0.68682 0.33898 0.67361 0.35098 0.65852 0.35260 0.65467 0.34256 0.64725 0.33355 0.64627 0.32606 0.64567 0.31815 0.64931 0.31032 0.64874 0.30266 0.64696 0.29387 0.65675 0.29184 0.66728 0.28577 0.68023 0.28173 0.70128
4 0.51848 0.46936 0.53149 0.47690 0.54517 0.47474 0.56319 0.47427 0.57966 0.47347 0.59289 0.47077 0.60646 0.46322 0.61062 0.44755 0.61038 0.43439 0.61113 0.42047 0.60677 0.39295 0.60283 0.37736 0.59651 0.35378 0.59123 0.34139 0.58356 0.32101 0.57109 0.30979 0.55772 0.30469 0.54330 0.29979 0.52262 0.30666 0.51123 0.32105 0.50141 0.33822 0.49780 0.35740 0.49518 0.37581 0.49715 0.39531 0.50461 0.42834 0.50948 0.44977 0.51848 0.46936
4 0.27233 0.57436 0.28156 0.56508 0.28792 0.53526 0.29095 0.52880 0.30810 0.53687 0.32107 0.53723 0.32607 0.52683 0.32671 0.50753 0.32910 0.49936 0.32330 0.49306 0.30955 0.49943 0.29338 0.50921 0.28474 0.51058 0.27195 0.50898 0.25706 0.50355 0.23991 0.49787 0.23127 0.49924 0.22680 0.50595 0.23534 0.54120 0.24118 0.55707 0.25419 0.56703 0.26308 0.57882 0.27233 0.57436
4 0.66210 0.47660 0.67108 0.47279 0.67447 0.46145 0.67655 0.44671 0.67747 0.42917 0.67455 0.40381 0.66937 0.37344 0.66607 0.35955 0.66162 0.35005 0.64939 0.33819 0.64291 0.33441 0.63152 0.34881 0.62054 0.37036 0.61415 0.39058 0.61303 0.42077 0.61487 0.44869 0.62646 0.46606 0.63858 0.47254 0.65320 0.48103 0.66210 0.47660
4 0.39116 0.35988 0.38982 0.38171 0.39519 0.39225 0.40908 0.39845 0.41270 0.40268 0.41369 0.42055 0.41499 0.42874 0.42634 0.43053 0.44516 0.43054 0.46000 0.42399 0.47185 0.41732 0.48707 0.41312 0.49631 0.40864 0.49917 0.40100 0.49641 0.38824 0.49154 0.36678 0.48346 0.35308 0.47149 0.33577 0.45737 0.32119 0.44554 0.31406 0.43174 0.31084 0.42058 0.31261 0.40640 0.32325 0.39727 0.33551 0.39452 0.34615 0.39116 0.35988
4 0.50835 0.67799 0.51817 0.69805 0.52805 0.71388 0.53799 0.73931 0.55493 0.74143 0.56470 0.73088 0.55817 0.69890 0.56100 0.67025 0.56563 0.65752 0.56465 0.63968 0.56066 0.61450 0.55571 0.59489 0.55405 0.58673 0.54858 0.57319 0.54137 0.56953 0.53228 0.57278 0.52654 0.57850 0.51438 0.57861 0.49693 0.58258 0.49208 0.58456 0.49140 0.59665 0.48922 0.61080 0.49599 0.63256 0.50043 0.66064 0.50835 0.67799
4 0.33149 0.48877 0.33877 0.50682 0.34982 0.52066 0.35983 0.52327 0.36929 0.52238 0.37538 0.51661 0.37968 0.51113 0.38875 0.50311 0.39321 0.49400 0.39538 0.47744 0.39596 0.46714 0.39670 0.45084 0.39908 0.43545 0.39226 0.42512 0.37392 0.41184 0.35924 0.39136 0.34857 0.38463 0.33516 0.38615 0.32574 0.39186 0.31796 0.40808 0.31597 0.42340 0.31923 0.44870 0.32436 0.46948 0.33149 0.48877
4 0.59033 0.67823 0.59908 0.70324 0.60892 0.72807 0.62075 0.73520 0.63017 0.72712 0.62515 0.69310 0.62412 0.66327 0.62650 0.65027 0.62931 0.63542 0.62678 0.61483 0.62389 0.59427 0.62120 0.57730 0.61709 0.56295 0.61096 0.56153 0.59457 0.56292 0.58072 0.56632 0.57397 0.57038 0.56845 0.58206 0.56291 0.59375 0.56233 0.60644 0.56751 0.63443 0.57365 0.65686 0.58171 0.66579 0.59033 0.67823
