4 0.14555 0.66500 0.13654 0.70697 0.13011 0.74792 0.12816 0.80017 0.13459 0.84320 0.15071 0.86573 0.17583 0.88927 0.20353 0.88927 0.24346 0.84421 0.26926 0.81045 0.28601 0.78994 0.27763 0.77253 0.26346 0.75309 0.26668 0.69056 0.24025 0.69264 0.20226 0.70287 0.16166 0.68034 0.14555 0.66500
1 0.82509 0.52303 0.82792 0.53820 0.83604 0.54270 0.84806 0.53315 0.85583 0.51742 0.84594 0.48989 0.83216 0.48820 0.82721 0.50393 0.82509 0.52303
4 0.11336 0.20405 0.10498 0.22764 0.10110 0.27270 0.10046 0.35056 0.10173 0.40382 0.10498 0.46523 0.10304 0.49803 0.10820 0.55028 0.11721 0.59534 0.12364 0.62708 0.13975 0.64961 0.16551 0.66090 0.18936 0.68652 0.20869 0.69876 0.23187 0.68652 0.25894 0.67725 0.26926 0.66803 0.26346 0.60865 0.25763 0.54309 0.25509 0.49185 0.25958 0.41197 0.24735 0.36180 0.22739 0.33826 0.19710 0.26758 0.17777 0.22865 0.15265 0.19180 0.13654 0.19073 0.11336 0.20405
4 0.09208 0.62607 0.06760 0.58713 0.04442 0.51646 0.03541 0.54820 0.02894 0.59326 0.02636 0.64652 0.03283 0.69674 0.04632 0.74079 0.05601 0.76742 0.09272 0.76944 0.11399 0.76124 0.12622 0.70287 0.12558 0.68034 0.14039 0.65781 0.12685 0.63938 0.11594 0.60146 0.10625 0.61888 0.09208 0.62607
4 0.59265 0.17438 0.57784 0.19994 0.56173 0.24197 0.54883 0.27882 0.53530 0.33416 0.53081 0.38433 0.53145 0.42938 0.53339 0.47652 0.53339 0.51854 0.53145 0.55742 0.53208 0.61478 0.53661 0.66702 0.54304 0.68242 0.56753 0.68034 0.59329 0.68444 0.60555 0.69163 0.62035 0.70595 0.64933 0.70798 0.69315 0.70905 0.71763 0.70905 0.74986 0.70388 0.76272 0.69983 0.77883 0.68242 0.79364 0.66803 0.80459 0.64140 0.81491 0.57893 0.81943 0.52669 0.82071 0.47449 0.81749 0.43657 0.81297 0.38843 0.80523 0.35157 0.79622 0.31056 0.78590 0.26961 0.77046 0.21225 0.76145 0.17331 0.74597 0.14567 0.72922 0.13545 0.68413 0.13646 0.65258 0.14258 0.62099 0.14567 0.60297 0.16107 0.59265 0.17438
1 0.48657 0.54039 0.49046 0.56680 0.50813 0.58197 0.51307 0.57522 0.51519 0.55444 0.50848 0.53815 0.50601 0.51455 0.50495 0.48815 0.50283 0.47242 0.50565 0.45107 0.48975 0.45275 0.47880 0.47635 0.47774 0.50612 0.48657 0.54039
4 0.87032 0.25017 0.85357 0.28910 0.82972 0.33006 0.81360 0.35871 0.81427 0.41506 0.81943 0.47551 0.81943 0.51135 0.81555 0.56360 0.81039 0.60556 0.81749 0.62916 0.82714 0.64652 0.84198 0.65371 0.87548 0.65472 0.89996 0.65270 0.91862 0.63938 0.93601 0.61376 0.95343 0.58101 0.96823 0.54719 0.97661 0.51337 0.98435 0.48062 0.98498 0.39764 0.98304 0.31466 0.98498 0.27781 0.98693 0.23888 0.98629 0.21225 0.97982 0.18663 0.96629 0.17742 0.92700 0.15185 0.90834 0.16309 0.88512 0.20202 0.87032 0.25017
4 0.00000 0.36534 0.01283 0.41197 0.02958 0.47449 0.05148 0.52669 0.07081 0.58612 0.08498 0.61685 0.09078 0.62708 0.10947 0.61275 0.11527 0.59843 0.10562 0.55028 0.10046 0.48163 0.10368 0.45708 0.10046 0.38742 0.08498 0.34747 0.05406 0.28191 0.04120 0.24095 0.01993 0.19792 0.00703 0.18152 0.00000 0.18253 0.00000 0.36534
4 0.40325 0.17539 0.37813 0.16517 0.34527 0.16107 0.32078 0.17028 0.30792 0.17640 0.29244 0.18663 0.28212 0.24809 0.27375 0.28393 0.26601 0.32185 0.25958 0.37921 0.26021 0.42528 0.26088 0.48674 0.25894 0.54107 0.26601 0.62607 0.27053 0.65270 0.27247 0.66702 0.28859 0.68753 0.29438 0.70494 0.30403 0.72539 0.31562 0.73567 0.33816 0.74079 0.35364 0.73978 0.37233 0.73669 0.38845 0.73567 0.41032 0.73258 0.43032 0.72949 0.44965 0.72539 0.46640 0.72337 0.48442 0.71927 0.49859 0.71517 0.51212 0.70697 0.52435 0.69573 0.53339 0.66601 0.52950 0.61584 0.53145 0.58303 0.52950 0.52258 0.53466 0.49084 0.52950 0.44067 0.52760 0.39972 0.51922 0.35978 0.51018 0.34539 0.50502 0.29421 0.49216 0.26860 0.47410 0.23376 0.45477 0.19691 0.44191 0.18051 0.40325 0.17539
4 0.88127 0.66393 0.85615 0.66500 0.86064 0.71006 0.86901 0.75612 0.89286 0.80938 0.90767 0.85551 0.94053 0.91489 0.96696 0.94253 0.99979 0.96511 0.99979 0.63629 0.99466 0.60045 0.96887 0.56152 0.94954 0.59225 0.92509 0.63017 0.90703 0.64860 0.88127 0.66393
