4 0.09657 0.80637 0.12357 0.81260 0.17261 0.77768 0.20534 0.75059 0.22627 0.73438 0.22203 0.71552 0.21259 0.69339 0.22979 0.63319 0.20357 0.62927 0.16426 0.63069 0.12977 0.59960 0.11752 0.58104 0.09930 0.61990 0.08382 0.65836 0.07017 0.70883 0.06675 0.75221 0.07739 0.77778 0.09657 0.80637
1 0.82630 0.56322 0.81794 0.57744 0.81158 0.59557 0.81092 0.61099 0.81783 0.61720 0.83168 0.61059 0.84279 0.59701 0.83935 0.56797 0.82630 0.56322
4 0.11365 0.40879 0.10693 0.46086 0.10557 0.50678 0.10470 0.53916 0.11533 0.56473 0.13789 0.58153 0.15537 0.61186 0.17145 0.62814 0.19679 0.62142 0.22525 0.61848 0.23737 0.61182 0.24508 0.55266 0.25415 0.48746 0.26320 0.43697 0.28554 0.36014 0.28491 0.30851 0.27076 0.28108 0.25715 0.20540 0.24707 0.16312 0.23088 0.12156 0.21542 0.11690 0.18984 0.12465 0.17637 0.14576 0.16245 0.18879 0.14432 0.26451 0.13357 0.31669 0.12293 0.37726 0.11365 0.40879
4 0.00054 0.58661 0.00379 0.63256 0.00723 0.66069 0.04255 0.67091 0.06512 0.66771 0.09016 0.61358 0.09461 0.59149 0.11411 0.57287 0.10506 0.55187 0.10296 0.51246 0.08960 0.52726 0.07418 0.53107 0.05908 0.48763 0.05239 0.41355 0.03647 0.44246 0.02003 0.48490 0.00554 0.53622 0.00054 0.58661
4 0.54653 0.43827 0.53782 0.48463 0.52837 0.52558 0.51773 0.56302 0.50544 0.61905 0.49810 0.67098 0.50090 0.68742 0.52523 0.69090 0.54941 0.70070 0.55974 0.71046 0.57094 0.72775 0.59872 0.73624 0.64117 0.74714 0.66503 0.75264 0.69759 0.75486 0.71103 0.75381 0.73065 0.74046 0.74831 0.72978 0.76498 0.70630 0.78908 0.64775 0.80525 0.59786 0.81822 0.54729 0.82362 0.50962 0.83005 0.46169 0.83080 0.42404 0.83124 0.38205 0.83040 0.33982 0.82826 0.28046 0.82824 0.24050 0.81937 0.21009 0.80535 0.19636 0.76119 0.18720 0.72907 0.18607 0.69759 0.18197 0.67657 0.19292 0.66352 0.20357 0.64335 0.22515 0.61819 0.26247 0.59734 0.29548 0.57170 0.34635 0.55604 0.39422 0.54653 0.43827
1 0.50258 0.51553 0.50749 0.48956 0.50896 0.47376 0.51652 0.45359 0.50064 0.45166 0.48466 0.47219 0.47693 0.50096 0.47783 0.53634 0.47568 0.56294 0.48948 0.58169 0.49582 0.57624 0.50256 0.55646 0.49968 0.53908 0.50258 0.51553
4 1.00000 0.26267 0.99437 0.25683 0.97366 0.26358 0.94228 0.29629 0.91703 0.33988 0.89195 0.37404 0.85950 0.40858 0.83735 0.43288 0.82533 0.48793 0.81676 0.54799 0.80870 0.58291 0.79315 0.63295 0.77869 0.67268 0.78030 0.69727 0.78579 0.71635 0.79864 0.72670 0.83105 0.73522 0.85536 0.73876 0.87654 0.72998 0.89924 0.70893 0.92358 0.68093 0.94562 0.65131 0.96138 0.62024 0.97629 0.59007 0.99558 0.50936 1.00000 0.48793 1.00000 0.26267
4 0.07268 0.53177 0.09412 0.52201 0.10298 0.50936 0.10442 0.46028 0.11483 0.39222 0.12349 0.36902 0.13603 0.30042 0.12993 0.25802 0.11455 0.18719 0.11123 0.14439 0.10019 0.09767 0.09131 0.07879 0.08423 0.07819 0.04311 0.25631 0.04512 0.30463 0.04737 0.36933 0.05698 0.42511 0.06244 0.48737 0.06933 0.52050 0.07268 0.53177
4 0.34437 0.20553 0.32815 0.23857 0.31208 0.27378 0.29291 0.32822 0.28317 0.37325 0.26999 0.43329 0.25588 0.48579 0.24365 0.57020 0.24206 0.59716 0.24073 0.61156 0.25182 0.63516 0.25355 0.65344 0.25835 0.67553 0.26733 0.68816 0.28815 0.69821 0.30345 0.70071 0.32236 0.70190 0.33829 0.70454 0.36030 0.70645 0.38048 0.70794 0.40023 0.70829 0.41701 0.71009 0.43549 0.71014 0.45022 0.70934 0.46525 0.70439 0.47969 0.69619 0.49519 0.66927 0.50269 0.61951 0.51196 0.58798 0.52367 0.52864 0.53584 0.49887 0.54209 0.44883 0.54945 0.40850 0.55027 0.36769 0.54470 0.35165 0.55118 0.30062 0.54441 0.27276 0.53465 0.23476 0.52411 0.19450 0.51527 0.17563 0.47875 0.16195 0.45657 0.14633 0.42547 0.13495 0.39954 0.13842 0.38563 0.14149 0.36825 0.14797 0.34437 0.20553
4 0.89750 1.00000 0.95632 0.74523 0.95939 0.70915 0.94301 0.66541 0.91727 0.69101 0.88491 0.72246 0.86317 0.73635 0.83462 0.74550 0.80990 0.74089 0.80414 0.78580 0.80194 0.83257 0.81320 0.88983 0.81725 0.93810 0.83495 1.00000 0.89750 1.00000
