4 0.34908 0.52904 0.35558 0.52952 0.36577 0.52667 0.37614 0.52261 0.38039 0.51684 0.37573 0.50988 0.36811 0.50787 0.35753 0.49915 0.34838 0.48928 0.34403 0.48605 0.34032 0.48502 0.32966 0.48972 0.32953 0.49440 0.33657 0.50934 0.34288 0.52267 0.34908 0.52904
4 0.59444 0.51302 0.59461 0.51906 0.60035 0.51834 0.61108 0.51444 0.62114 0.51087 0.62999 0.50692 0.62591 0.49700 0.61764 0.49577 0.61101 0.49342 0.60853 0.49026 0.60848 0.49593 0.60868 0.49914 0.60779 0.50416 0.60676 0.50699 0.60098 0.50973 0.59531 0.51083 0.59444 0.51302
4 0.35981 0.52899 0.36049 0.53352 0.37793 0.53712 0.38788 0.53839 0.39266 0.53746 0.38077 0.51880 0.37605 0.52321 0.35981 0.52899
4 0.58747 0.48748 0.58810 0.49221 0.58886 0.49833 0.59248 0.50511 0.59616 0.51006 0.60308 0.50872 0.60666 0.50721 0.60921 0.49822 0.60858 0.48904 0.60566 0.47626 0.60312 0.46907 0.60123 0.46377 0.59675 0.45696 0.58912 0.44874 0.58349 0.44559 0.57226 0.44838 0.56190 0.45120 0.55724 0.45675 0.55363 0.46029 0.55597 0.47824 0.55949 0.48382 0.56975 0.48567 0.58165 0.48780 0.58747 0.48748
2 0.58749 0.46358 0.58563 0.46071 0.57890 0.45972 0.56863 0.46149 0.55844 0.46531 0.55529 0.46845 0.55625 0.47678 0.55968 0.48347 0.56270 0.48473 0.57393 0.48623 0.58214 0.48647 0.58673 0.48489 0.58748 0.47531 0.58749 0.46358
4 0.40112 0.53843 0.40950 0.53477 0.41449 0.52856 0.41923 0.52210 0.42438 0.51353 0.42589 0.50217 0.40788 0.48820 0.39542 0.48043 0.38821 0.47630 0.38075 0.47512 0.37679 0.48026 0.37559 0.49214 0.37647 0.50304 0.37950 0.51439 0.38418 0.52250 0.39380 0.53695 0.40112 0.53843
4 0.45094 0.51887 0.45273 0.51408 0.45690 0.51043 0.46428 0.50779 0.47137 0.51106 0.47659 0.51429 0.48091 0.51365 0.48092 0.50779 0.47966 0.50500 0.47513 0.50163 0.46950 0.49626 0.46312 0.49002 0.45811 0.48270 0.45386 0.47928 0.44779 0.47904 0.43969 0.48466 0.43857 0.49661 0.43969 0.50529 0.44207 0.51756 0.44641 0.51996 0.45094 0.51887
2 0.52058 0.49313 0.52552 0.48405 0.52675 0.47529 0.51937 0.47086 0.51493 0.47572 0.51074 0.48239 0.50837 0.48525 0.50542 0.49048 0.50500 0.49563 0.50571 0.49975 0.50793 0.50438 0.51596 0.50149 0.52058 0.49313
4 0.51258 0.52671 0.50855 0.53033 0.50873 0.53272 0.51297 0.53755 0.51852 0.53951 0.53086 0.53731 0.54078 0.53518 0.54603 0.53416 0.54536 0.52479 0.54597 0.51982 0.54622 0.51815 0.54162 0.49963 0.53824 0.49482 0.53560 0.49231 0.53262 0.49026 0.52617 0.49252 0.52124 0.49449 0.51753 0.50047 0.50759 0.50543 0.51026 0.51402 0.51188 0.52159 0.51258 0.52671
4 0.49295 0.53942 0.49227 0.53369 0.49040 0.52920 0.48632 0.52150 0.48419 0.51868 0.47922 0.51600 0.46885 0.50993 0.46551 0.50896 0.45834 0.51339 0.45488 0.51851 0.45310 0.52412 0.45267 0.53148 0.45308 0.53949 0.46282 0.53719 0.47473 0.53791 0.48533 0.53929 0.49295 0.53942
4 0.65811 0.47739 0.66297 0.48170 0.66888 0.48258 0.67408 0.47833 0.67451 0.46652 0.67484 0.45493 0.67420 0.44352 0.67280 0.43409 0.67016 0.42348 0.66841 0.42038 0.66266 0.42474 0.65571 0.43256 0.65195 0.44198 0.64803 0.44841 0.63925 0.45194 0.63633 0.45614 0.64024 0.46145 0.64305 0.46414 0.64847 0.46470 0.65230 0.46962 0.65811 0.47739
4 0.62917 0.50344 0.63112 0.50609 0.64014 0.50232 0.64747 0.49867 0.65468 0.49444 0.66048 0.49028 0.65590 0.47782 0.65293 0.47658 0.64700 0.46600 0.64500 0.46457 0.64014 0.46167 0.63768 0.46235 0.63973 0.47732 0.63981 0.48216 0.63303 0.49157 0.62720 0.49553 0.62608 0.49716 0.62917 0.50344
4 0.57781 0.52637 0.58716 0.52354 0.58932 0.52211 0.59047 0.51845 0.58957 0.50790 0.58821 0.49866 0.58523 0.49075 0.58290 0.48837 0.57819 0.48848 0.56197 0.48476 0.55761 0.48520 0.54916 0.48603 0.54538 0.49020 0.54473 0.49498 0.54677 0.50914 0.54911 0.51678 0.55110 0.52185 0.55762 0.53029 0.56859 0.52917 0.57781 0.52637
4 0.41352 0.54192 0.41633 0.54239 0.42854 0.54244 0.44307 0.54042 0.45266 0.53957 0.45300 0.53910 0.45266 0.53068 0.44734 0.52402 0.44176 0.51742 0.43817 0.51448 0.43250 0.51114 0.42551 0.51209 0.42258 0.51771 0.41838 0.52338 0.41470 0.52956 0.41338 0.53163 0.41352 0.54192
4 0.62671 0.49522 0.63291 0.49240 0.63701 0.48695 0.64000 0.48091 0.63974 0.47368 0.63749 0.45693 0.63283 0.44105 0.62780 0.43880 0.62243 0.44145 0.61764 0.45149 0.61268 0.46216 0.60390 0.47013 0.60797 0.48370 0.60850 0.48865 0.61259 0.49271 0.61973 0.49476 0.62671 0.49522
4 0.69095 0.43299 0.68991 0.42247 0.68882 0.41318 0.68353 0.42210 0.67637 0.43623 0.67379 0.43916 0.67445 0.44995 0.67481 0.45918 0.67971 0.46005 0.68226 0.45692 0.68783 0.45604 0.69051 0.44844 0.69095 0.43299
4 0.49807 0.53398 0.50569 0.53331 0.51187 0.52746 0.51232 0.52312 0.50815 0.50836 0.50769 0.50522 0.51606 0.50177 0.51873 0.49781 0.52104 0.49271 0.52387 0.48731 0.52549 0.48457 0.52755 0.47527 0.52737 0.46842 0.51491 0.46337 0.50218 0.46584 0.49053 0.47599 0.48636 0.48186 0.48330 0.49196 0.48130 0.50084 0.48270 0.51250 0.48582 0.51897 0.48834 0.52455 0.49310 0.53353 0.49807 0.53398
