4 0.73016 0.48424 0.74250 0.49184 0.75903 0.49896 0.76869 0.50367 0.77828 0.50356 0.78666 0.50263 0.79550 0.50419 0.80343 0.50318 0.81120 0.49793 0.81615 0.48797 0.82172 0.47451 0.82482 0.46139 0.82591 0.44455 0.82494 0.42823 0.82334 0.41099 0.82134 0.40161 0.80985 0.39176 0.79741 0.38475 0.76922 0.38941 0.75706 0.39630 0.73840 0.40384 0.73087 0.41034 0.72360 0.42831 0.72106 0.44532 0.71517 0.46836 0.71536 0.47501 0.73016 0.48424
1 0.85303 0.65461 0.85426 0.65521 0.85557 0.65475 0.85620 0.65417 0.85656 0.65247 0.85540 0.65142 0.85386 0.65253 0.85303 0.65461
1 0.33498 0.33580 0.33444 0.33425 0.33371 0.33312 0.33211 0.33330 0.33139 0.33340 0.33047 0.33531 0.32954 0.33960 0.32805 0.34541 0.32806 0.34633 0.33135 0.34154 0.33480 0.34145 0.33696 0.34107 0.33819 0.33975 0.33834 0.33755 0.33703 0.33608 0.33498 0.33580
4 0.83602 0.66241 0.84650 0.66245 0.85841 0.66214 0.86341 0.66483 0.87218 0.66938 0.87864 0.67414 0.88466 0.67881 0.89387 0.68344 0.89922 0.67897 0.90103 0.67387 0.90372 0.65087 0.90348 0.63157 0.90197 0.61686 0.90044 0.60997 0.88765 0.61012 0.88134 0.61743 0.86903 0.61225 0.86049 0.60894 0.84821 0.60617 0.82776 0.60317 0.81626 0.60114 0.80118 0.60390 0.79668 0.61394 0.79718 0.63690 0.80716 0.65792 0.81627 0.66314 0.82825 0.66766 0.83602 0.66241
4 0.38080 0.44551 0.38514 0.45711 0.39760 0.45630 0.41632 0.45358 0.43215 0.44915 0.44679 0.44631 0.45833 0.44293 0.46712 0.43967 0.47379 0.43543 0.47948 0.43161 0.48041 0.40048 0.48078 0.37767 0.47970 0.37086 0.47138 0.35856 0.46867 0.35327 0.45854 0.34606 0.45201 0.34431 0.44103 0.33154 0.43491 0.32745 0.42388 0.32792 0.40937 0.34040 0.39979 0.35075 0.39398 0.37079 0.38418 0.39013 0.37900 0.41691 0.37748 0.43590 0.38080 0.44551
4 0.23243 0.50843 0.22973 0.52120 0.23082 0.54606 0.23113 0.56237 0.23353 0.57724 0.24176 0.58230 0.25281 0.58425 0.26340 0.58371 0.27303 0.58601 0.29163 0.59170 0.29962 0.59551 0.30895 0.59956 0.32695 0.60093 0.33284 0.59595 0.34408 0.58650 0.35186 0.57343 0.35498 0.55833 0.35816 0.54805 0.36165 0.53603 0.36016 0.53155 0.35560 0.52894 0.34457 0.52941 0.33287 0.52855 0.31879 0.52305 0.30477 0.52239 0.29404 0.52892 0.28237 0.52265 0.27631 0.50533 0.27142 0.49424 0.26285 0.48852 0.25473 0.48287 0.24605 0.48555 0.23780 0.49613 0.23243 0.50843
2 0.88752 0.46636 0.88700 0.45786 0.88033 0.42916 0.87340 0.41341 0.87070 0.41313 0.86388 0.41728 0.85464 0.42291 0.83851 0.42809 0.82740 0.43034 0.82660 0.44147 0.82499 0.45877 0.82458 0.46769 0.83440 0.47439 0.84032 0.47620 0.85052 0.47417 0.86358 0.47322 0.87165 0.47178 0.88094 0.46921 0.88752 0.46636
1 0.84952 0.43749 0.85012 0.43693 0.85021 0.43576 0.85008 0.43492 0.85024 0.43336 0.85028 0.43203 0.84961 0.43173 0.84897 0.43217 0.84834 0.43380 0.84803 0.43541 0.84737 0.43722 0.84740 0.43834 0.84808 0.43909 0.84859 0.43925 0.84927 0.43889 0.84952 0.43749
4 0.27428 0.44960 0.27420 0.47848 0.27710 0.49825 0.28348 0.51382 0.29101 0.52538 0.29721 0.52647 0.30964 0.51542 0.32534 0.50916 0.32851 0.50671 0.33647 0.50812 0.34525 0.51267 0.35646 0.52669 0.36135 0.52996 0.36666 0.53089 0.37142 0.53233 0.38025 0.52366 0.38853 0.51549 0.39460 0.50693 0.40286 0.48852 0.40788 0.47557 0.40868 0.46848 0.39703 0.47245 0.38645 0.47299 0.38067 0.46956 0.37403 0.46839 0.36743 0.46964 0.36096 0.47271 0.34856 0.47835 0.33804 0.48372 0.32668 0.47570 0.32252 0.46051 0.31703 0.44510 0.30594 0.44074 0.29445 0.43089 0.29142 0.42735 0.28568 0.42633 0.28063 0.42905 0.27428 0.44960
4 0.48223 0.38756 0.48136 0.42352 0.48239 0.44356 0.49481 0.44816 0.51377 0.44669 0.55171 0.44616 0.58139 0.44597 0.60688 0.44625 0.61668 0.44497 0.61435 0.43493 0.61762 0.40601 0.62081 0.38792 0.62316 0.36426 0.61805 0.34410 0.61350 0.33367 0.60957 0.32755 0.60021 0.32109 0.59244 0.30828 0.57895 0.29688 0.56694 0.28994 0.54435 0.28355 0.53492 0.28791 0.51968 0.30448 0.50573 0.32670 0.49355 0.34923 0.48556 0.37129 0.48223 0.38756
4 0.79830 0.59436 0.81042 0.59289 0.82197 0.58169 0.83603 0.57694 0.84444 0.57842 0.84977 0.58177 0.85674 0.59143 0.86425 0.60058 0.86757 0.61019 0.87314 0.61478 0.87913 0.61704 0.88560 0.61397 0.88853 0.61027 0.89494 0.60238 0.89982 0.59541 0.90096 0.58117 0.90041 0.56362 0.90162 0.54638 0.90097 0.52941 0.89877 0.52120 0.89527 0.51516 0.88629 0.51177 0.87330 0.53115 0.86565 0.54605 0.85377 0.54877 0.84598 0.54379 0.84000 0.54153 0.82643 0.53312 0.82022 0.52179 0.80982 0.51093 0.79950 0.51513 0.78829 0.52699 0.78288 0.52664 0.77997 0.54057 0.78191 0.56319 0.79212 0.58545 0.79830 0.59436
1 0.70664 0.34587 0.71223 0.34980 0.71597 0.34760 0.71952 0.34491 0.71737 0.34444 0.71491 0.34290 0.71130 0.34319 0.70906 0.34085 0.70437 0.33735 0.70122 0.33542 0.69859 0.33329 0.70049 0.33833 0.70303 0.34219 0.70664 0.34587
1 0.69169 0.31015 0.69009 0.30828 0.68881 0.30662 0.68789 0.30710 0.68807 0.31015 0.68781 0.31298 0.68934 0.31802 0.69215 0.32601 0.69413 0.32986 0.69683 0.33097 0.69583 0.32841 0.69482 0.32457 0.69464 0.32151 0.69416 0.31808 0.69305 0.31342 0.69169 0.31015
4 0.31462 0.39412 0.31331 0.40412 0.31542 0.42315 0.31714 0.43670 0.32178 0.45436 0.32706 0.47095 0.33474 0.48434 0.34499 0.47531 0.35630 0.47068 0.36318 0.46528 0.36998 0.44481 0.37452 0.43718 0.38180 0.39332 0.38148 0.37702 0.37537 0.36511 0.35974 0.35031 0.35294 0.34490 0.34661 0.34198 0.33855 0.34116 0.33075 0.34400 0.32160 0.36225 0.31832 0.37310 0.31462 0.39412
2 0.64621 0.36749 0.64752 0.35756 0.64049 0.34415 0.63623 0.33554 0.63058 0.32264 0.62710 0.33741 0.62525 0.35914 0.62297 0.38285 0.62035 0.40066 0.62848 0.39570 0.63438 0.39094 0.64296 0.37968 0.64621 0.36749
1 0.62556 0.36980 0.62569 0.37381 0.62628 0.37856 0.62553 0.38186 0.62413 0.38460 0.62662 0.38614 0.63016 0.38599 0.63475 0.38426 0.63717 0.38236 0.64011 0.37569 0.64158 0.36832 0.64261 0.36197 0.64219 0.35725 0.63907 0.34830 0.63695 0.34228 0.63460 0.33800 0.63285 0.34034 0.63251 0.34272 0.63199 0.34616 0.63229 0.34876 0.63130 0.35058 0.62889 0.35281 0.62621 0.35753 0.62582 0.36454 0.62556 0.36980
1 0.86887 0.44912 0.86638 0.44776 0.86473 0.44645 0.86147 0.44671 0.85925 0.44779 0.85743 0.44821 0.85573 0.44994 0.85440 0.45827 0.85562 0.46245 0.85825 0.46301 0.85957 0.46462 0.86234 0.46355 0.86492 0.46160 0.86812 0.45811 0.87044 0.45290 0.87078 0.44973 0.86887 0.44912
4 0.63382 0.30896 0.62958 0.32266 0.62622 0.34433 0.62375 0.37640 0.61706 0.41434 0.61428 0.43793 0.61970 0.44851 0.64977 0.46164 0.66606 0.46752 0.67538 0.47157 0.68362 0.46881 0.69325 0.47111 0.70342 0.47291 0.70917 0.47392 0.71156 0.47073 0.71901 0.44917 0.72467 0.41707 0.73378 0.39792 0.73035 0.37982 0.72762 0.36759 0.72324 0.35245 0.72021 0.34384 0.71292 0.32938 0.70739 0.31358 0.69796 0.30390 0.69083 0.29396 0.67642 0.29240 0.65042 0.29503 0.63382 0.30896
4 0.88038 0.42888 0.87357 0.41323 0.87091 0.41276 0.86359 0.41809 0.85262 0.42338 0.83921 0.42703 0.82777 0.42983 0.82633 0.43800 0.82585 0.45155 0.82404 0.46649 0.82277 0.47890 0.82370 0.49171 0.82719 0.50556 0.83265 0.51856 0.83592 0.53359 0.84949 0.54200 0.86593 0.54189 0.87402 0.52706 0.87821 0.51877 0.88398 0.51197 0.89220 0.49897 0.89266 0.48340 0.88907 0.47013 0.88553 0.45145 0.88038 0.42888
1 0.83918 0.55392 0.84088 0.55453 0.84261 0.55130 0.84488 0.55132 0.84721 0.55134 0.84924 0.55170 0.85020 0.55018 0.84615 0.54878 0.84228 0.54894 0.84001 0.54954 0.83800 0.55072 0.83703 0.55193 0.83647 0.55414 0.83677 0.55603 0.83699 0.55715 0.83772 0.55597 0.83918 0.55392
1 0.86701 0.42039 0.86769 0.41982 0.86869 0.41777 0.86942 0.41628 0.86973 0.41418 0.86343 0.41822 0.85999 0.42023 0.85658 0.42177 0.85605 0.42314 0.85747 0.42331 0.86109 0.42096 0.86333 0.41943 0.86345 0.42045 0.86571 0.42146 0.86701 0.42039
