4 0.80247 0.58555 0.81373 0.58102 0.81949 0.57402 0.82415 0.56620 0.82690 0.55797 0.82690 0.55138 0.82553 0.55015 0.80714 0.53657 0.79506 0.52751 0.78799 0.52208 0.77759 0.51384 0.76389 0.50458 0.75725 0.50817 0.74868 0.51022 0.74566 0.51475 0.74539 0.52628 0.74210 0.53903 0.73743 0.55962 0.74758 0.57484 0.75746 0.57937 0.77036 0.57937 0.77969 0.57937 0.79177 0.58596 0.79616 0.58678 0.80247 0.58555
2 0.76598 0.52876 0.77009 0.52850 0.77569 0.52430 0.77954 0.52273 0.78269 0.51892 0.77928 0.51577 0.77105 0.51013 0.76554 0.50698 0.76310 0.50541 0.75933 0.50672 0.75662 0.50869 0.75286 0.50948 0.74962 0.51052 0.74910 0.51433 0.75006 0.52483 0.75592 0.52824 0.76178 0.53086 0.76598 0.52876
4 0.79726 0.58637 0.79122 0.58596 0.78079 0.58185 0.77064 0.58185 0.76048 0.58020 0.75280 0.57773 0.75005 0.57814 0.74703 0.58226 0.74923 0.59460 0.74895 0.60654 0.75088 0.62218 0.75582 0.62589 0.76377 0.63124 0.77420 0.64359 0.77969 0.65511 0.78930 0.65841 0.80275 0.66211 0.81043 0.66540 0.82196 0.66829 0.82937 0.66705 0.83623 0.66335 0.84117 0.65388 0.84145 0.63535 0.83842 0.62218 0.83376 0.60572 0.83129 0.58843 0.82525 0.56332 0.82141 0.56991 0.81537 0.57649 0.80961 0.58267 0.79726 0.58637
1 0.25197 0.46916 0.24564 0.47029 0.24203 0.47503 0.24188 0.48430 0.24293 0.48881 0.24218 0.49581 0.24293 0.49740 0.24700 0.48994 0.25905 0.48294 0.27426 0.47323 0.28164 0.47549 0.28615 0.47752 0.28721 0.47842 0.28645 0.46893 0.27712 0.46781 0.26537 0.46555 0.26040 0.46713 0.25197 0.46916
4 0.17079 0.45935 0.16289 0.46112 0.15103 0.47594 0.13997 0.49313 0.13522 0.50736 0.13917 0.52514 0.15222 0.53107 0.16210 0.54411 0.18028 0.55419 0.20320 0.55656 0.22691 0.56011 0.24707 0.56604 0.25971 0.56367 0.26169 0.54767 0.25774 0.53226 0.25695 0.51862 0.24509 0.50914 0.23521 0.51329 0.21901 0.49669 0.20952 0.46824 0.19885 0.47061 0.19055 0.47002 0.17909 0.46172 0.17079 0.45935
4 0.63341 0.46494 0.62600 0.47811 0.62353 0.48717 0.62161 0.50034 0.62024 0.51434 0.61804 0.52669 0.61777 0.54397 0.61832 0.55097 0.61969 0.55385 0.63177 0.56044 0.65015 0.57032 0.67019 0.57978 0.68226 0.58349 0.69873 0.58678 0.71026 0.58925 0.71849 0.58720 0.72865 0.57896 0.73688 0.56332 0.73990 0.54974 0.74456 0.52874 0.74511 0.51557 0.74511 0.50610 0.73578 0.48799 0.72974 0.47976 0.72178 0.46783 0.66854 0.44354 0.65839 0.44148 0.64905 0.44848 0.64055 0.45589 0.63341 0.46494
4 0.48696 0.42082 0.48143 0.43327 0.47510 0.44453 0.46918 0.45698 0.46720 0.47179 0.46641 0.49432 0.46838 0.51210 0.47194 0.52751 0.48024 0.54055 0.49368 0.54648 0.51304 0.55359 0.52490 0.55419 0.54071 0.55419 0.55533 0.55359 0.56916 0.55359 0.57667 0.55122 0.57983 0.55063 0.58339 0.54174 0.58655 0.52633 0.58576 0.51092 0.58023 0.49788 0.57549 0.47772 0.57470 0.46053 0.57311 0.44749 0.57351 0.44334 0.55256 0.43505 0.53478 0.42082 0.52055 0.41311 0.50079 0.40660 0.49486 0.40719 0.48696 0.42082
4 0.37037 0.47713 0.36642 0.47594 0.35970 0.48246 0.35219 0.49610 0.34706 0.50439 0.33362 0.50795 0.32571 0.51092 0.31267 0.54174 0.30674 0.56426 0.30082 0.58916 0.30082 0.59745 0.31820 0.60042 0.33757 0.60101 0.35852 0.60338 0.38144 0.60516 0.39171 0.58678 0.39804 0.57434 0.39882 0.57138 0.39566 0.54174 0.39092 0.51803 0.38302 0.51032 0.37630 0.49906 0.37156 0.48187 0.37037 0.47713
1 0.31171 0.43065 0.31464 0.43379 0.31862 0.43975 0.32154 0.45120 0.32311 0.46139 0.32322 0.46359 0.32353 0.45276 0.32280 0.44053 0.31820 0.42892 0.31485 0.42202 0.31129 0.41732 0.30774 0.41496 0.30397 0.41355 0.30146 0.41339 0.30010 0.41543 0.30000 0.42155 0.30293 0.42516 0.30774 0.42751 0.31171 0.43065
2 0.39092 0.40245 0.38816 0.41963 0.40357 0.43327 0.42017 0.44038 0.42926 0.44097 0.43914 0.44334 0.44309 0.43682 0.44625 0.42793 0.43439 0.39889 0.42451 0.38940 0.41029 0.38585 0.39566 0.39118 0.39092 0.40245
4 0.49042 0.57814 0.49179 0.58802 0.49866 0.60407 0.50415 0.61930 0.50716 0.62589 0.52747 0.62918 0.54421 0.62918 0.55657 0.62959 0.56178 0.62836 0.56700 0.61766 0.56452 0.60984 0.56672 0.58678 0.56754 0.57320 0.56809 0.55344 0.54888 0.55344 0.53049 0.55509 0.51540 0.55427 0.49097 0.54768 0.49042 0.57814
1 0.65845 0.46283 0.65875 0.46256 0.65821 0.46164 0.65809 0.45973 0.65723 0.46201 0.65693 0.46319 0.65778 0.46310 0.65845 0.46283
2 0.47842 0.48673 0.47887 0.49487 0.48279 0.50322 0.48821 0.50413 0.49122 0.49893 0.50206 0.49938 0.50598 0.50458 0.51276 0.51023 0.51712 0.50752 0.52646 0.50706 0.53173 0.50729 0.53821 0.50097 0.54288 0.49419 0.55438 0.49473 0.56181 0.50085 0.57088 0.51341 0.57637 0.51877 0.58003 0.52138 0.58595 0.52021 0.58561 0.51249 0.58437 0.50763 0.57865 0.49340 0.57582 0.47899 0.57419 0.45784 0.57311 0.44754 0.57238 0.44348 0.55286 0.43562 0.53425 0.42098 0.52087 0.41366 0.50913 0.40960 0.50045 0.40715 0.49449 0.40824 0.48708 0.42098 0.48339 0.43185 0.47842 0.45669 0.47812 0.46776 0.47992 0.47318 0.47842 0.48673
1 0.41751 0.42032 0.41684 0.42115 0.41734 0.42250 0.41929 0.42382 0.42043 0.42373 0.42136 0.42224 0.42215 0.42093 0.42262 0.41970 0.42277 0.41865 0.42274 0.41799 0.42207 0.41699 0.42081 0.41835 0.41988 0.41953 0.41868 0.42014 0.41751 0.42032
2 0.28461 0.43327 0.28738 0.45401 0.29568 0.46883 0.29963 0.47891 0.30714 0.48780 0.31583 0.49847 0.32295 0.49669 0.32374 0.48484 0.32374 0.46765 0.32453 0.45698 0.32413 0.44453 0.31939 0.42615 0.31227 0.41667 0.30279 0.41252 0.29054 0.41608 0.28659 0.41667 0.28461 0.43327
1 0.32092 0.48415 0.32163 0.48385 0.32183 0.48271 0.32183 0.47991 0.32128 0.47719 0.32158 0.47560 0.32269 0.47356 0.32274 0.47121 0.32198 0.47045 0.32087 0.47431 0.32042 0.47734 0.32072 0.48158 0.32092 0.48415
2 0.65136 0.49254 0.65887 0.51447 0.67073 0.52834 0.68693 0.52988 0.69681 0.53285 0.70669 0.52692 0.71460 0.52218 0.71855 0.52573 0.72566 0.51981 0.73001 0.50914 0.73238 0.49491 0.73080 0.48068 0.72408 0.46883 0.71460 0.46528 0.69642 0.45757 0.68377 0.45046 0.66125 0.44038 0.65334 0.46350 0.64978 0.47417 0.65136 0.49254
4 0.29173 0.38525 0.28185 0.40304 0.28105 0.42260 0.28461 0.44512 0.29331 0.46943 0.29963 0.49135 0.30833 0.50084 0.31741 0.50084 0.32413 0.49550 0.32769 0.50202 0.33836 0.50439 0.34666 0.50321 0.35575 0.48899 0.36523 0.47357 0.37195 0.46231 0.36958 0.44631 0.34587 0.41252 0.33046 0.39000 0.31188 0.37755 0.29173 0.38525
4 0.66525 0.61025 0.67074 0.61848 0.67815 0.63000 0.68528 0.63618 0.69846 0.63659 0.71383 0.64153 0.72618 0.64276 0.73688 0.64482 0.74237 0.64482 0.74511 0.62547 0.74895 0.60448 0.74786 0.58185 0.74676 0.57526 0.74100 0.56744 0.73770 0.55962 0.73496 0.56579 0.73029 0.57608 0.72041 0.58637 0.71081 0.58925 0.67732 0.58143 0.66525 0.57773 0.66305 0.59172 0.66387 0.60201 0.66525 0.61025
4 0.20399 0.39829 0.20518 0.43149 0.20913 0.45105 0.21347 0.48128 0.22138 0.50202 0.23442 0.51151 0.24865 0.51092 0.25497 0.50439 0.26762 0.49965 0.28619 0.50025 0.29212 0.48958 0.29410 0.48306 0.28896 0.46824 0.27437 0.46412 0.24865 0.44334 0.23600 0.42438 0.21387 0.40007 0.20399 0.39829
4 0.40836 0.53409 0.40644 0.54850 0.40480 0.56415 0.40315 0.57361 0.40178 0.57896 0.40370 0.58966 0.40699 0.60160 0.41056 0.60819 0.44020 0.61272 0.45419 0.61313 0.46133 0.61313 0.47149 0.60366 0.47835 0.59172 0.48631 0.58185 0.48960 0.57608 0.49042 0.55344 0.49070 0.54603 0.48191 0.53945 0.47231 0.52874 0.46819 0.51352 0.46627 0.51352 0.45721 0.52134 0.43553 0.52957 0.42675 0.52957 0.41385 0.52628 0.41248 0.52628 0.40836 0.53409
4 0.58758 0.54521 0.58511 0.56003 0.58566 0.57732 0.58511 0.59090 0.58511 0.60901 0.58456 0.61971 0.58895 0.62589 0.59938 0.62671 0.61036 0.62547 0.62216 0.62671 0.63396 0.62589 0.64796 0.62754 0.65509 0.62918 0.66003 0.61354 0.66141 0.60242 0.66223 0.59008 0.66223 0.58061 0.66250 0.57732 0.65592 0.57361 0.64274 0.56703 0.63149 0.56126 0.62545 0.55879 0.61832 0.55468 0.61694 0.55179 0.61640 0.53821 0.61640 0.52216 0.60432 0.52216 0.59746 0.52380 0.59197 0.53286 0.58758 0.54521
4 0.37511 0.43564 0.37235 0.44986 0.37235 0.46646 0.37195 0.48010 0.37472 0.49610 0.38223 0.50677 0.39211 0.51981 0.40199 0.52337 0.41582 0.52811 0.43044 0.53048 0.44151 0.52870 0.45653 0.52159 0.46641 0.51270 0.46522 0.48899 0.46562 0.47120 0.46838 0.45757 0.46206 0.44868 0.44981 0.43682 0.44625 0.42852 0.44111 0.41667 0.43361 0.39770 0.42175 0.38822 0.40515 0.38525 0.39448 0.39059 0.38579 0.40719 0.37511 0.43564
1 0.21566 0.45981 0.21792 0.45958 0.21882 0.45845 0.21596 0.45461 0.21430 0.45303 0.21174 0.45077 0.21415 0.46930 0.21535 0.47178 0.21566 0.46275 0.21566 0.45981
