1 0.49806 0.51001 0.50090 0.50781 0.50022 0.50494 0.49908 0.50343 0.49636 0.50320 0.49205 0.50441 0.49080 0.50592 0.49171 0.50781 0.49523 0.50970 0.49806 0.51001
4 0.65188 0.00000 0.60831 0.00182 0.59927 0.02928 0.60228 0.04468 0.62439 0.08286 0.64650 0.11702 0.65755 0.13644 0.66960 0.14582 0.71683 0.13042 0.74497 0.11836 0.74497 0.10429 0.74497 0.08688 0.73793 0.03999 0.72286 0.00583 0.70980 0.00248 0.66040 0.00000 0.65188 0.00000
4 0.71467 0.77576 0.69303 0.79994 0.68257 0.81948 0.67350 0.84367 0.69862 0.83855 0.72652 0.82925 0.75862 0.84785 0.76072 0.87483 0.76770 0.90227 0.78514 0.91716 0.80817 0.91855 0.84305 0.90274 0.85492 0.89065 0.86748 0.85530 0.84305 0.82367 0.81445 0.78739 0.79072 0.76273 0.77118 0.75436 0.75444 0.75483 0.71467 0.77576
4 0.47870 0.10429 0.48372 0.12908 0.51989 0.17730 0.55405 0.23356 0.58118 0.22821 0.62238 0.20476 0.64449 0.18869 0.65554 0.15453 0.65252 0.13644 0.63645 0.10697 0.60530 0.05138 0.58219 0.02660 0.55606 0.01320 0.51788 0.03530 0.48874 0.06009 0.47870 0.10429
4 0.72583 0.70273 0.72234 0.71575 0.70280 0.71994 0.68605 0.72134 0.67280 0.72413 0.66024 0.73064 0.65815 0.74552 0.65815 0.76506 0.66303 0.78180 0.67978 0.78692 0.69652 0.78832 0.71885 0.77297 0.74676 0.75901 0.76909 0.74738 0.79421 0.75669 0.82142 0.78646 0.84166 0.81064 0.86469 0.82413 0.88073 0.82413 0.89399 0.81250 0.90376 0.79483 0.90725 0.79018 0.89888 0.76692 0.89399 0.74227 0.88632 0.72180 0.85980 0.69529 0.84864 0.68366 0.82840 0.67250 0.79281 0.67110 0.76281 0.67389 0.73211 0.68413 0.72583 0.70273
1 0.57496 0.55421 0.57583 0.55311 0.57670 0.55117 0.57764 0.54933 0.57953 0.54828 0.57906 0.54770 0.57796 0.54670 0.57780 0.54607 0.57615 0.54565 0.57591 0.54959 0.57433 0.55153 0.57370 0.55369 0.57496 0.55421
4 0.58418 0.61156 0.56953 0.63296 0.56255 0.65482 0.56604 0.67668 0.57581 0.68924 0.59535 0.70459 0.63512 0.71110 0.67419 0.71482 0.70420 0.70878 0.72652 0.69901 0.73002 0.68319 0.76979 0.66971 0.80817 0.66831 0.83468 0.67110 0.84236 0.66971 0.83538 0.64087 0.81724 0.62691 0.80119 0.60738 0.78444 0.59296 0.76909 0.58598 0.74886 0.58040 0.71048 0.57156 0.67698 0.57156 0.63233 0.58552 0.60372 0.59761 0.58418 0.61156
1 0.53389 0.48890 0.53781 0.48900 0.54189 0.48922 0.54451 0.48955 0.54729 0.48835 0.55039 0.48661 0.55104 0.48508 0.55186 0.48247 0.55382 0.48007 0.55415 0.47887 0.55415 0.47680 0.55072 0.47593 0.54908 0.47615 0.54451 0.48225 0.54140 0.48606 0.53912 0.48519 0.53569 0.48356 0.53176 0.48334 0.52833 0.48476 0.52637 0.48617 0.52670 0.48759 0.52980 0.48802 0.53389 0.48890
4 0.26668 0.15989 0.26467 0.19070 0.27472 0.21682 0.30286 0.25366 0.33702 0.29653 0.36515 0.33135 0.41841 0.31260 0.48472 0.28514 0.55305 0.25098 0.54903 0.22620 0.51989 0.18266 0.47870 0.12171 0.45056 0.06879 0.40635 0.07951 0.34807 0.11099 0.29080 0.13577 0.26668 0.15989
4 0.51788 0.41843 0.49577 0.42781 0.47266 0.44589 0.43750 0.45594 0.40635 0.46531 0.40133 0.47000 0.39027 0.49144 0.38927 0.50885 0.39731 0.53564 0.40936 0.55239 0.42042 0.56846 0.43348 0.58521 0.44755 0.60396 0.46362 0.62138 0.48070 0.63544 0.51386 0.63812 0.53496 0.63812 0.56611 0.63142 0.57716 0.61803 0.58621 0.60798 0.60228 0.59525 0.62941 0.58253 0.67161 0.57248 0.70075 0.56511 0.72286 0.56980 0.74999 0.57985 0.76506 0.58253 0.78415 0.57583 0.78114 0.56243 0.77008 0.54033 0.75903 0.52091 0.74497 0.50818 0.73492 0.49746 0.72185 0.48407 0.71080 0.46799 0.69774 0.45728 0.68669 0.44790 0.67563 0.44053 0.65554 0.43450 0.63444 0.43584 0.61434 0.42580 0.57013 0.41508 0.53798 0.41173 0.51788 0.41843
4 0.09828 0.20550 0.05105 0.22760 0.00785 0.25640 0.00684 0.29056 0.01890 0.32004 0.04804 0.34750 0.07618 0.37764 0.08522 0.40041 0.12641 0.40912 0.18770 0.39036 0.29622 0.36357 0.35752 0.33276 0.33742 0.30195 0.29220 0.24703 0.26005 0.20282 0.23192 0.17603 0.20579 0.16866 0.15656 0.18407 0.09828 0.20550
4 0.66722 0.97484 0.68745 0.99391 0.71257 0.99763 0.74188 0.99902 0.76281 0.98507 0.76700 0.96925 0.76002 0.91483 0.75723 0.88692 0.75444 0.84971 0.74048 0.84134 0.72652 0.83762 0.70420 0.84785 0.68675 0.85623 0.66094 0.86553 0.61349 0.89065 0.61209 0.90832 0.64558 0.91204 0.65954 0.94088 0.66722 0.97484
