1 0.49184 0.50729 0.49303 0.50902 0.49680 0.51033 0.49965 0.51019 0.50211 0.50758 0.50099 0.50484 0.49963 0.50353 0.49691 0.50373 0.49284 0.50560 0.49184 0.50729
4 0.52759 0.00000 0.52441 0.01954 0.52980 0.03429 0.55760 0.06854 0.58478 0.09882 0.59874 0.11627 0.61211 0.12365 0.65635 0.10105 0.68225 0.08474 0.68005 0.07085 0.67732 0.05365 0.66304 0.00844 0.65760 0.00000 0.52759 0.00000
4 0.80985 0.80311 0.81614 0.82943 0.82733 0.85544 0.84689 0.86742 0.86985 0.86519 0.90183 0.84412 0.91166 0.83032 0.91853 0.79344 0.88946 0.76602 0.85553 0.73466 0.82824 0.71402 0.80764 0.70881 0.79117 0.71189 0.75516 0.73878 0.73758 0.76605 0.73030 0.78699 0.72512 0.81229 0.74913 0.80331 0.77524 0.78976 0.80985 0.80311
4 0.59401 0.16992 0.59958 0.13445 0.59377 0.11706 0.57328 0.09047 0.53382 0.04043 0.50712 0.01957 0.47922 0.01043 0.44497 0.03823 0.42006 0.06727 0.41705 0.11250 0.42589 0.13619 0.46917 0.17816 0.51171 0.22839 0.53766 0.21885 0.57469 0.18925 0.59401 0.16992
4 0.69461 0.71776 0.69766 0.73705 0.70511 0.75283 0.72245 0.75526 0.73921 0.75402 0.75886 0.73537 0.78424 0.71722 0.80448 0.70224 0.83074 0.70750 0.86228 0.73265 0.88605 0.75337 0.91090 0.76309 0.92675 0.76058 0.93803 0.74702 0.94491 0.72804 0.94763 0.72290 0.93572 0.70124 0.92704 0.67765 0.91626 0.65864 0.88592 0.63660 0.87308 0.62686 0.85134 0.61900 0.81598 0.62319 0.78678 0.63064 0.75805 0.64555 0.75476 0.66491 0.75335 0.67832 0.73471 0.68551 0.71839 0.68951 0.70573 0.69433 0.69434 0.70273 0.69461 0.71776
1 0.58430 0.53393 0.58405 0.53333 0.58235 0.53318 0.58273 0.53710 0.58148 0.53927 0.58119 0.54150 0.58252 0.54182 0.58320 0.54059 0.58376 0.53854 0.58440 0.53657 0.58611 0.53524 0.58555 0.53474 0.58430 0.53393
4 0.66648 0.68737 0.70566 0.68493 0.73434 0.67426 0.75487 0.66112 0.75584 0.64496 0.79302 0.62541 0.83070 0.61803 0.85733 0.61664 0.86469 0.61406 0.85329 0.58667 0.83318 0.57573 0.81428 0.55894 0.79548 0.54732 0.77923 0.54283 0.75837 0.54048 0.71908 0.53775 0.68600 0.54299 0.64408 0.56376 0.61771 0.58018 0.60060 0.59702 0.58947 0.62045 0.58600 0.64313 0.59287 0.66418 0.60448 0.67505 0.62618 0.68716 0.66648 0.68737
1 0.54808 0.47728 0.54848 0.47457 0.55004 0.47190 0.55018 0.47066 0.54985 0.46862 0.54633 0.46829 0.54475 0.46877 0.54118 0.47551 0.53871 0.47976 0.53632 0.47925 0.53267 0.47818 0.52876 0.47858 0.52560 0.48051 0.52388 0.48222 0.52443 0.48356 0.52756 0.48351 0.53173 0.48373 0.53562 0.48323 0.53969 0.48280 0.54233 0.48271 0.54488 0.48110 0.54768 0.47889 0.54808 0.47728
4 0.39010 0.32767 0.45130 0.29017 0.51344 0.24575 0.50560 0.22190 0.47000 0.18345 0.41978 0.12970 0.38371 0.08184 0.34172 0.09934 0.28909 0.13955 0.23640 0.17298 0.21635 0.20058 0.21918 0.23132 0.23319 0.25555 0.26675 0.28753 0.30719 0.32453 0.34043 0.35452 0.39010 0.32767
4 0.39028 0.50871 0.39202 0.52606 0.40415 0.55127 0.41868 0.56592 0.43211 0.58007 0.44763 0.59457 0.46445 0.61089 0.48306 0.62557 0.50213 0.63679 0.53530 0.63425 0.55614 0.63095 0.58586 0.61946 0.59468 0.60450 0.60204 0.59316 0.61593 0.57808 0.64073 0.56127 0.68084 0.54474 0.70847 0.53291 0.73103 0.53408 0.75940 0.53976 0.77471 0.54005 0.79252 0.53045 0.78744 0.51769 0.77307 0.49758 0.75911 0.48013 0.74323 0.46976 0.73163 0.46075 0.71663 0.44956 0.70320 0.43541 0.68862 0.42687 0.67624 0.41934 0.66417 0.41379 0.64338 0.41098 0.62275 0.41560 0.60132 0.40882 0.55598 0.40515 0.52370 0.40687 0.50490 0.41663 0.48453 0.42936 0.46454 0.45083 0.43137 0.46626 0.40207 0.48039 0.39785 0.48581 0.39028 0.50871
4 0.00000 0.39978 0.02975 0.42008 0.06225 0.44545 0.07475 0.46652 0.11680 0.46868 0.17440 0.44057 0.27739 0.39713 0.33311 0.35711 0.30844 0.32982 0.25519 0.28265 0.21652 0.24402 0.18454 0.22196 0.15758 0.21877 0.11136 0.24168 0.05715 0.27197 0.01397 0.30119 0.00000 0.31407 0.00000 0.39978
4 0.82171 0.86905 0.81459 0.84192 0.80601 0.80561 0.79092 0.79952 0.77655 0.79803 0.75610 0.81163 0.74018 0.82263 0.71614 0.83585 0.67320 0.86808 0.67459 0.88576 0.70825 0.88420 0.72655 0.91049 0.73944 0.94283 0.76241 0.95850 0.78780 0.95825 0.81696 0.95504 0.83546 0.93798 0.83712 0.92171 0.82171 0.86905
