4 0.65175 0.53409 0.64695 0.55675 0.64089 0.57985 0.64182 0.59106 0.64843 0.60056 0.65966 0.60559 0.67657 0.60892 0.68880 0.60761 0.70317 0.60793 0.71599 0.60671 0.72650 0.59732 0.73259 0.59113 0.73893 0.57197 0.74825 0.54353 0.75703 0.50134 0.76248 0.46122 0.76741 0.43013 0.77220 0.38471 0.77487 0.35456 0.77469 0.32722 0.77407 0.31216 0.76864 0.30089 0.75667 0.28534 0.75177 0.28782 0.73474 0.29097 0.71783 0.31040 0.70631 0.33005 0.68983 0.36386 0.67702 0.38590 0.66641 0.39593 0.66392 0.43065 0.66071 0.47372 0.65625 0.50944 0.65175 0.53409
4 0.16318 0.32403 0.15814 0.35965 0.15425 0.37855 0.15390 0.41297 0.15396 0.44680 0.15837 0.46636 0.16181 0.48642 0.16589 0.49292 0.16800 0.50236 0.17862 0.51120 0.18840 0.51209 0.19955 0.51191 0.21024 0.50514 0.22132 0.49974 0.23302 0.48664 0.24609 0.47050 0.24737 0.44533 0.26219 0.36507 0.26530 0.34540 0.26200 0.31691 0.25133 0.27424 0.24310 0.23132 0.23118 0.20406 0.21708 0.18297 0.20157 0.17465 0.19243 0.18491 0.18352 0.20887 0.17694 0.23905 0.17135 0.26483 0.16764 0.28831 0.16318 0.32403
4 1.00000 0.28691 0.99908 0.28640 0.98538 0.29640 0.97149 0.31575 0.95787 0.33888 0.95149 0.34911 0.94603 0.37540 0.94108 0.41209 0.93560 0.44119 0.92840 0.48126 0.91414 0.52209 0.90884 0.54185 0.91119 0.55159 0.91889 0.56312 0.92817 0.56739 0.94077 0.55347 0.95665 0.52695 0.96783 0.48095 0.97770 0.44599 0.98946 0.39633 0.99609 0.35992 0.99973 0.33146 1.00000 0.32872 1.00000 0.28691
4 0.36178 0.40816 0.35590 0.43390 0.34936 0.47515 0.34655 0.49291 0.34678 0.50661 0.34522 0.52977 0.34350 0.54446 0.34625 0.56311 0.35053 0.57029 0.36556 0.57787 0.38969 0.58495 0.41382 0.59202 0.44265 0.59594 0.46749 0.59857 0.48058 0.60130 0.48878 0.58373 0.49810 0.53057 0.50483 0.48806 0.51189 0.43780 0.51394 0.41535 0.51340 0.38080 0.51138 0.34991 0.50787 0.32464 0.50258 0.30298 0.49523 0.28296 0.48290 0.26214 0.47353 0.25675 0.46356 0.25517 0.44959 0.25231 0.43539 0.25462 0.42187 0.26028 0.41069 0.26827 0.40370 0.27821 0.39335 0.29804 0.38415 0.32195 0.37840 0.33925 0.36907 0.37160 0.36178 0.40816
4 0.28490 0.26721 0.27803 0.29733 0.26848 0.33485 0.26378 0.35882 0.25896 0.38928 0.25284 0.42409 0.24836 0.44289 0.24635 0.47834 0.24655 0.49984 0.24883 0.51776 0.25679 0.53203 0.26781 0.53833 0.27974 0.54087 0.28998 0.54834 0.30376 0.55053 0.31500 0.55166 0.32273 0.55223 0.32977 0.55139 0.33538 0.54448 0.34256 0.53326 0.34538 0.51354 0.34577 0.49213 0.35140 0.45661 0.35882 0.41355 0.36411 0.38772 0.36700 0.37517 0.37070 0.35755 0.36283 0.32182 0.36099 0.29356 0.35282 0.25975 0.34663 0.24381 0.33906 0.22895 0.33068 0.22112 0.31835 0.22112 0.30776 0.22725 0.29863 0.23751 0.29222 0.24950 0.28490 0.26721
4 0.51300 0.43082 0.50615 0.47591 0.49816 0.53969 0.49262 0.57654 0.49301 0.59872 0.50072 0.60319 0.51596 0.60755 0.54215 0.61495 0.57812 0.62130 0.60608 0.62313 0.62146 0.61711 0.63187 0.60835 0.63979 0.58488 0.65164 0.53668 0.65739 0.49466 0.66137 0.45432 0.66454 0.40018 0.66766 0.35580 0.66840 0.31884 0.66687 0.28867 0.65922 0.27055 0.65271 0.25847 0.63923 0.25438 0.62132 0.25739 0.60426 0.26640 0.58865 0.28149 0.57794 0.29215 0.56201 0.31304 0.55237 0.32453 0.54184 0.33977 0.53168 0.36028 0.52190 0.38409 0.51300 0.43082
4 0.83862 0.55668 0.84503 0.57361 0.85527 0.58273 0.87029 0.59448 0.88228 0.58982 0.89347 0.57248 0.90419 0.55208 0.91676 0.52025 0.92889 0.47787 0.94078 0.41672 0.94558 0.38096 0.94835 0.35798 0.94939 0.34597 0.94470 0.31872 0.93676 0.33057 0.93052 0.34269 0.92242 0.35827 0.90780 0.38499 0.90071 0.39698 0.88937 0.41392 0.87634 0.43058 0.86758 0.46947 0.85273 0.51676 0.83862 0.55668
4 0.05571 0.34213 0.05999 0.37012 0.06921 0.38785 0.08729 0.39136 0.09888 0.37889 0.10853 0.36350 0.11060 0.31440 0.11588 0.24499 0.11484 0.21360 0.10341 0.18708 0.09421 0.16545 0.08256 0.14410 0.07369 0.13749 0.06718 0.15012 0.06234 0.18447 0.05862 0.23072 0.05828 0.28790 0.05571 0.34213
4 0.11029 0.34102 0.11047 0.36836 0.11397 0.39558 0.11618 0.40634 0.12221 0.41380 0.13081 0.41646 0.13853 0.41703 0.15364 0.40707 0.15454 0.37859 0.15875 0.35389 0.16228 0.32974 0.16674 0.29207 0.16908 0.27162 0.17058 0.26406 0.16436 0.25397 0.15906 0.23426 0.15513 0.21543 0.15354 0.19892 0.14675 0.18483 0.13877 0.17641 0.13329 0.17685 0.12767 0.18766 0.11956 0.23126 0.11544 0.25728 0.11257 0.28869 0.11029 0.34102
4 0.75951 0.47952 0.75471 0.51529 0.74668 0.54961 0.74097 0.56650 0.74441 0.58578 0.75688 0.59993 0.77510 0.62155 0.79058 0.62493 0.80258 0.62028 0.81350 0.60327 0.82511 0.58732 0.83889 0.56047 0.85543 0.51064 0.86472 0.47932 0.87747 0.42889 0.88496 0.38980 0.89032 0.35600 0.89282 0.32923 0.89405 0.30508 0.89159 0.28782 0.88219 0.27884 0.87150 0.27528 0.85499 0.28390 0.83689 0.29977 0.82343 0.31918 0.81122 0.34160 0.79689 0.36649 0.77985 0.39751 0.76982 0.40622 0.76573 0.44023 0.75951 0.47952
