4 0.65501 0.51264 0.65342 0.53575 0.65063 0.55947 0.65311 0.57044 0.66098 0.57893 0.67280 0.58235 0.69001 0.58329 0.70194 0.58029 0.71622 0.57861 0.72874 0.57561 0.73784 0.56485 0.74301 0.55787 0.74662 0.53802 0.75189 0.50855 0.75472 0.46555 0.75453 0.42507 0.75508 0.39360 0.75350 0.34795 0.75195 0.31773 0.74797 0.29067 0.74526 0.27585 0.73831 0.26545 0.72430 0.25171 0.71979 0.25484 0.70337 0.26033 0.68933 0.28193 0.68065 0.30299 0.66903 0.33876 0.65942 0.36237 0.65031 0.37378 0.65267 0.40852 0.65548 0.45161 0.65604 0.48760 0.65501 0.51264
4 0.14197 0.37262 0.14193 0.40860 0.14071 0.42785 0.14516 0.46198 0.14992 0.49547 0.15702 0.51423 0.16321 0.53362 0.16816 0.53948 0.17156 0.54854 0.18331 0.55581 0.19312 0.55534 0.20413 0.55360 0.21378 0.54542 0.22400 0.53853 0.23375 0.52392 0.24446 0.50612 0.24222 0.48102 0.24573 0.39948 0.24607 0.37957 0.23884 0.35182 0.22233 0.31105 0.20820 0.26968 0.19261 0.24435 0.17572 0.22543 0.15920 0.21935 0.15157 0.23078 0.14609 0.25575 0.14377 0.28655 0.14182 0.31286 0.14141 0.33662 0.14197 0.37262
4 0.91318 0.46424 0.91069 0.48454 0.91437 0.49386 0.92360 0.50420 0.93338 0.50715 0.94392 0.49160 0.95596 0.46313 0.96063 0.41603 0.96553 0.38003 0.97027 0.32922 0.97177 0.29224 0.97141 0.26355 0.96959 0.22096 0.96450 0.21902 0.95232 0.23083 0.94126 0.25192 0.93099 0.27672 0.92610 0.28774 0.92434 0.31454 0.92455 0.35155 0.92318 0.38114 0.92162 0.42182 0.91318 0.46424
4 0.35034 0.42830 0.34810 0.45460 0.34737 0.49635 0.34706 0.51434 0.34920 0.52787 0.35087 0.55102 0.35121 0.56581 0.35653 0.58389 0.36176 0.59041 0.37770 0.59583 0.40258 0.59947 0.42746 0.60312 0.45657 0.60299 0.48152 0.60214 0.49487 0.60301 0.50054 0.58448 0.50237 0.53054 0.50312 0.48751 0.50312 0.43675 0.50202 0.41424 0.49668 0.38009 0.49038 0.34978 0.48338 0.32525 0.47513 0.30454 0.46507 0.28573 0.44996 0.26684 0.43994 0.26280 0.42984 0.26263 0.41560 0.26173 0.40187 0.26600 0.38927 0.27348 0.37930 0.28295 0.37377 0.29378 0.36628 0.31485 0.36050 0.33981 0.35721 0.35774 0.35247 0.39107 0.35034 0.42830
4 0.25460 0.29941 0.25198 0.33020 0.24775 0.36868 0.24643 0.39307 0.24589 0.42390 0.24468 0.45922 0.24286 0.47846 0.24581 0.51385 0.24900 0.53511 0.25374 0.55254 0.26361 0.56557 0.27541 0.57027 0.28757 0.57113 0.29875 0.57710 0.31270 0.57734 0.32399 0.57690 0.33172 0.57639 0.33858 0.57458 0.34317 0.56696 0.34873 0.55484 0.34877 0.53493 0.34618 0.51368 0.34680 0.47771 0.34816 0.43404 0.34981 0.40773 0.35092 0.39490 0.35213 0.37693 0.33936 0.34265 0.33361 0.31492 0.32081 0.28257 0.31246 0.26765 0.30290 0.25399 0.29352 0.24740 0.28131 0.24912 0.27167 0.25665 0.26405 0.26809 0.25938 0.28086 0.25460 0.29941
4 0.50324 0.42968 0.50274 0.47529 0.50370 0.53956 0.50334 0.57682 0.50682 0.59873 0.51508 0.60208 0.53078 0.60429 0.55773 0.60797 0.59424 0.60924 0.62218 0.60716 0.63658 0.59906 0.64566 0.58894 0.65025 0.56460 0.65527 0.51522 0.65511 0.47281 0.65345 0.43230 0.64905 0.37825 0.64596 0.33386 0.64155 0.29717 0.63583 0.26751 0.62573 0.25062 0.61761 0.23956 0.60370 0.23739 0.58638 0.24287 0.57074 0.25417 0.55738 0.27128 0.54826 0.28333 0.53538 0.30623 0.52744 0.31895 0.51914 0.33551 0.51193 0.35723 0.50555 0.38217 0.50324 0.42968
4 0.84321 0.50900 0.85192 0.52488 0.86333 0.53248 0.87984 0.54202 0.89106 0.53574 0.89973 0.51702 0.90750 0.49532 0.91553 0.46205 0.92163 0.41840 0.92490 0.35619 0.92467 0.32010 0.92422 0.29696 0.92358 0.28492 0.91515 0.25859 0.90893 0.27144 0.90443 0.28431 0.89858 0.30086 0.88782 0.32936 0.88247 0.34222 0.87360 0.36056 0.86302 0.37888 0.85976 0.41861 0.85163 0.46751 0.84321 0.50900
4 0.03806 0.40550 0.04620 0.43262 0.05779 0.44889 0.07618 0.44985 0.08593 0.43589 0.09335 0.41931 0.08856 0.37040 0.08413 0.30093 0.07873 0.26999 0.06372 0.24532 0.05160 0.22518 0.03709 0.20566 0.02739 0.20035 0.02270 0.21376 0.02269 0.24845 0.02544 0.29476 0.03306 0.35144 0.03806 0.40550
4 0.09196 0.39680 0.09594 0.42385 0.10320 0.45032 0.10688 0.46067 0.11389 0.46722 0.12277 0.46866 0.13050 0.46815 0.14407 0.45618 0.14100 0.42785 0.14174 0.40281 0.14187 0.37840 0.14104 0.34047 0.14051 0.31990 0.14094 0.31220 0.13338 0.30307 0.12540 0.28430 0.11888 0.26620 0.11501 0.25006 0.10633 0.23706 0.09725 0.22984 0.09188 0.23103 0.08782 0.24252 0.08586 0.28682 0.08540 0.31316 0.08693 0.34467 0.09196 0.39680
4 0.75413 0.44360 0.75436 0.47969 0.75118 0.51479 0.74788 0.53232 0.75397 0.55093 0.76829 0.56320 0.78934 0.58208 0.80514 0.58328 0.81637 0.57699 0.82482 0.55864 0.83410 0.54122 0.84400 0.51271 0.85346 0.46107 0.85830 0.42877 0.86390 0.37705 0.86588 0.33730 0.86648 0.30308 0.86523 0.27622 0.86309 0.25213 0.85825 0.23539 0.84770 0.22780 0.83661 0.22576 0.82146 0.23660 0.80575 0.25483 0.79511 0.27593 0.78615 0.29982 0.77542 0.32647 0.76287 0.35956 0.75414 0.36958 0.75483 0.40383 0.75413 0.44360
