4 0.49627 0.42150 0.49243 0.43508 0.48584 0.44414 0.48255 0.45031 0.48282 0.46595 0.48502 0.48942 0.48611 0.51411 0.48913 0.53470 0.49133 0.54910 0.49544 0.55610 0.50779 0.55569 0.51986 0.55487 0.54154 0.55075 0.56075 0.54704 0.57913 0.54005 0.59230 0.53223 0.59615 0.52193 0.59807 0.50629 0.59670 0.48530 0.59285 0.46019 0.58791 0.43385 0.58325 0.40544 0.57858 0.38239 0.57255 0.37128 0.55389 0.38281 0.53495 0.38857 0.51630 0.39310 0.50422 0.39598 0.49791 0.40709 0.49627 0.42150
4 0.67051 0.35975 0.66365 0.39351 0.66282 0.41574 0.66612 0.45196 0.66749 0.46225 0.67270 0.46884 0.68258 0.47501 0.69136 0.47789 0.69959 0.47830 0.70755 0.46513 0.71304 0.44578 0.71825 0.41903 0.72237 0.38281 0.72456 0.36223 0.72429 0.33423 0.71962 0.33341 0.70316 0.33217 0.68532 0.33465 0.67627 0.34041 0.67051 0.35975
4 0.38020 0.40585 0.37745 0.42314 0.37498 0.44867 0.37416 0.47666 0.37471 0.49188 0.37635 0.51123 0.37690 0.53181 0.37992 0.55116 0.38404 0.55775 0.39062 0.56063 0.40599 0.56474 0.42245 0.56598 0.43425 0.56557 0.45264 0.56392 0.46910 0.56268 0.48008 0.55816 0.48447 0.55157 0.48611 0.53346 0.48474 0.49888 0.48392 0.47624 0.48117 0.45484 0.47486 0.44084 0.46361 0.41944 0.46169 0.40709 0.45538 0.40050 0.44523 0.39228 0.42548 0.39558 0.40736 0.39186 0.39364 0.39186 0.38541 0.39104 0.38020 0.40585
4 0.73142 0.35275 0.72484 0.36675 0.72264 0.38692 0.72072 0.40750 0.72045 0.42520 0.72648 0.43220 0.73581 0.43796 0.74295 0.44167 0.75173 0.43014 0.75557 0.41862 0.75968 0.39557 0.76133 0.35811 0.76078 0.33176 0.75968 0.31653 0.75310 0.32024 0.73801 0.32682 0.73471 0.33094 0.73142 0.35275
4 0.30556 0.41532 0.30254 0.43179 0.30090 0.44661 0.30117 0.47624 0.30172 0.49106 0.30309 0.50876 0.30776 0.52358 0.31242 0.53758 0.32148 0.54252 0.33245 0.54787 0.34233 0.54828 0.35331 0.54745 0.36236 0.54581 0.37032 0.53963 0.37416 0.52646 0.37416 0.50712 0.37306 0.47789 0.37087 0.45690 0.36922 0.44537 0.35221 0.41285 0.34315 0.39186 0.33437 0.38239 0.32504 0.38116 0.31242 0.38322 0.30995 0.39474 0.30556 0.41532
4 0.18338 0.37941 0.18338 0.38948 0.17863 0.40075 0.17468 0.40727 0.17666 0.42327 0.18575 0.43750 0.19681 0.45291 0.20511 0.46180 0.21538 0.46595 0.20629 0.43513 0.20392 0.40786 0.20195 0.38059 0.20353 0.36874 0.19879 0.36874 0.19562 0.36518 0.18851 0.36044 0.17745 0.35985 0.18338 0.37941
4 0.61288 0.35605 0.60822 0.37169 0.60493 0.39063 0.60054 0.40750 0.59368 0.42891 0.58983 0.44331 0.59285 0.46348 0.59697 0.48406 0.59834 0.50588 0.60383 0.51247 0.61151 0.51658 0.61947 0.51946 0.63045 0.51370 0.64691 0.50588 0.65734 0.49641 0.66337 0.48448 0.66612 0.45937 0.66447 0.43714 0.66282 0.41697 0.65898 0.39474 0.65624 0.37910 0.65322 0.36922 0.64307 0.34617 0.63538 0.34946 0.62331 0.35111 0.61755 0.35275 0.61288 0.35605
4 0.23587 0.40997 0.23888 0.42726 0.24382 0.46019 0.24986 0.49024 0.25946 0.51329 0.26248 0.52317 0.26962 0.52646 0.28251 0.52358 0.29239 0.51411 0.30145 0.49724 0.30035 0.47460 0.30035 0.44455 0.30035 0.44002 0.29267 0.41820 0.28306 0.39557 0.27812 0.37951 0.25700 0.38198 0.24327 0.38281 0.23861 0.38281 0.23587 0.40997
4 0.76435 0.33547 0.76188 0.34493 0.76078 0.37169 0.75941 0.39310 0.76078 0.40380 0.77039 0.39886 0.77917 0.38692 0.78658 0.37951 0.79124 0.37334 0.79508 0.36469 0.79591 0.35564 0.79426 0.34782 0.78767 0.32641 0.78383 0.30501 0.76956 0.31118 0.76627 0.31365 0.76435 0.33547
4 0.20313 0.39778 0.20550 0.42090 0.20827 0.44165 0.21578 0.46239 0.22012 0.47899 0.22882 0.49084 0.23672 0.48966 0.24225 0.48373 0.24502 0.47603 0.23909 0.44165 0.23593 0.40608 0.23751 0.38059 0.23356 0.38000 0.21894 0.37585 0.20590 0.36874 0.20195 0.37941 0.20313 0.39778
