4 0.48821 0.51591 0.49407 0.53587 0.49824 0.54983 0.50330 0.55619 0.51546 0.55406 0.52731 0.55157 0.54820 0.54447 0.56670 0.53813 0.58394 0.52864 0.59589 0.51906 0.59826 0.50834 0.59799 0.49258 0.59371 0.47199 0.58641 0.44766 0.57785 0.42225 0.56928 0.39478 0.56145 0.37260 0.55393 0.36244 0.53705 0.37645 0.51911 0.38479 0.50126 0.39187 0.48970 0.39640 0.48500 0.40829 0.48538 0.42278 0.48346 0.43677 0.47820 0.44665 0.47580 0.45322 0.47825 0.46868 0.48369 0.49160 0.48821 0.51591
4 0.67732 0.44984 0.68642 0.45147 0.69463 0.45074 0.70068 0.43658 0.70342 0.41666 0.70486 0.38944 0.70389 0.35300 0.70320 0.33231 0.69903 0.30463 0.69430 0.30447 0.67783 0.30553 0.66051 0.31046 0.65234 0.31743 0.64933 0.33739 0.64723 0.37177 0.64951 0.39390 0.65781 0.42931 0.66060 0.43931 0.66668 0.44510 0.67732 0.44984
4 0.38253 0.54863 0.38821 0.56737 0.39320 0.57332 0.40012 0.57526 0.41592 0.57720 0.43239 0.57613 0.44402 0.57408 0.46199 0.56989 0.47813 0.56637 0.48836 0.56036 0.49180 0.55323 0.49090 0.53507 0.48473 0.50102 0.48077 0.47871 0.47507 0.45790 0.46688 0.44492 0.45275 0.42529 0.44913 0.41333 0.44197 0.40768 0.43077 0.40095 0.41167 0.40696 0.39321 0.40581 0.37963 0.40772 0.37136 0.40805 0.36826 0.42344 0.36795 0.44095 0.36906 0.46656 0.37214 0.49440 0.37480 0.50940 0.37912 0.52833 0.38253 0.54863
4 0.72488 0.40575 0.73246 0.40842 0.73955 0.39579 0.74175 0.38384 0.74262 0.36044 0.73904 0.32312 0.73483 0.29711 0.73162 0.28218 0.72562 0.28676 0.71159 0.29538 0.70890 0.29992 0.70868 0.32198 0.70410 0.33676 0.70474 0.35704 0.70570 0.37768 0.70789 0.39525 0.71484 0.40134 0.72488 0.40575
4 0.31291 0.55011 0.31948 0.56332 0.32913 0.56695 0.34074 0.57072 0.35058 0.56975 0.36134 0.56741 0.37008 0.56452 0.37710 0.55730 0.37907 0.54372 0.37638 0.52456 0.37122 0.49577 0.36612 0.47529 0.36289 0.46410 0.34152 0.43427 0.32963 0.41474 0.31962 0.40659 0.31021 0.40666 0.29799 0.41046 0.29715 0.42222 0.29567 0.44321 0.29497 0.45993 0.29540 0.47484 0.29980 0.50415 0.30241 0.51874 0.30623 0.53608 0.31291 0.55011
4 0.19321 0.49556 0.20266 0.50321 0.21341 0.50589 0.20012 0.47663 0.19398 0.44996 0.18823 0.42324 0.18814 0.41128 0.18345 0.41194 0.17982 0.40886 0.17212 0.40515 0.16108 0.40610 0.16967 0.42465 0.17108 0.43463 0.16795 0.44644 0.16494 0.45344 0.16913 0.46902 0.18011 0.48184 0.19321 0.49556
4 0.58687 0.45092 0.59381 0.47072 0.59820 0.49214 0.60455 0.49789 0.61273 0.50090 0.62102 0.50265 0.63108 0.49541 0.64630 0.48538 0.65530 0.47455 0.65962 0.46189 0.65884 0.43664 0.65412 0.41486 0.64968 0.39512 0.64279 0.37364 0.63789 0.35853 0.63353 0.34917 0.62027 0.32776 0.61312 0.33209 0.60139 0.33540 0.59591 0.33783 0.59175 0.34174 0.58931 0.35788 0.58868 0.37709 0.58668 0.39441 0.58287 0.41656 0.58107 0.43136 0.58687 0.45092
4 0.27554 0.55827 0.28791 0.55362 0.29637 0.54287 0.30299 0.52490 0.29875 0.50263 0.29457 0.47287 0.29394 0.46839 0.28330 0.44785 0.27064 0.42677 0.26351 0.41156 0.24293 0.41695 0.22946 0.41967 0.22484 0.42032 0.22591 0.44761 0.23130 0.46431 0.24078 0.49623 0.25094 0.52515 0.26365 0.54664 0.26802 0.55600 0.27554 0.55827
4 0.76071 0.34917 0.76702 0.34080 0.77078 0.33404 0.77338 0.32494 0.77293 0.31586 0.77022 0.30834 0.76072 0.28807 0.75393 0.26740 0.74066 0.27550 0.73775 0.27841 0.73888 0.30028 0.73775 0.31000 0.74039 0.33665 0.74201 0.35803 0.74486 0.36844 0.75368 0.36221 0.76071 0.34917
4 0.23784 0.52640 0.24249 0.51976 0.24416 0.51175 0.23351 0.47852 0.22543 0.44375 0.22344 0.41829 0.21945 0.41825 0.20440 0.41618 0.19049 0.41095 0.18806 0.42206 0.19180 0.44009 0.19736 0.46265 0.20299 0.48281 0.21331 0.50231 0.21992 0.51814 0.23018 0.52867 0.23784 0.52640
