4 0.53584 0.38568 0.53951 0.40380 0.54053 0.40930 0.54453 0.41455 0.54699 0.41751 0.55432 0.41847 0.56590 0.41800 0.58663 0.41983 0.59300 0.41660 0.59796 0.41721 0.60558 0.41722 0.61132 0.41678 0.61532 0.41541 0.61735 0.41318 0.61715 0.40132 0.61497 0.38418 0.60805 0.33990 0.59266 0.33815 0.58027 0.33616 0.56681 0.33398 0.55239 0.33201 0.53411 0.32653 0.52524 0.32549 0.52418 0.32970 0.52984 0.35310 0.53245 0.37102 0.53584 0.38568
4 0.26016 0.58696 0.26051 0.59958 0.26072 0.60842 0.26414 0.63431 0.26812 0.66262 0.26840 0.67970 0.27231 0.70929 0.27461 0.72400 0.27594 0.73450 0.28573 0.73732 0.29545 0.73507 0.30697 0.73114 0.31996 0.73196 0.33183 0.73112 0.33322 0.72127 0.33647 0.71480 0.34098 0.70741 0.33500 0.68783 0.32985 0.66869 0.32839 0.65760 0.31927 0.62286 0.31307 0.58808 0.30966 0.58442 0.30272 0.57650 0.29508 0.57509 0.28758 0.57110 0.28000 0.56840 0.27375 0.56667 0.27070 0.56610 0.26619 0.57032 0.26203 0.57763 0.26016 0.58696
4 0.26002 0.50098 0.27807 0.49682 0.28396 0.48593 0.29015 0.48895 0.30292 0.49362 0.31528 0.49013 0.32257 0.47892 0.32867 0.46735 0.32151 0.45375 0.31052 0.41246 0.30619 0.38424 0.29280 0.39115 0.27537 0.40279 0.25871 0.40981 0.24663 0.41768 0.23331 0.42330 0.22345 0.42494 0.22596 0.44850 0.23917 0.47403 0.24856 0.49728 0.26002 0.50098
4 0.24080 0.73753 0.23530 0.70894 0.22715 0.66890 0.22018 0.62604 0.21740 0.62351 0.20956 0.62278 0.20643 0.62350 0.20359 0.63495 0.20284 0.64593 0.20361 0.66036 0.20737 0.67982 0.21775 0.74221 0.22442 0.74258 0.23372 0.74170 0.24080 0.73753
4 0.31032 0.40863 0.31457 0.42485 0.32018 0.44473 0.32385 0.45624 0.33104 0.46649 0.33886 0.47395 0.34416 0.47052 0.35202 0.46605 0.35901 0.46444 0.37149 0.45803 0.38075 0.45192 0.39025 0.44797 0.39391 0.43962 0.39477 0.43457 0.39240 0.42541 0.38815 0.40698 0.38409 0.39160 0.38235 0.37965 0.37703 0.36103 0.37529 0.35129 0.35909 0.35150 0.34747 0.35727 0.33691 0.36323 0.32520 0.36858 0.32023 0.37458 0.31006 0.38002 0.30529 0.38465 0.30723 0.39302 0.31032 0.40863
4 0.82217 0.55469 0.81919 0.55935 0.81008 0.56498 0.83748 0.66056 0.84726 0.65786 0.86100 0.65469 0.86925 0.65190 0.86277 0.62605 0.85490 0.59963 0.84002 0.56381 0.83072 0.55317 0.82217 0.55469
4 0.20950 0.75238 0.21525 0.74406 0.21699 0.74366 0.20396 0.66663 0.19458 0.66244 0.18591 0.67080 0.18043 0.68032 0.17933 0.69772 0.18073 0.72281 0.18303 0.74070 0.18637 0.75518 0.19006 0.76004 0.19978 0.75780 0.20950 0.75238
4 0.31571 0.59954 0.32066 0.62571 0.32783 0.65201 0.33117 0.67283 0.33910 0.70086 0.34613 0.72020 0.35183 0.73222 0.36128 0.73195 0.37398 0.72838 0.38523 0.72959 0.39828 0.72912 0.41085 0.72812 0.41981 0.72415 0.41938 0.70646 0.42159 0.69070 0.42742 0.68428 0.42136 0.65646 0.41462 0.63515 0.41044 0.62341 0.40223 0.58783 0.39624 0.56189 0.39686 0.55984 0.39151 0.54774 0.38352 0.54005 0.36623 0.54278 0.35651 0.54502 0.34533 0.54887 0.33902 0.55160 0.33457 0.55453 0.32965 0.55694 0.32236 0.55862 0.31736 0.56232 0.31355 0.57273 0.31376 0.58475 0.31571 0.59954
4 0.66033 0.59875 0.66319 0.61905 0.66737 0.63714 0.67286 0.64667 0.68113 0.65556 0.68774 0.66992 0.70100 0.66876 0.72030 0.66684 0.73662 0.66943 0.74648 0.67096 0.74543 0.65850 0.74361 0.63478 0.73874 0.60732 0.73435 0.58039 0.73065 0.56282 0.72425 0.54143 0.71890 0.52615 0.71528 0.51047 0.70923 0.50170 0.70208 0.49446 0.68874 0.49373 0.68034 0.49059 0.67166 0.48941 0.66347 0.49194 0.65027 0.49499 0.64354 0.49908 0.64008 0.50624 0.64675 0.52883 0.65246 0.55038 0.65692 0.57603 0.66033 0.59875
4 0.38554 0.39347 0.38887 0.40682 0.39274 0.42136 0.39776 0.43653 0.40051 0.44295 0.40370 0.44574 0.40862 0.44505 0.41488 0.44360 0.42048 0.44143 0.42308 0.43950 0.42732 0.43808 0.43185 0.43792 0.43668 0.43681 0.44232 0.43374 0.44593 0.43290 0.45095 0.43263 0.45591 0.43104 0.46006 0.42920 0.46261 0.42597 0.46290 0.41840 0.46198 0.41332 0.46342 0.41078 0.44818 0.32828 0.43912 0.32861 0.42861 0.33148 0.41386 0.33797 0.40393 0.34114 0.39293 0.34412 0.37852 0.34657 0.37760 0.34810 0.37795 0.35729 0.38273 0.38353 0.38554 0.39347
4 0.73748 0.59555 0.74096 0.61697 0.74493 0.63892 0.74779 0.65288 0.75460 0.65702 0.76224 0.66796 0.77495 0.67074 0.78662 0.67059 0.79863 0.67036 0.80390 0.66787 0.80598 0.66104 0.79861 0.63225 0.78434 0.58473 0.76764 0.52506 0.76076 0.50632 0.75186 0.49313 0.74651 0.49055 0.73610 0.49296 0.72791 0.49866 0.71993 0.50368 0.71535 0.50918 0.71813 0.52125 0.72439 0.54203 0.73003 0.55852 0.73316 0.57367 0.73748 0.59555
4 0.76699 0.44215 0.76752 0.43012 0.76668 0.41002 0.76726 0.40151 0.76368 0.39043 0.75770 0.38431 0.74588 0.37601 0.73792 0.37343 0.73247 0.37072 0.73257 0.37996 0.73191 0.39247 0.73066 0.40907 0.72970 0.41812 0.72474 0.42632 0.71486 0.42860 0.70318 0.42204 0.69605 0.41751 0.69315 0.41597 0.68818 0.41535 0.67855 0.42861 0.67363 0.43371 0.68280 0.45144 0.69661 0.46943 0.70505 0.47630 0.71310 0.47048 0.72201 0.46180 0.73175 0.45338 0.74202 0.45057 0.75215 0.45043 0.76174 0.44910 0.76699 0.44215
4 0.45380 0.35478 0.45626 0.37097 0.45916 0.38353 0.46255 0.39819 0.46511 0.41039 0.46743 0.41603 0.46820 0.42159 0.47235 0.42636 0.47583 0.43041 0.48036 0.43025 0.48899 0.42914 0.49661 0.42694 0.50428 0.42826 0.51069 0.42634 0.51995 0.42464 0.52626 0.42450 0.53422 0.42267 0.53788 0.42094 0.53913 0.41756 0.53947 0.40690 0.52225 0.32794 0.51714 0.32339 0.50494 0.32444 0.49207 0.32477 0.47456 0.32704 0.46685 0.32662 0.45817 0.32642 0.45204 0.32739 0.44891 0.32811 0.45191 0.34330 0.45380 0.35478
4 0.61749 0.41271 0.62333 0.41709 0.63457 0.42509 0.64465 0.43246 0.65492 0.43627 0.66548 0.43471 0.67296 0.43298 0.67816 0.42914 0.68433 0.42065 0.68809 0.41493 0.69469 0.41606 0.70063 0.42086 0.70931 0.42547 0.71486 0.42860 0.72156 0.42794 0.72604 0.42426 0.72956 0.41859 0.73134 0.40539 0.73143 0.39478 0.73161 0.38680 0.73301 0.37854 0.73155 0.36564 0.72379 0.36170 0.71072 0.35898 0.69919 0.35855 0.69071 0.35919 0.67778 0.36041 0.66225 0.35693 0.64499 0.35033 0.63515 0.34731 0.61697 0.34225 0.61075 0.34280 0.60882 0.34545 0.61269 0.36661 0.61540 0.38496 0.61734 0.40215 0.61749 0.41271
4 0.53333 0.59186 0.54057 0.62004 0.54432 0.62998 0.54815 0.64180 0.55315 0.65080 0.56671 0.66991 0.57671 0.68158 0.58116 0.68817 0.60164 0.68662 0.61962 0.68373 0.63365 0.67796 0.65100 0.67395 0.66593 0.67050 0.66523 0.65161 0.66361 0.61768 0.65838 0.58713 0.65365 0.56027 0.64745 0.53185 0.64049 0.51122 0.63507 0.49723 0.62756 0.48371 0.62409 0.48134 0.61215 0.48029 0.59951 0.48257 0.57868 0.48103 0.56896 0.48327 0.55924 0.48551 0.54841 0.48929 0.53619 0.49020 0.51564 0.49939 0.51474 0.50976 0.51725 0.52379 0.52177 0.54180 0.52776 0.56774 0.53333 0.59186
4 0.27225 0.52230 0.28079 0.51651 0.28794 0.52058 0.30440 0.52377 0.30905 0.51063 0.30925 0.50042 0.30404 0.49527 0.29438 0.49305 0.28508 0.48757 0.27807 0.49682 0.26661 0.49946 0.25918 0.50054 0.24918 0.49840 0.23625 0.47090 0.22513 0.44806 0.22234 0.42647 0.21053 0.42602 0.19776 0.43405 0.19262 0.44031 0.19903 0.45853 0.21370 0.49516 0.22288 0.51591 0.23497 0.53345 0.24573 0.54049 0.25983 0.53025 0.27225 0.52230
4 0.80661 0.66107 0.81390 0.66512 0.82725 0.66248 0.83719 0.66151 0.83303 0.64570 0.82356 0.61128 0.81163 0.57169 0.80689 0.55557 0.80221 0.54519 0.79385 0.52991 0.78469 0.52100 0.77765 0.52130 0.76911 0.52504 0.76946 0.53202 0.77588 0.55435 0.78294 0.57831 0.79168 0.60849 0.80289 0.64605 0.80661 0.66107
4 0.39686 0.54714 0.39679 0.55795 0.39909 0.56949 0.40696 0.60198 0.41079 0.62015 0.41969 0.64605 0.42644 0.66736 0.43708 0.69285 0.44208 0.70503 0.44799 0.71320 0.45952 0.70927 0.47271 0.70304 0.48881 0.69996 0.50103 0.69587 0.51978 0.69472 0.53346 0.69220 0.54019 0.68810 0.54011 0.66716 0.54225 0.64951 0.53849 0.62688 0.53403 0.60440 0.52950 0.58004 0.52275 0.54920 0.51711 0.52637 0.51245 0.51093 0.50890 0.50349 0.49995 0.50111 0.48113 0.50355 0.47120 0.50648 0.46315 0.50643 0.44919 0.50774 0.43419 0.51248 0.42656 0.51424 0.41871 0.51669 0.40295 0.51969 0.39976 0.52487 0.39699 0.53187 0.39686 0.54714
4 0.22757 0.67706 0.23182 0.69387 0.23683 0.71558 0.24157 0.73925 0.24858 0.73637 0.25559 0.73348 0.26497 0.73449 0.27497 0.73663 0.26737 0.68312 0.26471 0.64943 0.25801 0.60143 0.25127 0.59600 0.24190 0.58863 0.22891 0.58782 0.22405 0.59212 0.22107 0.59979 0.22045 0.60820 0.22018 0.61969 0.22157 0.63207 0.22485 0.65736 0.22757 0.67706
