1 0.79302 0.24737 0.80549 0.24723 0.84170 0.24009 0.85084 0.23809 0.84818 0.22894 0.84475 0.22265 0.83816 0.21550 0.81759 0.20923 0.80015 0.21865 0.79253 0.23165 0.79302 0.24737
4 0.17158 0.07011 0.14656 0.09530 0.15841 0.10419 0.17554 0.11654 0.24798 0.09184 0.30528 0.06912 0.28486 0.04245 0.25062 0.04245 0.20912 0.05035 0.17158 0.07011
1 0.15547 0.67411 0.15834 0.68238 0.17003 0.68271 0.19385 0.68453 0.21215 0.68420 0.22318 0.68238 0.22384 0.67527 0.21855 0.66865 0.21259 0.66451 0.20046 0.66270 0.17863 0.66402 0.16142 0.66749 0.15547 0.67411
1 0.73885 0.58405 0.76446 0.58851 0.77956 0.58988 0.78687 0.57925 0.78870 0.57376 0.77818 0.57445 0.75898 0.57067 0.74800 0.56518 0.74663 0.57994 0.73885 0.58405
4 0.65763 0.07949 0.68134 0.10567 0.72349 0.12049 0.76827 0.14123 0.78869 0.11851 0.78474 0.10073 0.74720 0.07208 0.70637 0.05529 0.68068 0.06022 0.65763 0.07949
1 0.12485 0.22319 0.13216 0.20810 0.12622 0.19575 0.11158 0.19301 0.10243 0.19575 0.08871 0.20021 0.08277 0.21633 0.10381 0.22525 0.12485 0.22319
4 0.72129 0.21997 0.73501 0.24775 0.76748 0.25907 0.79218 0.25221 0.82060 0.24489 0.85476 0.23815 0.85149 0.22512 0.85231 0.21813 0.85438 0.21174 0.85575 0.19733 0.85118 0.18910 0.82831 0.18704 0.78029 0.18395 0.74050 0.18361 0.72037 0.19527 0.72129 0.21997
4 0.63366 0.77957 0.65287 0.78918 0.67390 0.79467 0.69586 0.78643 0.71050 0.77546 0.70547 0.75145 0.70409 0.73018 0.70501 0.72572 0.69220 0.72640 0.64189 0.72915 0.61536 0.74047 0.61353 0.75762 0.63366 0.77957
4 0.73208 0.29777 0.72659 0.30600 0.73574 0.31972 0.73666 0.33893 0.74580 0.36088 0.77919 0.35883 0.80801 0.35265 0.85466 0.35574 0.89033 0.34133 0.89582 0.31972 0.88941 0.31766 0.84779 0.31286 0.78239 0.31149 0.76867 0.31457 0.73208 0.29777
4 0.29145 0.03750 0.31121 0.06270 0.45676 0.05331 0.47454 0.03454 0.47125 0.01429 0.45478 0.00194 0.40275 0.00293 0.32240 0.00688 0.28618 0.02071 0.29145 0.03750
4 0.18499 0.74081 0.18910 0.76517 0.21655 0.77957 0.24810 0.78266 0.26960 0.77820 0.27280 0.74801 0.28286 0.72915 0.26228 0.72126 0.22752 0.71337 0.20466 0.71200 0.19139 0.72160 0.18499 0.74081
4 0.49233 0.77957 0.49965 0.79844 0.51977 0.80941 0.55682 0.80770 0.58381 0.80701 0.59799 0.79501 0.60759 0.78232 0.61125 0.77031 0.60347 0.75213 0.60119 0.74527 0.58289 0.74527 0.53990 0.74527 0.51886 0.75076 0.50057 0.76277 0.49233 0.77957
4 0.40361 0.79021 0.40269 0.80907 0.44523 0.81456 0.47724 0.81044 0.48959 0.80804 0.48959 0.78815 0.49554 0.77065 0.49188 0.75728 0.46855 0.75693 0.41870 0.75522 0.39629 0.75625 0.39034 0.76723 0.40361 0.79021
4 0.72147 0.66363 0.69860 0.67015 0.69540 0.69039 0.70318 0.71131 0.70501 0.71405 0.71599 0.71405 0.73245 0.70548 0.74892 0.69690 0.76995 0.69348 0.78047 0.69896 0.79831 0.71097 0.81615 0.71817 0.83627 0.71851 0.84176 0.70891 0.84542 0.69279 0.82941 0.65814 0.80105 0.66020 0.78047 0.66295 0.75760 0.67187 0.74160 0.66706 0.72147 0.66363
4 0.70043 0.60017 0.70821 0.60326 0.73519 0.60326 0.75029 0.60395 0.77178 0.60155 0.79053 0.60189 0.81798 0.60429 0.82529 0.60600 0.83124 0.59537 0.82941 0.57994 0.81752 0.57102 0.80791 0.56759 0.80105 0.56072 0.79374 0.55695 0.77681 0.55695 0.76081 0.55935 0.73199 0.56038 0.70455 0.56621 0.69403 0.58302 0.70043 0.60017
4 0.49957 0.03602 0.51603 0.05479 0.59177 0.06566 0.65368 0.07505 0.69122 0.05232 0.70571 0.03503 0.69583 0.02466 0.67805 0.01478 0.62997 0.00836 0.54435 0.00293 0.51405 0.00787 0.49957 0.03602
4 0.08396 0.19345 0.06310 0.22755 0.10106 0.23584 0.12804 0.22398 0.13225 0.24120 0.15201 0.24573 0.16848 0.24902 0.18494 0.24779 0.19976 0.23956 0.20415 0.22103 0.20635 0.20086 0.20415 0.17699 0.19208 0.16464 0.17122 0.16711 0.13225 0.16958 0.10426 0.17287 0.08286 0.18399 0.08396 0.19345
4 0.13207 0.75156 0.16763 0.76391 0.18410 0.75748 0.19134 0.73081 0.19398 0.71056 0.21769 0.70957 0.25127 0.71155 0.27103 0.71056 0.27037 0.69228 0.25522 0.67500 0.22888 0.67203 0.21373 0.66709 0.19529 0.66166 0.16302 0.66660 0.15248 0.67697 0.12812 0.68883 0.10375 0.70809 0.10243 0.73773 0.13207 0.75156
4 0.27920 0.77511 0.28652 0.79329 0.31762 0.79810 0.33866 0.79810 0.35650 0.79672 0.37525 0.79226 0.39172 0.78163 0.38348 0.75693 0.38577 0.74596 0.36610 0.74321 0.31259 0.73875 0.28286 0.73635 0.27555 0.75213 0.27920 0.77511
1 0.73803 0.29948 0.73346 0.31149 0.73803 0.32383 0.73803 0.33618 0.74398 0.34853 0.76410 0.34510 0.76913 0.32864 0.79017 0.32246 0.81029 0.31697 0.82310 0.32006 0.82173 0.31389 0.78239 0.31217 0.76593 0.31560 0.73803 0.29948
4 0.80270 0.25255 0.78258 0.26044 0.75559 0.26422 0.73273 0.24775 0.71352 0.24501 0.70940 0.26182 0.72632 0.28960 0.74690 0.30024 0.76794 0.31293 0.79035 0.30984 0.88383 0.30920 0.88852 0.29841 0.88829 0.28537 0.88228 0.27211 0.88137 0.26902 0.88091 0.25221 0.85804 0.24329 0.83105 0.24192 0.80270 0.25255
4 0.67848 0.62693 0.67757 0.64614 0.68397 0.66466 0.70455 0.67049 0.72742 0.66123 0.75395 0.66946 0.76035 0.67015 0.77727 0.66295 0.79739 0.65883 0.81935 0.65746 0.83764 0.66569 0.84633 0.67324 0.85228 0.66295 0.84725 0.64545 0.84313 0.63104 0.83307 0.61904 0.82483 0.60840 0.79877 0.60223 0.78459 0.60155 0.76904 0.60189 0.73702 0.60463 0.70638 0.60429 0.69174 0.61698 0.67848 0.62693
4 0.06225 0.70562 0.09387 0.71056 0.11758 0.69080 0.14458 0.68092 0.15973 0.66561 0.17883 0.66314 0.23152 0.67055 0.24864 0.66907 0.24930 0.64289 0.23810 0.63153 0.22625 0.62807 0.20978 0.61720 0.18475 0.62264 0.14722 0.63252 0.11033 0.63202 0.08794 0.64832 0.06358 0.67351 0.06225 0.70562
4 0.73885 0.70068 0.72284 0.70925 0.71004 0.71954 0.70912 0.74253 0.71781 0.76208 0.72513 0.76997 0.74983 0.77271 0.78230 0.75625 0.79557 0.73910 0.78916 0.72126 0.78230 0.70514 0.77178 0.69279 0.73885 0.70068
1 0.13253 0.59520 0.12724 0.59785 0.11665 0.59785 0.10915 0.59652 0.10540 0.60000 0.11797 0.60529 0.12900 0.60579 0.13694 0.60926 0.13959 0.61108 0.14642 0.61323 0.15348 0.61390 0.15900 0.61208 0.16605 0.60711 0.17201 0.60463 0.17620 0.60149 0.17841 0.59835 0.17730 0.59355 0.16958 0.59669 0.16650 0.59802 0.15304 0.59586 0.14400 0.59156 0.13606 0.59057 0.13187 0.59123 0.13253 0.59520
4 0.09989 0.58362 0.09040 0.58445 0.08202 0.58825 0.07695 0.59636 0.06989 0.60678 0.06548 0.61290 0.05666 0.62332 0.05401 0.63474 0.05202 0.64632 0.07254 0.64996 0.09393 0.63854 0.10275 0.62895 0.12282 0.62812 0.14642 0.62878 0.16562 0.62514 0.18348 0.62316 0.19451 0.61985 0.20377 0.61654 0.21061 0.61009 0.20818 0.60513 0.20002 0.59884 0.19362 0.59173 0.18458 0.58594 0.17730 0.58462 0.16826 0.58478 0.15194 0.58875 0.14400 0.58859 0.13430 0.58594 0.12724 0.58610 0.11466 0.58627 0.10738 0.58528 0.09989 0.58362
1 0.14973 0.63689 0.14179 0.63838 0.14003 0.64086 0.14775 0.64632 0.15591 0.64996 0.16319 0.65492 0.16363 0.65806 0.16341 0.66120 0.16937 0.66203 0.18657 0.66203 0.19341 0.66055 0.19980 0.65690 0.20135 0.65277 0.19716 0.65062 0.19760 0.64648 0.19936 0.64417 0.19385 0.64202 0.18348 0.63954 0.17091 0.63772 0.15855 0.63623 0.14973 0.63689
1 0.81121 0.31041 0.82912 0.30726 0.82836 0.29154 0.83789 0.28354 0.84703 0.28096 0.84360 0.27067 0.81502 0.27468 0.81426 0.28868 0.79215 0.30669 0.81121 0.31041
