4 0.63363 0.26397 0.62704 0.27673 0.63829 0.29650 0.65174 0.31460 0.65997 0.33230 0.67150 0.33190 0.68055 0.32119 0.68604 0.29650 0.69125 0.27015 0.68769 0.26809 0.66903 0.26357 0.65476 0.26027 0.64543 0.25615 0.63363 0.26397
4 0.24464 0.36626 0.24080 0.36090 0.22968 0.36845 0.22320 0.39048 0.22121 0.40894 0.22267 0.42859 0.23087 0.44090 0.24530 0.44884 0.26118 0.45023 0.27137 0.45162 0.27706 0.44983 0.28103 0.42641 0.28421 0.40239 0.28738 0.39524 0.28950 0.38889 0.29016 0.38016 0.27521 0.37083 0.26277 0.37440 0.25231 0.38075 0.24464 0.36626
4 0.63528 0.33230 0.63033 0.33477 0.62512 0.34013 0.62183 0.35165 0.62100 0.36277 0.61662 0.37100 0.61058 0.38088 0.60811 0.38829 0.60783 0.40105 0.61003 0.42245 0.61030 0.43686 0.61497 0.44715 0.62622 0.45291 0.64323 0.45332 0.66299 0.45127 0.67479 0.44921 0.68247 0.44385 0.68055 0.43151 0.67946 0.41710 0.67589 0.40063 0.65723 0.35124 0.64817 0.33972 0.64515 0.33725 0.63994 0.33313 0.63528 0.33230
4 0.28786 0.30761 0.29280 0.32983 0.30268 0.34465 0.31201 0.35700 0.32272 0.36235 0.33287 0.36894 0.34165 0.36935 0.34933 0.36441 0.35592 0.35618 0.36250 0.34671 0.36470 0.33477 0.36196 0.32325 0.35372 0.32243 0.34878 0.30967 0.34714 0.29526 0.33808 0.28497 0.32518 0.27262 0.30817 0.26974 0.29802 0.28085 0.28786 0.30761
4 0.36692 0.36308 0.36255 0.37182 0.35792 0.38512 0.35580 0.39643 0.35487 0.40815 0.35435 0.41926 0.35633 0.43038 0.35739 0.44030 0.35805 0.45420 0.35845 0.46532 0.36176 0.47107 0.37750 0.46909 0.39445 0.46869 0.40119 0.46452 0.40860 0.46194 0.41244 0.45916 0.41191 0.45122 0.40913 0.43633 0.40781 0.41648 0.40980 0.40616 0.41469 0.39643 0.41893 0.39088 0.41403 0.37897 0.39908 0.37857 0.38783 0.37261 0.37989 0.36686 0.37486 0.35832 0.37221 0.35812 0.36692 0.36308
4 0.47200 0.30967 0.47666 0.33683 0.48352 0.34548 0.48188 0.36030 0.48901 0.36688 0.50575 0.36606 0.51920 0.36318 0.53813 0.35330 0.54087 0.34218 0.54143 0.32860 0.54060 0.31584 0.53786 0.29979 0.53895 0.28291 0.54005 0.26892 0.53676 0.26357 0.52331 0.25821 0.50575 0.25698 0.49258 0.26150 0.48242 0.26892 0.46596 0.27880 0.46130 0.28867 0.46431 0.29608 0.47200 0.30967
4 0.49185 0.36785 0.48470 0.36686 0.48192 0.36289 0.47755 0.36130 0.47147 0.36388 0.46736 0.36725 0.46591 0.38155 0.46948 0.40418 0.47570 0.43316 0.47927 0.45083 0.48470 0.45797 0.48946 0.46055 0.49793 0.46293 0.50931 0.46472 0.52083 0.46254 0.52930 0.46155 0.53419 0.45956 0.53856 0.45340 0.54041 0.44447 0.54028 0.43594 0.53962 0.42740 0.53538 0.39227 0.53499 0.37559 0.53115 0.37023 0.52784 0.36368 0.51408 0.36686 0.50495 0.36745 0.49185 0.36785
4 0.44262 0.36447 0.43944 0.36983 0.43507 0.37539 0.43097 0.37936 0.42528 0.38373 0.42171 0.38968 0.41575 0.39544 0.41006 0.40616 0.40821 0.41648 0.40940 0.43613 0.41244 0.45162 0.41337 0.46174 0.42038 0.46810 0.43044 0.47306 0.44328 0.47048 0.45836 0.47048 0.46697 0.46452 0.47438 0.45976 0.47755 0.45222 0.47795 0.44586 0.46511 0.38135 0.46525 0.37261 0.46114 0.36130 0.45598 0.36150 0.44923 0.36328 0.44513 0.36408 0.44262 0.36447
4 0.59123 0.35733 0.58435 0.35515 0.57482 0.35475 0.57125 0.35515 0.56873 0.35633 0.56344 0.35633 0.55722 0.35534 0.55206 0.35534 0.54849 0.35832 0.54280 0.36308 0.53843 0.36904 0.53578 0.37619 0.53512 0.39187 0.53724 0.40934 0.54028 0.42939 0.54571 0.44170 0.55127 0.45142 0.55894 0.46254 0.57072 0.46670 0.58594 0.46393 0.59414 0.46174 0.59997 0.45837 0.60447 0.45261 0.60698 0.44209 0.60870 0.43613 0.60949 0.42303 0.60764 0.39763 0.60764 0.38651 0.60486 0.38115 0.60248 0.37182 0.59772 0.36587 0.59560 0.36110 0.59123 0.35733
4 0.66738 0.33807 0.65832 0.34548 0.65723 0.34877 0.66491 0.37100 0.67424 0.39734 0.68000 0.41710 0.68769 0.42945 0.69784 0.43274 0.70772 0.43933 0.71952 0.43192 0.73324 0.42822 0.74367 0.42163 0.74641 0.42039 0.74861 0.40310 0.74724 0.38293 0.74504 0.36523 0.74065 0.34959 0.73242 0.33807 0.72309 0.32613 0.71760 0.31996 0.70937 0.31831 0.69674 0.31872 0.68741 0.31955 0.67946 0.33025 0.66738 0.33807
4 0.36937 0.29073 0.36772 0.30843 0.36937 0.32942 0.37046 0.34136 0.37485 0.35783 0.38089 0.36729 0.38940 0.37388 0.39900 0.37800 0.41080 0.37717 0.41876 0.37676 0.42809 0.37470 0.43468 0.37347 0.43962 0.36812 0.44263 0.36318 0.44291 0.35700 0.44181 0.34342 0.44181 0.33848 0.44346 0.32160 0.44950 0.30061 0.45306 0.28744 0.44483 0.27756 0.43193 0.27262 0.39873 0.26809 0.38117 0.27633 0.36937 0.29073
4 0.56200 0.28456 0.56502 0.30308 0.56832 0.32160 0.57188 0.33354 0.58039 0.34095 0.59384 0.34054 0.60180 0.33066 0.61250 0.31131 0.61716 0.29855 0.62018 0.28538 0.61881 0.26562 0.61744 0.25986 0.60564 0.25080 0.59055 0.25080 0.56777 0.25986 0.56393 0.27385 0.56200 0.28456
4 0.32033 0.36785 0.31067 0.36606 0.30234 0.36963 0.29757 0.37758 0.29029 0.39306 0.28580 0.41926 0.28527 0.43514 0.28580 0.44189 0.30472 0.43653 0.31583 0.43117 0.32920 0.43832 0.33092 0.46075 0.33992 0.46750 0.35461 0.46651 0.35633 0.44745 0.35448 0.43276 0.35037 0.42006 0.34799 0.41628 0.33675 0.40100 0.33066 0.38671 0.32378 0.37360 0.32033 0.36785
4 0.23765 0.28415 0.22118 0.28867 0.21789 0.29073 0.21569 0.29485 0.22694 0.32243 0.23765 0.35042 0.25219 0.37964 0.26289 0.37429 0.27524 0.36153 0.27936 0.34507 0.28649 0.33519 0.29033 0.32819 0.28649 0.30555 0.27826 0.29773 0.26865 0.28250 0.26399 0.27509 0.25329 0.27633 0.23765 0.28415
