4 0.63551 0.45573 0.63468 0.45719 0.63238 0.45972 0.63032 0.46179 0.62664 0.46477 0.62419 0.46592 0.61852 0.46776 0.61316 0.46730 0.61196 0.46636 0.61183 0.46914 0.61183 0.47297 0.61152 0.47622 0.61139 0.48043 0.61171 0.48426 0.61203 0.48608 0.61298 0.48675 0.61458 0.48924 0.61681 0.49355 0.61841 0.49680 0.62077 0.49996 0.62345 0.50255 0.62504 0.50341 0.62722 0.50379 0.62970 0.50379 0.63130 0.50274 0.63296 0.50073 0.63481 0.49671 0.63558 0.49307 0.63589 0.48819 0.63679 0.48579 0.63762 0.48321 0.63813 0.48015 0.63829 0.47807 0.63844 0.47348 0.63877 0.47268 0.63749 0.47201 0.63698 0.46569 0.63634 0.46196 0.63602 0.45918 0.63583 0.45717 0.63551 0.45573
2 0.58335 0.46529 0.58212 0.47034 0.58074 0.47448 0.57959 0.47896 0.57844 0.48275 0.57829 0.48551 0.57975 0.48999 0.58107 0.49550 0.58375 0.49206 0.58551 0.48976 0.58758 0.48700 0.58767 0.48437 0.58827 0.48090 0.58842 0.47770 0.58858 0.47493 0.58782 0.47093 0.58658 0.46827 0.58559 0.46494 0.58528 0.46012 0.58620 0.45794 0.58682 0.45518 0.58820 0.45369 0.58764 0.45162 0.58564 0.45380 0.58404 0.45610 0.58365 0.46069 0.58335 0.46529
4 0.46344 0.41847 0.45829 0.41833 0.45213 0.41723 0.44864 0.41599 0.44597 0.41682 0.44285 0.41999 0.44138 0.42205 0.44101 0.42385 0.44138 0.42702 0.44074 0.42867 0.44018 0.43032 0.44074 0.43350 0.44285 0.43915 0.44432 0.44246 0.44698 0.44962 0.44873 0.45404 0.45158 0.45955 0.45388 0.46562 0.45599 0.46975 0.45728 0.47278 0.45948 0.47678 0.46105 0.47830 0.46215 0.47912 0.46445 0.47802 0.46693 0.47554 0.46895 0.47389 0.47060 0.47223 0.47189 0.46741 0.47263 0.46382 0.47373 0.46134 0.47410 0.45803 0.47511 0.45707 0.47557 0.45390 0.47566 0.45073 0.47667 0.44852 0.47888 0.44632 0.48228 0.44439 0.48338 0.44315 0.48439 0.44122 0.48485 0.43749 0.48420 0.43363 0.48172 0.42895 0.47667 0.42646 0.47143 0.42205 0.46803 0.41943 0.46344 0.41847
4 0.68293 0.39998 0.67941 0.40331 0.67879 0.41250 0.67872 0.41744 0.68056 0.42158 0.68301 0.42571 0.68515 0.42767 0.68730 0.42916 0.69005 0.42755 0.69189 0.42434 0.69380 0.42066 0.69526 0.41388 0.69618 0.40584 0.69878 0.39573 0.69679 0.39263 0.69281 0.39378 0.68906 0.39676 0.68293 0.39998
4 0.45948 0.47678 0.45728 0.47278 0.45599 0.46975 0.45388 0.46562 0.45158 0.45955 0.44940 0.45575 0.44634 0.45874 0.44266 0.46150 0.43983 0.46494 0.43723 0.46885 0.43569 0.47241 0.43516 0.47655 0.43362 0.48195 0.43194 0.48654 0.43041 0.49148 0.43033 0.49562 0.43156 0.50216 0.43416 0.50699 0.43738 0.51273 0.44013 0.51664 0.44772 0.51733 0.45239 0.51423 0.45606 0.51250 0.46043 0.50975 0.46311 0.50630 0.46602 0.49906 0.46372 0.49114 0.46135 0.48321 0.45982 0.47884 0.45948 0.47678
4 0.59223 0.44932 0.58986 0.45035 0.58764 0.45162 0.58564 0.45380 0.58404 0.45610 0.58365 0.46069 0.58335 0.46529 0.58212 0.47034 0.58074 0.47448 0.57959 0.47896 0.57844 0.48275 0.57829 0.48551 0.57975 0.48999 0.58151 0.49768 0.58304 0.50251 0.58610 0.50561 0.58932 0.50802 0.59223 0.50940 0.59629 0.50975 0.59981 0.50848 0.60226 0.50664 0.60433 0.50297 0.60517 0.50021 0.60686 0.49631 0.60831 0.49217 0.60977 0.48872 0.61076 0.48700 0.61130 0.48505 0.61171 0.48426 0.61139 0.48043 0.61152 0.47622 0.61183 0.47297 0.61183 0.46914 0.61196 0.46636 0.60880 0.46397 0.60543 0.45995 0.60366 0.45570 0.60236 0.45191 0.60180 0.45058 0.59958 0.44990 0.59866 0.44921 0.59698 0.44852 0.59223 0.44932
4 0.49497 0.46586 0.49328 0.46288 0.49229 0.46127 0.49083 0.45966 0.48861 0.45725 0.48685 0.45426 0.48524 0.45104 0.48394 0.44898 0.48248 0.44875 0.48095 0.44852 0.47881 0.45013 0.47666 0.45162 0.47582 0.45242 0.47557 0.45390 0.47511 0.45707 0.47410 0.45803 0.47373 0.46134 0.47263 0.46382 0.47189 0.46741 0.47060 0.47223 0.46893 0.48057 0.46901 0.48551 0.46862 0.49045 0.46839 0.49608 0.46755 0.50159 0.46717 0.50687 0.47023 0.51124 0.47253 0.51480 0.47536 0.51595 0.48218 0.51492 0.48570 0.51331 0.48945 0.51112 0.49313 0.50917 0.49596 0.50630 0.49918 0.50193 0.50102 0.49757 0.50316 0.49286 0.50393 0.48884 0.50393 0.48321 0.50332 0.47724 0.50209 0.47643 0.50033 0.47402 0.49864 0.47046 0.49696 0.46874 0.49497 0.46586
4 0.55685 0.45001 0.55524 0.44932 0.55294 0.44944 0.55118 0.44955 0.54888 0.45035 0.54735 0.45093 0.54506 0.45196 0.54345 0.45369 0.54146 0.45529 0.53992 0.45667 0.53885 0.45874 0.53816 0.46253 0.53801 0.46586 0.53808 0.46988 0.53839 0.47322 0.53847 0.47620 0.53900 0.47988 0.53954 0.48401 0.54084 0.48723 0.54268 0.49217 0.54398 0.49596 0.54620 0.50056 0.54904 0.50331 0.55164 0.50607 0.55470 0.50871 0.55716 0.50986 0.55984 0.51021 0.56229 0.50975 0.56504 0.50791 0.56642 0.50710 0.56726 0.50607 0.56880 0.50308 0.57040 0.49987 0.57186 0.49585 0.57178 0.49412 0.57209 0.49171 0.57132 0.48907 0.57002 0.48654 0.56903 0.48539 0.56818 0.48447 0.56711 0.48114 0.56596 0.47804 0.56458 0.47482 0.56313 0.46908 0.56175 0.46632 0.56083 0.46334 0.56083 0.46115 0.56152 0.45794 0.56183 0.45679 0.56144 0.45483 0.56022 0.45231 0.55869 0.45139 0.55685 0.45001
1 0.50601 0.42961 0.50250 0.43220 0.50206 0.43344 0.50410 0.43564 0.50901 0.44100 0.51271 0.44416 0.51674 0.44780 0.52127 0.45172 0.52471 0.45163 0.52912 0.45192 0.53160 0.45048 0.53365 0.44876 0.53543 0.44703 0.53646 0.44340 0.53792 0.44129 0.53926 0.43899 0.54080 0.43689 0.54245 0.43526 0.54360 0.43229 0.53658 0.43066 0.52746 0.42846 0.52369 0.42731 0.51731 0.42731 0.51080 0.42770 0.50601 0.42961
4 0.55978 0.43004 0.55825 0.43100 0.55831 0.43368 0.56074 0.43703 0.56195 0.44038 0.56297 0.44143 0.56291 0.44440 0.56316 0.44603 0.56450 0.44775 0.56629 0.44967 0.56789 0.45091 0.57082 0.45273 0.57267 0.45273 0.57523 0.45311 0.57778 0.45282 0.58072 0.45282 0.58288 0.45120 0.58467 0.44928 0.58550 0.44794 0.58652 0.44670 0.58959 0.44517 0.59195 0.44392 0.59437 0.44268 0.59558 0.44143 0.59756 0.43914 0.59871 0.43779 0.59897 0.43559 0.59986 0.43377 0.60024 0.43301 0.59577 0.43205 0.59086 0.43062 0.58646 0.42899 0.58327 0.42765 0.57880 0.42822 0.57472 0.42860 0.56795 0.42860 0.56399 0.42908 0.55978 0.43004
2 0.56152 0.45794 0.56068 0.45909 0.55999 0.46104 0.55991 0.46529 0.56006 0.46851 0.56037 0.47103 0.56137 0.47517 0.56213 0.47930 0.56389 0.48309 0.56520 0.48689 0.56734 0.49183 0.56948 0.49412 0.57086 0.49481 0.57178 0.49412 0.57209 0.49171 0.57132 0.48907 0.57002 0.48654 0.56903 0.48539 0.56818 0.48447 0.56711 0.48114 0.56596 0.47804 0.56458 0.47482 0.56313 0.46908 0.56175 0.46632 0.56083 0.46334 0.56083 0.46115 0.56152 0.45794
4 0.65712 0.44226 0.65544 0.44007 0.65437 0.43833 0.65330 0.44028 0.65223 0.44281 0.65154 0.44614 0.65077 0.44821 0.64886 0.44993 0.64702 0.45361 0.64641 0.45751 0.64518 0.46142 0.64488 0.46360 0.64380 0.46728 0.64220 0.46934 0.64089 0.47233 0.63951 0.47268 0.63844 0.47348 0.63829 0.47807 0.63928 0.48152 0.64227 0.48703 0.64503 0.49209 0.64748 0.49588 0.65085 0.49887 0.65468 0.50002 0.65797 0.50059 0.66234 0.50071 0.66555 0.49956 0.66823 0.49634 0.66869 0.49174 0.66938 0.48830 0.66992 0.48393 0.67045 0.48083 0.66777 0.45923 0.66640 0.45613 0.66539 0.45248 0.66348 0.44892 0.66018 0.44593 0.65712 0.44226
4 0.61492 0.42100 0.60887 0.42640 0.60504 0.42813 0.60313 0.42916 0.60183 0.42996 0.60083 0.43169 0.60052 0.43376 0.60052 0.44019 0.60114 0.44880 0.60236 0.45191 0.60366 0.45570 0.60543 0.45995 0.60880 0.46397 0.61316 0.46730 0.61852 0.46776 0.62419 0.46592 0.62664 0.46477 0.63032 0.46179 0.63238 0.45972 0.63468 0.45719 0.63629 0.45409 0.63774 0.45133 0.63935 0.44777 0.64012 0.44524 0.64104 0.44226 0.64196 0.43938 0.64287 0.43467 0.64349 0.43008 0.64426 0.42709 0.64479 0.42215 0.64540 0.41951 0.64402 0.41514 0.64157 0.41158 0.63951 0.40998 0.63660 0.40998 0.63009 0.41078 0.62534 0.41342 0.62059 0.41629 0.61492 0.42100
4 0.68784 0.48784 0.69174 0.48612 0.69397 0.48347 0.69672 0.48026 0.69818 0.47589 0.69910 0.46716 0.69642 0.45935 0.69351 0.44832 0.69213 0.44350 0.69060 0.43810 0.68891 0.43454 0.68723 0.43270 0.68477 0.43143 0.68294 0.43189 0.68110 0.43511 0.67896 0.43695 0.67689 0.43821 0.67611 0.43812 0.67474 0.44386 0.67305 0.44961 0.67121 0.45179 0.66914 0.45386 0.66738 0.45409 0.66877 0.46038 0.67045 0.48083 0.67344 0.48324 0.67880 0.48646 0.68324 0.48784 0.68784 0.48784
4 0.53364 0.44886 0.53160 0.45048 0.52912 0.45192 0.52471 0.45163 0.52127 0.45172 0.51932 0.45013 0.51718 0.45219 0.51511 0.45357 0.51182 0.45644 0.50998 0.45874 0.50837 0.46092 0.50699 0.46334 0.50577 0.46724 0.50515 0.47080 0.50500 0.47413 0.50439 0.47758 0.50431 0.48172 0.50554 0.48723 0.50768 0.49251 0.51006 0.49734 0.51228 0.50354 0.51465 0.50837 0.51687 0.51135 0.51986 0.51434 0.52277 0.51515 0.52514 0.51423 0.52767 0.51308 0.53012 0.51089 0.53142 0.50837 0.53364 0.50550 0.53517 0.50136 0.53655 0.49768 0.53824 0.49470 0.53939 0.49137 0.54000 0.49045 0.53954 0.48401 0.53900 0.47988 0.53847 0.47620 0.53839 0.47322 0.53808 0.46988 0.53801 0.46586 0.53816 0.46253 0.53740 0.45794 0.53671 0.45403 0.53540 0.45150 0.53387 0.44932 0.53364 0.44886
4 0.65605 0.40768 0.65099 0.41503 0.64701 0.41940 0.64563 0.42307 0.64579 0.42686 0.64594 0.42882 0.64694 0.42996 0.65000 0.43330 0.65322 0.43559 0.65544 0.44007 0.65712 0.44226 0.66018 0.44593 0.66348 0.44892 0.66539 0.45248 0.66738 0.45409 0.66914 0.45386 0.67121 0.45179 0.67305 0.44961 0.67474 0.44386 0.67611 0.43812 0.67696 0.43157 0.67803 0.42560 0.67810 0.41928 0.67895 0.40917 0.67956 0.40079 0.68048 0.39504 0.67688 0.39550 0.67045 0.39676 0.66371 0.39906 0.65873 0.40297 0.65605 0.40768
