4 0.33602 0.39017 0.31120 0.41534 0.28871 0.44623 0.27476 0.48284 0.27165 0.50916 0.24839 0.51602 0.23753 0.51488 0.23830 0.52976 0.23288 0.54921 0.22900 0.57667 0.22280 0.61100 0.21737 0.62586 0.22280 0.66477 0.22512 0.71854 0.26080 0.76087 0.30190 0.78147 0.35075 0.79634 0.37324 0.79520 0.39728 0.79178 0.44148 0.78033 0.46242 0.74943 0.46940 0.71282 0.48180 0.66133 0.47793 0.62815 0.47483 0.61328 0.47793 0.56865 0.48026 0.54005 0.48026 0.50116 0.48879 0.48170 0.49112 0.43365 0.48801 0.40618 0.47715 0.37301 0.46475 0.36613 0.43915 0.36499 0.40658 0.37185 0.38488 0.38559 0.35928 0.37757 0.33602 0.39017
1 0.81210 0.55881 0.82392 0.54925 0.83954 0.54138 0.85134 0.54531 0.86087 0.54813 0.87001 0.54925 0.87725 0.54813 0.88487 0.54025 0.88677 0.52732 0.88258 0.51496 0.87496 0.50990 0.86353 0.50035 0.84829 0.49867 0.83154 0.49472 0.82011 0.49529 0.81401 0.49585 0.80258 0.50372 0.79191 0.52620 0.79382 0.54643 0.80258 0.55712 0.81210 0.55881
1 0.68243 0.51057 0.68903 0.51564 0.69750 0.51721 0.70147 0.51097 0.70543 0.49691 0.70755 0.48599 0.70755 0.47505 0.70518 0.47154 0.69645 0.46529 0.69062 0.48052 0.68612 0.48794 0.68189 0.50707 0.68243 0.51057
1 0.32007 0.68758 0.31698 0.68010 0.31677 0.68822 0.32228 0.69505 0.32757 0.69864 0.33264 0.70189 0.33793 0.70448 0.34366 0.70773 0.34939 0.70872 0.35733 0.70708 0.36218 0.70773 0.36549 0.70838 0.37012 0.70838 0.37100 0.70612 0.36968 0.70448 0.36262 0.70319 0.35931 0.70222 0.35468 0.69765 0.34675 0.69017 0.33903 0.68854 0.32426 0.68433 0.32007 0.68758
1 0.41165 0.69181 0.41209 0.69669 0.41849 0.69864 0.42289 0.70189 0.42730 0.70287 0.43215 0.70189 0.43788 0.70124 0.44318 0.69929 0.44538 0.69700 0.44846 0.69181 0.45067 0.68627 0.45221 0.68075 0.45244 0.67555 0.45221 0.67163 0.44802 0.67067 0.44119 0.66968 0.42884 0.68368 0.41870 0.68563 0.41628 0.68952 0.41165 0.69181
1 0.28439 0.67331 0.28310 0.66274 0.27870 0.65136 0.27705 0.64865 0.27392 0.64785 0.27448 0.66140 0.27705 0.67006 0.28108 0.67602 0.28439 0.67331
4 1.00000 0.38713 0.97423 0.40390 0.95019 0.43365 0.93933 0.46453 0.94012 0.50688 0.93546 0.53777 0.93158 0.56637 0.92538 0.59726 0.92538 0.65905 0.94012 0.68307 0.95563 0.70366 0.98276 0.73227 1.00000 0.74393 1.00000 0.38713
2 0.53997 0.51832 0.58262 0.53090 0.60976 0.52976 0.57564 0.58811 0.59425 0.60298 0.58727 0.63616 0.57797 0.71282 0.61596 0.72198 0.63612 0.65561 0.64543 0.61670 0.66637 0.63273 0.68421 0.62128 0.69584 0.60070 0.70437 0.62128 0.71755 0.64531 0.72764 0.63273 0.72065 0.57437 0.71057 0.54120 0.72376 0.51030 0.73306 0.46569 0.72918 0.43250 0.71832 0.40046 0.68886 0.38902 0.66172 0.38674 0.65784 0.41876 0.67025 0.44509 0.66793 0.50116 0.65784 0.50688 0.66327 0.48055 0.65784 0.46225 0.64621 0.45881 0.63923 0.46683 0.62372 0.49086 0.59968 0.47255 0.53221 0.47025 0.52058 0.49200 0.53997 0.51832
1 0.23052 0.56802 0.23305 0.57082 0.23527 0.56661 0.23909 0.55631 0.24829 0.55070 0.24607 0.54366 0.24734 0.53570 0.23972 0.52962 0.23717 0.53712 0.23432 0.55116 0.23052 0.56802
1 0.27756 0.48540 0.26930 0.51631 0.27470 0.53130 0.28485 0.55097 0.29026 0.57439 0.29979 0.59406 0.30899 0.60670 0.30771 0.61655 0.31089 0.63434 0.31628 0.64981 0.32518 0.65590 0.33438 0.65683 0.33883 0.64605 0.35248 0.62452 0.37057 0.60670 0.37692 0.58517 0.37978 0.56550 0.39438 0.53738 0.40073 0.52802 0.40613 0.51444 0.39977 0.50507 0.40105 0.49710 0.41406 0.48258 0.41914 0.48165 0.41978 0.49243 0.41628 0.50601 0.41534 0.51678 0.41502 0.53410 0.41502 0.54675 0.41343 0.56455 0.41057 0.58048 0.40771 0.59640 0.40391 0.61046 0.40962 0.62404 0.41152 0.63762 0.41946 0.64464 0.43089 0.64184 0.44136 0.65027 0.45089 0.66057 0.45977 0.65403 0.46645 0.64371 0.46930 0.63200 0.46962 0.59501 0.46677 0.56830 0.46295 0.54910 0.45534 0.52708 0.45057 0.50366 0.44771 0.48540 0.44422 0.46854 0.43312 0.46572 0.42867 0.46244 0.42073 0.44464 0.41343 0.44277 0.40263 0.44325 0.39883 0.43575 0.39692 0.42545 0.39216 0.42124 0.38962 0.41702 0.38454 0.40437 0.37628 0.40342 0.36930 0.40531 0.35692 0.40998 0.34835 0.41092 0.33883 0.40953 0.33628 0.40577 0.34105 0.39032 0.31914 0.41233 0.30169 0.43810 0.28836 0.46292 0.27756 0.48540
4 0.75400 0.49314 0.75633 0.53319 0.75787 0.58353 0.77571 0.62014 0.79277 0.66133 0.82767 0.69680 0.86722 0.70252 0.90987 0.69566 0.92538 0.66705 0.92615 0.62930 0.92538 0.57781 0.93314 0.55493 0.93856 0.52060 0.94012 0.48055 0.94012 0.45309 0.93468 0.42792 0.91917 0.39017 0.90599 0.37185 0.88350 0.35013 0.86490 0.32952 0.83930 0.32380 0.80828 0.33639 0.79510 0.36499 0.77494 0.39360 0.76020 0.42220 0.75478 0.44623 0.75400 0.49314
4 0.48879 0.47025 0.48568 0.49428 0.47871 0.52174 0.48103 0.55493 0.47561 0.59840 0.48724 0.66363 0.51128 0.70824 0.54230 0.72540 0.58262 0.73799 0.60899 0.73799 0.65242 0.75287 0.69506 0.74029 0.71367 0.70366 0.72996 0.65561 0.73383 0.59956 0.74004 0.54577 0.74236 0.50458 0.74780 0.44853 0.74780 0.41420 0.74159 0.37987 0.73306 0.34897 0.71445 0.32380 0.69274 0.31694 0.66870 0.30778 0.64233 0.31236 0.61441 0.33181 0.57874 0.33410 0.54539 0.35013 0.51593 0.37987 0.49965 0.41534 0.48956 0.44280 0.48879 0.47025
