4 0.08504 0.60757 0.07694 0.59847 0.06109 0.59508 0.05123 0.59508 0.03891 0.59910 0.02975 0.61542 0.02130 0.63582 0.01637 0.64876 0.01180 0.66802 0.01180 0.69062 0.01461 0.71373 0.01320 0.74367 0.01989 0.75893 0.03011 0.77927 0.03292 0.79966 0.03785 0.81542 0.04982 0.82559 0.05687 0.83124 0.07095 0.83237 0.08363 0.83124 0.08539 0.84650 0.09208 0.85667 0.10757 0.86062 0.12165 0.86062 0.13398 0.85836 0.14701 0.85102 0.15687 0.83638 0.16074 0.81599 0.16250 0.79232 0.16496 0.76740 0.16426 0.72559 0.16250 0.70243 0.15370 0.68830 0.13750 0.67932 0.12236 0.65842 0.10898 0.64198 0.09630 0.62452 0.08504 0.60757
4 0.80405 0.45785 0.78856 0.47311 0.78011 0.48661 0.77060 0.49226 0.76144 0.50983 0.75581 0.52729 0.75405 0.53977 0.74489 0.54763 0.74208 0.56520 0.73750 0.58780 0.73996 0.60638 0.75158 0.62452 0.75123 0.63582 0.75299 0.66237 0.76109 0.68322 0.77060 0.70017 0.78609 0.71147 0.79982 0.72339 0.81849 0.72339 0.83257 0.71994 0.84349 0.71712 0.85933 0.70130 0.87377 0.68780 0.89032 0.67023 0.90088 0.65672 0.90511 0.62785 0.91109 0.61768 0.90933 0.58830 0.90546 0.55893 0.90264 0.54311 0.89842 0.52616 0.89419 0.50469 0.89384 0.48441 0.87799 0.45503 0.86602 0.44819 0.83926 0.45271 0.81602 0.44819 0.80405 0.45785
4 0.84102 0.27023 0.82482 0.27079 0.80863 0.27424 0.79595 0.28271 0.78433 0.29283 0.77835 0.30469 0.77025 0.32226 0.76285 0.33689 0.75687 0.36119 0.75581 0.38723 0.75792 0.41147 0.77060 0.42678 0.79278 0.44989 0.80370 0.45333 0.82060 0.44090 0.83891 0.44424 0.85722 0.44203 0.87623 0.44424 0.88363 0.42164 0.88433 0.39057 0.88398 0.35384 0.88116 0.32904 0.86708 0.30644 0.86004 0.28605 0.85933 0.27305 0.84102 0.27023
4 0.11356 0.41147 0.10229 0.43181 0.09560 0.45051 0.09278 0.46463 0.09208 0.48265 0.08820 0.49508 0.08363 0.50243 0.07694 0.52220 0.07518 0.53915 0.07377 0.55836 0.07271 0.57588 0.07588 0.59000 0.07694 0.59847 0.08504 0.60757 0.09630 0.62452 0.10898 0.64198 0.12236 0.65842 0.13750 0.67932 0.15088 0.67870 0.15968 0.67537 0.17271 0.67983 0.17799 0.68497 0.19102 0.67932 0.20475 0.67367 0.21180 0.65390 0.21884 0.63017 0.22658 0.60695 0.23151 0.58610 0.23820 0.56915 0.24173 0.55328 0.23398 0.52000 0.22447 0.49791 0.21813 0.47701 0.21285 0.46350 0.20123 0.45220 0.18785 0.44706 0.16884 0.44254 0.15405 0.43073 0.13539 0.41548 0.12482 0.40983 0.11356 0.41147
4 0.90088 0.65672 0.89032 0.67023 0.87377 0.68780 0.85933 0.70130 0.84349 0.71712 0.83257 0.71994 0.82271 0.73186 0.80968 0.74429 0.79947 0.75780 0.79278 0.79000 0.79701 0.82672 0.80299 0.85836 0.80828 0.88723 0.82588 0.90638 0.85194 0.91034 0.87799 0.90751 0.90053 0.90073 0.91919 0.89226 0.93363 0.87989 0.94349 0.85271 0.94595 0.81943 0.94630 0.79000 0.95194 0.78384 0.95651 0.76972 0.95757 0.74316 0.95475 0.72057 0.94982 0.70192 0.93785 0.68040 0.92236 0.66458 0.91496 0.65842 0.90546 0.65780 0.90088 0.65672
1 0.12165 0.57198 0.11919 0.58215 0.11391 0.59000 0.10933 0.59910 0.10792 0.60921 0.10792 0.62107 0.11285 0.63017 0.11637 0.64085 0.12694 0.64650 0.13187 0.64712 0.13891 0.63746 0.14595 0.62848 0.15194 0.61486 0.15651 0.60870 0.16285 0.60525 0.16285 0.59283 0.15898 0.57814 0.15546 0.56237 0.14630 0.56175 0.14067 0.56571 0.12975 0.56915 0.12165 0.57198
4 0.15687 0.26062 0.14806 0.26175 0.14172 0.26797 0.13785 0.27870 0.13257 0.28887 0.12623 0.29847 0.11884 0.30977 0.11461 0.31599 0.11180 0.32559 0.11320 0.34650 0.11461 0.36294 0.11602 0.38040 0.12165 0.39401 0.13046 0.40531 0.13820 0.41429 0.14982 0.42113 0.15968 0.42729 0.17201 0.43463 0.18398 0.44141 0.19349 0.44373 0.21004 0.44311 0.22130 0.43576 0.23011 0.42791 0.23785 0.41147 0.24137 0.39452 0.24313 0.37644 0.23891 0.35051 0.23398 0.33011 0.21954 0.31260 0.20616 0.29514 0.19349 0.27989 0.18081 0.26972 0.16602 0.26175 0.15687 0.26062
4 0.70542 0.00000 0.70475 0.01435 0.70511 0.04141 0.70299 0.06119 0.70651 0.08548 0.71215 0.09791 0.72799 0.10475 0.74278 0.10921 0.75722 0.11435 0.77870 0.11486 0.79384 0.10977 0.80018 0.10588 0.80651 0.08610 0.81496 0.08215 0.81285 0.06633 0.80194 0.04311 0.80370 0.00000 0.70542 0.00000
4 0.12458 1.00000 0.13715 0.99904 0.15440 0.99288 0.15827 0.95723 0.16180 0.93576 0.15827 0.91265 0.14208 0.88887 0.13187 0.87706 0.11778 0.86797 0.09947 0.86859 0.07905 0.84706 0.06637 0.83802 0.04313 0.83407 0.02447 0.85729 0.01567 0.87249 0.01708 0.90921 0.02870 0.93124 0.04595 0.94706 0.06461 0.95949 0.07835 0.97814 0.09489 0.99226 0.11324 1.00000 0.12458 1.00000
4 0.21109 0.06520 0.21602 0.08661 0.23046 0.09458 0.25475 0.08661 0.27870 0.08830 0.29701 0.08943 0.31074 0.08830 0.31637 0.07531 0.32130 0.06119 0.32165 0.04763 0.31602 0.02503 0.31109 0.00023 0.24454 0.00023 0.22658 0.00136 0.21602 0.00356 0.20722 0.02503 0.21109 0.06520
4 0.77271 0.13017 0.76250 0.14260 0.75123 0.15955 0.74067 0.17537 0.73257 0.18887 0.72835 0.21209 0.72905 0.23802 0.73609 0.26011 0.74560 0.27644 0.76180 0.28667 0.77870 0.29401 0.78433 0.29283 0.79595 0.28271 0.80863 0.27424 0.82482 0.27079 0.84102 0.27023 0.85933 0.27305 0.85968 0.24994 0.85898 0.21655 0.85616 0.18384 0.83891 0.13802 0.82025 0.12107 0.80898 0.11203 0.78820 0.11938 0.77271 0.13017
4 0.93363 0.87989 0.91919 0.89226 0.90053 0.90073 0.87799 0.90751 0.85194 0.91034 0.82588 0.90638 0.82588 0.92678 0.82623 0.94819 0.82165 0.96633 0.82165 0.99288 0.82095 0.99791 0.91813 0.99508 0.93222 0.97763 0.94489 0.96797 0.95335 0.95898 0.96039 0.94486 0.95511 0.91599 0.94701 0.89966 0.94102 0.88774 0.93363 0.87989
4 0.20440 0.10525 0.19419 0.12848 0.18574 0.15955 0.17764 0.18322 0.16919 0.20192 0.16320 0.21373 0.15898 0.22559 0.16391 0.23915 0.16919 0.25667 0.17553 0.26407 0.18644 0.27362 0.19842 0.27475 0.20827 0.27870 0.22236 0.28667 0.22729 0.28554 0.23750 0.27989 0.25194 0.27475 0.26250 0.26972 0.27412 0.25446 0.27835 0.24599 0.28433 0.22955 0.28750 0.21542 0.28644 0.19345 0.28257 0.17537 0.27130 0.15441 0.26144 0.14311 0.25264 0.13746 0.23926 0.11938 0.22306 0.10073 0.21215 0.09508 0.20440 0.10525
