2 0.24912 0.38732 0.25544 0.39147 0.25979 0.39028 0.25860 0.37605 0.26256 0.36775 0.27283 0.35531 0.27560 0.34701 0.27915 0.33634 0.27718 0.31382 0.26967 0.30018 0.26299 0.29811 0.25153 0.29811 0.23968 0.30700 0.22585 0.30996 0.21913 0.31293 0.21083 0.33367 0.20846 0.35679 0.21073 0.37743 0.22575 0.39960 0.23687 0.40154 0.24912 0.38732
4 0.74314 0.44130 0.72667 0.44970 0.71646 0.45711 0.71120 0.48280 0.70724 0.50996 0.70198 0.53614 0.70000 0.55442 0.71679 0.57665 0.73523 0.59393 0.74742 0.60085 0.76454 0.59344 0.77376 0.57813 0.78595 0.54948 0.79517 0.50255 0.80702 0.46452 0.81723 0.40574 0.81361 0.39833 0.78792 0.39783 0.76981 0.40969 0.75664 0.42451 0.74314 0.44130
2 0.33797 0.38244 0.33568 0.39170 0.33225 0.40611 0.32997 0.42497 0.33294 0.43561 0.33729 0.44933 0.35443 0.46855 0.34953 0.44866 0.35506 0.43977 0.36060 0.40895 0.36257 0.40006 0.36455 0.38168 0.36297 0.36450 0.35388 0.35205 0.34826 0.36426 0.34300 0.37284 0.33797 0.38244
4 0.65093 0.68383 0.67793 0.68680 0.69835 0.68482 0.71844 0.68186 0.72404 0.66309 0.72305 0.62456 0.72140 0.60431 0.70922 0.58603 0.69111 0.56874 0.68945 0.57622 0.67562 0.58867 0.66811 0.59460 0.65823 0.60408 0.64993 0.60586 0.62689 0.59739 0.62360 0.60381 0.61833 0.63790 0.62097 0.66358 0.62195 0.67840 0.65093 0.68383
4 0.22466 0.48660 0.21468 0.50033 0.20578 0.52552 0.20677 0.55664 0.20644 0.58875 0.20710 0.62085 0.21237 0.62975 0.24431 0.63962 0.26506 0.65049 0.29140 0.65345 0.30425 0.65345 0.32005 0.64407 0.32927 0.63567 0.33322 0.61789 0.33224 0.59369 0.33191 0.56504 0.31907 0.55170 0.30290 0.53580 0.28393 0.52394 0.26655 0.51150 0.24640 0.49964 0.22466 0.48660
4 0.28670 0.30759 0.27485 0.29988 0.26299 0.29811 0.25153 0.29811 0.23968 0.30700 0.22585 0.30996 0.21913 0.31293 0.21083 0.33367 0.20846 0.35679 0.20648 0.37576 0.20490 0.41251 0.21004 0.44155 0.21439 0.47000 0.22466 0.48660 0.24640 0.49964 0.26655 0.51150 0.28393 0.52394 0.30290 0.53580 0.32266 0.53224 0.34360 0.52038 0.35743 0.50735 0.36771 0.49253 0.36731 0.48541 0.35506 0.46882 0.34953 0.44866 0.35506 0.43977 0.36060 0.40895 0.36257 0.40006 0.36455 0.38168 0.36297 0.36450 0.35388 0.35205 0.34281 0.33842 0.31476 0.32182 0.30053 0.31233 0.28670 0.30759
4 0.48167 0.63839 0.49287 0.66803 0.50571 0.69173 0.51954 0.70162 0.53568 0.69964 0.55478 0.69618 0.58474 0.68532 0.59429 0.66951 0.59890 0.65222 0.60318 0.61665 0.60747 0.58850 0.59856 0.58155 0.58315 0.56733 0.58117 0.54718 0.58174 0.53445 0.57570 0.52663 0.56400 0.52379 0.54753 0.52231 0.53240 0.52910 0.52942 0.53268 0.51921 0.53910 0.50736 0.54355 0.49715 0.53960 0.48958 0.55047 0.48530 0.58702 0.48102 0.62802 0.48167 0.63839
4 0.81888 0.49811 0.79846 0.49465 0.79517 0.50255 0.78595 0.54948 0.77376 0.57813 0.76454 0.59344 0.74742 0.60085 0.74017 0.62752 0.73886 0.66062 0.73886 0.68334 0.75203 0.68729 0.79714 0.67297 0.86070 0.63444 0.84950 0.60579 0.83666 0.54750 0.82941 0.51441 0.81888 0.49811
1 0.48757 0.28401 0.48246 0.28355 0.47929 0.28424 0.47427 0.28912 0.47225 0.29445 0.47062 0.29922 0.46962 0.30235 0.47588 0.29992 0.48533 0.29713 0.48726 0.29457 0.49307 0.29539 0.49632 0.29376 0.49918 0.29179 0.50189 0.29109 0.50305 0.28795 0.50313 0.28447 0.50452 0.28238 0.50507 0.28029 0.50538 0.27739 0.50452 0.27391 0.50174 0.27089 0.49733 0.27902 0.49283 0.28552 0.48780 0.28691 0.48757 0.28401
1 0.38589 0.32011 0.38444 0.32697 0.38846 0.32880 0.38901 0.33533 0.38690 0.34368 0.38322 0.35054 0.37987 0.35890 0.37642 0.36659 0.37854 0.36877 0.38232 0.36124 0.38522 0.35639 0.39013 0.35438 0.39548 0.35305 0.40027 0.35037 0.40440 0.34670 0.40785 0.34084 0.41030 0.33767 0.41677 0.33048 0.41565 0.32630 0.41287 0.31978 0.41420 0.31158 0.41576 0.30757 0.41432 0.30373 0.41454 0.29754 0.41521 0.28918 0.41342 0.28684 0.41142 0.28283 0.41075 0.28199 0.40863 0.28065 0.40116 0.28985 0.39459 0.30022 0.38835 0.31108 0.38589 0.32011
1 0.34209 0.40536 0.34231 0.41439 0.34320 0.42176 0.34599 0.42827 0.34945 0.43612 0.35089 0.43413 0.35023 0.42693 0.34878 0.41907 0.34800 0.41307 0.35301 0.41106 0.35569 0.41071 0.35803 0.40670 0.35870 0.40285 0.35658 0.39918 0.35234 0.39901 0.35078 0.39633 0.35112 0.38965 0.35268 0.38430 0.35323 0.37811 0.35379 0.37293 0.35134 0.36724 0.34744 0.37861 0.34242 0.38697 0.34309 0.39516 0.34209 0.40536
4 0.48024 0.25170 0.46839 0.25027 0.45464 0.25241 0.44041 0.25597 0.42666 0.26592 0.41243 0.27588 0.40295 0.28584 0.39252 0.29437 0.38303 0.30575 0.37734 0.31500 0.36738 0.32283 0.36644 0.33207 0.36688 0.35030 0.36718 0.36665 0.36635 0.37853 0.36278 0.40038 0.36262 0.42462 0.36454 0.44232 0.36691 0.45939 0.37497 0.48429 0.38398 0.50278 0.39394 0.50847 0.41196 0.51630 0.44041 0.51772 0.45653 0.51985 0.46791 0.52056 0.47882 0.52483 0.49968 0.53123 0.51249 0.53194 0.53240 0.52910 0.53809 0.51345 0.54568 0.50207 0.55232 0.48998 0.55469 0.46935 0.55185 0.45370 0.55327 0.43948 0.55611 0.42098 0.55611 0.40533 0.54995 0.39253 0.54521 0.36621 0.54521 0.34061 0.54094 0.32852 0.52861 0.31215 0.52197 0.30291 0.51723 0.29366 0.50964 0.27944 0.50158 0.26592 0.49305 0.25810 0.48024 0.25170
4 0.56181 0.34565 0.55233 0.35750 0.54905 0.37325 0.55484 0.39327 0.55814 0.40562 0.56115 0.42249 0.56170 0.44431 0.56390 0.45748 0.56774 0.46118 0.57103 0.47559 0.57295 0.49576 0.57680 0.51717 0.57570 0.52663 0.58174 0.53445 0.58117 0.54718 0.58315 0.56733 0.59856 0.58155 0.61753 0.59282 0.64993 0.60586 0.65823 0.60408 0.66811 0.59460 0.67562 0.58867 0.68945 0.57622 0.69577 0.55310 0.69893 0.52762 0.70249 0.50094 0.70525 0.47368 0.70249 0.44345 0.69893 0.42033 0.69617 0.40255 0.69498 0.38714 0.68668 0.37232 0.67838 0.36165 0.66534 0.35335 0.64677 0.34090 0.62899 0.33260 0.60567 0.33379 0.58197 0.33735 0.56181 0.34565
2 0.41367 0.35854 0.41543 0.35035 0.41511 0.33976 0.42233 0.34072 0.42940 0.34193 0.43566 0.34145 0.44143 0.34578 0.44561 0.35397 0.44770 0.35348 0.44689 0.34024 0.44657 0.32170 0.45379 0.31087 0.45941 0.30100 0.46824 0.30244 0.48076 0.29883 0.48894 0.29667 0.49825 0.29402 0.50419 0.28920 0.50740 0.28198 0.50788 0.27740 0.50210 0.26705 0.49151 0.25887 0.47980 0.25213 0.46792 0.25092 0.44143 0.25598 0.42169 0.26922 0.40901 0.27909 0.39601 0.29209 0.38349 0.30413 0.37788 0.31568 0.36777 0.32291 0.36632 0.33278 0.36760 0.37515 0.36857 0.37539 0.38382 0.37082 0.39328 0.36552 0.40003 0.36167 0.41367 0.35854
2 0.56101 0.41925 0.56274 0.44294 0.56447 0.45709 0.56736 0.46172 0.57102 0.47587 0.57352 0.49436 0.57834 0.51603 0.57545 0.52527 0.58123 0.53481 0.58181 0.54463 0.58142 0.55127 0.58393 0.54521 0.58797 0.53250 0.58970 0.52065 0.58816 0.50390 0.58508 0.49032 0.58046 0.46865 0.57699 0.43832 0.57275 0.41780 0.56698 0.40191 0.55966 0.37851 0.55253 0.37938 0.55350 0.38631 0.55696 0.40018 0.56101 0.41925
1 0.57915 0.49080 0.58100 0.49452 0.58317 0.49870 0.58425 0.50288 0.58488 0.50044 0.58379 0.49638 0.58302 0.49138 0.58170 0.48604 0.58053 0.47895 0.57907 0.47060 0.57737 0.46456 0.57659 0.47780 0.57783 0.48488 0.57946 0.48500 0.57915 0.49080
1 0.56207 0.43668 0.56464 0.45690 0.56865 0.46196 0.57090 0.47352 0.57250 0.46870 0.57395 0.45811 0.57449 0.44290 0.57449 0.43426 0.57226 0.42117 0.56929 0.41127 0.56576 0.39887 0.55926 0.38090 0.55322 0.38090 0.55549 0.38998 0.56142 0.41671 0.56207 0.43668
1 0.24901 0.37689 0.25068 0.37906 0.25324 0.38207 0.25603 0.38057 0.25681 0.37455 0.25681 0.36803 0.25514 0.36318 0.25213 0.35867 0.24845 0.36017 0.24332 0.36402 0.23953 0.37288 0.23530 0.37957 0.23318 0.38224 0.22828 0.38709 0.23463 0.39461 0.23987 0.39093 0.24399 0.38492 0.24901 0.37689
1 0.48438 0.49120 0.48671 0.48993 0.48859 0.48832 0.49056 0.48690 0.49285 0.48597 0.49567 0.48489 0.49679 0.48469 0.49742 0.48677 0.49872 0.48630 0.49948 0.48516 0.49961 0.48348 0.49836 0.48220 0.49778 0.48200 0.49500 0.48348 0.49249 0.48449 0.49052 0.48489 0.48859 0.48597 0.48738 0.48697 0.48698 0.48724 0.48747 0.48522 0.48747 0.48482 0.48528 0.48583 0.48375 0.48650 0.48133 0.48684 0.47986 0.48879 0.48053 0.49154 0.48241 0.49195 0.48438 0.49120
4 0.12587 0.52927 0.13891 0.49845 0.15432 0.47475 0.16894 0.44392 0.17843 0.41251 0.18435 0.37398 0.17961 0.35145 0.15827 0.35323 0.14563 0.34197 0.13377 0.31707 0.12034 0.29515 0.10256 0.27262 0.08319 0.26492 0.06423 0.26077 0.04684 0.26432 0.03893 0.27025 0.02985 0.30167 0.02115 0.32775 0.01562 0.34849 0.02471 0.39117 0.02945 0.42555 0.04605 0.46407 0.05909 0.49490 0.06343 0.51150 0.08161 0.53402 0.09900 0.54350 0.10928 0.54350 0.12587 0.52927
4 0.87420 0.43439 0.85378 0.44970 0.83995 0.46946 0.83106 0.50008 0.84983 0.55343 0.87156 0.59245 0.88078 0.60974 0.90383 0.61122 0.92590 0.59690 0.94269 0.57022 0.95619 0.52379 0.97990 0.45711 0.98155 0.42599 0.97101 0.41414 0.95652 0.39240 0.93314 0.38598 0.90482 0.41117 0.87420 0.43439
4 0.34073 0.61616 0.34337 0.64481 0.35028 0.67445 0.35950 0.68037 0.37893 0.68285 0.39408 0.68433 0.41087 0.68828 0.42668 0.69223 0.43985 0.68630 0.44973 0.67840 0.45796 0.66111 0.46488 0.64333 0.46883 0.62703 0.47344 0.59937 0.47640 0.57368 0.47937 0.54207 0.47882 0.52483 0.46791 0.52056 0.45653 0.51985 0.44041 0.51772 0.41196 0.51630 0.39394 0.50847 0.39079 0.51194 0.37926 0.51836 0.37235 0.53022 0.35818 0.53515 0.34897 0.54553 0.34304 0.56183 0.34304 0.58455 0.34073 0.61616
