1 0.37630 0.70726 0.37585 0.70774 0.37612 0.70822 0.37677 0.70844 0.37744 0.70819 0.37780 0.70746 0.37751 0.70659 0.37673 0.70719 0.37630 0.70726
4 0.24675 0.65490 0.24871 0.67361 0.25067 0.69233 0.25304 0.71147 0.25692 0.73536 0.26145 0.75914 0.26960 0.77125 0.28072 0.77932 0.29021 0.78768 0.30001 0.79397 0.31205 0.79587 0.32866 0.79343 0.34403 0.78772 0.35224 0.77925 0.36009 0.76883 0.37343 0.76297 0.38183 0.74995 0.38793 0.73333 0.39056 0.71982 0.39333 0.69576 0.38623 0.67444 0.37828 0.65779 0.37156 0.64242 0.36710 0.63418 0.35187 0.62934 0.34285 0.62743 0.33110 0.62147 0.32109 0.61019 0.31529 0.59817 0.30917 0.58621 0.30640 0.57617 0.29785 0.57316 0.29042 0.56895 0.27960 0.56635 0.26987 0.56806 0.26210 0.57896 0.25660 0.58946 0.25122 0.60445 0.24813 0.62105 0.24676 0.63985 0.24675 0.65490
4 0.56123 0.40323 0.55902 0.41917 0.55905 0.43070 0.56312 0.44804 0.56655 0.46750 0.56777 0.48584 0.57039 0.49692 0.57820 0.52413 0.58587 0.53732 0.60394 0.55069 0.61590 0.56162 0.62630 0.57132 0.64522 0.57250 0.66759 0.56855 0.68673 0.55766 0.70536 0.53632 0.71612 0.52338 0.71701 0.49815 0.71330 0.46570 0.71009 0.44370 0.69854 0.41614 0.68319 0.39728 0.66439 0.37602 0.64827 0.36231 0.63704 0.35927 0.62438 0.35950 0.60435 0.36152 0.59421 0.36281 0.58243 0.36990 0.57423 0.37837 0.56644 0.38727 0.56123 0.40323
1 0.53318 0.50018 0.53254 0.49698 0.53167 0.49289 0.52998 0.48895 0.52722 0.48760 0.52590 0.48966 0.52469 0.48839 0.52404 0.48599 0.52390 0.48521 0.52227 0.48332 0.52088 0.48322 0.52330 0.49001 0.52534 0.49640 0.52664 0.50294 0.52718 0.50640 0.52639 0.51100 0.52511 0.51375 0.52774 0.51306 0.53037 0.51110 0.53384 0.50694 0.53318 0.50018
4 0.44654 0.40490 0.44069 0.41345 0.43673 0.42318 0.43163 0.43411 0.42803 0.44779 0.42529 0.45880 0.42210 0.47291 0.42228 0.48341 0.42242 0.49944 0.42323 0.51534 0.42362 0.53082 0.42507 0.53909 0.42906 0.54842 0.43590 0.55875 0.44712 0.56931 0.46055 0.57346 0.47269 0.57785 0.48230 0.58116 0.49249 0.58589 0.50413 0.58935 0.51744 0.58901 0.53858 0.58378 0.54622 0.57591 0.55738 0.56341 0.56294 0.54187 0.56827 0.53040 0.56886 0.51474 0.56403 0.50255 0.56247 0.49179 0.56465 0.48138 0.56421 0.46942 0.56254 0.45617 0.56076 0.44796 0.55327 0.42821 0.54325 0.40741 0.53512 0.39730 0.52171 0.38763 0.51176 0.38236 0.50629 0.37982 0.49443 0.37890 0.48520 0.38153 0.47591 0.38568 0.46136 0.39225 0.45128 0.39955 0.44654 0.40490
4 0.81072 0.58595 0.81124 0.59840 0.81219 0.61328 0.81487 0.63036 0.81821 0.64933 0.82338 0.66347 0.83165 0.68007 0.84322 0.69257 0.85133 0.70067 0.86623 0.70557 0.88083 0.71252 0.89263 0.71496 0.90317 0.71410 0.92118 0.70441 0.93401 0.69562 0.94490 0.68919 0.95010 0.68075 0.95153 0.66796 0.95235 0.65177 0.94975 0.63517 0.94511 0.61642 0.94303 0.59322 0.94324 0.58114 0.94280 0.56918 0.94038 0.55356 0.93629 0.54174 0.93102 0.52512 0.92570 0.51201 0.91876 0.49919 0.90564 0.48545 0.88877 0.47890 0.87060 0.48009 0.85520 0.49134 0.84268 0.49806 0.84128 0.51285 0.83303 0.52484 0.82600 0.53611 0.81819 0.55254 0.81240 0.56710 0.81072 0.58595
2 0.44198 0.51555 0.44488 0.53008 0.44767 0.54213 0.45473 0.54991 0.47009 0.56125 0.48223 0.56563 0.49333 0.57170 0.50657 0.57287 0.52272 0.57153 0.53143 0.56598 0.54797 0.55554 0.55435 0.54238 0.55902 0.52149 0.56075 0.49912 0.56028 0.48315 0.55726 0.46412 0.55100 0.44567 0.54516 0.42964 0.53650 0.41462 0.53359 0.40761 0.51299 0.39318 0.49740 0.39192 0.48443 0.39420 0.47085 0.40061 0.45908 0.40971 0.45357 0.41821 0.44834 0.43217 0.44205 0.44582 0.43907 0.46490 0.43791 0.48868 0.44198 0.51555
4 0.71009 0.44370 0.71330 0.46570 0.71701 0.49815 0.71612 0.52338 0.72569 0.53975 0.74008 0.55879 0.75035 0.57152 0.76310 0.58131 0.77650 0.58145 0.78612 0.57725 0.80065 0.56867 0.80713 0.56753 0.81240 0.56710 0.81819 0.55254 0.82600 0.53611 0.83303 0.52484 0.84128 0.51285 0.84287 0.50103 0.84334 0.49042 0.84150 0.47620 0.83755 0.45382 0.82568 0.43385 0.81746 0.42326 0.80436 0.41152 0.79331 0.40194 0.78130 0.40205 0.76505 0.40090 0.75492 0.40219 0.73615 0.40951 0.72360 0.42175 0.71327 0.43711 0.71009 0.44370
4 1.00000 0.68990 0.99856 0.68826 0.99306 0.68170 0.98543 0.68204 0.97797 0.68336 0.96930 0.68539 0.95701 0.68956 0.93945 0.69617 0.92511 0.70773 0.90954 0.71800 0.90149 0.72543 0.89481 0.73112 0.88598 0.74171 0.87827 0.75109 0.86573 0.76334 0.85778 0.77326 0.85269 0.78420 0.85086 0.79655 0.85326 0.81017 0.85853 0.82680 0.86131 0.83684 0.86794 0.85172 0.87389 0.86271 0.88221 0.87579 0.89229 0.88555 0.90809 0.89932 0.91901 0.90441 0.93065 0.90788 0.93752 0.89563 0.94642 0.88353 0.95507 0.87197 0.96760 0.85772 0.97315 0.85123 0.98189 0.84016 0.99145 0.82995 1.00000 0.82105 1.00000 0.68990
4 0.25436 0.75688 0.24269 0.75894 0.23141 0.75942 0.22299 0.76091 0.21811 0.76929 0.21462 0.77793 0.21206 0.78992 0.21029 0.80076 0.21133 0.81613 0.21260 0.83848 0.21410 0.86028 0.21661 0.87639 0.22060 0.89525 0.22582 0.91540 0.23149 0.93045 0.23827 0.94429 0.24682 0.95482 0.25785 0.96241 0.27020 0.96425 0.28101 0.96485 0.29046 0.95967 0.30810 0.94602 0.32381 0.93272 0.33706 0.91685 0.34747 0.90197 0.35468 0.89167 0.36346 0.88460 0.37224 0.87754 0.37834 0.87044 0.38423 0.86590 0.39122 0.85814 0.39200 0.85500 0.38925 0.83943 0.38697 0.83030 0.37960 0.81505 0.36734 0.80617 0.35334 0.79310 0.34403 0.78772 0.32866 0.79343 0.31205 0.79587 0.30001 0.79397 0.29021 0.78768 0.28072 0.77932 0.26960 0.77125 0.26145 0.75914 0.25436 0.75688
1 0.51354 0.48417 0.51440 0.47943 0.51258 0.47468 0.51075 0.47115 0.50916 0.46922 0.50564 0.46878 0.50291 0.46934 0.49988 0.47102 0.49609 0.47496 0.49547 0.47884 0.49629 0.48410 0.49753 0.48838 0.50015 0.49332 0.50272 0.49582 0.50580 0.49503 0.50858 0.49159 0.51136 0.48881 0.51354 0.48417
1 0.35475 0.73451 0.35418 0.73489 0.35389 0.73555 0.35419 0.73618 0.35464 0.73645 0.35515 0.73649 0.35567 0.73633 0.35570 0.73605 0.35547 0.73473 0.35475 0.73451
4 0.33311 0.49070 0.32824 0.49909 0.32081 0.51193 0.31764 0.52804 0.31410 0.54020 0.31155 0.55420 0.30932 0.56813 0.30917 0.58621 0.31529 0.59817 0.32109 0.61019 0.33110 0.62147 0.34285 0.62743 0.35187 0.62934 0.36710 0.63418 0.37862 0.63315 0.38814 0.63599 0.40149 0.63965 0.41584 0.63762 0.42555 0.63391 0.43303 0.62707 0.44244 0.61788 0.44596 0.60372 0.44555 0.58624 0.44190 0.56933 0.43590 0.55875 0.42906 0.54842 0.42507 0.53909 0.42362 0.53082 0.42323 0.51534 0.42016 0.51046 0.41251 0.49175 0.40467 0.47758 0.39466 0.46631 0.38803 0.46096 0.37779 0.45975 0.36597 0.46284 0.35488 0.46630 0.34601 0.47288 0.33993 0.48198 0.33311 0.49070
