1 0.34184 0.68355 0.34245 0.68387 0.34315 0.68374 0.34363 0.68309 0.34350 0.68218 0.34263 0.68263 0.34219 0.68263 0.34167 0.68302 0.34184 0.68355
4 0.26155 0.52707 0.25200 0.53645 0.24476 0.54584 0.23686 0.55967 0.23094 0.57547 0.22633 0.59375 0.22370 0.60857 0.22238 0.62734 0.22106 0.64611 0.22007 0.66537 0.21974 0.68957 0.22007 0.71378 0.22600 0.72712 0.23554 0.73700 0.24344 0.74688 0.25200 0.75478 0.26353 0.75873 0.28031 0.75922 0.29644 0.75626 0.30599 0.74935 0.31554 0.74045 0.32969 0.73700 0.34022 0.72564 0.34911 0.71032 0.35405 0.69748 0.36096 0.67427 0.35767 0.65203 0.35273 0.63425 0.34878 0.61795 0.34582 0.60906 0.33166 0.60165 0.32311 0.59820 0.31257 0.59029 0.30467 0.57745 0.30105 0.56461 0.29710 0.55176 0.29611 0.54139 0.28821 0.53695 0.28163 0.53151 0.27142 0.52707 0.26155 0.52707
4 0.64689 0.38323 0.62681 0.38175 0.61660 0.38125 0.60377 0.38619 0.59422 0.39311 0.58500 0.40052 0.57710 0.41534 0.57216 0.43065 0.57019 0.44201 0.57118 0.45979 0.57118 0.47955 0.56920 0.49782 0.56986 0.50919 0.57282 0.53734 0.57809 0.55167 0.59356 0.56797 0.60344 0.58081 0.61199 0.59217 0.63043 0.59662 0.65314 0.59662 0.67388 0.58921 0.69594 0.57142 0.70877 0.56055 0.71404 0.53586 0.71602 0.50326 0.71668 0.48103 0.71009 0.45189 0.69824 0.43065 0.68343 0.40645 0.66993 0.39015 0.65940 0.38521 0.64689 0.38323
1 0.52565 0.51102 0.52408 0.51542 0.52235 0.51790 0.52505 0.51768 0.52798 0.51621 0.53212 0.51271 0.53265 0.50594 0.53257 0.50267 0.53242 0.49850 0.53144 0.49432 0.52896 0.49252 0.52731 0.49432 0.52633 0.49286 0.52611 0.49037 0.52611 0.48958 0.52483 0.48744 0.52347 0.48710 0.52468 0.49421 0.52558 0.50085 0.52573 0.50752 0.52565 0.51102
4 0.52707 0.38274 0.51554 0.37977 0.50600 0.38076 0.49612 0.38323 0.48065 0.38718 0.46946 0.39262 0.46387 0.39706 0.45662 0.40447 0.45103 0.41336 0.44411 0.42324 0.43819 0.43608 0.43358 0.44645 0.42798 0.45979 0.42634 0.47016 0.42370 0.48597 0.42173 0.50178 0.41942 0.51709 0.41942 0.52549 0.42173 0.53536 0.42667 0.54673 0.43588 0.55907 0.44839 0.56550 0.45958 0.57192 0.46847 0.57685 0.47769 0.58328 0.48855 0.58871 0.50172 0.59069 0.52344 0.58921 0.53233 0.58279 0.54550 0.57241 0.55472 0.55216 0.56196 0.54179 0.56525 0.52648 0.56262 0.51363 0.56295 0.50276 0.56690 0.49289 0.56854 0.48103 0.56920 0.46769 0.56887 0.45930 0.56492 0.43855 0.55867 0.41632 0.55241 0.40496 0.54089 0.39311 0.53200 0.38619 0.52707 0.38274
4 0.83781 0.55760 0.83386 0.57192 0.82366 0.58229 0.81477 0.59217 0.80423 0.60699 0.79601 0.62033 0.79107 0.63860 0.78942 0.65095 0.78778 0.66577 0.78745 0.68306 0.78745 0.70232 0.79008 0.71714 0.79535 0.73492 0.80457 0.74924 0.81115 0.75863 0.82498 0.76604 0.83814 0.77543 0.84933 0.77987 0.85987 0.78086 0.87929 0.77444 0.89344 0.76801 0.90529 0.76357 0.91188 0.75616 0.91550 0.74381 0.91912 0.72801 0.91945 0.71121 0.91813 0.69195 0.92011 0.66873 0.92241 0.65688 0.92406 0.64502 0.92439 0.62922 0.92241 0.61687 0.92011 0.59958 0.91715 0.58575 0.91254 0.57192 0.90200 0.55611 0.88653 0.54673 0.86843 0.54475 0.85131 0.55315 0.83781 0.55760
2 0.47538 0.40398 0.46847 0.41139 0.46090 0.42423 0.45234 0.43658 0.44609 0.45485 0.44082 0.47807 0.44016 0.50523 0.44049 0.52005 0.44115 0.53240 0.44675 0.54130 0.45991 0.55512 0.47111 0.56155 0.48098 0.56945 0.49382 0.57290 0.50995 0.57439 0.51950 0.57044 0.53760 0.56302 0.54616 0.55117 0.55439 0.53141 0.55999 0.50968 0.56229 0.49387 0.56262 0.47461 0.55966 0.45535 0.55669 0.43855 0.55077 0.42225 0.54912 0.41484 0.53135 0.39706 0.51620 0.39311 0.50303 0.39311 0.48855 0.39706 0.47538 0.40398
4 0.79403 0.45238 0.77823 0.44843 0.76803 0.44794 0.74827 0.45189 0.73379 0.46177 0.72095 0.47510 0.71668 0.48103 0.71602 0.50326 0.71404 0.53586 0.70877 0.56055 0.71536 0.57834 0.72622 0.59958 0.73412 0.61391 0.74499 0.62576 0.75815 0.62823 0.76836 0.62576 0.78415 0.61983 0.79074 0.61983 0.79601 0.62033 0.80423 0.60699 0.81477 0.59217 0.82366 0.58229 0.83386 0.57192 0.83748 0.56055 0.83979 0.55018 0.84045 0.53586 0.84045 0.51314 0.83222 0.49140 0.82596 0.47955 0.81510 0.46572 0.80588 0.45436 0.79403 0.45238
4 0.86546 0.78580 0.85625 0.79173 0.84868 0.79617 0.83814 0.80507 0.82892 0.81297 0.81444 0.82285 0.80490 0.83124 0.79798 0.84112 0.79403 0.85298 0.79403 0.86681 0.79633 0.88410 0.79732 0.89447 0.80127 0.91027 0.80523 0.92213 0.81115 0.93645 0.81938 0.94781 0.83255 0.96411 0.84242 0.97103 0.85328 0.97646 0.86217 0.96560 0.87303 0.95522 0.88357 0.94534 0.89838 0.93349 0.90497 0.92806 0.91550 0.91867 0.92669 0.91027 0.93887 0.90138 0.95401 0.89793 0.96521 0.89249 0.97376 0.88854 0.97508 0.87471 0.97541 0.85792 0.97706 0.84507 0.97772 0.83322 0.97673 0.82334 0.97179 0.80605 0.96817 0.79617 0.96521 0.78333 0.95829 0.77197 0.95401 0.76456 0.94644 0.76357 0.93887 0.76357 0.92998 0.76406 0.91715 0.76604 0.89871 0.76950 0.88258 0.77839 0.86546 0.78580
4 0.26353 0.75873 0.25200 0.75478 0.24344 0.74688 0.23554 0.73700 0.22600 0.72712 0.22007 0.71378 0.21349 0.71032 0.20164 0.71032 0.19045 0.70884 0.18189 0.70884 0.17563 0.71625 0.17070 0.72415 0.16609 0.73552 0.16247 0.74589 0.16082 0.76120 0.15819 0.78343 0.15588 0.80516 0.15555 0.82146 0.15621 0.84072 0.15786 0.86148 0.16082 0.87728 0.16510 0.89210 0.17168 0.90395 0.18123 0.91333 0.19308 0.91729 0.20362 0.91976 0.21382 0.91630 0.23357 0.90593 0.25135 0.89555 0.26715 0.88222 0.27998 0.86938 0.28887 0.86048 0.29875 0.85505 0.30862 0.84962 0.31586 0.84369 0.32245 0.84023 0.33068 0.83381 0.33199 0.83085 0.33199 0.81504 0.33133 0.80565 0.32673 0.78935 0.31619 0.77849 0.30467 0.76318 0.29644 0.75626 0.28031 0.75922 0.26353 0.75873
1 0.49959 0.48813 0.50131 0.49345 0.50340 0.49635 0.50657 0.49611 0.50991 0.49321 0.51313 0.49095 0.51608 0.48676 0.51775 0.48224 0.51678 0.47725 0.51560 0.47345 0.51437 0.47128 0.51098 0.47023 0.50819 0.47031 0.50491 0.47144 0.50050 0.47466 0.49921 0.47837 0.49910 0.48369 0.49959 0.48813
1 0.31539 0.70727 0.31579 0.70761 0.31628 0.70774 0.31682 0.70768 0.31691 0.70741 0.31691 0.70607 0.31624 0.70573 0.31561 0.70600 0.31521 0.70660 0.31539 0.70727
4 0.39651 0.44211 0.38664 0.43915 0.37446 0.44013 0.36294 0.44162 0.35306 0.44656 0.34549 0.45446 0.33726 0.46187 0.33101 0.46928 0.32146 0.48064 0.31554 0.49595 0.30994 0.50731 0.30500 0.52065 0.30039 0.53398 0.29710 0.55176 0.30105 0.56461 0.30467 0.57745 0.31257 0.59029 0.32311 0.59820 0.33166 0.60165 0.34582 0.60906 0.35734 0.61005 0.36623 0.61450 0.37874 0.62043 0.39322 0.62092 0.40343 0.61894 0.41198 0.61351 0.42285 0.60610 0.42878 0.59276 0.43141 0.57547 0.43075 0.55819 0.42667 0.54673 0.42173 0.53536 0.41942 0.52549 0.41942 0.51709 0.42173 0.50178 0.41956 0.49644 0.41528 0.47669 0.41001 0.46137 0.40211 0.44853 0.39651 0.44211
