1 0.92558 0.77236 0.92322 0.77274 0.92355 0.77547 0.92437 0.77743 0.92711 0.77846 0.92890 0.77903 0.92927 0.77681 0.92726 0.77419 0.92558 0.77236
1 0.38897 0.98377 0.38961 0.98778 0.38955 0.98991 0.39062 0.99021 0.39098 0.98651 0.39130 0.98258 0.39153 0.97960 0.39076 0.97773 0.38945 0.97641 0.38897 0.98377
1 0.30257 0.94413 0.30234 0.94552 0.30260 0.94718 0.30368 0.94849 0.30462 0.94800 0.30487 0.94717 0.30483 0.94456 0.30303 0.94394 0.30257 0.94413
1 0.94379 0.77027 0.94290 0.77280 0.94394 0.77411 0.94485 0.77366 0.94459 0.77207 0.94379 0.77027
1 0.27499 0.93690 0.27908 0.93597 0.28227 0.93490 0.28341 0.93466 0.28511 0.93371 0.28693 0.93376 0.28807 0.93285 0.28869 0.93150 0.28877 0.93013 0.28770 0.93075 0.28502 0.93123 0.28148 0.93157 0.27731 0.93223 0.27439 0.93263 0.27240 0.93249 0.27122 0.93166 0.27004 0.93117 0.26867 0.93065 0.26664 0.93165 0.26534 0.93322 0.26267 0.93472 0.26082 0.93597 0.26021 0.93856 0.26206 0.93974 0.26435 0.93984 0.26616 0.93841 0.26948 0.93721 0.27231 0.93693 0.27499 0.93690
1 0.29885 0.89633 0.29920 0.89740 0.29955 0.89762 0.30014 0.89731 0.30056 0.89656 0.30047 0.89601 0.30019 0.89513 0.29993 0.89452 0.29920 0.89516 0.29885 0.89633
1 0.32423 0.90695 0.32389 0.90806 0.32472 0.90902 0.32574 0.90917 0.32619 0.90863 0.32666 0.90781 0.32659 0.90710 0.32627 0.90595 0.32513 0.90625 0.32423 0.90695
1 0.34722 0.76895 0.34750 0.76793 0.34735 0.76725 0.34671 0.76731 0.34556 0.76775 0.34480 0.76847 0.34396 0.76987 0.34345 0.77137 0.34365 0.77283 0.34463 0.77409 0.34567 0.77396 0.34620 0.77291 0.34635 0.77132 0.34671 0.77000 0.34722 0.76895
1 0.30549 0.77565 0.30414 0.77575 0.30324 0.77601 0.30316 0.77721 0.30421 0.77775 0.30545 0.77801 0.30625 0.77777 0.30690 0.77748 0.30634 0.77630 0.30549 0.77565
1 0.31968 0.77419 0.31926 0.77466 0.31928 0.77559 0.31994 0.77616 0.32060 0.77606 0.32091 0.77571 0.32086 0.77490 0.32053 0.77457 0.31968 0.77419
1 0.31412 0.61317 0.31519 0.61347 0.31602 0.61361 0.31630 0.61276 0.31522 0.61213 0.31391 0.61115 0.31291 0.61047 0.31178 0.60972 0.31078 0.60922 0.31075 0.60979 0.31137 0.61093 0.31216 0.61186 0.31304 0.61250 0.31412 0.61317
1 0.32327 0.77537 0.32291 0.77606 0.32337 0.77692 0.32420 0.77671 0.32559 0.77668 0.32654 0.77672 0.32642 0.77562 0.32549 0.77528 0.32327 0.77537
4 1.00000 0.51683 0.99880 0.51232 0.99717 0.49674 0.98631 0.46679 0.98060 0.45352 0.97502 0.44107 0.97183 0.43324 0.96559 0.41840 0.95850 0.40868 0.95378 0.40526 0.94187 0.39673 0.93169 0.39209 0.92475 0.38860 0.91724 0.38854 0.91041 0.38754 0.90173 0.39058 0.89594 0.39442 0.89283 0.40283 0.89187 0.41257 0.89107 0.41978 0.88865 0.43433 0.88318 0.44187 0.87801 0.45310 0.87406 0.46498 0.87102 0.47213 0.86852 0.48086 0.86722 0.49024 0.86994 0.51439 0.87642 0.53254 0.87939 0.54249 0.88799 0.55821 0.89644 0.56771 0.90538 0.57504 0.91401 0.57868 0.92340 0.58178 0.93517 0.58241 0.94438 0.58095 0.95726 0.57808 0.96689 0.57572 0.97697 0.57621 0.98035 0.57651 0.98558 0.57443 0.99009 0.56955 0.99581 0.55655 0.99999 0.54964 1.00000 0.54960 1.00000 0.51683
4 1.00000 0.75643 0.99853 0.75600 0.99390 0.75507 0.96494 0.74405 0.94672 0.73253 0.94209 0.73118 0.93036 0.72554 0.91842 0.72035 0.91012 0.71708 0.89838 0.72185 0.88987 0.72778 0.88352 0.73504 0.87628 0.74369 0.87095 0.74870 0.86569 0.75579 0.86118 0.76942 0.85968 0.77924 0.86127 0.79983 0.86509 0.81339 0.86905 0.82610 0.87423 0.83778 0.87849 0.84711 0.88780 0.86731 0.89247 0.87574 0.90243 0.88250 0.91079 0.88617 0.92025 0.88801 0.92821 0.89091 0.93955 0.89412 0.94745 0.89662 0.95876 0.89608 0.97050 0.89130 0.98217 0.88779 0.99074 0.88226 0.99979 0.87624 1.00000 0.87605 1.00000 0.75643
4 0.38559 0.49109 0.38745 0.50288 0.39101 0.51482 0.39461 0.52175 0.40081 0.53285 0.41174 0.54571 0.41840 0.55090 0.42458 0.55659 0.43590 0.55438 0.45055 0.55040 0.46518 0.54808 0.48030 0.53651 0.48713 0.52876 0.49445 0.51885 0.49806 0.50828 0.50105 0.49739 0.50387 0.48361 0.50334 0.46619 0.50063 0.45786 0.49073 0.44276 0.47574 0.42179 0.46447 0.41025 0.44822 0.40240 0.44003 0.40328 0.42878 0.41298 0.42205 0.42488 0.41134 0.43617 0.40150 0.45648 0.39330 0.46611 0.38664 0.47842 0.38559 0.49109
4 0.78262 0.32443 0.77680 0.33160 0.77140 0.33954 0.76938 0.34612 0.76877 0.35455 0.77088 0.36963 0.76959 0.37900 0.76978 0.38898 0.76398 0.40323 0.76567 0.41213 0.77348 0.42465 0.77985 0.44031 0.79095 0.45773 0.80147 0.46981 0.81218 0.47603 0.82478 0.47487 0.83780 0.47114 0.84783 0.46955 0.85676 0.46980 0.86661 0.46533 0.87801 0.45310 0.88318 0.44187 0.88865 0.43433 0.89107 0.41978 0.89187 0.41257 0.88861 0.39725 0.88551 0.38815 0.87855 0.37758 0.86569 0.36128 0.85471 0.34635 0.84411 0.33553 0.83861 0.32890 0.83006 0.32400 0.81967 0.31981 0.80866 0.31697 0.80400 0.31562 0.79662 0.31638 0.78835 0.31852 0.78262 0.32443
4 0.31958 0.30433 0.31252 0.30712 0.30418 0.31761 0.30183 0.32381 0.29904 0.32551 0.29219 0.32784 0.28756 0.33191 0.28461 0.33613 0.27941 0.34362 0.27759 0.35141 0.27691 0.35943 0.27737 0.36936 0.27671 0.38447 0.27966 0.39609 0.28101 0.40463 0.28521 0.40480 0.29289 0.40066 0.30532 0.39494 0.30882 0.38897 0.32028 0.38591 0.32929 0.38490 0.34385 0.38384 0.35247 0.38039 0.36793 0.37628 0.37750 0.37351 0.38564 0.37055 0.39069 0.36559 0.39363 0.36137 0.39700 0.35458 0.39947 0.35086 0.40335 0.34733 0.40431 0.33759 0.40426 0.33551 0.40239 0.32372 0.39230 0.31615 0.38504 0.31063 0.38045 0.30094 0.37682 0.29735 0.36865 0.29489 0.36054 0.29451 0.34861 0.29640 0.33609 0.29630 0.32734 0.29894 0.31958 0.30433
4 1.00000 0.87605 0.99979 0.87624 0.99074 0.88226 0.98217 0.88779 0.97050 0.89130 0.95876 0.89608 0.94745 0.89662 0.94640 0.90334 0.93683 0.90746 0.93195 0.91316 0.93156 0.92537 0.93067 0.93680 1.00000 0.92653 1.00000 0.87605
4 0.51360 0.28369 0.49929 0.29679 0.49433 0.30758 0.48685 0.32002 0.47715 0.33947 0.47230 0.35441 0.46948 0.36819 0.46842 0.38961 0.47202 0.40530 0.47381 0.41835 0.47574 0.42179 0.49073 0.44276 0.50063 0.45786 0.50801 0.45711 0.51911 0.45702 0.53142 0.45757 0.54360 0.45731 0.55458 0.45640 0.56325 0.45503 0.57173 0.45244 0.58087 0.44349 0.58783 0.42780 0.59145 0.41556 0.59371 0.39477 0.59361 0.38187 0.59986 0.37046 0.60663 0.36231 0.60365 0.35403 0.60158 0.34269 0.60205 0.33511 0.60457 0.32471 0.60687 0.31643 0.60937 0.30769 0.60641 0.29775 0.59846 0.28442 0.58983 0.27203 0.57961 0.26365 0.56817 0.25629 0.55357 0.25360 0.54477 0.25416 0.53626 0.26009 0.52317 0.27217 0.51360 0.28369
4 1.00000 0.57787 0.99338 0.57751 0.99009 0.56955 0.98558 0.57443 0.98035 0.57651 0.97697 0.57621 0.96689 0.57572 0.95726 0.57808 0.94438 0.58095 0.93517 0.58241 0.92340 0.58178 0.91502 0.59052 0.91262 0.59810 0.90795 0.60904 0.90570 0.62260 0.90473 0.63416 0.90708 0.66920 0.91347 0.68679 0.91775 0.69871 0.92989 0.71720 0.94672 0.73253 0.96494 0.74405 0.99390 0.75507 1.00000 0.75611 1.00000 0.57787
4 0.28432 0.47795 0.27253 0.48774 0.26484 0.50230 0.26096 0.52166 0.25916 0.54362 0.25893 0.56324 0.26326 0.58881 0.26703 0.60739 0.27580 0.62767 0.28972 0.63838 0.30059 0.65083 0.31144 0.65620 0.32916 0.65756 0.34058 0.65950 0.35330 0.66790 0.36427 0.66700 0.38065 0.66691 0.39434 0.66390 0.40632 0.65534 0.41968 0.64322 0.42822 0.62520 0.43230 0.61413 0.43308 0.59275 0.42974 0.57161 0.42458 0.55659 0.41840 0.55090 0.41174 0.54571 0.40081 0.53285 0.39461 0.52175 0.38680 0.51632 0.37435 0.51662 0.36265 0.51639 0.35947 0.51565 0.34992 0.49923 0.34261 0.49164 0.33088 0.48600 0.32012 0.47770 0.31099 0.46915 0.30122 0.47236 0.28432 0.47795
4 0.60687 0.31643 0.60457 0.32471 0.60205 0.33511 0.60158 0.34269 0.60365 0.35403 0.60663 0.36231 0.61556 0.38006 0.62017 0.38642 0.63462 0.39872 0.64560 0.40489 0.65485 0.41593 0.66293 0.43007 0.67035 0.44182 0.67795 0.44770 0.68490 0.44951 0.69752 0.44501 0.70946 0.44146 0.72293 0.42474 0.73061 0.42060 0.74190 0.42173 0.75189 0.41640 0.75756 0.41008 0.76398 0.40323 0.76978 0.38898 0.76959 0.37900 0.77088 0.36963 0.76877 0.35455 0.76561 0.34338 0.76098 0.32994 0.75726 0.32220 0.75015 0.31415 0.74235 0.30705 0.72997 0.29901 0.71792 0.29134 0.71056 0.28875 0.70193 0.28512 0.68878 0.27928 0.67061 0.27508 0.65390 0.27480 0.64131 0.27430 0.62611 0.28004 0.61853 0.28832 0.61165 0.30275 0.60937 0.30769 0.60687 0.31643
1 0.91804 0.83370 0.91692 0.83766 0.91921 0.84039 0.92155 0.84149 0.92299 0.84080 0.92394 0.83516 0.92331 0.83379 0.92243 0.83308 0.92101 0.83160 0.91804 0.83370
1 0.90709 0.76113 0.90837 0.76370 0.91110 0.76689 0.91433 0.76777 0.91443 0.76608 0.91144 0.76396 0.90881 0.76224 0.90709 0.76113
1 0.94693 0.79816 0.94357 0.79311 0.94233 0.79908 0.94168 0.81034 0.93975 0.82085 0.94052 0.82977 0.94057 0.83899 0.93959 0.84415 0.93470 0.85051 0.93221 0.85667 0.93141 0.85969 0.93094 0.86727 0.93125 0.87164 0.93340 0.87227 0.93792 0.86597 0.94309 0.85976 0.94514 0.85732 0.94762 0.86078 0.95460 0.86679 0.96019 0.87052 0.96091 0.86695 0.95464 0.86140 0.94883 0.85308 0.94555 0.84129 0.94532 0.83170 0.94865 0.81713 0.94716 0.80524 0.94693 0.79816
4 0.40321 1.00000 0.40839 0.99113 0.41444 0.97667 0.41902 0.96144 0.42409 0.94714 0.42480 0.93052 0.42236 0.91090 0.41815 0.89907 0.41028 0.88731 0.40158 0.87869 0.39042 0.87345 0.37908 0.86925 0.36510 0.86096 0.34228 0.85157 0.32789 0.84285 0.31230 0.83282 0.29225 0.82199 0.28048 0.81085 0.27221 0.80916 0.25802 0.81640 0.24221 0.82391 0.23426 0.83267 0.22468 0.85219 0.22093 0.87479 0.21930 0.89606 0.21930 0.91506 0.21668 0.94898 0.21763 0.97184 0.22231 0.99510 0.22418 1.00000 0.40321 1.00000
4 0.26257 0.71849 0.26495 0.74228 0.26458 0.76276 0.26923 0.78161 0.27615 0.79719 0.28747 0.81082 0.29827 0.82286 0.30750 0.82848 0.32760 0.83613 0.34190 0.84220 0.35809 0.84797 0.37594 0.85015 0.39090 0.84986 0.40989 0.83644 0.42137 0.81420 0.42653 0.79588 0.42808 0.77938 0.42513 0.75901 0.41925 0.74118 0.41001 0.72140 0.39371 0.70272 0.37646 0.68503 0.35951 0.67271 0.34495 0.66502 0.33136 0.66342 0.31088 0.66041 0.30074 0.65952 0.28914 0.66344 0.27552 0.67393 0.26733 0.68190 0.26339 0.70086 0.26257 0.71849
