4 0.66709 0.54000 0.66981 0.54545 0.67375 0.55214 0.67855 0.56135 0.68753 0.56166 0.69216 0.56595 0.70372 0.55881 0.71147 0.55001 0.70629 0.54064 0.69892 0.53419 0.69051 0.53274 0.67873 0.53141 0.67150 0.52552 0.66769 0.52292 0.66547 0.52572 0.65970 0.52503 0.66252 0.52988 0.66709 0.54000
4 0.52274 0.57148 0.51737 0.57196 0.51339 0.57196 0.50852 0.56991 0.50681 0.56877 0.50389 0.56808 0.50133 0.56730 0.49496 0.56718 0.49409 0.57052 0.49357 0.57709 0.49493 0.57782 0.49665 0.58248 0.49805 0.58746 0.49945 0.59244 0.50019 0.59699 0.50024 0.60100 0.50059 0.60589 0.50068 0.60658 0.54348 0.59955 0.54289 0.59643 0.54145 0.59026 0.53743 0.58060 0.53475 0.57403 0.53571 0.56881 0.53090 0.57001 0.52717 0.57066 0.52274 0.57148
2 0.59332 0.49855 0.58550 0.49589 0.57877 0.49808 0.57111 0.50016 0.56353 0.50444 0.56029 0.50968 0.55923 0.51591 0.55459 0.52099 0.55257 0.52610 0.55280 0.53115 0.55200 0.53875 0.55642 0.54433 0.55985 0.55200 0.56032 0.54581 0.56294 0.53851 0.56756 0.52969 0.57250 0.52488 0.57814 0.52381 0.58326 0.52611 0.58291 0.53200 0.58704 0.53489 0.58897 0.53168 0.59054 0.52703 0.59611 0.52751 0.60410 0.52945 0.61310 0.52908 0.61715 0.52755 0.61524 0.52497 0.61403 0.52087 0.61242 0.51630 0.61291 0.51220 0.61299 0.51061 0.60999 0.50291 0.60645 0.50380 0.60155 0.50417 0.59332 0.49855
4 0.33909 0.55461 0.34371 0.56524 0.34892 0.57750 0.35409 0.58799 0.35926 0.59613 0.36453 0.60542 0.36993 0.61291 0.37325 0.61680 0.38167 0.61824 0.38698 0.61750 0.38929 0.61810 0.39587 0.60350 0.40114 0.59394 0.40740 0.57411 0.39906 0.56824 0.38601 0.55765 0.37915 0.54904 0.37081 0.54081 0.36078 0.53447 0.35457 0.53161 0.34437 0.53326 0.33980 0.53853 0.33730 0.54505 0.33909 0.55461
4 0.63065 0.56118 0.63316 0.56942 0.63503 0.57919 0.64103 0.57956 0.64474 0.57847 0.65189 0.57754 0.65636 0.57677 0.66289 0.57514 0.67282 0.57164 0.67774 0.57041 0.68205 0.56900 0.67855 0.56135 0.67375 0.55214 0.66981 0.54545 0.66709 0.54000 0.66252 0.52988 0.65887 0.52346 0.65758 0.52054 0.65589 0.52062 0.65391 0.52316 0.65181 0.52658 0.65045 0.52846 0.64783 0.53252 0.64518 0.53420 0.64210 0.53463 0.63879 0.53409 0.63542 0.53016 0.63200 0.52692 0.62656 0.51651 0.62489 0.51846 0.62414 0.52138 0.62391 0.52502 0.62453 0.52980 0.62456 0.53491 0.62388 0.54088 0.62400 0.54272 0.62483 0.54422 0.62785 0.55268 0.63065 0.56118
4 0.66698 0.51769 0.67397 0.52430 0.68530 0.53051 0.69256 0.52955 0.69898 0.52113 0.69957 0.49797 0.70076 0.48267 0.69976 0.46587 0.69971 0.45429 0.69617 0.44102 0.69132 0.43388 0.68313 0.43796 0.67411 0.44737 0.66499 0.45954 0.66066 0.47136 0.65656 0.48363 0.65740 0.48837 0.65841 0.49562 0.66018 0.50319 0.66146 0.51242 0.66698 0.51769
4 0.42304 0.57463 0.41964 0.57754 0.41585 0.57731 0.41213 0.57499 0.40994 0.58011 0.40861 0.58364 0.40674 0.58849 0.40644 0.59650 0.40576 0.60105 0.40554 0.60584 0.40520 0.61208 0.40539 0.61949 0.41296 0.62009 0.42176 0.62026 0.43089 0.61952 0.43845 0.61882 0.44424 0.61797 0.44916 0.61745 0.45440 0.61662 0.45153 0.60574 0.45097 0.60031 0.44955 0.59747 0.44719 0.59403 0.44500 0.59126 0.44271 0.58745 0.44057 0.58455 0.43704 0.58351 0.43208 0.58092 0.42910 0.57607 0.42614 0.57445 0.42304 0.57463
4 0.46902 0.54069 0.46732 0.54750 0.46580 0.55357 0.46602 0.55749 0.46775 0.56331 0.46876 0.56547 0.47112 0.56275 0.47243 0.56498 0.47476 0.56596 0.47624 0.56432 0.48071 0.56363 0.48300 0.56519 0.48687 0.56820 0.49081 0.56878 0.49402 0.56798 0.49627 0.56714 0.50133 0.56730 0.50389 0.56808 0.50681 0.56877 0.50852 0.56991 0.51339 0.57196 0.51737 0.57196 0.52274 0.57148 0.52717 0.57066 0.53090 0.57001 0.53571 0.56881 0.53685 0.56427 0.53708 0.56137 0.53632 0.55871 0.53580 0.55473 0.53468 0.54946 0.53410 0.54449 0.53281 0.54084 0.53243 0.53780 0.53373 0.53350 0.53207 0.53065 0.52948 0.52632 0.52395 0.52202 0.52016 0.52012 0.51321 0.51731 0.50437 0.51568 0.49681 0.51458 0.48941 0.51415 0.48362 0.51602 0.47933 0.52007 0.47744 0.52580 0.47478 0.53186 0.47133 0.53628 0.46902 0.54069
2 0.37624 0.56036 0.37352 0.55548 0.37099 0.55481 0.36440 0.54674 0.36114 0.54791 0.36175 0.55131 0.36551 0.55818 0.36977 0.56162 0.37338 0.56250 0.37624 0.56036
4 0.61544 0.50155 0.61628 0.50629 0.61873 0.50790 0.62293 0.51196 0.62497 0.51469 0.62656 0.51651 0.63200 0.52692 0.63542 0.53016 0.63879 0.53409 0.64210 0.53463 0.64518 0.53420 0.64783 0.53252 0.65045 0.52846 0.65181 0.52658 0.65391 0.52316 0.65589 0.52062 0.65758 0.52054 0.65909 0.51795 0.66146 0.51242 0.66018 0.50319 0.65841 0.49562 0.65740 0.48837 0.65582 0.48023 0.65382 0.47357 0.65207 0.46702 0.64911 0.46060 0.64543 0.45452 0.64089 0.45361 0.63759 0.45818 0.63451 0.46543 0.63272 0.47372 0.63127 0.48022 0.62971 0.48402 0.62652 0.48993 0.62411 0.49393 0.61983 0.49773 0.61705 0.49979 0.61544 0.50155
2 0.38998 0.57020 0.38873 0.56613 0.38485 0.56733 0.38055 0.56722 0.37842 0.57355 0.38011 0.58095 0.38291 0.58711 0.38684 0.59146 0.38896 0.58987 0.38885 0.58433 0.39118 0.58103 0.39081 0.57544 0.38998 0.57020
4 0.62056 0.53847 0.61918 0.54075 0.61679 0.54448 0.61160 0.54833 0.60739 0.55122 0.60018 0.55458 0.58977 0.55803 0.58047 0.55950 0.58236 0.56443 0.58528 0.57194 0.59193 0.58277 0.60076 0.58262 0.60999 0.58134 0.62022 0.58135 0.63109 0.57983 0.63503 0.57919 0.63316 0.56942 0.63065 0.56118 0.62785 0.55268 0.62483 0.54422 0.62056 0.53847
2 0.64637 0.49405 0.65216 0.49105 0.65632 0.48987 0.65496 0.48140 0.65383 0.47912 0.65061 0.47382 0.64865 0.46976 0.64728 0.46882 0.64446 0.46967 0.64168 0.47448 0.64045 0.47791 0.63602 0.47987 0.63438 0.48014 0.63160 0.48267 0.63091 0.48711 0.62796 0.49126 0.62487 0.49558 0.62255 0.49843 0.61926 0.50081 0.61544 0.50155 0.61628 0.50629 0.61873 0.50790 0.62293 0.51196 0.62497 0.51469 0.62656 0.51651 0.62803 0.51738 0.63150 0.51950 0.63510 0.51874 0.63541 0.51199 0.63652 0.50773 0.64207 0.50720 0.64521 0.50457 0.64278 0.50091 0.64189 0.49887 0.64180 0.49548 0.64637 0.49405
4 0.49357 0.57709 0.49110 0.57605 0.48758 0.57397 0.48370 0.57233 0.48168 0.57153 0.47797 0.56962 0.47437 0.56909 0.46932 0.56976 0.46583 0.57063 0.46129 0.57141 0.45790 0.57272 0.45575 0.57421 0.45339 0.57740 0.45126 0.58184 0.44987 0.58420 0.44896 0.58656 0.44975 0.59003 0.45062 0.59574 0.45097 0.60031 0.45153 0.60574 0.45440 0.61662 0.50068 0.60658 0.50059 0.60589 0.50024 0.60100 0.50019 0.59699 0.49945 0.59244 0.49805 0.58746 0.49665 0.58248 0.49493 0.57782 0.49357 0.57709
4 0.58463 0.58759 0.58951 0.58438 0.58528 0.57194 0.58236 0.56443 0.58047 0.55950 0.57514 0.56054 0.57033 0.55833 0.56393 0.55396 0.55985 0.55200 0.55824 0.55353 0.54784 0.55627 0.54500 0.55897 0.54385 0.56081 0.54038 0.56282 0.53885 0.56618 0.53841 0.57013 0.53994 0.57855 0.54342 0.59061 0.54649 0.59837 0.55916 0.59635 0.57575 0.59108 0.58463 0.58759
4 0.41048 0.56834 0.41213 0.57499 0.41585 0.57731 0.41964 0.57754 0.42304 0.57463 0.42614 0.57445 0.42910 0.57607 0.43208 0.58092 0.43704 0.58351 0.44185 0.58467 0.44444 0.58403 0.44687 0.58195 0.45029 0.57992 0.45059 0.57719 0.45249 0.57377 0.45540 0.57363 0.45760 0.56985 0.45282 0.56249 0.44328 0.55338 0.43425 0.54473 0.42561 0.53923 0.42156 0.53876 0.41551 0.54204 0.41345 0.54403 0.41125 0.55253 0.41064 0.56270 0.41048 0.56834
4 0.56393 0.55396 0.57033 0.55833 0.57514 0.56054 0.58047 0.55950 0.58977 0.55803 0.60018 0.55458 0.60739 0.55122 0.61160 0.54833 0.61679 0.54448 0.61918 0.54075 0.62052 0.53701 0.62161 0.53418 0.61823 0.52934 0.61524 0.52497 0.61403 0.52087 0.61242 0.51630 0.61291 0.51220 0.61299 0.51061 0.61652 0.50862 0.61545 0.50479 0.61438 0.49960 0.60980 0.49307 0.60496 0.48780 0.59855 0.48258 0.59443 0.47883 0.58562 0.47813 0.57633 0.48010 0.56698 0.48363 0.56133 0.48879 0.55895 0.49109 0.55529 0.49685 0.55168 0.50362 0.55215 0.51087 0.55055 0.51627 0.55009 0.52213 0.54979 0.52879 0.55005 0.53398 0.55200 0.53875 0.55642 0.54433 0.55985 0.55200 0.56393 0.55396
1 0.62858 0.50260 0.62983 0.50402 0.63131 0.50403 0.63289 0.50162 0.63297 0.50064 0.63240 0.49967 0.63115 0.49864 0.63011 0.49895 0.62928 0.50002 0.62858 0.50260
