4 0.34378 0.58855 0.35196 0.58624 0.36057 0.58572 0.36845 0.58717 0.36813 0.57465 0.36576 0.56358 0.36382 0.55604 0.35966 0.55441 0.35399 0.54877 0.35036 0.53683 0.34755 0.53054 0.34190 0.52143 0.33084 0.50810 0.32594 0.50187 0.32294 0.49695 0.31396 0.49672 0.30305 0.49554 0.28627 0.49664 0.27657 0.50152 0.29000 0.52592 0.28870 0.53682 0.28793 0.55542 0.29302 0.57345 0.29883 0.59124 0.31333 0.61787 0.32555 0.62132 0.33254 0.60776 0.33901 0.59620 0.34378 0.58855
4 0.74371 0.39797 0.74005 0.40207 0.73316 0.41005 0.72854 0.41691 0.72428 0.42526 0.72067 0.43456 0.71780 0.44398 0.71588 0.45496 0.71435 0.46716 0.71472 0.47414 0.71636 0.47755 0.71824 0.48330 0.71855 0.48795 0.71832 0.49918 0.71797 0.50577 0.71917 0.51778 0.72280 0.52204 0.72701 0.52638 0.72934 0.52646 0.73395 0.52109 0.74054 0.51528 0.74599 0.51413 0.75342 0.51373 0.76025 0.51420 0.76720 0.51614 0.77330 0.52061 0.78019 0.52182 0.78606 0.52000 0.78970 0.52147 0.79301 0.51545 0.79519 0.50681 0.79679 0.49405 0.79764 0.48522 0.79898 0.47847 0.80010 0.46911 0.80306 0.46173 0.80563 0.45718 0.80903 0.45074 0.81146 0.44443 0.81259 0.43911 0.81464 0.42728 0.81571 0.41963 0.81699 0.41606 0.81844 0.40847 0.81980 0.39740 0.82009 0.38850 0.81770 0.37950 0.81000 0.37813 0.80164 0.38013 0.79271 0.38205 0.78456 0.38523 0.77880 0.38240 0.77276 0.38155 0.76622 0.38295 0.75474 0.38653 0.74881 0.39175 0.74371 0.39797
4 0.42730 0.63404 0.42474 0.63228 0.42141 0.63121 0.41714 0.63121 0.41342 0.63390 0.40998 0.63842 0.40751 0.64550 0.40649 0.64996 0.40538 0.65782 0.40496 0.66458 0.40535 0.67325 0.40545 0.68109 0.40780 0.68623 0.40895 0.69140 0.40776 0.69985 0.40783 0.70788 0.40862 0.71842 0.41062 0.72511 0.41592 0.73307 0.42315 0.73770 0.43311 0.74391 0.44240 0.75003 0.44699 0.75067 0.45279 0.75028 0.45807 0.74601 0.46352 0.73956 0.46758 0.72971 0.47265 0.71358 0.47404 0.70175 0.47668 0.68869 0.47941 0.67785 0.48069 0.66780 0.48021 0.66072 0.47867 0.65550 0.47603 0.65151 0.46944 0.64798 0.46272 0.64443 0.45400 0.64180 0.44554 0.64021 0.43721 0.63864 0.43150 0.63644 0.42730 0.63404
4 0.33901 0.59620 0.33254 0.60776 0.32555 0.62132 0.32359 0.63310 0.32390 0.64236 0.32470 0.65470 0.33440 0.66749 0.34381 0.67944 0.35527 0.69107 0.36620 0.69982 0.37209 0.70165 0.37885 0.70301 0.38333 0.69963 0.38983 0.69332 0.39742 0.68878 0.40255 0.68649 0.40545 0.68109 0.40535 0.67325 0.40496 0.66458 0.40538 0.65782 0.40649 0.64996 0.40751 0.64550 0.39702 0.63841 0.38958 0.63235 0.38740 0.62884 0.38384 0.61711 0.38215 0.61106 0.38113 0.60690 0.37890 0.59998 0.37539 0.59447 0.37245 0.59165 0.36845 0.58717 0.36057 0.58572 0.35196 0.58624 0.34378 0.58855 0.33901 0.59620
4 0.56284 0.70040 0.56232 0.71356 0.56354 0.72395 0.56328 0.73715 0.56499 0.75262 0.57079 0.75885 0.58201 0.76082 0.59148 0.75995 0.59981 0.75872 0.60772 0.75381 0.61359 0.74722 0.61780 0.73819 0.62148 0.72909 0.62404 0.71561 0.62584 0.70284 0.62733 0.69222 0.62850 0.68196 0.62998 0.67335 0.63073 0.66804 0.62965 0.66048 0.62383 0.65725 0.61695 0.65769 0.61204 0.66121 0.60776 0.66221 0.60191 0.66199 0.59127 0.65969 0.58148 0.65711 0.57559 0.65528 0.57025 0.65433 0.56684 0.66047 0.56480 0.66740 0.56381 0.67828 0.56314 0.69062 0.56284 0.70040
4 0.28627 0.49664 0.30305 0.49554 0.31396 0.49672 0.32294 0.49695 0.32594 0.50187 0.32650 0.49294 0.32890 0.48739 0.33075 0.48246 0.33070 0.46964 0.32931 0.45489 0.32859 0.44855 0.32585 0.43847 0.32498 0.42657 0.32430 0.41331 0.32318 0.40484 0.32213 0.39915 0.31952 0.39151 0.31735 0.38393 0.31500 0.37598 0.31141 0.37028 0.30484 0.36451 0.29902 0.35988 0.29071 0.35490 0.27728 0.35682 0.26941 0.35364 0.26332 0.34932 0.25944 0.34739 0.25340 0.34931 0.25618 0.37222 0.25915 0.39549 0.26240 0.42159 0.26427 0.44610 0.27200 0.48147 0.27346 0.49900 0.28627 0.49664
4 0.71362 0.53796 0.70895 0.54380 0.70518 0.55121 0.70240 0.55611 0.69988 0.56153 0.69724 0.56886 0.69537 0.57533 0.69448 0.58170 0.69416 0.58622 0.69312 0.59137 0.69388 0.59508 0.69639 0.60121 0.70142 0.60649 0.70895 0.60995 0.71446 0.60952 0.72529 0.60551 0.73234 0.61011 0.74053 0.61800 0.74796 0.62217 0.75920 0.62784 0.76728 0.62849 0.77554 0.62677 0.78158 0.60548 0.78548 0.59256 0.79000 0.58093 0.79424 0.56902 0.79678 0.56240 0.79793 0.55534 0.79895 0.54466 0.79841 0.53593 0.79701 0.52995 0.79367 0.52516 0.78970 0.52147 0.78606 0.52000 0.78019 0.52182 0.77330 0.52061 0.76720 0.51614 0.76025 0.51420 0.75342 0.51373 0.74599 0.51413 0.74054 0.51528 0.73395 0.52109 0.72934 0.52646 0.72395 0.52835 0.71822 0.53259 0.71362 0.53796
1 0.29190 0.46156 0.28708 0.46477 0.28545 0.46940 0.29091 0.46750 0.29560 0.46864 0.29686 0.47125 0.30080 0.47326 0.30385 0.46883 0.30071 0.46693 0.29635 0.46460 0.29190 0.46156
1 0.27121 0.42758 0.26881 0.42666 0.26788 0.42916 0.26950 0.43143 0.27259 0.43303 0.27121 0.42758
1 0.27172 0.41619 0.27082 0.41452 0.26909 0.41287 0.26779 0.41606 0.26871 0.41886 0.27031 0.41881 0.27172 0.41619
4 0.63703 0.65156 0.63507 0.65634 0.63346 0.66670 0.63323 0.67629 0.63320 0.68566 0.63340 0.69339 0.63460 0.70655 0.63742 0.72065 0.64176 0.73088 0.64616 0.73608 0.65054 0.74030 0.65597 0.74275 0.66138 0.74303 0.66828 0.74183 0.67296 0.73936 0.67597 0.73738 0.67829 0.73337 0.68156 0.72156 0.68281 0.71380 0.68398 0.70771 0.68577 0.69498 0.68780 0.68516 0.68792 0.67627 0.68983 0.66957 0.69204 0.65496 0.69350 0.64001 0.69396 0.63214 0.69016 0.62728 0.68333 0.62680 0.67707 0.63025 0.66854 0.63843 0.65668 0.64181 0.64808 0.64253 0.64205 0.64553 0.63703 0.65156
1 0.77634 0.43925 0.77778 0.43916 0.77940 0.43646 0.77672 0.43559 0.77425 0.43417 0.77242 0.43372 0.77090 0.43341 0.76984 0.43453 0.77001 0.43563 0.77179 0.43636 0.77361 0.43730 0.77482 0.43845 0.77634 0.43925
4 0.48408 0.67690 0.48269 0.68873 0.48114 0.69974 0.48086 0.70932 0.48321 0.72308 0.48538 0.73522 0.49009 0.74730 0.49836 0.75789 0.51118 0.75989 0.51938 0.76044 0.52697 0.76071 0.53394 0.75768 0.54040 0.74495 0.54633 0.73416 0.55014 0.71465 0.55201 0.70329 0.55514 0.69050 0.55883 0.68039 0.56194 0.66780 0.56236 0.66385 0.56003 0.65570 0.55556 0.65327 0.55286 0.65349 0.54306 0.65572 0.53274 0.65588 0.52485 0.65497 0.51783 0.65358 0.51062 0.65257 0.50409 0.65245 0.49652 0.65399 0.49200 0.65576 0.48763 0.66116 0.48530 0.66825 0.48408 0.67690
4 0.69694 0.62919 0.69396 0.63214 0.69350 0.64001 0.69204 0.65496 0.68983 0.66957 0.69122 0.68131 0.69340 0.68979 0.69777 0.69522 0.70292 0.70196 0.70550 0.70978 0.71007 0.71042 0.71728 0.70470 0.72463 0.70260 0.73480 0.69417 0.74437 0.68541 0.74779 0.67819 0.74970 0.67028 0.74904 0.65672 0.74765 0.64378 0.74482 0.63087 0.74342 0.62370 0.73869 0.61630 0.73371 0.61175 0.72729 0.60724 0.72213 0.60627 0.71550 0.60895 0.71061 0.61524 0.70452 0.62208 0.69694 0.62919
