1 0.24555 0.59626 0.24704 0.59802 0.24801 0.59603 0.24870 0.59351 0.24856 0.59083 0.24782 0.58492 0.24437 0.58606 0.24317 0.59092 0.24555 0.59626
4 0.88749 0.72642 0.87974 0.75173 0.86970 0.76868 0.85983 0.77515 0.84443 0.77052 0.83500 0.76090 0.81533 0.75705 0.80514 0.74464 0.79212 0.77423 0.78776 0.79039 0.78715 0.81627 0.78872 0.84491 0.79123 0.86654 0.79951 0.89156 0.80857 0.92077 0.81312 0.93677 0.82724 0.94911 0.84608 0.94668 0.86973 0.93368 0.88120 0.91740 0.88964 0.91097 0.91055 0.90431 0.92360 0.89639 0.93440 0.90319 0.94659 0.90717 0.95736 0.89160 0.96245 0.87683 0.96567 0.85720 0.96596 0.83272 0.96769 0.80962 0.97370 0.78645 0.97626 0.76962 0.97638 0.73606 0.97660 0.70739 0.97736 0.68990 0.97729 0.66543 0.97891 0.63603 0.97028 0.61101 0.96352 0.59086 0.95550 0.58051 0.93985 0.58218 0.93230 0.59909 0.91805 0.61962 0.90516 0.63662 0.89784 0.64584 0.89209 0.66342 0.89123 0.69560 0.88749 0.72642
3 0.35446 0.49293 0.35619 0.48800 0.35366 0.42080 0.34677 0.40311 0.33776 0.36853 0.33284 0.34635 0.32707 0.34111 0.31479 0.39164 0.30478 0.46841 0.30383 0.50450 0.30751 0.53383 0.31162 0.54801 0.31565 0.54482 0.32495 0.53130 0.34088 0.52122 0.34810 0.50551 0.35446 0.49293
4 0.50912 0.37316 0.51455 0.39018 0.52169 0.41724 0.53209 0.45431 0.54079 0.48235 0.54938 0.50435 0.56075 0.50918 0.58199 0.52089 0.59797 0.52464 0.61535 0.52132 0.62660 0.51911 0.63706 0.50311 0.64316 0.47081 0.64382 0.44733 0.64653 0.42614 0.65221 0.39885 0.65759 0.38366 0.66247 0.36948 0.66370 0.35134 0.66420 0.32112 0.66125 0.29902 0.65728 0.27795 0.65414 0.24478 0.65528 0.22161 0.65344 0.20452 0.64589 0.18351 0.63903 0.17256 0.62958 0.16064 0.60371 0.14800 0.58425 0.15036 0.56944 0.15464 0.54510 0.17117 0.53345 0.17943 0.52251 0.19976 0.51451 0.24118 0.51166 0.28352 0.50718 0.32084 0.50567 0.35208 0.50912 0.37316
4 1.00000 0.77573 0.99179 0.78193 0.98036 0.80031 0.96769 0.80962 0.96596 0.83272 0.96567 0.85720 0.96245 0.87683 0.95736 0.89160 0.94659 0.90717 0.93440 0.90319 0.92360 0.89639 0.91055 0.90431 0.88964 0.91097 0.88120 0.91740 0.86973 0.93368 0.84608 0.94668 0.82724 0.94911 0.81312 0.93677 0.82173 0.98067 0.82408 0.99442 0.87436 0.99354 1.00000 0.99087 1.00000 0.77573
4 0.18367 1.00000 0.18737 0.98890 0.19192 0.95559 0.20069 0.92926 0.20227 0.90205 0.19210 0.90726 0.17606 0.89949 0.15793 0.88974 0.14746 0.87784 0.12799 0.84999 0.11010 0.85433 0.08446 0.85478 0.06284 0.85113 0.05609 0.81701 0.04892 0.75874 0.04637 0.73060 0.03394 0.72377 0.01754 0.72506 0.00377 0.72033 0.00517 0.80080 0.00932 0.95979 0.01923 0.96868 0.04688 0.96517 0.06370 0.95884 0.07873 0.96764 0.09505 0.99152 0.09923 1.00000 0.18367 1.00000
4 0.34347 0.34887 0.34421 0.39114 0.34799 0.40215 0.35330 0.41212 0.35519 0.43223 0.35667 0.45838 0.35750 0.47649 0.35725 0.49159 0.36319 0.50860 0.36961 0.52360 0.38003 0.53247 0.39600 0.53623 0.41606 0.53890 0.43973 0.54251 0.46284 0.54412 0.47303 0.53991 0.48459 0.52562 0.49111 0.51745 0.49398 0.50532 0.49918 0.48006 0.50325 0.44878 0.50435 0.42358 0.50323 0.38837 0.50213 0.35516 0.50063 0.32800 0.49809 0.29986 0.49438 0.26368 0.48828 0.23761 0.48116 0.21156 0.47210 0.19258 0.46199 0.17162 0.44163 0.15184 0.42058 0.15120 0.39764 0.15965 0.38495 0.16793 0.36933 0.18431 0.36139 0.19955 0.35771 0.22378 0.35397 0.24499 0.35132 0.26920 0.34933 0.30246 0.34577 0.33373 0.34347 0.34887
4 0.76000 0.56714 0.75783 0.60633 0.75155 0.63441 0.74324 0.64854 0.74795 0.67293 0.75988 0.68321 0.77436 0.69623 0.78447 0.70375 0.79372 0.72316 0.80514 0.74464 0.81533 0.75705 0.83500 0.76090 0.84443 0.77052 0.85983 0.77515 0.86970 0.76868 0.87974 0.75173 0.88749 0.72642 0.89123 0.69560 0.89209 0.66342 0.89083 0.63198 0.89157 0.61309 0.89183 0.56694 0.89147 0.54597 0.88770 0.51387 0.88708 0.47823 0.87485 0.43090 0.86465 0.41849 0.85516 0.40537 0.84021 0.40633 0.81919 0.42698 0.80559 0.44399 0.79350 0.46588 0.78564 0.48489 0.77468 0.51025 0.76887 0.52434 0.76236 0.53913 0.76000 0.56714
4 0.04259 0.57260 0.03735 0.59585 0.03703 0.63612 0.03946 0.65823 0.04463 0.68935 0.04561 0.71652 0.04637 0.73060 0.04892 0.75874 0.05609 0.81701 0.06284 0.85113 0.08446 0.85478 0.11010 0.85433 0.12799 0.84999 0.14746 0.87784 0.15793 0.88974 0.17606 0.89949 0.19210 0.90726 0.20227 0.90205 0.20928 0.89186 0.21574 0.87967 0.22057 0.86247 0.22483 0.84226 0.23002 0.81599 0.23372 0.79277 0.23437 0.77162 0.23438 0.74242 0.23369 0.73236 0.22166 0.71948 0.20755 0.70463 0.19943 0.70980 0.18726 0.71807 0.17707 0.72228 0.16787 0.72445 0.15864 0.72461 0.15188 0.71970 0.14562 0.71376 0.13528 0.67971 0.12879 0.66070 0.12214 0.63262 0.11765 0.61055 0.11277 0.59554 0.09461 0.58377 0.07701 0.57502 0.06350 0.56518 0.05518 0.55929 0.05005 0.55938 0.04259 0.57260
4 0.23514 0.31552 0.23241 0.33571 0.22818 0.35793 0.22701 0.37909 0.22718 0.38916 0.22655 0.41132 0.22568 0.42040 0.22548 0.43852 0.22281 0.46172 0.22072 0.48895 0.22294 0.52817 0.22580 0.54524 0.22771 0.56635 0.23353 0.57631 0.23772 0.58127 0.24496 0.58417 0.26142 0.58690 0.26913 0.58777 0.27936 0.58558 0.29153 0.57731 0.31171 0.55783 0.31814 0.54362 0.32873 0.53337 0.34186 0.52106 0.34878 0.50584 0.35375 0.49669 0.35725 0.49159 0.35750 0.47649 0.35667 0.45838 0.35519 0.43223 0.35330 0.41212 0.34799 0.40215 0.34421 0.39114 0.34038 0.34792 0.32627 0.30386 0.31033 0.27293 0.30252 0.26602 0.29420 0.26012 0.27926 0.25636 0.26654 0.26262 0.25646 0.27287 0.24540 0.28615 0.23949 0.30035 0.23514 0.31552
4 0.12223 0.46147 0.11986 0.50178 0.11633 0.53507 0.11601 0.57534 0.11590 0.59850 0.11765 0.61055 0.12214 0.63262 0.12879 0.66070 0.13528 0.67971 0.14562 0.71376 0.15188 0.71970 0.15864 0.72461 0.16787 0.72445 0.17707 0.72228 0.18726 0.71807 0.19943 0.70980 0.20755 0.70463 0.21792 0.68129 0.22482 0.66506 0.23646 0.65580 0.24916 0.64853 0.25625 0.64337 0.26372 0.63015 0.26922 0.62200 0.27248 0.60281 0.26913 0.58777 0.26142 0.58690 0.24496 0.58417 0.23772 0.58127 0.23353 0.57631 0.22771 0.56635 0.22580 0.54524 0.22294 0.52817 0.22072 0.48895 0.22281 0.46172 0.21468 0.43670 0.20191 0.41074 0.19082 0.39281 0.17550 0.36791 0.16505 0.35702 0.14913 0.35629 0.13360 0.37770 0.12645 0.40904 0.12223 0.46147
4 0.64316 0.47081 0.63706 0.50311 0.64526 0.52649 0.65868 0.56052 0.66901 0.58061 0.68043 0.60209 0.69100 0.61589 0.70451 0.63453 0.71230 0.65187 0.72226 0.65100 0.73372 0.65430 0.74324 0.64854 0.75155 0.63441 0.75783 0.60633 0.76000 0.56714 0.76236 0.53913 0.76544 0.51181 0.76651 0.49152 0.76600 0.46216 0.76549 0.43280 0.76507 0.40904 0.76340 0.37411 0.75748 0.34136 0.74390 0.31852 0.73015 0.30688 0.71298 0.30298 0.69576 0.31656 0.68335 0.34055 0.66789 0.37368 0.65759 0.38366 0.65221 0.39885 0.64653 0.42614 0.64382 0.44733 0.64316 0.47081
1 0.89057 0.88086 0.89343 0.87959 0.89132 0.86466 0.88899 0.84933 0.88670 0.83642 0.88418 0.83404 0.87915 0.82927 0.87482 0.82894 0.87511 0.83419 0.87776 0.84426 0.88253 0.84540 0.88572 0.86314 0.88681 0.87809 0.89057 0.88086
1 0.32532 0.43962 0.32567 0.45113 0.32755 0.46065 0.33257 0.46056 0.33563 0.45573 0.33645 0.44532 0.33214 0.42770 0.32875 0.43057 0.32532 0.43962
1 0.14474 0.71474 0.14398 0.71490 0.14386 0.71655 0.14494 0.71790 0.14569 0.71875 0.14735 0.71901 0.14706 0.71721 0.14608 0.71565 0.14474 0.71474
