4 0.14138 0.60255 0.14138 0.62017 0.14200 0.64012 0.14324 0.65867 0.14551 0.67908 0.14654 0.69903 0.14798 0.71108 0.15210 0.72964 0.15520 0.74634 0.16180 0.74402 0.16819 0.72778 0.17602 0.70784 0.18221 0.68465 0.19066 0.67166 0.19664 0.64661 0.20489 0.63872 0.20818 0.62388 0.21375 0.60255 0.21540 0.58306 0.21870 0.56080 0.22159 0.54364 0.22860 0.50143 0.22365 0.49725 0.22076 0.49447 0.21180 0.50221 0.20760 0.50833 0.19819 0.51445 0.19028 0.52336 0.17914 0.52503 0.17123 0.52280 0.16355 0.51946 0.15737 0.51223 0.15357 0.50236 0.15128 0.51534 0.14901 0.53158 0.14633 0.55060 0.14427 0.57286 0.14138 0.60255
4 0.90369 0.64585 0.90128 0.62691 0.89991 0.60874 0.89785 0.59173 0.89595 0.57511 0.89355 0.56274 0.89149 0.54998 0.88937 0.53882 0.88607 0.53789 0.88195 0.53325 0.87288 0.52258 0.86793 0.51423 0.85845 0.50217 0.85350 0.49521 0.84954 0.50242 0.85434 0.50785 0.85743 0.52084 0.86053 0.54171 0.86053 0.55563 0.86053 0.57928 0.86094 0.60804 0.86094 0.63216 0.86032 0.64793 0.86156 0.66463 0.86424 0.67994 0.86836 0.69246 0.87475 0.70870 0.88217 0.72400 0.88960 0.73931 0.89290 0.74905 0.89661 0.73560 0.89908 0.72632 0.90053 0.71426 0.90162 0.69648 0.90248 0.67832 0.90369 0.67406 0.90369 0.66170 0.90369 0.64585
4 0.41913 0.17826 0.40181 0.18105 0.38524 0.19162 0.37633 0.20164 0.36841 0.21611 0.36148 0.24339 0.35654 0.26398 0.35258 0.28457 0.34961 0.30517 0.34318 0.36250 0.34021 0.38922 0.33947 0.42373 0.34243 0.44933 0.34367 0.46770 0.35134 0.48829 0.36074 0.49609 0.37534 0.50499 0.39711 0.51167 0.41864 0.51334 0.43323 0.51390 0.44610 0.51501 0.46268 0.51557 0.47678 0.51557 0.48346 0.51278 0.48692 0.50555 0.48965 0.49497 0.49088 0.47772 0.49262 0.43709 0.49311 0.41093 0.49311 0.39367 0.49262 0.37252 0.49138 0.34357 0.49063 0.32521 0.48915 0.30962 0.48470 0.29403 0.47851 0.27288 0.46589 0.23448 0.45847 0.21723 0.44387 0.19663 0.43472 0.18717 0.41913 0.17826
4 0.75982 0.43486 0.75858 0.45211 0.75611 0.47215 0.75339 0.48273 0.75017 0.48996 0.74522 0.49609 0.73904 0.49998 0.73434 0.50332 0.72518 0.50833 0.71355 0.50945 0.70019 0.50444 0.68461 0.49219 0.67644 0.48790 0.67743 0.50794 0.67644 0.53299 0.67644 0.56360 0.67347 0.58531 0.67397 0.60869 0.67768 0.63819 0.68139 0.66602 0.68683 0.69274 0.69302 0.70609 0.70143 0.72168 0.71083 0.73281 0.72073 0.74172 0.73260 0.74728 0.74127 0.74450 0.75017 0.73726 0.75512 0.72001 0.75784 0.69775 0.76106 0.66991 0.76427 0.65266 0.76700 0.63262 0.76997 0.60591 0.77187 0.59972 0.77352 0.57699 0.77620 0.55565 0.77703 0.54127 0.77847 0.52597 0.77909 0.51391 0.77806 0.49860 0.77703 0.48793 0.77590 0.48067 0.77318 0.46953 0.77145 0.46301 0.76581 0.45366 0.75982 0.43486
4 0.21870 0.56080 0.21540 0.58306 0.21375 0.60255 0.21210 0.62759 0.21045 0.66424 0.20963 0.69300 0.20901 0.71758 0.21066 0.73845 0.21643 0.75051 0.22550 0.75144 0.23272 0.75005 0.24097 0.74448 0.24674 0.73660 0.25416 0.72129 0.25911 0.70969 0.26488 0.69670 0.27169 0.68325 0.27643 0.67259 0.28468 0.65774 0.28963 0.64522 0.29457 0.63362 0.29663 0.62574 0.30117 0.60811 0.30406 0.59559 0.30633 0.57379 0.30509 0.54828 0.29746 0.52045 0.29334 0.50560 0.29048 0.50276 0.28182 0.50221 0.26871 0.49609 0.25807 0.48941 0.24619 0.47716 0.23976 0.47048 0.23251 0.48055 0.22860 0.50143 0.22592 0.51766 0.22282 0.53482 0.21870 0.56080
4 0.95677 0.42531 0.95430 0.45147 0.95133 0.47597 0.94935 0.50157 0.94865 0.50623 0.95226 0.51009 0.95604 0.51435 0.96050 0.51667 0.96428 0.51473 0.96772 0.51009 0.97305 0.50468 0.97752 0.49966 0.97992 0.49231 0.98215 0.48381 0.98490 0.46680 0.98679 0.45289 0.98903 0.43356 0.99092 0.41771 0.99177 0.40998 0.99315 0.39877 0.99435 0.38756 0.99659 0.37674 0.99745 0.36051 0.99865 0.34582 0.99865 0.33229 0.99538 0.32765 0.99092 0.32920 0.98559 0.33577 0.97940 0.34388 0.97150 0.35664 0.96394 0.36747 0.96123 0.37355 0.95875 0.39693 0.95677 0.42531
4 0.48199 0.60672 0.48962 0.63130 0.49353 0.65913 0.49704 0.67166 0.50302 0.68047 0.51415 0.68140 0.52487 0.67444 0.53312 0.66006 0.53848 0.63965 0.54178 0.61136 0.54508 0.59559 0.55126 0.57935 0.55436 0.56637 0.55889 0.55338 0.56219 0.54225 0.56405 0.53111 0.56560 0.51612 0.53220 0.51724 0.50622 0.51445 0.49360 0.49887 0.49088 0.47772 0.48965 0.49497 0.48692 0.50555 0.48346 0.51278 0.47678 0.51557 0.47353 0.51534 0.47271 0.53622 0.47333 0.55802 0.47539 0.57889 0.48199 0.60672
4 0.03605 0.29595 0.03316 0.29038 0.03337 0.31775 0.03357 0.33537 0.03398 0.35764 0.03935 0.38361 0.04265 0.40680 0.04842 0.42721 0.05316 0.44159 0.05646 0.44531 0.05790 0.44716 0.06058 0.45875 0.06429 0.47035 0.06759 0.47870 0.07295 0.48844 0.07852 0.49725 0.08367 0.50375 0.08058 0.48148 0.07584 0.44994 0.07357 0.42025 0.07048 0.37898 0.06986 0.34744 0.06161 0.33630 0.05027 0.31868 0.04574 0.31033 0.03605 0.29595
4 0.07376 0.62481 0.07479 0.65032 0.07747 0.68372 0.08468 0.68001 0.09355 0.67120 0.10345 0.66053 0.11046 0.64151 0.11190 0.61739 0.11355 0.59976 0.11273 0.58585 0.10963 0.57240 0.10819 0.55663 0.10530 0.54549 0.10140 0.54503 0.09440 0.53204 0.08945 0.51952 0.08448 0.50746 0.08118 0.53158 0.07644 0.56729 0.07314 0.59559 0.07376 0.62481
4 0.67768 0.24895 0.66778 0.27567 0.65888 0.29292 0.64948 0.31352 0.64329 0.33578 0.64626 0.35805 0.64453 0.37196 0.64354 0.38977 0.64354 0.41426 0.64378 0.44376 0.64403 0.45601 0.65145 0.47549 0.66085 0.48161 0.67397 0.48495 0.68461 0.49219 0.70019 0.50444 0.71355 0.50945 0.72518 0.50833 0.73434 0.50332 0.73904 0.49998 0.74522 0.49609 0.75017 0.48996 0.75339 0.48273 0.75611 0.47215 0.75858 0.45211 0.75982 0.43486 0.76081 0.41426 0.76155 0.39088 0.76180 0.36807 0.76007 0.34970 0.75685 0.31964 0.75487 0.30294 0.75289 0.28457 0.75190 0.27122 0.74844 0.25285 0.74497 0.23726 0.73706 0.22056 0.72518 0.21110 0.70861 0.21277 0.69673 0.22168 0.68609 0.23337 0.67768 0.24895
4 0.56016 0.16713 0.54828 0.17826 0.53567 0.20498 0.52032 0.23559 0.50894 0.27177 0.50202 0.29849 0.49830 0.32521 0.49633 0.35359 0.49410 0.37697 0.49311 0.39367 0.49311 0.41093 0.49262 0.43709 0.49088 0.47772 0.49360 0.49887 0.50622 0.51445 0.53220 0.51724 0.56560 0.51612 0.59208 0.52002 0.61187 0.51668 0.62523 0.51056 0.63463 0.50499 0.64205 0.48495 0.64205 0.46547 0.64378 0.44376 0.64354 0.41426 0.64354 0.38977 0.64453 0.37196 0.64378 0.35137 0.64255 0.32855 0.63933 0.30517 0.63785 0.29125 0.63562 0.27010 0.63141 0.24617 0.62275 0.22112 0.60890 0.18216 0.59900 0.17270 0.58589 0.16880 0.57327 0.16713 0.56016 0.16713
4 0.10264 0.29595 0.09770 0.28528 0.09687 0.28667 0.09337 0.30012 0.09275 0.31079 0.09027 0.32610 0.08842 0.33398 0.09130 0.35949 0.09151 0.38407 0.09481 0.41052 0.09770 0.44113 0.10264 0.46850 0.10553 0.49308 0.11584 0.53390 0.12243 0.53482 0.13192 0.53297 0.13728 0.52091 0.14718 0.51813 0.15233 0.50931 0.15357 0.50236 0.14780 0.48566 0.14058 0.46293 0.13460 0.44067 0.13068 0.42814 0.12635 0.40913 0.12512 0.39289 0.12635 0.37202 0.12738 0.34929 0.12099 0.33862 0.11419 0.32424 0.10594 0.30569 0.10264 0.29595
4 0.89170 0.39021 0.88754 0.40958 0.87804 0.43963 0.87062 0.46234 0.86141 0.48038 0.85350 0.49521 0.85845 0.50217 0.86793 0.51423 0.87288 0.52258 0.88195 0.53325 0.88607 0.53789 0.88937 0.53882 0.89185 0.53603 0.89597 0.52861 0.90010 0.51562 0.90401 0.49800 0.90731 0.48037 0.91082 0.46414 0.91494 0.44651 0.91927 0.42610 0.92154 0.40152 0.92566 0.38528 0.92649 0.36998 0.92566 0.34725 0.92710 0.33287 0.92339 0.30736 0.92380 0.29066 0.92257 0.27814 0.91577 0.27072 0.90319 0.27443 0.89247 0.28370 0.88875 0.29111 0.88665 0.29870 0.89051 0.32542 0.89199 0.34946 0.89407 0.37351 0.89170 0.39021
4 0.07192 0.33073 0.06986 0.34744 0.07048 0.37898 0.07357 0.42025 0.07584 0.44994 0.08058 0.48148 0.08367 0.50375 0.08945 0.51952 0.09440 0.53204 0.10140 0.54503 0.10965 0.54735 0.11584 0.53390 0.10553 0.49308 0.10264 0.46850 0.09770 0.44113 0.09481 0.41052 0.09151 0.38407 0.09130 0.35949 0.08842 0.33398 0.08409 0.32934 0.07790 0.32238 0.07378 0.32238 0.07192 0.33073
4 0.80203 0.18248 0.78808 0.21521 0.78125 0.23859 0.77502 0.27265 0.76730 0.30204 0.76373 0.31941 0.75987 0.33878 0.76007 0.34970 0.76180 0.36807 0.76155 0.39088 0.76081 0.41426 0.75982 0.43486 0.76581 0.45366 0.77145 0.46301 0.77769 0.46368 0.79075 0.46835 0.80322 0.47770 0.80530 0.48305 0.81896 0.49908 0.83172 0.50709 0.84271 0.50910 0.84954 0.50242 0.86141 0.48038 0.87062 0.46234 0.87804 0.43963 0.88754 0.40958 0.89170 0.39021 0.89407 0.37351 0.89199 0.34946 0.89051 0.32542 0.88665 0.29870 0.88368 0.28267 0.88012 0.26397 0.87477 0.23725 0.86646 0.20586 0.86230 0.18114 0.85162 0.14374 0.83737 0.13840 0.82697 0.14174 0.81391 0.16044 0.80203 0.18248
4 0.92787 0.34915 0.92560 0.35147 0.92649 0.36998 0.92566 0.38528 0.92154 0.40152 0.91927 0.42610 0.91494 0.44651 0.91082 0.46414 0.90731 0.48037 0.90401 0.49800 0.90010 0.51562 0.89715 0.52550 0.90432 0.53218 0.91471 0.54443 0.92288 0.55333 0.93129 0.55333 0.93648 0.54387 0.94242 0.53274 0.94712 0.51493 0.94935 0.50157 0.95133 0.47597 0.95430 0.45147 0.95677 0.42531 0.95875 0.39693 0.96123 0.37355 0.95673 0.32364 0.95220 0.32364 0.94374 0.32827 0.93673 0.33895 0.92787 0.34915
4 0.20784 0.23670 0.20017 0.22001 0.19225 0.20721 0.18582 0.19830 0.17790 0.19107 0.16727 0.18995 0.16059 0.19107 0.15341 0.19552 0.14550 0.20776 0.14302 0.22891 0.14055 0.25118 0.13708 0.27957 0.13436 0.30072 0.13015 0.32131 0.12892 0.34024 0.12738 0.34929 0.12635 0.37202 0.12512 0.39289 0.12635 0.40913 0.13068 0.42814 0.13460 0.44067 0.14058 0.46293 0.14780 0.48566 0.15357 0.50236 0.15737 0.51223 0.16355 0.51946 0.17123 0.52280 0.17914 0.52503 0.19028 0.52336 0.19819 0.51445 0.20760 0.50833 0.21180 0.50221 0.22343 0.49163 0.22813 0.48440 0.23605 0.47493 0.23976 0.47048 0.23580 0.45267 0.23159 0.43653 0.22838 0.41594 0.22714 0.39534 0.22887 0.37196 0.23555 0.32632 0.22640 0.30406 0.22046 0.27845 0.21403 0.25563 0.20784 0.23670
4 0.11540 0.59373 0.11437 0.61971 0.11355 0.64661 0.11458 0.67027 0.11540 0.69670 0.11726 0.71387 0.12221 0.72222 0.13025 0.72685 0.13314 0.70969 0.13767 0.69021 0.14365 0.66795 0.14324 0.65867 0.15233 0.50931 0.14718 0.51813 0.13728 0.52091 0.13192 0.53297 0.12243 0.53482 0.11953 0.53575 0.11685 0.54781 0.11417 0.56358 0.11417 0.57842 0.11540 0.59373
4 0.39725 0.64336 0.40570 0.66470 0.41189 0.68511 0.42158 0.69207 0.43622 0.69763 0.44426 0.68697 0.45003 0.66887 0.45642 0.63130 0.46199 0.60394 0.46364 0.57611 0.46529 0.56126 0.46859 0.54410 0.47044 0.52323 0.47003 0.51488 0.46268 0.51557 0.44610 0.51501 0.43323 0.51390 0.41864 0.51334 0.39711 0.51167 0.37534 0.50499 0.37540 0.51256 0.37993 0.54828 0.38591 0.58167 0.39148 0.61414 0.39725 0.64336
4 0.95770 0.54267 0.95507 0.52630 0.95316 0.51234 0.95226 0.51009 0.94865 0.50623 0.94712 0.51493 0.94242 0.53274 0.93648 0.54387 0.93129 0.55333 0.92288 0.55333 0.91471 0.54443 0.90432 0.53218 0.89715 0.52550 0.89597 0.52861 0.89185 0.53603 0.88937 0.53882 0.89149 0.54998 0.89355 0.56274 0.89595 0.57511 0.89785 0.59173 0.89991 0.60874 0.90128 0.62691 0.90369 0.64585 0.90369 0.66170 0.90369 0.67406 0.90540 0.68025 0.91588 0.68450 0.92757 0.68991 0.93994 0.69146 0.94819 0.69223 0.95454 0.68952 0.96021 0.68179 0.96485 0.66942 0.96674 0.65706 0.96520 0.62845 0.96451 0.60449 0.96318 0.58535 0.96068 0.56871 0.95770 0.54267
4 0.30211 0.22947 0.28899 0.22502 0.27415 0.22669 0.26054 0.23726 0.25213 0.24617 0.24495 0.27066 0.24001 0.30183 0.23555 0.32632 0.22887 0.37196 0.22714 0.39534 0.22838 0.41594 0.23159 0.43653 0.23580 0.45267 0.23976 0.47048 0.24619 0.47716 0.25807 0.48941 0.26871 0.49609 0.28182 0.50221 0.29048 0.50276 0.30310 0.50276 0.31497 0.49887 0.32586 0.49108 0.33254 0.48607 0.33922 0.47660 0.34367 0.46770 0.34243 0.44933 0.33947 0.42373 0.34021 0.38922 0.34318 0.36250 0.34961 0.30517 0.33724 0.28235 0.32710 0.26231 0.31547 0.24394 0.30211 0.22947
4 0.30942 0.59930 0.31375 0.63316 0.31787 0.65589 0.32261 0.66609 0.33272 0.67305 0.34137 0.67815 0.34838 0.67259 0.35705 0.66192 0.35911 0.63316 0.36240 0.60069 0.36653 0.58631 0.36797 0.57100 0.37148 0.55384 0.37313 0.54457 0.37354 0.52277 0.37230 0.50375 0.36074 0.49609 0.35134 0.48829 0.34367 0.46770 0.33922 0.47660 0.33254 0.48607 0.32586 0.49108 0.31497 0.49887 0.30310 0.50276 0.29048 0.50276 0.29334 0.50560 0.29746 0.52045 0.30509 0.54828 0.30633 0.57379 0.30942 0.59930
4 0.79991 0.68321 0.80672 0.70594 0.81270 0.72264 0.82383 0.73980 0.83249 0.74444 0.83991 0.74768 0.84445 0.73841 0.84795 0.72588 0.85043 0.70826 0.85146 0.69573 0.85435 0.68089 0.85599 0.66697 0.85826 0.65492 0.86032 0.64793 0.86094 0.63216 0.86094 0.60804 0.86053 0.57928 0.86053 0.55563 0.86053 0.54171 0.85743 0.52084 0.85434 0.50785 0.84954 0.50242 0.84271 0.50910 0.83172 0.50709 0.81896 0.49908 0.80530 0.48305 0.80322 0.47770 0.79075 0.46835 0.78857 0.47634 0.78260 0.48098 0.77868 0.48608 0.77703 0.48793 0.77806 0.49860 0.77909 0.51391 0.77847 0.52597 0.77703 0.54127 0.77620 0.55565 0.77352 0.57699 0.77187 0.59972 0.77352 0.61502 0.77600 0.63219 0.78692 0.65631 0.79311 0.66976 0.79991 0.68321
4 0.57827 0.62945 0.58157 0.66192 0.58611 0.68186 0.59642 0.69392 0.60961 0.69810 0.62281 0.68650 0.63229 0.66795 0.64136 0.63919 0.64920 0.60857 0.65312 0.59234 0.65827 0.57982 0.66404 0.56451 0.66961 0.54920 0.67270 0.53019 0.67435 0.51303 0.67580 0.49725 0.67397 0.48495 0.66085 0.48161 0.65145 0.47549 0.64403 0.45601 0.64378 0.44376 0.64205 0.46547 0.64205 0.48495 0.63463 0.50499 0.62523 0.51056 0.61187 0.51668 0.59208 0.52002 0.56560 0.51612 0.56632 0.52555 0.56570 0.54967 0.56900 0.56776 0.57662 0.59002 0.57827 0.62945
