4 0.37746 0.63073 0.38727 0.63708 0.39679 0.64507 0.40697 0.64770 0.41437 0.65027 0.42509 0.65300 0.43738 0.65643 0.44559 0.65913 0.45483 0.66076 0.46345 0.66270 0.48010 0.66522 0.49316 0.66584 0.50205 0.66152 0.51384 0.65183 0.52504 0.63279 0.53373 0.61373 0.53692 0.59243 0.53815 0.57121 0.53468 0.54817 0.53187 0.52891 0.52757 0.51824 0.52408 0.51350 0.51835 0.50812 0.51028 0.50454 0.49821 0.49733 0.48871 0.49166 0.48206 0.48330 0.47883 0.47710 0.47840 0.47303 0.47464 0.46686 0.47290 0.46294 0.47178 0.46039 0.46932 0.45621 0.46586 0.45501 0.46250 0.45182 0.45526 0.44011 0.45131 0.43379 0.44740 0.43053 0.44159 0.42900 0.43259 0.42851 0.42820 0.42946 0.41539 0.43788 0.40447 0.44911 0.39474 0.46265 0.39316 0.46271 0.38723 0.46986 0.38145 0.48002 0.37226 0.50022 0.36890 0.51661 0.36799 0.52397 0.36715 0.54148 0.36656 0.55273 0.36533 0.56764 0.36402 0.58464 0.36390 0.59639 0.36404 0.60356 0.36621 0.61193 0.36881 0.61785 0.37424 0.62680 0.37746 0.63073
2 0.44359 0.49097 0.44266 0.49547 0.44191 0.49899 0.44085 0.50346 0.44048 0.50786 0.44040 0.51291 0.44107 0.52134 0.44210 0.53085 0.44370 0.53863 0.44568 0.54810 0.44662 0.55273 0.44840 0.55872 0.44899 0.56227 0.44869 0.56627 0.45017 0.56937 0.45481 0.57140 0.45861 0.56903 0.46902 0.56438 0.47704 0.55647 0.48393 0.55343 0.48897 0.55087 0.49026 0.54968 0.49346 0.54761 0.49695 0.54700 0.49970 0.54749 0.50180 0.54705 0.50582 0.54573 0.51007 0.54385 0.51323 0.54278 0.51668 0.54238 0.51829 0.54246 0.51943 0.54286 0.51952 0.54085 0.52061 0.53699 0.52184 0.53457 0.52472 0.53204 0.52641 0.53010 0.52691 0.52654 0.52505 0.52176 0.52251 0.51928 0.51842 0.51410 0.51665 0.51115 0.51348 0.50918 0.50965 0.50870 0.50715 0.50907 0.50273 0.51113 0.50062 0.51238 0.49727 0.50915 0.49472 0.50526 0.49284 0.50209 0.48930 0.49842 0.48689 0.49678 0.48379 0.49441 0.48111 0.49353 0.47801 0.49197 0.47598 0.48736 0.47474 0.48288 0.47349 0.47699 0.47164 0.47139 0.46968 0.46638 0.46618 0.45786 0.46339 0.45838 0.45917 0.46088 0.45694 0.46353 0.45363 0.46700 0.45016 0.46983 0.44601 0.47417 0.44553 0.48077 0.44413 0.48560 0.44345 0.48791 0.44359 0.49097
1 0.54719 0.37271 0.54640 0.37188 0.54629 0.37199 0.54582 0.37304 0.54572 0.37415 0.54579 0.37430 0.54653 0.37485 0.54692 0.37478 0.54738 0.37430 0.54757 0.37377 0.54730 0.37316 0.54719 0.37271
1 0.55170 0.38402 0.55207 0.38366 0.55203 0.38318 0.55191 0.38227 0.55193 0.38161 0.55203 0.38106 0.55216 0.38033 0.55209 0.37985 0.55201 0.37974 0.55197 0.37940 0.55188 0.37891 0.55139 0.37878 0.55066 0.37955 0.55039 0.37983 0.55006 0.38048 0.54986 0.38176 0.54994 0.38220 0.55028 0.38240 0.55036 0.38270 0.55053 0.38334 0.55062 0.38388 0.55114 0.38430 0.55170 0.38402
1 0.58137 0.34223 0.57898 0.34092 0.57565 0.34161 0.57383 0.34374 0.57488 0.34894 0.57643 0.35314 0.58077 0.35342 0.58282 0.35221 0.58499 0.34954 0.58624 0.34505 0.58459 0.34289 0.58137 0.34223
1 0.54254 0.40392 0.54357 0.40234 0.54457 0.40076 0.54486 0.39973 0.54527 0.39809 0.54507 0.39749 0.54405 0.39793 0.54310 0.39987 0.54171 0.40195 0.54011 0.40412 0.53900 0.40614 0.53828 0.40738 0.53733 0.40892 0.53768 0.40955 0.53926 0.40789 0.54138 0.40554 0.54254 0.40392
1 0.46514 0.53481 0.46426 0.53069 0.46350 0.52645 0.46129 0.52507 0.45820 0.52495 0.45572 0.52777 0.45487 0.53426 0.45710 0.54188 0.45805 0.54770 0.46091 0.55344 0.46513 0.55518 0.46711 0.55411 0.47125 0.54989 0.47025 0.54703 0.46758 0.54076 0.46514 0.53481
1 0.45689 0.47195 0.45462 0.47467 0.45373 0.47705 0.45542 0.47707 0.45757 0.47717 0.45999 0.47632 0.46059 0.47557 0.46032 0.47227 0.45957 0.46959 0.45689 0.47195
1 0.47355 0.45561 0.47430 0.45461 0.47447 0.45361 0.47469 0.45132 0.47250 0.45298 0.47081 0.45394 0.46955 0.45462 0.46947 0.45381 0.46845 0.45420 0.46918 0.45501 0.47099 0.45618 0.47172 0.45717 0.47264 0.45693 0.47355 0.45561
1 0.49746 0.49003 0.49845 0.49196 0.49994 0.49359 0.50126 0.49468 0.50135 0.49356 0.49854 0.49016 0.49669 0.48728 0.49513 0.48581 0.49447 0.48632 0.49358 0.48713 0.49272 0.48789 0.49312 0.48818 0.49499 0.48811 0.49607 0.48825 0.49746 0.49003
2 0.48345 0.47489 0.48445 0.47689 0.48572 0.48117 0.48850 0.48531 0.49099 0.48656 0.49357 0.48722 0.49636 0.48751 0.50009 0.49242 0.50652 0.49883 0.50842 0.49957 0.51026 0.49989 0.51235 0.50026 0.51346 0.49782 0.51470 0.49459 0.51491 0.49341 0.51499 0.49221 0.51523 0.49083 0.51567 0.48990 0.51630 0.48859 0.51727 0.48693 0.51755 0.48536 0.51707 0.48345 0.51695 0.48262 0.51787 0.48197 0.51864 0.48069 0.51982 0.47705 0.52094 0.47380 0.52205 0.47055 0.52326 0.46752 0.52461 0.46370 0.52612 0.45971 0.52765 0.45491 0.52903 0.44096 0.52900 0.42657 0.52904 0.42171 0.52975 0.41616 0.53170 0.41427 0.53511 0.41102 0.53799 0.40849 0.54132 0.40421 0.54389 0.39959 0.54648 0.39559 0.54860 0.39050 0.55073 0.38681 0.55423 0.38155 0.55735 0.37764 0.56067 0.37417 0.56258 0.37248 0.56743 0.36340 0.56888 0.35515 0.56930 0.34975 0.56830 0.34390 0.56653 0.34014 0.56457 0.33594 0.56283 0.33199 0.56188 0.32817 0.55965 0.32555 0.55634 0.32435 0.55430 0.32521 0.55169 0.32698 0.54862 0.32907 0.54610 0.33106 0.54283 0.33353 0.54035 0.33613 0.53782 0.33974 0.53662 0.34196 0.53523 0.34597 0.53393 0.34878 0.53256 0.35118 0.53233 0.35478 0.53269 0.35809 0.53250 0.36454 0.53238 0.36980 0.52998 0.37728 0.52702 0.38182 0.52312 0.38479 0.51885 0.38829 0.51527 0.39252 0.51263 0.39753 0.50976 0.40229 0.50587 0.40749 0.50208 0.40986 0.49779 0.41194 0.49334 0.41420 0.49017 0.41607 0.48664 0.41849 0.48457 0.42177 0.48155 0.42590 0.47908 0.43074 0.47828 0.43526 0.47761 0.43980 0.47649 0.44387 0.47578 0.44556 0.47410 0.44973 0.47211 0.45181 0.47027 0.45311 0.46849 0.45401 0.46822 0.45477 0.46910 0.45513 0.47112 0.45670 0.47177 0.45763 0.47200 0.46010 0.47416 0.46474 0.47655 0.46881 0.47892 0.47146 0.48345 0.47489
4 0.47200 0.46014 0.47316 0.46278 0.47467 0.46568 0.47641 0.46883 0.47833 0.47099 0.48025 0.47234 0.48139 0.47355 0.48348 0.47474 0.48467 0.47717 0.48571 0.48121 0.48840 0.48513 0.49121 0.48684 0.49330 0.48721 0.49648 0.48757 0.49782 0.48922 0.50034 0.49251 0.50382 0.49575 0.50529 0.49743 0.50808 0.49995 0.51130 0.50011 0.51389 0.49996 0.51514 0.50110 0.51707 0.50164 0.51879 0.50336 0.52172 0.50590 0.52570 0.50863 0.52904 0.50963 0.53124 0.50941 0.53514 0.50949 0.54278 0.51063 0.55233 0.51008 0.56038 0.50968 0.57364 0.50573 0.58495 0.50367 0.59393 0.49796 0.60107 0.49192 0.60757 0.48496 0.61431 0.47358 0.61380 0.44152 0.60991 0.40925 0.60061 0.37264 0.59058 0.34772 0.57314 0.31830 0.55490 0.29278 0.54856 0.28203 0.54374 0.27814 0.53958 0.27488 0.53404 0.27374 0.52599 0.27469 0.51739 0.27942 0.50612 0.28842 0.48753 0.30507 0.47617 0.31709 0.47130 0.32365 0.46888 0.32779 0.46406 0.33725 0.45981 0.34410 0.45494 0.35320 0.45264 0.35855 0.45113 0.36976 0.44818 0.39796 0.44788 0.40602 0.44832 0.40796 0.44892 0.41162 0.44900 0.41500 0.44864 0.41832 0.44776 0.42205 0.44732 0.42451 0.44683 0.42728 0.44791 0.42883 0.44853 0.42925 0.45237 0.43580 0.45664 0.44223 0.46005 0.44668 0.46346 0.45032 0.46527 0.45308 0.46719 0.45443 0.46945 0.45543 0.47115 0.45655 0.47159 0.45784 0.47200 0.46014
