1 0.82845 0.44838 0.82804 0.43965 0.82113 0.43750 0.82071 0.44864 0.82281 0.46004 0.82505 0.46699 0.83209 0.47708 0.83926 0.48408 0.84276 0.48395 0.83921 0.47459 0.83182 0.46526 0.82772 0.45398 0.82845 0.44838
4 0.72237 0.52158 0.73725 0.52153 0.74788 0.52034 0.76754 0.51791 0.78260 0.51402 0.79827 0.51505 0.81478 0.51630 0.81456 0.50959 0.81598 0.49152 0.81252 0.46275 0.80884 0.44797 0.80880 0.43277 0.79367 0.42485 0.78150 0.42513 0.76966 0.42110 0.75526 0.41978 0.73480 0.41183 0.73421 0.41619 0.72741 0.42706 0.72096 0.43827 0.71273 0.44988 0.71046 0.45040 0.70909 0.47100 0.70673 0.48379 0.70091 0.49316 0.69654 0.50305 0.69393 0.50787 0.69595 0.52008 0.70493 0.52096 0.72237 0.52158
4 0.06699 0.54827 0.07917 0.56066 0.09019 0.57501 0.11716 0.57428 0.13935 0.56789 0.15669 0.56811 0.17367 0.56673 0.17805 0.56614 0.17705 0.54567 0.16293 0.53288 0.14556 0.51872 0.12927 0.50347 0.11310 0.48988 0.10041 0.48563 0.08343 0.47773 0.06715 0.47176 0.05184 0.47572 0.04711 0.50132 0.05790 0.53305 0.06699 0.54827
4 0.83651 0.51593 0.84983 0.51835 0.86028 0.51636 0.86975 0.50784 0.87842 0.48894 0.88693 0.47050 0.88400 0.45089 0.86383 0.44879 0.84494 0.44301 0.82681 0.43706 0.80880 0.43277 0.80884 0.44797 0.81252 0.46275 0.81598 0.49152 0.81871 0.50568 0.82628 0.51196 0.83651 0.51593
4 0.54837 0.53641 0.55814 0.54302 0.57550 0.53986 0.60215 0.53202 0.62300 0.52552 0.64499 0.52170 0.65833 0.52074 0.67138 0.52195 0.67841 0.52244 0.68199 0.51950 0.69042 0.50995 0.69654 0.50305 0.70091 0.49316 0.70673 0.48379 0.70909 0.47100 0.71046 0.45040 0.71151 0.43537 0.71222 0.42465 0.70983 0.41084 0.70459 0.40656 0.69037 0.40603 0.68302 0.40647 0.67182 0.40863 0.65506 0.41208 0.64932 0.41256 0.62849 0.40300 0.62641 0.40898 0.62385 0.41632 0.61987 0.41978 0.58091 0.42962 0.56207 0.43101 0.54533 0.43107 0.52969 0.43130 0.52097 0.43501 0.51494 0.45499 0.51086 0.47071 0.51638 0.48423 0.52281 0.50175 0.53178 0.51869 0.54837 0.53641
2 0.75526 0.41978 0.73480 0.41183 0.73421 0.41619 0.72741 0.42706 0.72096 0.43827 0.71273 0.44988 0.71046 0.45040 0.70909 0.47100 0.70673 0.48379 0.70091 0.49316 0.69654 0.50305 0.69393 0.50787 0.69595 0.52008 0.70493 0.52096 0.72237 0.52158 0.72597 0.51991 0.72654 0.50626 0.74404 0.49335 0.76149 0.47791 0.78125 0.46786 0.79260 0.45594 0.79540 0.43122 0.79367 0.42485 0.78150 0.42513 0.76966 0.42110 0.75526 0.41978
4 0.17771 0.49440 0.17829 0.51877 0.18158 0.54800 0.18320 0.56537 0.25678 0.55345 0.29162 0.54879 0.29365 0.54029 0.28817 0.52466 0.28168 0.51729 0.26658 0.49796 0.25286 0.48001 0.23777 0.46533 0.22532 0.45172 0.21490 0.44230 0.20022 0.43978 0.19179 0.44130 0.18676 0.45640 0.18184 0.47655 0.17771 0.49440
1 0.78259 0.43008 0.78578 0.43533 0.78860 0.43684 0.78896 0.44698 0.78924 0.45271 0.79310 0.45201 0.79540 0.43122 0.79367 0.42485 0.78330 0.42539 0.78259 0.43008
1 0.71832 0.51288 0.71552 0.50262 0.71122 0.49448 0.70780 0.49517 0.70698 0.50342 0.70897 0.52035 0.71933 0.51805 0.71832 0.51288
4 0.30681 0.42909 0.30277 0.44270 0.30003 0.46192 0.29613 0.47845 0.29402 0.49119 0.29201 0.51362 0.29226 0.53426 0.29738 0.54956 0.32545 0.54899 0.34846 0.54959 0.37062 0.54997 0.39954 0.54963 0.42067 0.54897 0.43432 0.55047 0.44346 0.55089 0.43960 0.53996 0.43397 0.52478 0.43683 0.51525 0.43517 0.50465 0.43572 0.49776 0.43678 0.48738 0.43789 0.47952 0.43295 0.45700 0.42369 0.45027 0.40618 0.43319 0.39495 0.42142 0.38811 0.41370 0.37424 0.41353 0.35935 0.41358 0.34311 0.40888 0.33337 0.40818 0.32334 0.40965 0.31198 0.41691 0.30681 0.42909
1 0.06344 0.53745 0.06695 0.54805 0.07912 0.56044 0.09015 0.57480 0.11711 0.57407 0.11045 0.56250 0.09588 0.53165 0.08462 0.52665 0.07090 0.52601 0.06344 0.53745
1 0.30443 0.52602 0.30382 0.53505 0.30537 0.54465 0.30926 0.54696 0.31351 0.54597 0.32131 0.54773 0.32062 0.54184 0.31364 0.53100 0.30908 0.52387 0.30443 0.52602
1 0.41150 0.49489 0.41075 0.48973 0.40455 0.48617 0.39637 0.48273 0.39330 0.47916 0.38974 0.47536 0.38592 0.46949 0.38104 0.46776 0.38847 0.49024 0.38896 0.50792 0.39020 0.52685 0.38601 0.54169 0.38560 0.54962 0.43512 0.55064 0.42448 0.53850 0.41817 0.52573 0.41291 0.50879 0.41150 0.49489
