1 0.59839 0.50905 0.59771 0.50825 0.59568 0.50905 0.59450 0.51018 0.59396 0.51168 0.59491 0.51233 0.59673 0.51222 0.59737 0.51324 0.59807 0.51304 0.59909 0.51182 0.59859 0.51067 0.59839 0.50905
4 0.25244 0.75162 0.24912 0.76247 0.24706 0.77268 0.24660 0.78518 0.24490 0.79832 0.24332 0.81245 0.24179 0.82707 0.24158 0.84153 0.24112 0.85403 0.24069 0.86403 0.23875 0.87522 0.23880 0.88915 0.24015 0.89745 0.24501 0.90730 0.25486 0.91455 0.26821 0.91789 0.28348 0.91800 0.29428 0.92215 0.30328 0.92254 0.31470 0.92363 0.32748 0.92504 0.33220 0.92297 0.33518 0.91215 0.33899 0.91069 0.34132 0.90543 0.34412 0.88767 0.34823 0.85630 0.34886 0.83981 0.35086 0.82364 0.35285 0.80746 0.35140 0.79023 0.34900 0.77609 0.34479 0.76068 0.34171 0.74911 0.33475 0.74648 0.32531 0.73719 0.31930 0.73146 0.31018 0.73010 0.29933 0.73093 0.28687 0.72947 0.27427 0.72953 0.26768 0.72984 0.26111 0.73313 0.25685 0.74162 0.25244 0.75162
4 0.63963 0.67073 0.64386 0.67270 0.64939 0.67451 0.65332 0.67950 0.65951 0.68670 0.66526 0.69297 0.66965 0.70437 0.67716 0.74127 0.68110 0.73282 0.68513 0.72237 0.68672 0.71372 0.68852 0.70404 0.68969 0.69196 0.68944 0.68452 0.68963 0.67803 0.68918 0.67162 0.68827 0.66426 0.68357 0.65837 0.67969 0.64839 0.67316 0.63576 0.67233 0.63437 0.66745 0.63248 0.66080 0.63230 0.65637 0.63135 0.65121 0.63796 0.64462 0.64374 0.63823 0.64851 0.63144 0.65531 0.62663 0.65939 0.62828 0.67013 0.63449 0.66937 0.63963 0.67073
4 0.53250 0.80332 0.53127 0.81492 0.53031 0.83146 0.52959 0.84449 0.53490 0.85528 0.53742 0.87040 0.54362 0.88308 0.55109 0.89261 0.55720 0.90181 0.57175 0.89605 0.58051 0.88900 0.59096 0.88224 0.60158 0.87148 0.61070 0.86738 0.61818 0.86347 0.61403 0.84855 0.61351 0.84165 0.61262 0.82633 0.61387 0.80677 0.61431 0.78332 0.61510 0.75735 0.61507 0.73546 0.61505 0.72451 0.61412 0.71417 0.61130 0.70208 0.60892 0.69889 0.60039 0.69695 0.59638 0.69943 0.58937 0.69630 0.58354 0.69752 0.57552 0.70249 0.56505 0.71174 0.55825 0.71855 0.54527 0.72362 0.53996 0.73174 0.53895 0.74779 0.53883 0.76572 0.53853 0.78218 0.53634 0.79141 0.53250 0.80332
4 0.62095 0.67800 0.61761 0.68588 0.61338 0.69734 0.61130 0.70208 0.61412 0.71417 0.61505 0.72451 0.61507 0.73546 0.61510 0.75735 0.61431 0.78332 0.61387 0.80677 0.61401 0.81870 0.61854 0.82859 0.62593 0.84012 0.63212 0.84733 0.64023 0.84583 0.65448 0.83214 0.66058 0.82243 0.67035 0.81277 0.67449 0.79783 0.67908 0.78931 0.67957 0.77979 0.68041 0.76774 0.67782 0.76010 0.67716 0.74127 0.66965 0.70437 0.66526 0.69297 0.65951 0.68670 0.65332 0.67950 0.64939 0.67451 0.64386 0.67270 0.63963 0.67073 0.63449 0.66937 0.62828 0.67013 0.62350 0.67172 0.62095 0.67800
4 0.54327 0.42627 0.54739 0.44368 0.54990 0.45332 0.55326 0.46983 0.55544 0.47952 0.55904 0.49798 0.56352 0.51286 0.56612 0.52598 0.57144 0.54225 0.57529 0.55471 0.57887 0.56223 0.58572 0.57483 0.58987 0.58428 0.59317 0.58686 0.59838 0.58871 0.60420 0.58749 0.60972 0.58383 0.61486 0.57972 0.61784 0.56890 0.61958 0.55873 0.62212 0.54697 0.62313 0.53092 0.62303 0.52198 0.62512 0.50928 0.62386 0.48555 0.62334 0.47317 0.62132 0.45401 0.61861 0.43195 0.61417 0.40661 0.61115 0.39007 0.61015 0.37924 0.60535 0.36988 0.59799 0.37476 0.58718 0.38405 0.57923 0.38950 0.57303 0.39574 0.56801 0.40084 0.55985 0.40731 0.55230 0.41073 0.54580 0.41451 0.54218 0.41744 0.54327 0.42627
4 0.35285 0.80746 0.35086 0.82364 0.34886 0.83981 0.34823 0.85630 0.35292 0.88907 0.35630 0.90309 0.36021 0.91605 0.37194 0.92506 0.38840 0.92403 0.40422 0.92856 0.41744 0.93092 0.42598 0.93285 0.42902 0.92253 0.42878 0.90166 0.43142 0.87993 0.43380 0.85874 0.43487 0.84318 0.43687 0.82701 0.43780 0.81296 0.44119 0.79463 0.44218 0.78107 0.44403 0.76641 0.44365 0.75252 0.44414 0.74301 0.44392 0.73308 0.44042 0.72356 0.43430 0.72232 0.41864 0.72175 0.40164 0.72384 0.38963 0.72332 0.37852 0.72469 0.36877 0.72638 0.35966 0.73049 0.34876 0.73630 0.34700 0.74896 0.34836 0.76273 0.34900 0.77609 0.35140 0.79023 0.35285 0.80746
4 0.43860 0.84919 0.44020 0.88383 0.44465 0.92011 0.44889 0.93303 0.46411 0.93265 0.47798 0.92945 0.49316 0.92610 0.50477 0.92069 0.50676 0.91796 0.50828 0.90334 0.51166 0.87954 0.51763 0.85790 0.52150 0.84349 0.52712 0.82439 0.52988 0.80365 0.53031 0.79364 0.53134 0.78306 0.53117 0.77363 0.52661 0.76622 0.51799 0.76081 0.51103 0.75818 0.50188 0.75931 0.48979 0.76079 0.47620 0.75549 0.46435 0.74550 0.45406 0.74278 0.44414 0.74301 0.44365 0.75252 0.44403 0.76641 0.44218 0.78107 0.44119 0.79463 0.43992 0.82215 0.43860 0.84919
4 0.61343 0.38978 0.61115 0.39007 0.61417 0.40661 0.61861 0.43195 0.62132 0.45401 0.62334 0.47317 0.62386 0.48555 0.62512 0.50928 0.62356 0.51545 0.62639 0.51958 0.62972 0.52514 0.63561 0.52989 0.63957 0.53239 0.64290 0.53248 0.64813 0.53183 0.65199 0.53087 0.65498 0.52552 0.65845 0.51862 0.66182 0.50826 0.66367 0.49360 0.66431 0.48257 0.66458 0.46860 0.66563 0.45553 0.66698 0.44492 0.66729 0.43392 0.66735 0.41551 0.66686 0.40611 0.66545 0.39186 0.66409 0.37809 0.66273 0.36432 0.66186 0.35996 0.65934 0.34483 0.65464 0.32550 0.64945 0.32913 0.64298 0.33589 0.63877 0.33939 0.63277 0.34461 0.63025 0.34840 0.62756 0.35620 0.62377 0.36861 0.62242 0.37922 0.61952 0.38257 0.61343 0.38978
4 0.23156 0.59283 0.23644 0.58566 0.23868 0.57951 0.23912 0.56805 0.24083 0.55575 0.24649 0.54745 0.25674 0.53893 0.26465 0.53209 0.26993 0.53005 0.27595 0.52655 0.28087 0.51972 0.28427 0.51171 0.28657 0.50762 0.28704 0.49823 0.28772 0.48502 0.27146 0.49151 0.25861 0.49378 0.23721 0.49398 0.21880 0.49417 0.19413 0.49029 0.19501 0.51057 0.19667 0.52972 0.19799 0.54615 0.20080 0.55963 0.20502 0.57708 0.20985 0.59204 0.21494 0.60351 0.22204 0.60125 0.22936 0.59517 0.23156 0.59283
2 0.22936 0.59517 0.23156 0.59283 0.23644 0.58566 0.23868 0.57951 0.23912 0.56805 0.24083 0.55575 0.24649 0.54745 0.25674 0.53893 0.26465 0.53209 0.26993 0.53005 0.27595 0.52655 0.28087 0.51972 0.28427 0.51171 0.27981 0.50117 0.27358 0.49737 0.26738 0.49501 0.25639 0.49804 0.24854 0.49925 0.24152 0.51115 0.23381 0.52265 0.22905 0.52948 0.22407 0.53849 0.22345 0.55297 0.22422 0.56967 0.22464 0.58354 0.22721 0.59402 0.22936 0.59517
2 0.60036 0.50052 0.59498 0.47798 0.58499 0.48629 0.57700 0.48963 0.56864 0.48554 0.56126 0.48095 0.55748 0.48652 0.55900 0.49459 0.56408 0.51245 0.56701 0.52782 0.57130 0.54066 0.57591 0.53762 0.57809 0.52410 0.58250 0.51727 0.58911 0.51135 0.59678 0.50765 0.60036 0.50052
4 0.17329 0.72736 0.17108 0.72965 0.16796 0.72773 0.16311 0.72890 0.15973 0.73104 0.15601 0.73668 0.15378 0.74358 0.15187 0.75303 0.15042 0.76156 0.14822 0.77335 0.14683 0.78389 0.14581 0.79438 0.14685 0.80750 0.14741 0.81521 0.14787 0.82523 0.14788 0.83935 0.14979 0.85178 0.15428 0.86650 0.15690 0.88000 0.16721 0.88737 0.18265 0.88490 0.19330 0.88244 0.19934 0.87536 0.20572 0.86479 0.21119 0.85461 0.21992 0.84749 0.22997 0.84338 0.23477 0.83242 0.23611 0.81987 0.23870 0.80660 0.24123 0.79591 0.24365 0.78438 0.24383 0.77486 0.23459 0.76217 0.23195 0.74694 0.22444 0.73894 0.22207 0.73059 0.21991 0.72394 0.21733 0.72167 0.21341 0.72100 0.20759 0.71739 0.19962 0.71664 0.19411 0.71703 0.19203 0.71729 0.19008 0.71868 0.18738 0.72016 0.18436 0.72370 0.18093 0.72383 0.17673 0.72406 0.17329 0.72736
4 0.43290 0.51098 0.43678 0.53987 0.44007 0.55041 0.44357 0.56541 0.44829 0.58225 0.45252 0.58969 0.45980 0.59228 0.47428 0.59399 0.48551 0.59361 0.49603 0.59281 0.50355 0.59189 0.51452 0.59204 0.52855 0.59280 0.53978 0.59242 0.54997 0.59166 0.55553 0.59098 0.56390 0.58896 0.56829 0.58145 0.57021 0.57276 0.57055 0.55928 0.56972 0.54445 0.56612 0.52598 0.56352 0.51286 0.55904 0.49798 0.55544 0.47952 0.55326 0.46983 0.54990 0.45332 0.54739 0.44368 0.54327 0.42627 0.54218 0.41744 0.53214 0.42216 0.52374 0.42668 0.51560 0.43066 0.50114 0.43443 0.48765 0.43807 0.47208 0.44098 0.46391 0.44198 0.45455 0.44413 0.44469 0.44484 0.43521 0.44601 0.43055 0.44857 0.43117 0.46442 0.43149 0.48329 0.43290 0.51098
4 0.09062 0.50699 0.09199 0.51811 0.09496 0.53190 0.09767 0.54093 0.10167 0.55268 0.10534 0.56039 0.10984 0.56967 0.11306 0.57768 0.11609 0.58667 0.11950 0.59105 0.12228 0.59671 0.12556 0.59870 0.12786 0.60178 0.13278 0.60406 0.14306 0.60568 0.15266 0.60570 0.16241 0.60426 0.16932 0.60197 0.17319 0.59957 0.17795 0.59275 0.18135 0.58657 0.18542 0.57671 0.18995 0.56536 0.19337 0.55414 0.19591 0.54351 0.19612 0.54132 0.19354 0.51644 0.19059 0.50672 0.18724 0.49897 0.18354 0.49102 0.17355 0.48913 0.15376 0.48436 0.14035 0.48193 0.12345 0.48113 0.11760 0.48040 0.10768 0.48042 0.10001 0.47920 0.09137 0.47786 0.08827 0.47873 0.08890 0.49161 0.09062 0.50699
4 0.08807 0.67130 0.08454 0.67692 0.08156 0.68390 0.07519 0.70082 0.07079 0.72440 0.06978 0.73806 0.06812 0.74805 0.06814 0.76072 0.06718 0.77006 0.06746 0.77866 0.07027 0.80625 0.07907 0.81843 0.09480 0.81994 0.10621 0.81279 0.11109 0.80556 0.11984 0.80333 0.12990 0.79461 0.13677 0.78800 0.14263 0.78728 0.14683 0.78389 0.14822 0.77335 0.15042 0.76156 0.15187 0.75303 0.15378 0.74358 0.15601 0.73668 0.15973 0.73104 0.16311 0.72890 0.16796 0.72773 0.17108 0.72965 0.17329 0.72736 0.17673 0.72406 0.18093 0.72383 0.18436 0.72370 0.18738 0.72016 0.19008 0.71868 0.19203 0.71729 0.19248 0.71003 0.19197 0.70117 0.19178 0.69658 0.19119 0.69176 0.18995 0.68788 0.18624 0.68113 0.18369 0.67597 0.18019 0.67093 0.17663 0.66849 0.17103 0.66831 0.16788 0.66610 0.16274 0.66328 0.15331 0.66156 0.14469 0.66175 0.14132 0.66246 0.13606 0.66339 0.13005 0.66442 0.12791 0.66583 0.12492 0.66649 0.11997 0.66364 0.11360 0.66500 0.10410 0.67048 0.09967 0.67189 0.09544 0.67183 0.09148 0.67088 0.08807 0.67130
2 0.15685 0.88030 0.16716 0.88767 0.18260 0.88520 0.19324 0.88274 0.19928 0.87566 0.18922 0.86235 0.18308 0.85764 0.17059 0.84823 0.16128 0.83498 0.15571 0.83335 0.14782 0.82553 0.14782 0.83964 0.14973 0.85208 0.15423 0.86679 0.15685 0.88030
1 0.27105 0.51284 0.26935 0.51186 0.26741 0.51395 0.26769 0.51905 0.26750 0.52105 0.26845 0.52383 0.26985 0.52524 0.27233 0.52322 0.27473 0.52135 0.27597 0.51856 0.27592 0.51672 0.27386 0.51500 0.27105 0.51284
2 0.07996 0.77765 0.07260 0.77831 0.06840 0.78368 0.07028 0.80552 0.07931 0.81848 0.09508 0.81921 0.10154 0.81381 0.10767 0.80190 0.10278 0.79231 0.09134 0.78474 0.07996 0.77765
1 0.56595 0.49508 0.56678 0.49876 0.56909 0.50208 0.56959 0.50828 0.57247 0.51419 0.57600 0.51969 0.57731 0.52174 0.57788 0.52214 0.57926 0.51960 0.58160 0.51554 0.58625 0.51057 0.58749 0.50570 0.58695 0.50444 0.58532 0.50047 0.58195 0.49463 0.57989 0.49223 0.57602 0.49062 0.57028 0.49018 0.56695 0.49192 0.56595 0.49508
1 0.57446 0.53207 0.57418 0.53058 0.57261 0.52697 0.57120 0.53072 0.57046 0.53302 0.57082 0.53595 0.57104 0.53851 0.57236 0.53851 0.57336 0.53884 0.57423 0.53850 0.57478 0.53714 0.57500 0.53399 0.57446 0.53207
