1 0.59269 0.53421 0.59224 0.53326 0.59008 0.53351 0.58865 0.53430 0.58773 0.53560 0.58849 0.53648 0.59027 0.53684 0.59062 0.53798 0.59136 0.53798 0.59266 0.53706 0.59247 0.53582 0.59269 0.53421
4 0.19575 0.67897 0.18974 0.68860 0.18510 0.69792 0.18143 0.70988 0.17638 0.72213 0.17119 0.73537 0.16594 0.74910 0.16199 0.76301 0.15831 0.77496 0.15531 0.78452 0.15054 0.79482 0.14698 0.80829 0.14614 0.81665 0.14828 0.82743 0.15592 0.83698 0.16795 0.84366 0.18267 0.84772 0.19203 0.85452 0.20062 0.85723 0.21137 0.86123 0.22335 0.86591 0.22844 0.86513 0.23413 0.85545 0.23818 0.85502 0.24180 0.85054 0.24910 0.83411 0.26119 0.80488 0.26606 0.78911 0.27218 0.77401 0.27829 0.75890 0.28135 0.74188 0.28269 0.72760 0.28261 0.71162 0.28263 0.69966 0.27658 0.69532 0.26987 0.68390 0.26555 0.67681 0.25709 0.67312 0.24640 0.67112 0.23475 0.66649 0.22256 0.66328 0.21611 0.66188 0.20892 0.66336 0.20260 0.67045 0.19575 0.67897
4 0.59069 0.70105 0.59426 0.70405 0.59913 0.70723 0.60164 0.71307 0.60576 0.72163 0.60968 0.72916 0.61097 0.74131 0.60868 0.77890 0.61467 0.77176 0.62126 0.76271 0.62504 0.75476 0.62928 0.74588 0.63354 0.73451 0.63522 0.72726 0.63710 0.72104 0.63832 0.71473 0.63935 0.70739 0.63633 0.70048 0.63516 0.68985 0.63213 0.67595 0.63168 0.67439 0.62746 0.67130 0.62108 0.66941 0.61704 0.66735 0.61035 0.67239 0.60249 0.67627 0.59509 0.67922 0.58676 0.68404 0.58106 0.68673 0.57988 0.69754 0.58607 0.69841 0.59069 0.70105
4 0.45288 0.80140 0.44869 0.81228 0.44349 0.82801 0.43942 0.84041 0.44175 0.85221 0.44028 0.86746 0.44298 0.88131 0.44773 0.89245 0.45125 0.90293 0.46680 0.90112 0.47708 0.89658 0.48893 0.89276 0.50197 0.88511 0.51184 0.88351 0.52008 0.88167 0.51993 0.86619 0.52122 0.85939 0.52433 0.84436 0.53060 0.82579 0.53709 0.80326 0.54457 0.77837 0.55021 0.75722 0.55302 0.74664 0.55480 0.73641 0.55521 0.72400 0.55373 0.72030 0.54599 0.71622 0.54148 0.71758 0.53551 0.71274 0.52957 0.71242 0.52054 0.71514 0.50803 0.72136 0.49970 0.72618 0.48585 0.72772 0.47862 0.73419 0.47349 0.74943 0.46873 0.76671 0.46418 0.78254 0.45968 0.79088 0.45288 0.80140
4 0.57076 0.70324 0.56549 0.70998 0.55844 0.71996 0.55521 0.72400 0.55480 0.73641 0.55302 0.74664 0.55021 0.75722 0.54457 0.77837 0.53709 0.80326 0.53060 0.82579 0.52764 0.83734 0.52946 0.84808 0.53361 0.86113 0.53773 0.86969 0.54595 0.87034 0.56325 0.86080 0.57166 0.85301 0.58359 0.84620 0.59145 0.83285 0.59810 0.82580 0.60103 0.81673 0.60497 0.80531 0.60444 0.79726 0.60868 0.77890 0.61097 0.74131 0.60968 0.72916 0.60576 0.72163 0.60164 0.71307 0.59913 0.70723 0.59426 0.70405 0.59069 0.70105 0.58607 0.69841 0.57988 0.69754 0.57485 0.69783 0.57076 0.70324
4 0.56088 0.43998 0.56036 0.45786 0.56029 0.46783 0.55925 0.48464 0.55886 0.49456 0.55755 0.51333 0.55802 0.52886 0.55715 0.54221 0.55807 0.55930 0.55857 0.57234 0.56007 0.58053 0.56344 0.59447 0.56500 0.60467 0.56752 0.60801 0.57207 0.61115 0.57801 0.61148 0.58429 0.60937 0.59031 0.60673 0.59600 0.59705 0.60030 0.58768 0.60580 0.57698 0.61093 0.56174 0.61315 0.55307 0.61846 0.54135 0.62338 0.51810 0.62608 0.50601 0.62909 0.48698 0.63218 0.46497 0.63445 0.43935 0.63581 0.42258 0.63765 0.41186 0.63544 0.40157 0.62706 0.40439 0.61422 0.41056 0.60513 0.41377 0.59752 0.41819 0.59136 0.42182 0.58180 0.42596 0.57363 0.42731 0.56637 0.42928 0.56211 0.43117 0.56088 0.43998
4 0.27829 0.75890 0.27218 0.77401 0.26606 0.78911 0.26119 0.80488 0.25723 0.83775 0.25687 0.85216 0.25730 0.86569 0.26629 0.87743 0.28245 0.88070 0.29656 0.88917 0.30873 0.89487 0.31647 0.89895 0.32208 0.88976 0.32725 0.86954 0.33543 0.84924 0.34320 0.82938 0.34827 0.81463 0.35438 0.79953 0.35892 0.78620 0.36694 0.76937 0.37140 0.75653 0.37698 0.74285 0.38021 0.72933 0.38315 0.72027 0.38550 0.71062 0.38459 0.70052 0.37900 0.69774 0.36402 0.69314 0.34706 0.69076 0.33559 0.68715 0.32451 0.68559 0.31465 0.68471 0.30478 0.68631 0.29275 0.68911 0.28778 0.70088 0.28552 0.71453 0.28269 0.72760 0.28135 0.74188 0.27829 0.75890
4 0.35031 0.82140 0.34289 0.85527 0.33780 0.89147 0.33856 0.90504 0.35335 0.90862 0.36758 0.90912 0.38311 0.90981 0.39573 0.90759 0.39835 0.90547 0.40361 0.89174 0.41303 0.86962 0.42440 0.85027 0.43187 0.83735 0.44224 0.82035 0.45027 0.80103 0.45328 0.79148 0.45701 0.78153 0.45929 0.77237 0.45680 0.76404 0.44987 0.75658 0.44383 0.75224 0.43470 0.75096 0.42263 0.74926 0.41088 0.74063 0.40202 0.72791 0.39279 0.72262 0.38315 0.72027 0.38021 0.72933 0.37698 0.74285 0.37140 0.75653 0.36694 0.76937 0.35859 0.79563 0.35031 0.82140
4 0.63810 0.42290 0.63581 0.42258 0.63445 0.43935 0.63218 0.46497 0.62909 0.48698 0.62608 0.50601 0.62338 0.51810 0.61846 0.54135 0.61535 0.54690 0.61701 0.55162 0.61880 0.55786 0.62326 0.56397 0.62643 0.56741 0.62962 0.56835 0.63484 0.56909 0.63882 0.56915 0.64309 0.56476 0.64823 0.55899 0.65417 0.54986 0.65975 0.53618 0.66322 0.52569 0.66710 0.51227 0.67149 0.49991 0.67555 0.49001 0.67869 0.47947 0.68352 0.46170 0.68548 0.45250 0.68780 0.43836 0.69005 0.42471 0.69230 0.41106 0.69259 0.40662 0.69407 0.39136 0.69454 0.37147 0.68858 0.37363 0.68058 0.37849 0.67561 0.38078 0.66846 0.38427 0.66505 0.38728 0.66043 0.39411 0.65356 0.40512 0.64951 0.41502 0.64584 0.41750 0.63810 0.42290
4 0.21668 0.52019 0.22325 0.51453 0.22700 0.50917 0.23039 0.49821 0.23523 0.48677 0.24285 0.48022 0.25495 0.47465 0.26437 0.47008 0.26999 0.46948 0.27671 0.46766 0.28323 0.46234 0.28859 0.45547 0.29187 0.45212 0.29475 0.44317 0.29883 0.43059 0.28145 0.43265 0.26845 0.43151 0.24772 0.42617 0.22989 0.42159 0.20707 0.41145 0.20267 0.43127 0.19931 0.45020 0.19634 0.46641 0.19557 0.48015 0.19512 0.49810 0.19592 0.51380 0.19787 0.52620 0.20531 0.52586 0.21395 0.52188 0.21668 0.52019
2 0.21395 0.52188 0.21668 0.52019 0.22325 0.51453 0.22700 0.50917 0.23039 0.49821 0.23523 0.48677 0.24285 0.48022 0.25495 0.47465 0.26437 0.47008 0.26999 0.46948 0.27671 0.46766 0.28323 0.46234 0.28859 0.45547 0.28701 0.44414 0.28198 0.43886 0.27659 0.43497 0.26519 0.43506 0.25730 0.43419 0.24744 0.44387 0.23702 0.45299 0.23065 0.45835 0.22351 0.46576 0.21916 0.47959 0.21559 0.49592 0.21241 0.50942 0.21217 0.52022 0.21395 0.52188
2 0.59681 0.52648 0.59744 0.50332 0.58564 0.50875 0.57707 0.50991 0.57004 0.50380 0.56410 0.49745 0.55901 0.50186 0.55839 0.51005 0.55867 0.52861 0.55753 0.54422 0.55835 0.55773 0.56358 0.55598 0.56919 0.54349 0.57522 0.53803 0.58314 0.53402 0.59150 0.53244 0.59681 0.52648
4 0.12558 0.63506 0.12285 0.63669 0.12034 0.63403 0.11535 0.63391 0.11153 0.63510 0.10647 0.63959 0.10253 0.64567 0.09824 0.65431 0.09463 0.66217 0.08946 0.67299 0.08538 0.68281 0.08169 0.69268 0.07929 0.70562 0.07784 0.71321 0.07569 0.72301 0.07205 0.73665 0.07067 0.74915 0.07120 0.76453 0.07024 0.77825 0.07829 0.78804 0.09385 0.78965 0.10476 0.79003 0.11243 0.78475 0.12133 0.77619 0.12925 0.76778 0.13952 0.76316 0.15030 0.76179 0.15777 0.75245 0.16231 0.74067 0.16825 0.72852 0.17346 0.71886 0.17878 0.70835 0.18142 0.69919 0.17578 0.68454 0.17717 0.66915 0.17199 0.65948 0.17186 0.65080 0.17150 0.64382 0.16959 0.64095 0.16598 0.63929 0.16129 0.63430 0.15379 0.63152 0.14836 0.63046 0.14628 0.63017 0.14405 0.63101 0.14105 0.63175 0.13722 0.63438 0.13386 0.63362 0.12975 0.63276 0.12558 0.63506
4 0.43235 0.49324 0.42861 0.52215 0.42906 0.53318 0.42856 0.54858 0.42876 0.56606 0.43092 0.57435 0.43729 0.57873 0.45083 0.58413 0.46178 0.58667 0.47215 0.58862 0.47965 0.58968 0.49020 0.59266 0.50355 0.59703 0.51450 0.59956 0.52454 0.60147 0.53009 0.60225 0.53870 0.60247 0.54488 0.59635 0.54899 0.58845 0.55280 0.57552 0.55584 0.56098 0.55715 0.54221 0.55802 0.52886 0.55755 0.51333 0.55886 0.49456 0.55925 0.48464 0.56029 0.46783 0.56036 0.45786 0.56088 0.43998 0.56211 0.43117 0.55120 0.43313 0.54191 0.43532 0.53302 0.43706 0.51807 0.43696 0.50410 0.43699 0.48831 0.43577 0.48016 0.43462 0.47056 0.43427 0.46085 0.43241 0.45139 0.43108 0.44622 0.43235 0.44272 0.44781 0.43815 0.46613 0.43235 0.49324
4 0.10276 0.40080 0.10120 0.41189 0.10051 0.42598 0.10079 0.43540 0.10161 0.44779 0.10316 0.45618 0.10510 0.46632 0.10614 0.47489 0.10674 0.48435 0.10890 0.48947 0.11012 0.49565 0.11278 0.49843 0.11420 0.50200 0.11836 0.50547 0.12787 0.50969 0.13714 0.51220 0.14693 0.51333 0.15420 0.51291 0.15855 0.51160 0.16492 0.50624 0.16980 0.50115 0.17629 0.49268 0.18360 0.48288 0.18981 0.47293 0.19501 0.46332 0.19578 0.46126 0.19973 0.43656 0.19939 0.42641 0.19816 0.41806 0.19665 0.40943 0.18749 0.40501 0.16961 0.39528 0.15728 0.38946 0.14116 0.38431 0.13570 0.38210 0.12612 0.37955 0.11902 0.37639 0.11102 0.37286 0.10781 0.37289 0.10508 0.38549 0.10276 0.40080
4 0.05777 0.55885 0.05291 0.56336 0.04822 0.56934 0.03769 0.58402 0.02733 0.60566 0.02282 0.61860 0.01864 0.62782 0.01538 0.64006 0.01203 0.64883 0.01008 0.65722 0.00565 0.68459 0.01100 0.69863 0.02581 0.70416 0.03867 0.70022 0.04525 0.69449 0.05428 0.69460 0.06626 0.68878 0.07461 0.68418 0.08046 0.68500 0.08538 0.68281 0.08946 0.67299 0.09463 0.66217 0.09824 0.65431 0.10253 0.64567 0.10647 0.63959 0.11153 0.63510 0.11535 0.63391 0.12034 0.63403 0.12285 0.63669 0.12558 0.63506 0.12975 0.63276 0.13386 0.63362 0.13722 0.63438 0.14105 0.63175 0.14405 0.63101 0.14628 0.63017 0.14860 0.62328 0.15040 0.61459 0.15141 0.61011 0.15208 0.60530 0.15189 0.60123 0.15005 0.59375 0.14892 0.58811 0.14685 0.58233 0.14403 0.57905 0.13868 0.57744 0.13621 0.57449 0.13197 0.57043 0.12331 0.56632 0.11494 0.56428 0.11150 0.56409 0.10618 0.56363 0.10010 0.56306 0.09767 0.56388 0.09461 0.56374 0.09056 0.55970 0.08407 0.55937 0.07347 0.56221 0.06882 0.56242 0.06475 0.56127 0.06117 0.55933 0.05777 0.55885
2 0.07011 0.77852 0.07816 0.78832 0.09372 0.78992 0.10463 0.79030 0.11230 0.78503 0.10603 0.76957 0.10131 0.76343 0.09169 0.75110 0.08612 0.73590 0.08116 0.73288 0.07557 0.72329 0.07192 0.73692 0.07054 0.74943 0.07108 0.76480 0.07011 0.77852
1 0.27553 0.45315 0.27414 0.45176 0.27173 0.45327 0.27067 0.45827 0.26997 0.46015 0.27017 0.46309 0.27116 0.46481 0.27407 0.46350 0.27688 0.46231 0.27880 0.45994 0.27923 0.45815 0.27769 0.45596 0.27553 0.45315
2 0.02241 0.65947 0.01513 0.65821 0.00969 0.66231 0.00585 0.68389 0.01121 0.69874 0.02626 0.70353 0.03389 0.69999 0.04290 0.69007 0.04066 0.67954 0.03157 0.66927 0.02241 0.65947
1 0.56498 0.51231 0.56483 0.51609 0.56619 0.51989 0.56508 0.52601 0.56633 0.53246 0.56832 0.53869 0.56905 0.54100 0.56950 0.54154 0.57148 0.53944 0.57480 0.53612 0.58058 0.53254 0.58303 0.52815 0.58284 0.52679 0.58229 0.52254 0.58055 0.51602 0.57918 0.51317 0.57586 0.51061 0.57043 0.50870 0.56676 0.50952 0.56498 0.51231
1 0.56362 0.55025 0.56373 0.54874 0.56316 0.54484 0.56082 0.54810 0.55951 0.55013 0.55910 0.55305 0.55865 0.55559 0.55993 0.55592 0.56081 0.55650 0.56174 0.55640 0.56262 0.55523 0.56365 0.55224 0.56362 0.55025
