4 0.85865 0.44739 0.85751 0.46660 0.85477 0.48444 0.85248 0.49987 0.84951 0.51943 0.84859 0.52182 0.85157 0.52423 0.85614 0.52697 0.86300 0.53074 0.86803 0.53349 0.87420 0.53349 0.87718 0.53040 0.87878 0.52594 0.88404 0.51359 0.88861 0.49953 0.89090 0.48581 0.89295 0.46969 0.89570 0.45357 0.89593 0.43573 0.89638 0.42132 0.89958 0.40451 0.90187 0.38976 0.90164 0.37879 0.89638 0.38119 0.88335 0.38976 0.87603 0.39594 0.86757 0.41000 0.86368 0.41240 0.86071 0.42784 0.85865 0.44739
4 0.08860 0.61981 0.07807 0.63166 0.07181 0.64450 0.06128 0.66673 0.05798 0.68896 0.05535 0.71168 0.05271 0.72749 0.05502 0.75120 0.05930 0.75416 0.07939 0.73687 0.09321 0.72502 0.10244 0.71712 0.10309 0.70822 0.10244 0.68847 0.10639 0.66920 0.11198 0.64994 0.11725 0.63709 0.12285 0.62919 0.13141 0.62326 0.12548 0.61783 0.11758 0.61586 0.10968 0.61487 0.10145 0.61388 0.08860 0.61981
4 0.82401 0.43985 0.82292 0.46125 0.82099 0.47771 0.81798 0.50365 0.81704 0.50913 0.82230 0.51599 0.82687 0.52011 0.83099 0.52388 0.83876 0.52560 0.84516 0.52423 0.84951 0.51943 0.85248 0.49987 0.85477 0.48444 0.85751 0.46660 0.85865 0.44739 0.86071 0.42784 0.86368 0.41240 0.86437 0.39216 0.86414 0.37330 0.86437 0.35683 0.86414 0.35066 0.86071 0.34997 0.85523 0.35512 0.84882 0.36163 0.84013 0.36884 0.83053 0.38016 0.82641 0.38599 0.82648 0.39210 0.82429 0.41432 0.82401 0.43985
4 0.08096 0.37189 0.07296 0.36435 0.06473 0.35749 0.05832 0.34788 0.05581 0.34136 0.04941 0.34480 0.04781 0.35508 0.05009 0.38150 0.05146 0.41168 0.05146 0.43741 0.05672 0.46691 0.06427 0.48921 0.07410 0.50498 0.08347 0.49950 0.09377 0.49058 0.09765 0.47857 0.08896 0.43295 0.08622 0.41443 0.08553 0.39213 0.08439 0.38184 0.08096 0.37189
4 0.75327 0.60425 0.74668 0.59832 0.74174 0.59338 0.73746 0.58943 0.73483 0.58745 0.72660 0.58548 0.72232 0.58449 0.71475 0.58400 0.70882 0.58647 0.70487 0.59140 0.69927 0.59733 0.69235 0.60178 0.68610 0.60721 0.68182 0.60820 0.67820 0.60869 0.67688 0.61561 0.67424 0.63388 0.67260 0.65364 0.67227 0.68130 0.67029 0.70205 0.67128 0.71785 0.67688 0.73020 0.68511 0.74996 0.69071 0.76775 0.69268 0.78948 0.69532 0.80578 0.70092 0.82257 0.70816 0.83393 0.71804 0.84233 0.73088 0.84776 0.74043 0.84529 0.75064 0.83739 0.75590 0.82159 0.75722 0.79788 0.76051 0.78009 0.76051 0.76626 0.76216 0.75589 0.76512 0.74206 0.76634 0.73786 0.76716 0.73045 0.76990 0.71316 0.77100 0.69793 0.77127 0.68312 0.76990 0.67406 0.76743 0.66089 0.76716 0.65142 0.76545 0.64623 0.76315 0.63537 0.76117 0.62252 0.75953 0.61067 0.75327 0.60425
4 0.89530 0.61396 0.87884 0.63743 0.86868 0.64483 0.86045 0.64648 0.84838 0.64113 0.83466 0.62919 0.82588 0.62672 0.81820 0.62878 0.82122 0.63948 0.83301 0.65183 0.84618 0.67241 0.85743 0.68970 0.87060 0.70864 0.87719 0.71234 0.88762 0.71563 0.89365 0.72304 0.90820 0.71975 0.93042 0.71893 0.94414 0.72016 0.95759 0.71399 0.96911 0.70575 0.97350 0.69052 0.96993 0.67118 0.96060 0.65718 0.94963 0.63784 0.93289 0.61643 0.92137 0.60326 0.91094 0.59832 0.89530 0.61396
4 0.91856 0.41103 0.90439 0.42098 0.89638 0.42818 0.89593 0.43573 0.89570 0.45357 0.89295 0.46969 0.89090 0.48581 0.88861 0.49953 0.89158 0.51188 0.89730 0.51805 0.91102 0.52491 0.91765 0.52937 0.92405 0.53246 0.92703 0.53658 0.93366 0.53452 0.93869 0.52251 0.94486 0.50228 0.94829 0.47483 0.95195 0.45700 0.96292 0.42818 0.96750 0.41035 0.96315 0.40211 0.95904 0.39114 0.94806 0.39011 0.93571 0.39937 0.91856 0.41103
4 0.15070 0.35268 0.13538 0.34514 0.12738 0.33793 0.12532 0.35611 0.12829 0.37464 0.12806 0.38630 0.12944 0.41477 0.13172 0.44221 0.13790 0.46931 0.14178 0.48715 0.14636 0.50087 0.15047 0.51013 0.15939 0.50876 0.16465 0.50635 0.16579 0.50087 0.16076 0.45833 0.16030 0.42540 0.16053 0.39625 0.15916 0.37875 0.15710 0.36160 0.15070 0.35268
4 0.52344 0.59536 0.51257 0.59684 0.50566 0.60079 0.50039 0.60573 0.49315 0.61511 0.48920 0.63388 0.48920 0.65364 0.49084 0.67636 0.49249 0.69513 0.49315 0.70995 0.49446 0.73317 0.49743 0.74749 0.50500 0.76330 0.51060 0.77911 0.51521 0.79689 0.52377 0.81319 0.53628 0.82356 0.54451 0.82356 0.55735 0.81516 0.56591 0.80874 0.57349 0.79294 0.57744 0.77120 0.57843 0.75441 0.58073 0.74008 0.58073 0.72823 0.58205 0.71736 0.58238 0.69365 0.58501 0.68229 0.58666 0.66747 0.58666 0.65562 0.58929 0.63635 0.59226 0.61758 0.58995 0.60227 0.58732 0.59437 0.58337 0.58992 0.57316 0.58992 0.56460 0.58943 0.56032 0.58992 0.55143 0.59190 0.54385 0.59338 0.53463 0.59536 0.52344 0.59536
4 0.62979 0.56917 0.62288 0.56720 0.61070 0.56523 0.60049 0.56374 0.59061 0.56275 0.58172 0.56127 0.57415 0.56473 0.56987 0.56917 0.56657 0.57560 0.56361 0.58696 0.56460 0.58943 0.57316 0.58992 0.58337 0.58992 0.58732 0.59437 0.58995 0.60227 0.59226 0.61758 0.58929 0.63635 0.58666 0.65562 0.58666 0.66747 0.58501 0.68229 0.58238 0.69365 0.58205 0.71736 0.58073 0.72823 0.58468 0.74107 0.59160 0.74700 0.59621 0.75540 0.60148 0.76922 0.60740 0.78207 0.61300 0.79639 0.62222 0.80627 0.62782 0.80825 0.63506 0.80529 0.64461 0.79639 0.65021 0.78108 0.65877 0.74749 0.65943 0.72032 0.66371 0.70501 0.66832 0.68378 0.66898 0.65809 0.67227 0.63882 0.67161 0.60030 0.66502 0.59486 0.65054 0.58400 0.64132 0.57659 0.62979 0.56917
4 0.66208 0.32596 0.65430 0.33797 0.64355 0.35512 0.63647 0.37570 0.63258 0.38428 0.63052 0.39114 0.62801 0.39937 0.62732 0.41240 0.62823 0.42818 0.63006 0.44328 0.63236 0.44771 0.63631 0.46895 0.63533 0.48871 0.63670 0.49679 0.63967 0.49816 0.64378 0.50433 0.64973 0.50879 0.65933 0.50913 0.67237 0.50982 0.68128 0.51188 0.69226 0.51188 0.70095 0.51256 0.70666 0.50948 0.70804 0.50708 0.71581 0.50433 0.71970 0.49987 0.72747 0.48855 0.73205 0.48101 0.73639 0.47037 0.73891 0.45974 0.74050 0.44533 0.73982 0.43264 0.73822 0.41789 0.73662 0.40348 0.73273 0.38908 0.73022 0.37673 0.72793 0.36541 0.72610 0.35203 0.72336 0.34003 0.72038 0.32767 0.71695 0.31773 0.71124 0.30470 0.70621 0.29783 0.69752 0.29578 0.68860 0.29955 0.67625 0.30675 0.66779 0.31464 0.66208 0.32596
4 0.77709 0.29578 0.77051 0.30648 0.76474 0.32665 0.75953 0.34394 0.75541 0.35793 0.74965 0.36781 0.74087 0.37893 0.73273 0.38908 0.73662 0.40348 0.73822 0.41789 0.73982 0.43264 0.74050 0.44533 0.74499 0.45837 0.75624 0.47483 0.76173 0.48595 0.76694 0.49747 0.76996 0.50735 0.77215 0.51188 0.78093 0.51970 0.78697 0.52423 0.79548 0.52999 0.80014 0.53040 0.80453 0.52711 0.80865 0.52505 0.81414 0.52176 0.81660 0.51682 0.81798 0.50365 0.82099 0.47771 0.82292 0.46125 0.82401 0.43985 0.82429 0.41432 0.82648 0.39210 0.82538 0.36740 0.82538 0.34929 0.82566 0.33323 0.82566 0.31636 0.82813 0.30812 0.82950 0.29825 0.82566 0.28754 0.81468 0.27684 0.80590 0.27519 0.79795 0.28096 0.78697 0.28878 0.77709 0.29578
4 0.87664 0.76173 0.87966 0.75433 0.87746 0.74157 0.87417 0.72675 0.87060 0.70864 0.85743 0.68970 0.84618 0.67241 0.83301 0.65183 0.82122 0.63948 0.81326 0.62960 0.80640 0.62755 0.79926 0.63043 0.79871 0.63660 0.80283 0.64442 0.80777 0.65965 0.81381 0.68065 0.81984 0.70617 0.82698 0.73910 0.83439 0.75227 0.85441 0.76256 0.86374 0.76462 0.87664 0.76173
4 0.38811 0.57832 0.38290 0.57502 0.37330 0.57173 0.36699 0.56967 0.36095 0.56844 0.35437 0.56761 0.34750 0.56844 0.33900 0.57132 0.33269 0.57214 0.32473 0.57461 0.31732 0.58161 0.31375 0.58613 0.30882 0.59478 0.30662 0.60631 0.30497 0.62277 0.30525 0.63430 0.30744 0.65076 0.30964 0.67134 0.31403 0.70221 0.31650 0.71621 0.32308 0.74050 0.32802 0.74790 0.33241 0.76560 0.33543 0.77837 0.33872 0.79689 0.34449 0.81088 0.34970 0.82035 0.36095 0.81459 0.37028 0.79977 0.37796 0.78742 0.38318 0.77301 0.39141 0.74873 0.39470 0.73597 0.39964 0.72156 0.40787 0.71292 0.41171 0.70715 0.41199 0.68122 0.41226 0.65405 0.41363 0.63677 0.41363 0.61330 0.41144 0.59766 0.40595 0.58449 0.40293 0.57996 0.39799 0.57914 0.39497 0.57996 0.38811 0.57832
4 0.20122 0.60943 0.19496 0.60696 0.19068 0.60795 0.18179 0.61289 0.17487 0.62129 0.16829 0.63463 0.16039 0.65241 0.15512 0.67266 0.14886 0.69686 0.14458 0.71613 0.13931 0.73786 0.13931 0.76108 0.13931 0.78281 0.14261 0.80454 0.14458 0.81146 0.15775 0.80652 0.16895 0.79071 0.18146 0.77392 0.19858 0.74972 0.20813 0.73391 0.21208 0.72946 0.21340 0.71465 0.21505 0.68402 0.21636 0.66031 0.21965 0.64648 0.21406 0.63364 0.20912 0.62475 0.20451 0.61536 0.20122 0.60943
4 0.50226 0.56638 0.49458 0.56514 0.48415 0.56432 0.47565 0.56473 0.46906 0.56556 0.46247 0.56638 0.45479 0.56556 0.45040 0.56309 0.44697 0.56230 0.43611 0.56280 0.42798 0.56461 0.42058 0.56337 0.41473 0.56432 0.41336 0.57132 0.41199 0.58079 0.41281 0.59149 0.41336 0.60672 0.41528 0.62195 0.41610 0.64459 0.41473 0.66599 0.41418 0.68740 0.41528 0.70839 0.41748 0.71909 0.42296 0.72732 0.42927 0.74379 0.43284 0.75531 0.43531 0.77013 0.44080 0.78413 0.44903 0.78907 0.45260 0.78742 0.45808 0.78166 0.46467 0.76643 0.47098 0.75161 0.47839 0.74091 0.48662 0.73062 0.49211 0.72568 0.49315 0.70995 0.49249 0.69513 0.49084 0.67636 0.48920 0.65364 0.48920 0.63388 0.49315 0.61511 0.50039 0.60573 0.50566 0.60079 0.51257 0.59684 0.51269 0.59066 0.51241 0.58284 0.51077 0.57626 0.50857 0.57008 0.50226 0.56638
1 0.62823 0.42818 0.63006 0.44328 0.63578 0.44876 0.63990 0.44087 0.64333 0.43024 0.64493 0.42269 0.64424 0.41480 0.64333 0.40485 0.64173 0.39697 0.63647 0.38942 0.63052 0.39114 0.62801 0.39937 0.62732 0.41240 0.62823 0.42818
4 0.28818 0.32558 0.28269 0.31035 0.27529 0.30664 0.26595 0.30458 0.25498 0.30664 0.24510 0.31035 0.23879 0.32146 0.23577 0.33669 0.23440 0.35686 0.23413 0.37250 0.23358 0.38320 0.23138 0.38279 0.22836 0.40790 0.22946 0.42272 0.23193 0.44248 0.23522 0.45935 0.23714 0.46800 0.24071 0.48117 0.24373 0.48652 0.25004 0.49434 0.25772 0.49887 0.26870 0.49887 0.27693 0.49599 0.27940 0.49311 0.28324 0.49476 0.29257 0.49558 0.29888 0.49311 0.30519 0.48735 0.30903 0.48158 0.31260 0.47335 0.31535 0.46841 0.31919 0.46471 0.32303 0.45771 0.32467 0.44165 0.32687 0.43136 0.32852 0.42313 0.33016 0.41613 0.32989 0.39555 0.33126 0.38732 0.32550 0.37415 0.30986 0.36263 0.29888 0.34822 0.29312 0.33752 0.28818 0.32558
4 0.51843 0.30891 0.50855 0.31780 0.50164 0.32670 0.49308 0.34152 0.48584 0.35238 0.48189 0.36127 0.47958 0.37560 0.47826 0.38795 0.47728 0.39980 0.47529 0.40918 0.47463 0.42449 0.47595 0.44425 0.47628 0.46450 0.47660 0.49167 0.47693 0.51390 0.47892 0.52675 0.48057 0.53712 0.48419 0.54799 0.48847 0.55836 0.49176 0.56034 0.50362 0.55984 0.51810 0.55984 0.53259 0.55836 0.54708 0.55885 0.56091 0.55935 0.57243 0.55787 0.58001 0.55787 0.58923 0.56132 0.59713 0.55885 0.60503 0.55490 0.61195 0.55194 0.61557 0.54700 0.62347 0.53811 0.62545 0.53663 0.63104 0.52971 0.63467 0.51341 0.63533 0.50254 0.63533 0.48871 0.63631 0.46895 0.63236 0.44771 0.62709 0.42697 0.62479 0.41511 0.62281 0.39782 0.61952 0.38103 0.61688 0.36523 0.61096 0.34695 0.60437 0.32818 0.59845 0.31287 0.58824 0.30052 0.57573 0.29311 0.56980 0.29212 0.55926 0.29261 0.55103 0.28965 0.54181 0.29410 0.52963 0.30002 0.51843 0.30891
4 0.14359 0.61240 0.13800 0.61882 0.13141 0.62326 0.12285 0.62919 0.11725 0.63709 0.11198 0.64994 0.10639 0.66920 0.10244 0.68847 0.10309 0.70822 0.10342 0.72897 0.10441 0.75564 0.10375 0.76849 0.11165 0.77046 0.12351 0.75811 0.13273 0.75169 0.13931 0.73786 0.14458 0.71613 0.14886 0.69686 0.15512 0.67266 0.16039 0.65241 0.16829 0.63463 0.17487 0.62129 0.17290 0.61586 0.16664 0.60845 0.15775 0.60449 0.15150 0.60647 0.14359 0.61240
4 0.42140 0.30570 0.40878 0.29911 0.39725 0.29623 0.38820 0.29540 0.37311 0.29705 0.36323 0.30364 0.35307 0.31557 0.34375 0.34110 0.33496 0.36332 0.33195 0.37691 0.33126 0.38732 0.32989 0.39555 0.33016 0.41613 0.32852 0.42313 0.32687 0.43136 0.32467 0.44165 0.32303 0.45771 0.31919 0.46471 0.31850 0.48023 0.31823 0.49916 0.31823 0.51192 0.31960 0.52098 0.32399 0.53621 0.32865 0.54526 0.33689 0.55473 0.34649 0.56214 0.36076 0.56296 0.36597 0.56214 0.38024 0.56543 0.39423 0.56543 0.40109 0.56790 0.40987 0.56625 0.42058 0.56337 0.42798 0.56461 0.43611 0.56280 0.44697 0.56230 0.45422 0.55736 0.46343 0.55440 0.46936 0.54995 0.47397 0.54008 0.47463 0.52872 0.47693 0.51390 0.47660 0.49167 0.47628 0.46450 0.47595 0.44425 0.47463 0.42449 0.47529 0.40918 0.47595 0.39634 0.47364 0.38004 0.46667 0.36332 0.45542 0.34645 0.44253 0.33122 0.43155 0.31640 0.42140 0.30570
4 0.25291 0.59758 0.24205 0.60104 0.23348 0.60400 0.22657 0.61882 0.22097 0.63660 0.21636 0.66031 0.21505 0.68402 0.21340 0.71465 0.21175 0.74972 0.21044 0.76602 0.21044 0.78775 0.20879 0.81640 0.21044 0.83072 0.21439 0.84949 0.22295 0.85591 0.23348 0.85789 0.24501 0.85246 0.25423 0.84801 0.25884 0.83665 0.26707 0.81492 0.27366 0.79368 0.27991 0.77096 0.28551 0.75416 0.29473 0.74280 0.30428 0.73588 0.30988 0.73193 0.31152 0.71563 0.31119 0.69637 0.31053 0.68649 0.30964 0.67134 0.30230 0.65389 0.29341 0.63364 0.28715 0.62178 0.27892 0.61141 0.27530 0.60746 0.27069 0.59560 0.26114 0.59462 0.25291 0.59758
4 0.20449 0.32393 0.19599 0.31282 0.18775 0.30664 0.17870 0.30335 0.17019 0.30376 0.16141 0.30788 0.15812 0.31117 0.15812 0.32722 0.15812 0.34245 0.15710 0.36160 0.15916 0.37875 0.16053 0.39625 0.16030 0.42540 0.16076 0.45833 0.16579 0.50087 0.16910 0.52069 0.17129 0.52522 0.17733 0.52563 0.18775 0.52398 0.19763 0.52234 0.20641 0.51822 0.21410 0.51245 0.21958 0.50463 0.22315 0.49434 0.22836 0.48282 0.23385 0.47500 0.23714 0.46800 0.23522 0.45935 0.23193 0.44248 0.22946 0.42272 0.22836 0.40790 0.23138 0.38279 0.22397 0.37497 0.21300 0.35892 0.20943 0.33505 0.20449 0.32393
4 0.77347 0.64319 0.76771 0.64895 0.76716 0.65142 0.76743 0.66089 0.76990 0.67406 0.77127 0.68312 0.77100 0.69793 0.76990 0.71316 0.76716 0.73045 0.76634 0.73786 0.76826 0.74774 0.77676 0.76338 0.78005 0.77367 0.78472 0.78108 0.79405 0.78931 0.80091 0.79796 0.81079 0.80537 0.82231 0.80990 0.83137 0.80495 0.83439 0.79837 0.83054 0.77532 0.83219 0.76379 0.82752 0.74486 0.82698 0.73910 0.81984 0.70617 0.81381 0.68065 0.80777 0.65965 0.80283 0.64442 0.79871 0.63660 0.79679 0.63495 0.78856 0.62713 0.78472 0.63001 0.77896 0.63537 0.77347 0.64319
4 0.09125 0.33999 0.08691 0.35063 0.08759 0.37326 0.08736 0.39728 0.08828 0.42129 0.09240 0.44324 0.09811 0.47274 0.10291 0.49401 0.11046 0.50601 0.12006 0.50807 0.13332 0.49950 0.13996 0.49401 0.14178 0.48715 0.13790 0.46931 0.13172 0.44221 0.12944 0.41477 0.12806 0.38630 0.12258 0.37155 0.11046 0.35886 0.10063 0.34994 0.09125 0.33999
