4 0.23281 0.29374 0.23441 0.33251 0.23820 0.35487 0.24176 0.36463 0.24924 0.38600 0.25937 0.40077 0.26473 0.40722 0.27333 0.40474 0.28068 0.40134 0.28913 0.38997 0.29422 0.39876 0.29954 0.40288 0.30632 0.40229 0.31111 0.39379 0.31739 0.38200 0.31939 0.37262 0.31456 0.36149 0.31181 0.34564 0.30876 0.32981 0.30724 0.29572 0.30840 0.25644 0.30587 0.23498 0.29853 0.22109 0.28556 0.20309 0.27445 0.18599 0.26104 0.17781 0.25425 0.17793 0.24405 0.19493 0.23743 0.22262 0.23330 0.25120 0.23421 0.28577 0.23281 0.29374
1 0.50366 0.48521 0.50539 0.47817 0.50588 0.47256 0.50308 0.46933 0.49729 0.47364 0.49680 0.48300 0.50029 0.48667 0.50366 0.48521
4 0.69115 0.30771 0.69280 0.33152 0.69328 0.35908 0.69384 0.37356 0.69832 0.38283 0.70904 0.39526 0.71725 0.40587 0.72813 0.41035 0.73462 0.41070 0.73827 0.40737 0.74312 0.40261 0.74926 0.40063 0.75284 0.39356 0.75446 0.37998 0.75330 0.34915 0.75500 0.32249 0.75559 0.28555 0.75465 0.26734 0.75542 0.22293 0.74670 0.21841 0.73152 0.21540 0.72752 0.21594 0.72020 0.22121 0.71424 0.23346 0.71085 0.25175 0.70866 0.26768 0.70032 0.28465 0.68975 0.29839 0.69115 0.30771
4 0.71414 0.54613 0.72545 0.57491 0.73199 0.59629 0.74320 0.61947 0.74583 0.62877 0.75266 0.61323 0.75742 0.60286 0.75730 0.57809 0.76072 0.56214 0.76062 0.53878 0.75620 0.51502 0.74962 0.49223 0.74434 0.47223 0.74382 0.46008 0.74390 0.44746 0.73915 0.44054 0.73490 0.42706 0.71781 0.42035 0.70747 0.42941 0.69762 0.44827 0.69222 0.45771 0.68928 0.46571 0.69269 0.48435 0.69594 0.51140 0.70336 0.52996 0.71414 0.54613
4 0.20720 0.38299 0.21645 0.39965 0.22503 0.41399 0.23473 0.42130 0.24197 0.41183 0.24640 0.40053 0.24999 0.39393 0.24924 0.38600 0.24176 0.36463 0.23820 0.35487 0.23441 0.33251 0.23281 0.29374 0.21829 0.27530 0.20878 0.26098 0.20357 0.24565 0.19679 0.24623 0.19814 0.27051 0.19744 0.30090 0.19516 0.31216 0.19793 0.34716 0.19847 0.36024 0.20720 0.38299
4 0.78607 0.40467 0.79242 0.39708 0.80108 0.38057 0.80670 0.36645 0.81157 0.34487 0.81339 0.32567 0.81348 0.29529 0.81481 0.26536 0.81162 0.25934 0.80473 0.25385 0.79864 0.25863 0.78637 0.26305 0.77814 0.26880 0.76689 0.27881 0.75578 0.27901 0.75559 0.28555 0.75500 0.32249 0.75330 0.34915 0.75446 0.37998 0.76220 0.38125 0.76727 0.38910 0.77496 0.40486 0.78023 0.40664 0.78607 0.40467
4 0.48620 0.45056 0.48208 0.46185 0.47575 0.47037 0.47238 0.47230 0.47322 0.50266 0.47487 0.52647 0.47825 0.54324 0.48084 0.56796 0.48467 0.59266 0.48595 0.61274 0.49372 0.63363 0.50044 0.64707 0.51595 0.65147 0.51971 0.65468 0.53638 0.65486 0.54745 0.65233 0.56100 0.65022 0.56653 0.64872 0.56613 0.62630 0.56609 0.58844 0.57083 0.57714 0.57176 0.55936 0.57220 0.54907 0.57184 0.52852 0.57145 0.50656 0.57139 0.48553 0.57039 0.46311 0.56559 0.45338 0.56690 0.44027 0.56422 0.42817 0.55461 0.42600 0.54103 0.42624 0.53238 0.42545 0.52006 0.42707 0.51058 0.43238 0.49951 0.43490 0.49186 0.43878 0.48620 0.45056
4 0.26832 0.48895 0.26773 0.50812 0.26664 0.53431 0.26705 0.55767 0.26739 0.57683 0.26774 0.59692 0.26926 0.61372 0.27233 0.63002 0.27909 0.64626 0.27991 0.65793 0.28510 0.67233 0.29409 0.67404 0.30448 0.66825 0.31138 0.65691 0.31408 0.63443 0.31553 0.61151 0.31591 0.59795 0.32159 0.58757 0.32733 0.58046 0.33196 0.58037 0.33065 0.55843 0.32445 0.53891 0.31884 0.51798 0.31510 0.49841 0.31170 0.48071 0.31052 0.46578 0.30674 0.46164 0.30498 0.44952 0.29988 0.43979 0.29637 0.43331 0.28894 0.43204 0.28402 0.43306 0.27950 0.43968 0.27634 0.45329 0.27066 0.46367 0.26899 0.47445 0.26832 0.48895
4 0.57246 0.45840 0.57039 0.46311 0.57139 0.48553 0.57145 0.50656 0.57184 0.52852 0.57220 0.54907 0.57176 0.55936 0.57083 0.57714 0.57415 0.59064 0.57619 0.60135 0.59056 0.61091 0.60494 0.62141 0.61310 0.62875 0.62394 0.63089 0.63506 0.63163 0.64267 0.62496 0.63984 0.60445 0.63798 0.58672 0.63897 0.57221 0.64386 0.55203 0.64355 0.53427 0.64374 0.50950 0.64200 0.48102 0.64280 0.45577 0.64234 0.44690 0.64091 0.43618 0.63705 0.42690 0.62625 0.42708 0.61576 0.42773 0.61053 0.42876 0.60227 0.43311 0.59523 0.43651 0.58883 0.44129 0.57945 0.45174 0.57246 0.45840
4 0.38371 0.22007 0.38034 0.23929 0.37653 0.25104 0.37567 0.27256 0.37387 0.29315 0.37605 0.31181 0.37753 0.32580 0.38143 0.33695 0.38440 0.34812 0.39000 0.35082 0.39506 0.35774 0.40380 0.36320 0.41402 0.36489 0.42545 0.36563 0.43352 0.36782 0.44653 0.37040 0.45568 0.36416 0.45996 0.36175 0.46336 0.36216 0.46873 0.36908 0.47497 0.37271 0.48513 0.37113 0.49113 0.36168 0.49683 0.35223 0.49910 0.34050 0.49885 0.32649 0.49910 0.30499 0.50034 0.28767 0.49908 0.26853 0.49510 0.25271 0.49100 0.23035 0.48950 0.21495 0.48736 0.19863 0.48332 0.17954 0.47183 0.17507 0.45576 0.17441 0.44307 0.17230 0.42947 0.17113 0.41464 0.17046 0.40226 0.16880 0.39240 0.16991 0.39004 0.19379 0.38871 0.20596 0.38702 0.21534 0.38371 0.22007
4 0.20072 0.61304 0.20845 0.59562 0.21605 0.57118 0.22056 0.56456 0.22158 0.55239 0.21991 0.52718 0.22462 0.51401 0.22889 0.49384 0.23502 0.47364 0.23065 0.47091 0.22283 0.46450 0.20709 0.46478 0.19400 0.47529 0.18477 0.49508 0.18343 0.52408 0.18267 0.55120 0.18519 0.58948 0.18715 0.61375 0.19370 0.61737 0.20072 0.61304
4 0.79235 0.60552 0.79280 0.57841 0.79260 0.53121 0.79015 0.51489 0.78607 0.49346 0.77740 0.47399 0.75973 0.45233 0.75255 0.44731 0.74390 0.44746 0.74382 0.46008 0.74434 0.47223 0.74962 0.49223 0.75620 0.51502 0.76062 0.53878 0.76072 0.56214 0.76526 0.57468 0.77235 0.59185 0.78379 0.61034 0.78817 0.61354 0.79235 0.60552
4 0.64386 0.55203 0.64943 0.57063 0.66241 0.58910 0.66991 0.59410 0.66897 0.61095 0.67147 0.61277 0.68009 0.61122 0.68717 0.61063 0.69268 0.60773 0.69357 0.58808 0.69550 0.55674 0.69410 0.52965 0.69594 0.51140 0.69269 0.48435 0.68928 0.46571 0.68478 0.45597 0.67840 0.44393 0.66892 0.43148 0.66324 0.42410 0.65182 0.42430 0.64591 0.43936 0.64280 0.45577 0.64200 0.48102 0.64374 0.50950 0.64355 0.53427 0.64386 0.55203
4 0.30934 0.22137 0.30587 0.23498 0.30840 0.25644 0.30724 0.29572 0.30876 0.32981 0.31181 0.34564 0.31456 0.36149 0.31939 0.37262 0.32698 0.38324 0.33249 0.38080 0.33702 0.37512 0.34436 0.37078 0.35542 0.36825 0.36466 0.36669 0.37664 0.36321 0.38308 0.36123 0.38440 0.34812 0.38143 0.33695 0.37753 0.32580 0.37605 0.31181 0.37387 0.29315 0.37567 0.27256 0.37653 0.25104 0.38034 0.23929 0.38371 0.22007 0.37541 0.20433 0.36501 0.19236 0.35366 0.17853 0.34216 0.17406 0.33258 0.17376 0.32130 0.18143 0.31341 0.18952 0.30987 0.19893 0.30943 0.20875 0.30934 0.22137
4 0.38375 0.41683 0.37370 0.42495 0.37269 0.43759 0.37546 0.45483 0.37928 0.47953 0.38216 0.50285 0.38620 0.52194 0.39218 0.54614 0.39636 0.57364 0.39794 0.59324 0.40177 0.60065 0.41018 0.60471 0.41100 0.61638 0.40976 0.63370 0.41211 0.64441 0.42213 0.65264 0.43295 0.67115 0.44237 0.68033 0.44956 0.68582 0.45787 0.68427 0.46422 0.67668 0.46856 0.66025 0.47250 0.63821 0.47503 0.62415 0.47983 0.61612 0.48467 0.59266 0.48084 0.56796 0.47825 0.54324 0.47487 0.52647 0.47322 0.50266 0.47238 0.47230 0.46947 0.46487 0.46063 0.45334 0.45454 0.44036 0.44899 0.42317 0.44349 0.40878 0.43624 0.40002 0.42608 0.40160 0.41538 0.40740 0.40554 0.40991 0.39261 0.41153 0.38375 0.41683
1 0.25686 0.21598 0.24901 0.22640 0.24546 0.23487 0.23918 0.22890 0.23743 0.22262 0.23330 0.25120 0.23863 0.25041 0.24817 0.24884 0.25333 0.24361 0.25772 0.22998 0.26345 0.22240 0.26334 0.21586 0.25686 0.21598
4 0.22188 0.56968 0.22223 0.58977 0.22273 0.60051 0.22564 0.62570 0.23090 0.64383 0.23587 0.64561 0.24394 0.63098 0.25423 0.61912 0.25999 0.59518 0.26754 0.58571 0.26739 0.57683 0.26705 0.55767 0.26664 0.53431 0.26773 0.50812 0.26832 0.48895 0.26899 0.47445 0.26887 0.46744 0.26449 0.46378 0.25641 0.46065 0.24869 0.46078 0.24075 0.46559 0.23502 0.47364 0.22889 0.49384 0.22462 0.51401 0.21991 0.52718 0.22158 0.55239 0.22188 0.56968
4 0.12109 0.36580 0.12843 0.37969 0.13395 0.39548 0.13678 0.41600 0.14026 0.43837 0.14720 0.46442 0.15572 0.47549 0.16803 0.47294 0.18451 0.46237 0.19666 0.45094 0.20480 0.44005 0.20585 0.42928 0.19205 0.41690 0.18049 0.40869 0.17286 0.39621 0.16579 0.37997 0.16450 0.35943 0.16101 0.35388 0.15325 0.35168 0.14758 0.34477 0.14495 0.33594 0.13202 0.33757 0.12314 0.34193 0.11592 0.35280 0.12109 0.36580
4 0.31884 0.51798 0.32445 0.53891 0.33065 0.55843 0.33466 0.57565 0.34254 0.60262 0.34445 0.62362 0.35035 0.64362 0.36072 0.65372 0.37052 0.64934 0.37507 0.62729 0.38252 0.61174 0.38977 0.60273 0.39375 0.58304 0.39636 0.57364 0.39218 0.54614 0.38620 0.52194 0.38216 0.50285 0.37928 0.47953 0.37546 0.45483 0.37370 0.44271 0.36811 0.44047 0.35882 0.43876 0.34678 0.43897 0.33722 0.43914 0.32740 0.44258 0.31704 0.45071 0.31279 0.45452 0.31052 0.46578 0.31170 0.48071 0.31510 0.49841 0.31884 0.51798
4 0.78804 0.41164 0.79306 0.41623 0.79731 0.42971 0.80076 0.43292 0.80697 0.43515 0.81497 0.43360 0.82013 0.42884 0.82943 0.41326 0.83739 0.39162 0.83930 0.37756 0.84360 0.35833 0.84914 0.34000 0.85450 0.32869 0.85428 0.31608 0.84960 0.31336 0.84344 0.31393 0.83607 0.31593 0.83375 0.32438 0.82552 0.33060 0.81716 0.32935 0.81339 0.32567 0.81157 0.34487 0.80670 0.36645 0.80108 0.38057 0.79242 0.39708 0.78607 0.40467 0.78023 0.40664 0.78274 0.40893 0.78804 0.41164
4 0.18049 0.40869 0.19205 0.41690 0.20405 0.41436 0.20948 0.40725 0.21645 0.39965 0.20720 0.38299 0.19847 0.36024 0.19793 0.34716 0.19516 0.31216 0.18482 0.30299 0.17359 0.29665 0.16771 0.29581 0.16547 0.30894 0.16800 0.32993 0.16735 0.34583 0.16450 0.35943 0.16579 0.37997 0.17286 0.39621 0.18049 0.40869
4 0.62233 0.25563 0.61847 0.26458 0.62098 0.28463 0.62237 0.31125 0.62148 0.33089 0.62393 0.34767 0.62790 0.36256 0.63159 0.37932 0.63523 0.39328 0.63813 0.40070 0.64744 0.40335 0.65701 0.40318 0.66452 0.40912 0.67472 0.40988 0.68516 0.40689 0.69182 0.39930 0.69367 0.38151 0.69328 0.35908 0.69280 0.33152 0.69115 0.30771 0.68871 0.29186 0.68782 0.25823 0.68683 0.23721 0.68646 0.21619 0.68192 0.20365 0.66877 0.19266 0.65823 0.19051 0.64694 0.19772 0.64031 0.20718 0.63442 0.22317 0.62795 0.24198 0.62233 0.25563
4 0.50218 0.28717 0.50295 0.31380 0.50409 0.34369 0.50712 0.35766 0.51187 0.36459 0.51962 0.36679 0.52803 0.37085 0.53646 0.37631 0.54729 0.37799 0.56387 0.37256 0.57186 0.37102 0.58209 0.37317 0.58773 0.37822 0.60095 0.37518 0.60922 0.37130 0.61435 0.36420 0.61905 0.35103 0.62148 0.33089 0.62237 0.31125 0.62098 0.28463 0.61847 0.26458 0.61685 0.24217 0.61337 0.21980 0.60999 0.20304 0.60295 0.18914 0.59595 0.17664 0.58894 0.16414 0.57477 0.16626 0.55876 0.16841 0.54393 0.16773 0.53040 0.17078 0.52086 0.17234 0.51443 0.17526 0.51034 0.18888 0.50630 0.20485 0.50357 0.22499 0.50042 0.23953 0.50107 0.25915 0.50218 0.28717
