4 0.09155 0.63372 0.11274 0.63679 0.13290 0.64084 0.14886 0.63844 0.17028 0.63000 0.18894 0.61241 0.20755 0.60210 0.22616 0.58998 0.23211 0.55594 0.20916 0.56403 0.18727 0.56749 0.18303 0.56651 0.17896 0.56132 0.17096 0.54852 0.16525 0.53990 0.15827 0.52795 0.15156 0.51484 0.14586 0.50440 0.13926 0.49436 0.13770 0.48001 0.13634 0.46092 0.13112 0.46583 0.12651 0.47876 0.12179 0.49045 0.11012 0.51817 0.10264 0.53652 0.09824 0.55557 0.09437 0.57232 0.08785 0.59880 0.08464 0.61448 0.08219 0.63035 0.09155 0.63372
4 0.73091 0.77707 0.73916 0.75890 0.74316 0.74157 0.74872 0.72278 0.75291 0.71341 0.75443 0.70561 0.73299 0.70358 0.71092 0.70432 0.68989 0.70896 0.67125 0.70538 0.66098 0.69717 0.65821 0.70371 0.66200 0.72770 0.66158 0.76289 0.66195 0.79643 0.66196 0.82625 0.66855 0.83811 0.67904 0.84540 0.69709 0.83922 0.71063 0.81923 0.72341 0.79724 0.73091 0.77707
4 0.60446 0.79776 0.60896 0.78177 0.61878 0.76031 0.62358 0.73952 0.62911 0.72437 0.63320 0.71193 0.63845 0.69794 0.63890 0.69074 0.63365 0.69962 0.62168 0.70927 0.60469 0.71119 0.58864 0.71113 0.56616 0.70521 0.54800 0.69956 0.53217 0.69226 0.52753 0.69179 0.52775 0.71192 0.52945 0.73969 0.52826 0.75888 0.53187 0.78891 0.53785 0.81219 0.54923 0.83672 0.56155 0.83956 0.58206 0.83153 0.59480 0.81500 0.60446 0.79776
4 0.47087 0.45180 0.46963 0.46174 0.46530 0.48751 0.45812 0.53269 0.45387 0.56517 0.44847 0.58679 0.44882 0.60002 0.44861 0.62624 0.44985 0.64405 0.45465 0.66122 0.45982 0.67044 0.47041 0.67727 0.48242 0.68004 0.49705 0.68415 0.51445 0.68890 0.53217 0.69226 0.54800 0.69956 0.56616 0.70521 0.58864 0.71113 0.60469 0.71119 0.62168 0.70927 0.63365 0.69962 0.64210 0.68406 0.64829 0.66359 0.65439 0.63506 0.66379 0.59855 0.66979 0.56416 0.67309 0.53718 0.67580 0.50861 0.67687 0.47235 0.67815 0.44783 0.67726 0.42426 0.67572 0.40566 0.67126 0.38492 0.66493 0.36594 0.64357 0.35517 0.62406 0.34482 0.59850 0.33746 0.57424 0.34135 0.55658 0.35041 0.53754 0.35697 0.51561 0.37818 0.49942 0.39562 0.48424 0.42131 0.47997 0.43347 0.47087 0.45180
4 0.17513 0.29155 0.16482 0.30985 0.15835 0.33087 0.15344 0.34859 0.15049 0.36312 0.14542 0.38740 0.14116 0.40711 0.13744 0.42442 0.13634 0.46092 0.13770 0.48001 0.13926 0.49436 0.14586 0.50440 0.15156 0.51484 0.15827 0.52795 0.16525 0.53990 0.17096 0.54852 0.17896 0.56132 0.18303 0.56651 0.18727 0.56749 0.20916 0.56403 0.23211 0.55594 0.24386 0.55075 0.26049 0.54546 0.27098 0.53693 0.28203 0.52245 0.29568 0.50370 0.29919 0.49904 0.30272 0.47674 0.30768 0.45172 0.31284 0.43467 0.31808 0.42249 0.32072 0.41458 0.31376 0.38500 0.30661 0.37909 0.30147 0.36269 0.29445 0.34039 0.28871 0.31959 0.27958 0.30289 0.26506 0.28676 0.24462 0.26988 0.23193 0.26512 0.21290 0.26498 0.19585 0.27382 0.18357 0.28133 0.17513 0.29155
4 0.68129 0.53542 0.67409 0.56661 0.66379 0.59855 0.65439 0.63506 0.64829 0.66359 0.65307 0.68294 0.66098 0.69717 0.67125 0.70538 0.68989 0.70896 0.71092 0.70432 0.73299 0.70358 0.75443 0.70561 0.78028 0.71377 0.80324 0.71761 0.81499 0.71521 0.82530 0.70007 0.83646 0.67491 0.84654 0.65023 0.85424 0.61477 0.85661 0.58977 0.85981 0.55693 0.86272 0.52110 0.86372 0.49359 0.86513 0.47275 0.86582 0.44444 0.86853 0.41586 0.86487 0.39166 0.84075 0.35908 0.82657 0.35727 0.80247 0.36046 0.78234 0.36968 0.76614 0.38712 0.75169 0.39911 0.73223 0.42016 0.71383 0.44293 0.69994 0.46308 0.68817 0.50562 0.68129 0.53542
4 0.91286 0.85205 0.92006 0.82086 0.91925 0.79452 0.92192 0.77190 0.92444 0.74693 0.92527 0.72400 0.92351 0.70352 0.92597 0.68584 0.92730 0.68006 0.91745 0.68935 0.90692 0.70334 0.89953 0.71076 0.89141 0.71254 0.87830 0.71133 0.86819 0.70596 0.85055 0.75128 0.85853 0.76590 0.86572 0.78216 0.87005 0.81966 0.87871 0.84538 0.88672 0.85636 0.89913 0.86409 0.90905 0.86151 0.91286 0.85205
4 0.44510 0.80112 0.46704 0.77638 0.47786 0.75758 0.49013 0.73608 0.50205 0.70903 0.50918 0.68695 0.49705 0.68415 0.48242 0.68004 0.47041 0.67727 0.45982 0.67044 0.45465 0.66122 0.44985 0.64405 0.44861 0.62624 0.44882 0.60002 0.44847 0.58679 0.45387 0.56517 0.44572 0.58640 0.43748 0.60275 0.42636 0.61052 0.41085 0.61972 0.39788 0.61794 0.39039 0.61998 0.38904 0.64340 0.38960 0.66908 0.39561 0.70453 0.39685 0.72550 0.39744 0.74754 0.39516 0.77499 0.39735 0.79010 0.41127 0.80183 0.42808 0.80632 0.44510 0.80112
4 0.82965 0.79561 0.83636 0.77708 0.84419 0.76247 0.85055 0.75128 0.86819 0.70596 0.85608 0.69343 0.84895 0.68388 0.84210 0.67317 0.84035 0.66668 0.83646 0.67491 0.82530 0.70007 0.81499 0.71521 0.80324 0.71761 0.78028 0.71377 0.75810 0.70670 0.75568 0.72074 0.76126 0.74575 0.76293 0.77716 0.76836 0.82039 0.77448 0.84310 0.78560 0.85114 0.79961 0.85194 0.81451 0.83835 0.82486 0.81458 0.82965 0.79561
4 0.24927 0.73583 0.25670 0.73877 0.27585 0.74015 0.29480 0.73540 0.31414 0.72891 0.32963 0.72154 0.34397 0.69808 0.36004 0.66712 0.36595 0.65206 0.37756 0.61812 0.35788 0.61905 0.34532 0.61371 0.32869 0.60318 0.31631 0.59181 0.30835 0.57355 0.30331 0.56204 0.29863 0.53663 0.29836 0.52196 0.29919 0.49904 0.29568 0.50370 0.28203 0.52245 0.27098 0.53693 0.26049 0.54546 0.24386 0.55075 0.23935 0.55044 0.23483 0.56825 0.22929 0.58522 0.22758 0.60490 0.22419 0.62663 0.22090 0.65142 0.21699 0.67363 0.21964 0.69554 0.22324 0.71158 0.23145 0.72868 0.24927 0.73583
4 0.86338 0.50896 0.86272 0.52110 0.85981 0.55693 0.85661 0.58977 0.85424 0.61477 0.84654 0.65023 0.84035 0.66668 0.84210 0.67317 0.84895 0.68388 0.85608 0.69343 0.86819 0.70596 0.87830 0.71133 0.89141 0.71254 0.89953 0.71076 0.90692 0.70334 0.91745 0.68935 0.92730 0.68006 0.93959 0.65492 0.94866 0.63146 0.95593 0.60698 0.96245 0.58050 0.96496 0.52572 0.96904 0.48347 0.97267 0.41679 0.96960 0.39844 0.96322 0.39271 0.95038 0.39035 0.93499 0.40079 0.91932 0.41421 0.90642 0.43495 0.89808 0.46405 0.88725 0.48284 0.87295 0.50266 0.86338 0.50896
4 0.06559 0.28912 0.05424 0.29073 0.04775 0.29810 0.04083 0.31466 0.03698 0.32645 0.03433 0.34400 0.03275 0.36307 0.03102 0.39985 0.03086 0.41882 0.03118 0.43453 0.03414 0.45464 0.03940 0.46600 0.04388 0.47590 0.04951 0.48565 0.06192 0.49654 0.08411 0.49195 0.10067 0.48732 0.11432 0.47822 0.12449 0.46832 0.13634 0.46092 0.13744 0.42442 0.14116 0.40711 0.14542 0.38740 0.14420 0.37317 0.14035 0.36425 0.13092 0.35997 0.12209 0.34694 0.10934 0.33386 0.09876 0.31748 0.09152 0.30736 0.08052 0.29764 0.07397 0.29063 0.06559 0.28912
4 0.32764 0.40219 0.32072 0.41458 0.31808 0.42249 0.31284 0.43467 0.30768 0.45172 0.30272 0.47674 0.29919 0.49904 0.29836 0.52196 0.29863 0.53663 0.30331 0.56204 0.30835 0.57355 0.31631 0.59181 0.32869 0.60318 0.34532 0.61371 0.35788 0.61905 0.37756 0.61812 0.39788 0.61794 0.41085 0.61972 0.42636 0.61052 0.43748 0.60275 0.44572 0.58640 0.45387 0.56517 0.45812 0.53269 0.46530 0.48751 0.46963 0.46174 0.47095 0.44197 0.46953 0.42704 0.46472 0.40220 0.46287 0.37684 0.45578 0.34782 0.45240 0.32028 0.43517 0.30535 0.42244 0.30424 0.40612 0.30290 0.38860 0.30677 0.37749 0.31272 0.36944 0.32303 0.35748 0.33791 0.35332 0.34364 0.34390 0.36336 0.33279 0.38513 0.32764 0.40219
4 0.00000 0.58591 0.02937 0.57983 0.06278 0.56686 0.08816 0.56055 0.09824 0.55557 0.10264 0.53652 0.11012 0.51817 0.12179 0.49045 0.12651 0.47876 0.13112 0.46583 0.12449 0.46832 0.11432 0.47822 0.10067 0.48732 0.08411 0.49195 0.06192 0.49654 0.04951 0.48565 0.04388 0.47590 0.03940 0.46600 0.03414 0.45464 0.03118 0.43453 0.02833 0.44028 0.00913 0.47600 0.00000 0.49681 0.00000 0.58591
