4 0.70018 0.62091 0.70059 0.62542 0.70097 0.62970 0.70261 0.63019 0.70563 0.63097 0.70847 0.63201 0.71428 0.63504 0.72205 0.63924 0.72627 0.64370 0.73196 0.64747 0.73767 0.65461 0.74315 0.66490 0.74516 0.67280 0.74804 0.67889 0.74988 0.68561 0.75368 0.68555 0.75316 0.67865 0.75133 0.66880 0.74951 0.65583 0.74923 0.64745 0.74898 0.63931 0.74772 0.63034 0.74886 0.62729 0.74853 0.62494 0.74675 0.61701 0.74400 0.61186 0.74133 0.60406 0.73614 0.59420 0.73044 0.58562 0.72615 0.57901 0.72328 0.57773 0.71720 0.57762 0.70824 0.57768 0.70031 0.57711 0.69215 0.57657 0.68727 0.57533 0.68403 0.57940 0.68048 0.58134 0.67896 0.58324 0.68310 0.58554 0.68607 0.58753 0.69038 0.58788 0.69330 0.59108 0.69572 0.59555 0.69764 0.59961 0.69938 0.60562 0.70008 0.61058 0.69986 0.61542 0.70018 0.62091
4 0.76598 0.55272 0.76988 0.55338 0.77593 0.55493 0.78049 0.55381 0.78315 0.55200 0.78490 0.55006 0.78775 0.54485 0.78888 0.54012 0.78948 0.53475 0.78963 0.52631 0.78966 0.51692 0.78824 0.50678 0.78652 0.49620 0.78464 0.48756 0.78041 0.47661 0.77518 0.47133 0.77118 0.47165 0.76314 0.47350 0.75756 0.47525 0.75372 0.47988 0.75687 0.48954 0.75917 0.49787 0.76167 0.50931 0.76247 0.51978 0.76282 0.52863 0.76377 0.53860 0.76389 0.55061 0.76320 0.55215 0.76598 0.55272
4 0.72370 0.48337 0.72588 0.48932 0.72831 0.49860 0.72956 0.50588 0.73092 0.51556 0.73256 0.52567 0.73443 0.53575 0.73575 0.54519 0.73632 0.55401 0.73720 0.56350 0.74038 0.56378 0.74621 0.56368 0.75142 0.56247 0.75537 0.56023 0.76010 0.55716 0.76208 0.55375 0.76389 0.55061 0.76377 0.53860 0.76282 0.52863 0.76247 0.51978 0.76167 0.50931 0.75917 0.49787 0.75687 0.48954 0.75123 0.47493 0.74483 0.45972 0.74149 0.45513 0.73631 0.45177 0.73197 0.44805 0.72738 0.44413 0.72644 0.44859 0.72742 0.45399 0.72572 0.46264 0.72480 0.47047 0.72394 0.47709 0.72370 0.48337
4 0.18116 0.55167 0.17777 0.55820 0.17555 0.56342 0.17588 0.56771 0.17735 0.57818 0.17886 0.58894 0.17989 0.60005 0.18357 0.60906 0.18609 0.61736 0.19037 0.62485 0.19679 0.62452 0.20209 0.62205 0.21305 0.61762 0.21605 0.61604 0.21190 0.60566 0.20892 0.59020 0.20792 0.57735 0.20674 0.56510 0.20792 0.55050 0.20880 0.54143 0.20865 0.53655 0.20506 0.53012 0.19950 0.52888 0.19309 0.53498 0.18708 0.54015 0.18338 0.54443 0.18116 0.55167
4 0.28263 0.65409 0.28307 0.66678 0.28383 0.67701 0.28472 0.68651 0.28611 0.69642 0.28684 0.70642 0.28722 0.71551 0.28949 0.72048 0.29164 0.72619 0.29524 0.73747 0.29724 0.74369 0.30404 0.74899 0.30909 0.75140 0.31502 0.74889 0.32120 0.74176 0.32475 0.73188 0.32663 0.72296 0.32913 0.71202 0.32986 0.69965 0.33096 0.68988 0.33343 0.68352 0.33686 0.67918 0.33809 0.67516 0.33712 0.66351 0.33649 0.65422 0.33731 0.64568 0.33766 0.63698 0.33982 0.63162 0.34245 0.62957 0.34775 0.62738 0.34530 0.62436 0.34323 0.62443 0.33413 0.62485 0.32691 0.62326 0.32339 0.62166 0.31780 0.62341 0.31147 0.62622 0.30664 0.62859 0.30162 0.63122 0.29593 0.63538 0.29418 0.63731 0.28781 0.63989 0.28369 0.64408 0.28254 0.64545 0.28263 0.65409
4 0.59222 0.69237 0.59750 0.70125 0.60115 0.70963 0.60680 0.71630 0.61114 0.72002 0.61723 0.71868 0.62267 0.71431 0.62581 0.70473 0.62856 0.68918 0.63049 0.67737 0.63404 0.66749 0.63510 0.65748 0.63614 0.64891 0.63538 0.63867 0.63568 0.63286 0.63628 0.62917 0.63505 0.62044 0.63438 0.61404 0.63319 0.60554 0.63094 0.59913 0.62968 0.59978 0.62404 0.60274 0.61734 0.60609 0.60645 0.61002 0.59493 0.61429 0.58375 0.61778 0.57758 0.62010 0.56519 0.62136 0.56296 0.62143 0.56375 0.62709 0.56596 0.63640 0.56816 0.64571 0.56804 0.65439 0.57060 0.66462 0.57422 0.66964 0.58077 0.67473 0.58526 0.68276 0.58851 0.68832 0.59222 0.69237
4 0.44474 0.72368 0.44976 0.73067 0.45602 0.73532 0.46458 0.73556 0.47333 0.73554 0.48164 0.72763 0.48655 0.71949 0.48862 0.70548 0.49050 0.69175 0.49033 0.68095 0.49498 0.67573 0.49583 0.66743 0.49363 0.65330 0.49105 0.64453 0.48881 0.63498 0.48761 0.62648 0.48658 0.62536 0.47809 0.62627 0.46902 0.62494 0.46483 0.62582 0.45555 0.62683 0.44216 0.62728 0.42981 0.62757 0.41879 0.62767 0.41400 0.62625 0.41246 0.63128 0.41333 0.63909 0.41458 0.65118 0.41752 0.66087 0.42097 0.67266 0.42815 0.67910 0.43401 0.68886 0.43734 0.70139 0.44186 0.71278 0.44474 0.72368
4 0.51859 0.71282 0.52448 0.72282 0.52943 0.72765 0.53684 0.73094 0.54547 0.73165 0.55146 0.72961 0.55977 0.72483 0.56408 0.71725 0.56425 0.70568 0.56469 0.69600 0.56469 0.68325 0.56507 0.67478 0.56750 0.67131 0.56747 0.66313 0.56804 0.65439 0.56816 0.64571 0.56596 0.63640 0.56375 0.62709 0.56296 0.62143 0.56089 0.62268 0.54944 0.62261 0.54015 0.62199 0.53338 0.62174 0.52990 0.61766 0.52729 0.61345 0.52553 0.61057 0.51167 0.61252 0.51128 0.61727 0.50569 0.62152 0.49630 0.62371 0.48807 0.62498 0.48761 0.62648 0.48881 0.63498 0.49105 0.64453 0.49363 0.65330 0.49583 0.66743 0.49820 0.67623 0.50214 0.68193 0.50765 0.68766 0.51096 0.69681 0.51372 0.70532 0.51859 0.71282
4 0.33731 0.64568 0.33913 0.65866 0.34010 0.66718 0.34203 0.67605 0.34501 0.68453 0.34875 0.69195 0.35437 0.70005 0.35901 0.71071 0.36463 0.72195 0.36987 0.72891 0.37638 0.73690 0.38433 0.74083 0.39238 0.74066 0.39749 0.73706 0.40197 0.73065 0.40531 0.71768 0.40937 0.70989 0.41177 0.70618 0.41138 0.69541 0.41226 0.68735 0.41451 0.68102 0.41808 0.67450 0.41752 0.66087 0.41458 0.65118 0.41333 0.63909 0.41246 0.63128 0.41400 0.62625 0.40790 0.62487 0.39995 0.62195 0.39551 0.61911 0.39376 0.61634 0.38861 0.61803 0.37740 0.62129 0.36958 0.62311 0.36267 0.62504 0.35585 0.62600 0.34775 0.62738 0.34245 0.62957 0.33982 0.63162 0.33766 0.63698 0.33731 0.64568
4 0.20892 0.59020 0.21190 0.60566 0.21605 0.61604 0.22022 0.62267 0.22212 0.62471 0.22569 0.62710 0.23544 0.62948 0.24046 0.62877 0.24708 0.62611 0.25257 0.62303 0.25030 0.61642 0.24634 0.60168 0.24542 0.58940 0.24547 0.58015 0.24561 0.57349 0.24710 0.56491 0.24773 0.55790 0.24105 0.54873 0.23171 0.53013 0.22724 0.53278 0.22261 0.53054 0.21703 0.53104 0.21252 0.53340 0.21038 0.53543 0.20880 0.54143 0.20792 0.55050 0.20674 0.56510 0.20792 0.57735 0.20892 0.59020
4 0.76065 0.63454 0.76611 0.64147 0.77080 0.64610 0.77431 0.64874 0.77763 0.64683 0.77631 0.63739 0.77350 0.62383 0.77188 0.61227 0.77002 0.60387 0.76772 0.59385 0.76631 0.59020 0.76387 0.58405 0.76241 0.57680 0.75927 0.56882 0.75608 0.56374 0.75142 0.56247 0.74621 0.56368 0.74038 0.56378 0.73720 0.56350 0.73694 0.56643 0.73528 0.57051 0.73213 0.57528 0.72793 0.57732 0.72615 0.57901 0.73044 0.58562 0.73614 0.59420 0.74133 0.60406 0.74400 0.61186 0.74675 0.61701 0.74853 0.62494 0.74886 0.62729 0.75136 0.62911 0.75594 0.63135 0.76065 0.63454
4 0.31993 0.53534 0.31782 0.54141 0.31771 0.54633 0.31673 0.55080 0.31526 0.55764 0.31408 0.56647 0.31354 0.57030 0.31303 0.58394 0.31336 0.59197 0.31426 0.60224 0.31586 0.60981 0.31786 0.61443 0.32142 0.62057 0.32691 0.62326 0.33413 0.62485 0.34323 0.62443 0.34877 0.62366 0.35770 0.62211 0.36735 0.61989 0.37512 0.61765 0.38107 0.61594 0.38905 0.61338 0.39157 0.61216 0.38832 0.60049 0.38714 0.58824 0.38595 0.57600 0.38648 0.57015 0.38585 0.56187 0.38077 0.54873 0.37662 0.53257 0.37564 0.52174 0.36653 0.50483 0.36073 0.49612 0.34917 0.49053 0.34585 0.48984 0.33904 0.49311 0.33675 0.49603 0.32992 0.50680 0.32785 0.51315 0.32558 0.52184 0.32312 0.52738 0.31993 0.53534
4 0.24743 0.72928 0.25108 0.72492 0.25575 0.71344 0.26088 0.70526 0.26486 0.69845 0.26750 0.69013 0.27062 0.68200 0.27394 0.67528 0.27968 0.67303 0.28307 0.67159 0.28307 0.66678 0.28263 0.65409 0.28254 0.64545 0.28369 0.64408 0.28781 0.63989 0.29418 0.63731 0.29593 0.63538 0.30162 0.63122 0.30664 0.62859 0.30959 0.62721 0.30692 0.62422 0.30363 0.62155 0.30230 0.62005 0.30065 0.62032 0.29409 0.62153 0.29142 0.62363 0.28677 0.62689 0.28260 0.62978 0.27368 0.63334 0.26723 0.63540 0.26432 0.63380 0.25846 0.62855 0.25661 0.62696 0.25518 0.62957 0.24905 0.63861 0.24666 0.64399 0.24281 0.65488 0.24079 0.66767 0.24042 0.68095 0.24055 0.69152 0.24181 0.70048 0.24411 0.71363 0.24743 0.72928
4 0.38585 0.56187 0.38648 0.57015 0.38595 0.57600 0.38714 0.58824 0.38832 0.60049 0.39157 0.61216 0.39551 0.61911 0.39995 0.62195 0.40790 0.62487 0.41879 0.62767 0.42981 0.62757 0.44216 0.62728 0.45555 0.62683 0.46483 0.62582 0.46902 0.62494 0.47809 0.62627 0.48658 0.62536 0.49630 0.62371 0.50569 0.62152 0.51128 0.61727 0.51307 0.60893 0.51426 0.60011 0.51274 0.58935 0.51205 0.57675 0.50878 0.56306 0.50587 0.55193 0.50236 0.54232 0.49815 0.53338 0.49274 0.52750 0.48837 0.52321 0.48469 0.51998 0.47873 0.51591 0.47312 0.51237 0.46686 0.50805 0.46102 0.50483 0.45087 0.49962 0.43378 0.49682 0.42594 0.49850 0.41946 0.50028 0.41156 0.50341 0.40446 0.50845 0.39955 0.51375 0.39425 0.52200 0.38985 0.53475 0.38716 0.54436 0.38748 0.55240 0.38585 0.56187
4 0.50979 0.53845 0.51054 0.54701 0.50942 0.54861 0.50826 0.55310 0.51168 0.56465 0.51458 0.57892 0.51773 0.58858 0.51930 0.59653 0.52074 0.60042 0.52389 0.60527 0.52729 0.61345 0.52990 0.61766 0.53338 0.62174 0.54015 0.62199 0.54944 0.62261 0.56089 0.62268 0.56519 0.62136 0.57758 0.62010 0.58375 0.61778 0.59493 0.61429 0.60645 0.61002 0.61734 0.60609 0.62404 0.60274 0.62968 0.59978 0.63430 0.59432 0.63613 0.58974 0.63619 0.58540 0.63446 0.57313 0.63279 0.56278 0.62930 0.55076 0.62590 0.53777 0.62045 0.52290 0.61785 0.51557 0.61445 0.51052 0.61100 0.50354 0.60854 0.49403 0.60583 0.48912 0.60180 0.48439 0.59707 0.48265 0.59124 0.48106 0.58715 0.48068 0.57640 0.48243 0.56713 0.48349 0.56015 0.48495 0.55232 0.48990 0.54325 0.49719 0.53587 0.50376 0.53092 0.50999 0.52219 0.51651 0.51684 0.52159 0.51193 0.52973 0.50979 0.53845
4 0.61515 0.49478 0.61359 0.50125 0.61445 0.51052 0.61785 0.51557 0.62045 0.52290 0.62590 0.53777 0.62930 0.55076 0.63279 0.56278 0.63446 0.57313 0.63619 0.58540 0.63620 0.58708 0.63961 0.58900 0.64566 0.59056 0.65048 0.59133 0.65329 0.59214 0.65931 0.59032 0.66631 0.58742 0.67312 0.58478 0.68048 0.58134 0.68403 0.57940 0.68741 0.57315 0.68953 0.56588 0.68868 0.55661 0.68801 0.54708 0.68651 0.53960 0.68569 0.53057 0.68358 0.52197 0.68083 0.51033 0.67976 0.50591 0.67748 0.49925 0.67396 0.49181 0.66960 0.48472 0.66378 0.47520 0.66109 0.46884 0.64927 0.45342 0.64582 0.44958 0.64063 0.44622 0.63730 0.44645 0.62930 0.45022 0.62459 0.45497 0.62035 0.45989 0.61942 0.47085 0.61893 0.48174 0.61722 0.48872 0.61515 0.49478
4 0.20918 0.68534 0.20998 0.69269 0.21257 0.69834 0.21625 0.70215 0.21880 0.70275 0.22137 0.70191 0.22609 0.69716 0.22753 0.68661 0.23120 0.68080 0.23609 0.67410 0.24079 0.66767 0.24281 0.65488 0.24666 0.64399 0.24905 0.63861 0.25518 0.62957 0.25661 0.62696 0.25257 0.62303 0.24708 0.62611 0.24046 0.62877 0.23544 0.62948 0.22569 0.62710 0.22212 0.62471 0.21878 0.62602 0.21477 0.62779 0.21167 0.62967 0.21036 0.63153 0.20974 0.63667 0.20911 0.64181 0.20816 0.64940 0.20740 0.65673 0.20762 0.66632 0.20813 0.67635 0.20918 0.68534
4 0.68083 0.51033 0.68358 0.52197 0.68569 0.53057 0.68651 0.53960 0.68801 0.54708 0.68868 0.55661 0.68953 0.56588 0.68741 0.57315 0.68727 0.57533 0.69215 0.57657 0.70031 0.57711 0.70824 0.57768 0.71720 0.57762 0.72328 0.57773 0.72793 0.57732 0.73213 0.57528 0.73528 0.57051 0.73694 0.56643 0.73720 0.56350 0.73632 0.55401 0.73575 0.54519 0.73443 0.53575 0.73256 0.52567 0.73092 0.51556 0.72956 0.50588 0.72831 0.49860 0.72588 0.48932 0.72370 0.48337 0.72002 0.47956 0.71748 0.47102 0.71521 0.46605 0.71477 0.46130 0.70825 0.45163 0.70414 0.44956 0.69683 0.45179 0.68935 0.45765 0.68186 0.46977 0.67804 0.47776 0.67521 0.48634 0.67396 0.49181 0.67748 0.49925 0.67976 0.50591 0.68083 0.51033
1 0.70564 0.45232 0.70661 0.45133 0.70430 0.44985 0.69691 0.45173 0.68930 0.45800 0.68693 0.46247 0.68974 0.46150 0.69242 0.46028 0.69396 0.45888 0.69623 0.45664 0.69917 0.45424 0.70028 0.45465 0.70253 0.45603 0.70377 0.45546 0.70487 0.45356 0.70564 0.45232
4 0.66503 0.68045 0.66911 0.68878 0.67415 0.69745 0.68269 0.70876 0.68943 0.71359 0.69560 0.71127 0.69814 0.70538 0.70101 0.69704 0.70257 0.69057 0.70307 0.68136 0.70231 0.67280 0.70111 0.66263 0.70099 0.65543 0.70085 0.64800 0.70006 0.63920 0.69980 0.63419 0.70097 0.62970 0.70059 0.62542 0.70018 0.62091 0.69986 0.61542 0.70008 0.61058 0.69938 0.60562 0.69764 0.59961 0.69572 0.59555 0.69330 0.59108 0.69038 0.58788 0.68607 0.58753 0.68310 0.58554 0.67896 0.58324 0.67312 0.58478 0.66631 0.58742 0.65931 0.59032 0.65329 0.59214 0.65048 0.59133 0.64566 0.59056 0.63961 0.58900 0.63625 0.58711 0.63627 0.58755 0.63613 0.58974 0.63430 0.59432 0.63094 0.59913 0.63319 0.60554 0.63438 0.61404 0.63505 0.62044 0.63628 0.62917 0.63829 0.63706 0.64028 0.64328 0.64559 0.65071 0.64871 0.65532 0.65210 0.65869 0.65733 0.66397 0.66182 0.67200 0.66503 0.68045
4 0.24773 0.55790 0.24710 0.56491 0.24561 0.57349 0.24547 0.58015 0.24542 0.58940 0.24634 0.60168 0.25030 0.61642 0.25257 0.62303 0.25846 0.62855 0.26432 0.63380 0.26723 0.63540 0.27368 0.63334 0.28260 0.62978 0.28677 0.62689 0.29142 0.62363 0.29409 0.62153 0.30065 0.62032 0.30599 0.61812 0.30667 0.61716 0.31364 0.61503 0.31786 0.61443 0.31586 0.60981 0.31426 0.60224 0.31336 0.59197 0.31303 0.58394 0.31354 0.57030 0.31408 0.56647 0.31526 0.55764 0.31673 0.55080 0.31771 0.54633 0.30423 0.53090 0.29659 0.52245 0.29002 0.51789 0.28333 0.51623 0.27334 0.51793 0.26769 0.51988 0.26150 0.52565 0.25661 0.53298 0.25228 0.54051 0.25019 0.54860 0.24773 0.55790
1 0.70309 0.47545 0.70284 0.47741 0.70403 0.47916 0.70487 0.47910 0.70599 0.47770 0.70647 0.47622 0.70626 0.47478 0.70568 0.47362 0.70503 0.47354 0.70415 0.47400 0.70309 0.47545
