4 0.67874 0.61710 0.68052 0.62186 0.68185 0.62615 0.68274 0.63234 0.68274 0.63735 0.68185 0.64211 0.68141 0.64759 0.68118 0.65211 0.68096 0.65640 0.68252 0.65712 0.68540 0.65831 0.68807 0.65974 0.69340 0.66355 0.70051 0.66879 0.70407 0.67379 0.70918 0.67832 0.71384 0.68618 0.71784 0.69714 0.71873 0.70524 0.72073 0.71167 0.72162 0.71858 0.72539 0.71905 0.72584 0.71214 0.72539 0.70214 0.72539 0.68904 0.72628 0.68070 0.72717 0.67260 0.72717 0.66355 0.72873 0.66069 0.72873 0.65831 0.72806 0.65021 0.72606 0.64473 0.72450 0.63663 0.72073 0.62615 0.71628 0.61686 0.71295 0.60972 0.71029 0.60805 0.70429 0.60710 0.69540 0.60590 0.68762 0.60424 0.67963 0.60257 0.67496 0.60066 0.67118 0.60424 0.66741 0.60567 0.66563 0.60733 0.66941 0.61019 0.67207 0.61257 0.67630 0.61352 0.67874 0.61710
4 0.75783 0.54564 0.75716 0.55612 0.75627 0.56493 0.75583 0.57494 0.75427 0.58685 0.75339 0.58827 0.75605 0.58923 0.75983 0.59042 0.76560 0.59280 0.77027 0.59232 0.77316 0.59090 0.77516 0.58923 0.77871 0.58446 0.78049 0.57994 0.78182 0.57470 0.78315 0.56636 0.78449 0.55707 0.78449 0.54683 0.78427 0.53611 0.78360 0.52730 0.78093 0.51586 0.77649 0.50990 0.77249 0.50967 0.76427 0.51038 0.75850 0.51133 0.75405 0.51538 0.75583 0.52539 0.75694 0.53396 0.75783 0.54564
4 0.73295 0.47632 0.73139 0.48061 0.73161 0.48608 0.72873 0.49442 0.72673 0.50204 0.72495 0.50848 0.72384 0.51467 0.72517 0.52086 0.72628 0.53039 0.72650 0.53778 0.72650 0.54754 0.72673 0.55779 0.72717 0.56803 0.72717 0.57756 0.72650 0.58637 0.72606 0.59590 0.72917 0.59661 0.73495 0.59733 0.74028 0.59685 0.74450 0.59518 0.74961 0.59280 0.75205 0.58970 0.75427 0.58685 0.75583 0.57494 0.75627 0.56493 0.75716 0.55612 0.75783 0.54564 0.75694 0.53396 0.75583 0.52539 0.75228 0.51014 0.74805 0.49418 0.74539 0.48918 0.74072 0.48513 0.73695 0.48084 0.73295 0.47632
4 0.20640 0.49564 0.20373 0.48878 0.19840 0.48678 0.19120 0.49193 0.18454 0.49621 0.18027 0.49993 0.17707 0.50679 0.17281 0.51279 0.16988 0.51765 0.16961 0.52194 0.16961 0.53252 0.16961 0.54338 0.16908 0.55453 0.17147 0.56396 0.17281 0.57253 0.17601 0.58054 0.18241 0.58111 0.18801 0.57940 0.19947 0.57654 0.20267 0.57539 0.20000 0.56453 0.19920 0.54881 0.20000 0.53595 0.20054 0.52365 0.20373 0.50936 0.20587 0.50050 0.20640 0.49564
4 0.28529 0.60233 0.27907 0.60567 0.27707 0.60733 0.27041 0.60900 0.26574 0.61257 0.26441 0.61376 0.26330 0.62234 0.26197 0.63496 0.26130 0.64521 0.26086 0.65473 0.26086 0.66474 0.26019 0.67475 0.25930 0.68380 0.26086 0.68904 0.26219 0.69499 0.26419 0.70667 0.26530 0.71310 0.27130 0.71929 0.27596 0.72239 0.28218 0.72072 0.28929 0.71453 0.29418 0.70524 0.29729 0.69666 0.30129 0.68618 0.30373 0.67403 0.30618 0.66450 0.30951 0.65855 0.31351 0.65473 0.31529 0.65092 0.31595 0.63925 0.31662 0.62996 0.31862 0.62162 0.32017 0.61305 0.32306 0.60805 0.32595 0.60638 0.33150 0.60495 0.32950 0.60162 0.32743 0.60140 0.31837 0.60055 0.31144 0.59798 0.30817 0.59590 0.30240 0.59685 0.29573 0.59876 0.29063 0.60042 0.28529 0.60233
4 0.54589 0.66236 0.54700 0.67284 0.54989 0.67832 0.55566 0.68427 0.55899 0.69285 0.56144 0.69880 0.56455 0.70333 0.56855 0.71286 0.57099 0.72167 0.57566 0.72906 0.57943 0.73335 0.58565 0.73287 0.59165 0.72930 0.59610 0.72024 0.60098 0.70524 0.60454 0.69380 0.60942 0.68451 0.61187 0.67475 0.61409 0.66641 0.61476 0.65616 0.61587 0.65045 0.61698 0.64688 0.61698 0.63806 0.61720 0.63163 0.61720 0.62305 0.61587 0.61639 0.61453 0.61686 0.60854 0.61900 0.60143 0.62139 0.59010 0.62377 0.57810 0.62639 0.56655 0.62829 0.56011 0.62972 0.54766 0.62925 0.54544 0.62901 0.54544 0.63473 0.54633 0.64425 0.54722 0.65378 0.54589 0.66236
4 0.39593 0.64783 0.39771 0.65998 0.40393 0.66736 0.40837 0.67784 0.40993 0.69071 0.41281 0.70262 0.41415 0.71381 0.41815 0.72143 0.42370 0.72691 0.43214 0.72834 0.44081 0.72953 0.45014 0.72286 0.45613 0.71548 0.46013 0.70190 0.46391 0.68856 0.46525 0.67784 0.47058 0.67332 0.47257 0.66522 0.47235 0.65092 0.47102 0.64187 0.47013 0.63211 0.47013 0.62353 0.46926 0.62227 0.46073 0.62199 0.45193 0.61941 0.44767 0.61970 0.43834 0.61941 0.42501 0.61799 0.41274 0.61656 0.40181 0.61513 0.39726 0.61305 0.39504 0.61781 0.39482 0.62567 0.39438 0.63782 0.39593 0.64783
4 0.47257 0.66522 0.47369 0.67427 0.47680 0.68046 0.48146 0.68689 0.48346 0.69642 0.48502 0.70524 0.48879 0.71333 0.49324 0.72405 0.49746 0.72953 0.50435 0.73382 0.51279 0.73573 0.51901 0.73453 0.52789 0.73096 0.53322 0.72405 0.53500 0.71262 0.53678 0.70309 0.53856 0.69047 0.54011 0.68213 0.54300 0.67903 0.54411 0.67093 0.54589 0.66236 0.54722 0.65378 0.54633 0.64425 0.54544 0.63473 0.54544 0.62901 0.54322 0.62996 0.53189 0.62829 0.52278 0.62639 0.51612 0.62520 0.51323 0.62067 0.51123 0.61615 0.50990 0.61305 0.49590 0.61305 0.49485 0.61770 0.48872 0.62113 0.47912 0.62199 0.47080 0.62210 0.47013 0.62353 0.47013 0.63211 0.47102 0.64187 0.47235 0.65092 0.47257 0.66522
4 0.34661 0.60471 0.33972 0.60471 0.33150 0.60495 0.32595 0.60638 0.32306 0.60805 0.32017 0.61305 0.31862 0.62162 0.31862 0.63473 0.31839 0.64330 0.31906 0.65235 0.32084 0.66117 0.32351 0.66903 0.32795 0.67784 0.33106 0.68904 0.33506 0.70095 0.33928 0.70857 0.34461 0.71738 0.35194 0.72239 0.35994 0.72334 0.36549 0.72048 0.37083 0.71476 0.37594 0.70238 0.38105 0.69523 0.38393 0.69190 0.38504 0.68118 0.38704 0.67332 0.39015 0.66736 0.39460 0.66140 0.39593 0.64783 0.39438 0.63782 0.39482 0.62567 0.39504 0.61781 0.39726 0.61305 0.39142 0.61084 0.38395 0.60684 0.37995 0.60341 0.37860 0.60042 0.37327 0.60138 0.36172 0.60305 0.35372 0.60376 0.34661 0.60471
4 0.21067 0.49307 0.20827 0.49478 0.20587 0.50050 0.20373 0.50936 0.20054 0.52365 0.20000 0.53595 0.19920 0.54881 0.20000 0.56453 0.20267 0.57539 0.20587 0.58254 0.20747 0.58483 0.21067 0.58769 0.22000 0.59140 0.22506 0.59140 0.23199 0.58969 0.23786 0.58740 0.23653 0.58054 0.23466 0.56539 0.23546 0.55310 0.23679 0.54395 0.23786 0.53737 0.24052 0.52909 0.24213 0.52222 0.23679 0.51222 0.23013 0.49250 0.22533 0.49450 0.22106 0.49164 0.21546 0.49135 0.21067 0.49307
4 0.72606 0.64473 0.72806 0.65021 0.72873 0.65831 0.72873 0.66069 0.73095 0.66283 0.73517 0.66569 0.73939 0.66950 0.74383 0.67713 0.74783 0.68237 0.75094 0.68547 0.75450 0.68404 0.75450 0.67451 0.75361 0.66069 0.75361 0.64902 0.75294 0.64044 0.75205 0.63020 0.75116 0.62639 0.74961 0.61996 0.74916 0.61257 0.74717 0.60424 0.74472 0.59876 0.74028 0.59685 0.73495 0.59733 0.72917 0.59661 0.72606 0.59590 0.72539 0.59876 0.72317 0.60257 0.71940 0.60685 0.71495 0.60829 0.71295 0.60972 0.71628 0.61686 0.72073 0.62615 0.72450 0.63663 0.72606 0.64473
4 0.34156 0.47077 0.33890 0.47335 0.33063 0.48306 0.32770 0.48907 0.32423 0.49736 0.32104 0.50250 0.31677 0.50993 0.31384 0.51565 0.31304 0.52051 0.31144 0.52480 0.30904 0.53137 0.30664 0.53995 0.30557 0.54366 0.30317 0.55710 0.30237 0.56510 0.30184 0.57539 0.30237 0.58311 0.30370 0.58797 0.30637 0.59455 0.31144 0.59798 0.31837 0.60055 0.32743 0.60140 0.33303 0.60140 0.34210 0.60112 0.35196 0.60026 0.35996 0.59912 0.36609 0.59826 0.37435 0.59683 0.37702 0.59597 0.37542 0.58397 0.37595 0.57168 0.37649 0.55939 0.37782 0.55367 0.37835 0.54538 0.37515 0.53166 0.37329 0.51508 0.37382 0.50422 0.36715 0.48621 0.36262 0.47678 0.35196 0.46963 0.34876 0.46848 0.34156 0.47077
4 0.22375 0.61757 0.21998 0.62996 0.21776 0.64306 0.21643 0.65355 0.21643 0.66260 0.21687 0.67594 0.21798 0.69190 0.22220 0.68809 0.22842 0.67737 0.23464 0.66998 0.23953 0.66379 0.24330 0.65593 0.24753 0.64830 0.25175 0.64211 0.25775 0.64068 0.26130 0.63973 0.26197 0.63496 0.26330 0.62234 0.26441 0.61376 0.26574 0.61257 0.27041 0.60900 0.27707 0.60733 0.27907 0.60567 0.28529 0.60233 0.29063 0.60042 0.29373 0.59947 0.29151 0.59614 0.28863 0.59304 0.28751 0.59137 0.28585 0.59140 0.27918 0.59169 0.27625 0.59340 0.27118 0.59597 0.26665 0.59826 0.25732 0.60055 0.25065 0.60169 0.24799 0.59969 0.24292 0.59369 0.24131 0.59185 0.23953 0.59423 0.23220 0.60233 0.22909 0.60733 0.22375 0.61757
4 0.40421 0.49507 0.39861 0.49964 0.39222 0.50707 0.38608 0.51908 0.38208 0.52823 0.38128 0.53623 0.37835 0.54538 0.37782 0.55367 0.37649 0.55939 0.37595 0.57168 0.37542 0.58397 0.37702 0.59597 0.37995 0.60341 0.38395 0.60684 0.39142 0.61084 0.40181 0.61513 0.41274 0.61656 0.42501 0.61799 0.43834 0.61941 0.44767 0.61970 0.45193 0.61941 0.46073 0.62199 0.46926 0.62227 0.47912 0.62199 0.48872 0.62113 0.49485 0.61770 0.49778 0.60969 0.50018 0.60112 0.50018 0.59026 0.50125 0.57768 0.49992 0.56367 0.49859 0.55224 0.49645 0.54224 0.49352 0.53280 0.48899 0.52623 0.48525 0.52137 0.48206 0.51765 0.47672 0.51279 0.47166 0.50850 0.46606 0.50336 0.46073 0.49936 0.45140 0.49278 0.43487 0.48764 0.42687 0.48821 0.42021 0.48907 0.41194 0.49107 0.40421 0.49507
4 0.54322 0.50323 0.53500 0.50871 0.52923 0.51419 0.51967 0.51943 0.51367 0.52372 0.50768 0.53110 0.50435 0.53944 0.50390 0.54802 0.50257 0.54945 0.50079 0.55374 0.50257 0.56565 0.50345 0.58018 0.50523 0.59018 0.50568 0.59828 0.50657 0.60233 0.50901 0.60757 0.51123 0.61615 0.51323 0.62067 0.51612 0.62520 0.52278 0.62639 0.53189 0.62829 0.54322 0.62996 0.54766 0.62925 0.56011 0.62972 0.56655 0.62829 0.57810 0.62639 0.59010 0.62377 0.60143 0.62139 0.60854 0.61900 0.61453 0.61686 0.61987 0.61210 0.62231 0.60781 0.62298 0.60352 0.62298 0.59113 0.62276 0.58065 0.62098 0.56827 0.61942 0.55493 0.61609 0.53944 0.61453 0.53182 0.61187 0.52634 0.60942 0.51896 0.60832 0.50919 0.60631 0.50395 0.60298 0.49871 0.59854 0.49633 0.59298 0.49394 0.58899 0.49299 0.57810 0.49323 0.56877 0.49299 0.56166 0.49347 0.55322 0.49728 0.54322 0.50323
4 0.63497 0.46870 0.62964 0.47274 0.62475 0.47703 0.62231 0.48775 0.62031 0.49847 0.61764 0.50514 0.61476 0.51086 0.61231 0.51705 0.61187 0.52634 0.61453 0.53182 0.61609 0.53944 0.61942 0.55493 0.62098 0.56827 0.62276 0.58065 0.62298 0.59113 0.62298 0.60352 0.62276 0.60519 0.62586 0.60757 0.63164 0.60995 0.63631 0.61138 0.63897 0.61257 0.64519 0.61162 0.65253 0.60972 0.65963 0.60805 0.66741 0.60567 0.67118 0.60424 0.67541 0.59852 0.67852 0.59161 0.67896 0.58232 0.67963 0.57279 0.67918 0.56517 0.67963 0.55612 0.67874 0.54730 0.67763 0.53539 0.67718 0.53087 0.67585 0.52396 0.67341 0.51610 0.67008 0.50848 0.66563 0.49823 0.66385 0.49156 0.65430 0.47465 0.65141 0.47036 0.64675 0.46631 0.64342 0.46608 0.63497 0.46870
4 0.19354 0.59495 0.19221 0.59995 0.19021 0.60733 0.18843 0.61448 0.18732 0.62401 0.18643 0.63401 0.18621 0.64306 0.18599 0.65045 0.18777 0.65640 0.19087 0.66069 0.19332 0.66164 0.19598 0.66117 0.20132 0.65712 0.20420 0.64688 0.20865 0.64163 0.21442 0.63568 0.21998 0.62996 0.22375 0.61757 0.22909 0.60733 0.23220 0.60233 0.23953 0.59423 0.24131 0.59185 0.23786 0.58740 0.23199 0.58969 0.22506 0.59140 0.22000 0.59140 0.21067 0.58769 0.20747 0.58483 0.20398 0.58565 0.19976 0.58685 0.19643 0.58827 0.19487 0.58994 0.19354 0.59495
4 0.68429 0.49537 0.67940 0.50276 0.67541 0.51086 0.67341 0.51610 0.67585 0.52396 0.67718 0.53087 0.67763 0.53539 0.67874 0.54730 0.67963 0.55612 0.67918 0.56517 0.67963 0.57279 0.67896 0.58232 0.67852 0.59161 0.67541 0.59852 0.67496 0.60066 0.67963 0.60257 0.68762 0.60424 0.69540 0.60590 0.70429 0.60710 0.71029 0.60805 0.71495 0.60829 0.71940 0.60685 0.72317 0.60257 0.72539 0.59876 0.72606 0.59590 0.72650 0.58637 0.72717 0.57756 0.72717 0.56803 0.72673 0.55779 0.72650 0.54754 0.72650 0.53778 0.72628 0.53039 0.72517 0.52086 0.72384 0.51467 0.72073 0.51038 0.71940 0.50157 0.71784 0.49633 0.71806 0.49156 0.71295 0.48108 0.70918 0.47846 0.70162 0.47965 0.69340 0.48442 0.68429 0.49537
1 0.70036 0.48437 0.70360 0.48241 0.70464 0.48297 0.70667 0.48465 0.70798 0.48425 0.70934 0.48252 0.71028 0.48140 0.71137 0.48056 0.70929 0.47877 0.70171 0.47961 0.69331 0.48476 0.69033 0.48885 0.69326 0.48829 0.69607 0.48745 0.69780 0.48627 0.70036 0.48437
4 0.61898 0.66140 0.62320 0.66950 0.62564 0.67451 0.62853 0.67832 0.63297 0.68427 0.63631 0.69285 0.63831 0.70166 0.64120 0.71048 0.64497 0.71977 0.65186 0.73215 0.65786 0.73787 0.66430 0.73644 0.66763 0.73096 0.67163 0.72310 0.67407 0.71691 0.67585 0.70786 0.67630 0.69928 0.67652 0.68904 0.67741 0.68189 0.67830 0.67451 0.67874 0.66569 0.67918 0.66069 0.68096 0.65640 0.68118 0.65211 0.68141 0.64759 0.68185 0.64211 0.68274 0.63735 0.68274 0.63234 0.68185 0.62615 0.68052 0.62186 0.67874 0.61710 0.67630 0.61352 0.67207 0.61257 0.66941 0.61019 0.66563 0.60733 0.65963 0.60805 0.65253 0.60972 0.64519 0.61162 0.63897 0.61257 0.63631 0.61138 0.63164 0.60995 0.62586 0.60757 0.62280 0.60522 0.62276 0.60567 0.62231 0.60781 0.61987 0.61210 0.61587 0.61639 0.61720 0.62305 0.61720 0.63163 0.61698 0.63806 0.61698 0.64688 0.61787 0.65498 0.61898 0.66140
4 0.27305 0.48621 0.26718 0.48735 0.26025 0.49221 0.25439 0.49878 0.24906 0.50565 0.24586 0.51336 0.24213 0.52222 0.24052 0.52909 0.23786 0.53737 0.23679 0.54395 0.23546 0.55310 0.23466 0.56539 0.23653 0.58054 0.23786 0.58740 0.24292 0.59369 0.24799 0.59969 0.25065 0.60169 0.25732 0.60055 0.26665 0.59826 0.27118 0.59597 0.27625 0.59340 0.27918 0.59169 0.28585 0.59140 0.29144 0.58997 0.29224 0.58911 0.29944 0.58797 0.30370 0.58797 0.30237 0.58311 0.30184 0.57539 0.30237 0.56510 0.30317 0.55710 0.30557 0.54366 0.30664 0.53995 0.30904 0.53137 0.31144 0.52480 0.31304 0.52051 0.30184 0.50336 0.29544 0.49393 0.28958 0.48850 0.28318 0.48592 0.27305 0.48621
1 0.70709 0.50659 0.70777 0.50519 0.70777 0.50373 0.70735 0.50250 0.70672 0.50233 0.70578 0.50267 0.70453 0.50395 0.70401 0.50586 0.70495 0.50776 0.70578 0.50782 0.70709 0.50659
