4 0.45083 0.50867 0.45472 0.49926 0.46064 0.49438 0.46961 0.49260 0.46807 0.48591 0.46528 0.47892 0.46291 0.46950 0.46007 0.46312 0.45484 0.46080 0.45164 0.45626 0.44726 0.45170 0.44248 0.44839 0.42732 0.44945 0.41622 0.44532 0.40875 0.45861 0.40858 0.46122 0.40673 0.47015 0.40637 0.47962 0.40957 0.49091 0.41558 0.50595 0.42087 0.52204 0.42607 0.52934 0.43222 0.52294 0.44186 0.51895 0.44763 0.51938 0.45083 0.50867
4 0.53720 0.57339 0.54202 0.58298 0.54715 0.59096 0.55146 0.59591 0.55869 0.59882 0.56357 0.59447 0.56694 0.58503 0.57053 0.58098 0.57321 0.57934 0.57347 0.57164 0.57279 0.56280 0.57277 0.55635 0.57395 0.55065 0.57380 0.54559 0.57283 0.54191 0.57156 0.53982 0.56663 0.53909 0.56069 0.53979 0.55411 0.53876 0.54908 0.53856 0.54419 0.53698 0.54098 0.53534 0.53717 0.53843 0.53454 0.54175 0.53339 0.54558 0.53456 0.56093 0.53511 0.56776 0.53720 0.57339
4 0.57700 0.58203 0.58244 0.59283 0.58699 0.60129 0.59050 0.60472 0.59641 0.60336 0.60211 0.59813 0.60725 0.59440 0.61103 0.58725 0.61221 0.58205 0.61295 0.57203 0.61335 0.56396 0.61176 0.55465 0.60994 0.55066 0.60692 0.54983 0.60185 0.54845 0.59378 0.54539 0.59050 0.54343 0.58388 0.54173 0.57931 0.54007 0.57576 0.53987 0.57431 0.54343 0.57380 0.54559 0.57367 0.55682 0.57399 0.56456 0.57442 0.57380 0.57700 0.58203
4 0.58727 0.11447 0.58346 0.11218 0.56988 0.10828 0.56825 0.11851 0.57214 0.13028 0.58039 0.13753 0.59927 0.14409 0.61036 0.14434 0.61676 0.14463 0.62006 0.14069 0.61586 0.13462 0.59974 0.12286 0.58727 0.11447
4 0.65646 0.46679 0.65593 0.47470 0.65820 0.47884 0.65941 0.48365 0.66157 0.49094 0.66365 0.49343 0.66679 0.48987 0.67770 0.48565 0.68675 0.48442 0.69223 0.48485 0.69843 0.48639 0.70086 0.47691 0.69915 0.46500 0.69554 0.45508 0.68816 0.44476 0.68348 0.43919 0.67575 0.43715 0.67000 0.43962 0.66494 0.44715 0.66132 0.45760 0.65646 0.46679
1 0.55229 0.12014 0.55428 0.11748 0.55146 0.10738 0.54371 0.10696 0.52941 0.10366 0.51736 0.10229 0.50792 0.10374 0.51129 0.11200 0.51280 0.11288 0.52084 0.11664 0.52784 0.11943 0.53260 0.12028 0.53626 0.12555 0.53901 0.13323 0.54000 0.14033 0.54320 0.13935 0.54635 0.13398 0.54919 0.12648 0.55229 0.12014
4 0.64700 0.57979 0.65083 0.57483 0.65353 0.56742 0.65176 0.56070 0.64887 0.55406 0.64468 0.55062 0.63550 0.54713 0.63047 0.54643 0.61947 0.54880 0.61485 0.55377 0.61402 0.55803 0.61449 0.56693 0.61600 0.57591 0.62211 0.58571 0.62860 0.58931 0.63919 0.58567 0.64700 0.57979
4 0.44847 0.56351 0.45392 0.57183 0.45983 0.57800 0.46554 0.58096 0.47198 0.57886 0.47810 0.56890 0.48395 0.55777 0.48758 0.55407 0.48965 0.54423 0.49030 0.53410 0.48615 0.52670 0.48265 0.51508 0.47741 0.50590 0.47437 0.49683 0.46961 0.49260 0.46064 0.49438 0.45472 0.49926 0.45083 0.50867 0.44763 0.51938 0.44535 0.52879 0.44577 0.53887 0.44580 0.54722 0.44582 0.55496 0.44847 0.56351
2 0.46275 0.56653 0.46559 0.57117 0.46896 0.57223 0.47238 0.56940 0.47387 0.56234 0.47515 0.55491 0.47482 0.54643 0.47260 0.53859 0.46976 0.53334 0.46449 0.53170 0.46238 0.53667 0.46257 0.54457 0.46237 0.55195 0.46156 0.55845 0.46275 0.56653
4 0.41179 0.39099 0.40421 0.39152 0.39925 0.38232 0.39175 0.37797 0.38961 0.38273 0.39052 0.40076 0.39436 0.42969 0.39835 0.44519 0.40310 0.46051 0.40875 0.45861 0.41622 0.44532 0.42732 0.44945 0.44248 0.44839 0.44695 0.44492 0.44297 0.42942 0.43637 0.40964 0.43186 0.39183 0.42359 0.38765 0.41179 0.39099
4 0.50680 0.59201 0.51377 0.59162 0.51811 0.59042 0.52395 0.58276 0.52739 0.57646 0.53175 0.56771 0.53373 0.56746 0.53379 0.55359 0.53272 0.54426 0.53269 0.54061 0.52858 0.53341 0.52478 0.53225 0.52169 0.52827 0.51831 0.52539 0.51536 0.52321 0.50872 0.52149 0.50148 0.52071 0.49692 0.52218 0.49424 0.52585 0.49277 0.53067 0.49182 0.53476 0.49187 0.54616 0.49303 0.55710 0.49789 0.57166 0.50169 0.58280 0.50680 0.59201
4 0.53889 0.15037 0.54335 0.14567 0.54743 0.13862 0.55109 0.13117 0.55376 0.12371 0.55770 0.11889 0.55707 0.11048 0.55146 0.10738 0.54371 0.10696 0.52941 0.10366 0.51736 0.10229 0.50792 0.10374 0.51129 0.11200 0.51513 0.11943 0.51594 0.13073 0.51561 0.14059 0.51831 0.14803 0.52619 0.15110 0.53311 0.15146 0.53889 0.15037
