4 0.45099 0.50953 0.45472 0.50005 0.46054 0.49506 0.46949 0.49313 0.46783 0.48647 0.46492 0.47953 0.46239 0.47015 0.45943 0.46382 0.45416 0.46160 0.45088 0.45711 0.44643 0.45262 0.44159 0.44940 0.42645 0.45073 0.41528 0.44679 0.40804 0.46021 0.40792 0.46282 0.40623 0.47178 0.40603 0.48126 0.40942 0.49249 0.41570 0.50742 0.42126 0.52341 0.42660 0.53063 0.43263 0.52412 0.44220 0.51996 0.44798 0.52029 0.45099 0.50953
4 0.53848 0.57273 0.54346 0.58223 0.54873 0.59012 0.55312 0.59500 0.56041 0.59778 0.56521 0.59335 0.56842 0.58385 0.57194 0.57974 0.57458 0.57805 0.57471 0.57035 0.57387 0.56152 0.57374 0.55507 0.57482 0.54935 0.57458 0.54429 0.57355 0.54063 0.57224 0.53857 0.56731 0.53792 0.56137 0.53872 0.55478 0.53781 0.54975 0.53770 0.54483 0.53620 0.54159 0.53462 0.53783 0.53778 0.53526 0.54114 0.53418 0.54499 0.53561 0.56032 0.53629 0.56714 0.53848 0.57273
4 0.57842 0.58067 0.58405 0.59138 0.58875 0.59975 0.59232 0.60313 0.59820 0.60166 0.60381 0.59634 0.60888 0.59252 0.61253 0.58529 0.61362 0.58008 0.61419 0.57005 0.61445 0.56197 0.61270 0.55269 0.61081 0.54873 0.60777 0.54795 0.60268 0.54667 0.59456 0.54375 0.59124 0.54184 0.58460 0.54026 0.58000 0.53868 0.57644 0.53855 0.57506 0.54213 0.57458 0.54429 0.57465 0.55553 0.57510 0.56326 0.57570 0.57249 0.57842 0.58067
4 0.58053 0.11300 0.57668 0.11078 0.56303 0.10712 0.56158 0.11738 0.56568 0.12908 0.57405 0.13618 0.59305 0.14241 0.60414 0.14247 0.61054 0.14264 0.61377 0.13865 0.60947 0.13266 0.59315 0.12117 0.58053 0.11300
4 0.65586 0.46407 0.65546 0.47198 0.65781 0.47608 0.65910 0.48087 0.66138 0.48812 0.66351 0.49057 0.66659 0.48696 0.67742 0.48255 0.68645 0.48116 0.69193 0.48150 0.69816 0.48293 0.70043 0.47341 0.69851 0.46153 0.69473 0.45168 0.68717 0.44148 0.68239 0.43600 0.67462 0.43410 0.66892 0.43666 0.66399 0.44428 0.66056 0.45480 0.65586 0.46407
1 0.54565 0.11929 0.54760 0.11659 0.54460 0.10654 0.53684 0.10626 0.52249 0.10321 0.51042 0.10205 0.50100 0.10366 0.50452 0.11186 0.50604 0.11271 0.51415 0.11634 0.52119 0.11900 0.52597 0.11977 0.52972 0.12497 0.53260 0.13260 0.53372 0.13969 0.53689 0.13865 0.53996 0.13322 0.54266 0.12568 0.54565 0.11929
4 0.64837 0.57722 0.65212 0.57219 0.65469 0.56473 0.65279 0.55804 0.64979 0.55146 0.64554 0.54808 0.63630 0.54476 0.63126 0.54414 0.62030 0.54670 0.61577 0.55176 0.61501 0.55604 0.61564 0.56492 0.61730 0.57388 0.62358 0.58356 0.63013 0.58705 0.64066 0.58323 0.64837 0.57722
4 0.44959 0.56440 0.45518 0.57262 0.46120 0.57869 0.46696 0.58155 0.47336 0.57934 0.47931 0.56927 0.48496 0.55804 0.48853 0.55428 0.49043 0.54440 0.49090 0.53426 0.48662 0.52694 0.48292 0.51538 0.47752 0.50629 0.47431 0.49727 0.46949 0.49313 0.46054 0.49506 0.45472 0.50005 0.45099 0.50953 0.44798 0.52029 0.44586 0.52974 0.44646 0.53982 0.44663 0.54816 0.44678 0.55589 0.44959 0.56440
2 0.46392 0.56717 0.46684 0.57176 0.47022 0.57276 0.47359 0.56987 0.47496 0.56278 0.47611 0.55533 0.47563 0.54686 0.47328 0.53906 0.47034 0.53386 0.46505 0.53232 0.46302 0.53732 0.46335 0.54522 0.46328 0.55260 0.46259 0.55912 0.46392 0.56717
4 0.40990 0.39255 0.40233 0.39321 0.39721 0.38410 0.38964 0.37988 0.38758 0.38467 0.38881 0.40269 0.39315 0.43154 0.39741 0.44697 0.40243 0.46221 0.40804 0.46021 0.41528 0.44679 0.42645 0.45073 0.44159 0.44940 0.44600 0.44585 0.44174 0.43042 0.43481 0.41077 0.42998 0.39303 0.42164 0.38900 0.40990 0.39255
4 0.50840 0.59188 0.51537 0.59137 0.51969 0.59009 0.52539 0.58233 0.52872 0.57598 0.53293 0.56715 0.53490 0.56686 0.53472 0.55300 0.53349 0.54369 0.53339 0.54003 0.52916 0.53290 0.52534 0.53181 0.52218 0.52789 0.51875 0.52506 0.51577 0.52294 0.50909 0.52133 0.50184 0.52068 0.49731 0.52223 0.49469 0.52595 0.49331 0.53079 0.49243 0.53490 0.49268 0.54629 0.49403 0.55721 0.49914 0.57169 0.50313 0.58276 0.50840 0.59188
4 0.53279 0.14974 0.53716 0.14497 0.54111 0.13785 0.54464 0.13034 0.54719 0.12283 0.55105 0.11794 0.55026 0.10954 0.54460 0.10654 0.53684 0.10626 0.52249 0.10321 0.51042 0.10205 0.50100 0.10366 0.50452 0.11186 0.50848 0.11922 0.50950 0.13051 0.50933 0.14037 0.51216 0.14777 0.52009 0.15070 0.52703 0.15093 0.53279 0.14974
