4 0.34159 0.26072 0.32545 0.26220 0.31261 0.26911 0.30471 0.28146 0.30207 0.29924 0.29911 0.31653 0.29647 0.34320 0.29120 0.36494 0.28890 0.38519 0.28857 0.40742 0.28923 0.42767 0.29285 0.44397 0.30043 0.45138 0.31261 0.45928 0.32644 0.46175 0.33500 0.45978 0.34422 0.46027 0.36135 0.46027 0.37024 0.45780 0.38242 0.45681 0.38835 0.44990 0.38802 0.44150 0.39032 0.42619 0.39428 0.41532 0.39461 0.38815 0.39691 0.35852 0.39757 0.33234 0.38901 0.31999 0.37320 0.29875 0.36563 0.28146 0.35575 0.26714 0.34159 0.26072
4 0.79803 0.48586 0.78980 0.48783 0.78486 0.49771 0.78552 0.50562 0.79013 0.51846 0.79112 0.53427 0.79079 0.55896 0.78881 0.58366 0.79046 0.60193 0.79540 0.61182 0.80560 0.63305 0.81219 0.65578 0.81779 0.67356 0.82569 0.68690 0.83129 0.69233 0.84413 0.67553 0.85303 0.66467 0.86126 0.65627 0.86257 0.63355 0.86586 0.63208 0.86552 0.61083 0.86586 0.59205 0.85952 0.56604 0.85342 0.53546 0.84351 0.50945 0.83689 0.50068 0.82569 0.49376 0.81417 0.49623 0.80725 0.49129 0.79803 0.48586
4 0.85570 0.47857 0.84846 0.48572 0.83855 0.49772 0.84351 0.50945 0.85342 0.53546 0.85952 0.56604 0.86586 0.59205 0.86552 0.61083 0.86586 0.63208 0.86981 0.63999 0.88002 0.63405 0.88957 0.61775 0.90011 0.59700 0.90931 0.58514 0.91154 0.58119 0.90773 0.54460 0.90030 0.49515 0.88943 0.48686 0.88658 0.48600 0.87819 0.47800 0.87362 0.47457 0.86657 0.47829 0.85570 0.47857
4 0.31816 0.48539 0.31432 0.48333 0.30993 0.47715 0.30608 0.47263 0.30197 0.46892 0.29620 0.46810 0.28825 0.46892 0.28303 0.46933 0.27919 0.47345 0.27617 0.47922 0.27453 0.49115 0.27398 0.50391 0.27370 0.51750 0.27398 0.53478 0.27315 0.55166 0.27288 0.56648 0.27261 0.58377 0.27261 0.59900 0.27425 0.60723 0.28386 0.61793 0.29566 0.63028 0.30718 0.63851 0.31953 0.64633 0.32859 0.63152 0.33325 0.61711 0.34176 0.60600 0.34972 0.59488 0.35383 0.58665 0.35273 0.55701 0.35191 0.53725 0.34999 0.51873 0.34725 0.50268 0.34505 0.50062 0.33819 0.48992 0.33325 0.48498 0.32584 0.48415 0.31816 0.48539
4 0.90041 0.39458 0.90864 0.36494 0.91622 0.32938 0.91720 0.31455 0.90601 0.29233 0.89810 0.28541 0.89284 0.28443 0.88395 0.29628 0.87933 0.29825 0.87505 0.31999 0.87012 0.33135 0.86682 0.35950 0.86024 0.40890 0.86155 0.41680 0.87077 0.42718 0.88032 0.43063 0.89152 0.41828 0.90041 0.39458
4 0.91154 0.58119 0.92183 0.56518 0.93269 0.54432 0.94184 0.51230 0.93936 0.50687 0.92831 0.48629 0.91650 0.46685 0.90373 0.46400 0.89591 0.47600 0.88943 0.48686 0.90030 0.49515 0.90773 0.54460 0.91154 0.58119
4 0.76214 0.47746 0.75423 0.48042 0.74403 0.48388 0.73744 0.48635 0.73316 0.49277 0.73020 0.49722 0.72361 0.50018 0.72032 0.50216 0.71637 0.50364 0.71307 0.50611 0.70945 0.51352 0.70649 0.51895 0.70517 0.53673 0.70385 0.55550 0.70188 0.57922 0.70023 0.59897 0.70286 0.62268 0.70912 0.63898 0.71373 0.65923 0.71735 0.67109 0.72822 0.69233 0.73513 0.70369 0.75193 0.71555 0.76872 0.71950 0.77663 0.71159 0.78223 0.69727 0.78683 0.68048 0.78848 0.64639 0.78881 0.61478 0.79046 0.60193 0.78881 0.58366 0.79079 0.55896 0.79112 0.53427 0.79013 0.51846 0.78552 0.50562 0.78255 0.49574 0.77860 0.48635 0.77399 0.48042 0.77037 0.47598 0.76214 0.47746
4 0.34642 0.48745 0.34725 0.50268 0.34999 0.51873 0.35191 0.53725 0.35273 0.55701 0.35493 0.58088 0.35822 0.59694 0.36179 0.61711 0.36481 0.63316 0.36947 0.64633 0.37688 0.66239 0.38375 0.66692 0.39225 0.66815 0.39802 0.66938 0.40350 0.66650 0.41064 0.65950 0.41366 0.64222 0.41750 0.63110 0.42655 0.61176 0.42957 0.59776 0.42957 0.58788 0.42930 0.57101 0.42683 0.55084 0.42628 0.52737 0.42381 0.51173 0.42546 0.50227 0.43259 0.49692 0.43780 0.49197 0.44247 0.49197 0.44439 0.49321 0.44878 0.49321 0.44878 0.48292 0.43939 0.47953 0.42161 0.47608 0.40646 0.47114 0.39691 0.45335 0.38835 0.44990 0.38242 0.45681 0.37024 0.45780 0.36135 0.46027 0.35685 0.45946 0.35164 0.46275 0.34780 0.46892 0.34560 0.47469 0.34642 0.48745
4 0.24050 0.46810 0.23419 0.48127 0.22870 0.49485 0.22047 0.51626 0.21882 0.52655 0.23611 0.55742 0.24763 0.57471 0.26300 0.59570 0.27288 0.58830 0.27261 0.58377 0.27288 0.56648 0.27315 0.55166 0.27398 0.53478 0.27370 0.51750 0.27398 0.50391 0.27453 0.49115 0.27480 0.48621 0.26657 0.48004 0.25696 0.47098 0.25010 0.46522 0.24050 0.46810
4 0.18254 0.24096 0.18418 0.25973 0.18550 0.29085 0.18879 0.31258 0.19110 0.33728 0.19801 0.36692 0.20690 0.39013 0.20987 0.39557 0.22205 0.38964 0.22666 0.39952 0.23160 0.40149 0.21645 0.30616 0.21185 0.27899 0.20526 0.26121 0.19110 0.24590 0.18254 0.24096
4 0.69658 0.48168 0.68972 0.47551 0.68258 0.47222 0.67545 0.47222 0.66891 0.47756 0.65278 0.48200 0.63236 0.48200 0.60602 0.48843 0.60300 0.49485 0.60849 0.49897 0.61178 0.50803 0.61370 0.52243 0.61261 0.54919 0.61069 0.57595 0.61041 0.59200 0.61425 0.60847 0.62084 0.62328 0.62496 0.64140 0.62825 0.65745 0.63237 0.67597 0.63923 0.68667 0.64910 0.69367 0.66338 0.69820 0.67435 0.69450 0.68478 0.67762 0.68999 0.65457 0.69493 0.63275 0.69850 0.61011 0.70023 0.59897 0.70188 0.57922 0.70385 0.55550 0.70517 0.53673 0.70649 0.51895 0.70591 0.51297 0.70618 0.49980 0.70509 0.49156 0.70262 0.48621 0.69658 0.48168
4 0.52123 0.59035 0.52205 0.61258 0.52781 0.62040 0.53001 0.63234 0.53193 0.64387 0.53385 0.65539 0.53907 0.66856 0.54263 0.68091 0.54510 0.68997 0.55580 0.69079 0.56705 0.69285 0.57638 0.68544 0.58544 0.67515 0.59313 0.65992 0.59944 0.64098 0.60383 0.62411 0.60685 0.60311 0.61041 0.59200 0.61069 0.57595 0.61261 0.54919 0.61370 0.52243 0.61178 0.50803 0.60849 0.49897 0.60300 0.49485 0.58955 0.49386 0.57803 0.49692 0.57145 0.50103 0.56267 0.50103 0.55745 0.50062 0.55388 0.49774 0.53028 0.49682 0.51931 0.49938 0.51766 0.50679 0.51985 0.53684 0.52068 0.56442 0.52123 0.59035
4 0.44439 0.49321 0.44247 0.49197 0.43780 0.49197 0.43259 0.49692 0.42546 0.50227 0.42381 0.51173 0.42628 0.52737 0.42683 0.55084 0.42930 0.57101 0.42957 0.58788 0.43122 0.60147 0.43588 0.62699 0.44247 0.65004 0.44659 0.66568 0.45317 0.68215 0.46195 0.69161 0.47211 0.69285 0.48720 0.69285 0.49845 0.68873 0.50367 0.68173 0.50805 0.65868 0.51162 0.63604 0.51601 0.62040 0.52040 0.60558 0.52123 0.59035 0.52068 0.56442 0.51985 0.53684 0.51766 0.50679 0.51382 0.50309 0.50998 0.50350 0.50476 0.50185 0.50037 0.49938 0.49378 0.49897 0.49104 0.50062 0.48802 0.49856 0.48308 0.49733 0.47760 0.49692 0.47320 0.49692 0.46525 0.49815 0.46085 0.49527 0.45427 0.49485 0.44878 0.49321 0.44439 0.49321
4 0.82763 0.26269 0.82072 0.27109 0.81348 0.28393 0.80985 0.29332 0.80327 0.31060 0.79833 0.32493 0.79470 0.33185 0.79108 0.34469 0.79438 0.36642 0.79635 0.38124 0.79602 0.40001 0.79470 0.42372 0.79470 0.43014 0.80096 0.43705 0.80722 0.44348 0.80887 0.44644 0.81183 0.45187 0.81808 0.45533 0.82467 0.45780 0.83126 0.46027 0.83817 0.45879 0.84838 0.45237 0.85102 0.44051 0.85530 0.42817 0.86024 0.40890 0.86682 0.35950 0.87012 0.33135 0.87505 0.31999 0.87933 0.29825 0.87308 0.27257 0.87538 0.26467 0.86880 0.24886 0.85727 0.24688 0.84739 0.25034 0.83521 0.25479 0.82763 0.26269
4 0.21141 0.42653 0.20373 0.43064 0.19412 0.44875 0.18754 0.46810 0.19165 0.48415 0.20537 0.50844 0.21525 0.52449 0.22047 0.51626 0.22870 0.49485 0.23419 0.48127 0.24050 0.46810 0.25010 0.46522 0.25696 0.47098 0.26657 0.48004 0.27480 0.48621 0.27617 0.47922 0.27919 0.47345 0.28303 0.46933 0.28825 0.46892 0.29620 0.46810 0.30197 0.46892 0.30608 0.47263 0.30608 0.46193 0.30334 0.45493 0.28962 0.44093 0.28495 0.43846 0.28111 0.44011 0.27261 0.45081 0.26300 0.46481 0.25148 0.45369 0.24160 0.44217 0.22815 0.43517 0.21141 0.42653
4 0.44433 0.27060 0.42622 0.27553 0.41173 0.29381 0.40251 0.31900 0.39856 0.33481 0.39592 0.36840 0.39428 0.39754 0.39362 0.43360 0.39691 0.45335 0.40646 0.47114 0.42161 0.47608 0.43939 0.47953 0.46047 0.48546 0.48055 0.49090 0.49998 0.49435 0.51612 0.49880 0.53028 0.49682 0.53686 0.49040 0.54048 0.47953 0.53818 0.43162 0.53653 0.39705 0.53686 0.37037 0.53555 0.35259 0.52962 0.34222 0.52007 0.32740 0.50426 0.30912 0.49471 0.28739 0.48450 0.27158 0.46639 0.26714 0.44433 0.27060
4 0.25564 0.24540 0.24774 0.23157 0.23588 0.22614 0.22370 0.22268 0.21711 0.22960 0.21250 0.24590 0.21283 0.26763 0.21645 0.30616 0.23160 0.40149 0.23358 0.41137 0.23786 0.42224 0.24247 0.42421 0.25498 0.42520 0.26881 0.42174 0.27869 0.41779 0.28857 0.40742 0.28890 0.38519 0.29120 0.36494 0.29647 0.34320 0.29911 0.31653 0.28758 0.30320 0.27836 0.28344 0.26717 0.26565 0.25564 0.24540
4 0.70217 0.29678 0.69394 0.31802 0.68373 0.33234 0.67682 0.34271 0.68011 0.36593 0.68110 0.38618 0.68175 0.40989 0.68241 0.42866 0.67912 0.44644 0.68406 0.45830 0.68867 0.46521 0.69987 0.46916 0.71534 0.46669 0.73576 0.46620 0.74860 0.46570 0.76507 0.46373 0.77725 0.45879 0.78845 0.44891 0.79372 0.43557 0.79470 0.42372 0.79602 0.40001 0.79635 0.38124 0.79438 0.36642 0.79108 0.34469 0.78680 0.32839 0.78548 0.31653 0.78285 0.30517 0.77857 0.29381 0.77133 0.27948 0.76474 0.26763 0.75881 0.25775 0.74564 0.25331 0.73148 0.25380 0.72028 0.27010 0.71073 0.27850 0.70217 0.29678
4 0.55530 0.32048 0.54246 0.34172 0.53555 0.35259 0.53686 0.37037 0.53653 0.39705 0.53818 0.43162 0.54048 0.47953 0.54082 0.49040 0.54575 0.49781 0.55958 0.49781 0.58955 0.49386 0.60602 0.48843 0.63236 0.48200 0.65278 0.48200 0.66891 0.47756 0.67715 0.46867 0.67912 0.44644 0.68241 0.42866 0.68175 0.40989 0.68110 0.38618 0.68011 0.36593 0.67649 0.33432 0.67451 0.31851 0.66101 0.29727 0.65146 0.29085 0.63928 0.28047 0.63500 0.26714 0.62446 0.26170 0.61853 0.26368 0.60173 0.26269 0.58725 0.26862 0.57572 0.28245 0.56452 0.29678 0.55530 0.32048
