4 0.74907 0.64950 0.75027 0.63382 0.73110 0.61405 0.71899 0.59979 0.71046 0.60020 0.70611 0.60533 0.69751 0.60225 0.69377 0.59533 0.68545 0.59675 0.67188 0.61506 0.66460 0.62993 0.65425 0.63564 0.64127 0.64822 0.62635 0.65700 0.62153 0.67170 0.62282 0.67669 0.62609 0.69739 0.63064 0.72413 0.63879 0.73046 0.65336 0.71789 0.67399 0.70930 0.68252 0.70784 0.69379 0.71280 0.71387 0.69626 0.73243 0.67689 0.74907 0.64950
4 0.61633 0.89469 0.62714 0.88257 0.63130 0.86696 0.62811 0.84449 0.62365 0.78722 0.61878 0.77072 0.60044 0.76551 0.56984 0.77096 0.55134 0.79067 0.53770 0.80970 0.53667 0.83692 0.54584 0.86618 0.55163 0.89020 0.56729 0.90090 0.59381 0.90298 0.61633 0.89469
4 0.73487 0.68293 0.74453 0.71980 0.74991 0.75688 0.75491 0.77931 0.76612 0.75203 0.76913 0.71387 0.76705 0.68065 0.75470 0.65241 0.74907 0.64950 0.73243 0.67689 0.73487 0.68293
4 0.74991 0.75688 0.74453 0.71980 0.73487 0.68293 0.73243 0.67689 0.71387 0.69626 0.69379 0.71280 0.69615 0.73875 0.70016 0.77787 0.70323 0.81474 0.70693 0.83534 0.72804 0.83647 0.74637 0.82345 0.75566 0.81061 0.75638 0.78626 0.75491 0.77931 0.74991 0.75688
4 0.63116 0.59426 0.62648 0.58719 0.62252 0.58136 0.61862 0.58009 0.60741 0.58177 0.60111 0.58522 0.59653 0.59356 0.59518 0.61173 0.59485 0.62618 0.59617 0.64413 0.60024 0.66115 0.60728 0.67613 0.61597 0.67218 0.62153 0.67170 0.62635 0.65700 0.64127 0.64822 0.65425 0.63564 0.66460 0.62993 0.67188 0.61506 0.68545 0.59675 0.67658 0.59022 0.66800 0.58187 0.66129 0.57804 0.65529 0.57756 0.64805 0.58085 0.64542 0.58772 0.64469 0.59278 0.64150 0.59487 0.63513 0.59798 0.63116 0.59426
4 0.29388 0.19267 0.32485 0.21445 0.35421 0.22421 0.37054 0.22801 0.38157 0.20022 0.38501 0.15003 0.38201 0.10050 0.37062 0.04693 0.34641 0.02153 0.34514 0.02175 0.27191 0.03731 0.27035 0.03770 0.25474 0.04392 0.24327 0.06963 0.25469 0.11229 0.27687 0.16357 0.29388 0.19267
4 0.50434 0.10285 0.49901 0.07999 0.46521 0.00065 0.41586 0.00968 0.37670 0.02018 0.38183 0.05763 0.38679 0.10530 0.39538 0.14129 0.41303 0.15790 0.45395 0.15793 0.47886 0.15118 0.49918 0.12504 0.50434 0.10285
4 0.42302 0.49227 0.41259 0.49553 0.40405 0.50016 0.39680 0.50450 0.39741 0.52015 0.40479 0.54103 0.41083 0.55237 0.41587 0.56217 0.42114 0.56350 0.43185 0.58402 0.44070 0.59897 0.44827 0.60788 0.46099 0.61009 0.47299 0.60894 0.48038 0.60527 0.48567 0.59923 0.48926 0.58515 0.49183 0.57268 0.49857 0.56493 0.51230 0.56762 0.52106 0.56401 0.53027 0.55609 0.54280 0.54676 0.55403 0.53982 0.55641 0.54036 0.55030 0.52763 0.54642 0.52004 0.53930 0.50788 0.53369 0.49961 0.52308 0.49239 0.51261 0.48690 0.50778 0.48231 0.49957 0.46933 0.49057 0.45897 0.48141 0.45004 0.47116 0.44345 0.45953 0.44102 0.44745 0.44499 0.43961 0.45402 0.43919 0.47445 0.43640 0.48802 0.42909 0.49203 0.42302 0.49227
4 0.69582 0.80976 0.69612 0.78023 0.69615 0.73875 0.68314 0.72128 0.67351 0.72402 0.65215 0.73558 0.63411 0.74678 0.61933 0.75939 0.62365 0.78722 0.62811 0.84449 0.63433 0.86947 0.64645 0.87847 0.66172 0.87452 0.68690 0.86601 0.69440 0.84793 0.69503 0.83167 0.69582 0.80976
4 0.23005 0.24818 0.24801 0.24436 0.25608 0.21698 0.26639 0.19122 0.26224 0.16488 0.25157 0.12661 0.24471 0.10072 0.23200 0.08575 0.20931 0.07121 0.20168 0.06863 0.16557 0.07546 0.14273 0.08200 0.13095 0.10470 0.14082 0.14089 0.15410 0.16879 0.15819 0.19191 0.16446 0.21625 0.16989 0.22898 0.17676 0.22290 0.19521 0.23159 0.23005 0.24818
4 0.48414 0.00000 0.50104 0.05411 0.52264 0.10042 0.54446 0.12341 0.56665 0.12597 0.59380 0.11874 0.62054 0.10070 0.62854 0.08300 0.64698 0.08344 0.65468 0.06654 0.64329 0.01079 0.63932 0.00000 0.48414 0.00000
4 0.42399 0.87455 0.42963 0.89790 0.44686 0.91598 0.46601 0.92067 0.49646 0.91666 0.51548 0.91437 0.52974 0.90888 0.54040 0.89715 0.54722 0.88869 0.54410 0.86655 0.52864 0.81618 0.51810 0.78581 0.49926 0.77509 0.48007 0.76058 0.46685 0.75498 0.45115 0.76007 0.43665 0.77296 0.42214 0.79113 0.41427 0.81280 0.41498 0.84070 0.42399 0.87455
4 0.64935 0.00000 0.65598 0.02845 0.66189 0.06064 0.67733 0.06027 0.70676 0.04601 0.72720 0.02931 0.73957 0.00341 0.74020 0.00000 0.64935 0.00000
