4 0.18112 0.64890 0.19269 0.63060 0.19594 0.61168 0.19511 0.58610 0.18922 0.56550 0.18077 0.57040 0.16524 0.57399 0.15483 0.58020 0.15237 0.59766 0.14499 0.61331 0.14017 0.63765 0.14268 0.66073 0.14816 0.67467 0.15624 0.67915 0.16480 0.67590 0.17472 0.66516 0.18112 0.64890
4 0.86079 0.32846 0.84895 0.31078 0.83979 0.30268 0.82784 0.30790 0.81697 0.31886 0.80502 0.32409 0.79183 0.33312 0.78791 0.34670 0.78549 0.36063 0.78687 0.37475 0.79213 0.38022 0.80777 0.37978 0.82287 0.38615 0.84756 0.39840 0.86374 0.39115 0.86957 0.37466 0.87472 0.35623 0.86079 0.32846
4 0.69022 0.54245 0.69828 0.55291 0.71192 0.56314 0.72521 0.56676 0.73503 0.56555 0.74449 0.55457 0.74924 0.54361 0.74855 0.52230 0.74446 0.49543 0.74045 0.47805 0.73652 0.46100 0.73120 0.44815 0.72549 0.43257 0.72153 0.42257 0.71452 0.41257 0.70620 0.40605 0.69978 0.40471 0.69588 0.41019 0.68894 0.41883 0.68105 0.42945 0.67276 0.43629 0.66238 0.44221 0.64915 0.44597 0.63863 0.44523 0.63942 0.44962 0.63984 0.45657 0.64055 0.46169 0.64299 0.46816 0.64858 0.47814 0.65047 0.49143 0.65153 0.50210 0.66085 0.51192 0.67356 0.51813 0.67883 0.52466 0.69022 0.54245
4 0.60839 0.39870 0.61250 0.41042 0.61821 0.42495 0.62254 0.43557 0.62669 0.44235 0.63051 0.44464 0.63863 0.44523 0.64915 0.44597 0.66238 0.44221 0.67276 0.43629 0.68105 0.42945 0.68894 0.41883 0.69588 0.41019 0.69978 0.40471 0.70043 0.39224 0.69927 0.37807 0.69782 0.36362 0.69515 0.34699 0.69119 0.33593 0.68410 0.32560 0.67680 0.31637 0.66874 0.30485 0.66084 0.30527 0.65118 0.30820 0.64437 0.31330 0.63473 0.31940 0.63033 0.32781 0.62537 0.34198 0.61999 0.35835 0.61530 0.36859 0.61031 0.37854 0.60750 0.38975 0.60839 0.39870
4 0.78839 0.27547 0.78539 0.28285 0.78491 0.29705 0.78592 0.31160 0.79338 0.31234 0.80700 0.31025 0.81423 0.30189 0.82538 0.28911 0.83039 0.27317 0.83486 0.26298 0.84134 0.24424 0.84376 0.23030 0.84180 0.21773 0.83103 0.21282 0.82016 0.22272 0.81034 0.23415 0.80126 0.24469 0.79944 0.25919 0.79422 0.26814 0.78839 0.27547
4 0.39414 0.66520 0.39881 0.66835 0.40697 0.67069 0.41457 0.67189 0.42387 0.67185 0.43004 0.67170 0.43360 0.67003 0.44188 0.66432 0.44815 0.65484 0.44989 0.64895 0.45125 0.64019 0.45110 0.63220 0.45136 0.61988 0.45241 0.60612 0.45213 0.59393 0.45061 0.58246 0.44951 0.56793 0.44689 0.55290 0.44363 0.53632 0.43807 0.52325 0.43435 0.51566 0.43011 0.51199 0.42477 0.51450 0.41317 0.51802 0.40364 0.52191 0.39348 0.52552 0.38628 0.53099 0.37425 0.53630 0.36469 0.53766 0.35361 0.53853 0.35123 0.54288 0.34922 0.54883 0.34996 0.55204 0.35392 0.56676 0.35777 0.57854 0.36554 0.59998 0.37533 0.62772 0.38363 0.64777 0.38917 0.65959 0.39414 0.66520
4 0.33232 0.60512 0.33935 0.58914 0.34033 0.57750 0.32653 0.53971 0.31902 0.52919 0.31222 0.52780 0.28863 0.54044 0.27714 0.54689 0.27323 0.54948 0.27155 0.55800 0.26301 0.57165 0.25555 0.57426 0.26760 0.61795 0.27432 0.62992 0.29263 0.65062 0.30481 0.67526 0.31251 0.68785 0.32206 0.68649 0.33207 0.67488 0.33723 0.66059 0.33643 0.63755 0.33232 0.60512
4 0.25493 0.66565 0.26047 0.64325 0.26314 0.63039 0.24329 0.57913 0.22377 0.57268 0.21575 0.55482 0.21235 0.55086 0.20699 0.56182 0.20191 0.57524 0.19978 0.58925 0.20419 0.61569 0.20661 0.63837 0.21374 0.66925 0.22421 0.69260 0.23639 0.69528 0.24944 0.68340 0.25493 0.66565
4 0.77896 0.36390 0.77892 0.34032 0.77831 0.31019 0.77747 0.28926 0.77896 0.27026 0.77954 0.25851 0.77805 0.24899 0.77181 0.24233 0.76360 0.24036 0.75267 0.24394 0.74535 0.25091 0.73299 0.26045 0.72335 0.27570 0.71934 0.28684 0.71778 0.30656 0.71049 0.31775 0.69943 0.33192 0.69853 0.34128 0.69977 0.35578 0.70208 0.36581 0.71046 0.37056 0.72426 0.38146 0.73278 0.38477 0.74698 0.38114 0.76469 0.37846 0.77493 0.37293 0.77896 0.36390
4 0.77744 0.48253 0.79169 0.49333 0.80101 0.49505 0.81190 0.49641 0.82131 0.48931 0.81851 0.47517 0.81463 0.45529 0.80672 0.43529 0.80002 0.41642 0.78882 0.39542 0.78040 0.38645 0.77296 0.38676 0.76307 0.38975 0.75553 0.39782 0.74402 0.40189 0.73121 0.40238 0.71537 0.40709 0.71452 0.41257 0.72153 0.42257 0.72549 0.43257 0.73120 0.44815 0.73652 0.46100 0.74394 0.45753 0.75681 0.46442 0.76628 0.47490 0.77744 0.48253
4 0.45116 0.56163 0.45308 0.56626 0.46202 0.57813 0.46784 0.58989 0.47819 0.61031 0.48608 0.62370 0.49319 0.63008 0.50490 0.64047 0.51236 0.64593 0.52512 0.64256 0.53248 0.63537 0.54287 0.62537 0.54647 0.61778 0.54886 0.60371 0.54753 0.58205 0.54534 0.56524 0.54209 0.54993 0.53950 0.53870 0.53653 0.52587 0.53348 0.51263 0.52971 0.49998 0.52436 0.49024 0.52281 0.48721 0.50925 0.49076 0.48979 0.49441 0.47979 0.49630 0.47016 0.49979 0.45850 0.50544 0.45145 0.50791 0.44592 0.50961 0.44052 0.51677 0.44230 0.52692 0.44586 0.53624 0.45001 0.55176 0.45116 0.56163
4 0.22377 0.57268 0.24329 0.57913 0.26301 0.57165 0.27155 0.55800 0.27495 0.53897 0.27645 0.51380 0.25848 0.50773 0.25162 0.49909 0.23895 0.49910 0.22338 0.48444 0.20890 0.47027 0.19894 0.46088 0.18082 0.45631 0.17558 0.45679 0.17257 0.46697 0.18242 0.50120 0.19635 0.52353 0.21575 0.55482 0.22377 0.57268
4 0.32003 0.43658 0.32259 0.44767 0.32470 0.46105 0.32748 0.47939 0.33180 0.49810 0.33859 0.51697 0.34713 0.52230 0.36834 0.50865 0.39463 0.49163 0.41735 0.47397 0.43121 0.46858 0.43980 0.45906 0.44278 0.44693 0.44303 0.43957 0.43585 0.41057 0.43121 0.39047 0.42378 0.36883 0.40914 0.35396 0.40028 0.34724 0.38645 0.33803 0.36531 0.34145 0.35209 0.34961 0.33978 0.35537 0.33011 0.36417 0.32000 0.37527 0.31436 0.38460 0.31769 0.39478 0.32089 0.40864 0.32219 0.41637 0.32055 0.42405 0.32003 0.43658
4 0.56091 0.51880 0.56298 0.52571 0.57253 0.53759 0.58059 0.54805 0.59130 0.56494 0.60084 0.57470 0.61076 0.58509 0.62151 0.59704 0.62905 0.59917 0.64197 0.59302 0.65013 0.57952 0.65017 0.55628 0.65497 0.53229 0.65099 0.50891 0.65047 0.49143 0.64858 0.47814 0.64299 0.46816 0.63613 0.45883 0.62998 0.45251 0.62592 0.44922 0.59892 0.45440 0.58686 0.45613 0.57855 0.45745 0.57978 0.46646 0.57848 0.47183 0.57037 0.47454 0.55227 0.48041 0.55412 0.48938 0.55696 0.49964 0.56114 0.50959 0.56091 0.51880
4 0.44278 0.44693 0.43980 0.45906 0.44396 0.46571 0.45190 0.46345 0.45819 0.46749 0.46351 0.47218 0.46665 0.48582 0.47303 0.48899 0.47842 0.49281 0.49094 0.49330 0.53031 0.48548 0.55227 0.48041 0.57037 0.47454 0.57848 0.47183 0.57978 0.46646 0.57855 0.45745 0.57705 0.44850 0.57555 0.44082 0.57177 0.42564 0.56693 0.41324 0.56253 0.39904 0.55898 0.39099 0.55659 0.38310 0.55297 0.37717 0.54699 0.36841 0.54338 0.36375 0.53537 0.35715 0.53066 0.34895 0.52256 0.34321 0.51190 0.33976 0.49787 0.34131 0.48606 0.34024 0.47642 0.34246 0.46539 0.34965 0.45653 0.35888 0.45011 0.37262 0.44387 0.38589 0.43968 0.39953 0.43585 0.41057 0.44303 0.43957 0.44278 0.44693
2 0.32892 0.40240 0.33271 0.39205 0.33580 0.37981 0.34066 0.36633 0.34884 0.35353 0.34718 0.35289 0.33945 0.35632 0.32055 0.37509 0.31500 0.38440 0.31751 0.39350 0.31987 0.40429 0.32260 0.41436 0.32489 0.41116 0.32892 0.40240
2 0.46291 0.45963 0.45963 0.45318 0.45449 0.44161 0.44897 0.43320 0.44253 0.42790 0.44128 0.43024 0.44383 0.43892 0.44321 0.44812 0.44091 0.46019 0.44383 0.46569 0.45209 0.46337 0.46230 0.47069 0.46294 0.46869 0.46291 0.45963
2 0.43493 0.45685 0.43872 0.45252 0.44149 0.44595 0.44227 0.43935 0.43783 0.42011 0.43492 0.40818 0.43053 0.38992 0.42690 0.37989 0.42348 0.37153 0.42327 0.37776 0.41948 0.38778 0.42298 0.40649 0.42233 0.41653 0.42312 0.43141 0.42553 0.44470 0.42506 0.45765 0.42418 0.46601 0.42913 0.46388 0.43493 0.45685
