4 0.36082 0.43915 0.36233 0.45534 0.36637 0.47161 0.37234 0.47903 0.37638 0.48878 0.38098 0.49580 0.39190 0.50030 0.40516 0.50351 0.42465 0.50694 0.44566 0.50630 0.45930 0.50540 0.47310 0.50657 0.48376 0.50523 0.49256 0.49764 0.49797 0.48822 0.50077 0.47390 0.50250 0.46401 0.50278 0.44274 0.50302 0.41597 0.50275 0.39743 0.50333 0.37411 0.50183 0.35758 0.49693 0.34609 0.49239 0.33735 0.47837 0.33583 0.46362 0.33566 0.44571 0.33331 0.42589 0.33262 0.40790 0.33268 0.38727 0.33539 0.37673 0.34017 0.37324 0.35412 0.37148 0.36505 0.36768 0.38791 0.36541 0.40671 0.36134 0.42407 0.36082 0.43915
4 0.53685 0.60319 0.54549 0.58049 0.55228 0.55773 0.55579 0.54310 0.55880 0.51643 0.55610 0.51462 0.54876 0.51333 0.54221 0.51585 0.53395 0.51453 0.52005 0.50958 0.51335 0.50351 0.50791 0.49406 0.50571 0.48437 0.50440 0.46922 0.50250 0.46401 0.50077 0.47390 0.49797 0.48822 0.49256 0.49764 0.48376 0.50523 0.47428 0.50593 0.47370 0.50934 0.47274 0.52372 0.47191 0.54085 0.47075 0.55420 0.47261 0.56696 0.47789 0.58740 0.48789 0.61829 0.49072 0.62972 0.51806 0.62621 0.52926 0.62248 0.53685 0.60319
4 0.25617 0.50672 0.25105 0.51965 0.24744 0.53145 0.24689 0.53560 0.25402 0.54160 0.26153 0.54822 0.27025 0.55866 0.28019 0.56814 0.28841 0.57359 0.29851 0.57872 0.30376 0.58128 0.30473 0.57208 0.30405 0.55215 0.29999 0.52970 0.29691 0.51209 0.29646 0.49869 0.29825 0.48708 0.29727 0.48432 0.29683 0.47795 0.29258 0.47343 0.28976 0.46996 0.28422 0.46818 0.28102 0.46806 0.27636 0.47148 0.27151 0.47667 0.26672 0.48385 0.26204 0.49561 0.25617 0.50672
4 0.25105 0.51965 0.25617 0.50672 0.26204 0.49561 0.26672 0.48385 0.26620 0.47589 0.26630 0.46516 0.26487 0.46035 0.26285 0.45313 0.25951 0.44694 0.24980 0.45416 0.23670 0.45953 0.22603 0.46396 0.22053 0.47628 0.21606 0.48963 0.21215 0.50221 0.21216 0.51333 0.21661 0.51964 0.22624 0.52673 0.23769 0.52773 0.24489 0.52798 0.24963 0.52596 0.25105 0.51965
4 0.64795 0.43408 0.65577 0.44774 0.66575 0.45941 0.66838 0.46328 0.67635 0.46630 0.68617 0.46905 0.69508 0.47142 0.69980 0.46850 0.70873 0.46366 0.71662 0.44918 0.72073 0.43696 0.72400 0.42266 0.72635 0.40833 0.72753 0.38777 0.72715 0.37884 0.71712 0.37540 0.70860 0.37510 0.69876 0.37270 0.68858 0.36033 0.66812 0.35172 0.65059 0.34527 0.64332 0.34193 0.64101 0.36176 0.64006 0.37580 0.64255 0.39030 0.64382 0.40682 0.64412 0.42468 0.64795 0.43408
4 0.47310 0.50657 0.45930 0.50540 0.44566 0.50630 0.42465 0.50694 0.40516 0.50351 0.39190 0.50030 0.38599 0.49770 0.38589 0.50044 0.38539 0.51484 0.38423 0.52818 0.38584 0.54814 0.38664 0.56499 0.38814 0.58152 0.39077 0.59877 0.39450 0.61057 0.40684 0.61409 0.41962 0.61797 0.42971 0.61969 0.43517 0.62194 0.44402 0.62603 0.44819 0.60558 0.45345 0.60027 0.45946 0.58023 0.46627 0.56365 0.47075 0.55420 0.47191 0.54085 0.47274 0.52372 0.47370 0.50934 0.47310 0.50657
4 0.72442 0.45048 0.73268 0.46484 0.73886 0.47295 0.74758 0.48080 0.75941 0.48533 0.76966 0.48913 0.77808 0.48599 0.78588 0.47390 0.78922 0.46407 0.79617 0.45676 0.80340 0.44774 0.80769 0.43725 0.81038 0.42636 0.80854 0.41944 0.79470 0.41278 0.77863 0.40398 0.76690 0.39636 0.75644 0.39222 0.73959 0.38579 0.72715 0.37884 0.72753 0.38777 0.72635 0.40833 0.72400 0.42266 0.72073 0.43696 0.71912 0.44377 0.72442 0.45048
4 0.21852 0.45169 0.22332 0.45941 0.23670 0.45953 0.24980 0.45416 0.25951 0.44694 0.26688 0.43416 0.27478 0.42585 0.27998 0.42226 0.27765 0.40296 0.27690 0.38508 0.27955 0.36836 0.28088 0.35021 0.26911 0.35049 0.25166 0.35468 0.23669 0.36068 0.22058 0.36630 0.20469 0.37192 0.20199 0.37663 0.20360 0.40312 0.20652 0.42519 0.21230 0.43808 0.21852 0.45169
4 0.32966 0.59149 0.34635 0.59585 0.36260 0.59950 0.36808 0.60107 0.37224 0.59435 0.37622 0.57938 0.38221 0.56621 0.38584 0.54814 0.38423 0.52818 0.38539 0.51484 0.38589 0.50044 0.38599 0.49770 0.38098 0.49580 0.37638 0.48878 0.37234 0.47903 0.36637 0.47161 0.36312 0.45914 0.35469 0.45610 0.34644 0.45444 0.34028 0.45251 0.33406 0.45881 0.32292 0.46083 0.31982 0.46381 0.31819 0.46409 0.31476 0.46329 0.31195 0.46456 0.30687 0.47125 0.30179 0.47794 0.29825 0.48708 0.29646 0.49869 0.29691 0.51209 0.29999 0.52970 0.30405 0.55215 0.30473 0.57208 0.30732 0.58384 0.32966 0.59149
4 0.63971 0.59065 0.64529 0.56956 0.65079 0.55479 0.65345 0.53806 0.65570 0.51995 0.65559 0.50313 0.65236 0.48997 0.64916 0.48265 0.64170 0.47827 0.63788 0.47539 0.63691 0.47934 0.62929 0.49281 0.62347 0.50084 0.61826 0.50477 0.60806 0.50614 0.60521 0.50844 0.59493 0.51220 0.58033 0.51409 0.56594 0.51668 0.55880 0.51643 0.55698 0.52872 0.55579 0.54310 0.55693 0.55686 0.55957 0.56691 0.56374 0.58628 0.57019 0.60641 0.57064 0.61329 0.60789 0.61013 0.63479 0.60592 0.63971 0.59065
4 0.65559 0.50313 0.65570 0.51995 0.65345 0.53806 0.65079 0.55479 0.65568 0.56011 0.66601 0.58140 0.67404 0.59576 0.68285 0.59435 0.69033 0.58500 0.69939 0.57674 0.71028 0.56854 0.71693 0.56328 0.71689 0.53396 0.71782 0.51374 0.71738 0.49348 0.71433 0.48170 0.71429 0.47621 0.70873 0.46366 0.69980 0.46850 0.69508 0.47142 0.68617 0.46905 0.67635 0.46630 0.66838 0.46328 0.66575 0.45941 0.65577 0.44774 0.64795 0.43408 0.64523 0.43000 0.64374 0.43565 0.64368 0.45040 0.64239 0.46100 0.63788 0.47539 0.64170 0.47827 0.64916 0.48265 0.65236 0.48997 0.65559 0.50313
4 0.76401 0.52531 0.77478 0.51436 0.77718 0.51170 0.77443 0.50439 0.77305 0.49130 0.77363 0.48789 0.76966 0.48913 0.75941 0.48533 0.74758 0.48080 0.73886 0.47295 0.73268 0.46484 0.72817 0.46193 0.71979 0.47057 0.71429 0.47621 0.71433 0.48170 0.71738 0.49348 0.71782 0.51374 0.71689 0.53396 0.72275 0.55099 0.73505 0.55553 0.74982 0.54198 0.76401 0.52531
4 0.28916 0.44351 0.29637 0.44823 0.30080 0.45353 0.30746 0.46097 0.31476 0.46329 0.31819 0.46409 0.31982 0.46381 0.32292 0.46083 0.33406 0.45881 0.34028 0.45251 0.34835 0.44593 0.35394 0.43788 0.35846 0.42740 0.36079 0.41341 0.36390 0.39704 0.36599 0.38339 0.36919 0.37114 0.37151 0.35750 0.36149 0.34719 0.35591 0.34185 0.34764 0.34087 0.33075 0.34234 0.30457 0.34555 0.28995 0.34812 0.28318 0.35029 0.27955 0.36836 0.27690 0.38508 0.27765 0.40296 0.27998 0.42226 0.28418 0.43407 0.28916 0.44351
4 0.50363 0.45135 0.50440 0.46922 0.50571 0.48437 0.50791 0.49406 0.51335 0.50351 0.52005 0.50958 0.53395 0.51453 0.54221 0.51585 0.54876 0.51333 0.55610 0.51462 0.56594 0.51668 0.58033 0.51409 0.59493 0.51220 0.60521 0.50844 0.60806 0.50614 0.61826 0.50477 0.62347 0.50084 0.62929 0.49281 0.63691 0.47934 0.64239 0.46100 0.64368 0.45040 0.64374 0.43565 0.64412 0.42468 0.64382 0.40682 0.64255 0.39030 0.64006 0.37580 0.63733 0.36163 0.63473 0.35021 0.63303 0.33951 0.61478 0.33338 0.60313 0.33023 0.57563 0.33167 0.56130 0.33254 0.54003 0.33386 0.52433 0.33434 0.51887 0.33861 0.50998 0.35546 0.50460 0.37759 0.50238 0.38815 0.50238 0.40806 0.50354 0.43418 0.50363 0.45135
