4 0.36794 0.42494 0.36775 0.44119 0.37007 0.45780 0.37523 0.46580 0.37823 0.47592 0.38207 0.48339 0.39246 0.48900 0.40532 0.49358 0.42434 0.49903 0.44530 0.50059 0.45896 0.50112 0.47257 0.50372 0.48330 0.50350 0.49285 0.49688 0.49921 0.48807 0.50350 0.47413 0.50625 0.46447 0.50875 0.44334 0.51179 0.41675 0.51346 0.39828 0.51647 0.37515 0.51671 0.35855 0.51303 0.34661 0.50944 0.33744 0.49565 0.33447 0.48100 0.33275 0.46343 0.32855 0.44380 0.32579 0.42589 0.32397 0.40510 0.32451 0.39411 0.32816 0.38919 0.34167 0.38629 0.35235 0.38012 0.37469 0.37590 0.39315 0.37004 0.40999 0.36794 0.42494
4 0.52587 0.60647 0.53683 0.58481 0.54596 0.56288 0.55098 0.54869 0.55676 0.52248 0.55426 0.52040 0.54710 0.51835 0.54032 0.52017 0.53225 0.51800 0.51894 0.51163 0.51291 0.50489 0.50849 0.49492 0.50731 0.48505 0.50759 0.46985 0.50625 0.46447 0.50350 0.47413 0.49921 0.48807 0.49285 0.49688 0.48330 0.50350 0.47380 0.50321 0.47287 0.50654 0.47041 0.52074 0.46779 0.53769 0.46524 0.55084 0.46576 0.56373 0.46888 0.58461 0.47559 0.61638 0.47721 0.62804 0.50477 0.62741 0.51630 0.62487 0.52587 0.60647
4 0.25681 0.48120 0.25036 0.49352 0.24553 0.50487 0.24456 0.50895 0.25102 0.51567 0.25780 0.52303 0.26538 0.53432 0.27427 0.54479 0.28188 0.55107 0.29139 0.55722 0.29634 0.56032 0.29827 0.55128 0.29967 0.53138 0.29798 0.50863 0.29676 0.49079 0.29771 0.47742 0.30070 0.46606 0.30002 0.46322 0.30024 0.45683 0.29649 0.45190 0.29406 0.44815 0.28873 0.44579 0.28556 0.44535 0.28057 0.44825 0.27520 0.45291 0.26968 0.45956 0.26380 0.47076 0.25681 0.48120
4 0.25036 0.49352 0.25681 0.48120 0.26380 0.47076 0.26968 0.45956 0.27000 0.45158 0.27122 0.44093 0.27030 0.43599 0.26905 0.42860 0.26637 0.42210 0.25596 0.42825 0.24237 0.43223 0.23130 0.43552 0.22454 0.44720 0.21870 0.46000 0.21349 0.47211 0.21234 0.48317 0.21611 0.48991 0.22495 0.49797 0.23622 0.50016 0.24336 0.50116 0.24829 0.49965 0.25036 0.49352
4 0.65403 0.44990 0.66038 0.46431 0.66908 0.47696 0.67130 0.48108 0.67890 0.48492 0.68838 0.48868 0.69700 0.49197 0.70200 0.48955 0.71139 0.48567 0.72074 0.47210 0.72612 0.46038 0.73086 0.44650 0.73469 0.43249 0.73801 0.41217 0.73857 0.40325 0.72895 0.39878 0.72051 0.39759 0.71098 0.39417 0.70215 0.38081 0.68270 0.37011 0.66593 0.36186 0.65906 0.35778 0.65469 0.37725 0.65228 0.39112 0.65324 0.40580 0.65277 0.42236 0.65121 0.44015 0.65403 0.44990
4 0.47257 0.50372 0.45896 0.50112 0.44530 0.50059 0.42434 0.49903 0.40532 0.49358 0.39246 0.48900 0.38685 0.48579 0.38647 0.48851 0.38447 0.50277 0.38192 0.51593 0.38144 0.53595 0.38047 0.55278 0.38023 0.56938 0.38104 0.58681 0.38353 0.59894 0.39542 0.60373 0.40773 0.60892 0.41758 0.61169 0.42278 0.61450 0.43115 0.61949 0.43744 0.59959 0.44323 0.59486 0.45130 0.57556 0.45980 0.55978 0.46524 0.55084 0.46779 0.53769 0.47041 0.52074 0.47287 0.50654 0.47257 0.50372
4 0.72836 0.47421 0.73508 0.48935 0.74038 0.49806 0.74823 0.50679 0.75953 0.51253 0.76932 0.51738 0.77802 0.51513 0.78704 0.50393 0.79139 0.49450 0.79906 0.48795 0.80720 0.47974 0.81256 0.46976 0.81637 0.45921 0.81527 0.45213 0.80221 0.44406 0.78714 0.43363 0.77628 0.42482 0.76630 0.41961 0.75022 0.41146 0.73857 0.40325 0.73801 0.41217 0.73469 0.43249 0.73086 0.44650 0.72612 0.46038 0.72379 0.46698 0.72836 0.47421
4 0.22511 0.42253 0.22908 0.43071 0.24237 0.43223 0.25596 0.42825 0.26637 0.42210 0.27504 0.41015 0.28376 0.40272 0.28931 0.39969 0.28902 0.38025 0.29013 0.36239 0.29452 0.34603 0.29774 0.32813 0.28600 0.32717 0.26821 0.32952 0.25269 0.33392 0.23608 0.33782 0.21970 0.34175 0.21652 0.34616 0.21535 0.37267 0.21595 0.39492 0.22035 0.40835 0.22511 0.42253
4 0.32103 0.57318 0.33717 0.57926 0.35295 0.58460 0.35824 0.58672 0.36307 0.58048 0.36860 0.56601 0.37594 0.55354 0.38144 0.53595 0.38192 0.51593 0.38447 0.50277 0.38647 0.48851 0.38685 0.48579 0.38207 0.48339 0.37823 0.47592 0.37523 0.46580 0.37007 0.45780 0.36814 0.44506 0.36007 0.44115 0.35205 0.43864 0.34612 0.43608 0.33928 0.44169 0.32798 0.44253 0.32459 0.44517 0.32294 0.44528 0.31961 0.44412 0.31668 0.44510 0.31093 0.45122 0.30518 0.45734 0.30070 0.46606 0.29771 0.47742 0.29676 0.49079 0.29798 0.50863 0.29967 0.53138 0.29827 0.55128 0.29961 0.56324 0.32103 0.57318
4 0.62947 0.60475 0.63722 0.58437 0.64423 0.57025 0.64863 0.55390 0.65276 0.53612 0.65441 0.51937 0.65257 0.50595 0.65015 0.49834 0.64319 0.49320 0.63969 0.48994 0.63832 0.49377 0.62933 0.50636 0.62271 0.51374 0.61711 0.51711 0.60683 0.51740 0.60375 0.51939 0.59314 0.52205 0.57842 0.52241 0.56384 0.52348 0.55676 0.52248 0.55367 0.53452 0.55098 0.54869 0.55067 0.56250 0.55225 0.57277 0.55437 0.59247 0.55868 0.61316 0.55841 0.62005 0.59579 0.62080 0.62298 0.61943 0.62947 0.60475
4 0.65441 0.51937 0.65276 0.53612 0.64863 0.55390 0.64423 0.57025 0.64854 0.57605 0.65659 0.59831 0.66307 0.61342 0.67199 0.61295 0.68040 0.60443 0.69027 0.59716 0.70197 0.59014 0.70912 0.58560 0.71215 0.55645 0.71519 0.53644 0.71687 0.51624 0.71507 0.50421 0.71560 0.49874 0.71139 0.48567 0.70200 0.48955 0.69700 0.49197 0.68838 0.48868 0.67890 0.48492 0.67130 0.48108 0.66908 0.47696 0.66038 0.46431 0.65403 0.44990 0.65175 0.44556 0.64968 0.45103 0.64808 0.46569 0.64569 0.47610 0.63969 0.48994 0.64319 0.49320 0.65015 0.49834 0.65257 0.50595 0.65441 0.51937
4 0.75992 0.55277 0.77177 0.54300 0.77444 0.54061 0.77247 0.53306 0.77246 0.51989 0.77339 0.51656 0.76932 0.51738 0.75953 0.51253 0.74823 0.50679 0.74038 0.49806 0.73508 0.48935 0.73090 0.48599 0.72166 0.49370 0.71560 0.49874 0.71507 0.50421 0.71687 0.51624 0.71519 0.53644 0.71215 0.55645 0.71620 0.57399 0.72796 0.57980 0.74407 0.56786 0.75992 0.55277
4 0.29622 0.42178 0.30290 0.42723 0.30675 0.43297 0.31260 0.44106 0.31961 0.44412 0.32294 0.44528 0.32459 0.44517 0.32798 0.44253 0.33928 0.44169 0.34612 0.43608 0.35484 0.43037 0.36123 0.42295 0.36682 0.41300 0.37061 0.39933 0.37541 0.38338 0.37892 0.37002 0.38337 0.35818 0.38711 0.34485 0.37822 0.33355 0.37323 0.32765 0.36511 0.32582 0.34815 0.32551 0.32179 0.32596 0.30697 0.32700 0.30002 0.32845 0.29452 0.34603 0.29013 0.36239 0.28902 0.38025 0.28931 0.39969 0.29225 0.41188 0.29622 0.42178
4 0.50870 0.45199 0.50759 0.46985 0.50731 0.48505 0.50849 0.49492 0.51291 0.50489 0.51894 0.51163 0.53225 0.51800 0.54032 0.52017 0.54710 0.51835 0.55426 0.52040 0.56384 0.52348 0.57842 0.52241 0.59314 0.52205 0.60375 0.51939 0.60683 0.51740 0.61711 0.51711 0.62271 0.51374 0.62933 0.50636 0.63832 0.49377 0.64569 0.47610 0.64808 0.46569 0.64968 0.45103 0.65121 0.44015 0.65277 0.42236 0.65324 0.40580 0.65228 0.39112 0.65104 0.37674 0.64965 0.36512 0.64907 0.35430 0.63157 0.34629 0.62031 0.34194 0.59281 0.34050 0.57847 0.33987 0.55718 0.33896 0.54151 0.33779 0.53564 0.34147 0.52504 0.35730 0.51737 0.37874 0.51406 0.38901 0.51198 0.40881 0.51040 0.43491 0.50870 0.45199
