4 0.43126 0.58654 0.42707 0.58539 0.42080 0.58539 0.41357 0.58425 0.40387 0.58568 0.39740 0.58997 0.39264 0.59569 0.39074 0.60255 0.39017 0.61312 0.38922 0.62427 0.38846 0.63599 0.38770 0.64399 0.38694 0.65743 0.38617 0.66715 0.38542 0.68258 0.38523 0.69087 0.38617 0.69888 0.38694 0.70602 0.38751 0.71774 0.39321 0.71917 0.40444 0.72375 0.41223 0.72775 0.41870 0.73175 0.42250 0.73404 0.42650 0.73632 0.42954 0.73690 0.43335 0.73289 0.43525 0.73032 0.43791 0.72146 0.44153 0.72089 0.44952 0.71117 0.44913 0.70574 0.44875 0.69573 0.44913 0.68887 0.45313 0.68144 0.45579 0.67773 0.45845 0.67201 0.45922 0.66029 0.45922 0.65057 0.46226 0.64714 0.46065 0.63911 0.46049 0.63615 0.45754 0.62262 0.45427 0.60240 0.45346 0.59890 0.45157 0.59407 0.44704 0.58797 0.44191 0.58682 0.43126 0.58654
1 0.62108 0.29680 0.61788 0.30160 0.61674 0.30572 0.61970 0.30709 0.62313 0.30400 0.62678 0.30263 0.63043 0.29920 0.63340 0.29474 0.63454 0.29268 0.63705 0.28479 0.63135 0.28068 0.62883 0.28445 0.62427 0.29028 0.62108 0.29680
4 0.63013 0.57945 0.62717 0.59145 0.62306 0.59969 0.61918 0.60963 0.61553 0.62095 0.61347 0.62987 0.61096 0.63708 0.60777 0.64668 0.60412 0.66006 0.60206 0.66932 0.60001 0.67824 0.59795 0.68441 0.59681 0.68682 0.59544 0.69299 0.59339 0.70019 0.59065 0.70808 0.58905 0.71631 0.58860 0.72112 0.58814 0.73140 0.59339 0.73244 0.60092 0.73175 0.61233 0.73038 0.62511 0.72798 0.63310 0.72455 0.64155 0.72077 0.64657 0.71734 0.65387 0.71014 0.65752 0.70396 0.66140 0.68956 0.66392 0.67790 0.66597 0.67241 0.66711 0.65800 0.67190 0.64634 0.67328 0.63330 0.67807 0.61581 0.68081 0.60518 0.68103 0.59317 0.67967 0.58528 0.67190 0.57671 0.66620 0.57568 0.65798 0.57465 0.65182 0.57362 0.64634 0.57327 0.64429 0.57499 0.64223 0.57327 0.63927 0.57225 0.63561 0.57499 0.63013 0.57945
4 0.42315 0.35300 0.42182 0.36586 0.42011 0.37958 0.41897 0.39130 0.41745 0.41102 0.41802 0.42046 0.41726 0.43361 0.41897 0.44619 0.42049 0.45276 0.42563 0.45619 0.43380 0.45676 0.44446 0.45562 0.45207 0.45390 0.46063 0.44847 0.46709 0.44247 0.47546 0.43732 0.48250 0.42989 0.48459 0.42360 0.48763 0.41989 0.49067 0.41788 0.49315 0.41703 0.49638 0.41474 0.50000 0.41217 0.50152 0.40845 0.50209 0.40503 0.50342 0.40045 0.50532 0.39473 0.50494 0.37758 0.50437 0.36729 0.50342 0.35928 0.49943 0.34985 0.49391 0.33985 0.48687 0.33070 0.47413 0.32299 0.46728 0.32041 0.46063 0.31755 0.45454 0.31698 0.44807 0.32212 0.43894 0.32956 0.42981 0.33956 0.42487 0.34556 0.42315 0.35300
4 0.46644 0.64714 0.46226 0.64714 0.45922 0.65057 0.45922 0.66029 0.45845 0.67201 0.45579 0.67773 0.45313 0.68144 0.44913 0.68887 0.44875 0.69573 0.44913 0.70574 0.45104 0.71803 0.45389 0.72775 0.45922 0.73604 0.46454 0.74061 0.47348 0.74404 0.48451 0.74547 0.49593 0.74261 0.50601 0.73775 0.51247 0.73489 0.51704 0.73060 0.51932 0.72889 0.52160 0.72546 0.52065 0.72060 0.51818 0.71974 0.51438 0.71145 0.51095 0.70316 0.50943 0.70030 0.50601 0.69059 0.50201 0.68287 0.49916 0.67087 0.49669 0.66229 0.49555 0.65657 0.49288 0.65314 0.49041 0.65057 0.48528 0.64657 0.48071 0.64600 0.47652 0.64485 0.47063 0.64657 0.46644 0.64714
4 0.66278 0.53966 0.65935 0.54103 0.65638 0.54583 0.65228 0.54721 0.64931 0.55612 0.64611 0.56881 0.64634 0.57327 0.65182 0.57362 0.65798 0.57465 0.66620 0.57568 0.67190 0.57671 0.67967 0.58528 0.68103 0.59317 0.68081 0.60518 0.67807 0.61581 0.67328 0.63330 0.67190 0.64634 0.66711 0.65800 0.66597 0.67241 0.66802 0.67652 0.67190 0.67858 0.67875 0.68030 0.68651 0.68613 0.69039 0.69162 0.69953 0.69539 0.70774 0.69299 0.71504 0.68682 0.71870 0.67858 0.72235 0.67206 0.72143 0.66726 0.71847 0.66280 0.71778 0.65766 0.71938 0.64874 0.71596 0.63159 0.71002 0.60483 0.70500 0.57945 0.69930 0.55578 0.69382 0.54343 0.68492 0.53931 0.67715 0.53966 0.66757 0.54069 0.66278 0.53966
4 0.58159 0.27828 0.57383 0.27999 0.56493 0.28479 0.55534 0.29611 0.54530 0.31018 0.53868 0.32459 0.53023 0.34208 0.52179 0.36746 0.52019 0.37775 0.52065 0.39010 0.52087 0.40142 0.51973 0.41754 0.52019 0.42886 0.52316 0.43744 0.54119 0.44396 0.55146 0.44807 0.56493 0.44636 0.56767 0.44396 0.57017 0.44464 0.57223 0.44807 0.57953 0.45116 0.58889 0.45322 0.60259 0.45596 0.60624 0.45322 0.60807 0.44944 0.60898 0.43812 0.60989 0.42475 0.61126 0.41068 0.61057 0.39148 0.60966 0.37878 0.60601 0.35991 0.60418 0.34345 0.60510 0.33179 0.60418 0.32013 0.60464 0.31018 0.60510 0.30057 0.60578 0.29234 0.60145 0.28719 0.59574 0.28274 0.58866 0.27896 0.58159 0.27828
2 0.47252 0.71978 0.47649 0.72018 0.48309 0.71779 0.49287 0.71124 0.49828 0.70270 0.49960 0.68643 0.49916 0.67087 0.49669 0.66229 0.49555 0.65657 0.49288 0.65314 0.49041 0.65057 0.48528 0.64657 0.48071 0.64600 0.47652 0.64485 0.47063 0.64657 0.46644 0.64714 0.46226 0.64714 0.45922 0.65057 0.45922 0.66029 0.45845 0.67201 0.45579 0.67773 0.45313 0.68144 0.44913 0.68887 0.44875 0.69573 0.45033 0.69774 0.45245 0.70548 0.45826 0.71223 0.46486 0.71759 0.47252 0.71978
2 0.58386 0.29402 0.58835 0.29719 0.59126 0.29699 0.59258 0.29442 0.59575 0.29164 0.59627 0.28747 0.59574 0.28274 0.58866 0.27896 0.58159 0.27828 0.57383 0.27999 0.56493 0.28479 0.55534 0.29611 0.55190 0.30355 0.56193 0.29759 0.57012 0.29402 0.57805 0.29322 0.58386 0.29402
4 0.31947 0.34360 0.31263 0.33730 0.30578 0.33187 0.29722 0.32901 0.28866 0.32873 0.28086 0.34159 0.28181 0.34817 0.28600 0.36846 0.28999 0.39933 0.29265 0.41334 0.29417 0.42792 0.29722 0.44193 0.29969 0.44993 0.30388 0.46108 0.30882 0.46851 0.31377 0.47337 0.32061 0.47108 0.33127 0.47080 0.34135 0.46908 0.35047 0.46680 0.35884 0.45765 0.36493 0.44536 0.36778 0.43507 0.37159 0.41734 0.37425 0.39390 0.37577 0.37647 0.37577 0.36846 0.37501 0.35846 0.37330 0.34817 0.37254 0.34645 0.36817 0.35017 0.36512 0.35503 0.35390 0.35989 0.34686 0.35931 0.33678 0.35617 0.32860 0.35045 0.31947 0.34360
1 0.61497 0.68375 0.61738 0.68375 0.61905 0.68361 0.61840 0.68640 0.62034 0.68640 0.62220 0.68431 0.62387 0.68083 0.62210 0.67915 0.61933 0.67623 0.61756 0.67330 0.61821 0.66996 0.61821 0.66759 0.61728 0.66619 0.61562 0.66606 0.61191 0.67177 0.61200 0.67706 0.61283 0.68166 0.61497 0.68375
4 0.70725 0.30963 0.70725 0.31764 0.71010 0.33879 0.71181 0.35251 0.71295 0.35937 0.71333 0.37853 0.71390 0.39110 0.71600 0.40425 0.72265 0.41826 0.72817 0.42569 0.73882 0.42598 0.75004 0.41969 0.75841 0.41426 0.77001 0.40911 0.77971 0.40482 0.78884 0.40054 0.79817 0.39825 0.80653 0.39253 0.79664 0.37824 0.78257 0.36166 0.77325 0.35194 0.76260 0.34222 0.75670 0.33736 0.74966 0.33222 0.73559 0.32421 0.72550 0.31907 0.71695 0.31449 0.70725 0.30963
2 0.60781 0.66727 0.61128 0.68292 0.61582 0.68874 0.62156 0.68894 0.62530 0.68492 0.62983 0.67930 0.63197 0.67188 0.63184 0.66185 0.62850 0.64520 0.62823 0.64018 0.62757 0.63236 0.62663 0.62835 0.62436 0.62614 0.61729 0.62835 0.61248 0.63878 0.60861 0.65082 0.60781 0.66727
1 0.62609 0.64390 0.62725 0.64793 0.62760 0.65015 0.62774 0.64430 0.62752 0.63812 0.62698 0.63281 0.62604 0.63080 0.62560 0.62879 0.62475 0.62838 0.62305 0.62899 0.62193 0.62865 0.62130 0.63026 0.62206 0.63678 0.62296 0.64007 0.62425 0.64249 0.62609 0.64390
1 0.35886 0.40305 0.36085 0.40489 0.36401 0.40111 0.36588 0.39860 0.36684 0.39608 0.36697 0.39337 0.36723 0.38999 0.36549 0.38640 0.36053 0.38853 0.35886 0.39221 0.35847 0.39812 0.35886 0.40305
