4 0.39433 0.59755 0.39255 0.60444 0.39216 0.61502 0.39140 0.62618 0.39085 0.63792 0.39023 0.64593 0.38970 0.65938 0.38911 0.66911 0.38862 0.68455 0.38858 0.69285 0.38966 0.70084 0.39055 0.70797 0.39133 0.71967 0.39705 0.72100 0.40836 0.72538 0.41622 0.72925 0.42276 0.73313 0.42660 0.73535 0.43064 0.73757 0.43369 0.73809 0.43742 0.73402 0.43928 0.73142 0.44179 0.72251 0.44539 0.72187 0.45321 0.71202 0.45273 0.70660 0.45218 0.69660 0.45244 0.68973 0.45630 0.68223 0.45890 0.67847 0.46146 0.67270 0.46202 0.66097 0.46185 0.65126 0.46483 0.64777 0.46308 0.63978 0.46287 0.63682 0.45969 0.62335 0.45606 0.60318 0.45519 0.59970 0.45322 0.59490 0.44859 0.58888 0.44343 0.58783 0.43278 0.58773 0.42857 0.58665 0.42230 0.58676 0.41505 0.58575 0.40537 0.58734 0.39899 0.59174 0.39433 0.59755
1 0.62691 0.29695 0.62980 0.29244 0.63090 0.29037 0.63328 0.28243 0.62750 0.27842 0.62505 0.28224 0.62059 0.28814 0.61751 0.29472 0.61440 0.29957 0.61333 0.30371 0.61632 0.30503 0.61969 0.30189 0.62332 0.30045 0.62691 0.29695
4 0.61334 0.63512 0.61031 0.64478 0.60689 0.65822 0.60500 0.66751 0.60310 0.67646 0.60116 0.68267 0.60006 0.68510 0.59880 0.69129 0.59687 0.69853 0.59427 0.70647 0.59281 0.71472 0.59244 0.71954 0.59216 0.72983 0.59743 0.73077 0.60495 0.72995 0.61634 0.72838 0.62907 0.72576 0.63700 0.72219 0.64538 0.71827 0.65034 0.71475 0.65752 0.70742 0.66106 0.70118 0.66469 0.68671 0.66700 0.67501 0.66895 0.66949 0.66984 0.65506 0.67443 0.64331 0.67558 0.63026 0.68006 0.61268 0.68262 0.60200 0.68263 0.58999 0.68113 0.58213 0.67322 0.57369 0.66750 0.57276 0.65926 0.57188 0.65308 0.57096 0.64760 0.57071 0.64557 0.57246 0.64349 0.57078 0.64050 0.56980 0.63690 0.57261 0.63150 0.57716 0.62874 0.58922 0.62478 0.59752 0.62108 0.60754 0.61762 0.61892 0.61572 0.62787 0.61334 0.63512
4 0.41611 0.43506 0.41804 0.44761 0.41968 0.45415 0.42487 0.45750 0.43306 0.45793 0.44369 0.45659 0.45127 0.45475 0.45973 0.44917 0.46609 0.44305 0.47437 0.43776 0.48128 0.43021 0.48326 0.42388 0.48624 0.42011 0.48924 0.41806 0.49170 0.41716 0.49490 0.41482 0.49846 0.41218 0.49992 0.40844 0.50043 0.40500 0.50168 0.40041 0.50348 0.39465 0.50280 0.37751 0.50205 0.36723 0.50096 0.35925 0.49681 0.34989 0.49112 0.33998 0.48392 0.33096 0.47104 0.32346 0.46415 0.32101 0.45745 0.31827 0.45135 0.31780 0.44497 0.32306 0.43598 0.33065 0.42702 0.34081 0.42218 0.34690 0.42060 0.35436 0.41949 0.36725 0.41802 0.38099 0.41708 0.39273 0.41591 0.41248 0.41664 0.42190 0.41611 0.43506
4 0.45630 0.68223 0.45244 0.68973 0.45218 0.69660 0.45273 0.70660 0.45485 0.71885 0.45787 0.72852 0.46334 0.73671 0.46875 0.74119 0.47774 0.74447 0.48880 0.74570 0.50016 0.74265 0.51016 0.73761 0.51657 0.73464 0.52106 0.73027 0.52331 0.72852 0.52553 0.72505 0.52450 0.72021 0.52201 0.71939 0.51806 0.71117 0.51450 0.70294 0.51292 0.70011 0.50933 0.69045 0.50520 0.68280 0.50214 0.67085 0.49952 0.66232 0.49828 0.65663 0.49556 0.65324 0.49304 0.65071 0.48784 0.64680 0.48326 0.64631 0.47906 0.64524 0.47319 0.64706 0.46902 0.64770 0.46483 0.64777 0.46185 0.65126 0.46202 0.66097 0.46146 0.67270 0.45890 0.67847 0.45630 0.68223
4 0.64760 0.57071 0.65308 0.57096 0.65926 0.57188 0.66750 0.57276 0.67322 0.57369 0.68113 0.58213 0.68263 0.58999 0.68262 0.60200 0.68006 0.61268 0.67558 0.63026 0.67443 0.64331 0.66984 0.65506 0.66895 0.66949 0.67108 0.67356 0.67500 0.67555 0.68187 0.67715 0.68973 0.68285 0.69371 0.68826 0.70290 0.69188 0.71108 0.68933 0.71827 0.68303 0.72178 0.67474 0.72532 0.66816 0.72432 0.66337 0.72127 0.65897 0.72050 0.65383 0.72194 0.64489 0.71822 0.62780 0.71182 0.60115 0.70635 0.57586 0.70024 0.55229 0.69455 0.54004 0.68557 0.53608 0.67782 0.53656 0.66825 0.53776 0.66344 0.53681 0.66004 0.53824 0.65716 0.54310 0.65308 0.54454 0.65027 0.55351 0.64729 0.56625 0.64760 0.57071
4 0.52747 0.34158 0.51947 0.36710 0.51805 0.37742 0.51872 0.38976 0.51915 0.40107 0.51829 0.41721 0.51895 0.42852 0.52206 0.43704 0.54020 0.44325 0.55055 0.44718 0.56398 0.44523 0.56668 0.44278 0.56920 0.44343 0.57131 0.44682 0.57867 0.44978 0.58806 0.45167 0.60180 0.45418 0.60540 0.45137 0.60717 0.44757 0.60788 0.43623 0.60856 0.42284 0.60968 0.40875 0.60866 0.38956 0.60753 0.37689 0.60355 0.35809 0.60144 0.34165 0.60215 0.32998 0.60103 0.31833 0.60131 0.30838 0.60160 0.29877 0.60214 0.29053 0.59772 0.28545 0.59193 0.28110 0.58479 0.27745 0.57770 0.27689 0.56998 0.27874 0.56116 0.28369 0.55177 0.29518 0.54198 0.30942 0.53561 0.32394 0.52747 0.34158
2 0.50214 0.67085 0.49952 0.66232 0.49828 0.65663 0.49556 0.65324 0.49304 0.65071 0.48784 0.64680 0.48326 0.64631 0.47906 0.64524 0.47319 0.64706 0.46902 0.64770 0.46483 0.64777 0.46185 0.65126 0.46202 0.66097 0.46146 0.67270 0.45890 0.67847 0.45630 0.68223 0.45244 0.68973 0.45218 0.69660 0.45379 0.69858 0.45604 0.70628 0.46197 0.71293 0.46867 0.71817 0.47636 0.72022 0.48033 0.72055 0.48689 0.71805 0.49655 0.71133 0.50182 0.70270 0.50285 0.68640 0.50214 0.67085
2 0.59193 0.28110 0.58479 0.27745 0.57770 0.27689 0.56998 0.27874 0.56116 0.28369 0.55177 0.29518 0.54846 0.30267 0.55839 0.29654 0.56652 0.29283 0.57443 0.29189 0.58025 0.29258 0.58480 0.29568 0.58770 0.29543 0.58898 0.29283 0.59210 0.29000 0.59255 0.28582 0.59193 0.28110
4 0.27919 0.35200 0.28373 0.37222 0.28826 0.40301 0.29117 0.41697 0.29295 0.43152 0.29623 0.44547 0.29885 0.45343 0.30323 0.46450 0.30830 0.47185 0.31333 0.47663 0.32014 0.47422 0.33078 0.47375 0.34083 0.47186 0.34992 0.46941 0.35812 0.46012 0.36400 0.44772 0.36667 0.43738 0.37017 0.41960 0.37242 0.39611 0.37364 0.37865 0.37350 0.37065 0.37256 0.36066 0.37067 0.35040 0.36988 0.34870 0.36557 0.35249 0.36261 0.35740 0.35148 0.36246 0.34443 0.36201 0.33430 0.35904 0.32602 0.35347 0.31677 0.34677 0.30981 0.34060 0.30287 0.33529 0.29426 0.33258 0.28570 0.33244 0.27813 0.34544 0.27919 0.35200
1 0.62700 0.67864 0.62521 0.67699 0.62238 0.67412 0.62057 0.67122 0.62116 0.66787 0.62112 0.66550 0.62017 0.66412 0.61850 0.66401 0.61489 0.66979 0.61507 0.67508 0.61599 0.67966 0.61816 0.68171 0.62056 0.68167 0.62223 0.68150 0.62163 0.68430 0.62358 0.68427 0.62540 0.68215 0.62700 0.67864
4 0.71197 0.38738 0.71429 0.40050 0.72119 0.41438 0.72684 0.42172 0.73749 0.42182 0.74860 0.41534 0.75687 0.40976 0.76839 0.40441 0.77801 0.39995 0.78706 0.39551 0.79634 0.39306 0.80461 0.38720 0.79447 0.37308 0.78011 0.35675 0.77062 0.34720 0.75980 0.33766 0.75382 0.33290 0.74670 0.32789 0.73248 0.32013 0.72231 0.31516 0.71368 0.31073 0.70389 0.30605 0.70403 0.31405 0.70725 0.33515 0.70920 0.34884 0.71046 0.35568 0.71118 0.37482 0.71197 0.38738
2 0.63495 0.66955 0.63464 0.65953 0.63101 0.64293 0.63066 0.63792 0.62985 0.63011 0.62885 0.62612 0.62654 0.62395 0.61951 0.62628 0.61488 0.63679 0.61122 0.64890 0.61071 0.66536 0.61445 0.68095 0.61909 0.68669 0.62484 0.68679 0.62850 0.68271 0.63295 0.67701 0.63495 0.66955
1 0.62830 0.62858 0.62782 0.62657 0.62697 0.62619 0.62528 0.62682 0.62415 0.62650 0.62356 0.62813 0.62443 0.63463 0.62538 0.63791 0.62672 0.64030 0.62858 0.64168 0.62981 0.64569 0.63021 0.64790 0.63024 0.64205 0.62991 0.63588 0.62928 0.63058 0.62830 0.62858
1 0.36533 0.39232 0.36353 0.38877 0.35861 0.39098 0.35700 0.39469 0.35671 0.40060 0.35719 0.40553 0.35922 0.40733 0.36230 0.40350 0.36413 0.40095 0.36505 0.39842 0.36513 0.39571 0.36533 0.39232
