1 0.87452 0.53439 0.87425 0.53254 0.87329 0.53133 0.87221 0.52963 0.87205 0.52834 0.87157 0.52834 0.87103 0.53044 0.87216 0.53399 0.87302 0.53520 0.87404 0.53624 0.87452 0.53439
1 0.89818 0.56928 0.90055 0.56953 0.90200 0.56888 0.90130 0.56670 0.89979 0.56784 0.89732 0.56759 0.89485 0.56711 0.89302 0.56630 0.89141 0.56606 0.89076 0.56542 0.88958 0.56421 0.88829 0.56324 0.88743 0.56284 0.88893 0.56598 0.89141 0.56791 0.89318 0.56816 0.89522 0.56824 0.89818 0.56928
1 0.54241 0.52093 0.54497 0.52879 0.54486 0.53381 0.54509 0.53648 0.54977 0.53565 0.55222 0.53933 0.55635 0.53598 0.55880 0.53197 0.56025 0.52445 0.56059 0.51425 0.55925 0.50555 0.55758 0.49803 0.55401 0.49268 0.55211 0.48984 0.54732 0.48583 0.54386 0.49536 0.54464 0.50505 0.54464 0.51157 0.54241 0.52093
1 1.00000 0.89879 0.99227 0.91351 0.98699 0.92290 0.97942 0.93475 0.97678 0.94759 0.97645 0.95895 0.98172 0.96636 0.98864 0.96982 0.99490 0.96735 1.00000 0.95970 1.00000 0.89879
2 0.43537 0.47780 0.43145 0.48890 0.42913 0.52807 0.42867 0.55372 0.44439 0.56586 0.46982 0.58146 0.46381 0.57245 0.46034 0.56101 0.45711 0.51004 0.46150 0.46567 0.46867 0.45249 0.47052 0.44174 0.45665 0.45804 0.44832 0.47156 0.44046 0.47572 0.43537 0.47780
4 0.51196 0.41691 0.49871 0.42250 0.50346 0.43209 0.52199 0.44217 0.52363 0.46110 0.52674 0.47056 0.52912 0.48420 0.53469 0.50141 0.53821 0.50793 0.53862 0.51800 0.53305 0.52931 0.53231 0.53988 0.52953 0.54996 0.51453 0.56717 0.50854 0.57491 0.50699 0.59027 0.50267 0.60261 0.50431 0.61255 0.50629 0.63907 0.50431 0.68035 0.50772 0.71319 0.51756 0.74392 0.52903 0.76358 0.55035 0.81643 0.57903 0.83733 0.59542 0.84470 0.62903 0.84593 0.65198 0.84224 0.68312 0.83118 0.71018 0.80783 0.73312 0.78325 0.74706 0.75375 0.76181 0.72793 0.76837 0.70212 0.77575 0.65910 0.77657 0.63944 0.78394 0.61732 0.78968 0.58905 0.79624 0.54234 0.80115 0.51162 0.80771 0.47966 0.81263 0.45385 0.81345 0.41943 0.80771 0.39116 0.80279 0.37395 0.79542 0.35306 0.78394 0.33954 0.76673 0.31864 0.75525 0.29775 0.74214 0.27317 0.72821 0.25596 0.71181 0.24121 0.69460 0.22523 0.67821 0.21417 0.64542 0.21663 0.62411 0.22032 0.60198 0.23138 0.57739 0.24859 0.56018 0.26579 0.54707 0.28300 0.53723 0.29652 0.52084 0.32356 0.51264 0.33497 0.51742 0.37491 0.51196 0.41691
4 1.00000 0.25255 0.97401 0.23524 0.95729 0.22786 0.94451 0.22934 0.91893 0.23524 0.88648 0.24999 0.86877 0.25589 0.84419 0.27359 0.83140 0.29718 0.81665 0.32078 0.80681 0.34586 0.80279 0.37395 0.80771 0.39116 0.81345 0.41943 0.81263 0.45385 0.80771 0.47966 0.80115 0.51162 0.79624 0.54234 0.78968 0.58905 0.78394 0.61732 0.77657 0.63944 0.77575 0.65910 0.78419 0.70132 0.78911 0.75883 0.79107 0.81341 0.79796 0.86798 0.80484 0.90338 0.82255 0.94910 0.83632 0.97860 0.84963 1.00000 0.92438 1.00000 1.00000 0.99926 1.00000 0.25255
4 0.00000 0.77225 0.03110 0.78871 0.04818 0.78974 0.08643 0.77335 0.10282 0.75389 0.11375 0.73238 0.14107 0.67810 0.15747 0.64020 0.17386 0.59718 0.18957 0.56236 0.20323 0.53163 0.20732 0.48963 0.21211 0.42408 0.20664 0.38618 0.18820 0.35750 0.16498 0.32063 0.13014 0.28478 0.09804 0.27147 0.06252 0.24791 0.02769 0.23459 0.00037 0.22538 0.00000 0.27427 0.00000 0.77225
1 0.43527 0.47762 0.43134 0.48871 0.42903 0.52789 0.42856 0.55354 0.44428 0.56568 0.46971 0.58128 0.46370 0.57226 0.46024 0.56082 0.45700 0.50986 0.46139 0.46548 0.46856 0.45231 0.47041 0.44156 0.45654 0.45786 0.44821 0.47138 0.44035 0.47554 0.43527 0.47762
4 0.46893 0.28888 0.44570 0.27351 0.43477 0.26020 0.41633 0.25098 0.38833 0.24381 0.37945 0.23767 0.35281 0.22947 0.33710 0.22742 0.31183 0.22947 0.28382 0.24586 0.26333 0.26122 0.24489 0.28171 0.22713 0.31039 0.21621 0.34419 0.20801 0.36160 0.20664 0.38618 0.21211 0.42408 0.20732 0.48963 0.20323 0.53163 0.20323 0.55211 0.21347 0.58489 0.22304 0.60128 0.22509 0.62791 0.22693 0.68773 0.23185 0.72603 0.24366 0.76587 0.25445 0.80275 0.26825 0.83081 0.28991 0.84700 0.31941 0.86328 0.35384 0.86912 0.38034 0.86328 0.40889 0.84259 0.44236 0.81309 0.45219 0.79240 0.48266 0.74672 0.49051 0.71579 0.50431 0.68035 0.50629 0.63907 0.50431 0.61255 0.50267 0.60261 0.49181 0.59820 0.48191 0.59175 0.47405 0.58489 0.46879 0.58038 0.46346 0.57106 0.45984 0.55969 0.45855 0.54433 0.45786 0.52804 0.45725 0.50633 0.45820 0.49055 0.46217 0.46433 0.47173 0.44262 0.48525 0.42777 0.49447 0.41988 0.51196 0.41691 0.51742 0.37491 0.51264 0.33497 0.49898 0.31244 0.46893 0.28888
2 0.52881 0.48358 0.53113 0.48964 0.53517 0.50033 0.53902 0.50958 0.53883 0.51767 0.53382 0.52720 0.53286 0.54107 0.52881 0.55032 0.52843 0.56014 0.53305 0.57140 0.54057 0.58181 0.55078 0.58325 0.56080 0.57718 0.56927 0.56910 0.57968 0.55811 0.59066 0.54136 0.59470 0.53009 0.58989 0.51334 0.58353 0.49629 0.57659 0.48762 0.56658 0.47260 0.55694 0.46075 0.55328 0.44660 0.54769 0.44400 0.53768 0.43389 0.52901 0.44197 0.52227 0.44400 0.52361 0.45845 0.52824 0.46913 0.52881 0.48358
