4 0.15564 0.34788 0.14735 0.36040 0.14421 0.37094 0.14552 0.38462 0.14736 0.40511 0.14768 0.42912 0.15110 0.44787 0.15533 0.45800 0.16228 0.45432 0.16448 0.44990 0.17231 0.44749 0.18455 0.44327 0.19662 0.44183 0.20777 0.44230 0.21892 0.44487 0.22598 0.44579 0.23254 0.44379 0.24158 0.44024 0.24920 0.43567 0.25286 0.43405 0.25524 0.42579 0.25794 0.41410 0.26018 0.40335 0.26010 0.39558 0.25942 0.38733 0.25883 0.37769 0.25889 0.37031 0.25708 0.36496 0.25577 0.36044 0.25284 0.35483 0.24886 0.35075 0.23701 0.34413 0.23241 0.34167 0.22855 0.34113 0.22163 0.34059 0.21319 0.33547 0.20795 0.33074 0.19614 0.32801 0.18721 0.32806 0.17184 0.33261 0.16404 0.33996 0.15564 0.34788
4 0.68681 0.61590 0.68298 0.62147 0.67602 0.63131 0.67145 0.64434 0.66768 0.65725 0.66497 0.67071 0.66381 0.68335 0.67316 0.67759 0.68090 0.67879 0.69118 0.67999 0.70793 0.67945 0.71700 0.67832 0.72541 0.68085 0.72865 0.68629 0.73157 0.70838 0.73816 0.74422 0.74501 0.73522 0.75125 0.74479 0.76354 0.73697 0.77170 0.72214 0.78535 0.70399 0.79058 0.69302 0.79848 0.68217 0.80288 0.66899 0.80406 0.65659 0.80559 0.63972 0.80131 0.62606 0.79986 0.61912 0.79926 0.61444 0.79671 0.61080 0.79214 0.60569 0.78993 0.60213 0.78577 0.59965 0.77762 0.60132 0.76542 0.60413 0.75437 0.60539 0.74153 0.60507 0.72691 0.60404 0.72059 0.60346 0.71354 0.60095 0.70613 0.59660 0.69913 0.59557 0.69464 0.59894 0.68996 0.60989 0.68681 0.61590
1 0.19430 0.50093 0.19748 0.50303 0.20065 0.50565 0.20350 0.50768 0.20913 0.51001 0.20981 0.51652 0.21185 0.52008 0.21705 0.52282 0.22178 0.52460 0.22712 0.52378 0.23058 0.52166 0.23523 0.51690 0.23792 0.51168 0.23545 0.50854 0.23255 0.50718 0.22753 0.50911 0.22160 0.51152 0.21818 0.50850 0.21936 0.50191 0.22413 0.49906 0.22723 0.49703 0.23082 0.49289 0.23325 0.48830 0.23136 0.48855 0.22637 0.49134 0.22171 0.49370 0.21990 0.49362 0.21595 0.49288 0.21409 0.49005 0.21363 0.48360 0.21325 0.47785 0.21245 0.47286 0.20896 0.46913 0.20571 0.46787 0.20225 0.46999 0.19682 0.47714 0.19372 0.47866 0.18913 0.47777 0.18466 0.47777 0.17877 0.48396 0.18236 0.49319 0.18656 0.49828 0.19182 0.49881 0.19430 0.50093
4 0.21992 0.63978 0.23339 0.63021 0.24834 0.63050 0.25877 0.63819 0.26667 0.64564 0.27068 0.64763 0.27641 0.63804 0.28233 0.62356 0.28482 0.61076 0.28425 0.59901 0.28194 0.58967 0.27606 0.58057 0.27019 0.57147 0.26377 0.56471 0.26122 0.55848 0.25383 0.55185 0.24071 0.54565 0.22989 0.53964 0.21859 0.53879 0.21088 0.54370 0.20301 0.55033 0.19429 0.56169 0.18816 0.57401 0.18441 0.57807 0.17845 0.58761 0.17406 0.59645 0.17374 0.60800 0.17448 0.61802 0.18046 0.63278 0.18843 0.65011 0.19498 0.65831 0.20049 0.65888 0.20817 0.65713 0.21992 0.63978
4 0.20301 0.55033 0.21088 0.54370 0.21859 0.53879 0.22989 0.53964 0.24071 0.54565 0.25383 0.55185 0.26122 0.55848 0.26396 0.55067 0.26979 0.53864 0.27103 0.52308 0.27283 0.51223 0.27193 0.49583 0.27254 0.48400 0.27172 0.47536 0.27108 0.46289 0.26782 0.45263 0.26572 0.44441 0.26225 0.44114 0.25685 0.43814 0.25455 0.43690 0.24920 0.43567 0.24158 0.44024 0.23254 0.44379 0.22598 0.44579 0.21892 0.44487 0.20777 0.44230 0.19662 0.44183 0.18455 0.44327 0.17231 0.44749 0.16448 0.44990 0.16228 0.45432 0.15533 0.45800 0.15620 0.46137 0.15630 0.48533 0.15839 0.50271 0.15959 0.51883 0.16380 0.54128 0.16778 0.55557 0.17266 0.56796 0.17939 0.57233 0.18816 0.57401 0.19429 0.56169 0.20301 0.55033
4 0.28440 0.67051 0.27596 0.65624 0.27068 0.64763 0.26667 0.64564 0.25877 0.63819 0.24834 0.63050 0.23339 0.63021 0.21992 0.63978 0.20817 0.65713 0.20888 0.66117 0.20748 0.67739 0.21180 0.69529 0.22125 0.70416 0.23032 0.71365 0.24369 0.71673 0.25955 0.71617 0.27483 0.72111 0.28258 0.72008 0.28675 0.69288 0.28440 0.67051
1 0.83191 0.57424 0.83264 0.57798 0.83345 0.58377 0.83431 0.58838 0.83475 0.59188 0.83579 0.59619 0.83656 0.59875 0.83766 0.59934 0.83897 0.59760 0.84021 0.59127 0.84109 0.58451 0.84165 0.57717 0.84201 0.57267 0.84190 0.56823 0.84068 0.56472 0.83980 0.56265 0.83794 0.56188 0.83589 0.56192 0.83318 0.56435 0.83133 0.56647 0.83112 0.56982 0.83191 0.57424
4 0.64800 0.69760 0.63930 0.70732 0.63289 0.73254 0.63069 0.75140 0.64109 0.75238 0.65069 0.75387 0.66550 0.75117 0.67889 0.75035 0.68103 0.76014 0.68660 0.78049 0.68786 0.80254 0.69824 0.79515 0.71316 0.78305 0.72573 0.77773 0.73311 0.76947 0.73627 0.76257 0.73816 0.74422 0.73157 0.70838 0.72865 0.68629 0.72541 0.68085 0.71700 0.67832 0.70793 0.67945 0.69118 0.67999 0.68090 0.67879 0.67316 0.67759 0.66381 0.68335 0.65625 0.68982 0.64800 0.69760
4 0.60286 0.79514 0.59847 0.80782 0.61032 0.80591 0.63144 0.81396 0.64176 0.82857 0.65350 0.83348 0.66967 0.82768 0.68133 0.81741 0.68786 0.80254 0.68660 0.78049 0.68103 0.76014 0.67889 0.75035 0.66550 0.75117 0.65069 0.75387 0.64109 0.75238 0.62728 0.75433 0.62056 0.76158 0.61176 0.77495 0.60286 0.79514
4 0.77372 0.49363 0.76928 0.49759 0.76324 0.50089 0.75380 0.50282 0.74532 0.50819 0.73823 0.51770 0.73183 0.52679 0.72446 0.54093 0.71918 0.55702 0.71650 0.57371 0.71674 0.58286 0.71530 0.59162 0.71496 0.59477 0.71678 0.60047 0.72059 0.60346 0.72691 0.60404 0.74153 0.60507 0.75437 0.60539 0.76542 0.60413 0.77762 0.60132 0.78577 0.59965 0.78993 0.60213 0.79214 0.60569 0.79671 0.61080 0.79926 0.61444 0.79986 0.61912 0.80131 0.62606 0.80559 0.63972 0.80559 0.64444 0.81223 0.64451 0.82159 0.63699 0.82930 0.62645 0.83563 0.61852 0.84132 0.60575 0.84503 0.59898 0.84812 0.58561 0.84983 0.56635 0.84899 0.55472 0.84236 0.53177 0.83774 0.52043 0.83188 0.50852 0.82582 0.50008 0.81916 0.49502 0.81265 0.49440 0.79974 0.49612 0.78851 0.49645 0.78294 0.49517 0.77677 0.49227 0.77372 0.49363
