1 0.37408 0.50073 0.37228 0.50166 0.37645 0.51011 0.38167 0.51589 0.39016 0.51955 0.38531 0.51542 0.38251 0.51093 0.38212 0.50859 0.38196 0.50528 0.38036 0.50384 0.37687 0.50210 0.37408 0.50073
1 0.60951 0.11468 0.61240 0.10147 0.61848 0.09012 0.62210 0.07887 0.61893 0.07201 0.60797 0.09643 0.59999 0.11052 0.59633 0.12354 0.59153 0.13628 0.58818 0.14974 0.59546 0.14333 0.60328 0.12992 0.60856 0.12338 0.60992 0.12121 0.60951 0.11468
1 0.57484 0.18445 0.57091 0.18512 0.56943 0.18827 0.57211 0.18976 0.57333 0.18862 0.57484 0.18445
1 0.50966 0.52610 0.51445 0.52240 0.52062 0.51856 0.52386 0.51418 0.52817 0.50877 0.52796 0.50413 0.52691 0.49879 0.52290 0.49669 0.51400 0.49826 0.50659 0.50110 0.50442 0.50804 0.50217 0.51435 0.49744 0.52006 0.49378 0.52573 0.49378 0.53161 0.49741 0.53521 0.50270 0.53354 0.50677 0.53046 0.50966 0.52610
4 0.28705 0.48165 0.25857 0.53173 0.24468 0.57137 0.24083 0.61088 0.25026 0.64930 0.27250 0.67243 0.30395 0.69875 0.32710 0.71420 0.33352 0.71983 0.34864 0.72605 0.36689 0.73365 0.39110 0.74519 0.39875 0.75076 0.43657 0.77180 0.45440 0.78663 0.46644 0.80246 0.49763 0.80862 0.55305 0.81100 0.59170 0.80040 0.61705 0.78297 0.64091 0.75549 0.65526 0.73004 0.65996 0.69515 0.67127 0.66982 0.68936 0.63738 0.69919 0.60200 0.70097 0.57078 0.69030 0.53733 0.67734 0.50507 0.66713 0.48582 0.66026 0.46123 0.64992 0.43050 0.63645 0.40427 0.60188 0.38246 0.57257 0.37163 0.53628 0.36874 0.50543 0.36809 0.47803 0.36565 0.45042 0.36405 0.40765 0.36306 0.37715 0.37305 0.34473 0.40279 0.31003 0.44164 0.28705 0.48165
1 0.62842 0.19119 0.63192 0.19413 0.64895 0.19279 0.67205 0.19256 0.67059 0.18992 0.66096 0.18607 0.65026 0.18092 0.64503 0.18210 0.63738 0.17978 0.63168 0.17339 0.62732 0.17954 0.62732 0.18616 0.62842 0.19119
1 0.51155 0.59199 0.51847 0.59446 0.52647 0.59596 0.53625 0.59815 0.54326 0.59916 0.54571 0.59830 0.54991 0.59714 0.54753 0.59434 0.54309 0.59200 0.53972 0.58650 0.53500 0.58188 0.52894 0.58381 0.52658 0.58543 0.52299 0.58527 0.51812 0.58356 0.51198 0.58130 0.49895 0.57535 0.48849 0.57250 0.47903 0.57014 0.47389 0.56836 0.47197 0.57157 0.47543 0.57562 0.48641 0.57861 0.49631 0.58255 0.50385 0.58590 0.51155 0.59199
1 0.44014 0.54428 0.43374 0.54343 0.42718 0.54171 0.42176 0.53919 0.41422 0.53532 0.40968 0.53269 0.40808 0.53155 0.40440 0.52996 0.40124 0.52901 0.40312 0.53587 0.40636 0.53727 0.41335 0.54183 0.41786 0.54346 0.42033 0.54266 0.42754 0.54255 0.43243 0.54568 0.43635 0.54699 0.43908 0.54626 0.44014 0.54428
1 0.42161 0.65599 0.42765 0.65528 0.43116 0.64904 0.43096 0.64089 0.42750 0.63462 0.42408 0.63377 0.41347 0.63603 0.40953 0.63726 0.40835 0.64311 0.40665 0.64882 0.40293 0.65476 0.40330 0.66001 0.40992 0.65921 0.41759 0.65867 0.42161 0.65599
1 0.58226 0.23013 0.57784 0.23089 0.57487 0.23904 0.57226 0.24480 0.57377 0.24911 0.57976 0.24771 0.58381 0.24561 0.58484 0.24339 0.58402 0.24008 0.58459 0.23588 0.58384 0.23135 0.58226 0.23013
1 0.45790 0.61348 0.46400 0.61475 0.46998 0.61428 0.47307 0.61309 0.47376 0.61031 0.47281 0.60517 0.46950 0.60164 0.46123 0.59786 0.45849 0.58981 0.45611 0.58480 0.44817 0.58307 0.44967 0.58712 0.45205 0.59213 0.45151 0.59765 0.45092 0.60339 0.45274 0.60949 0.45790 0.61348
4 0.47496 0.00000 0.44993 0.01293 0.41648 0.04682 0.40698 0.08492 0.40931 0.12772 0.39777 0.18202 0.39209 0.23690 0.40678 0.28631 0.42392 0.31785 0.46323 0.34877 0.49705 0.36160 0.50543 0.36809 0.53628 0.36874 0.57257 0.37163 0.60188 0.38246 0.63645 0.40427 0.69385 0.40275 0.73092 0.38648 0.77205 0.36595 0.79413 0.34154 0.81261 0.29953 0.81370 0.24702 0.81768 0.18292 0.81691 0.13786 0.80718 0.10465 0.77775 0.05420 0.56036 0.00000 0.47496 0.00000
4 0.46291 1.00000 0.47275 0.98607 0.48198 0.96578 0.49164 0.94375 0.49591 0.91549 0.48994 0.88651 0.48542 0.85728 0.48187 0.83807 0.47513 0.82051 0.46644 0.80246 0.45440 0.78663 0.43657 0.77180 0.39875 0.75076 0.39110 0.74519 0.36689 0.73365 0.34864 0.72605 0.33352 0.71983 0.30860 0.71668 0.29968 0.72179 0.28793 0.72435 0.26508 0.72965 0.24557 0.73823 0.22934 0.74762 0.20738 0.76047 0.20071 0.76492 0.18609 0.77899 0.17132 0.79363 0.16174 0.81812 0.15457 0.84688 0.15680 0.88531 0.17367 0.91517 0.19420 0.93312 0.20924 0.94281 0.43861 1.00000 0.46291 1.00000
