1 0.39245 0.54270 0.38864 0.53903 0.38769 0.53685 0.38675 0.53368 0.38484 0.53267 0.38104 0.53183 0.37800 0.53117 0.37648 0.53250 0.38256 0.53970 0.38903 0.54404 0.39815 0.54555 0.39245 0.54270
1 0.50082 0.12494 0.50082 0.13881 0.50634 0.13083 0.51068 0.11593 0.51423 0.10830 0.51502 0.10587 0.51304 0.09963 0.51265 0.08611 0.51580 0.07363 0.51659 0.06184 0.51186 0.05595 0.50713 0.08230 0.50279 0.09790 0.50240 0.11142 0.50082 0.12494
1 0.49582 0.18013 0.49628 0.17572 0.49263 0.17732 0.49195 0.18073 0.49491 0.18153 0.49582 0.18013
1 0.50237 0.52008 0.50018 0.52647 0.50161 0.53217 0.50600 0.53479 0.51073 0.53189 0.51393 0.52792 0.51569 0.52298 0.51944 0.51824 0.52450 0.51302 0.52658 0.50799 0.52945 0.50170 0.52813 0.49725 0.52582 0.49231 0.52142 0.49125 0.51317 0.49493 0.50666 0.49947 0.50623 0.50673 0.50557 0.51340 0.50237 0.52008
4 0.44618 0.37496 0.41900 0.38008 0.37727 0.38947 0.35009 0.40654 0.32582 0.44324 0.30156 0.48933 0.28894 0.53372 0.27341 0.58920 0.26953 0.63102 0.27535 0.67029 0.29380 0.70528 0.32097 0.72235 0.35785 0.74028 0.38406 0.74966 0.39164 0.75358 0.40782 0.75595 0.42737 0.75892 0.45366 0.76425 0.46242 0.76781 0.50420 0.77907 0.52510 0.78915 0.54060 0.80159 0.57236 0.80002 0.62671 0.78893 0.66165 0.76930 0.68203 0.74625 0.69853 0.71382 0.70630 0.68565 0.70242 0.65065 0.70727 0.62334 0.71697 0.58749 0.71795 0.55079 0.71212 0.52006 0.69368 0.49019 0.67330 0.46202 0.65874 0.44580 0.64612 0.42361 0.62865 0.39630 0.60924 0.37410 0.57042 0.36130 0.53936 0.35789 0.50344 0.36386 0.47336 0.37069 0.44618 0.37496
1 0.56860 0.15405 0.56381 0.15645 0.55583 0.15605 0.54875 0.15124 0.54602 0.15826 0.54761 0.16468 0.54989 0.16930 0.55400 0.17130 0.57020 0.16588 0.59256 0.16007 0.59050 0.15786 0.58024 0.15645 0.56860 0.15405
1 0.49120 0.57265 0.49012 0.57622 0.49445 0.57932 0.50583 0.57956 0.51639 0.58099 0.52452 0.58242 0.53346 0.58647 0.54077 0.58718 0.54890 0.58670 0.55892 0.58647 0.56596 0.58575 0.56813 0.58432 0.57192 0.58218 0.56894 0.58003 0.56407 0.57885 0.55946 0.57432 0.55378 0.57098 0.54836 0.57432 0.54646 0.57646 0.54294 0.57718 0.53779 0.57670 0.53129 0.57598 0.51721 0.57336 0.50637 0.57313 0.49662 0.57313 0.49120 0.57265
1 0.43081 0.56204 0.43301 0.56067 0.43998 0.55881 0.44548 0.56067 0.44961 0.56099 0.45208 0.55962 0.45263 0.55744 0.44622 0.55817 0.43943 0.55809 0.43357 0.55696 0.42531 0.55502 0.42027 0.55357 0.41844 0.55285 0.41449 0.55220 0.41119 0.55204 0.41468 0.55825 0.41816 0.55881 0.42605 0.56155 0.43081 0.56204
1 0.44570 0.66103 0.44543 0.66698 0.44326 0.67365 0.44488 0.67865 0.45111 0.67627 0.45842 0.67389 0.46168 0.67032 0.46737 0.66817 0.46926 0.66126 0.46709 0.65340 0.46222 0.64816 0.45870 0.64816 0.44895 0.65293 0.44543 0.65507 0.44570 0.66103
1 0.51636 0.23590 0.51978 0.23290 0.52024 0.23049 0.51864 0.22748 0.51818 0.22326 0.51636 0.21905 0.51453 0.21825 0.51043 0.22005 0.50951 0.22868 0.50837 0.23490 0.51088 0.23871 0.51636 0.23590
1 0.46980 0.59314 0.47224 0.59671 0.47576 0.60100 0.47657 0.60647 0.47739 0.61219 0.48064 0.61767 0.48660 0.62029 0.49283 0.62005 0.49852 0.61815 0.50123 0.61624 0.50123 0.61338 0.49906 0.60862 0.49499 0.60600 0.48606 0.60433 0.48145 0.59719 0.47793 0.59290 0.46980 0.59314
4 0.30932 0.11975 0.32194 0.16072 0.32388 0.21620 0.33165 0.27082 0.35785 0.31521 0.38212 0.34167 0.42774 0.36216 0.46365 0.36642 0.47336 0.37069 0.50344 0.36386 0.53936 0.35789 0.57042 0.36130 0.60924 0.37410 0.66456 0.35874 0.69659 0.33399 0.73154 0.30411 0.74706 0.27509 0.75483 0.22986 0.74318 0.17864 0.73154 0.11548 0.71989 0.07195 0.70242 0.04208 0.66165 0.00025 0.40056 0.00025 0.37338 0.00452 0.33359 0.03951 0.30932 0.08049 0.30932 0.11975
4 0.58269 1.00000 0.59116 0.97823 0.59520 0.95630 0.59925 0.93259 0.59655 0.90414 0.58374 0.87746 0.57228 0.85020 0.56420 0.83241 0.55341 0.81700 0.54060 0.80159 0.52510 0.78915 0.50420 0.77907 0.46242 0.76781 0.45366 0.76425 0.42737 0.75892 0.40782 0.75595 0.39164 0.75358 0.36670 0.75655 0.35929 0.76366 0.34851 0.76899 0.32761 0.77966 0.31076 0.79270 0.29728 0.80574 0.27908 0.82353 0.27369 0.82945 0.26291 0.84664 0.25212 0.86442 0.24875 0.89050 0.24875 0.92014 0.26021 0.95689 0.28380 0.98178 0.30806 0.99423 0.32501 1.00000 0.58269 1.00000
