4 0.47437 0.29593 0.46709 0.30389 0.46039 0.30955 0.45105 0.31272 0.44074 0.31809 0.42887 0.32490 0.41963 0.35376 0.41758 0.36363 0.41467 0.38184 0.41171 0.40187 0.41201 0.42028 0.41605 0.43839 0.41855 0.45123 0.43078 0.47077 0.43999 0.48284 0.44929 0.49127 0.45629 0.49912 0.47317 0.51311 0.48582 0.52115 0.50691 0.52152 0.52449 0.51796 0.54073 0.51163 0.56152 0.49848 0.57072 0.49100 0.58092 0.48438 0.58757 0.47077 0.59523 0.45313 0.60121 0.43568 0.60623 0.41555 0.61105 0.39293 0.61559 0.37146 0.61741 0.36092 0.61586 0.34587 0.61624 0.33130 0.61455 0.32172 0.61081 0.30735 0.59896 0.28790 0.58697 0.27880 0.57710 0.27756 0.56239 0.27939 0.54912 0.28036 0.53838 0.27279 0.51959 0.26811 0.50809 0.27013 0.49640 0.27455 0.48500 0.28270 0.47437 0.29593
2 0.29449 0.37672 0.29780 0.38532 0.29946 0.39289 0.29821 0.39790 0.29353 0.40246 0.29010 0.40201 0.28581 0.40115 0.27852 0.39974 0.27279 0.39975 0.26447 0.40360 0.26100 0.40765 0.26168 0.41314 0.26897 0.41454 0.27691 0.41550 0.28049 0.41701 0.27926 0.41977 0.27543 0.42802 0.27476 0.43399 0.27824 0.43425 0.28411 0.43039 0.29118 0.42172 0.30103 0.41722 0.30355 0.41805 0.30612 0.42197 0.30285 0.42852 0.30276 0.43545 0.31154 0.44071 0.31639 0.44642 0.32084 0.45100 0.32153 0.46947 0.32430 0.47312 0.33014 0.46781 0.33356 0.44618 0.33648 0.42992 0.34162 0.41382 0.34724 0.40376 0.35572 0.39698 0.36591 0.39356 0.37523 0.39249 0.38121 0.38891 0.38563 0.37346 0.38456 0.35961 0.37825 0.36906 0.37271 0.37873 0.36045 0.38373 0.34504 0.38540 0.33765 0.38441 0.33369 0.37536 0.33348 0.36258 0.33401 0.34913 0.32671 0.33755 0.32199 0.34740 0.32296 0.35826 0.32463 0.37310 0.32006 0.39146 0.31359 0.39241 0.31037 0.39398 0.30770 0.38554 0.30553 0.37620 0.30235 0.36927 0.29845 0.36359 0.29500 0.36048 0.29182 0.36009 0.29073 0.36228 0.29187 0.36972 0.29449 0.37672
4 0.07378 0.63834 0.06244 0.66422 0.05843 0.68032 0.09811 0.68777 0.13818 0.70021 0.16487 0.70747 0.20437 0.72221 0.22891 0.72833 0.23912 0.72660 0.24203 0.71327 0.23632 0.70513 0.21820 0.69939 0.19602 0.69691 0.18236 0.69290 0.18183 0.68849 0.18134 0.68226 0.18378 0.67737 0.18637 0.66702 0.19244 0.64593 0.19391 0.62858 0.19362 0.61507 0.18028 0.59342 0.16853 0.58010 0.15813 0.57445 0.14974 0.56564 0.14102 0.56469 0.13182 0.57217 0.11841 0.58349 0.09528 0.60765 0.08479 0.62031 0.07378 0.63834
4 0.64118 0.34716 0.63915 0.35531 0.63528 0.35995 0.62941 0.36714 0.62287 0.38383 0.61682 0.40676 0.61152 0.42529 0.60614 0.44279 0.60390 0.45038 0.59960 0.45948 0.59617 0.46372 0.59481 0.47051 0.59822 0.48408 0.60652 0.49023 0.62130 0.49493 0.63732 0.49740 0.65573 0.49435 0.67476 0.47517 0.68474 0.46646 0.69432 0.45663 0.69466 0.43075 0.69556 0.40399 0.69747 0.38410 0.70405 0.37404 0.71359 0.36572 0.71966 0.35909 0.72085 0.35430 0.71945 0.34632 0.71573 0.33673 0.70877 0.32380 0.69934 0.31127 0.68839 0.30345 0.67605 0.29986 0.66375 0.29883 0.65201 0.30099 0.64187 0.30355 0.63812 0.31178 0.63849 0.32256 0.64010 0.33925 0.64118 0.34716
2 0.62003 0.43042 0.62308 0.42481 0.62713 0.41804 0.63078 0.41188 0.63330 0.40650 0.63643 0.40057 0.63995 0.39685 0.64217 0.39457 0.64466 0.39025 0.64513 0.38647 0.64299 0.37993 0.64143 0.37106 0.63976 0.36357 0.63915 0.35531 0.63528 0.35995 0.62941 0.36714 0.62287 0.38383 0.61682 0.40676 0.61152 0.42529 0.60614 0.44279 0.60390 0.45038 0.60817 0.44584 0.61269 0.44096 0.61602 0.43613 0.62003 0.43042
4 0.29007 0.29519 0.28370 0.30276 0.27532 0.31350 0.26273 0.32808 0.25263 0.34572 0.24483 0.36393 0.23971 0.38281 0.24063 0.39710 0.24050 0.41722 0.24229 0.44760 0.24882 0.46389 0.25459 0.48976 0.25690 0.50011 0.26246 0.50883 0.27684 0.51486 0.29697 0.52232 0.32016 0.52077 0.34905 0.51270 0.37459 0.50502 0.39313 0.48948 0.40931 0.46542 0.41855 0.45123 0.41605 0.43839 0.41201 0.42028 0.41171 0.40187 0.41467 0.38184 0.41758 0.36363 0.41963 0.35376 0.42887 0.32490 0.42114 0.31015 0.41116 0.29300 0.40224 0.27978 0.38048 0.27069 0.36198 0.26974 0.34195 0.26841 0.32623 0.26938 0.31426 0.27495 0.30089 0.28445 0.29007 0.29519
4 0.79212 0.40465 0.79177 0.41424 0.79006 0.42246 0.78915 0.43293 0.78991 0.44483 0.79328 0.45585 0.79632 0.47086 0.79776 0.48547 0.79793 0.49977 0.79702 0.51431 0.79524 0.52964 0.79357 0.54043 0.79050 0.55544 0.79103 0.56830 0.79215 0.57876 0.79619 0.58435 0.80070 0.58802 0.80789 0.58778 0.81536 0.58506 0.82414 0.58114 0.83651 0.57098 0.84386 0.56467 0.85241 0.51132 0.85682 0.46914 0.86182 0.42865 0.86687 0.39071 0.85576 0.38488 0.84610 0.38145 0.83907 0.37970 0.82757 0.37683 0.82210 0.37700 0.81491 0.37724 0.80705 0.38292 0.79702 0.38907 0.79287 0.39619 0.79212 0.40465
1 0.51895 0.43955 0.51631 0.43570 0.51231 0.43470 0.50919 0.43540 0.50709 0.43855 0.50596 0.44245 0.50598 0.44761 0.50729 0.44892 0.51334 0.45091 0.51513 0.44562 0.51895 0.43955
4 0.71966 0.35909 0.71359 0.36572 0.70405 0.37404 0.69747 0.38410 0.69556 0.40399 0.69466 0.43075 0.69432 0.45663 0.69377 0.47380 0.69709 0.48633 0.70269 0.50199 0.70781 0.51141 0.71401 0.52059 0.72499 0.52689 0.73893 0.53087 0.75758 0.52687 0.77167 0.51664 0.78180 0.50593 0.79122 0.49402 0.79776 0.48547 0.79632 0.47086 0.79328 0.45585 0.78991 0.44483 0.78915 0.43293 0.79006 0.42246 0.79177 0.41424 0.79212 0.40465 0.79287 0.39619 0.79702 0.38907 0.80705 0.38292 0.81491 0.37724 0.82210 0.37700 0.82757 0.37683 0.81634 0.36742 0.80695 0.35744 0.79636 0.34818 0.78569 0.33789 0.77303 0.33422 0.76396 0.33247 0.74947 0.33751 0.73490 0.34559 0.72648 0.35214 0.71966 0.35909
1 0.51485 0.41201 0.51691 0.41032 0.51972 0.40758 0.51968 0.40315 0.51754 0.39992 0.51402 0.39830 0.50986 0.39923 0.50815 0.40150 0.51090 0.40293 0.51316 0.40570 0.51333 0.40893 0.51322 0.41136 0.51485 0.41201
4 0.16537 0.42781 0.15387 0.42494 0.14821 0.42475 0.14241 0.42514 0.13058 0.42525 0.11846 0.43139 0.10773 0.43360 0.09978 0.44261 0.08651 0.45824 0.07283 0.48537 0.05746 0.51759 0.05220 0.53705 0.05164 0.55890 0.06588 0.57528 0.08315 0.58935 0.10127 0.59998 0.11841 0.58349 0.13182 0.57217 0.14102 0.56469 0.14974 0.56564 0.15813 0.57445 0.16853 0.58010 0.18028 0.59342 0.19362 0.61507 0.19391 0.62858 0.19244 0.64593 0.19044 0.65398 0.20600 0.63892 0.21547 0.62540 0.22079 0.61390 0.22475 0.59473 0.22498 0.58073 0.22895 0.57134 0.23316 0.55773 0.23535 0.53750 0.23285 0.52466 0.22427 0.50847 0.21219 0.50302 0.20826 0.50081 0.20336 0.49104 0.20239 0.47370 0.19659 0.46920 0.18657 0.45875 0.18326 0.45732 0.18240 0.45100 0.17961 0.44419 0.17093 0.43164 0.16537 0.42781
2 0.52067 0.43569 0.52475 0.42504 0.52715 0.41539 0.52887 0.40662 0.52872 0.40058 0.53002 0.39348 0.53193 0.39148 0.53606 0.38438 0.53572 0.37440 0.53172 0.36492 0.52562 0.35632 0.51960 0.35305 0.51294 0.35139 0.50462 0.35073 0.49949 0.35334 0.49001 0.35734 0.48252 0.36184 0.47559 0.36506 0.46453 0.36972 0.45724 0.37533 0.45209 0.38748 0.44450 0.40185 0.43974 0.41622 0.43584 0.43186 0.43637 0.44296 0.44656 0.44938 0.44981 0.46469 0.45260 0.48094 0.45629 0.49912 0.47317 0.51311 0.48582 0.52115 0.49615 0.50947 0.49754 0.50487 0.49983 0.49378 0.50271 0.48601 0.50387 0.47286 0.50697 0.46515 0.51093 0.45872 0.51513 0.44562 0.52067 0.43569
2 0.17282 0.65686 0.17220 0.64566 0.16375 0.63905 0.15598 0.63466 0.15101 0.63547 0.15046 0.64862 0.15335 0.65344 0.15730 0.65729 0.16006 0.66698 0.16042 0.67812 0.16501 0.67721 0.16897 0.66572 0.17282 0.65686
