1 0.31055 0.48312 0.31090 0.47979 0.30961 0.47795 0.30677 0.47760 0.30340 0.48025 0.30160 0.48346 0.30048 0.48645 0.30091 0.48978 0.30211 0.49242 0.30323 0.49667 0.30340 0.50196 0.30513 0.50506 0.30762 0.50736 0.31142 0.50873 0.31512 0.50931 0.32029 0.51011 0.32296 0.51046 0.32546 0.51195 0.32623 0.51425 0.32649 0.51747 0.32701 0.51942 0.32899 0.52240 0.33115 0.52436 0.33390 0.52665 0.33778 0.52907 0.34088 0.53079 0.34260 0.53125 0.34338 0.52987 0.34398 0.52643 0.34441 0.52275 0.34536 0.51988 0.34674 0.51597 0.34682 0.51287 0.34501 0.51103 0.34329 0.50851 0.34278 0.50621 0.34329 0.50552 0.34329 0.50391 0.34131 0.50219 0.34123 0.49828 0.33950 0.49587 0.33795 0.49414 0.33778 0.49150 0.33399 0.48806 0.32873 0.48599 0.32218 0.48404 0.31374 0.48346 0.31055 0.48312
1 0.44210 0.39529 0.44768 0.39253 0.45212 0.38675 0.45368 0.37779 0.45368 0.36800 0.45223 0.36014 0.45037 0.35090 0.44820 0.34305 0.44147 0.33574 0.44128 0.33915 0.44139 0.34371 0.44373 0.35012 0.44825 0.35730 0.45084 0.36113 0.45077 0.36621 0.45026 0.36918 0.44940 0.37444 0.44840 0.37951 0.44761 0.38459 0.44509 0.38592 0.43964 0.38688 0.43303 0.38717 0.42686 0.38708 0.43042 0.39226 0.43682 0.39502 0.44210 0.39529
1 0.35717 0.43498 0.35123 0.43016 0.34597 0.42763 0.33942 0.42740 0.33425 0.42740 0.33150 0.42855 0.32874 0.43188 0.32633 0.43533 0.32779 0.43855 0.32779 0.44107 0.32719 0.44257 0.32797 0.44624 0.32978 0.44969 0.33193 0.45267 0.33452 0.45601 0.33701 0.45808 0.34089 0.46095 0.34347 0.46209 0.34700 0.46313 0.34976 0.46347 0.35235 0.46370 0.35407 0.46784 0.35528 0.47082 0.35717 0.47439 0.35915 0.47668 0.36208 0.47933 0.36312 0.48185 0.36518 0.48243 0.37018 0.48254 0.37276 0.48140 0.37690 0.47990 0.38138 0.47795 0.38560 0.47415 0.38853 0.47128 0.39043 0.46773 0.39112 0.46439 0.39000 0.46037 0.38732 0.45738 0.38508 0.45474 0.38172 0.45382 0.37733 0.45405 0.37432 0.45440 0.37010 0.45497 0.36708 0.45336 0.36449 0.44670 0.36165 0.44118 0.35717 0.43498
4 0.47263 0.29963 0.46995 0.30777 0.46965 0.32027 0.46950 0.32523 0.46756 0.33516 0.46488 0.34350 0.46414 0.35362 0.46682 0.36355 0.46995 0.37109 0.47233 0.37724 0.47590 0.38419 0.48081 0.38737 0.49019 0.38816 0.49436 0.38816 0.50270 0.38240 0.50374 0.37744 0.50448 0.35839 0.50716 0.34568 0.50448 0.33377 0.50061 0.32027 0.49302 0.30935 0.48349 0.30201 0.47263 0.29963
4 0.38575 0.35987 0.37593 0.35725 0.36849 0.35890 0.36415 0.36193 0.35846 0.36869 0.35629 0.37544 0.35608 0.38812 0.35660 0.39502 0.35929 0.40274 0.36322 0.41101 0.36704 0.41597 0.37325 0.42135 0.37800 0.42479 0.38400 0.42700 0.39227 0.42879 0.39764 0.42893 0.40250 0.42783 0.40705 0.42590 0.41005 0.42245 0.41418 0.41377 0.41584 0.40232 0.41315 0.38744 0.40798 0.37958 0.40178 0.37145 0.39402 0.36469 0.38575 0.35987
1 0.39378 0.38182 0.39751 0.38645 0.40160 0.39092 0.40495 0.39721 0.40656 0.40316 0.40780 0.40977 0.40818 0.41507 0.40818 0.41920 0.41066 0.41788 0.41115 0.41209 0.41202 0.41127 0.41413 0.41044 0.41584 0.40232 0.41425 0.39588 0.41289 0.39191 0.41041 0.38877 0.41016 0.39224 0.41028 0.39489 0.40929 0.39290 0.40818 0.38728 0.40780 0.38496 0.40507 0.38298 0.40048 0.37769 0.39627 0.37487 0.39267 0.37769 0.39378 0.38182
4 0.44147 0.33574 0.43383 0.33133 0.42400 0.33092 0.41915 0.33326 0.41491 0.34015 0.41243 0.34622 0.41181 0.35366 0.41367 0.36166 0.41522 0.36938 0.41718 0.37600 0.42090 0.38261 0.42525 0.38799 0.43042 0.39226 0.43682 0.39502 0.44210 0.39529 0.44768 0.39253 0.45212 0.38675 0.45368 0.37779 0.45368 0.36800 0.45223 0.36014 0.45037 0.35090 0.44820 0.34305 0.44147 0.33574
1 0.33266 0.56744 0.33400 0.57103 0.33700 0.57447 0.33938 0.57557 0.34014 0.57259 0.33120 0.55925 0.32656 0.55377 0.32366 0.54980 0.32253 0.55269 0.32594 0.55959 0.33080 0.56551 0.33266 0.56744
4 0.30673 0.52971 0.29923 0.52542 0.29297 0.52542 0.28637 0.52875 0.28118 0.53376 0.27958 0.53852 0.28243 0.54519 0.28940 0.55663 0.29655 0.56973 0.30512 0.58021 0.30870 0.58545 0.32031 0.59355 0.33335 0.60498 0.33996 0.60999 0.34424 0.61308 0.34532 0.60975 0.34621 0.60474 0.34639 0.59855 0.34657 0.59141 0.34442 0.58259 0.34014 0.57259 0.33120 0.55925 0.32656 0.55377 0.32084 0.54543 0.31727 0.53852 0.30673 0.52971
1 0.50448 0.33377 0.50061 0.32027 0.49545 0.31393 0.49328 0.31448 0.49328 0.31600 0.49256 0.32027 0.48821 0.31931 0.48480 0.31972 0.48635 0.32276 0.49008 0.32496 0.49462 0.32758 0.49721 0.32965 0.49835 0.33516 0.50093 0.34219 0.50310 0.34936 0.50383 0.35708 0.50448 0.35839 0.50716 0.34568 0.50448 0.33377
4 0.39490 0.41937 0.39205 0.42102 0.38858 0.42218 0.38386 0.42119 0.37766 0.41987 0.37431 0.42053 0.37325 0.42135 0.37800 0.42479 0.38400 0.42700 0.39227 0.42879 0.39764 0.42893 0.40250 0.42783 0.40705 0.42590 0.40755 0.42202 0.40346 0.42301 0.40011 0.42119 0.39689 0.41987 0.39490 0.41937
