4 0.36054 0.60934 0.36163 0.63776 0.36525 0.66180 0.37105 0.67492 0.39569 0.67546 0.41163 0.67765 0.42721 0.67874 0.43699 0.67219 0.44569 0.63831 0.45149 0.61153 0.45728 0.58038 0.46018 0.56727 0.46235 0.56126 0.46380 0.52410 0.46743 0.50934 0.46525 0.50607 0.45620 0.50279 0.43409 0.50224 0.42978 0.50000 0.40540 0.49705 0.37870 0.49109 0.36728 0.48694 0.36489 0.49077 0.36272 0.51863 0.36127 0.54158 0.35837 0.57383 0.36054 0.60934
4 0.75402 0.25639 0.74065 0.25639 0.72297 0.26055 0.70765 0.26705 0.70018 0.27120 0.70094 0.30262 0.70254 0.33700 0.70370 0.37612 0.70290 0.42530 0.71040 0.44727 0.72062 0.47333 0.73120 0.49705 0.74417 0.51721 0.75638 0.52492 0.76699 0.51721 0.77210 0.50710 0.77601 0.49880 0.78073 0.47923 0.78388 0.45317 0.78583 0.42650 0.78899 0.39388 0.79214 0.35596 0.78033 0.32339 0.77130 0.29432 0.76225 0.27060 0.75402 0.25639
4 0.23562 0.45612 0.24819 0.45853 0.26587 0.46147 0.28395 0.46087 0.30047 0.45612 0.31540 0.44902 0.32286 0.44191 0.32601 0.43240 0.32051 0.40869 0.32051 0.38087 0.31895 0.35596 0.31895 0.33284 0.31735 0.30912 0.31500 0.28541 0.30478 0.27535 0.28946 0.28126 0.25449 0.31268 0.24152 0.32279 0.22384 0.34115 0.22384 0.37612 0.22464 0.41169 0.22815 0.44011 0.23562 0.45612
4 0.47830 0.50169 0.46743 0.50934 0.46380 0.52410 0.46235 0.56126 0.46018 0.58530 0.45982 0.62082 0.46272 0.64923 0.47141 0.66563 0.48699 0.67219 0.51779 0.67656 0.52757 0.67437 0.53627 0.66672 0.54605 0.65470 0.55185 0.62191 0.55620 0.58421 0.55547 0.55415 0.55692 0.52738 0.56380 0.50295 0.54413 0.49465 0.53917 0.48803 0.52214 0.48967 0.50982 0.49077 0.49062 0.49514 0.47830 0.50169
4 0.16344 0.51645 0.15402 0.54650 0.14895 0.57874 0.14641 0.60169 0.14641 0.62355 0.15946 0.63011 0.18265 0.63776 0.20728 0.64760 0.23047 0.65197 0.24786 0.65197 0.25873 0.64869 0.26380 0.63120 0.26634 0.62519 0.26380 0.59623 0.26272 0.55907 0.26091 0.52574 0.25946 0.48585 0.26308 0.46727 0.26587 0.46147 0.24819 0.45853 0.23562 0.45612 0.22815 0.44011 0.22431 0.44268 0.20221 0.45579 0.18844 0.47109 0.17576 0.48421 0.16344 0.51645
4 0.26380 0.59623 0.26634 0.62519 0.26888 0.64432 0.28156 0.65743 0.30620 0.65689 0.32721 0.65579 0.34170 0.65142 0.34967 0.63612 0.35402 0.60934 0.35837 0.57383 0.36127 0.54158 0.36272 0.51863 0.36489 0.49077 0.36728 0.48694 0.36098 0.47454 0.35826 0.45672 0.35149 0.45853 0.32721 0.45470 0.31851 0.45415 0.30765 0.45361 0.30047 0.45612 0.28395 0.46087 0.26587 0.46147 0.26308 0.46727 0.25946 0.48585 0.26091 0.52574 0.26272 0.55907 0.26380 0.59623
4 0.38341 0.23148 0.37594 0.24809 0.37159 0.27710 0.36768 0.30022 0.36533 0.32634 0.36413 0.34705 0.36808 0.36071 0.37043 0.38087 0.36728 0.39628 0.35942 0.41760 0.35746 0.43300 0.35826 0.45672 0.36098 0.47454 0.36728 0.48694 0.37870 0.49109 0.40540 0.49705 0.42978 0.50000 0.45609 0.49705 0.48127 0.49290 0.50326 0.49049 0.52054 0.48399 0.52605 0.47628 0.52605 0.43066 0.52449 0.40339 0.52254 0.37787 0.51978 0.33164 0.51978 0.30617 0.51779 0.28011 0.51743 0.26055 0.51192 0.24213 0.49620 0.23087 0.47576 0.22377 0.46830 0.21486 0.43529 0.21486 0.40344 0.21902 0.38341 0.23148
4 0.58265 0.50000 0.56380 0.50295 0.55692 0.52738 0.55547 0.55415 0.55620 0.58421 0.55475 0.62300 0.55366 0.65415 0.56308 0.67546 0.58156 0.68311 0.60221 0.68749 0.62069 0.68912 0.62975 0.68803 0.63880 0.67929 0.63989 0.65197 0.64605 0.62683 0.65076 0.59678 0.65149 0.57273 0.65257 0.54268 0.65257 0.52465 0.64424 0.52082 0.62793 0.51918 0.61489 0.51700 0.60366 0.50716 0.58735 0.50060 0.58265 0.50000
4 0.53826 0.26705 0.52529 0.28481 0.52370 0.30852 0.52645 0.33639 0.52841 0.37077 0.53076 0.40219 0.53351 0.42710 0.53391 0.45082 0.53587 0.47984 0.54413 0.49465 0.56380 0.50295 0.58265 0.50000 0.60623 0.49645 0.62471 0.50120 0.64279 0.51361 0.66007 0.51005 0.67855 0.50475 0.69152 0.49350 0.69938 0.46027 0.70290 0.42530 0.70370 0.37612 0.70254 0.33700 0.70094 0.30262 0.70018 0.27120 0.69859 0.26169 0.63373 0.25995 0.60978 0.25814 0.58344 0.25399 0.55790 0.25399 0.53826 0.26705
4 0.76500 0.54803 0.75203 0.53377 0.73830 0.52131 0.72808 0.51246 0.71471 0.51005 0.70960 0.51186 0.71116 0.51721 0.71942 0.52251 0.72373 0.53973 0.72572 0.57530 0.73199 0.60197 0.73188 0.64208 0.74239 0.66011 0.76659 0.66005 0.79018 0.66475 0.79018 0.63279 0.78192 0.59541 0.77485 0.56874 0.76500 0.54803
4 0.66007 0.53262 0.65692 0.56044 0.65692 0.59126 0.65812 0.62093 0.66127 0.65470 0.66558 0.67426 0.68091 0.68552 0.69938 0.69262 0.71786 0.68967 0.72572 0.67661 0.72884 0.64639 0.72728 0.60016 0.72572 0.57530 0.72373 0.53973 0.71942 0.52251 0.71116 0.51721 0.70449 0.51776 0.69348 0.51601 0.67935 0.51541 0.66598 0.52191 0.66007 0.53262
