4 0.65359 0.76044 0.65172 0.77265 0.65323 0.78461 0.65678 0.79610 0.66404 0.80867 0.67295 0.81819 0.68108 0.82422 0.69183 0.83280 0.70317 0.83647 0.71577 0.83451 0.72575 0.83167 0.74315 0.83098 0.76008 0.82979 0.77010 0.82194 0.77675 0.81266 0.78237 0.79819 0.78872 0.77799 0.79250 0.76445 0.79450 0.75310 0.79486 0.73686 0.79204 0.71964 0.78958 0.70834 0.78160 0.69983 0.77794 0.69375 0.77366 0.68798 0.76877 0.68252 0.76251 0.67849 0.75725 0.67673 0.74819 0.67597 0.74413 0.68319 0.73482 0.68698 0.72709 0.68813 0.71539 0.68815 0.71054 0.69190 0.70621 0.69908 0.70062 0.70394 0.68922 0.70695 0.68121 0.70971 0.67370 0.71592 0.66698 0.72560 0.66258 0.73318 0.65800 0.74491 0.65458 0.75643 0.65359 0.76044
4 0.52442 0.30923 0.52206 0.32261 0.52101 0.33330 0.52327 0.34581 0.52601 0.36343 0.52664 0.38361 0.52992 0.40132 0.53108 0.41532 0.53531 0.42610 0.54624 0.43680 0.55218 0.43785 0.56912 0.42872 0.58406 0.41672 0.59617 0.40966 0.60978 0.40203 0.62144 0.39280 0.62915 0.38538 0.63518 0.37809 0.64093 0.37074 0.64460 0.36261 0.64714 0.35135 0.64791 0.34063 0.64572 0.32937 0.64183 0.31823 0.63731 0.30908 0.62548 0.30030 0.61362 0.29487 0.59057 0.28495 0.57649 0.27787 0.56971 0.27208 0.55801 0.26416 0.54902 0.26300 0.53842 0.27409 0.53361 0.28243 0.52946 0.29173 0.52442 0.30923
4 0.64714 0.35135 0.64460 0.36261 0.64093 0.37074 0.63518 0.37809 0.62915 0.38538 0.62450 0.39752 0.62123 0.40823 0.62123 0.41450 0.62003 0.42766 0.61770 0.43770 0.61486 0.45225 0.61327 0.46283 0.61255 0.47483 0.61429 0.48391 0.62039 0.49042 0.62666 0.49278 0.63408 0.49493 0.64322 0.49528 0.65548 0.49368 0.66533 0.48999 0.68036 0.48219 0.69035 0.47768 0.69996 0.47059 0.70795 0.46323 0.71455 0.45269 0.71839 0.44668 0.72191 0.43936 0.72538 0.43077 0.72671 0.41847 0.72275 0.40774 0.71804 0.39019 0.71008 0.38001 0.69736 0.36523 0.68757 0.35598 0.67880 0.34565 0.67524 0.34210 0.67052 0.34043 0.66090 0.34124 0.65043 0.34692 0.64714 0.35135
4 0.77601 1.00000 0.77891 0.99486 0.78318 0.98642 0.78474 0.97917 0.78579 0.96849 0.78541 0.95797 0.78340 0.94884 0.78528 0.94290 0.78820 0.93422 0.78956 0.92652 0.79124 0.91386 0.79058 0.90496 0.78996 0.89901 0.79073 0.88827 0.79317 0.88076 0.79352 0.87246 0.79097 0.86324 0.79026 0.85935 0.78749 0.85134 0.78484 0.84586 0.78036 0.83963 0.77278 0.83203 0.76008 0.82979 0.74315 0.83098 0.72575 0.83167 0.71577 0.83451 0.70612 0.83866 0.69758 0.84761 0.68838 0.85393 0.68189 0.86072 0.67644 0.86478 0.67059 0.86792 0.66533 0.87243 0.65573 0.87952 0.64658 0.88710 0.63943 0.89921 0.63547 0.91064 0.63312 0.93028 0.63454 0.94433 0.63470 0.95606 0.63469 0.97194 0.63738 0.98830 0.63831 0.99724 0.63897 1.00000 0.77601 1.00000
4 0.39653 0.29170 0.39367 0.30164 0.39092 0.30617 0.39071 0.31366 0.39287 0.33620 0.39483 0.35034 0.39639 0.35730 0.40127 0.36442 0.40732 0.37594 0.41149 0.38546 0.41688 0.39602 0.42303 0.40379 0.43178 0.41578 0.44240 0.41724 0.45300 0.41242 0.46300 0.39997 0.47143 0.38850 0.48396 0.37274 0.49563 0.35557 0.50627 0.33947 0.51222 0.33258 0.51749 0.32640 0.52181 0.31295 0.52525 0.29977 0.52664 0.28873 0.52380 0.28112 0.51896 0.27066 0.51511 0.26245 0.51311 0.25959 0.50442 0.25513 0.49426 0.25585 0.48818 0.26188 0.46745 0.26408 0.45012 0.26437 0.43375 0.26399 0.42532 0.26752 0.41100 0.27126 0.40494 0.27563 0.40067 0.28407 0.39653 0.29170
4 0.67398 0.54208 0.66982 0.54512 0.66389 0.55034 0.65160 0.56155 0.64175 0.57945 0.63664 0.59736 0.63474 0.61291 0.63553 0.62893 0.63788 0.64565 0.64390 0.66050 0.65168 0.66856 0.66372 0.67612 0.67133 0.68039 0.68811 0.68794 0.70508 0.68968 0.71539 0.68815 0.72709 0.68813 0.73482 0.68698 0.74413 0.68319 0.75017 0.67423 0.75715 0.65832 0.76219 0.64082 0.76564 0.62596 0.76816 0.61010 0.76957 0.59739 0.76921 0.58521 0.76842 0.57546 0.76406 0.56382 0.75540 0.55602 0.74942 0.54410 0.74228 0.53407 0.73645 0.52760 0.72705 0.52720 0.71550 0.53102 0.70450 0.53493 0.69487 0.53741 0.68680 0.53891 0.67398 0.54208
4 0.20850 0.45240 0.20018 0.46538 0.18344 0.49433 0.17380 0.51490 0.16793 0.52771 0.16548 0.53931 0.16913 0.55500 0.16978 0.56956 0.17206 0.58622 0.18190 0.59638 0.19558 0.60300 0.21025 0.60860 0.22535 0.60946 0.24047 0.60791 0.25014 0.60540 0.26774 0.59887 0.28220 0.58517 0.29221 0.56708 0.30216 0.54475 0.30435 0.53009 0.30396 0.50956 0.30292 0.49493 0.29842 0.48632 0.29329 0.47217 0.27922 0.46547 0.27097 0.46221 0.26612 0.46015 0.25662 0.45487 0.25217 0.45047 0.24783 0.44549 0.23727 0.43942 0.22508 0.44028 0.21743 0.44495 0.20850 0.45240
4 0.13147 0.75722 0.12423 0.75052 0.10915 0.74726 0.08840 0.74661 0.07421 0.75194 0.05701 0.76756 0.04823 0.79009 0.04364 0.81155 0.03818 0.84249 0.03588 0.86013 0.03270 0.87583 0.02297 0.90601 0.02876 0.91185 0.03860 0.91298 0.05873 0.91713 0.08286 0.92138 0.09926 0.92849 0.11745 0.93230 0.12952 0.93443 0.14222 0.93065 0.15184 0.92392 0.15852 0.91788 0.16166 0.91602 0.17095 0.90201 0.17832 0.88525 0.18172 0.86599 0.18413 0.84776 0.18400 0.83028 0.17807 0.81840 0.16794 0.80758 0.15930 0.79282 0.15161 0.78183 0.14083 0.76789 0.13147 0.75722
4 0.29105 0.34625 0.28633 0.35879 0.28453 0.37059 0.28489 0.38278 0.28992 0.40164 0.29690 0.41582 0.30620 0.42625 0.31900 0.43268 0.33360 0.43525 0.34672 0.43673 0.35678 0.43182 0.36505 0.42283 0.37418 0.40270 0.38551 0.37795 0.39197 0.36028 0.39483 0.35034 0.39287 0.33620 0.39071 0.31366 0.39092 0.30617 0.38267 0.29762 0.37218 0.29075 0.36254 0.28696 0.35301 0.29197 0.34049 0.29979 0.32981 0.30501 0.32254 0.30833 0.32003 0.31625 0.30941 0.32273 0.30450 0.32688 0.29766 0.33404 0.29105 0.34625
4 0.18558 0.40706 0.18605 0.41384 0.19475 0.41035 0.21108 0.40780 0.21865 0.40286 0.22705 0.39473 0.23299 0.38157 0.24164 0.37515 0.24995 0.36283 0.26207 0.34782 0.27476 0.32958 0.28060 0.32016 0.28384 0.31446 0.28460 0.30540 0.28550 0.29553 0.27987 0.28952 0.27475 0.28695 0.26906 0.28761 0.26300 0.29198 0.24980 0.29885 0.24124 0.30319 0.22989 0.30746 0.21917 0.31769 0.21081 0.32875 0.20742 0.33693 0.20321 0.34497 0.19761 0.35778 0.19302 0.37118 0.18742 0.38398 0.18462 0.39352 0.18558 0.40706
4 0.72003 0.38051 0.72376 0.39412 0.72753 0.41067 0.72937 0.43022 0.72955 0.44029 0.73362 0.45354 0.73399 0.47200 0.73651 0.48456 0.74218 0.49350 0.74761 0.49906 0.75207 0.50695 0.76595 0.51358 0.77257 0.51558 0.78059 0.51909 0.78391 0.51131 0.78978 0.50650 0.79667 0.49266 0.79927 0.48267 0.80046 0.47118 0.79978 0.45768 0.79621 0.44786 0.79510 0.42886 0.79496 0.41545 0.79107 0.40432 0.78712 0.39986 0.78046 0.39493 0.77462 0.39013 0.75962 0.38038 0.75150 0.37268 0.74572 0.36915 0.73836 0.36660 0.72565 0.37230 0.72067 0.37686 0.72003 0.38051
