1 0.26236 0.34378 0.26130 0.34328 0.26065 0.34325 0.25935 0.34293 0.25826 0.34305 0.25790 0.34436 0.25841 0.34602 0.25934 0.34687 0.26078 0.34685 0.26224 0.34672 0.26285 0.34674 0.26348 0.34575 0.26334 0.34498 0.26236 0.34378
4 0.64964 0.63442 0.65905 0.64343 0.66918 0.63973 0.68216 0.62797 0.68941 0.62188 0.69529 0.61270 0.70252 0.60282 0.70998 0.59420 0.71129 0.58969 0.70999 0.58120 0.70894 0.57112 0.70722 0.55791 0.70524 0.54312 0.70368 0.52324 0.70438 0.51687 0.70555 0.51301 0.70670 0.51213 0.70373 0.50271 0.69850 0.48793 0.69350 0.47770 0.68840 0.47021 0.68802 0.47707 0.68735 0.48805 0.68578 0.49589 0.68206 0.50521 0.67918 0.51175 0.67575 0.51238 0.66802 0.51142 0.66080 0.51089 0.65492 0.51211 0.65129 0.51367 0.64612 0.51440 0.64422 0.51464 0.64106 0.52336 0.63960 0.53484 0.63862 0.54566 0.63803 0.55741 0.63800 0.57009 0.63720 0.58755 0.63798 0.59923 0.63919 0.61247 0.64182 0.62311 0.64964 0.63442
4 0.26928 0.31395 0.26173 0.31966 0.25553 0.33139 0.25530 0.34281 0.25387 0.35086 0.25144 0.35974 0.24920 0.37202 0.24933 0.37807 0.24948 0.38757 0.25014 0.40337 0.25595 0.44204 0.26038 0.46747 0.26612 0.49821 0.26925 0.51864 0.27215 0.52630 0.27578 0.53258 0.27909 0.53658 0.28299 0.54018 0.28803 0.54182 0.29297 0.54156 0.29788 0.54054 0.30313 0.53837 0.30699 0.53322 0.31074 0.52998 0.31291 0.52417 0.31153 0.51740 0.31136 0.50638 0.31049 0.49768 0.31016 0.49124 0.30907 0.48635 0.30775 0.47692 0.30728 0.46782 0.30882 0.45786 0.31004 0.45361 0.31000 0.44487 0.30956 0.43653 0.30978 0.42093 0.30423 0.40183 0.29844 0.39377 0.29368 0.38566 0.29062 0.37061 0.28495 0.35304 0.27951 0.33584 0.27518 0.32428 0.27140 0.31497 0.26928 0.31395
4 0.61918 0.39263 0.61530 0.40378 0.61274 0.41169 0.61543 0.42522 0.61770 0.44015 0.61874 0.45059 0.62074 0.46965 0.62244 0.48324 0.62300 0.48915 0.62659 0.49625 0.63356 0.50638 0.64002 0.51152 0.64612 0.51440 0.65129 0.51367 0.65492 0.51211 0.66080 0.51089 0.66802 0.51142 0.67575 0.51238 0.67918 0.51175 0.68206 0.50521 0.68578 0.49589 0.68735 0.48805 0.68802 0.47707 0.68838 0.46519 0.68846 0.45241 0.68725 0.43879 0.68518 0.42293 0.68237 0.40711 0.67995 0.39401 0.67806 0.38635 0.67371 0.36012 0.66994 0.34481 0.66655 0.33221 0.66012 0.32297 0.65541 0.31820 0.64649 0.31821 0.63877 0.33640 0.63345 0.34352 0.63100 0.35825 0.62387 0.37824 0.61918 0.39263
4 0.48085 0.67368 0.48956 0.67259 0.49843 0.66453 0.50383 0.65600 0.50694 0.63968 0.50821 0.62790 0.50899 0.61645 0.50859 0.60221 0.50837 0.59145 0.50688 0.56967 0.50524 0.55873 0.50359 0.56018 0.50078 0.56809 0.49591 0.56971 0.48714 0.56789 0.47862 0.56605 0.47514 0.56578 0.47022 0.56650 0.46222 0.56509 0.45340 0.56236 0.44552 0.56322 0.43475 0.56553 0.43534 0.57690 0.43719 0.59582 0.43894 0.60935 0.44234 0.62184 0.44723 0.64946 0.45009 0.66135 0.45280 0.67040 0.46137 0.67312 0.47146 0.67512 0.48085 0.67368
4 0.42169 0.32588 0.41314 0.32816 0.40356 0.33459 0.39784 0.34356 0.39130 0.36534 0.38681 0.38838 0.38329 0.40636 0.37921 0.42300 0.37857 0.43367 0.37839 0.45383 0.37851 0.47967 0.37935 0.50358 0.38139 0.51184 0.38335 0.53045 0.38455 0.53905 0.38685 0.54988 0.38938 0.55568 0.39248 0.56281 0.39603 0.56901 0.40196 0.56870 0.41209 0.56817 0.42219 0.56718 0.43230 0.56620 0.44552 0.56322 0.45340 0.56236 0.46222 0.56509 0.47022 0.56650 0.47514 0.56578 0.47862 0.56605 0.48714 0.56789 0.49591 0.56971 0.50078 0.56809 0.50359 0.56018 0.50481 0.55054 0.50430 0.53597 0.50193 0.50963 0.50030 0.49284 0.49785 0.46970 0.48976 0.42405 0.48219 0.40255 0.47531 0.38466 0.47101 0.37348 0.46659 0.36003 0.45945 0.34671 0.45529 0.33827 0.44907 0.33312 0.43868 0.32864 0.43090 0.32677 0.42169 0.32588
4 0.31818 0.60649 0.33013 0.61125 0.34056 0.61672 0.35051 0.61937 0.35737 0.61901 0.36280 0.61746 0.36607 0.61095 0.36962 0.59651 0.37124 0.58819 0.37095 0.56951 0.36987 0.55214 0.36737 0.54055 0.36413 0.53122 0.36229 0.53261 0.35785 0.53854 0.35155 0.54039 0.34512 0.54377 0.33832 0.54413 0.32777 0.53974 0.31991 0.53559 0.31494 0.53129 0.31313 0.52660 0.31173 0.53270 0.31138 0.53905 0.31161 0.54348 0.31139 0.55236 0.31054 0.56254 0.30959 0.57399 0.30871 0.58006 0.30905 0.58986 0.31039 0.59898 0.31818 0.60649
4 0.56095 0.67550 0.56781 0.67198 0.57493 0.66336 0.57944 0.65743 0.58210 0.62624 0.58197 0.61706 0.58318 0.61383 0.58318 0.60401 0.58407 0.58495 0.58559 0.57125 0.58571 0.56728 0.57881 0.56308 0.57365 0.55925 0.56737 0.56231 0.56257 0.56530 0.55691 0.56606 0.54530 0.56666 0.52457 0.56821 0.51264 0.56747 0.50955 0.56534 0.50720 0.56268 0.50798 0.57753 0.51105 0.59670 0.51436 0.61395 0.51692 0.62997 0.52087 0.64624 0.52676 0.66019 0.53292 0.67254 0.53936 0.67727 0.54903 0.67803 0.56095 0.67550
4 0.23171 0.37012 0.23064 0.38253 0.22991 0.38828 0.23044 0.39839 0.23052 0.40979 0.22963 0.42251 0.22898 0.43300 0.23133 0.44839 0.23292 0.47207 0.23430 0.48530 0.23711 0.49941 0.24055 0.51254 0.24167 0.51755 0.24253 0.52416 0.24462 0.52785 0.24849 0.53272 0.25345 0.53562 0.25706 0.53543 0.26312 0.53290 0.26459 0.52807 0.26774 0.52252 0.26925 0.51864 0.26612 0.49821 0.26038 0.46747 0.25595 0.44204 0.25014 0.40337 0.24948 0.38757 0.24933 0.37807 0.24725 0.36804 0.24442 0.35995 0.24042 0.35256 0.23738 0.34702 0.23433 0.34464 0.23250 0.34917 0.23233 0.35900 0.23171 0.37012
4 0.62428 0.64304 0.62800 0.63524 0.63352 0.62576 0.63675 0.61831 0.63670 0.60437 0.63720 0.58755 0.63800 0.57009 0.63803 0.55741 0.63862 0.54566 0.63960 0.53484 0.64106 0.52336 0.64002 0.51152 0.63356 0.50638 0.62659 0.49625 0.62300 0.48915 0.62226 0.49876 0.62100 0.51252 0.61830 0.52726 0.61502 0.54020 0.61419 0.54800 0.61084 0.55502 0.60809 0.55927 0.60311 0.56363 0.59537 0.56723 0.58571 0.56728 0.58559 0.57125 0.58407 0.58495 0.58318 0.60401 0.58318 0.61383 0.58448 0.62231 0.58823 0.62497 0.59770 0.63493 0.60501 0.64310 0.61370 0.65120 0.61797 0.65065 0.62428 0.64304
4 0.73439 0.49534 0.73690 0.50376 0.73931 0.50712 0.74320 0.51230 0.74916 0.51769 0.75356 0.51968 0.75716 0.52266 0.76052 0.52122 0.76649 0.50696 0.76813 0.49895 0.77138 0.47883 0.77281 0.46671 0.77246 0.44360 0.77277 0.42648 0.77353 0.40490 0.77279 0.38751 0.77180 0.37204 0.77005 0.35503 0.76826 0.34055 0.76650 0.33969 0.76199 0.34563 0.75657 0.35383 0.75224 0.36325 0.74857 0.37199 0.74380 0.38270 0.74033 0.39523 0.73797 0.39964 0.73824 0.41422 0.73782 0.42519 0.73607 0.43897 0.73421 0.45093 0.73253 0.46607 0.73061 0.47666 0.73150 0.48599 0.73439 0.49534
4 0.50318 0.41057 0.49864 0.41857 0.49650 0.42963 0.49726 0.44419 0.49993 0.46685 0.50069 0.48597 0.50295 0.50547 0.50339 0.51868 0.50430 0.53597 0.50481 0.55054 0.50524 0.55873 0.50955 0.56534 0.51264 0.56747 0.52457 0.56821 0.54530 0.56666 0.55691 0.56606 0.56257 0.56530 0.56737 0.56231 0.57365 0.55925 0.57881 0.56308 0.58571 0.56728 0.59537 0.56723 0.60311 0.56363 0.60809 0.55927 0.61084 0.55502 0.61419 0.54800 0.61502 0.54020 0.61830 0.52726 0.62100 0.51252 0.62226 0.49876 0.62244 0.48324 0.62074 0.46965 0.61874 0.45059 0.61770 0.44015 0.61543 0.42522 0.61274 0.41169 0.61003 0.39767 0.60431 0.37836 0.59201 0.34707 0.58720 0.33090 0.57804 0.31678 0.57198 0.30980 0.56229 0.30939 0.55057 0.31274 0.54105 0.32008 0.53183 0.33334 0.52573 0.34917 0.52077 0.36814 0.51489 0.38350 0.50772 0.39802 0.50318 0.41057
4 0.68895 0.37666 0.68735 0.38404 0.68596 0.39050 0.68313 0.39795 0.68237 0.40711 0.68518 0.42293 0.68725 0.43879 0.68846 0.45241 0.68838 0.46519 0.68840 0.47021 0.69350 0.47770 0.69850 0.48793 0.70373 0.50271 0.70670 0.51213 0.71390 0.51723 0.71763 0.52205 0.71988 0.52239 0.72280 0.51676 0.72370 0.51033 0.72528 0.49793 0.72713 0.48597 0.73061 0.47666 0.73253 0.46607 0.73421 0.45093 0.73607 0.43897 0.73782 0.42519 0.73824 0.41422 0.73797 0.39964 0.73760 0.38323 0.73773 0.35722 0.73688 0.34586 0.73529 0.32496 0.72957 0.29606 0.72273 0.29323 0.71757 0.29395 0.71309 0.29830 0.70619 0.31326 0.70164 0.32581 0.69797 0.33604 0.69735 0.35250 0.69391 0.36727 0.69051 0.37338 0.68895 0.37666
4 0.31945 0.36910 0.31613 0.38068 0.31431 0.39712 0.31243 0.40862 0.31112 0.41515 0.30978 0.42093 0.30956 0.43653 0.31000 0.44487 0.31004 0.45361 0.30882 0.45786 0.30728 0.46782 0.30775 0.47692 0.30907 0.48635 0.31016 0.49124 0.31049 0.49768 0.31136 0.50638 0.31153 0.51740 0.31291 0.52417 0.31494 0.53129 0.31991 0.53559 0.32777 0.53974 0.33832 0.54413 0.34512 0.54377 0.35155 0.54039 0.35785 0.53854 0.36229 0.53261 0.36718 0.52741 0.37177 0.51652 0.37460 0.50763 0.37811 0.50364 0.37935 0.50358 0.37851 0.47967 0.37839 0.45383 0.37857 0.43367 0.37526 0.41369 0.36991 0.40219 0.36222 0.38548 0.35598 0.37289 0.34968 0.36295 0.34189 0.35614 0.33683 0.35412 0.33065 0.35445 0.32509 0.35854 0.31945 0.36910
4 0.40173 0.65787 0.41096 0.65992 0.41731 0.65959 0.42256 0.65804 0.42675 0.64927 0.43046 0.63799 0.43515 0.62253 0.43650 0.60884 0.43537 0.59718 0.43230 0.56620 0.42219 0.56718 0.41209 0.56817 0.40196 0.56870 0.39603 0.56901 0.39248 0.56281 0.38938 0.55568 0.38685 0.54988 0.38455 0.53905 0.38335 0.53045 0.38139 0.51184 0.37935 0.50358 0.37811 0.50364 0.37460 0.50763 0.37177 0.51652 0.36938 0.52302 0.36955 0.53283 0.36987 0.55214 0.37095 0.56951 0.37124 0.58819 0.37107 0.60784 0.37313 0.62420 0.37650 0.64589 0.38059 0.65169 0.39059 0.65529 0.40173 0.65787
