1 0.27086 0.33156 0.26983 0.33100 0.26919 0.33094 0.26790 0.33055 0.26680 0.33061 0.26637 0.33190 0.26680 0.33358 0.26769 0.33448 0.26912 0.33454 0.27059 0.33448 0.27120 0.33454 0.27187 0.33358 0.27178 0.33280 0.27086 0.33156
4 0.64240 0.64207 0.65133 0.65156 0.66164 0.64840 0.67521 0.63732 0.68277 0.63163 0.68913 0.62277 0.69686 0.61328 0.70476 0.60506 0.70631 0.60062 0.70545 0.59208 0.70494 0.58196 0.70390 0.56867 0.70270 0.55380 0.70219 0.53387 0.70322 0.52754 0.70459 0.52375 0.70578 0.52293 0.70331 0.51337 0.69885 0.49833 0.69440 0.48785 0.68970 0.48011 0.68896 0.48694 0.68772 0.49787 0.68574 0.50562 0.68154 0.51473 0.67832 0.52111 0.67486 0.52157 0.66719 0.52020 0.66001 0.51929 0.65407 0.52020 0.65036 0.52157 0.64517 0.52202 0.64325 0.52217 0.63965 0.53071 0.63758 0.54210 0.63604 0.55285 0.63483 0.56456 0.63415 0.57721 0.63243 0.59461 0.63260 0.60632 0.63312 0.61960 0.63518 0.63036 0.64240 0.64207
4 0.27933 0.30213 0.27150 0.30744 0.26469 0.31883 0.26387 0.33022 0.26201 0.33819 0.25912 0.34692 0.25624 0.35907 0.25605 0.36512 0.25571 0.37461 0.25554 0.39043 0.25932 0.42934 0.26241 0.45497 0.26653 0.48597 0.26860 0.50653 0.27108 0.51434 0.27438 0.52080 0.27748 0.52497 0.28119 0.52877 0.28613 0.53067 0.29108 0.53067 0.29603 0.52991 0.30139 0.52801 0.30552 0.52307 0.30943 0.52004 0.31191 0.51434 0.31088 0.50751 0.31129 0.49650 0.31088 0.48777 0.31088 0.48132 0.31005 0.47638 0.30922 0.46689 0.30922 0.45778 0.31129 0.44791 0.31273 0.44373 0.31314 0.43500 0.31314 0.42665 0.31417 0.41108 0.30964 0.39172 0.30428 0.38337 0.29995 0.37501 0.29768 0.35983 0.29294 0.34199 0.28840 0.32452 0.28469 0.31275 0.28139 0.30326 0.27933 0.30213
4 0.62463 0.39902 0.62018 0.40995 0.61721 0.41771 0.61919 0.43136 0.62067 0.44640 0.62117 0.45687 0.62216 0.47601 0.62315 0.48967 0.62340 0.49560 0.62661 0.50289 0.63305 0.51337 0.63923 0.51883 0.64517 0.52202 0.65036 0.52157 0.65407 0.52020 0.66001 0.51929 0.66719 0.52020 0.67486 0.52157 0.67832 0.52111 0.68154 0.51473 0.68574 0.50562 0.68772 0.49787 0.68896 0.48694 0.68995 0.47510 0.69069 0.46234 0.69020 0.44867 0.68896 0.43273 0.68698 0.41678 0.68525 0.40357 0.68376 0.39583 0.68080 0.36940 0.67783 0.35391 0.67510 0.34116 0.66917 0.33159 0.66471 0.32658 0.65581 0.32612 0.64715 0.34389 0.64145 0.35072 0.63824 0.36530 0.63008 0.38489 0.62463 0.39902
4 0.47178 0.67244 0.48055 0.67181 0.48982 0.66422 0.49567 0.65599 0.49962 0.63986 0.50151 0.62815 0.50288 0.61676 0.50323 0.60252 0.50357 0.59177 0.50323 0.56994 0.50216 0.55892 0.50043 0.56029 0.49721 0.56804 0.49227 0.56940 0.48361 0.56712 0.47519 0.56485 0.47173 0.56439 0.46678 0.56485 0.45887 0.56302 0.45020 0.55983 0.44229 0.56029 0.43141 0.56203 0.43141 0.57342 0.43227 0.59240 0.43330 0.60600 0.43605 0.61866 0.43948 0.64650 0.44172 0.65852 0.44395 0.66769 0.45237 0.67086 0.46233 0.67339 0.47178 0.67244
4 0.43091 0.32202 0.42225 0.32385 0.41235 0.32977 0.40617 0.33843 0.39850 0.35984 0.39281 0.38261 0.38835 0.40038 0.38340 0.41678 0.38221 0.42741 0.38098 0.44753 0.37974 0.47334 0.37933 0.49726 0.38093 0.50562 0.38192 0.52430 0.38266 0.53295 0.38440 0.54389 0.38662 0.54981 0.38934 0.55710 0.39256 0.56348 0.39850 0.56348 0.40864 0.56348 0.41878 0.56302 0.42893 0.56256 0.44229 0.56029 0.45020 0.55983 0.45887 0.56302 0.46678 0.56485 0.47173 0.56439 0.47519 0.56485 0.48361 0.56712 0.49227 0.56940 0.49721 0.56804 0.50043 0.56029 0.50216 0.55072 0.50241 0.53615 0.50142 0.50972 0.50068 0.49286 0.49944 0.46963 0.49375 0.42362 0.48732 0.40175 0.48138 0.38353 0.47767 0.37214 0.47396 0.35847 0.46753 0.34480 0.46381 0.33615 0.45788 0.33068 0.44773 0.32567 0.44006 0.32339 0.43091 0.32202
4 0.31285 0.59683 0.32454 0.60221 0.33467 0.60822 0.34447 0.61138 0.35134 0.61138 0.35684 0.61012 0.36045 0.60379 0.36474 0.58955 0.36680 0.58133 0.36749 0.56266 0.36732 0.54526 0.36543 0.53355 0.36268 0.52407 0.36077 0.52536 0.35603 0.53105 0.34964 0.53257 0.34304 0.53561 0.33623 0.53561 0.32593 0.53067 0.31830 0.52611 0.31356 0.52156 0.31200 0.51679 0.31028 0.52280 0.30959 0.52912 0.30959 0.53355 0.30890 0.54241 0.30753 0.55254 0.30598 0.56393 0.30478 0.56994 0.30461 0.57975 0.30547 0.58892 0.31285 0.59683
4 0.55168 0.67845 0.55872 0.67529 0.56628 0.66706 0.57109 0.66137 0.57539 0.63036 0.57573 0.62119 0.57710 0.61802 0.57762 0.60822 0.57951 0.58924 0.58174 0.57563 0.58208 0.57168 0.57540 0.56712 0.57045 0.56302 0.56402 0.56575 0.55907 0.56849 0.55338 0.56894 0.54175 0.56894 0.52097 0.56940 0.50909 0.56804 0.50612 0.56575 0.50391 0.56298 0.50391 0.57785 0.50597 0.59714 0.50838 0.61455 0.51010 0.63068 0.51319 0.64713 0.51834 0.66137 0.52384 0.67402 0.53003 0.67908 0.53965 0.68035 0.55168 0.67845
4 0.23887 0.35626 0.23715 0.36860 0.23612 0.37430 0.23612 0.38442 0.23561 0.39581 0.23406 0.40846 0.23286 0.41890 0.23440 0.43440 0.23475 0.45813 0.23544 0.47142 0.23750 0.48566 0.24025 0.49894 0.24110 0.50400 0.24162 0.51065 0.24351 0.51445 0.24712 0.51951 0.25193 0.52267 0.25554 0.52267 0.26172 0.52046 0.26344 0.51571 0.26688 0.51033 0.26860 0.50653 0.26653 0.48597 0.26241 0.45497 0.25932 0.42934 0.25554 0.39043 0.25571 0.37461 0.25605 0.36512 0.25451 0.35499 0.25210 0.34677 0.24849 0.33918 0.24574 0.33348 0.24282 0.33095 0.24076 0.33538 0.24007 0.34519 0.23887 0.35626
4 0.61662 0.64935 0.62075 0.64175 0.62676 0.63258 0.63037 0.62530 0.63106 0.61138 0.63243 0.59461 0.63415 0.57721 0.63483 0.56456 0.63604 0.55285 0.63758 0.54210 0.63965 0.53071 0.63923 0.51883 0.63305 0.51337 0.62661 0.50289 0.62340 0.49560 0.62216 0.50516 0.62018 0.51883 0.61671 0.53341 0.61276 0.54617 0.61152 0.55391 0.60781 0.56074 0.60484 0.56485 0.59964 0.56894 0.59173 0.57213 0.58208 0.57168 0.58174 0.57563 0.57951 0.58924 0.57762 0.60822 0.57710 0.61802 0.57796 0.62657 0.58157 0.62942 0.59051 0.63986 0.59738 0.64840 0.60563 0.65694 0.60992 0.65662 0.61662 0.64935
4 0.73431 0.50761 0.73638 0.51615 0.73861 0.51963 0.74222 0.52501 0.74789 0.53071 0.75219 0.53292 0.75562 0.53609 0.75906 0.53482 0.76576 0.52090 0.76782 0.51299 0.77211 0.49306 0.77418 0.48104 0.77504 0.45794 0.77624 0.44086 0.77813 0.41935 0.77830 0.40194 0.77813 0.38644 0.77727 0.36936 0.77624 0.35480 0.77452 0.35385 0.76971 0.35955 0.76387 0.36746 0.75906 0.37663 0.75493 0.38517 0.74961 0.39562 0.74548 0.40795 0.74290 0.41223 0.74240 0.42681 0.74141 0.43774 0.73894 0.45141 0.73646 0.46325 0.73399 0.47829 0.73151 0.48876 0.73191 0.49812 0.73431 0.50761
4 0.50785 0.41086 0.50290 0.41861 0.50018 0.42954 0.50018 0.44412 0.50167 0.46690 0.50142 0.48603 0.50266 0.50562 0.50241 0.51883 0.50241 0.53615 0.50216 0.55072 0.50216 0.55892 0.50612 0.56575 0.50909 0.56804 0.52097 0.56940 0.54175 0.56894 0.55338 0.56894 0.55907 0.56849 0.56402 0.56575 0.57045 0.56302 0.57540 0.56712 0.58208 0.57168 0.59173 0.57213 0.59964 0.56894 0.60484 0.56485 0.60781 0.56074 0.61152 0.55391 0.61276 0.54617 0.61671 0.53341 0.62018 0.51883 0.62216 0.50516 0.62315 0.48967 0.62216 0.47601 0.62117 0.45687 0.62067 0.44640 0.61919 0.43136 0.61721 0.41771 0.61523 0.40357 0.61053 0.38398 0.59989 0.35209 0.59593 0.33569 0.58752 0.32111 0.58183 0.31382 0.57218 0.31291 0.56030 0.31565 0.55041 0.32248 0.54051 0.33524 0.53358 0.35072 0.52765 0.36940 0.52097 0.38444 0.51305 0.39856 0.50785 0.41086
4 0.69515 0.38672 0.69317 0.39400 0.69143 0.40038 0.68822 0.40767 0.68698 0.41678 0.68896 0.43273 0.69020 0.44867 0.69069 0.46234 0.68995 0.47510 0.68970 0.48011 0.69440 0.48785 0.69885 0.49833 0.70331 0.51337 0.70578 0.52293 0.71271 0.52840 0.71617 0.53341 0.71840 0.53386 0.72162 0.52840 0.72285 0.52202 0.72508 0.50972 0.72756 0.49787 0.73151 0.48876 0.73399 0.47829 0.73646 0.46325 0.73894 0.45141 0.74141 0.43774 0.74240 0.42681 0.74290 0.41223 0.74339 0.39583 0.74488 0.36986 0.74463 0.35847 0.74413 0.33751 0.73993 0.30836 0.73325 0.30517 0.72805 0.30562 0.72335 0.30972 0.71568 0.32430 0.71048 0.33660 0.70628 0.34663 0.70480 0.36303 0.70059 0.37760 0.69688 0.38353 0.69515 0.38672
4 0.32655 0.35983 0.32263 0.37122 0.31995 0.38754 0.31747 0.39893 0.31582 0.40538 0.31417 0.41108 0.31314 0.42665 0.31314 0.43500 0.31273 0.44373 0.31129 0.44791 0.30922 0.45778 0.30922 0.46689 0.31005 0.47638 0.31088 0.48132 0.31088 0.48777 0.31129 0.49650 0.31088 0.50751 0.31191 0.51434 0.31356 0.52156 0.31830 0.52611 0.32593 0.53067 0.33623 0.53561 0.34304 0.53561 0.34964 0.53257 0.35603 0.53105 0.36077 0.52536 0.36592 0.52042 0.37108 0.50979 0.37438 0.50106 0.37809 0.49726 0.37933 0.49726 0.37974 0.47334 0.38098 0.44753 0.38221 0.42741 0.37994 0.40728 0.37520 0.39552 0.36840 0.37843 0.36283 0.36552 0.35706 0.35527 0.34964 0.34806 0.34469 0.34578 0.33850 0.34578 0.33273 0.34958 0.32655 0.35983
4 0.39361 0.65251 0.40271 0.65504 0.40907 0.65504 0.41440 0.65377 0.41904 0.64523 0.42333 0.63416 0.42883 0.61897 0.43089 0.60537 0.43038 0.59367 0.42893 0.56256 0.41878 0.56302 0.40864 0.56348 0.39850 0.56348 0.39256 0.56348 0.38934 0.55710 0.38662 0.54981 0.38440 0.54389 0.38266 0.53295 0.38192 0.52430 0.38093 0.50562 0.37933 0.49726 0.37809 0.49726 0.37438 0.50106 0.37108 0.50979 0.36835 0.51615 0.36801 0.52596 0.36732 0.54526 0.36749 0.56266 0.36680 0.58133 0.36560 0.60094 0.36680 0.61739 0.36904 0.63922 0.37282 0.64523 0.38261 0.64935 0.39361 0.65251
