4 0.20865 0.62463 0.21010 0.64014 0.21932 0.65758 0.22801 0.67180 0.23667 0.68290 0.25325 0.69004 0.26721 0.69399 0.27632 0.69404 0.28487 0.68775 0.29310 0.67690 0.29740 0.66126 0.29973 0.64982 0.29865 0.63367 0.28769 0.61075 0.27995 0.59876 0.27071 0.58966 0.26034 0.58280 0.24984 0.57837 0.24009 0.57578 0.23399 0.57481 0.22506 0.57861 0.21774 0.59030 0.21113 0.60731 0.20865 0.62463
4 0.62664 0.62346 0.63099 0.63873 0.63651 0.64829 0.64450 0.66032 0.65160 0.67638 0.65855 0.67852 0.66993 0.67407 0.68188 0.66277 0.68802 0.65193 0.70091 0.64460 0.71137 0.63445 0.71700 0.61867 0.71605 0.60323 0.71787 0.58685 0.72017 0.57888 0.71659 0.56859 0.71552 0.56217 0.70472 0.55803 0.69718 0.55301 0.68874 0.55203 0.67587 0.55763 0.66518 0.56427 0.65444 0.57125 0.64654 0.57834 0.63706 0.58725 0.63236 0.59554 0.62846 0.61194 0.62664 0.62346
4 0.57177 0.71826 0.57940 0.72433 0.59106 0.72965 0.59905 0.73022 0.60647 0.72445 0.61522 0.71855 0.62100 0.70835 0.62406 0.69563 0.62595 0.68864 0.63182 0.67463 0.63415 0.66320 0.63487 0.65532 0.62950 0.64648 0.61970 0.64424 0.61179 0.64646 0.59944 0.64554 0.58853 0.64694 0.57985 0.65078 0.56971 0.65889 0.55775 0.66533 0.55363 0.67163 0.55405 0.68211 0.55823 0.69354 0.56290 0.70678 0.57177 0.71826
4 0.13704 0.27259 0.13238 0.27567 0.12678 0.28312 0.12215 0.28933 0.11889 0.29507 0.11658 0.29817 0.10851 0.30801 0.10689 0.31331 0.10372 0.32010 0.10135 0.33015 0.09678 0.33602 0.09255 0.34299 0.09004 0.35718 0.09374 0.37166 0.09861 0.39188 0.10549 0.40269 0.11115 0.40810 0.11046 0.41737 0.11018 0.42740 0.11324 0.44420 0.11844 0.44920 0.12277 0.45474 0.13214 0.45484 0.14313 0.45450 0.15191 0.45172 0.15616 0.44788 0.16190 0.44288 0.17081 0.43596 0.17984 0.43322 0.18879 0.43429 0.19632 0.43444 0.20337 0.43104 0.21414 0.42719 0.22302 0.42374 0.23298 0.41837 0.23562 0.41323 0.23793 0.39866 0.23717 0.38534 0.23573 0.36983 0.23549 0.36146 0.23434 0.35225 0.23531 0.34615 0.23448 0.33491 0.23346 0.32328 0.23219 0.31649 0.23043 0.30787 0.22622 0.29991 0.22078 0.29315 0.21983 0.29091 0.21513 0.28774 0.21193 0.28654 0.20313 0.28618 0.19609 0.28785 0.19216 0.28306 0.18624 0.27934 0.18096 0.27815 0.17688 0.27925 0.17232 0.27679 0.16756 0.27395 0.16269 0.27179 0.15334 0.26996 0.14496 0.26863 0.13704 0.27259
2 0.14693 0.43803 0.15486 0.43295 0.16485 0.42527 0.17368 0.42033 0.17913 0.41826 0.18750 0.41155 0.18983 0.40607 0.19032 0.39834 0.19035 0.38665 0.18704 0.38100 0.18502 0.37410 0.17966 0.36984 0.17179 0.37225 0.16281 0.37814 0.14785 0.38601 0.14185 0.39042 0.13621 0.38563 0.13080 0.37941 0.12638 0.38310 0.11508 0.38862 0.11090 0.39308 0.11456 0.40462 0.11145 0.40925 0.11131 0.42629 0.11251 0.44525 0.11882 0.44698 0.12192 0.45162 0.12870 0.43880 0.13549 0.43865 0.14055 0.44019 0.14693 0.43803
4 0.82942 0.22069 0.83072 0.20423 0.83032 0.18541 0.82494 0.16510 0.81897 0.16000 0.80000 0.15317 0.78716 0.14870 0.76913 0.14411 0.75443 0.13831 0.73801 0.14161 0.71844 0.14511 0.70969 0.15102 0.69983 0.16891 0.69694 0.18547 0.69402 0.20723 0.68976 0.22427 0.69024 0.24588 0.69034 0.26500 0.68984 0.28297 0.69486 0.29072 0.70561 0.30180 0.71862 0.31011 0.72830 0.30817 0.74081 0.30320 0.74865 0.30305 0.76788 0.30332 0.78009 0.29692 0.78901 0.29486 0.80371 0.29580 0.81707 0.29861 0.82320 0.28951 0.82820 0.26287 0.83002 0.24649 0.83191 0.23289 0.82942 0.22069
4 0.52461 0.73476 0.53266 0.72839 0.53991 0.71877 0.54658 0.70628 0.54817 0.69125 0.54191 0.67984 0.52829 0.67699 0.51655 0.67548 0.50172 0.67209 0.48729 0.66946 0.47551 0.66655 0.47261 0.67825 0.47477 0.69421 0.47707 0.71264 0.48368 0.72515 0.50019 0.73436 0.51464 0.73526 0.52461 0.73476
4 0.44600 0.72786 0.45617 0.71627 0.46380 0.70429 0.47007 0.69104 0.47018 0.67717 0.45885 0.67467 0.44618 0.68066 0.42426 0.68587 0.40713 0.69045 0.39429 0.69258 0.38711 0.69839 0.38701 0.71713 0.39685 0.72737 0.40728 0.73388 0.42084 0.73707 0.43696 0.73233 0.44600 0.72786
4 0.30880 0.71099 0.32383 0.72136 0.33921 0.72623 0.35040 0.72626 0.36400 0.71279 0.37138 0.70562 0.37634 0.69738 0.37750 0.68506 0.37335 0.67016 0.36189 0.66522 0.35386 0.65839 0.34467 0.65555 0.33643 0.65494 0.32904 0.65724 0.31590 0.65794 0.30404 0.65884 0.29886 0.66358 0.29663 0.68093 0.29855 0.69513 0.30880 0.71099
4 0.19759 0.59579 0.21110 0.58612 0.22475 0.57231 0.23972 0.56495 0.24814 0.55621 0.25681 0.54092 0.26089 0.52177 0.25833 0.50504 0.25645 0.49224 0.25494 0.48367 0.25233 0.47387 0.24964 0.46616 0.24648 0.45489 0.24450 0.44763 0.23750 0.43923 0.23148 0.43445 0.22677 0.43128 0.22302 0.42374 0.21414 0.42719 0.20337 0.43104 0.19632 0.43444 0.18879 0.43429 0.17984 0.43322 0.17081 0.43596 0.16190 0.44288 0.15616 0.44788 0.15191 0.45172 0.15065 0.45638 0.14630 0.46576 0.14123 0.48128 0.13776 0.49497 0.14475 0.51171 0.15512 0.53176 0.16699 0.54892 0.17453 0.56540 0.17896 0.57860 0.18957 0.59382 0.19759 0.59579
4 0.71737 0.41730 0.71232 0.41962 0.70858 0.42181 0.70655 0.42148 0.70270 0.41949 0.69947 0.41689 0.69617 0.41463 0.69199 0.41640 0.68804 0.41994 0.68284 0.42815 0.67618 0.43890 0.67006 0.45287 0.66463 0.46416 0.65927 0.48484 0.65846 0.50312 0.66260 0.51316 0.66758 0.52610 0.67955 0.53772 0.68901 0.54373 0.70017 0.55384 0.71085 0.55553 0.72144 0.56102 0.72840 0.56803 0.73937 0.57116 0.74220 0.57300 0.75085 0.56117 0.75637 0.54607 0.76341 0.53121 0.76862 0.51640 0.77482 0.50523 0.77646 0.49646 0.77448 0.48434 0.77216 0.46938 0.77104 0.45670 0.76881 0.44941 0.76720 0.44151 0.76269 0.43211 0.75736 0.43127 0.74991 0.42731 0.74571 0.42421 0.74308 0.42275 0.73926 0.42215 0.73556 0.42087 0.73227 0.41861 0.72837 0.41695 0.72526 0.41681 0.72252 0.41603 0.71737 0.41730
