1 0.60266 0.46607 0.60269 0.46700 0.60324 0.46854 0.60374 0.46928 0.60390 0.47102 0.60424 0.47332 0.60510 0.47399 0.60579 0.47410 0.60609 0.47388 0.60643 0.47393 0.60747 0.47462 0.60811 0.47446 0.60866 0.47376 0.60914 0.47337 0.60978 0.47360 0.61027 0.47317 0.61120 0.47320 0.61205 0.47295 0.61295 0.47181 0.61374 0.47112 0.61420 0.46935 0.61408 0.46788 0.61302 0.46626 0.61186 0.46634 0.61138 0.46547 0.60970 0.46495 0.60801 0.46455 0.60652 0.46391 0.60524 0.46424 0.60276 0.46490 0.60266 0.46607
1 0.64394 0.47574 0.64278 0.47734 0.64403 0.47869 0.64745 0.47745 0.64638 0.48022 0.64750 0.48155 0.64753 0.48492 0.64815 0.48628 0.64907 0.48401 0.64941 0.48185 0.65087 0.48062 0.65261 0.47932 0.65287 0.47947 0.65160 0.48220 0.65034 0.48484 0.64965 0.48652 0.65078 0.48690 0.65175 0.48611 0.65325 0.48372 0.65457 0.48110 0.65499 0.48064 0.65607 0.48091 0.65725 0.48100 0.65840 0.48034 0.65984 0.47784 0.66022 0.47853 0.65875 0.48124 0.65795 0.48405 0.65898 0.48285 0.66071 0.47945 0.66305 0.47530 0.66370 0.47383 0.66646 0.46923 0.66833 0.46491 0.66986 0.46190 0.67120 0.45875 0.67199 0.45552 0.67288 0.45209 0.67358 0.44905 0.67442 0.44551 0.67463 0.44460 0.67263 0.44260 0.66962 0.44128 0.66595 0.44154 0.66310 0.44182 0.66002 0.44270 0.65819 0.44367 0.65600 0.44511 0.65256 0.44698 0.64943 0.44774 0.64679 0.44890 0.64222 0.45080 0.64045 0.45136 0.63675 0.45403 0.63490 0.45510 0.63294 0.45594 0.63272 0.45750 0.63256 0.45882 0.63492 0.46109 0.63662 0.46230 0.63659 0.46471 0.63666 0.46693 0.63859 0.46975 0.64153 0.47105 0.64373 0.47088 0.64490 0.47232 0.64472 0.47345 0.64394 0.47574
1 0.61837 0.46028 0.61874 0.45942 0.61904 0.45795 0.61890 0.45778 0.61840 0.45775 0.61805 0.45820 0.61780 0.45857 0.61747 0.45912 0.61772 0.45987 0.61796 0.46031 0.61837 0.46028
1 0.62578 0.46405 0.62640 0.46308 0.62714 0.46143 0.62815 0.46017 0.62963 0.45828 0.63033 0.45723 0.63004 0.46057 0.63061 0.46163 0.63143 0.46284 0.63272 0.45750 0.63293 0.45172 0.63183 0.44640 0.63003 0.44110 0.62888 0.44060 0.62689 0.44144 0.62582 0.44330 0.62451 0.44542 0.62431 0.44772 0.62499 0.44965 0.62521 0.45333 0.62465 0.45774 0.62451 0.46182 0.62508 0.46379 0.62578 0.46405
1 0.55573 0.43941 0.55707 0.43800 0.55753 0.43655 0.55762 0.43556 0.55702 0.43425 0.55605 0.43399 0.55541 0.43465 0.55468 0.43585 0.55419 0.43699 0.55422 0.43851 0.55464 0.43969 0.55573 0.43941
4 0.66348 0.48230 0.66498 0.48254 0.66696 0.48243 0.66889 0.48169 0.67047 0.48057 0.67345 0.47810 0.67589 0.47640 0.67793 0.47409 0.67950 0.47214 0.68156 0.46889 0.68293 0.46638 0.68502 0.46293 0.68704 0.45948 0.68911 0.45655 0.69097 0.45453 0.69208 0.45282 0.69385 0.45005 0.69346 0.44810 0.69117 0.44795 0.68822 0.44937 0.68485 0.45073 0.68160 0.45231 0.67748 0.45491 0.67452 0.45633 0.67183 0.45738 0.67120 0.45875 0.66986 0.46190 0.66833 0.46491 0.66646 0.46923 0.66370 0.47383 0.66305 0.47530 0.66107 0.47898 0.66189 0.47995 0.66348 0.48230
1 0.62021 0.47464 0.62075 0.47463 0.62151 0.47429 0.62223 0.47385 0.62273 0.47322 0.62305 0.47246 0.62317 0.47172 0.62358 0.47103 0.62380 0.47076 0.62402 0.47039 0.62416 0.46955 0.62426 0.46865 0.62433 0.46801 0.62455 0.46748 0.62459 0.46678 0.62435 0.46639 0.62389 0.46591 0.62286 0.46580 0.62213 0.46634 0.62131 0.46727 0.62041 0.46804 0.62022 0.46902 0.61996 0.47070 0.61983 0.47215 0.61963 0.47359 0.61965 0.47435 0.62021 0.47464
4 0.53813 0.47048 0.53826 0.47552 0.53980 0.47950 0.54185 0.48125 0.54528 0.48291 0.54880 0.48410 0.55393 0.48570 0.55816 0.48700 0.56346 0.48753 0.56889 0.48792 0.57280 0.48727 0.57618 0.48591 0.57948 0.48374 0.58259 0.47947 0.58485 0.47587 0.58718 0.47054 0.58929 0.46452 0.59065 0.45730 0.59138 0.45266 0.59208 0.44754 0.59139 0.44330 0.58787 0.43880 0.58355 0.43542 0.57942 0.43305 0.57470 0.42937 0.56686 0.42715 0.55917 0.42872 0.55276 0.43274 0.54762 0.43876 0.54372 0.44163 0.54143 0.44671 0.53820 0.45890 0.53793 0.46472 0.53813 0.47048
4 0.45664 0.40984 0.45679 0.41418 0.45709 0.42051 0.45957 0.42482 0.46117 0.42883 0.46276 0.43174 0.46645 0.43428 0.47023 0.43683 0.47519 0.43901 0.47943 0.43926 0.48267 0.43643 0.48597 0.43262 0.48912 0.42684 0.49100 0.42086 0.49290 0.41530 0.48829 0.41094 0.48484 0.40397 0.48290 0.39739 0.47957 0.39197 0.47625 0.38768 0.47353 0.38488 0.46925 0.38489 0.46455 0.38932 0.46035 0.39409 0.45865 0.39773 0.45790 0.40306 0.45664 0.40984
4 0.64165 0.56647 0.64390 0.57173 0.64462 0.57604 0.64966 0.57439 0.65159 0.57400 0.65477 0.57310 0.65927 0.57040 0.66211 0.56796 0.66492 0.56420 0.66761 0.56157 0.66858 0.55954 0.67030 0.55753 0.67248 0.55482 0.67325 0.55328 0.67170 0.54866 0.66908 0.54309 0.66720 0.53876 0.66470 0.53285 0.66171 0.53107 0.65858 0.53285 0.65572 0.53615 0.65352 0.53975 0.65177 0.54340 0.64947 0.54654 0.64728 0.54855 0.64658 0.55185 0.64428 0.55280 0.64050 0.55422 0.63756 0.55506 0.63797 0.55801 0.63967 0.56126 0.64165 0.56647
4 0.41175 0.49647 0.40978 0.49860 0.40808 0.50052 0.40600 0.50334 0.40452 0.50678 0.40304 0.50952 0.40133 0.51144 0.39980 0.51303 0.39870 0.51592 0.39804 0.51896 0.39760 0.52100 0.39885 0.52268 0.40105 0.52460 0.40409 0.52753 0.40654 0.52976 0.40829 0.53082 0.41080 0.53192 0.41306 0.53236 0.41497 0.53319 0.41752 0.53587 0.42079 0.53954 0.42246 0.54225 0.42362 0.54488 0.42503 0.54852 0.42652 0.54753 0.42865 0.54550 0.43069 0.54478 0.43106 0.54431 0.43080 0.54296 0.43098 0.54072 0.43151 0.53704 0.43126 0.53455 0.43102 0.53057 0.43125 0.52833 0.43032 0.52504 0.42967 0.52179 0.42777 0.51650 0.42666 0.51317 0.42436 0.50852 0.42255 0.50448 0.42131 0.50095 0.42071 0.49920 0.41940 0.49750 0.41716 0.49583 0.41539 0.49486 0.41404 0.49525 0.41175 0.49647
4 0.62181 0.55646 0.62049 0.55435 0.61918 0.55371 0.61746 0.55570 0.61560 0.55825 0.61448 0.56222 0.61481 0.56351 0.61605 0.56429 0.61715 0.56651 0.61777 0.56850 0.61838 0.57108 0.61870 0.57485 0.61833 0.57843 0.61825 0.58140 0.61822 0.58498 0.61840 0.58785 0.61852 0.58918 0.62034 0.58910 0.62270 0.58831 0.62510 0.58723 0.62883 0.58607 0.63157 0.58439 0.63381 0.58314 0.63704 0.58183 0.63862 0.58040 0.64022 0.57920 0.64187 0.57830 0.64315 0.57762 0.64462 0.57604 0.64390 0.57173 0.64165 0.56647 0.63967 0.56126 0.63783 0.55936 0.63598 0.55812 0.63356 0.55745 0.63173 0.55766 0.62937 0.55904 0.62745 0.56107 0.62572 0.56247 0.62470 0.56275 0.62384 0.56086 0.62319 0.55879 0.62181 0.55646
4 0.50499 0.56617 0.50445 0.56900 0.50457 0.57040 0.50437 0.57226 0.50326 0.57311 0.50284 0.57399 0.50335 0.57538 0.50433 0.57867 0.50465 0.58244 0.50610 0.58559 0.50859 0.58832 0.51043 0.59167 0.51355 0.59318 0.51750 0.59490 0.52020 0.59569 0.52312 0.59594 0.52498 0.59557 0.52856 0.59381 0.53025 0.59145 0.53230 0.58828 0.53325 0.58603 0.53416 0.58274 0.53453 0.58068 0.53420 0.57969 0.53471 0.57743 0.53514 0.57531 0.53522 0.57358 0.53542 0.57142 0.53510 0.57006 0.53527 0.56834 0.53578 0.56630 0.53576 0.56433 0.53531 0.56164 0.53307 0.56041 0.52951 0.55868 0.52560 0.55697 0.52040 0.55483 0.51643 0.55318 0.51426 0.55218 0.51191 0.55137 0.51013 0.55342 0.50819 0.55647 0.50721 0.55894 0.50619 0.55958 0.50575 0.56176 0.50499 0.56617
4 0.54079 0.57460 0.53995 0.57717 0.53889 0.57890 0.53814 0.57965 0.53780 0.58026 0.53797 0.58320 0.53848 0.58641 0.53924 0.58989 0.54072 0.59435 0.54187 0.59818 0.54304 0.60026 0.54569 0.60104 0.54749 0.60104 0.55057 0.60057 0.55367 0.60005 0.55679 0.60003 0.55971 0.59969 0.56271 0.59915 0.56588 0.59877 0.56845 0.59816 0.57085 0.59708 0.57272 0.59665 0.57355 0.59605 0.57329 0.59433 0.57318 0.59191 0.57395 0.58926 0.57452 0.58593 0.57498 0.58301 0.57504 0.58018 0.57489 0.57717 0.57444 0.57505 0.57348 0.57257 0.57253 0.57023 0.57126 0.56850 0.56988 0.56704 0.56794 0.56578 0.56637 0.56437 0.56520 0.56382 0.56348 0.56355 0.56235 0.56307 0.55990 0.56109 0.55751 0.56012 0.55479 0.55984 0.55220 0.55994 0.54918 0.56063 0.54663 0.56139 0.54495 0.56214 0.54339 0.56496 0.54236 0.56837 0.54155 0.57130 0.54079 0.57460
4 0.64222 0.45080 0.64045 0.45136 0.63675 0.45403 0.63490 0.45510 0.63294 0.45594 0.63272 0.45750 0.63143 0.46284 0.63039 0.46499 0.63070 0.46787 0.63141 0.47134 0.63178 0.47434 0.63303 0.47968 0.63389 0.48307 0.63510 0.48473 0.63588 0.48685 0.63692 0.48912 0.63779 0.49251 0.63869 0.49433 0.63979 0.49576 0.64157 0.49646 0.64376 0.49681 0.64577 0.49692 0.64752 0.49604 0.65048 0.49410 0.65260 0.49223 0.65462 0.48961 0.65670 0.48668 0.65898 0.48285 0.66071 0.47945 0.66305 0.47530 0.66370 0.47383 0.66646 0.46923 0.66833 0.46491 0.66986 0.46190 0.67120 0.45875 0.67199 0.45552 0.67288 0.45209 0.67358 0.44905 0.67442 0.44551 0.67463 0.44460 0.67263 0.44260 0.66962 0.44128 0.66595 0.44154 0.66310 0.44182 0.66002 0.44270 0.65819 0.44367 0.65600 0.44511 0.65256 0.44698 0.64943 0.44774 0.64679 0.44890 0.64222 0.45080
1 0.52768 0.42408 0.52815 0.42284 0.52843 0.42192 0.52788 0.42158 0.52720 0.42183 0.52668 0.42255 0.52623 0.42471 0.52664 0.42640 0.52750 0.42522 0.52768 0.42408
1 0.42235 0.39520 0.42265 0.39474 0.42318 0.39421 0.42291 0.39549 0.42330 0.39596 0.42407 0.39603 0.42489 0.39555 0.42545 0.39498 0.42571 0.39502 0.42589 0.39647 0.42567 0.39765 0.42560 0.39895 0.42562 0.39987 0.42622 0.40077 0.42658 0.40103 0.42678 0.40045 0.42696 0.40013 0.42765 0.40049 0.42815 0.40072 0.42884 0.40083 0.42948 0.40088 0.42976 0.39997 0.42982 0.39896 0.43009 0.39916 0.42996 0.40040 0.43004 0.40138 0.43039 0.40214 0.43158 0.40319 0.43238 0.40408 0.43307 0.40459 0.43354 0.40401 0.43403 0.40322 0.43434 0.40277 0.43497 0.40221 0.43556 0.40144 0.43580 0.40057 0.43614 0.39996 0.43658 0.40100 0.43743 0.40032 0.43809 0.39830 0.43762 0.39676 0.43703 0.39454 0.43576 0.39317 0.43540 0.39246 0.43461 0.39061 0.43376 0.38982 0.43282 0.38916 0.43237 0.38858 0.43232 0.38807 0.43221 0.38638 0.43156 0.38562 0.43078 0.38545 0.43014 0.38560 0.42912 0.38584 0.42918 0.38676 0.42936 0.38735 0.42883 0.38772 0.42822 0.38752 0.42772 0.38704 0.42690 0.38670 0.42614 0.38699 0.42491 0.38776 0.42419 0.38825 0.42382 0.38885 0.42347 0.38960 0.42330 0.39069 0.42293 0.39170 0.42273 0.39045 0.42207 0.39055 0.42147 0.39070 0.42098 0.39103 0.42048 0.39293 0.42024 0.39355 0.42027 0.39679 0.42105 0.39570 0.42144 0.39556 0.42157 0.39538 0.42181 0.39476 0.42189 0.39467 0.42210 0.39480 0.42235 0.39520
4 0.39677 0.37900 0.39863 0.38306 0.39967 0.38532 0.40175 0.39221 0.40352 0.39626 0.40741 0.40050 0.40931 0.40025 0.41150 0.39934 0.41385 0.39803 0.41810 0.39647 0.42015 0.39526 0.42093 0.37626 0.41822 0.36635 0.41660 0.35660 0.41419 0.34826 0.40851 0.34890 0.40424 0.35296 0.39925 0.35566 0.39644 0.35815 0.39619 0.36677 0.39626 0.37515 0.39677 0.37900
1 0.51935 0.46601 0.52002 0.46627 0.52054 0.46594 0.52066 0.46581 0.52091 0.46448 0.52095 0.46338 0.52096 0.46221 0.52056 0.46114 0.51980 0.46036 0.51880 0.45969 0.51829 0.45946 0.51755 0.45950 0.51710 0.46059 0.51717 0.46121 0.51767 0.46210 0.51842 0.46272 0.51874 0.46303 0.51880 0.46395 0.51857 0.46497 0.51883 0.46567 0.51935 0.46601
4 0.42052 0.40704 0.42042 0.40884 0.42131 0.41205 0.42188 0.41605 0.42273 0.42009 0.42419 0.42382 0.42586 0.42617 0.42792 0.42790 0.43016 0.42839 0.43176 0.42767 0.43441 0.42627 0.43577 0.42411 0.43787 0.42263 0.44310 0.41955 0.44623 0.41740 0.44925 0.41481 0.45223 0.41067 0.45544 0.40685 0.45680 0.40469 0.45696 0.40137 0.45724 0.39723 0.45630 0.39317 0.45369 0.39206 0.44595 0.38218 0.44296 0.37752 0.43859 0.37222 0.43244 0.36762 0.42564 0.36529 0.42293 0.36597 0.42153 0.37245 0.42093 0.37626 0.42015 0.39526 0.42031 0.40073 0.42052 0.40704
4 0.47675 0.54325 0.47528 0.54484 0.47411 0.54735 0.47308 0.55047 0.47197 0.55438 0.47115 0.55804 0.47085 0.56054 0.47048 0.56194 0.46959 0.56326 0.46924 0.56517 0.46939 0.56818 0.46979 0.57058 0.47073 0.57422 0.47167 0.57744 0.47347 0.58020 0.47629 0.58298 0.47865 0.58467 0.48273 0.58590 0.48492 0.58617 0.48701 0.58585 0.48869 0.58502 0.49062 0.58518 0.49222 0.58397 0.49454 0.58091 0.49563 0.57897 0.49766 0.57630 0.49902 0.57382 0.49952 0.57222 0.50000 0.57011 0.50100 0.56874 0.50223 0.56609 0.50304 0.56316 0.50356 0.56047 0.50410 0.55772 0.50412 0.55575 0.50442 0.55325 0.50449 0.55122 0.50435 0.54908 0.50285 0.54782 0.49910 0.54752 0.49588 0.54701 0.49170 0.54642 0.48942 0.54577 0.48810 0.54520 0.48730 0.54631 0.48584 0.54600 0.48509 0.54515 0.48468 0.54472 0.48288 0.54444 0.48038 0.54390 0.47759 0.54345 0.47675 0.54325
4 0.39084 0.47496 0.38955 0.47572 0.38737 0.47644 0.38470 0.47814 0.38212 0.47844 0.37944 0.48197 0.37772 0.48514 0.37668 0.48786 0.37614 0.48914 0.37577 0.49065 0.37542 0.49176 0.37527 0.49270 0.37528 0.49351 0.37544 0.49445 0.37622 0.49547 0.37807 0.49813 0.38082 0.50215 0.38279 0.50518 0.38496 0.50806 0.38805 0.51170 0.39041 0.51408 0.39333 0.51664 0.39501 0.51857 0.39760 0.52100 0.39804 0.51896 0.39870 0.51592 0.39980 0.51303 0.40133 0.51144 0.40304 0.50952 0.40452 0.50678 0.40600 0.50334 0.40808 0.50052 0.40978 0.49860 0.41175 0.49647 0.41404 0.49525 0.41425 0.49398 0.41430 0.49180 0.41375 0.48935 0.41275 0.48683 0.41115 0.48482 0.40925 0.48391 0.40766 0.48366 0.40586 0.48468 0.40431 0.48488 0.40351 0.48335 0.40204 0.48084 0.40136 0.47847 0.40028 0.47575 0.39944 0.47404 0.39833 0.47370 0.39598 0.47341 0.39326 0.47368 0.39084 0.47496
4 0.63293 0.45172 0.63183 0.44640 0.63003 0.44110 0.62687 0.43716 0.62098 0.43768 0.61769 0.43900 0.61360 0.44258 0.60852 0.44574 0.60046 0.44829 0.59761 0.45127 0.59686 0.45486 0.59613 0.46174 0.59652 0.46761 0.59716 0.47299 0.59861 0.47719 0.60015 0.47915 0.60471 0.48145 0.60839 0.48269 0.60981 0.48371 0.61122 0.48261 0.61720 0.48211 0.62209 0.48011 0.62566 0.47539 0.62749 0.47106 0.63143 0.46284 0.63272 0.45750 0.63293 0.45172
4 0.59490 0.56743 0.59310 0.56831 0.59116 0.56924 0.58883 0.57077 0.58721 0.57241 0.58465 0.57412 0.58231 0.57695 0.58112 0.57925 0.57981 0.58137 0.57812 0.58555 0.57726 0.58738 0.57646 0.58842 0.57506 0.58987 0.57520 0.59085 0.57699 0.59368 0.57889 0.59668 0.58065 0.59695 0.58404 0.59728 0.58891 0.59601 0.59252 0.59563 0.59575 0.59454 0.59783 0.59341 0.60075 0.59394 0.60412 0.59389 0.60780 0.59338 0.61016 0.59318 0.61302 0.59261 0.61465 0.59214 0.61690 0.59147 0.61841 0.59018 0.61852 0.58918 0.61840 0.58785 0.61822 0.58498 0.61825 0.58140 0.61833 0.57843 0.61870 0.57485 0.61838 0.57108 0.61777 0.56850 0.61715 0.56651 0.61605 0.56429 0.61481 0.56351 0.61405 0.56310 0.61233 0.56232 0.61021 0.56184 0.60806 0.56135 0.60607 0.56133 0.60520 0.56163 0.60362 0.56210 0.60160 0.56375 0.59970 0.56476 0.59704 0.56617 0.59490 0.56743
4 0.43473 0.53762 0.43412 0.53898 0.43339 0.54083 0.43247 0.54360 0.43215 0.54530 0.43145 0.54635 0.43088 0.54750 0.43048 0.55057 0.43136 0.55429 0.43277 0.55640 0.43547 0.55873 0.43922 0.56107 0.44342 0.56342 0.44774 0.56556 0.45127 0.56728 0.45432 0.56856 0.45672 0.56931 0.45903 0.56924 0.46164 0.56622 0.46316 0.56457 0.46448 0.56296 0.46575 0.56112 0.46549 0.55940 0.46484 0.55770 0.46522 0.55440 0.46579 0.54983 0.46629 0.54604 0.46655 0.54287 0.46654 0.54083 0.46631 0.53890 0.46618 0.53757 0.46488 0.53590 0.46271 0.53367 0.46046 0.53098 0.45536 0.52820 0.45312 0.52763 0.45156 0.52738 0.45060 0.52759 0.44882 0.52869 0.44567 0.53111 0.44223 0.53290 0.43924 0.53490 0.43700 0.53644 0.43548 0.53715 0.43473 0.53762
1 0.59852 0.46053 0.59876 0.46153 0.59941 0.46153 0.60050 0.46079 0.60090 0.46000 0.60104 0.45951 0.60114 0.45847 0.60091 0.45823 0.60016 0.45806 0.59944 0.45815 0.59896 0.45878 0.59866 0.45985 0.59852 0.46053
4 0.49385 0.45453 0.49836 0.45957 0.50243 0.46385 0.50518 0.46707 0.50793 0.46667 0.51074 0.46362 0.51491 0.46080 0.51724 0.46200 0.51819 0.46480 0.51907 0.46746 0.52241 0.47161 0.52538 0.47348 0.52953 0.47190 0.53192 0.46977 0.53341 0.46624 0.53439 0.46472 0.53575 0.46144 0.53744 0.45725 0.53915 0.45110 0.54010 0.44511 0.54054 0.44001 0.54050 0.43554 0.53892 0.43026 0.53680 0.42602 0.53532 0.42243 0.53366 0.41882 0.52908 0.41838 0.52434 0.41595 0.51978 0.41244 0.51338 0.41114 0.50478 0.41201 0.49978 0.41360 0.49629 0.41681 0.49500 0.42554 0.49310 0.43641 0.49214 0.44421 0.49255 0.45041 0.49385 0.45453
