1 0.39346 0.76118 0.39349 0.75608 0.39349 0.74928 0.39272 0.74309 0.38756 0.74285 0.38525 0.74860 0.38347 0.75541 0.38334 0.76122 0.38411 0.76741 0.38830 0.77164 0.38980 0.76967 0.39346 0.76118
4 0.53514 0.40455 0.53194 0.44058 0.52127 0.49438 0.51670 0.53133 0.51761 0.57791 0.51640 0.62197 0.51883 0.68866 0.52493 0.71606 0.53529 0.73079 0.55556 0.74138 0.57827 0.74789 0.59382 0.74344 0.60616 0.75292 0.62064 0.76490 0.64549 0.76950 0.65951 0.77147 0.67414 0.76911 0.68527 0.76514 0.70645 0.76480 0.72962 0.76363 0.75004 0.75544 0.76346 0.73963 0.77976 0.71649 0.78860 0.69783 0.79790 0.66264 0.80674 0.61302 0.81314 0.57632 0.81405 0.54327 0.81558 0.51031 0.81634 0.47393 0.81649 0.43745 0.81451 0.40732 0.81314 0.37284 0.80948 0.33694 0.80460 0.30529 0.79973 0.27365 0.79363 0.25067 0.78647 0.23086 0.77747 0.21522 0.74989 0.19918 0.72870 0.19068 0.69837 0.19416 0.67383 0.20066 0.65311 0.21986 0.63466 0.24049 0.61226 0.25836 0.58315 0.30182 0.55907 0.34045 0.53743 0.38385 0.53514 0.40455
4 0.47662 0.49363 0.49124 0.49569 0.50786 0.48807 0.51609 0.46932 0.51898 0.43988 0.52112 0.40258 0.51457 0.36958 0.51182 0.34045 0.49825 0.28656 0.48942 0.25215 0.46442 0.20883 0.45360 0.18851 0.44003 0.16558 0.41854 0.15040 0.40086 0.14350 0.38532 0.13910 0.35819 0.14635 0.33883 0.16021 0.31810 0.18826 0.30088 0.22234 0.28244 0.25623 0.26902 0.28089 0.25043 0.31587 0.24312 0.34139 0.23230 0.37415 0.22528 0.39749 0.21904 0.43310 0.21462 0.47782 0.20501 0.48864 0.19801 0.53410 0.18931 0.58264 0.19160 0.61946 0.20441 0.64780 0.21431 0.65692 0.22422 0.65279 0.23839 0.64925 0.24983 0.65196 0.26964 0.66581 0.28991 0.67640 0.31064 0.68374 0.33060 0.68322 0.36230 0.67884 0.37419 0.67829 0.38212 0.66614 0.40041 0.65986 0.41138 0.63929 0.41062 0.61816 0.40590 0.58985 0.41062 0.54739 0.41809 0.52080 0.42754 0.50664 0.44293 0.49885 0.46137 0.49149 0.47662 0.49363
4 0.53453 0.83423 0.54736 0.79456 0.55943 0.75663 0.56108 0.74119 0.55556 0.74138 0.53529 0.73079 0.52493 0.71606 0.51883 0.68866 0.51640 0.62197 0.51761 0.57791 0.51670 0.53133 0.52127 0.49438 0.50786 0.48807 0.49124 0.49569 0.47662 0.49363 0.46137 0.49149 0.44293 0.49885 0.43293 0.50663 0.42594 0.53052 0.41680 0.56978 0.41083 0.60489 0.41062 0.61816 0.41138 0.63929 0.40041 0.65986 0.39533 0.69670 0.39076 0.73661 0.38454 0.77352 0.38327 0.81204 0.38479 0.86018 0.38505 0.89892 0.39318 0.94798 0.39864 0.97548 0.41236 0.99260 0.42343 0.99415 0.43953 0.99413 0.45681 0.99655 0.47281 0.97852 0.49313 0.94083 0.51422 0.88667 0.53453 0.83423
4 0.00000 0.63596 0.01511 0.65436 0.03599 0.66504 0.06678 0.65831 0.10168 0.65326 0.13521 0.63585 0.15853 0.62476 0.16874 0.60519 0.17347 0.57157 0.17087 0.51480 0.16554 0.47313 0.16142 0.44049 0.16874 0.41940 0.19114 0.41038 0.20395 0.42546 0.21477 0.43250 0.22132 0.41684 0.22391 0.38071 0.21218 0.35805 0.19618 0.32152 0.18581 0.28910 0.17941 0.26387 0.17407 0.23990 0.17422 0.21227 0.16112 0.17283 0.15228 0.15611 0.13124 0.14652 0.09863 0.15299 0.08354 0.17631 0.06098 0.21295 0.03736 0.29256 0.02288 0.34251 0.01525 0.35653 0.00000 0.46504 0.00000 0.63596
4 0.66275 1.00000 0.67203 0.98501 0.68389 0.95903 0.69289 0.94110 0.70326 0.92566 0.71204 0.90923 0.72178 0.88602 0.73522 0.84875 0.74369 0.81922 0.75343 0.78680 0.76306 0.75206 0.76346 0.73963 0.75004 0.75544 0.72962 0.76363 0.70645 0.76480 0.68527 0.76514 0.67414 0.76911 0.65951 0.77147 0.64549 0.76950 0.62064 0.76490 0.60616 0.75292 0.59382 0.74344 0.57827 0.74789 0.57106 0.74811 0.56619 0.76433 0.55984 0.78493 0.55412 0.81331 0.55285 0.82542 0.55613 0.85122 0.56037 0.88253 0.56619 0.91177 0.56926 0.94830 0.57551 0.98373 0.57878 1.00000 0.66275 1.00000
4 0.17459 0.88133 0.19542 0.83633 0.20939 0.80328 0.21637 0.79412 0.21523 0.75802 0.21345 0.72644 0.21333 0.69785 0.21333 0.67574 0.21431 0.65692 0.20441 0.64780 0.19160 0.61946 0.18931 0.58264 0.19801 0.53410 0.20501 0.48864 0.19491 0.47870 0.16554 0.47313 0.17087 0.51480 0.17347 0.57157 0.16874 0.60519 0.15853 0.62476 0.13521 0.63585 0.10168 0.65326 0.06678 0.65831 0.04110 0.66627 0.04529 0.71018 0.04834 0.76221 0.04555 0.81895 0.05177 0.85945 0.06980 0.91543 0.07781 0.94329 0.13268 0.95100 0.14614 0.93999 0.15897 0.91875 0.17459 0.88133
4 0.24737 0.95329 0.25410 0.96806 0.27239 0.97063 0.29436 0.96543 0.31354 0.95430 0.33780 0.91808 0.35456 0.87620 0.36803 0.84308 0.37692 0.81668 0.38454 0.77352 0.39076 0.73661 0.39533 0.69670 0.40041 0.65986 0.38212 0.66614 0.37419 0.67829 0.36230 0.67884 0.33060 0.68322 0.31064 0.68374 0.28991 0.67640 0.26964 0.66581 0.24983 0.65196 0.23839 0.64925 0.22422 0.65279 0.21431 0.65692 0.21333 0.67574 0.21333 0.69785 0.21345 0.72644 0.21523 0.75802 0.21637 0.79412 0.21942 0.82035 0.22501 0.85800 0.22502 0.88749 0.23111 0.92889 0.23784 0.95103 0.24737 0.95329
4 0.88404 1.00000 0.88414 0.99946 0.88372 0.96561 0.88658 0.92992 0.89017 0.88281 0.89261 0.85934 0.89597 0.84193 0.89986 0.81848 0.90199 0.79265 0.90626 0.76658 0.90688 0.75869 0.89103 0.75203 0.87655 0.74447 0.86130 0.73790 0.84469 0.72340 0.82686 0.70874 0.81665 0.70620 0.79927 0.70596 0.78860 0.69783 0.77976 0.71649 0.76346 0.73963 0.76306 0.75206 0.75343 0.78680 0.74369 0.81922 0.73522 0.84875 0.72919 0.87632 0.73099 0.89423 0.73818 0.91367 0.74443 0.94910 0.75374 0.96578 0.76221 0.98539 0.76589 1.00000 0.88404 1.00000
4 1.00000 0.23518 0.98796 0.21716 0.97652 0.20560 0.96540 0.20514 0.95046 0.21410 0.93217 0.22923 0.90870 0.25468 0.90154 0.27468 0.88736 0.31803 0.86968 0.35978 0.85170 0.39927 0.83250 0.41647 0.81649 0.43745 0.81634 0.47393 0.81558 0.51031 0.81405 0.54327 0.81314 0.57632 0.80674 0.61302 0.79790 0.66264 0.78860 0.69783 0.79927 0.70596 0.81665 0.70620 0.82686 0.70874 0.84469 0.72340 0.86130 0.73790 0.87655 0.74447 0.89103 0.75203 0.90688 0.75869 0.91419 0.75971 0.92501 0.75792 0.94025 0.74679 0.95290 0.73198 0.96784 0.70532 0.97698 0.68891 0.97901 0.68430 1.00000 0.53496 1.00000 0.23518
1 0.18632 0.43235 0.18541 0.43878 0.19050 0.43899 0.19160 0.44721 0.19035 0.45688 0.19209 0.46685 0.19735 0.47319 0.20166 0.47743 0.20505 0.47378 0.20670 0.46696 0.20710 0.45826 0.20968 0.43966 0.20064 0.43336 0.19375 0.43390 0.18632 0.43235
