4 0.52097 0.35557 0.52003 0.36920 0.52023 0.38231 0.52120 0.39533 0.52078 0.40986 0.52038 0.42623 0.52347 0.43321 0.52907 0.43633 0.53792 0.43681 0.54460 0.43208 0.55219 0.42338 0.56063 0.41358 0.56600 0.40620 0.57108 0.39823 0.57508 0.39105 0.57757 0.38536 0.57924 0.37686 0.57862 0.36679 0.57841 0.36073 0.57509 0.35474 0.57079 0.34853 0.56217 0.34131 0.55551 0.33324 0.55077 0.32771 0.54476 0.32318 0.53892 0.32366 0.53278 0.32669 0.52615 0.33247 0.52317 0.34093 0.52097 0.35557
4 0.29477 0.49327 0.29399 0.50876 0.29635 0.51505 0.30373 0.52067 0.31412 0.52595 0.32315 0.52882 0.32969 0.52850 0.33437 0.52670 0.33944 0.52448 0.34609 0.51922 0.35193 0.51430 0.35640 0.50958 0.36093 0.50332 0.36463 0.49555 0.36683 0.48796 0.36831 0.48151 0.36992 0.47456 0.37052 0.46687 0.36780 0.45892 0.36234 0.45139 0.35712 0.44470 0.34958 0.43983 0.34112 0.43761 0.33124 0.43586 0.32531 0.43736 0.31904 0.44035 0.31288 0.44729 0.30580 0.45950 0.29943 0.47501 0.29477 0.49327
4 0.41772 0.40436 0.42653 0.41266 0.43281 0.41411 0.43755 0.41076 0.44364 0.39963 0.44775 0.39013 0.45032 0.38028 0.45273 0.37300 0.45288 0.36153 0.45325 0.34595 0.45079 0.33493 0.44172 0.32970 0.43151 0.33126 0.42377 0.33679 0.41487 0.34858 0.41020 0.36056 0.40937 0.37239 0.41109 0.39107 0.41359 0.39870 0.41772 0.40436
4 0.55840 0.45120 0.56083 0.46169 0.56564 0.46568 0.57075 0.46581 0.57923 0.46411 0.58369 0.46070 0.58944 0.45680 0.59426 0.44929 0.59691 0.44416 0.59984 0.44039 0.60223 0.43703 0.60492 0.43112 0.60507 0.41966 0.60430 0.40773 0.60104 0.40018 0.59276 0.39148 0.58726 0.38733 0.57962 0.38923 0.57202 0.39923 0.56600 0.41064 0.56205 0.42331 0.55959 0.43842 0.55840 0.45120
4 0.35378 0.40187 0.34821 0.41391 0.34879 0.42606 0.35069 0.43564 0.35917 0.44283 0.36593 0.44857 0.37533 0.45622 0.38198 0.45985 0.38827 0.45999 0.39713 0.45342 0.40138 0.44265 0.40437 0.42844 0.40743 0.41583 0.40938 0.40609 0.41060 0.39383 0.40895 0.37934 0.40824 0.36586 0.40597 0.36168 0.40292 0.35836 0.39408 0.35527 0.38698 0.35546 0.37946 0.36130 0.37240 0.36960 0.36558 0.38004 0.35898 0.39210 0.35378 0.40187
4 0.59166 0.53882 0.58469 0.54740 0.57842 0.56372 0.57489 0.58093 0.57599 0.59842 0.58050 0.60625 0.58552 0.61760 0.59368 0.62236 0.60413 0.62294 0.61613 0.61997 0.62580 0.61880 0.63315 0.61502 0.64085 0.60582 0.64300 0.59142 0.64560 0.57505 0.64500 0.55923 0.64312 0.55018 0.64050 0.53860 0.63324 0.53249 0.62565 0.53099 0.61874 0.53358 0.60938 0.53847 0.59955 0.53777 0.59166 0.53882
4 0.62506 0.69648 0.63559 0.69290 0.64221 0.68712 0.64669 0.67666 0.64915 0.66469 0.64997 0.65286 0.64793 0.63880 0.64678 0.63044 0.64462 0.61688 0.63765 0.61396 0.63108 0.61950 0.62006 0.62140 0.61570 0.62248 0.60512 0.62500 0.59708 0.62863 0.58529 0.64028 0.58144 0.65820 0.58306 0.67346 0.58837 0.68357 0.59402 0.69219 0.60189 0.69819 0.60888 0.69849 0.61541 0.69947 0.62506 0.69648
4 0.57775 0.52464 0.58453 0.52960 0.59371 0.53250 0.60347 0.53476 0.61321 0.53334 0.62279 0.52877 0.62914 0.51717 0.63288 0.50288 0.63523 0.48697 0.63519 0.47311 0.63290 0.45822 0.62929 0.44458 0.62498 0.44097 0.61521 0.43872 0.60618 0.44029 0.59591 0.44915 0.58881 0.46397 0.58307 0.47675 0.57704 0.49077 0.57427 0.50215 0.57432 0.51340 0.57775 0.52464
1 0.58131 0.44721 0.58124 0.44684 0.58111 0.44405 0.58067 0.44126 0.57985 0.44011 0.57876 0.44145 0.57880 0.44332 0.57873 0.44578 0.57899 0.44819 0.57959 0.44998 0.58024 0.44965 0.58107 0.44825 0.58131 0.44721
4 0.63288 0.77144 0.64207 0.75710 0.64672 0.74459 0.64704 0.72351 0.64711 0.70472 0.64304 0.69437 0.63553 0.69316 0.62500 0.69674 0.61535 0.69973 0.60765 0.70187 0.59613 0.70340 0.58775 0.70982 0.57711 0.72278 0.57086 0.73204 0.57186 0.74743 0.58032 0.76296 0.58983 0.77717 0.59852 0.78597 0.60814 0.79080 0.62028 0.78342 0.63288 0.77144
4 0.45660 0.34097 0.45492 0.35208 0.45435 0.36788 0.45590 0.38156 0.45910 0.39379 0.46333 0.40731 0.46843 0.41319 0.47577 0.41515 0.48213 0.41113 0.48822 0.40261 0.49371 0.39343 0.50114 0.38417 0.50829 0.37485 0.51410 0.36496 0.51717 0.35992 0.52082 0.34796 0.52337 0.33627 0.52220 0.33052 0.52010 0.32559 0.51634 0.31898 0.51083 0.31483 0.50608 0.31504 0.49909 0.31604 0.48864 0.31676 0.48152 0.31642 0.47615 0.31675 0.46999 0.31924 0.46351 0.32376 0.45906 0.33031 0.45660 0.34097
4 0.25850 0.55935 0.25471 0.56814 0.25849 0.57659 0.26232 0.58609 0.26649 0.59097 0.27330 0.59516 0.27853 0.60054 0.28312 0.60291 0.29103 0.60369 0.29685 0.60137 0.30167 0.59961 0.30683 0.59636 0.31190 0.59283 0.31554 0.58662 0.31799 0.57857 0.32002 0.57041 0.32127 0.56052 0.32181 0.55437 0.31924 0.54515 0.31690 0.53234 0.31412 0.52595 0.30373 0.52067 0.29635 0.51505 0.29151 0.51185 0.28594 0.51369 0.27936 0.52054 0.27111 0.53274 0.26441 0.54713 0.25850 0.55935
1 0.27088 0.61346 0.27433 0.61158 0.27499 0.60021 0.26862 0.59668 0.26293 0.59021 0.25707 0.58598 0.24699 0.59004 0.24218 0.59078 0.23447 0.59662 0.22545 0.61512 0.22528 0.62085 0.22711 0.63301 0.23241 0.62909 0.23698 0.62335 0.24559 0.61916 0.25076 0.62138 0.25598 0.62382 0.25856 0.62318 0.26353 0.61774 0.26682 0.61150 0.27088 0.61346
4 0.21746 0.63057 0.21658 0.63377 0.21702 0.63883 0.21754 0.64679 0.21849 0.65667 0.21940 0.66420 0.22017 0.67039 0.22103 0.67395 0.22505 0.68301 0.23012 0.69410 0.23504 0.70020 0.23895 0.69980 0.24715 0.69673 0.25309 0.69392 0.25764 0.68949 0.25979 0.68084 0.26098 0.67249 0.26145 0.66790 0.25984 0.66152 0.25718 0.65646 0.25722 0.64994 0.25707 0.64103 0.25784 0.63389 0.26152 0.63004 0.26210 0.62181 0.26239 0.61927 0.26442 0.61686 0.26705 0.61120 0.27125 0.61400 0.27445 0.61160 0.27513 0.59974 0.26939 0.59659 0.26428 0.59071 0.25755 0.58550 0.24806 0.58461 0.24256 0.58804 0.23469 0.59668 0.23227 0.60082 0.22772 0.60969 0.22357 0.61814 0.22040 0.62420 0.21746 0.63057
2 0.57611 0.45305 0.57740 0.45721 0.57987 0.45906 0.58492 0.45880 0.58940 0.45683 0.59392 0.44944 0.59718 0.44333 0.60243 0.43625 0.60339 0.43247 0.59937 0.43697 0.59418 0.43892 0.58852 0.43904 0.58530 0.43801 0.58249 0.43379 0.57859 0.43289 0.57710 0.43412 0.57582 0.43968 0.57560 0.44692 0.57611 0.45305
1 0.28787 0.55752 0.28848 0.55609 0.28807 0.55541 0.28684 0.55530 0.28538 0.55537 0.28456 0.55651 0.28286 0.55885 0.28235 0.56063 0.28155 0.56268 0.28232 0.56278 0.28277 0.56246 0.28376 0.55980 0.28507 0.55853 0.28664 0.55798 0.28787 0.55752
