4 0.37202 0.43410 0.37066 0.44273 0.36967 0.44981 0.36991 0.45587 0.37374 0.46050 0.37499 0.46190 0.38000 0.45988 0.38357 0.46527 0.38579 0.46984 0.38722 0.47349 0.39013 0.47797 0.39387 0.47977 0.39722 0.47889 0.40139 0.47794 0.40347 0.47667 0.40476 0.47526 0.40795 0.47456 0.41021 0.47472 0.41725 0.47342 0.41305 0.46693 0.40878 0.45922 0.40485 0.45015 0.40164 0.44000 0.39968 0.43125 0.39504 0.42328 0.38742 0.42066 0.38074 0.42222 0.37556 0.42783 0.37202 0.43410
2 0.53816 0.49327 0.53873 0.49359 0.54142 0.49379 0.54291 0.49170 0.54345 0.49027 0.54592 0.48834 0.54856 0.48782 0.55044 0.48824 0.55144 0.49363 0.55382 0.49819 0.55617 0.49705 0.55691 0.49240 0.55688 0.48670 0.55507 0.48246 0.55543 0.47972 0.55884 0.48073 0.56072 0.48451 0.56209 0.48857 0.56339 0.49308 0.56547 0.49713 0.56826 0.49862 0.56866 0.49399 0.56856 0.49113 0.56850 0.48727 0.56943 0.48423 0.57237 0.48185 0.57179 0.47580 0.56853 0.47389 0.56375 0.47174 0.55854 0.46545 0.55237 0.46040 0.54733 0.45646 0.54078 0.45426 0.53487 0.45530 0.52734 0.45980 0.52281 0.46490 0.51904 0.46908 0.51466 0.46640 0.51067 0.46957 0.50824 0.47438 0.50827 0.47840 0.50770 0.48200 0.50953 0.48597 0.51117 0.48993 0.51622 0.48689 0.52041 0.48395 0.52515 0.48144 0.53126 0.48055 0.53639 0.47997 0.54004 0.48043 0.54151 0.48391 0.53948 0.48743 0.53857 0.48973 0.53816 0.49327
4 0.48122 0.51885 0.48011 0.52635 0.47958 0.53069 0.48028 0.53526 0.48336 0.53910 0.48861 0.54261 0.49336 0.54504 0.49858 0.54737 0.50182 0.54940 0.50550 0.55015 0.50952 0.54877 0.51325 0.54987 0.51766 0.55307 0.52059 0.55287 0.52293 0.54939 0.52505 0.54303 0.52597 0.53798 0.52593 0.52692 0.52651 0.51763 0.52651 0.51478 0.51663 0.51021 0.51289 0.50559 0.51168 0.50691 0.50507 0.50637 0.50091 0.50654 0.49734 0.50581 0.49474 0.50674 0.49175 0.50660 0.48766 0.50629 0.48484 0.50718 0.48253 0.50766 0.48185 0.51291 0.48122 0.51885
4 0.51049 0.49751 0.51289 0.50559 0.51663 0.51021 0.52651 0.51478 0.53273 0.51644 0.53785 0.51725 0.54717 0.51688 0.55320 0.51549 0.55770 0.51386 0.56381 0.51265 0.56762 0.50974 0.56975 0.50689 0.56975 0.50338 0.56826 0.49862 0.56866 0.49399 0.56856 0.49113 0.56850 0.48727 0.56943 0.48423 0.57237 0.48185 0.57517 0.48112 0.57614 0.47709 0.57621 0.47241 0.57368 0.46581 0.56909 0.45956 0.56237 0.45263 0.55271 0.44876 0.54209 0.45026 0.52827 0.45644 0.51772 0.46382 0.51067 0.46957 0.50824 0.47438 0.50827 0.47840 0.50770 0.48200 0.50953 0.48597 0.50992 0.49340 0.51049 0.49751
4 0.43912 0.48637 0.44194 0.48900 0.44635 0.48936 0.45075 0.49042 0.45259 0.49106 0.45393 0.49243 0.45640 0.49492 0.45985 0.49616 0.46406 0.49799 0.46813 0.50015 0.47351 0.50193 0.47722 0.50252 0.48065 0.50190 0.48378 0.50048 0.48476 0.49712 0.48595 0.49312 0.48667 0.48787 0.48783 0.48337 0.48940 0.47910 0.49203 0.47449 0.49258 0.47240 0.48871 0.46441 0.48472 0.45859 0.47518 0.45189 0.46879 0.44920 0.46025 0.44885 0.45115 0.45059 0.43958 0.45596 0.43028 0.46320 0.42675 0.47068 0.42781 0.47319 0.43231 0.47441 0.43553 0.48011 0.43912 0.48637
4 0.32472 0.43782 0.32648 0.44621 0.33328 0.46176 0.33784 0.46827 0.34155 0.47290 0.34700 0.46769 0.35494 0.46142 0.36096 0.45630 0.36672 0.44795 0.36893 0.44135 0.36431 0.43397 0.35640 0.42055 0.35161 0.40938 0.34684 0.40660 0.34117 0.40830 0.33237 0.41386 0.32555 0.41799 0.32354 0.41969 0.32195 0.42610 0.32472 0.43782
4 0.44821 0.49129 0.44454 0.49537 0.44188 0.49995 0.44198 0.50227 0.44207 0.50462 0.44181 0.51016 0.44120 0.51844 0.44010 0.52490 0.44050 0.52822 0.44935 0.52916 0.45956 0.53124 0.46672 0.53307 0.47334 0.53435 0.47705 0.53541 0.47886 0.53476 0.47958 0.53069 0.48011 0.52635 0.48122 0.51885 0.48185 0.51291 0.48253 0.50766 0.48065 0.50190 0.47722 0.50252 0.47351 0.50193 0.46813 0.50015 0.46406 0.49799 0.45985 0.49616 0.45640 0.49492 0.45393 0.49243 0.45259 0.49106 0.45075 0.49042 0.44821 0.49129
4 0.39925 0.49202 0.39722 0.49600 0.39510 0.50088 0.39319 0.50621 0.39201 0.50983 0.39124 0.51320 0.39158 0.51546 0.39706 0.51807 0.40111 0.51941 0.40603 0.52019 0.41241 0.52248 0.42186 0.52549 0.42957 0.52625 0.43422 0.52628 0.43795 0.52525 0.43931 0.52302 0.44120 0.51844 0.44181 0.51016 0.44207 0.50462 0.44198 0.50227 0.43990 0.49974 0.43632 0.49487 0.42919 0.48804 0.42570 0.48655 0.42231 0.48497 0.41911 0.48412 0.41630 0.48274 0.41414 0.48170 0.41101 0.48190 0.40826 0.48263 0.40487 0.48442 0.40251 0.48707 0.39925 0.49202
4 0.60026 0.52713 0.60620 0.52205 0.60797 0.51864 0.60859 0.51120 0.60740 0.50180 0.60572 0.50254 0.60218 0.50516 0.59784 0.50715 0.59320 0.50759 0.58829 0.50682 0.58413 0.50281 0.58347 0.49567 0.58222 0.49581 0.57755 0.50344 0.57367 0.51170 0.57246 0.51654 0.57167 0.52931 0.57050 0.54017 0.57365 0.53933 0.58089 0.53596 0.58780 0.53320 0.59336 0.53123 0.60026 0.52713
4 0.37205 0.43412 0.37068 0.44275 0.36969 0.44983 0.36994 0.45590 0.37376 0.46052 0.37501 0.46192 0.38002 0.45991 0.38359 0.46529 0.38581 0.46987 0.38724 0.47351 0.39015 0.47799 0.39389 0.47979 0.39724 0.47891 0.40141 0.47796 0.40349 0.47668 0.40479 0.47528 0.40798 0.47458 0.41023 0.47474 0.41727 0.47344 0.41307 0.46695 0.40880 0.45924 0.40487 0.45017 0.40166 0.44002 0.39970 0.43127 0.39506 0.42330 0.38744 0.42068 0.38076 0.42224 0.37558 0.42785 0.37205 0.43412
4 0.35991 0.49893 0.36459 0.50489 0.37000 0.50796 0.37609 0.51093 0.38300 0.51303 0.38765 0.51497 0.39100 0.51068 0.39319 0.50621 0.39510 0.50088 0.39492 0.49442 0.39465 0.48935 0.39366 0.48377 0.39389 0.47979 0.39015 0.47799 0.38724 0.47351 0.38581 0.46987 0.38359 0.46529 0.38002 0.45991 0.37501 0.46192 0.37376 0.46052 0.37208 0.45925 0.36945 0.46064 0.36706 0.46308 0.36325 0.46850 0.36036 0.47407 0.35940 0.47593 0.35750 0.47945 0.35462 0.48322 0.35111 0.48507 0.35344 0.49067 0.35991 0.49893
4 0.58829 0.50682 0.59320 0.50759 0.59784 0.50715 0.60218 0.50516 0.60572 0.50254 0.61075 0.49899 0.61322 0.49536 0.61450 0.49154 0.61584 0.48656 0.61589 0.47920 0.61122 0.47628 0.60750 0.47084 0.60195 0.46711 0.59480 0.47067 0.58728 0.47232 0.58048 0.47577 0.57957 0.48082 0.58288 0.48603 0.58347 0.49567 0.58413 0.50281 0.58829 0.50682
4 0.57050 0.54017 0.57167 0.52931 0.57246 0.51654 0.56762 0.50974 0.56381 0.51265 0.55770 0.51386 0.55320 0.51549 0.54717 0.51688 0.53785 0.51725 0.53273 0.51644 0.52651 0.51478 0.52651 0.51763 0.52593 0.52692 0.52748 0.53688 0.52897 0.54649 0.53404 0.55048 0.54178 0.54953 0.54964 0.54927 0.55634 0.54781 0.56457 0.54660 0.57045 0.54402 0.57050 0.54017
