4 0.39346 0.45612 0.39015 0.44779 0.38433 0.44064 0.37639 0.43925 0.37004 0.44183 0.36580 0.44818 0.36329 0.45493 0.36329 0.46367 0.36342 0.47081 0.36461 0.47677 0.36911 0.48074 0.37057 0.48193 0.37520 0.47915 0.37957 0.48391 0.38248 0.48808 0.38446 0.49146 0.38804 0.49543 0.39201 0.49662 0.39518 0.49523 0.39915 0.49364 0.40101 0.49205 0.40207 0.49047 0.40511 0.48927 0.40736 0.48907 0.41411 0.48669 0.40895 0.48094 0.40352 0.47399 0.39823 0.46565 0.39346 0.45612
2 0.52783 0.47590 0.53281 0.47452 0.53649 0.47440 0.53848 0.47762 0.53702 0.48141 0.53649 0.48382 0.53664 0.48738 0.53725 0.48761 0.53993 0.48738 0.54108 0.48508 0.54139 0.48359 0.54353 0.48130 0.54606 0.48038 0.54797 0.48049 0.54981 0.48566 0.55288 0.48980 0.55502 0.48830 0.55502 0.48359 0.55410 0.47796 0.55165 0.47406 0.55157 0.47130 0.55510 0.47176 0.55755 0.47521 0.55954 0.47900 0.56153 0.48325 0.56421 0.48692 0.56721 0.48796 0.56688 0.48333 0.56633 0.48051 0.56566 0.47671 0.56611 0.47357 0.56864 0.47075 0.56712 0.46487 0.56360 0.46349 0.55854 0.46211 0.55242 0.45671 0.54553 0.45269 0.53993 0.44959 0.53312 0.44844 0.52745 0.45039 0.52071 0.45602 0.51704 0.46177 0.51397 0.46648 0.50922 0.46452 0.50578 0.46827 0.50413 0.47340 0.50479 0.47737 0.50479 0.48101 0.50721 0.48465 0.50945 0.48830 0.51397 0.48451 0.51765 0.48095 0.52194 0.47773 0.52783 0.47590
4 0.49586 0.50748 0.49288 0.50781 0.48880 0.50814 0.48615 0.50946 0.48394 0.51030 0.48410 0.51559 0.48440 0.52156 0.48448 0.52914 0.48463 0.53351 0.48604 0.53791 0.48968 0.54123 0.49542 0.54387 0.50049 0.54552 0.50600 0.54701 0.50953 0.54850 0.51328 0.54867 0.51703 0.54668 0.52089 0.54718 0.52574 0.54966 0.52861 0.54900 0.53038 0.54519 0.53148 0.53858 0.53159 0.53345 0.52982 0.52253 0.52894 0.51327 0.52850 0.51045 0.51802 0.50748 0.51361 0.50351 0.51262 0.50500 0.50600 0.50549 0.50192 0.50632 0.49828 0.50616 0.49586 0.50748
4 0.50578 0.46827 0.50413 0.47340 0.50479 0.47737 0.50479 0.48101 0.50721 0.48465 0.50876 0.49193 0.50997 0.49590 0.51361 0.50351 0.51802 0.50748 0.52850 0.51045 0.53490 0.51112 0.54008 0.51112 0.54923 0.50930 0.55497 0.50698 0.55916 0.50467 0.56500 0.50251 0.56831 0.49904 0.56997 0.49590 0.56942 0.49242 0.56721 0.48796 0.56688 0.48333 0.56633 0.48051 0.56566 0.47671 0.56611 0.47357 0.56864 0.47075 0.57129 0.46960 0.57162 0.46546 0.57096 0.46083 0.56743 0.45471 0.56191 0.44925 0.55420 0.44346 0.54405 0.44114 0.53379 0.44429 0.52111 0.45256 0.51185 0.46149 0.50578 0.46827
4 0.43344 0.46596 0.42539 0.47456 0.42307 0.48250 0.42450 0.48481 0.42914 0.48531 0.43322 0.49044 0.43774 0.49606 0.44094 0.49822 0.44535 0.49788 0.44986 0.49824 0.45178 0.49859 0.45331 0.49973 0.45614 0.50180 0.45974 0.50249 0.46418 0.50364 0.46855 0.50513 0.47414 0.50605 0.47789 0.50605 0.48119 0.50490 0.48406 0.50301 0.48450 0.49954 0.48505 0.49540 0.48494 0.49011 0.48538 0.48548 0.48626 0.48101 0.48814 0.47605 0.48836 0.47390 0.48328 0.46662 0.47843 0.46149 0.46795 0.45636 0.46123 0.45471 0.45274 0.45570 0.44402 0.45884 0.43344 0.46596
4 0.33411 0.43171 0.32878 0.43428 0.32096 0.44114 0.31487 0.44629 0.31315 0.44829 0.31258 0.45486 0.31715 0.46601 0.32020 0.47401 0.32935 0.48831 0.33487 0.49402 0.33926 0.49802 0.34383 0.49202 0.35069 0.48459 0.35584 0.47859 0.36022 0.46944 0.36136 0.46258 0.35565 0.45600 0.34574 0.44400 0.33926 0.43371 0.33411 0.43171
4 0.46418 0.50364 0.45974 0.50249 0.45614 0.50180 0.45331 0.49973 0.45178 0.49859 0.44986 0.49824 0.44749 0.49950 0.44450 0.50410 0.44259 0.50904 0.44305 0.51132 0.44351 0.51362 0.44412 0.51914 0.44481 0.52741 0.44473 0.53397 0.44565 0.53718 0.45453 0.53672 0.46495 0.53718 0.47230 0.53787 0.47904 0.53810 0.48287 0.53856 0.48456 0.53764 0.48463 0.53351 0.48448 0.52914 0.48440 0.52156 0.48410 0.51559 0.48394 0.51030 0.48119 0.50490 0.47789 0.50605 0.47414 0.50605 0.46855 0.50513 0.46418 0.50364
4 0.41463 0.49605 0.41234 0.49536 0.40927 0.49605 0.40667 0.49719 0.40361 0.49949 0.40169 0.50248 0.39924 0.50788 0.39786 0.51213 0.39653 0.51728 0.39547 0.52284 0.39487 0.52660 0.39465 0.53005 0.39533 0.53223 0.40115 0.53395 0.40537 0.53464 0.41035 0.53464 0.41701 0.53591 0.42681 0.53740 0.43455 0.53694 0.43914 0.53625 0.44266 0.53464 0.44366 0.53223 0.44481 0.52741 0.44412 0.51914 0.44351 0.51362 0.44305 0.51132 0.44060 0.50914 0.43631 0.50489 0.42819 0.49926 0.42451 0.49834 0.42091 0.49731 0.41762 0.49696 0.41463 0.49605
4 0.57537 0.51773 0.57592 0.52865 0.57890 0.52733 0.58552 0.52286 0.59191 0.51906 0.59709 0.51624 0.60327 0.51112 0.60834 0.50516 0.60956 0.50152 0.60900 0.49408 0.60636 0.48498 0.60482 0.48597 0.60173 0.48912 0.59776 0.49176 0.59323 0.49292 0.58827 0.49292 0.58353 0.48961 0.58177 0.48267 0.58055 0.48300 0.57713 0.49127 0.57460 0.50003 0.57416 0.50500 0.57537 0.51773
4 0.39349 0.45614 0.39018 0.44780 0.38436 0.44066 0.37642 0.43927 0.37006 0.44185 0.36583 0.44820 0.36332 0.45495 0.36332 0.46368 0.36345 0.47083 0.36464 0.47678 0.36914 0.48076 0.37059 0.48195 0.37523 0.47917 0.37959 0.48393 0.38250 0.48810 0.38449 0.49147 0.38806 0.49545 0.39203 0.49664 0.39521 0.49525 0.39918 0.49366 0.40103 0.49207 0.40209 0.49048 0.40513 0.48929 0.40738 0.48909 0.41413 0.48671 0.40897 0.48095 0.40355 0.47401 0.39825 0.46567 0.39349 0.45614
4 0.35802 0.49624 0.35736 0.49822 0.35604 0.50200 0.35379 0.50617 0.35061 0.50855 0.35379 0.51371 0.36146 0.52085 0.36702 0.52602 0.37284 0.52820 0.37933 0.53018 0.38648 0.53117 0.39137 0.53237 0.39402 0.52760 0.39547 0.52284 0.39653 0.51728 0.39534 0.51093 0.39428 0.50597 0.39243 0.50061 0.39203 0.49664 0.38806 0.49545 0.38449 0.49147 0.38250 0.48810 0.37959 0.48393 0.37523 0.47917 0.37059 0.48195 0.36914 0.48076 0.36728 0.47976 0.36490 0.48155 0.36292 0.48433 0.36001 0.49028 0.35802 0.49624
4 0.58187 0.45901 0.57570 0.46347 0.57559 0.46860 0.57967 0.47323 0.58177 0.48267 0.58353 0.48961 0.58827 0.49292 0.59323 0.49292 0.59776 0.49176 0.60173 0.48912 0.60482 0.48597 0.60923 0.48167 0.61110 0.47770 0.61176 0.47373 0.61231 0.46860 0.61121 0.46133 0.60614 0.45917 0.60162 0.45438 0.59555 0.45157 0.58904 0.45620 0.58187 0.45901
4 0.54151 0.54453 0.54901 0.54238 0.55673 0.54089 0.56313 0.53841 0.57107 0.53593 0.57647 0.53246 0.57592 0.52865 0.57537 0.51773 0.57416 0.50500 0.56831 0.49904 0.56500 0.50251 0.55916 0.50467 0.55497 0.50698 0.54923 0.50930 0.54008 0.51112 0.53490 0.51112 0.52850 0.51045 0.52894 0.51327 0.52982 0.52253 0.53291 0.53212 0.53589 0.54139 0.54151 0.54453
