4 0.56594 0.44885 0.56626 0.45294 0.56859 0.45688 0.57152 0.45858 0.57341 0.46445 0.57464 0.46753 0.57740 0.46666 0.57947 0.46552 0.58099 0.46344 0.58257 0.46036 0.58322 0.45728 0.58495 0.45574 0.58910 0.45647 0.59276 0.45997 0.59517 0.46106 0.59836 0.46129 0.60070 0.46103 0.60341 0.45630 0.60719 0.45025 0.60948 0.44142 0.61185 0.43209 0.61329 0.41622 0.61226 0.40965 0.60774 0.40516 0.60015 0.41037 0.59145 0.42245 0.58568 0.42916 0.57986 0.43435 0.57457 0.43778 0.57055 0.43925 0.56739 0.44239 0.56594 0.44885
4 0.45730 0.47677 0.46523 0.47733 0.47102 0.47935 0.47504 0.48023 0.47739 0.47695 0.48019 0.47173 0.48327 0.46724 0.48533 0.46113 0.48154 0.45708 0.47767 0.45349 0.47592 0.45149 0.47703 0.44516 0.47857 0.44325 0.47919 0.43973 0.47950 0.43713 0.47700 0.43088 0.47471 0.42685 0.47485 0.42179 0.47623 0.41404 0.47312 0.41610 0.46885 0.41757 0.46700 0.42027 0.46359 0.42471 0.46068 0.42560 0.45668 0.42349 0.45371 0.42205 0.45212 0.42748 0.45034 0.43405 0.44926 0.43722 0.44890 0.44220 0.44789 0.45092 0.44682 0.45812 0.44677 0.46550 0.44732 0.47366 0.44947 0.47623 0.45730 0.47677
4 0.53121 0.42230 0.53212 0.43165 0.53299 0.43688 0.53373 0.44209 0.53450 0.44876 0.53563 0.45258 0.53723 0.45625 0.53863 0.45771 0.53780 0.46071 0.53645 0.46579 0.53530 0.47236 0.53538 0.47528 0.53800 0.47743 0.54300 0.47807 0.54636 0.47770 0.54942 0.47655 0.55445 0.47187 0.55555 0.46819 0.55635 0.46108 0.55784 0.45432 0.55988 0.44961 0.56335 0.44441 0.56590 0.43930 0.56872 0.43520 0.57167 0.43209 0.57342 0.42901 0.57475 0.42659 0.57443 0.42242 0.57409 0.41583 0.57493 0.40848 0.57376 0.40150 0.57124 0.39114 0.56878 0.38974 0.56364 0.38568 0.56098 0.38377 0.55555 0.38474 0.55068 0.38848 0.54281 0.39483 0.53622 0.40068 0.53186 0.40500 0.53029 0.41391 0.53121 0.42230
4 0.53048 0.49774 0.53800 0.50187 0.54330 0.50435 0.54964 0.50686 0.55314 0.50818 0.55638 0.50903 0.55929 0.50437 0.56228 0.49873 0.56486 0.49247 0.56601 0.48791 0.56777 0.47450 0.56840 0.47140 0.56867 0.46346 0.56840 0.46006 0.56721 0.45649 0.56639 0.45424 0.56500 0.44980 0.56242 0.44570 0.55988 0.44961 0.55784 0.45432 0.55635 0.46108 0.55555 0.46819 0.55445 0.47187 0.54942 0.47655 0.54636 0.47770 0.54300 0.47807 0.53800 0.47743 0.53538 0.47528 0.53530 0.47236 0.53645 0.46579 0.53780 0.46071 0.53863 0.45771 0.53723 0.45625 0.53563 0.45258 0.53450 0.44876 0.53418 0.44520 0.53296 0.44821 0.53179 0.45234 0.53066 0.45830 0.52915 0.46490 0.52771 0.47010 0.52609 0.47681 0.52542 0.48061 0.52598 0.48631 0.52780 0.49321 0.53048 0.49774
4 0.64910 0.51055 0.65276 0.51406 0.65473 0.51474 0.65982 0.51245 0.66193 0.50996 0.66614 0.50264 0.66720 0.49896 0.66869 0.50057 0.67168 0.49723 0.67242 0.48947 0.67252 0.48125 0.67209 0.47244 0.66969 0.46060 0.66695 0.45608 0.66070 0.46136 0.65371 0.46904 0.64604 0.47592 0.64114 0.48060 0.64031 0.48767 0.64176 0.49128 0.64372 0.49499 0.64538 0.50032 0.64791 0.50665 0.64910 0.51055
4 0.58165 0.52189 0.59315 0.52517 0.59706 0.52712 0.60039 0.52799 0.60276 0.52589 0.60421 0.51914 0.60422 0.51215 0.60495 0.50360 0.60641 0.49630 0.60808 0.48833 0.60945 0.48102 0.60967 0.47630 0.60859 0.47064 0.60703 0.46617 0.60523 0.46207 0.60358 0.45912 0.60225 0.45833 0.60070 0.46103 0.59836 0.46129 0.59517 0.46106 0.59276 0.45997 0.58910 0.45647 0.58495 0.45574 0.58322 0.45728 0.58257 0.46036 0.58099 0.46344 0.57947 0.46552 0.57740 0.46666 0.57464 0.46753 0.57327 0.46792 0.57070 0.47068 0.56848 0.47491 0.56747 0.47865 0.56632 0.48615 0.56540 0.49382 0.56661 0.50075 0.56932 0.50361 0.57029 0.51093 0.57248 0.51775 0.58165 0.52189
4 0.35601 0.36502 0.35057 0.37172 0.34427 0.37766 0.34135 0.38783 0.34150 0.39693 0.34210 0.40631 0.34410 0.41553 0.34560 0.41982 0.34930 0.42007 0.35230 0.42081 0.35768 0.42296 0.36222 0.42416 0.36412 0.42188 0.36723 0.42061 0.36920 0.41935 0.37199 0.41702 0.37634 0.41436 0.38079 0.41394 0.38360 0.41645 0.38665 0.41618 0.38887 0.41355 0.38754 0.40545 0.38538 0.39781 0.38448 0.39019 0.38123 0.38519 0.37682 0.37897 0.37316 0.37066 0.36932 0.36192 0.36661 0.35741 0.36455 0.35705 0.36044 0.35975 0.35601 0.36502
4 0.47814 0.44297 0.47613 0.44580 0.47531 0.45127 0.48436 0.46020 0.48772 0.46349 0.49205 0.46474 0.49580 0.46417 0.49865 0.46175 0.50067 0.45721 0.50056 0.45353 0.51172 0.43154 0.51737 0.42960 0.52015 0.43278 0.52412 0.43519 0.53104 0.43470 0.53119 0.41492 0.53067 0.40750 0.52830 0.40292 0.52913 0.39818 0.53241 0.39338 0.53265 0.39025 0.53182 0.38032 0.52774 0.37422 0.52389 0.36596 0.51816 0.36055 0.51318 0.36041 0.50112 0.36513 0.49386 0.37191 0.48689 0.38388 0.47725 0.39808 0.47917 0.40355 0.47842 0.40953 0.47523 0.41557 0.47423 0.42639 0.47904 0.43702 0.47814 0.44297
4 0.38538 0.39781 0.38754 0.40545 0.38887 0.41355 0.38792 0.41963 0.38732 0.42516 0.38890 0.42968 0.39119 0.43230 0.39401 0.43118 0.39495 0.43014 0.39935 0.42930 0.40411 0.42712 0.40737 0.42427 0.40950 0.42142 0.41365 0.41771 0.41746 0.41456 0.42276 0.40864 0.42492 0.40559 0.42702 0.40153 0.42998 0.39963 0.43468 0.39784 0.43706 0.39282 0.43804 0.38513 0.42977 0.37601 0.42665 0.36599 0.42160 0.35703 0.41673 0.35133 0.41168 0.34944 0.40368 0.35226 0.39512 0.35962 0.39050 0.37090 0.38733 0.38324 0.38448 0.39019 0.38538 0.39781
4 0.63136 0.52960 0.63362 0.52328 0.63516 0.51868 0.63593 0.51193 0.63531 0.50543 0.63356 0.49521 0.63081 0.49725 0.62540 0.50134 0.62191 0.49921 0.61691 0.49329 0.61523 0.48862 0.61411 0.48725 0.61283 0.48921 0.61056 0.49502 0.60799 0.49894 0.60665 0.50240 0.60562 0.51061 0.60535 0.51745 0.60845 0.52824 0.61169 0.52999 0.62005 0.53046 0.62782 0.53015 0.63136 0.52960
4 0.44110 0.37982 0.43855 0.38582 0.43713 0.39666 0.43742 0.40639 0.43894 0.41411 0.44256 0.41697 0.44962 0.41881 0.45245 0.42052 0.45668 0.42349 0.46068 0.42560 0.46359 0.42471 0.46700 0.42027 0.46885 0.41757 0.47312 0.41610 0.47623 0.41404 0.47871 0.40923 0.47932 0.40289 0.47748 0.39914 0.47557 0.39154 0.47487 0.38275 0.47294 0.37455 0.46872 0.36796 0.46552 0.36195 0.46067 0.35969 0.45630 0.35892 0.45301 0.36055 0.44823 0.36636 0.44503 0.37245 0.44110 0.37982
1 0.53766 0.44663 0.53575 0.44305 0.53510 0.43925 0.53655 0.43201 0.53714 0.42716 0.53574 0.42663 0.53490 0.41799 0.53119 0.41310 0.53094 0.41602 0.53239 0.43170 0.53385 0.44186 0.53471 0.44895 0.53568 0.45237 0.53749 0.45608 0.53846 0.45654 0.53835 0.45171 0.53766 0.44663
4 0.42875 0.46720 0.43253 0.46232 0.43663 0.45800 0.44138 0.45649 0.44274 0.45052 0.44450 0.44175 0.44601 0.43379 0.44738 0.42597 0.44834 0.41875 0.44256 0.41697 0.43894 0.41411 0.43742 0.40639 0.43731 0.40387 0.43472 0.40492 0.43028 0.40767 0.42683 0.40891 0.42276 0.40864 0.41746 0.41456 0.41365 0.41771 0.40950 0.42142 0.40737 0.42427 0.40640 0.42664 0.40425 0.43348 0.40250 0.44107 0.40106 0.44686 0.39984 0.45437 0.39946 0.46304 0.40008 0.46836 0.40736 0.46964 0.41448 0.47006 0.42436 0.47197 0.42875 0.46720
4 0.48980 0.46386 0.48788 0.46301 0.48769 0.46701 0.48812 0.47582 0.49005 0.48321 0.49442 0.48499 0.51475 0.49210 0.51670 0.49110 0.52188 0.48127 0.52471 0.47169 0.52759 0.46010 0.52887 0.45226 0.53029 0.44244 0.52995 0.43549 0.52840 0.43421 0.52339 0.43484 0.51978 0.43285 0.51705 0.43002 0.51217 0.43168 0.51055 0.43220 0.50922 0.43632 0.50619 0.44159 0.50305 0.44829 0.50061 0.45367 0.50119 0.45716 0.49924 0.46141 0.49432 0.46465 0.48980 0.46386
4 0.61523 0.48862 0.61691 0.49329 0.62191 0.49921 0.62540 0.50134 0.63081 0.49725 0.63513 0.49280 0.63831 0.48665 0.64179 0.47752 0.64586 0.46866 0.65030 0.46121 0.65304 0.45515 0.65676 0.44824 0.65799 0.44124 0.65580 0.43178 0.64838 0.42476 0.64055 0.42304 0.63458 0.42619 0.62673 0.43522 0.61934 0.44164 0.61200 0.44959 0.60728 0.45917 0.60839 0.46827 0.61192 0.47427 0.61369 0.48079 0.61523 0.48862
2 0.50536 0.43080 0.50788 0.42654 0.51005 0.42608 0.51370 0.42453 0.51482 0.41820 0.51945 0.41659 0.52299 0.41359 0.52720 0.40587 0.52882 0.40011 0.52792 0.39922 0.52416 0.40098 0.51986 0.40240 0.51499 0.40275 0.51247 0.40085 0.50920 0.39810 0.50798 0.39740 0.50743 0.39198 0.50610 0.39102 0.50724 0.38711 0.50817 0.38099 0.50958 0.37640 0.50940 0.36717 0.50570 0.36604 0.50264 0.36550 0.50006 0.36649 0.49585 0.37083 0.49157 0.37636 0.48907 0.38028 0.48704 0.38500 0.48341 0.38944 0.47748 0.39914 0.47932 0.40289 0.47871 0.40923 0.47623 0.41404 0.47485 0.42179 0.47471 0.42685 0.47700 0.43088 0.47950 0.43713 0.47919 0.43973 0.47857 0.44325 0.48066 0.44492 0.48312 0.44216 0.48698 0.43747 0.48973 0.43426 0.49258 0.43409 0.49491 0.43568 0.49627 0.43440 0.50114 0.43106 0.50536 0.43080
