4 0.57659 0.40775 0.57207 0.41536 0.56725 0.42148 0.56263 0.42578 0.55893 0.42793 0.55636 0.43157 0.55606 0.43818 0.55708 0.44215 0.56006 0.44563 0.56324 0.44678 0.56612 0.45225 0.56787 0.45506 0.57043 0.45373 0.57228 0.45225 0.57341 0.44993 0.57443 0.44662 0.57454 0.44348 0.57598 0.44166 0.58019 0.44166 0.58440 0.44447 0.58696 0.44513 0.59015 0.44480 0.59240 0.44414 0.59425 0.43901 0.59692 0.43239 0.59764 0.42330 0.59836 0.41370 0.59702 0.39782 0.59487 0.39153 0.58963 0.38790 0.58306 0.39435 0.57659 0.40775
4 0.43964 0.45195 0.44015 0.46071 0.44036 0.46799 0.44159 0.47527 0.44354 0.48321 0.44611 0.48536 0.45391 0.48454 0.46182 0.48371 0.46788 0.48470 0.47198 0.48487 0.47373 0.48123 0.47558 0.47560 0.47784 0.47064 0.47880 0.46427 0.47437 0.46094 0.46993 0.45808 0.46786 0.45641 0.46786 0.44998 0.46904 0.44783 0.46904 0.44426 0.46889 0.44164 0.46535 0.43592 0.46239 0.43235 0.46165 0.42735 0.46167 0.41947 0.45896 0.42205 0.45501 0.42423 0.45366 0.42721 0.45107 0.43217 0.44836 0.43356 0.44405 0.43217 0.44087 0.43127 0.44026 0.43689 0.43964 0.44367 0.43913 0.44698 0.43964 0.45195
4 0.53469 0.37685 0.53055 0.38138 0.52390 0.38900 0.51842 0.39590 0.51488 0.40091 0.51488 0.40996 0.51724 0.41806 0.51976 0.42711 0.52153 0.43211 0.52316 0.43712 0.52508 0.44355 0.52685 0.44712 0.52907 0.45045 0.53070 0.45164 0.53040 0.45474 0.52996 0.45998 0.52996 0.46665 0.53055 0.46951 0.53351 0.47118 0.53854 0.47094 0.54179 0.46999 0.54460 0.46832 0.54874 0.46284 0.54918 0.45903 0.54874 0.45188 0.54903 0.44498 0.55022 0.43997 0.55273 0.43426 0.55435 0.42878 0.55643 0.42425 0.55879 0.42068 0.55997 0.41734 0.56086 0.41472 0.55983 0.41067 0.55835 0.40424 0.55790 0.39686 0.55554 0.39019 0.55125 0.38042 0.54859 0.37947 0.54282 0.37637 0.53987 0.37494 0.53469 0.37685
4 0.52261 0.46037 0.52209 0.46574 0.52167 0.47264 0.52167 0.47650 0.52321 0.48201 0.52620 0.48849 0.52962 0.49248 0.53775 0.49524 0.54340 0.49676 0.55007 0.49814 0.55375 0.49883 0.55709 0.49910 0.55914 0.49400 0.56111 0.48794 0.56257 0.48132 0.56291 0.47663 0.56231 0.46312 0.56240 0.45995 0.56128 0.45209 0.56043 0.44879 0.55863 0.44548 0.55743 0.44341 0.55529 0.43928 0.55204 0.43569 0.55022 0.43997 0.54903 0.44498 0.54874 0.45188 0.54918 0.45903 0.54874 0.46284 0.54460 0.46832 0.54179 0.46999 0.53854 0.47094 0.53351 0.47118 0.53055 0.46951 0.52996 0.46665 0.52996 0.45998 0.53040 0.45474 0.53070 0.45164 0.52907 0.45045 0.52685 0.44712 0.52508 0.44355 0.52415 0.44010 0.52346 0.44327 0.52304 0.44755 0.52295 0.45361 0.52261 0.46037
4 0.63563 0.45638 0.63604 0.46349 0.63810 0.46680 0.64066 0.47011 0.64323 0.47507 0.64682 0.48086 0.64867 0.48450 0.65288 0.48732 0.65493 0.48764 0.65956 0.48450 0.66120 0.48169 0.66407 0.47375 0.66448 0.46994 0.66623 0.47127 0.66859 0.46746 0.66797 0.45969 0.66664 0.45158 0.66469 0.44298 0.66027 0.43173 0.65678 0.42776 0.65155 0.43405 0.64600 0.44282 0.63964 0.45092 0.63563 0.45638
4 0.56291 0.47484 0.56334 0.48256 0.56573 0.48918 0.56890 0.49152 0.57112 0.49855 0.57446 0.50489 0.58421 0.50738 0.59611 0.50862 0.60030 0.50986 0.60372 0.51013 0.60569 0.50765 0.60595 0.50076 0.60475 0.49387 0.60398 0.48532 0.60415 0.47787 0.60441 0.46974 0.60449 0.46230 0.60389 0.45761 0.60184 0.45223 0.59953 0.44810 0.59705 0.44437 0.59491 0.44176 0.59345 0.44120 0.59240 0.44414 0.59015 0.44480 0.58696 0.44513 0.58440 0.44447 0.58019 0.44166 0.57598 0.44166 0.57454 0.44348 0.57443 0.44662 0.57341 0.44993 0.57228 0.45225 0.57043 0.45373 0.56787 0.45506 0.56659 0.45568 0.56453 0.45885 0.56308 0.46340 0.56274 0.46726 0.56291 0.47484
4 0.35768 0.40220 0.35262 0.39465 0.34732 0.38671 0.34388 0.38274 0.34178 0.38274 0.33821 0.38612 0.33476 0.39207 0.33057 0.39962 0.32539 0.40656 0.32428 0.41709 0.32601 0.42602 0.32823 0.43515 0.33180 0.44388 0.33402 0.44785 0.33771 0.44746 0.34079 0.44766 0.34646 0.44885 0.35115 0.44924 0.35262 0.44666 0.35546 0.44488 0.35718 0.44329 0.35952 0.44051 0.36334 0.43713 0.36765 0.43594 0.37086 0.43793 0.37382 0.43713 0.37554 0.43416 0.37283 0.42642 0.36938 0.41927 0.36716 0.41192 0.36310 0.40756 0.35768 0.40220
4 0.45990 0.40358 0.46274 0.40863 0.46304 0.41465 0.46095 0.42115 0.46184 0.43199 0.46842 0.44161 0.46857 0.44763 0.46708 0.45076 0.46722 0.45630 0.47768 0.46353 0.48157 0.46617 0.48605 0.46665 0.48964 0.46545 0.49203 0.46256 0.49322 0.45775 0.49248 0.45414 0.49965 0.43054 0.50488 0.42765 0.50817 0.43030 0.51250 0.43199 0.51923 0.43030 0.51594 0.41080 0.51415 0.40358 0.51101 0.39948 0.51101 0.39467 0.51340 0.38937 0.51310 0.38624 0.51056 0.37661 0.50548 0.37132 0.50025 0.36385 0.49367 0.35952 0.48874 0.36024 0.47768 0.36698 0.47171 0.37493 0.46692 0.38793 0.45990 0.40358
4 0.38688 0.36706 0.37948 0.37123 0.37234 0.37996 0.36975 0.39187 0.36877 0.40458 0.36716 0.41192 0.36938 0.41927 0.37283 0.42642 0.37554 0.43416 0.37567 0.44031 0.37603 0.44587 0.37838 0.45004 0.38109 0.45222 0.38367 0.45063 0.38441 0.44944 0.38860 0.44785 0.39292 0.44488 0.39563 0.44150 0.39723 0.43833 0.40068 0.43396 0.40388 0.43019 0.40807 0.42344 0.40967 0.42006 0.41103 0.41569 0.41361 0.41331 0.41793 0.41073 0.41940 0.40537 0.41904 0.39763 0.40930 0.39009 0.40450 0.38076 0.39797 0.37282 0.39217 0.36805 0.38688 0.36706
4 0.60585 0.49211 0.60678 0.49889 0.61171 0.50898 0.61520 0.51014 0.62352 0.50915 0.63111 0.50750 0.63450 0.50634 0.63563 0.49972 0.63635 0.49492 0.63594 0.48814 0.63419 0.48185 0.63070 0.47209 0.62834 0.47458 0.62372 0.47954 0.61992 0.47805 0.61397 0.47309 0.61150 0.46879 0.61017 0.46763 0.60924 0.46978 0.60801 0.47590 0.60616 0.48020 0.60545 0.48384 0.60585 0.49211
4 0.44207 0.37004 0.43690 0.36865 0.43247 0.36865 0.42951 0.37083 0.42581 0.37738 0.42372 0.38393 0.42113 0.39187 0.41965 0.39823 0.42015 0.40914 0.42212 0.41867 0.42495 0.42602 0.42902 0.42820 0.43628 0.42880 0.43937 0.42999 0.44405 0.43217 0.44836 0.43356 0.45107 0.43217 0.45366 0.42721 0.45501 0.42423 0.45896 0.42205 0.46167 0.41947 0.46327 0.41431 0.46278 0.40795 0.46031 0.40458 0.45711 0.39743 0.45489 0.38890 0.45156 0.38115 0.44627 0.37540 0.44207 0.37004
1 0.52324 0.43687 0.52531 0.44370 0.52687 0.44690 0.52929 0.45024 0.53033 0.45052 0.52938 0.44578 0.52782 0.44091 0.52531 0.43770 0.52402 0.43408 0.52419 0.42670 0.52393 0.42182 0.52246 0.42154 0.52012 0.41318 0.51563 0.40900 0.51589 0.41193 0.52004 0.42712 0.52324 0.43687
4 0.39344 0.47246 0.39457 0.48106 0.39610 0.48619 0.40350 0.48619 0.41058 0.48536 0.42065 0.48553 0.42414 0.48007 0.42701 0.47461 0.43030 0.46965 0.43471 0.46733 0.43502 0.46121 0.43522 0.45228 0.43533 0.44417 0.43533 0.43623 0.43502 0.42895 0.42902 0.42820 0.42495 0.42602 0.42212 0.41867 0.42157 0.41622 0.41921 0.41770 0.41531 0.42118 0.41212 0.42300 0.40807 0.42344 0.40388 0.43019 0.40068 0.43396 0.39723 0.43833 0.39563 0.44150 0.39508 0.44401 0.39416 0.45112 0.39374 0.45889 0.39333 0.46485 0.39344 0.47246
4 0.49595 0.44140 0.49403 0.44855 0.49255 0.45427 0.49373 0.45760 0.49255 0.46213 0.48826 0.46618 0.48368 0.46618 0.48164 0.46568 0.48215 0.46965 0.48410 0.47825 0.48728 0.48520 0.49190 0.48619 0.51316 0.48966 0.51490 0.48834 0.51829 0.47775 0.51942 0.46783 0.52024 0.45592 0.52014 0.44798 0.51983 0.43805 0.51829 0.43127 0.51655 0.43027 0.51172 0.43177 0.50782 0.43044 0.50464 0.42813 0.50012 0.43061 0.49861 0.43140 0.49802 0.43568 0.49595 0.44140
4 0.60740 0.42180 0.60154 0.43091 0.59856 0.44116 0.60123 0.44993 0.60575 0.45522 0.60863 0.46134 0.61150 0.46879 0.61397 0.47309 0.61992 0.47805 0.62372 0.47954 0.62834 0.47458 0.63183 0.46945 0.63389 0.46283 0.63573 0.45324 0.63820 0.44381 0.64128 0.43570 0.64292 0.42925 0.64539 0.42180 0.64539 0.41469 0.64159 0.40576 0.63306 0.40013 0.62506 0.39981 0.61972 0.40394 0.61355 0.41420 0.60740 0.42180
2 0.47632 0.44068 0.47847 0.43704 0.48125 0.43638 0.48381 0.43754 0.48494 0.43605 0.48915 0.43191 0.49326 0.43092 0.49500 0.42629 0.49706 0.42546 0.50039 0.42330 0.50039 0.41687 0.50467 0.41448 0.50763 0.41091 0.51044 0.40257 0.51103 0.39662 0.51000 0.39590 0.50660 0.39829 0.50260 0.40043 0.49787 0.40162 0.49506 0.40019 0.49137 0.39805 0.49004 0.39757 0.48856 0.39233 0.48708 0.39162 0.48753 0.38757 0.48738 0.38138 0.48797 0.37661 0.48620 0.36756 0.48235 0.36708 0.47924 0.36708 0.47688 0.36851 0.47348 0.37351 0.47023 0.37970 0.46845 0.38399 0.46727 0.38900 0.46446 0.39400 0.46031 0.40458 0.46278 0.40795 0.46327 0.41431 0.46167 0.41947 0.46165 0.42735 0.46239 0.43235 0.46535 0.43592 0.46889 0.44164 0.46904 0.44426 0.46904 0.44783 0.47139 0.44912 0.47334 0.44597 0.47632 0.44068
