4 0.60985 0.50788 0.61834 0.49532 0.62365 0.47978 0.62682 0.45964 0.62826 0.43580 0.62787 0.41795 0.62727 0.39509 0.62426 0.38403 0.60724 0.38291 0.58132 0.38363 0.56988 0.38329 0.54114 0.37299 0.52459 0.42697 0.51838 0.45353 0.51780 0.48149 0.51796 0.49653 0.51729 0.51573 0.51941 0.52375 0.55110 0.52384 0.57411 0.52240 0.59293 0.51710 0.60985 0.50788
4 0.61517 0.53857 0.62073 0.53777 0.62972 0.54220 0.63658 0.54110 0.65220 0.55030 0.65802 0.54925 0.66135 0.54415 0.66860 0.53409 0.67165 0.52267 0.67822 0.50869 0.67924 0.49551 0.68630 0.45979 0.69034 0.42706 0.69497 0.38949 0.68772 0.38799 0.68065 0.38748 0.66381 0.37984 0.64085 0.37943 0.62486 0.38575 0.62729 0.39416 0.62802 0.40777 0.62845 0.43671 0.62694 0.45998 0.62184 0.48870 0.61175 0.50773 0.59863 0.51571 0.60280 0.53205 0.61517 0.53857
4 0.51764 0.64134 0.52850 0.61843 0.53839 0.58373 0.54905 0.55171 0.55785 0.53048 0.56033 0.52298 0.51807 0.52400 0.51718 0.50941 0.51832 0.49907 0.51628 0.48576 0.50855 0.48290 0.49881 0.50545 0.49093 0.54035 0.47521 0.59265 0.47222 0.61127 0.47742 0.63256 0.48690 0.65148 0.49538 0.66046 0.50663 0.65577 0.51764 0.64134
4 0.42261 0.46474 0.41750 0.45312 0.41228 0.44552 0.41663 0.41737 0.43042 0.38707 0.43008 0.36225 0.42778 0.34413 0.41169 0.33967 0.37864 0.33188 0.36283 0.38101 0.34832 0.42732 0.34480 0.45568 0.34597 0.46767 0.36199 0.47121 0.37221 0.47421 0.38307 0.47467 0.39923 0.47645 0.41595 0.47837 0.42261 0.46474
4 0.74210 0.55398 0.75242 0.54561 0.76351 0.52839 0.76960 0.51054 0.76321 0.49240 0.75600 0.47342 0.75125 0.46442 0.74675 0.48329 0.74033 0.50075 0.73137 0.51850 0.71775 0.53353 0.71953 0.53710 0.72454 0.54179 0.73481 0.54685 0.73737 0.55311 0.74210 0.55398
4 0.36271 0.60108 0.36025 0.61920 0.35779 0.63733 0.36201 0.64682 0.37724 0.64687 0.39202 0.62556 0.39441 0.61929 0.40498 0.60912 0.41273 0.61105 0.42158 0.59701 0.42489 0.54412 0.42574 0.51840 0.43319 0.48028 0.42579 0.46781 0.42124 0.46793 0.41561 0.48058 0.37690 0.47561 0.37171 0.47494 0.36525 0.49176 0.36282 0.50646 0.36646 0.53236 0.36720 0.54753 0.36579 0.57467 0.36271 0.60108
4 0.33176 0.60160 0.35272 0.58027 0.36086 0.56168 0.36628 0.53993 0.36238 0.50522 0.36603 0.48645 0.37105 0.47458 0.34475 0.46771 0.34531 0.45723 0.34497 0.44622 0.33316 0.45639 0.32477 0.47929 0.32141 0.49032 0.31588 0.52486 0.30750 0.55932 0.30400 0.57749 0.30148 0.59748 0.30486 0.60707 0.31651 0.61154 0.33176 0.60160
4 0.52846 0.67906 0.53608 0.68815 0.55510 0.69195 0.56160 0.68982 0.56685 0.67458 0.57448 0.65555 0.58402 0.63794 0.59798 0.61331 0.61567 0.58367 0.62672 0.56082 0.62770 0.54201 0.62181 0.54085 0.61210 0.53687 0.60294 0.53146 0.59964 0.52408 0.59364 0.51509 0.58381 0.52232 0.56477 0.52351 0.55796 0.53430 0.54865 0.55760 0.53585 0.59657 0.52419 0.62927 0.52448 0.64465 0.53150 0.65858 0.52846 0.67906
4 0.36070 0.32727 0.35727 0.32253 0.33530 0.32638 0.31681 0.33887 0.31029 0.34036 0.29460 0.34577 0.28451 0.38212 0.28226 0.42197 0.28838 0.44060 0.30139 0.45006 0.31273 0.44977 0.32697 0.45022 0.34868 0.42687 0.36252 0.38369 0.36497 0.35943 0.36070 0.32727
4 0.64855 0.68058 0.65304 0.65265 0.65544 0.62483 0.66237 0.59375 0.66844 0.57684 0.66775 0.56886 0.67024 0.56136 0.66831 0.53277 0.65717 0.55185 0.63738 0.54036 0.62823 0.54152 0.62730 0.56096 0.61613 0.58347 0.60314 0.60335 0.59596 0.61562 0.58433 0.63833 0.59312 0.66832 0.60120 0.68877 0.61767 0.68881 0.63858 0.68091 0.64855 0.68058
4 0.71896 0.53196 0.73087 0.51807 0.74077 0.49898 0.74689 0.48271 0.75036 0.46796 0.75059 0.46207 0.75060 0.45957 0.70634 0.40169 0.69208 0.41594 0.67911 0.50266 0.67769 0.50918 0.67247 0.52350 0.67324 0.52619 0.67734 0.52627 0.68519 0.53198 0.69670 0.53454 0.70542 0.53671 0.71896 0.53196
4 0.46688 0.62141 0.47285 0.60572 0.47994 0.57562 0.49189 0.53925 0.49649 0.51666 0.50133 0.49975 0.49114 0.50346 0.47265 0.49666 0.45468 0.49687 0.44008 0.48854 0.43376 0.48415 0.43227 0.47940 0.42561 0.52428 0.42335 0.57714 0.42038 0.60389 0.42070 0.62739 0.42491 0.63281 0.42685 0.64485 0.43331 0.65115 0.44184 0.65328 0.45437 0.64265 0.46688 0.62141
4 0.68522 0.64912 0.70021 0.63443 0.71819 0.62923 0.71982 0.62183 0.72091 0.61085 0.72118 0.60155 0.71600 0.59588 0.70666 0.58543 0.70435 0.57736 0.69702 0.57866 0.68857 0.57374 0.67176 0.57923 0.66646 0.58228 0.66110 0.59968 0.65615 0.62282 0.65403 0.64041 0.65128 0.65971 0.65457 0.66552 0.66071 0.67393 0.66578 0.66926 0.67120 0.66155 0.68522 0.64912
4 0.47402 0.49784 0.49339 0.50222 0.50104 0.50008 0.50641 0.48568 0.51239 0.46647 0.52261 0.43259 0.52601 0.40825 0.52658 0.38815 0.52851 0.36614 0.48376 0.35769 0.44432 0.35414 0.42773 0.39094 0.41545 0.41757 0.41110 0.44572 0.42012 0.46191 0.42586 0.46739 0.43058 0.47350 0.43439 0.48436 0.45297 0.49664 0.47025 0.49870 0.47402 0.49784
4 0.28382 0.56840 0.29838 0.55954 0.30471 0.55893 0.31212 0.54079 0.31613 0.52305 0.31845 0.50051 0.31696 0.48421 0.32100 0.47709 0.31342 0.46208 0.30890 0.45128 0.28291 0.46385 0.26961 0.49489 0.25853 0.51868 0.25388 0.54064 0.24713 0.57019 0.26215 0.58674 0.26707 0.58766 0.28382 0.56840
1 0.63940 0.39923 0.63750 0.39710 0.63404 0.39789 0.62933 0.41141 0.62796 0.42228 0.62897 0.43373 0.63215 0.42975 0.63262 0.42105 0.63748 0.41858 0.63954 0.41175 0.63940 0.40602 0.63976 0.40262 0.63940 0.39923
1 0.48066 0.56227 0.48194 0.55763 0.48463 0.55316 0.48539 0.55059 0.48862 0.54202 0.49426 0.52230 0.49713 0.50740 0.49916 0.50313 0.50000 0.50077 0.49432 0.50266 0.49298 0.50655 0.48615 0.52763 0.48252 0.53683 0.47615 0.55270 0.47358 0.56106 0.47355 0.56748 0.46591 0.58597 0.47446 0.57891 0.47639 0.56727 0.47876 0.56602 0.48066 0.56227
