1 0.49515 0.34605 0.48896 0.34188 0.48688 0.33743 0.48489 0.33340 0.48174 0.33538 0.48017 0.33990 0.48178 0.34308 0.48639 0.34621 0.49083 0.34934 0.49422 0.35056 0.49806 0.35114 0.50367 0.35382 0.50547 0.35229 0.50225 0.35042 0.49816 0.34622 0.49515 0.34605
1 0.49452 0.32040 0.49512 0.31847 0.49460 0.31463 0.48738 0.31390 0.48188 0.31742 0.47764 0.32519 0.47731 0.33247 0.47951 0.32815 0.48450 0.32635 0.48786 0.32587 0.49132 0.32516 0.49305 0.32513 0.49452 0.32040
4 0.37631 0.37051 0.37960 0.36434 0.38267 0.35966 0.38546 0.35683 0.38659 0.35329 0.38269 0.35188 0.38121 0.34376 0.38186 0.33579 0.38154 0.33117 0.37950 0.32287 0.37532 0.31406 0.37277 0.30781 0.36943 0.30213 0.36380 0.29630 0.35798 0.30178 0.35651 0.30828 0.35770 0.31751 0.35875 0.33712 0.36008 0.34080 0.36047 0.35430 0.36158 0.36336 0.36308 0.36814 0.36610 0.37383 0.37185 0.37280 0.37631 0.37051
4 0.51978 0.40971 0.52261 0.41727 0.52626 0.41710 0.53038 0.41724 0.53487 0.41813 0.53743 0.41305 0.53999 0.40229 0.54154 0.39422 0.54216 0.38318 0.54205 0.36850 0.54145 0.36295 0.54053 0.35761 0.53591 0.35469 0.53360 0.34541 0.53113 0.34245 0.52918 0.34045 0.52663 0.33888 0.52370 0.33808 0.51990 0.33793 0.51604 0.34196 0.51400 0.34553 0.51351 0.35101 0.51339 0.35755 0.51307 0.36526 0.51304 0.37126 0.51324 0.37522 0.51298 0.38090 0.51387 0.38528 0.51445 0.39438 0.51625 0.39810 0.51978 0.40971
1 0.38433 0.33752 0.38326 0.34174 0.38268 0.34532 0.38304 0.34853 0.38380 0.35110 0.38576 0.35205 0.38745 0.35238 0.38881 0.35200 0.38885 0.35021 0.38828 0.34799 0.38433 0.33752
4 0.39640 0.36025 0.40081 0.36079 0.40382 0.35950 0.40804 0.35635 0.41090 0.35429 0.41240 0.34979 0.41323 0.34453 0.41254 0.33883 0.41056 0.33146 0.40881 0.32517 0.40598 0.31766 0.40248 0.31279 0.39892 0.30868 0.39692 0.30718 0.39237 0.30648 0.38858 0.30840 0.38681 0.30874 0.38511 0.31325 0.38359 0.31636 0.38306 0.32346 0.38245 0.33026 0.38218 0.33366 0.38118 0.34401 0.38276 0.35185 0.38688 0.35394 0.38935 0.35251 0.39220 0.35740 0.39640 0.36025
4 0.57267 0.36678 0.57553 0.37092 0.57828 0.37377 0.58210 0.37830 0.58569 0.37953 0.58750 0.37874 0.58706 0.37715 0.59098 0.37407 0.59414 0.37177 0.59539 0.36747 0.59661 0.35887 0.59747 0.34783 0.59772 0.33357 0.59805 0.32082 0.59833 0.31064 0.59814 0.30486 0.59587 0.30050 0.59391 0.29838 0.59009 0.29920 0.58642 0.30130 0.58478 0.30143 0.57816 0.31227 0.57421 0.32144 0.57066 0.32986 0.56875 0.33868 0.56912 0.34617 0.56704 0.35018 0.56698 0.35231 0.56724 0.35371 0.56995 0.35998 0.57267 0.36678
1 0.37283 0.33747 0.37479 0.34296 0.37667 0.34383 0.37756 0.33854 0.37712 0.33225 0.37568 0.32790 0.37286 0.32384 0.37265 0.33040 0.37283 0.33747
4 0.43118 0.40376 0.43432 0.39524 0.43556 0.39286 0.43475 0.38538 0.43387 0.36922 0.43213 0.35800 0.43221 0.35285 0.43103 0.34784 0.42907 0.34284 0.42606 0.34321 0.42239 0.34510 0.41799 0.34668 0.41524 0.34630 0.41229 0.34999 0.41073 0.35494 0.40803 0.35703 0.40702 0.36250 0.40688 0.36733 0.40684 0.37033 0.40765 0.39549 0.40931 0.40200 0.41127 0.41193 0.41350 0.42185 0.42172 0.41925 0.42658 0.42034 0.43118 0.40376
4 0.57130 0.40067 0.57071 0.39039 0.56967 0.38066 0.56775 0.37030 0.56589 0.36005 0.56456 0.35235 0.56412 0.35076 0.55972 0.35244 0.55527 0.35627 0.55272 0.35695 0.55093 0.35645 0.54310 0.37930 0.54245 0.38092 0.54180 0.38596 0.54492 0.40210 0.54662 0.41084 0.54931 0.41808 0.55230 0.42200 0.56804 0.42087 0.57157 0.41898 0.57130 0.40067
4 0.40642 0.39972 0.40745 0.39446 0.40697 0.38213 0.40658 0.37087 0.40244 0.35999 0.39752 0.36085 0.39167 0.35725 0.38927 0.35189 0.38673 0.35348 0.38558 0.35566 0.38464 0.36956 0.38419 0.38114 0.38329 0.39365 0.38315 0.40862 0.38391 0.42172 0.38486 0.43096 0.39530 0.42954 0.40283 0.42755 0.40462 0.41318 0.40642 0.39972
4 0.50390 0.41867 0.50621 0.41477 0.50793 0.40874 0.50852 0.40294 0.50912 0.39843 0.50919 0.39158 0.50837 0.38634 0.50815 0.38153 0.50805 0.37628 0.50799 0.37253 0.50678 0.36634 0.50643 0.36174 0.50493 0.35726 0.50398 0.35471 0.50279 0.35473 0.50129 0.35550 0.49947 0.35596 0.49899 0.35426 0.49821 0.35417 0.49683 0.35366 0.49549 0.35282 0.49482 0.35369 0.49356 0.35457 0.49240 0.35384 0.49135 0.35129 0.48959 0.34982 0.48822 0.34973 0.48638 0.35180 0.48436 0.35623 0.48307 0.35561 0.47915 0.35632 0.47778 0.35645 0.47271 0.35622 0.47105 0.36053 0.46949 0.36838 0.46941 0.37395 0.46947 0.37995 0.46975 0.39130 0.47033 0.40072 0.47148 0.41141 0.47331 0.41706 0.47618 0.42205 0.48116 0.42431 0.48509 0.42414 0.49179 0.42348 0.49922 0.42250 0.50390 0.41867
1 0.50883 0.33042 0.50389 0.32430 0.50099 0.32029 0.49852 0.32504 0.49796 0.32954 0.50131 0.33354 0.50389 0.34034 0.50646 0.34607 0.50962 0.34987 0.51068 0.34771 0.51162 0.34384 0.51188 0.33785 0.50883 0.33042
4 0.46094 0.40452 0.46178 0.39755 0.46208 0.38887 0.46209 0.38405 0.46223 0.37890 0.46212 0.37011 0.46177 0.36048 0.46102 0.34903 0.46081 0.34507 0.45877 0.34307 0.45604 0.34376 0.45171 0.34416 0.44614 0.34479 0.44136 0.34541 0.43798 0.34558 0.43660 0.34753 0.43506 0.35377 0.43464 0.36363 0.43515 0.36651 0.43503 0.37027 0.43522 0.37358 0.43528 0.37701 0.43558 0.38097 0.43546 0.38686 0.43607 0.39060 0.43747 0.40001 0.43988 0.41261 0.44125 0.42030 0.44342 0.42144 0.44795 0.42210 0.45393 0.42436 0.45593 0.42379 0.45803 0.41818 0.45960 0.41162 0.46094 0.40452
4 0.55947 0.35377 0.56434 0.35289 0.56751 0.35230 0.56918 0.34347 0.56914 0.33494 0.56925 0.32774 0.56568 0.31901 0.56498 0.31156 0.55879 0.30847 0.55205 0.30645 0.54706 0.30734 0.54485 0.31724 0.53963 0.32453 0.53538 0.33500 0.53316 0.34437 0.53654 0.35604 0.54092 0.35943 0.54895 0.35715 0.55417 0.35626 0.55947 0.35377
1 0.57584 0.33092 0.57481 0.33707 0.57515 0.34400 0.57647 0.34770 0.57897 0.34766 0.57965 0.34125 0.58072 0.33723 0.57986 0.33352 0.57960 0.33166 0.57831 0.32928 0.57584 0.33092
4 0.48838 0.34982 0.49204 0.35082 0.49370 0.35505 0.49583 0.35315 0.49892 0.35443 0.49975 0.35628 0.50291 0.35516 0.50540 0.35458 0.50874 0.35026 0.51209 0.34700 0.51250 0.33766 0.51344 0.32618 0.51328 0.31739 0.51037 0.31344 0.50573 0.30819 0.49843 0.30645 0.49464 0.30465 0.48995 0.30927 0.48489 0.31255 0.47926 0.32225 0.47740 0.32628 0.47694 0.33269 0.47911 0.33958 0.48055 0.34408 0.48308 0.34591 0.48838 0.34982
1 0.56742 0.33913 0.56607 0.33592 0.56338 0.34293 0.56066 0.34887 0.55765 0.35090 0.55335 0.35259 0.55061 0.35299 0.54882 0.35086 0.54802 0.34429 0.54448 0.34221 0.54344 0.34792 0.54280 0.35455 0.54413 0.35667 0.55021 0.35603 0.55641 0.35359 0.56268 0.35082 0.56533 0.35024 0.56714 0.34447 0.56742 0.33913
