2 0.61783 0.43891 0.62016 0.44644 0.62428 0.45246 0.62923 0.45762 0.63342 0.46182 0.63588 0.46665 0.63648 0.47494 0.63838 0.47357 0.64013 0.46878 0.64048 0.46316 0.64000 0.45658 0.64359 0.44712 0.64730 0.43950 0.65051 0.43456 0.65099 0.43052 0.64560 0.42086 0.64393 0.41979 0.64187 0.41714 0.63717 0.41479 0.62964 0.41309 0.62395 0.41197 0.61996 0.40911 0.61286 0.41130 0.59842 0.41241 0.59528 0.41564 0.59422 0.41761 0.59481 0.41992 0.59910 0.43009 0.60050 0.43702 0.60060 0.44299 0.60060 0.44800 0.60382 0.44391 0.60522 0.44011 0.61288 0.43351 0.61628 0.43406 0.61783 0.43891
1 0.62331 0.44452 0.62162 0.44395 0.62069 0.44447 0.62170 0.44654 0.62315 0.44840 0.62414 0.44948 0.62573 0.45085 0.62626 0.45104 0.62618 0.44885 0.62694 0.44769 0.62678 0.44690 0.62516 0.44593 0.62331 0.44452
1 0.63726 0.45277 0.63700 0.45064 0.63708 0.44880 0.63605 0.44727 0.63478 0.44550 0.63382 0.44363 0.63245 0.44216 0.63087 0.44164 0.62935 0.44196 0.62862 0.44297 0.62812 0.44433 0.62933 0.44515 0.63070 0.44707 0.63242 0.44903 0.63423 0.45019 0.63506 0.45057 0.63578 0.45324 0.63552 0.45534 0.63590 0.45578 0.63681 0.45472 0.63726 0.45277
1 0.62547 0.42308 0.62821 0.42174 0.62881 0.42197 0.62936 0.42360 0.63088 0.42507 0.63260 0.42758 0.63514 0.42749 0.63844 0.43046 0.63990 0.43312 0.64224 0.43238 0.64534 0.42840 0.64736 0.42633 0.64707 0.42235 0.64366 0.41947 0.64081 0.41668 0.63694 0.41521 0.63390 0.41437 0.63172 0.41342 0.62869 0.41287 0.62524 0.41213 0.62237 0.41203 0.61976 0.41217 0.61754 0.41520 0.61550 0.41812 0.61427 0.42049 0.61497 0.42212 0.61745 0.42102 0.61908 0.42010 0.62146 0.41981 0.62173 0.42255 0.62302 0.42382 0.62547 0.42308
1 0.60183 0.43463 0.60173 0.43315 0.60337 0.43102 0.60421 0.42972 0.60323 0.42949 0.60178 0.42951 0.60035 0.43093 0.59959 0.43263 0.60015 0.43466 0.60064 0.43729 0.60089 0.44097 0.60157 0.43881 0.60335 0.43654 0.60577 0.43566 0.60918 0.43496 0.61067 0.43443 0.60908 0.43346 0.60503 0.43393 0.60305 0.43431 0.60183 0.43463
2 0.54402 0.44865 0.54799 0.45405 0.55032 0.45040 0.55258 0.43841 0.55198 0.43036 0.55430 0.42577 0.55753 0.42469 0.56153 0.42782 0.56176 0.43163 0.56300 0.43635 0.56717 0.44041 0.56875 0.44626 0.56965 0.45409 0.56895 0.45833 0.56789 0.46402 0.56583 0.46994 0.56590 0.47386 0.57189 0.47138 0.57354 0.46816 0.57437 0.46288 0.57697 0.44735 0.57882 0.44289 0.58015 0.43915 0.58248 0.43550 0.58422 0.42835 0.58592 0.42378 0.58419 0.41793 0.57782 0.41185 0.57040 0.40847 0.55990 0.40494 0.55259 0.40311 0.54326 0.40059 0.53707 0.40513 0.53330 0.41056 0.53463 0.41580 0.53608 0.41887 0.53409 0.42479 0.53447 0.43345 0.53438 0.44573 0.53568 0.45386 0.53592 0.45901 0.53738 0.46229 0.53744 0.45248 0.54004 0.44625 0.54241 0.44043 0.54402 0.44865
1 0.69676 0.45388 0.69692 0.45270 0.69586 0.45291 0.69484 0.45372 0.69370 0.45388 0.69279 0.45400 0.69143 0.45432 0.69079 0.45536 0.68945 0.45680 0.68955 0.45817 0.69119 0.45947 0.69237 0.45940 0.69359 0.45766 0.69501 0.45695 0.69558 0.45615 0.69645 0.45511 0.69676 0.45388
1 0.55027 0.43521 0.55037 0.43843 0.54904 0.44204 0.54925 0.44359 0.55006 0.44369 0.55115 0.44200 0.55174 0.44014 0.55130 0.43830 0.55163 0.43620 0.55097 0.43478 0.55027 0.43521
1 0.54015 0.40953 0.54192 0.40556 0.53885 0.40465 0.53684 0.40738 0.53657 0.40971 0.53575 0.41128 0.53524 0.41332 0.53637 0.41353 0.53797 0.41285 0.53899 0.41253 0.53959 0.41085 0.54015 0.40953
1 0.52399 0.42427 0.52585 0.42445 0.52789 0.42293 0.52974 0.42290 0.53036 0.42507 0.52956 0.42791 0.52917 0.43244 0.53120 0.42732 0.53331 0.42432 0.53457 0.42020 0.53474 0.41815 0.53318 0.41655 0.53050 0.41455 0.52792 0.41269 0.52619 0.41343 0.52415 0.41474 0.52226 0.41272 0.51952 0.41058 0.51709 0.40766 0.51549 0.40444 0.51344 0.40186 0.51076 0.40014 0.50793 0.39885 0.50633 0.39839 0.50775 0.40069 0.50965 0.40355 0.51156 0.40670 0.51198 0.40937 0.51302 0.41147 0.51473 0.41208 0.51515 0.41214 0.51950 0.42138 0.51764 0.42431 0.51611 0.42476 0.51479 0.42478 0.50987 0.42508 0.51158 0.42900 0.51370 0.42904 0.51597 0.43189 0.51788 0.43483 0.51936 0.43769 0.52048 0.43527 0.52149 0.43257 0.52245 0.42966 0.52318 0.42633 0.52399 0.42427
1 0.55320 0.42056 0.55282 0.42028 0.55241 0.41951 0.55122 0.41998 0.54990 0.42135 0.54947 0.42287 0.55009 0.42355 0.55139 0.42267 0.55232 0.42311 0.55302 0.42301 0.55365 0.42223 0.55392 0.42169 0.55320 0.42056
1 0.59965 0.41457 0.59825 0.41549 0.59868 0.41448 0.59997 0.41361 0.60100 0.41256 0.59824 0.41261 0.59530 0.41569 0.59437 0.41750 0.59489 0.41983 0.59695 0.42452 0.59783 0.42351 0.59872 0.42101 0.60034 0.41799 0.60143 0.41583 0.60099 0.41459 0.59965 0.41457
1 0.57187 0.46208 0.57247 0.46551 0.57335 0.46650 0.57453 0.46003 0.57579 0.45270 0.57693 0.44673 0.58023 0.43915 0.58262 0.43438 0.58402 0.42819 0.58598 0.42343 0.58422 0.41830 0.57777 0.41211 0.57133 0.40907 0.56631 0.40794 0.56264 0.40700 0.55893 0.41315 0.55933 0.42082 0.56192 0.42435 0.56427 0.42646 0.56714 0.42806 0.57079 0.43065 0.57327 0.43425 0.57432 0.43632 0.57291 0.44135 0.57266 0.44867 0.57173 0.45363 0.57187 0.46208
1 0.52209 0.44537 0.52217 0.44382 0.52109 0.44229 0.52014 0.44294 0.51905 0.44416 0.52000 0.44661 0.52100 0.44681 0.52209 0.44537
1 0.53854 0.44535 0.53729 0.44383 0.53784 0.44193 0.53957 0.44112 0.54109 0.43963 0.54181 0.43678 0.54123 0.43292 0.53976 0.43372 0.53883 0.43193 0.53770 0.43023 0.53531 0.43028 0.53456 0.43123 0.53501 0.43475 0.53530 0.44429 0.53523 0.44747 0.53553 0.45022 0.53569 0.45193 0.53592 0.45417 0.53627 0.45528 0.53719 0.45268 0.53816 0.44914 0.53908 0.44629 0.53854 0.44535
1 0.52836 0.43425 0.52695 0.43569 0.52541 0.43819 0.52450 0.44089 0.52400 0.44280 0.52304 0.44494 0.52334 0.44691 0.52498 0.44702 0.52553 0.44793 0.52738 0.44507 0.52823 0.44230 0.52812 0.43899 0.52850 0.43665 0.52890 0.43502 0.52836 0.43425
1 0.66637 0.46549 0.66657 0.46451 0.66567 0.46373 0.66559 0.46315 0.66653 0.46240 0.66633 0.46132 0.66562 0.46075 0.66474 0.46071 0.66446 0.45969 0.66445 0.45905 0.66443 0.45768 0.66387 0.45705 0.66321 0.45750 0.66271 0.45854 0.66247 0.45953 0.66273 0.46177 0.66328 0.46339 0.66386 0.46519 0.66461 0.46620 0.66604 0.46579 0.66637 0.46549
1 0.50189 0.43691 0.50138 0.43585 0.50080 0.43607 0.50200 0.43968 0.50294 0.44097 0.50417 0.44103 0.50473 0.43996 0.50537 0.43778 0.50523 0.43656 0.50438 0.43727 0.50345 0.43843 0.50234 0.43784 0.50189 0.43691
1 0.66658 0.44931 0.66613 0.45449 0.66611 0.45727 0.66666 0.45878 0.66754 0.45826 0.66802 0.45699 0.66831 0.45511 0.66792 0.45155 0.66929 0.44942 0.67023 0.44873 0.67270 0.44826 0.67385 0.44883 0.67440 0.45069 0.67565 0.45015 0.67676 0.44819 0.67915 0.44654 0.68130 0.44633 0.68295 0.44605 0.68453 0.44550 0.68599 0.44548 0.68683 0.44632 0.68821 0.44858 0.68975 0.44974 0.69183 0.44919 0.69592 0.44666 0.69845 0.44594 0.70017 0.44566 0.70335 0.44273 0.70682 0.43766 0.70698 0.43587 0.70586 0.43336 0.70466 0.43033 0.70448 0.42695 0.70119 0.42843 0.69951 0.43000 0.69658 0.43327 0.69342 0.43435 0.68902 0.43366 0.68387 0.43662 0.67849 0.43766 0.67545 0.43516 0.67510 0.43280 0.67720 0.43014 0.67920 0.42798 0.68295 0.42478 0.68363 0.42265 0.68375 0.41909 0.68243 0.41589 0.68052 0.41323 0.67374 0.41549 0.66977 0.41788 0.66568 0.42116 0.66243 0.42656 0.66122 0.43354 0.66244 0.43459 0.66649 0.43683 0.66800 0.43930 0.66783 0.44430 0.66658 0.44931
1 0.55507 0.42290 0.55484 0.42339 0.55497 0.42380 0.55534 0.42424 0.55614 0.42410 0.55653 0.42385 0.55637 0.42312 0.55593 0.42280 0.55507 0.42290
2 0.51008 0.43581 0.51297 0.43982 0.51570 0.44374 0.51829 0.44797 0.52289 0.45358 0.52369 0.45133 0.52792 0.44495 0.52963 0.43353 0.53331 0.42574 0.53533 0.41910 0.53255 0.41315 0.52223 0.40733 0.51745 0.39959 0.51293 0.39428 0.50450 0.39148 0.49755 0.39058 0.49407 0.39237 0.49364 0.39838 0.49580 0.40851 0.49526 0.42143 0.49408 0.42775 0.49825 0.43073 0.50070 0.44024 0.50385 0.44191 0.50547 0.43822 0.50732 0.43514 0.51008 0.43581
1 0.47411 0.39264 0.47278 0.39466 0.47206 0.39385 0.47157 0.39369 0.47035 0.39523 0.47169 0.39804 0.47443 0.40093 0.47665 0.40207 0.47838 0.40515 0.47942 0.40355 0.47800 0.40099 0.47773 0.39822 0.47716 0.39576 0.47568 0.39402 0.47411 0.39264
4 0.56657 0.47524 0.57255 0.47163 0.57368 0.46846 0.57461 0.46107 0.57581 0.45422 0.57639 0.45070 0.57712 0.44734 0.57904 0.44310 0.58053 0.43870 0.58232 0.43550 0.58430 0.42880 0.58645 0.42333 0.58425 0.41828 0.57809 0.41189 0.57212 0.40901 0.55955 0.40485 0.55757 0.40453 0.54990 0.40221 0.54791 0.40154 0.54355 0.40057 0.53732 0.40524 0.53281 0.41040 0.53558 0.41842 0.53558 0.41878 0.53372 0.42488 0.53452 0.43335 0.53419 0.44424 0.53540 0.45351 0.53574 0.45824 0.53754 0.46312 0.54042 0.46974 0.55009 0.47343 0.55802 0.47539 0.56000 0.47589 0.56657 0.47524
4 0.81279 0.45656 0.81990 0.44942 0.82460 0.44004 0.82561 0.43739 0.82723 0.43210 0.82991 0.42013 0.83135 0.41186 0.82947 0.40996 0.81907 0.40944 0.81684 0.40948 0.81052 0.40942 0.80841 0.40945 0.80631 0.40967 0.80197 0.41711 0.80056 0.41924 0.79708 0.42351 0.79514 0.42547 0.79164 0.42834 0.78450 0.42618 0.78279 0.42649 0.78020 0.43590 0.77810 0.44401 0.77758 0.45209 0.77842 0.45470 0.78286 0.46042 0.78891 0.46031 0.79085 0.45870 0.80037 0.46099 0.80824 0.45962 0.81279 0.45656
4 0.59823 0.45760 0.59886 0.46373 0.59904 0.46636 0.59978 0.47091 0.60129 0.47439 0.60714 0.47832 0.61245 0.48051 0.61932 0.48250 0.62577 0.48239 0.63115 0.48141 0.63557 0.47870 0.63852 0.47444 0.63988 0.46951 0.64070 0.46336 0.64018 0.45670 0.64270 0.44999 0.64486 0.44556 0.64751 0.43920 0.65046 0.43459 0.65117 0.43019 0.64575 0.42099 0.64375 0.41945 0.64226 0.41719 0.63748 0.41499 0.63550 0.41433 0.62850 0.41270 0.62322 0.41174 0.61988 0.40916 0.61321 0.41103 0.60493 0.41170 0.59875 0.41216 0.59539 0.41538 0.59411 0.41768 0.59443 0.42066 0.59690 0.42623 0.59895 0.43111 0.60011 0.43722 0.60024 0.44477 0.59992 0.44863 0.59826 0.45182 0.59823 0.45760
4 0.68023 0.47468 0.68826 0.47507 0.69546 0.47301 0.69743 0.47245 0.70319 0.47130 0.70699 0.47035 0.70895 0.46962 0.70977 0.46347 0.71025 0.45346 0.71068 0.44064 0.70968 0.43593 0.71060 0.42819 0.71105 0.42415 0.70730 0.41263 0.70196 0.40834 0.69973 0.40821 0.69183 0.40817 0.68920 0.40822 0.68369 0.40884 0.68120 0.40976 0.67911 0.41050 0.67090 0.41468 0.66557 0.41863 0.65888 0.42734 0.65804 0.43174 0.65984 0.43732 0.66268 0.44131 0.66379 0.44497 0.66405 0.45251 0.66241 0.45668 0.66208 0.46036 0.66313 0.46709 0.66533 0.47266 0.68023 0.47468
4 0.47032 0.43370 0.47265 0.43875 0.47564 0.44431 0.47869 0.44566 0.48080 0.44580 0.48695 0.44411 0.49074 0.44282 0.49253 0.43963 0.49270 0.43419 0.49326 0.42857 0.49473 0.42240 0.49504 0.41731 0.49531 0.41011 0.49405 0.40627 0.49219 0.40508 0.48742 0.40288 0.48531 0.40292 0.48288 0.39840 0.47979 0.39582 0.47727 0.39411 0.47513 0.39240 0.47122 0.38720 0.46735 0.38376 0.46315 0.38471 0.46251 0.38560 0.46283 0.38840 0.46472 0.39170 0.46534 0.39677 0.46438 0.40205 0.46383 0.40838 0.46498 0.41362 0.46568 0.41624 0.46863 0.42724 0.47032 0.43370
4 0.77388 0.45840 0.77824 0.44464 0.78080 0.43319 0.78279 0.42649 0.78307 0.41965 0.77480 0.41312 0.76357 0.41034 0.76119 0.40986 0.74777 0.41009 0.74568 0.41082 0.73499 0.41628 0.73237 0.41685 0.72727 0.41904 0.72137 0.42756 0.72121 0.43336 0.72189 0.44247 0.72544 0.44960 0.72880 0.45393 0.73254 0.46421 0.73588 0.46731 0.75783 0.47341 0.76796 0.47376 0.77152 0.46651 0.77388 0.45840
4 0.52776 0.44524 0.52953 0.43363 0.53386 0.42514 0.53532 0.41844 0.53298 0.41270 0.52184 0.40746 0.51788 0.39946 0.51345 0.39427 0.51107 0.39361 0.50354 0.39146 0.49760 0.39069 0.49381 0.39198 0.49340 0.39900 0.49543 0.40949 0.49487 0.42266 0.49333 0.43199 0.49282 0.44077 0.49368 0.44513 0.49442 0.44951 0.49941 0.45679 0.50089 0.45869 0.50621 0.46193 0.51831 0.46137 0.51999 0.45958 0.52189 0.45552 0.52379 0.45127 0.52776 0.44524
