1 0.60251 0.40763 0.60304 0.40112 0.60483 0.39039 0.60282 0.38756 0.59964 0.39897 0.59604 0.40880 0.59035 0.41517 0.59090 0.42258 0.59081 0.42921 0.59177 0.42967 0.59544 0.42858 0.59786 0.42362 0.60038 0.41557 0.60251 0.40763
1 0.59510 0.43617 0.59171 0.43755 0.58996 0.43958 0.59160 0.44022 0.59431 0.43866 0.59510 0.43617
1 0.58931 0.44833 0.58867 0.44484 0.58766 0.44457 0.58949 0.44090 0.58678 0.43976 0.58475 0.44690 0.58618 0.44874 0.58605 0.45327 0.58462 0.45995 0.58492 0.46876 0.58753 0.47070 0.58936 0.46704 0.58934 0.46080 0.58925 0.45621 0.58931 0.44833
1 0.44181 0.47632 0.44507 0.47677 0.44738 0.47532 0.44959 0.47113 0.44840 0.47019 0.44198 0.47117 0.44105 0.47465 0.44181 0.47632
4 0.57579 0.44412 0.57781 0.47588 0.57885 0.48144 0.58345 0.48267 0.58822 0.47683 0.59465 0.46525 0.59873 0.44706 0.59832 0.43960 0.60639 0.42593 0.61208 0.40817 0.61490 0.39217 0.61637 0.35584 0.61562 0.34669 0.61342 0.34197 0.61018 0.34064 0.60916 0.34197 0.60491 0.33946 0.60055 0.34426 0.59462 0.35346 0.59269 0.35868 0.59095 0.37015 0.57416 0.42188 0.57276 0.42908 0.57579 0.44412
4 0.51411 0.41176 0.51747 0.40669 0.51773 0.40171 0.52618 0.37368 0.53171 0.34555 0.53678 0.32763 0.53561 0.32456 0.53037 0.31627 0.52378 0.31152 0.51881 0.31065 0.51210 0.31184 0.50730 0.31583 0.51039 0.31873 0.51093 0.32415 0.50911 0.33146 0.50152 0.34985 0.48630 0.40316 0.48478 0.40735 0.48575 0.40668 0.48349 0.41664 0.48869 0.43502 0.49134 0.44055 0.49727 0.43731 0.50336 0.42999 0.50884 0.42894 0.50932 0.42516 0.51361 0.42058 0.51411 0.41176
4 0.56573 0.34640 0.56179 0.34122 0.55446 0.33627 0.54407 0.33027 0.54058 0.32888 0.53591 0.33038 0.53173 0.34648 0.52683 0.37225 0.51803 0.40110 0.51766 0.40697 0.51398 0.41126 0.51356 0.42125 0.50735 0.46434 0.50961 0.47827 0.51615 0.47772 0.52272 0.46663 0.53028 0.44937 0.53919 0.42606 0.54399 0.41265 0.55152 0.39149 0.56539 0.35067 0.56573 0.34640
1 0.43036 0.43399 0.42681 0.43553 0.42507 0.43486 0.42263 0.43856 0.42178 0.44353 0.42345 0.44584 0.42536 0.44366 0.43036 0.43399
4 0.43556 0.36493 0.43293 0.37226 0.42958 0.38724 0.42802 0.39638 0.42812 0.40138 0.42903 0.40755 0.42834 0.41177 0.42570 0.41833 0.42315 0.42702 0.42197 0.43263 0.42222 0.43710 0.42129 0.44431 0.41969 0.44904 0.41982 0.45309 0.41954 0.45952 0.41997 0.46250 0.42223 0.46235 0.42564 0.46039 0.43112 0.45612 0.43590 0.44574 0.44002 0.44072 0.44622 0.42669 0.45257 0.41750 0.45814 0.39795 0.46128 0.39286 0.46355 0.38811 0.46400 0.38230 0.46235 0.37727 0.46269 0.37143 0.47129 0.34390 0.47678 0.32299 0.47637 0.32039 0.47603 0.31667 0.47335 0.31423 0.46820 0.31687 0.46342 0.31941 0.45745 0.32221 0.45035 0.33255 0.44589 0.34130 0.44074 0.35388 0.43556 0.36493
1 0.50499 0.39354 0.50340 0.38958 0.50155 0.38432 0.49722 0.38336 0.49601 0.38387 0.49418 0.39293 0.49368 0.39570 0.49618 0.40032 0.49884 0.40208 0.50129 0.39878 0.50499 0.39354
4 0.45813 0.47180 0.45717 0.47039 0.45703 0.46844 0.46018 0.46622 0.46074 0.46370 0.46222 0.46027 0.46315 0.45306 0.46372 0.45092 0.46313 0.44444 0.46878 0.43620 0.47197 0.42635 0.48299 0.41342 0.48950 0.39202 0.50159 0.34898 0.50890 0.33123 0.51090 0.32374 0.50981 0.31828 0.50423 0.31432 0.50162 0.31362 0.49963 0.31308 0.49514 0.31096 0.48930 0.31285 0.48413 0.31674 0.48022 0.32188 0.47868 0.32514 0.47559 0.32822 0.46300 0.37075 0.46239 0.37747 0.46422 0.38210 0.46367 0.38814 0.45830 0.39772 0.45241 0.41772 0.44900 0.42383 0.44244 0.44540 0.44012 0.46773 0.43966 0.47526 0.43856 0.47975 0.43930 0.48282 0.44594 0.48288 0.45160 0.48497 0.45653 0.48189 0.45811 0.47562 0.45813 0.47180
4 0.57095 0.43732 0.57495 0.41842 0.58428 0.39108 0.59147 0.36822 0.59200 0.36125 0.59032 0.35758 0.57509 0.35029 0.56782 0.34559 0.56567 0.34662 0.56465 0.35392 0.54650 0.40575 0.54651 0.40920 0.54817 0.45371 0.54407 0.47946 0.54484 0.48656 0.54805 0.48650 0.55246 0.48148 0.55838 0.47182 0.55951 0.46363 0.56612 0.46081 0.56656 0.45519 0.57095 0.43732
1 0.55928 0.44070 0.56027 0.43474 0.55815 0.42690 0.55504 0.42502 0.55737 0.41900 0.56064 0.41178 0.56228 0.40474 0.56425 0.39156 0.56356 0.38016 0.56419 0.37555 0.56548 0.37029 0.56423 0.36372 0.55948 0.36972 0.55204 0.39119 0.54630 0.40544 0.54727 0.41214 0.54882 0.41671 0.54931 0.42660 0.54957 0.43914 0.55017 0.44906 0.55434 0.44831 0.55928 0.44070
