2 0.14676 0.50729 0.14805 0.51140 0.15677 0.51320 0.16935 0.53733 0.17782 0.53810 0.18783 0.53656 0.19245 0.53373 0.19220 0.52732 0.18783 0.51833 0.18732 0.51140 0.17449 0.50678 0.16037 0.50062 0.15652 0.49318 0.15010 0.49112 0.14882 0.49626 0.14676 0.50729
4 0.59413 0.45738 0.58718 0.46286 0.58613 0.47486 0.59223 0.47633 0.59497 0.48075 0.60570 0.47843 0.61854 0.47991 0.63033 0.47696 0.64232 0.47970 0.65748 0.47738 0.65916 0.46791 0.65916 0.46012 0.65916 0.45023 0.65600 0.44602 0.65558 0.43887 0.65348 0.43571 0.64990 0.42834 0.64043 0.42518 0.63285 0.42581 0.62507 0.42918 0.61538 0.43423 0.60781 0.44055 0.59981 0.44939 0.59413 0.45738
4 0.37503 0.46686 0.37398 0.47023 0.37124 0.48180 0.37019 0.48496 0.36893 0.49232 0.37082 0.50074 0.37208 0.50895 0.37208 0.51253 0.37355 0.53000 0.37629 0.53884 0.37987 0.54578 0.38450 0.55147 0.39018 0.55399 0.39923 0.55315 0.40618 0.55252 0.41039 0.55104 0.41123 0.54683 0.41334 0.54978 0.41670 0.55104 0.42260 0.54979 0.43417 0.54705 0.44301 0.54494 0.44617 0.54389 0.45627 0.54262 0.46469 0.53884 0.47227 0.53421 0.47500 0.53210 0.47858 0.52453 0.48090 0.51526 0.48195 0.50790 0.48237 0.50474 0.48195 0.49085 0.48153 0.48285 0.48132 0.47549 0.48026 0.46770 0.47879 0.45612 0.47458 0.45044 0.46385 0.44307 0.44975 0.43718 0.44659 0.43613 0.44133 0.43444 0.43817 0.43402 0.42933 0.43465 0.41565 0.44055 0.39418 0.45002 0.38092 0.45570 0.37882 0.45844 0.37503 0.46686
4 0.18982 0.50453 0.19045 0.50769 0.19318 0.52474 0.19529 0.53736 0.20055 0.54936 0.20939 0.55757 0.21823 0.55988 0.22139 0.56030 0.23002 0.56052 0.23969 0.55735 0.24875 0.55756 0.25633 0.55294 0.26116 0.54410 0.25633 0.50348 0.24622 0.49674 0.23191 0.48201 0.21676 0.47843 0.20329 0.48180 0.19718 0.48306 0.19403 0.48348 0.18834 0.48833 0.18982 0.50453
4 0.47605 0.53088 0.46623 0.53772 0.45764 0.54351 0.44396 0.54456 0.43694 0.54719 0.43817 0.56368 0.44045 0.57859 0.44203 0.58525 0.44747 0.59262 0.45396 0.59578 0.49219 0.58841 0.50832 0.58560 0.51657 0.56982 0.51639 0.55456 0.51394 0.53948 0.51253 0.53264 0.50412 0.51825 0.49868 0.51720 0.48745 0.51825 0.47851 0.51913 0.47605 0.53088
4 0.25759 0.50390 0.26180 0.54852 0.26390 0.55631 0.26979 0.56494 0.27464 0.56788 0.28242 0.56641 0.28937 0.56683 0.29463 0.56872 0.29758 0.56999 0.30558 0.57167 0.31399 0.57230 0.32199 0.57314 0.32999 0.57230 0.33609 0.56872 0.33883 0.56704 0.34493 0.56809 0.35503 0.56535 0.36429 0.56031 0.36977 0.54936 0.36998 0.53526 0.36829 0.52158 0.36724 0.50958 0.36577 0.50032 0.35924 0.48917 0.35020 0.48328 0.34725 0.48117 0.34051 0.47612 0.33251 0.47023 0.32978 0.46854 0.32515 0.46644 0.32199 0.46580 0.30894 0.46707 0.29715 0.46707 0.26895 0.47085 0.25759 0.48285 0.25675 0.50074 0.25759 0.50390
4 0.14688 0.50663 0.14688 0.51000 0.14793 0.51316 0.15362 0.51358 0.15761 0.52369 0.16225 0.53568 0.16940 0.53947 0.17256 0.53968 0.18056 0.53884 0.19192 0.53673 0.19466 0.52979 0.19066 0.52095 0.18961 0.50874 0.18898 0.50516 0.18624 0.49822 0.18056 0.49569 0.16835 0.48896 0.15888 0.48496 0.15404 0.48412 0.14835 0.49464 0.14688 0.50663
4 0.51517 0.54754 0.51727 0.55719 0.52569 0.56070 0.53253 0.56719 0.53797 0.57280 0.55323 0.57122 0.56901 0.56754 0.57988 0.56333 0.58445 0.55088 0.58690 0.53702 0.58637 0.52983 0.58217 0.51965 0.57919 0.51352 0.58006 0.50826 0.57515 0.50615 0.56322 0.50545 0.54919 0.50983 0.53692 0.51422 0.53099 0.51253 0.51376 0.51510 0.50657 0.51667 0.50657 0.52194 0.51253 0.53264 0.51517 0.54754
4 0.37801 0.59630 0.37450 0.58437 0.36556 0.55877 0.35591 0.56596 0.34493 0.56809 0.33815 0.56746 0.33609 0.56872 0.32999 0.57230 0.31645 0.57350 0.31084 0.57227 0.29856 0.57122 0.31241 0.59736 0.32101 0.61086 0.33013 0.61998 0.35240 0.62103 0.37521 0.61735 0.37801 0.59630
4 0.37713 0.59139 0.38240 0.60314 0.38941 0.61191 0.40046 0.61244 0.42326 0.60578 0.43343 0.60174 0.43940 0.58648 0.43764 0.57473 0.43343 0.55421 0.43378 0.54825 0.41800 0.55105 0.41334 0.54978 0.41123 0.54683 0.41039 0.55104 0.40222 0.55262 0.39018 0.55399 0.38328 0.55088 0.37521 0.53667 0.37012 0.53842 0.36977 0.54936 0.36556 0.55877 0.37713 0.59139
2 0.60240 0.45096 0.59788 0.45647 0.60323 0.46500 0.60507 0.47804 0.61878 0.47938 0.62948 0.47654 0.64185 0.47955 0.65306 0.47336 0.65657 0.46650 0.65890 0.45112 0.65506 0.44544 0.65540 0.43942 0.65339 0.43591 0.64988 0.42805 0.64018 0.42521 0.63366 0.42588 0.63299 0.42705 0.62781 0.43440 0.62029 0.43624 0.61460 0.44109 0.60240 0.45096
4 0.49037 0.45107 0.48510 0.45654 0.48342 0.46538 0.48447 0.46896 0.48784 0.47338 0.48952 0.47696 0.49142 0.48854 0.49373 0.49843 0.49584 0.50790 0.49668 0.51105 0.49900 0.51358 0.50636 0.51442 0.52362 0.51421 0.53099 0.51253 0.53562 0.51358 0.57287 0.50180 0.58108 0.49801 0.58529 0.49127 0.58340 0.46118 0.58213 0.44476 0.57203 0.43381 0.55582 0.42708 0.53583 0.42939 0.51920 0.43360 0.50426 0.43908 0.49289 0.44855 0.49037 0.45107
