2 0.19464 0.54978 0.19405 0.54339 0.18922 0.53465 0.18835 0.52775 0.17529 0.52381 0.16087 0.51839 0.15663 0.51116 0.15012 0.50945 0.14910 0.51464 0.14763 0.52577 0.14913 0.52981 0.15793 0.53115 0.17176 0.55458 0.18026 0.55491 0.19018 0.55285 0.19464 0.54978
4 0.61733 0.47373 0.62894 0.47017 0.64107 0.47227 0.65608 0.46917 0.65726 0.45962 0.65686 0.45185 0.65634 0.44197 0.65297 0.43793 0.65217 0.43081 0.64990 0.42776 0.64595 0.42059 0.63632 0.41794 0.62879 0.41896 0.62119 0.42273 0.61178 0.42828 0.60455 0.43499 0.59703 0.44423 0.59177 0.45252 0.58512 0.45835 0.58470 0.47038 0.59087 0.47153 0.59383 0.47580 0.60443 0.47293 0.61733 0.47373
4 0.37273 0.51563 0.37291 0.51921 0.37530 0.53657 0.37850 0.54526 0.38243 0.55201 0.38735 0.55744 0.39316 0.55966 0.40215 0.55835 0.40905 0.55736 0.41318 0.55566 0.41380 0.55142 0.41606 0.55425 0.41949 0.55533 0.42531 0.55377 0.43673 0.55043 0.44544 0.54786 0.44854 0.54665 0.45856 0.54486 0.46677 0.54063 0.47409 0.53561 0.47672 0.53337 0.47989 0.52561 0.48172 0.51624 0.48239 0.50883 0.48264 0.50566 0.48149 0.49181 0.48066 0.48384 0.48006 0.47650 0.47860 0.46878 0.47652 0.45729 0.47202 0.45184 0.46092 0.44504 0.44653 0.43990 0.44332 0.43901 0.43798 0.43760 0.43480 0.43735 0.42601 0.43844 0.41265 0.44504 0.39171 0.45563 0.37877 0.46200 0.37681 0.46484 0.37347 0.47344 0.37259 0.47686 0.37047 0.48856 0.36958 0.49177 0.36870 0.49919 0.37104 0.50750 0.37273 0.51563
4 0.22175 0.57455 0.22492 0.57480 0.23355 0.57456 0.24305 0.57089 0.25210 0.57063 0.25943 0.56562 0.26380 0.55654 0.25684 0.51623 0.24640 0.51003 0.23134 0.49607 0.21602 0.49329 0.20274 0.49735 0.19671 0.49893 0.19358 0.49952 0.18816 0.50465 0.19048 0.52076 0.19128 0.52388 0.19490 0.54076 0.19766 0.55326 0.20354 0.56497 0.21280 0.57270 0.22175 0.57455
4 0.44465 0.58160 0.44657 0.58817 0.45238 0.59524 0.45903 0.59806 0.49683 0.58870 0.51279 0.58505 0.52020 0.56885 0.51923 0.55363 0.51599 0.53869 0.51422 0.53194 0.50507 0.51801 0.49958 0.51725 0.48843 0.51888 0.47954 0.52023 0.47770 0.53209 0.46825 0.53944 0.45997 0.54567 0.44637 0.54743 0.43950 0.55043 0.44159 0.56683 0.44465 0.58160
4 0.29316 0.57776 0.29851 0.57938 0.30152 0.58048 0.30959 0.58175 0.31803 0.58194 0.32606 0.58236 0.33401 0.58110 0.33991 0.57721 0.34256 0.57538 0.34871 0.57612 0.35865 0.57285 0.36763 0.56733 0.37253 0.55611 0.37200 0.54202 0.36960 0.52844 0.36793 0.51652 0.36597 0.50735 0.35887 0.49655 0.34952 0.49114 0.34647 0.48919 0.33948 0.48450 0.33118 0.47903 0.32837 0.47749 0.32363 0.47563 0.32045 0.47517 0.30748 0.47711 0.29571 0.47773 0.26774 0.48299 0.25702 0.49556 0.25712 0.51347 0.25812 0.51658 0.26466 0.56092 0.26717 0.56859 0.27351 0.57690 0.27850 0.57958 0.28620 0.57770 0.29316 0.57776
4 0.17192 0.55672 0.17508 0.55676 0.18303 0.55550 0.19427 0.55281 0.19664 0.54573 0.19218 0.53711 0.19049 0.52497 0.18967 0.52143 0.18658 0.51464 0.18077 0.51242 0.16823 0.50633 0.15856 0.50283 0.15368 0.50224 0.14856 0.51305 0.14771 0.52511 0.14789 0.52847 0.14910 0.53157 0.15480 0.53169 0.15932 0.54158 0.16458 0.55331 0.17192 0.55672
4 0.57245 0.56383 0.58309 0.55906 0.58699 0.54639 0.58872 0.53242 0.58782 0.52527 0.58308 0.51533 0.57978 0.50935 0.58038 0.50405 0.57537 0.50221 0.56342 0.50213 0.54964 0.50725 0.53761 0.51227 0.53160 0.51089 0.51453 0.51435 0.50744 0.51631 0.50771 0.52156 0.51422 0.53194 0.51763 0.54668 0.52024 0.55621 0.52883 0.55927 0.53600 0.56539 0.54173 0.57071 0.55688 0.56834 0.57245 0.56383
4 0.33991 0.57721 0.33401 0.58110 0.32055 0.58301 0.31488 0.58207 0.30256 0.58167 0.31777 0.60704 0.32706 0.62008 0.33664 0.62871 0.35894 0.62859 0.38152 0.62372 0.38322 0.60256 0.37909 0.59083 0.36882 0.56573 0.35956 0.57341 0.34871 0.57612 0.34190 0.57584 0.33991 0.57721
4 0.44401 0.58953 0.44164 0.57789 0.43636 0.55762 0.43640 0.55164 0.42078 0.55527 0.41606 0.55425 0.41380 0.55142 0.41318 0.55566 0.40510 0.55766 0.39316 0.55966 0.38610 0.55692 0.37730 0.54315 0.37231 0.54517 0.37253 0.55611 0.36882 0.56573 0.38209 0.59770 0.38795 0.60916 0.39542 0.61755 0.40648 0.61749 0.42890 0.60965 0.43885 0.60508 0.44401 0.58953
2 0.64059 0.47215 0.65145 0.46538 0.65460 0.45836 0.65613 0.44287 0.65199 0.43740 0.65201 0.43137 0.64982 0.42797 0.64591 0.42030 0.63608 0.41798 0.62960 0.41898 0.62899 0.42019 0.62420 0.42780 0.61678 0.43003 0.61136 0.43517 0.59969 0.44566 0.59547 0.45141 0.60126 0.45965 0.60378 0.47257 0.61754 0.47319 0.62808 0.46979 0.64059 0.47215
4 0.49083 0.48900 0.49366 0.49876 0.49626 0.50810 0.49726 0.51121 0.49971 0.51362 0.50711 0.51407 0.52433 0.51296 0.53160 0.51089 0.53628 0.51170 0.57287 0.49798 0.58086 0.49377 0.58471 0.48682 0.58125 0.45686 0.57913 0.44053 0.56846 0.43014 0.55193 0.42426 0.53208 0.42762 0.51570 0.43269 0.50106 0.43894 0.49021 0.44899 0.48782 0.45164 0.48285 0.45738 0.48163 0.46630 0.48287 0.46982 0.48647 0.47405 0.48833 0.47754 0.49083 0.48900
