1 0.47098 0.09887 0.47200 0.10856 0.47343 0.10583 0.47391 0.10217 0.47324 0.10070 0.47098 0.09887
1 0.50857 0.36462 0.50272 0.37390 0.50267 0.37731 0.51012 0.37344 0.51328 0.37404 0.51790 0.37661 0.52303 0.37642 0.52165 0.37316 0.51582 0.36881 0.51278 0.36541 0.50857 0.36462
4 0.56064 0.52740 0.57126 0.52379 0.58549 0.51979 0.58948 0.51337 0.59004 0.50284 0.58719 0.48515 0.58480 0.46891 0.57861 0.44160 0.56514 0.40855 0.55721 0.40289 0.55211 0.40192 0.54188 0.40599 0.53426 0.41279 0.52567 0.41968 0.51692 0.42211 0.50653 0.42469 0.49318 0.42760 0.47873 0.42962 0.47162 0.43486 0.46509 0.44254 0.46099 0.44148 0.45769 0.43233 0.45053 0.42758 0.44724 0.42792 0.44574 0.42959 0.44454 0.43721 0.44317 0.44634 0.44047 0.45862 0.44170 0.47347 0.44528 0.49806 0.45249 0.52228 0.46201 0.51779 0.46872 0.51508 0.47981 0.50642 0.49013 0.49685 0.49896 0.48892 0.51250 0.49100 0.52653 0.50401 0.54697 0.52734 0.56064 0.52740
2 0.53717 0.51554 0.54518 0.50689 0.55868 0.50324 0.56862 0.50815 0.57986 0.51366 0.58864 0.51236 0.58658 0.49511 0.58234 0.48069 0.58014 0.46679 0.57674 0.45340 0.57271 0.43859 0.56679 0.42472 0.56202 0.41480 0.55683 0.41015 0.55164 0.40326 0.54215 0.40500 0.52806 0.41949 0.50180 0.42671 0.48426 0.42967 0.47785 0.42997 0.47037 0.43671 0.46530 0.44504 0.46025 0.46081 0.45519 0.48327 0.45782 0.49898 0.46283 0.51592 0.47355 0.51182 0.49192 0.49316 0.50146 0.48957 0.51199 0.49069 0.52259 0.49960 0.53717 0.51554
4 0.49105 0.59775 0.50003 0.59300 0.51386 0.59466 0.53180 0.61568 0.53964 0.62421 0.55263 0.62458 0.56693 0.62412 0.57435 0.61987 0.57612 0.61032 0.57478 0.59762 0.57089 0.58035 0.56747 0.56543 0.55972 0.54891 0.55012 0.53014 0.53103 0.50927 0.51419 0.49438 0.50732 0.49059 0.49717 0.49305 0.48759 0.50099 0.47074 0.51248 0.45336 0.52090 0.44976 0.52856 0.44703 0.53994 0.44404 0.54894 0.44016 0.56044 0.43994 0.57815 0.44376 0.60134 0.44895 0.61988 0.45207 0.62752 0.45468 0.62378 0.45798 0.61997 0.46017 0.61662 0.46815 0.61543 0.47766 0.61131 0.48187 0.60739 0.48626 0.60276 0.49105 0.59775
4 0.51025 0.40784 0.52196 0.40512 0.53508 0.39674 0.54841 0.38735 0.57713 0.37535 0.58636 0.36488 0.58935 0.35208 0.58686 0.33786 0.58210 0.32437 0.57694 0.30693 0.56685 0.27752 0.55470 0.25382 0.54105 0.24128 0.53577 0.23534 0.53426 0.23050 0.52783 0.22318 0.52335 0.21866 0.51351 0.21369 0.49978 0.21314 0.49208 0.21594 0.47893 0.22082 0.46763 0.22102 0.45916 0.22290 0.45228 0.22712 0.44147 0.23525 0.43785 0.24513 0.43828 0.25558 0.43805 0.26608 0.43617 0.28627 0.43765 0.29710 0.44047 0.31129 0.44279 0.32703 0.44250 0.34653 0.44630 0.36362 0.45091 0.38212 0.45792 0.39486 0.46813 0.40328 0.48249 0.40676 0.49649 0.40680 0.51025 0.40784
4 0.55140 0.16634 0.54672 0.11595 0.53892 0.09458 0.52711 0.06438 0.51619 0.05443 0.49982 0.03950 0.48286 0.03666 0.46473 0.04597 0.45929 0.08815 0.44859 0.14476 0.44026 0.19466 0.43934 0.22713 0.45126 0.22310 0.46896 0.22124 0.50103 0.20955 0.53167 0.21928 0.54850 0.19161 0.55140 0.16634
1 0.51099 0.24613 0.51110 0.24440 0.50862 0.24120 0.50732 0.25210 0.50799 0.25849 0.51111 0.26224 0.51278 0.26314 0.51475 0.26272 0.51417 0.25998 0.51073 0.25583 0.51065 0.25240 0.51097 0.25000 0.51099 0.24613
1 0.47743 0.13071 0.48423 0.12663 0.48663 0.12329 0.47726 0.12428 0.47310 0.12885 0.47154 0.13365 0.47743 0.13071
2 0.55377 0.25399 0.53857 0.23846 0.53339 0.22990 0.52518 0.22648 0.51208 0.22412 0.50531 0.23447 0.50698 0.26052 0.51436 0.26617 0.52287 0.25885 0.53277 0.26476 0.54489 0.27473 0.56084 0.30089 0.57591 0.31857 0.57456 0.29890 0.56703 0.27829 0.55377 0.25399
