4 0.49052 0.71053 0.48587 0.71053 0.48244 0.71932 0.48304 0.73175 0.48345 0.73660 0.48446 0.74508 0.48506 0.74963 0.48688 0.75751 0.48809 0.76206 0.49092 0.77145 0.49496 0.77994 0.50042 0.78933 0.50648 0.79206 0.51840 0.79206 0.52426 0.79085 0.52648 0.78600 0.53032 0.77751 0.53497 0.76812 0.53679 0.76387 0.54043 0.75630 0.54406 0.74781 0.54507 0.73660 0.54447 0.72235 0.54447 0.71660 0.54184 0.71023 0.53275 0.71023 0.52972 0.71144 0.52345 0.71084 0.50830 0.71084 0.50325 0.71084 0.49698 0.71084 0.49395 0.71053 0.49052 0.71053
4 0.28117 0.61819 0.28029 0.62517 0.27971 0.64001 0.27971 0.65135 0.27971 0.66488 0.27942 0.67798 0.28320 0.68889 0.29397 0.70416 0.30211 0.71638 0.31026 0.72555 0.31957 0.73166 0.32510 0.72686 0.32888 0.72075 0.33557 0.71027 0.33907 0.70591 0.34227 0.69936 0.34372 0.68758 0.34430 0.67317 0.34547 0.66445 0.35652 0.66139 0.35710 0.65310 0.35798 0.64437 0.35652 0.63521 0.35274 0.63128 0.34983 0.62561 0.33994 0.61775 0.32888 0.61208 0.32074 0.60684 0.31172 0.59593 0.30066 0.59244 0.29019 0.60073 0.28437 0.60684 0.28117 0.61819
4 0.18459 0.30309 0.17914 0.30874 0.16950 0.31000 0.16322 0.31314 0.15777 0.32383 0.14520 0.34268 0.14143 0.35902 0.13934 0.36845 0.13724 0.39295 0.13934 0.42186 0.14353 0.44637 0.14646 0.45643 0.15065 0.46523 0.16154 0.47905 0.17495 0.48597 0.18710 0.47968 0.20135 0.47214 0.21224 0.46209 0.22481 0.45643 0.23109 0.45580 0.23780 0.45580 0.25162 0.45580 0.26503 0.45580 0.27508 0.45140 0.27634 0.42186 0.27508 0.41244 0.27425 0.38793 0.27634 0.35650 0.27299 0.33765 0.26670 0.31628 0.25874 0.30371 0.24408 0.29366 0.23277 0.28989 0.21391 0.29115 0.19799 0.29680 0.18459 0.30309
2 0.15945 0.34518 0.15819 0.36215 0.16406 0.37912 0.17495 0.39232 0.17369 0.40426 0.16447 0.40992 0.15987 0.41620 0.15945 0.43568 0.15819 0.45139 0.16322 0.47653 0.17872 0.48533 0.19380 0.47716 0.20931 0.46459 0.22104 0.45642 0.25162 0.45642 0.25665 0.44762 0.25958 0.43568 0.25791 0.42626 0.25749 0.40740 0.26084 0.39735 0.26628 0.39232 0.26210 0.37975 0.25414 0.36844 0.25623 0.35587 0.26168 0.34078 0.25330 0.33073 0.24701 0.34141 0.23780 0.35713 0.23109 0.35713 0.22104 0.35713 0.20554 0.35021 0.19255 0.34832 0.17998 0.34141 0.17872 0.32947 0.19338 0.32004 0.19255 0.30307 0.16657 0.31816 0.16406 0.32319 0.15945 0.34518
4 0.41576 0.72751 0.41616 0.73205 0.41657 0.74145 0.41718 0.74599 0.41920 0.75539 0.41980 0.75993 0.42182 0.76903 0.42566 0.77963 0.42990 0.78388 0.43698 0.78388 0.44506 0.78600 0.44870 0.78691 0.45314 0.78812 0.45819 0.78964 0.46203 0.78297 0.46526 0.77539 0.46910 0.76751 0.47375 0.75872 0.47739 0.74902 0.47819 0.74448 0.48082 0.73690 0.48385 0.72508 0.48385 0.71993 0.48203 0.71265 0.47920 0.71084 0.47173 0.70871 0.46829 0.70871 0.45658 0.70720 0.44789 0.70720 0.44344 0.70508 0.42122 0.69811 0.41576 0.69871 0.41334 0.70265 0.41475 0.71629 0.41576 0.72751
4 0.34824 0.66601 0.34561 0.66904 0.34379 0.67662 0.34480 0.68723 0.34581 0.69299 0.34642 0.69965 0.34763 0.70996 0.34925 0.71632 0.35046 0.72450 0.35288 0.73360 0.35551 0.73905 0.35834 0.74602 0.36197 0.75633 0.36460 0.76633 0.36703 0.76936 0.37006 0.77027 0.37996 0.77391 0.38703 0.77300 0.39430 0.76481 0.39774 0.75996 0.39996 0.75663 0.40542 0.74633 0.40723 0.74026 0.40845 0.73602 0.41027 0.72845 0.41188 0.72208 0.41330 0.71784 0.41431 0.71117 0.41330 0.70390 0.41107 0.69753 0.40723 0.69450 0.40178 0.69207 0.39491 0.68814 0.38925 0.68389 0.38662 0.68086 0.38400 0.67753 0.37955 0.67298 0.37551 0.67086 0.37268 0.66904 0.36844 0.66843 0.36541 0.66631 0.36278 0.66298 0.35709 0.66053 0.35147 0.66298 0.35369 0.66298 0.34824 0.66601
4 0.23316 0.45802 0.22298 0.45758 0.20988 0.46020 0.19766 0.47329 0.18893 0.48202 0.18573 0.49075 0.18370 0.51344 0.18428 0.51999 0.18573 0.53003 0.19155 0.55098 0.20174 0.56363 0.21367 0.57018 0.22705 0.56232 0.23607 0.54661 0.24683 0.54181 0.25935 0.53963 0.26371 0.53832 0.26924 0.53396 0.27244 0.52872 0.27651 0.52217 0.28029 0.50777 0.28087 0.49380 0.27593 0.47984 0.27098 0.46893 0.26342 0.45976 0.24858 0.45758 0.23840 0.45802 0.23316 0.45802
4 0.64165 0.60567 0.63741 0.60779 0.63236 0.61082 0.62589 0.61870 0.62165 0.62749 0.61983 0.63143 0.61640 0.63567 0.61337 0.63901 0.61033 0.64295 0.60447 0.64871 0.60145 0.64931 0.59700 0.65083 0.59457 0.65568 0.59518 0.66537 0.59942 0.67204 0.60528 0.67447 0.60872 0.67931 0.61337 0.68598 0.61640 0.69447 0.61559 0.70417 0.61539 0.70871 0.61680 0.71538 0.62225 0.72235 0.62448 0.72811 0.62670 0.73569 0.62973 0.74418 0.63377 0.74720 0.64448 0.74175 0.64751 0.73902 0.65095 0.73660 0.65782 0.73357 0.66469 0.73053 0.66974 0.72478 0.67115 0.71387 0.67196 0.70356 0.67297 0.69205 0.67398 0.68205 0.67398 0.67538 0.67398 0.66992 0.67438 0.65931 0.67540 0.64810 0.67498 0.63265 0.67418 0.61840 0.67176 0.61021 0.66974 0.60870 0.65358 0.59749 0.65075 0.59930 0.64771 0.60112 0.64468 0.60415 0.64165 0.60567
1 0.24223 0.45541 0.24428 0.45049 0.24449 0.44340 0.24182 0.44094 0.23833 0.44094 0.23422 0.44278 0.22826 0.45203 0.22806 0.45541 0.23484 0.45541 0.24223 0.45541
4 0.30328 0.54923 0.29891 0.54268 0.28844 0.53745 0.28407 0.53701 0.27855 0.53570 0.27389 0.53614 0.26458 0.53745 0.25382 0.54355 0.24945 0.54574 0.24392 0.54661 0.24043 0.55098 0.23636 0.55447 0.23229 0.55927 0.22938 0.57018 0.22909 0.59200 0.22734 0.60684 0.22676 0.61906 0.22821 0.63172 0.22967 0.63826 0.23258 0.64917 0.24189 0.66008 0.24945 0.66358 0.25382 0.66270 0.26371 0.65528 0.27273 0.64655 0.27622 0.64219 0.27826 0.63346 0.27826 0.62648 0.28180 0.61502 0.28584 0.60452 0.29585 0.59624 0.30211 0.59287 0.30444 0.59244 0.30793 0.57629 0.30939 0.56887 0.30823 0.56232 0.30328 0.54923
1 0.18350 0.46281 0.17918 0.46311 0.17467 0.46311 0.17651 0.46804 0.18308 0.47420 0.18596 0.47482 0.18863 0.47451 0.19417 0.47235 0.19684 0.47051 0.20033 0.46804 0.20075 0.46280 0.19561 0.46157 0.19376 0.45387 0.18596 0.45665 0.18350 0.46281
4 0.15149 0.16923 0.14353 0.19562 0.13682 0.21950 0.13305 0.22767 0.12635 0.23835 0.11923 0.26224 0.12216 0.27983 0.12803 0.28423 0.14059 0.29555 0.16405 0.30373 0.18710 0.29806 0.20093 0.28675 0.21350 0.28675 0.22942 0.28549 0.23863 0.27355 0.24198 0.25281 0.24324 0.23081 0.23570 0.21699 0.23486 0.18871 0.23696 0.16357 0.23235 0.14157 0.21266 0.12837 0.18668 0.11769 0.17076 0.11329 0.16406 0.11706 0.15819 0.13277 0.15149 0.16923
4 0.58084 0.68871 0.57376 0.69326 0.56891 0.69659 0.56205 0.70053 0.55760 0.70326 0.55134 0.70811 0.54770 0.71084 0.54649 0.71750 0.54628 0.72690 0.54649 0.73145 0.54750 0.73751 0.54851 0.74205 0.54992 0.74933 0.55174 0.75327 0.55578 0.75842 0.56043 0.76478 0.56467 0.77297 0.56811 0.77963 0.57397 0.78266 0.57720 0.78145 0.58589 0.77933 0.58912 0.77782 0.59377 0.77448 0.59538 0.76993 0.59801 0.76115 0.60145 0.75054 0.60245 0.74599 0.60508 0.73811 0.60811 0.73114 0.61135 0.71932 0.61236 0.71084 0.61337 0.69962 0.61438 0.69447 0.61539 0.68720 0.61337 0.68295 0.60832 0.67810 0.60791 0.67780 0.60043 0.67386 0.59639 0.67931 0.58932 0.68538 0.58629 0.68659 0.58084 0.68871
