4 0.42929 0.73987 0.42929 0.74796 0.42945 0.75266 0.43009 0.76245 0.43212 0.77163 0.43532 0.78201 0.44062 0.78603 0.45223 0.78871 0.45821 0.78885 0.46147 0.78463 0.46712 0.77722 0.47376 0.76911 0.47649 0.76539 0.48174 0.75882 0.48719 0.75137 0.49070 0.74067 0.49331 0.72666 0.49460 0.72105 0.49348 0.71425 0.48462 0.71221 0.48139 0.71271 0.47542 0.71071 0.46066 0.70730 0.45574 0.70616 0.44963 0.70475 0.44675 0.70378 0.44340 0.70300 0.43888 0.70196 0.43355 0.70975 0.43135 0.72200 0.43065 0.72681 0.42972 0.73530 0.42929 0.73987
4 0.24627 0.63528 0.25332 0.65258 0.25851 0.66632 0.26439 0.67709 0.27209 0.68513 0.27855 0.68170 0.28361 0.67660 0.29249 0.66789 0.29687 0.66443 0.30146 0.65877 0.30553 0.64761 0.30934 0.63371 0.31243 0.62547 0.32389 0.62498 0.32633 0.61703 0.32914 0.60872 0.32978 0.59946 0.32698 0.59479 0.32542 0.58861 0.31755 0.57873 0.30806 0.57071 0.30130 0.56377 0.29496 0.55112 0.28497 0.54523 0.27290 0.55095 0.26586 0.55559 0.26019 0.56593 0.25777 0.57254 0.25386 0.58687 0.25131 0.59792 0.24827 0.61110 0.24504 0.62380 0.24627 0.63528
4 0.18234 0.28197 0.17818 0.29069 0.17062 0.31410 0.16616 0.34274 0.16473 0.36756 0.16532 0.37802 0.16743 0.38753 0.17493 0.40345 0.18644 0.41321 0.19969 0.40982 0.21527 0.40567 0.22814 0.39832 0.24166 0.39564 0.24793 0.39644 0.25446 0.39795 0.26793 0.40106 0.28099 0.40408 0.29178 0.40205 0.29965 0.37355 0.30055 0.36409 0.30524 0.34002 0.31435 0.30987 0.31533 0.29075 0.31401 0.26851 0.30908 0.25448 0.29706 0.24138 0.28688 0.23516 0.26823 0.23214 0.25144 0.23407 0.23697 0.23718 0.23039 0.24147 0.22071 0.24052 0.21388 0.24217 0.20617 0.25136 0.18969 0.26690 0.18234 0.28197
2 0.18744 0.34183 0.18265 0.36072 0.17789 0.37575 0.17713 0.40137 0.19025 0.41343 0.20679 0.40887 0.22472 0.40010 0.23799 0.39478 0.26779 0.40166 0.27467 0.39422 0.28021 0.38325 0.28070 0.37369 0.28453 0.35522 0.29006 0.34618 0.29650 0.34250 0.29524 0.32931 0.29003 0.31650 0.29490 0.30472 0.30360 0.29125 0.29770 0.27957 0.28917 0.28857 0.27666 0.30180 0.27013 0.30030 0.26033 0.29803 0.24678 0.28781 0.23455 0.28305 0.22385 0.27349 0.22532 0.26157 0.24173 0.25568 0.24473 0.23896 0.21602 0.24782 0.21244 0.25215 0.20300 0.27254 0.19796 0.28880 0.19986 0.30665 0.20750 0.32196 0.20359 0.33331 0.19334 0.33675 0.18744 0.34183
4 0.36331 0.74455 0.36466 0.75574 0.36784 0.76083 0.37473 0.76242 0.38213 0.76631 0.38547 0.76801 0.38953 0.77019 0.39411 0.77281 0.39935 0.76718 0.40420 0.76052 0.40972 0.75370 0.41622 0.74619 0.42195 0.73755 0.42376 0.73330 0.42802 0.72651 0.43363 0.71568 0.43479 0.71066 0.43466 0.70316 0.43231 0.70075 0.42550 0.69700 0.42215 0.69623 0.41108 0.69212 0.40261 0.69017 0.39876 0.68710 0.37867 0.67531 0.37322 0.67467 0.36997 0.67796 0.36828 0.69157 0.36674 0.70273 0.36611 0.70724 0.36439 0.71649 0.36396 0.72106 0.36382 0.73066 0.36339 0.73523 0.36331 0.74455
4 0.30430 0.67030 0.30445 0.67686 0.30379 0.68511 0.30410 0.69452 0.30544 0.70042 0.30663 0.70785 0.30785 0.71871 0.30816 0.72905 0.30984 0.73254 0.31259 0.73411 0.32142 0.73988 0.32851 0.74059 0.33744 0.73425 0.34188 0.73030 0.34479 0.72755 0.35243 0.71874 0.35557 0.71324 0.35770 0.70938 0.36118 0.70240 0.36418 0.69657 0.36651 0.69275 0.36900 0.68648 0.36965 0.67917 0.36892 0.67246 0.36586 0.66865 0.36109 0.66506 0.35528 0.65967 0.35072 0.65427 0.34885 0.65072 0.34704 0.64688 0.34373 0.64145 0.34027 0.63848 0.33792 0.63607 0.33392 0.63452 0.33145 0.63177 0.32964 0.62794 0.32464 0.62426 0.31861 0.62539 0.32078 0.62589 0.31478 0.62762 0.31154 0.62998 0.30806 0.63695 0.30666 0.64752 0.30635 0.65335 0.30544 0.65999 0.30430 0.67030
4 0.18878 0.44195 0.18787 0.44845 0.18703 0.45856 0.18799 0.48028 0.19507 0.49491 0.20522 0.50397 0.22002 0.49932 0.23235 0.48605 0.24392 0.48379 0.25660 0.48448 0.26115 0.48418 0.26751 0.48118 0.27181 0.47679 0.27725 0.47133 0.28418 0.45815 0.28788 0.44467 0.28621 0.42995 0.28384 0.41821 0.27853 0.40757 0.26457 0.40211 0.25455 0.40024 0.24944 0.39907 0.23962 0.39635 0.22627 0.39596 0.21142 0.40597 0.20095 0.41251 0.19587 0.42029 0.18878 0.44195
4 0.58289 0.65838 0.57919 0.66095 0.57535 0.66410 0.56835 0.66840 0.56526 0.66830 0.56058 0.66878 0.55713 0.67296 0.55554 0.68255 0.55818 0.69000 0.56334 0.69368 0.56560 0.69917 0.56862 0.70672 0.56967 0.71567 0.56670 0.72494 0.56548 0.72932 0.56536 0.73613 0.56910 0.74415 0.56998 0.75027 0.57044 0.75815 0.57148 0.76710 0.57473 0.77096 0.58640 0.76805 0.58996 0.76608 0.59385 0.76449 0.60123 0.76308 0.60861 0.76167 0.61482 0.75720 0.61865 0.74689 0.62176 0.73703 0.62534 0.72603 0.62857 0.71652 0.63007 0.71002 0.63130 0.70470 0.63408 0.69446 0.63758 0.68376 0.64066 0.66861 0.64308 0.65455 0.64256 0.64603 0.64093 0.64410 0.62771 0.62953 0.62454 0.63067 0.62118 0.63176 0.61755 0.63403 0.61425 0.63482 0.60964 0.63594 0.60404 0.63776 0.59597 0.64398 0.58985 0.65159 0.58720 0.65502 0.58289 0.65838
1 0.24602 0.39213 0.24506 0.39538 0.25166 0.39691 0.25886 0.39857 0.26197 0.39423 0.26377 0.38737 0.26172 0.38437 0.25832 0.38359 0.25390 0.38446 0.24602 0.39213
4 0.26219 0.48353 0.25033 0.48706 0.24558 0.48820 0.24000 0.48781 0.23562 0.49128 0.23086 0.49377 0.22582 0.49753 0.22053 0.50750 0.21533 0.52870 0.21030 0.54277 0.20698 0.55454 0.20555 0.56720 0.20549 0.57391 0.20587 0.58519 0.21249 0.59792 0.21908 0.60302 0.22353 0.60315 0.23483 0.59815 0.24559 0.59167 0.24997 0.58821 0.25392 0.58016 0.25549 0.57335 0.26152 0.56299 0.26781 0.55367 0.27943 0.54785 0.28629 0.54598 0.28866 0.54608 0.29570 0.53113 0.29878 0.52423 0.29912 0.51758 0.29725 0.50372 0.29447 0.49635 0.28544 0.48890 0.28128 0.48749 0.27619 0.48497 0.27156 0.48435 0.26219 0.48353
1 0.20234 0.40512 0.20823 0.40427 0.21125 0.40307 0.21520 0.40145 0.21679 0.39644 0.21206 0.39409 0.21199 0.38617 0.20376 0.38711 0.19997 0.39256 0.19570 0.39189 0.19130 0.39087 0.19199 0.39609 0.19701 0.40358 0.19967 0.40482 0.20234 0.40512
4 0.18137 0.20048 0.18610 0.20609 0.19580 0.21994 0.21682 0.23319 0.24055 0.23285 0.25656 0.22493 0.26881 0.22776 0.28461 0.23012 0.29627 0.22056 0.30420 0.20110 0.31038 0.17995 0.30614 0.16479 0.31168 0.13704 0.31938 0.11302 0.31984 0.09055 0.30362 0.07326 0.28071 0.05701 0.26619 0.04914 0.25881 0.05131 0.24956 0.06530 0.23483 0.09930 0.22113 0.12323 0.20923 0.14499 0.20372 0.15211 0.19478 0.16101 0.18247 0.18268 0.18137 0.20048
4 0.49905 0.71616 0.49637 0.72239 0.49406 0.73150 0.49323 0.73597 0.49285 0.74210 0.49281 0.74676 0.49256 0.75417 0.49344 0.75842 0.49622 0.76434 0.49932 0.77159 0.50161 0.78052 0.50346 0.78779 0.50848 0.79206 0.51191 0.79160 0.52085 0.79149 0.52434 0.79074 0.52962 0.78854 0.53222 0.78447 0.53675 0.77650 0.54249 0.76694 0.54449 0.76273 0.54883 0.75565 0.55335 0.74954 0.55915 0.73875 0.56205 0.73071 0.56556 0.72001 0.56770 0.71522 0.57032 0.70835 0.56930 0.70377 0.56547 0.69790 0.56515 0.69752 0.55875 0.69200 0.55359 0.69640 0.54533 0.70072 0.54210 0.70122 0.53631 0.70206 0.52840 0.70490 0.52293 0.70705 0.51535 0.70935 0.51040 0.71101 0.50321 0.71432 0.49905 0.71616
