2 0.71548 0.66780 0.71992 0.67556 0.72756 0.67556 0.73495 0.66928 0.74727 0.66115 0.75565 0.65782 0.76329 0.65967 0.76920 0.66115 0.77487 0.64747 0.76994 0.62492 0.76748 0.61272 0.75935 0.61531 0.75195 0.61605 0.74875 0.60718 0.73889 0.61272 0.73766 0.62233 0.71942 0.62636 0.71327 0.63490 0.71154 0.64858 0.71277 0.66040 0.71548 0.66780
1 0.80450 0.52207 0.80519 0.52379 0.80605 0.52508 0.80725 0.52654 0.80822 0.52740 0.80897 0.52792 0.80954 0.52749 0.80977 0.52551 0.80737 0.52284 0.80553 0.52164 0.80433 0.52121 0.80450 0.52207
1 0.72502 0.61443 0.72502 0.61247 0.72372 0.61216 0.72317 0.61443 0.72365 0.61587 0.72461 0.61546 0.72502 0.61443
1 0.74049 0.52309 0.74108 0.52160 0.74148 0.51967 0.74039 0.51759 0.73920 0.51759 0.73851 0.52027 0.73950 0.52235 0.74049 0.52309
4 0.26300 0.69293 0.25951 0.69816 0.25572 0.70253 0.24554 0.71169 0.23710 0.70907 0.23187 0.70820 0.22139 0.70820 0.21121 0.71606 0.20044 0.71256 0.19462 0.71300 0.18764 0.72129 0.18386 0.72479 0.18328 0.73875 0.19172 0.75054 0.20248 0.77017 0.20539 0.77628 0.21295 0.78370 0.21732 0.78589 0.23448 0.80334 0.24059 0.80072 0.25078 0.78719 0.25485 0.78327 0.26445 0.77890 0.26882 0.77628 0.28366 0.76581 0.28947 0.75054 0.29093 0.74399 0.28918 0.72566 0.28627 0.71082 0.28511 0.70384 0.28191 0.68638 0.27551 0.67547 0.27231 0.66980 0.26445 0.66107 0.26038 0.65714 0.25340 0.67198 0.25922 0.67896 0.26300 0.69293
1 0.69157 0.72240 0.69563 0.72700 0.69989 0.72879 0.70346 0.72879 0.70653 0.72493 0.70900 0.71824 0.71019 0.71319 0.71336 0.70918 0.71554 0.70665 0.71742 0.70457 0.71455 0.70265 0.70593 0.70784 0.69890 0.71423 0.69187 0.71780 0.69157 0.72240
4 0.72843 0.47210 0.71866 0.47367 0.71167 0.47839 0.70120 0.49410 0.69387 0.51400 0.69003 0.54647 0.68793 0.57475 0.68549 0.59308 0.68479 0.61350 0.68793 0.62974 0.69317 0.64231 0.69771 0.65802 0.71586 0.67688 0.73158 0.67949 0.74380 0.66902 0.75637 0.66169 0.76754 0.66483 0.77627 0.67426 0.77976 0.68054 0.78604 0.67949 0.79721 0.67478 0.80245 0.67373 0.81083 0.66850 0.81537 0.66221 0.82235 0.64755 0.83003 0.62031 0.83353 0.59098 0.82654 0.56113 0.81956 0.52709 0.81258 0.49567 0.80734 0.47577 0.79861 0.46058 0.78220 0.45953 0.76893 0.45796 0.76370 0.45692 0.75462 0.46267 0.73402 0.47053 0.72843 0.47210
1 0.73119 0.54433 0.72990 0.54151 0.72832 0.54285 0.72871 0.54507 0.73010 0.54611 0.73119 0.54433
1 0.75446 0.52948 0.75488 0.52886 0.75419 0.52728 0.75330 0.52737 0.75300 0.52911 0.75377 0.52990 0.75446 0.52948
1 0.75831 0.51046 0.75940 0.51284 0.76069 0.51225 0.76069 0.50823 0.75920 0.50497 0.75702 0.50541 0.75693 0.50749 0.75831 0.51046
1 0.80328 0.60989 0.80418 0.61051 0.80435 0.60729 0.80369 0.60593 0.80146 0.60556 0.80204 0.60742 0.80328 0.60989
4 0.66943 0.67478 0.66384 0.69311 0.66245 0.70201 0.66210 0.71353 0.66210 0.72296 0.66245 0.73082 0.67397 0.74653 0.68130 0.75438 0.68654 0.75805 0.69561 0.76591 0.70155 0.76643 0.70888 0.76538 0.71831 0.77586 0.72110 0.78319 0.72424 0.79000 0.73053 0.80466 0.74170 0.79995 0.75322 0.78843 0.76090 0.78057 0.76963 0.76800 0.77138 0.75857 0.77522 0.74653 0.77941 0.72610 0.78185 0.70777 0.77941 0.69573 0.77592 0.68735 0.77347 0.67426 0.76544 0.66535 0.75462 0.66064 0.74554 0.66431 0.73856 0.66902 0.72878 0.67740 0.72145 0.67845 0.71586 0.67321 0.70958 0.67216 0.70610 0.66745 0.70225 0.66378 0.69561 0.66012 0.68479 0.65855 0.67781 0.66064 0.67397 0.66640 0.66943 0.67478
4 0.15855 0.48257 0.15040 0.49173 0.14662 0.49610 0.14022 0.50919 0.13614 0.53058 0.13207 0.55152 0.13032 0.55894 0.12567 0.57553 0.12509 0.59473 0.12654 0.60171 0.13149 0.62310 0.14254 0.64666 0.14778 0.66150 0.15069 0.66674 0.15825 0.68376 0.16815 0.70602 0.17833 0.71256 0.18299 0.71256 0.20044 0.70951 0.20481 0.70733 0.21674 0.70384 0.22168 0.70296 0.23361 0.69642 0.24409 0.68463 0.25689 0.66238 0.26707 0.63924 0.26620 0.61481 0.26387 0.59517 0.25863 0.57989 0.25718 0.57247 0.25514 0.55763 0.25020 0.53363 0.24787 0.51835 0.24118 0.50352 0.23710 0.50002 0.23070 0.49392 0.22605 0.49392 0.21092 0.49828 0.19986 0.49348 0.18677 0.48388 0.17688 0.48082 0.17164 0.48038 0.16291 0.48038 0.15855 0.48257
