2 0.79073 0.60144 0.79683 0.60165 0.79953 0.58710 0.79002 0.56606 0.78507 0.55465 0.77765 0.55887 0.77058 0.56113 0.76560 0.55312 0.75711 0.56059 0.75790 0.57025 0.74090 0.57798 0.73665 0.58761 0.73781 0.60135 0.74147 0.61266 0.74566 0.61933 0.75161 0.62600 0.75909 0.62441 0.76501 0.61673 0.77537 0.60621 0.78287 0.60122 0.79073 0.60144
1 0.80849 0.46253 0.80831 0.46055 0.80540 0.45844 0.80335 0.45764 0.80209 0.45747 0.80244 0.45828 0.80346 0.45982 0.80458 0.46090 0.80605 0.46208 0.80719 0.46272 0.80802 0.46307 0.80849 0.46253
1 0.74390 0.56514 0.74349 0.56322 0.74215 0.56319 0.74208 0.56553 0.74285 0.56684 0.74370 0.56624 0.74390 0.56514
1 0.73891 0.47206 0.74003 0.47259 0.74031 0.47101 0.74029 0.46904 0.73879 0.46723 0.73763 0.46748 0.73751 0.47023 0.73891 0.47206
4 0.27077 0.76158 0.26244 0.77138 0.25118 0.77020 0.24558 0.77184 0.24048 0.78140 0.23750 0.78560 0.23984 0.79938 0.25054 0.80916 0.26515 0.82613 0.26927 0.83150 0.27821 0.83718 0.28293 0.83841 0.30335 0.85192 0.30879 0.84809 0.31593 0.83273 0.31910 0.82805 0.32759 0.82178 0.33131 0.81831 0.34365 0.80498 0.34616 0.78883 0.34623 0.78212 0.34071 0.76456 0.33477 0.75065 0.33219 0.74406 0.32543 0.72765 0.31690 0.71831 0.31258 0.71342 0.30309 0.70652 0.29829 0.70352 0.29454 0.71949 0.30168 0.72511 0.30829 0.73798 0.30596 0.74383 0.30317 0.74889 0.29511 0.75997 0.28632 0.75916 0.28101 0.75940 0.27077 0.76158
1 0.74992 0.66483 0.75219 0.66025 0.75380 0.65733 0.75520 0.65490 0.75199 0.65361 0.74465 0.66049 0.73910 0.66820 0.73296 0.67314 0.73363 0.67771 0.73856 0.68137 0.74309 0.68223 0.74658 0.68149 0.74878 0.67707 0.74981 0.67002 0.74992 0.66483
4 0.69937 0.53404 0.70079 0.55248 0.70435 0.57260 0.71080 0.58783 0.71854 0.59904 0.72624 0.61346 0.74792 0.62813 0.76383 0.62742 0.77361 0.61464 0.78438 0.60485 0.79596 0.60560 0.80646 0.61301 0.81118 0.61843 0.81711 0.61610 0.82706 0.60917 0.83196 0.60705 0.83907 0.60019 0.84220 0.59310 0.84599 0.57730 0.84784 0.54907 0.84515 0.51965 0.83212 0.49191 0.81821 0.46006 0.80485 0.43078 0.79559 0.41240 0.78389 0.39935 0.76762 0.40174 0.75432 0.40296 0.74898 0.40303 0.74130 0.41055 0.72278 0.42252 0.71764 0.42522 0.70840 0.42879 0.70255 0.43485 0.69558 0.45239 0.69254 0.47339 0.69554 0.50595 0.69937 0.53404
1 0.73351 0.49280 0.73224 0.49444 0.73309 0.49654 0.73466 0.49727 0.73535 0.49530 0.73351 0.49280
1 0.75503 0.47593 0.75531 0.47524 0.75430 0.47384 0.75345 0.47410 0.75352 0.47587 0.75444 0.47648 0.75503 0.47593
1 0.75287 0.45391 0.75485 0.45653 0.75640 0.45862 0.75754 0.45778 0.75671 0.45385 0.75457 0.45097 0.75253 0.45185 0.75287 0.45391
1 0.81950 0.54443 0.82051 0.54485 0.82001 0.54167 0.81908 0.54047 0.81682 0.54058 0.81777 0.54227 0.81950 0.54443
4 0.72142 0.70497 0.73023 0.71113 0.73611 0.71363 0.74662 0.71942 0.75254 0.71870 0.75949 0.71615 0.77089 0.72444 0.77515 0.73103 0.77964 0.73704 0.78883 0.75007 0.79878 0.74314 0.80766 0.72947 0.81354 0.72019 0.81946 0.70608 0.81921 0.69650 0.82046 0.68392 0.82031 0.66307 0.81889 0.64463 0.81400 0.63336 0.80884 0.62589 0.80373 0.61359 0.79402 0.60655 0.78245 0.60419 0.77434 0.60966 0.76849 0.61573 0.76067 0.62596 0.75371 0.62850 0.74716 0.62454 0.74079 0.62482 0.73641 0.62094 0.73188 0.61815 0.72463 0.61595 0.71372 0.61666 0.70732 0.62016 0.70476 0.62659 0.70207 0.63573 0.70041 0.65482 0.70090 0.66382 0.70295 0.67517 0.70491 0.68439 0.70689 0.69200 0.72142 0.70497
4 0.15066 0.63451 0.14955 0.65170 0.15297 0.67061 0.15585 0.67714 0.16513 0.69703 0.18085 0.71778 0.18905 0.73120 0.19299 0.73572 0.20393 0.75080 0.21823 0.77051 0.22955 0.77480 0.23411 0.77383 0.25055 0.76721 0.25436 0.76417 0.26531 0.75828 0.26996 0.75639 0.28027 0.74751 0.28807 0.73380 0.29596 0.70937 0.30111 0.68462 0.29518 0.66091 0.28882 0.64218 0.28052 0.62833 0.27755 0.62137 0.27247 0.60728 0.26265 0.58483 0.25719 0.57037 0.24756 0.55725 0.24285 0.55468 0.23532 0.55004 0.23077 0.55101 0.21688 0.55842 0.20506 0.55602 0.19026 0.54935 0.17995 0.54842 0.17473 0.54908 0.16620 0.55090 0.16238 0.55394 0.15632 0.56460 0.15353 0.56965 0.14999 0.58379 0.15045 0.60556 0.15082 0.62689 0.15066 0.63451
