1 0.55069 0.47837 0.55012 0.48095 0.55069 0.48152 0.55229 0.48160 0.55399 0.47910 0.55427 0.47708 0.55559 0.47652 0.55644 0.47757 0.55757 0.47934 0.55917 0.47878 0.55983 0.47805 0.56012 0.47644 0.55870 0.47297 0.55635 0.47257 0.55455 0.47321 0.55215 0.47628 0.55069 0.47837
1 0.55808 0.50217 0.55859 0.50244 0.55973 0.50190 0.56091 0.50070 0.56087 0.49935 0.55965 0.49841 0.55824 0.49875 0.55780 0.50096 0.55808 0.50217
1 0.66760 0.49760 0.66970 0.49666 0.67058 0.49585 0.67174 0.49957 0.67330 0.49806 0.67404 0.49423 0.67520 0.49086 0.67560 0.48726 0.67513 0.48448 0.67269 0.48111 0.67153 0.48378 0.66977 0.48366 0.66760 0.48343 0.66522 0.48680 0.66529 0.49086 0.66651 0.49643 0.66760 0.49760
1 0.67316 0.52070 0.67140 0.52302 0.67174 0.52802 0.67432 0.53034 0.67771 0.52964 0.67988 0.52592 0.68192 0.52372 0.68558 0.52558 0.68748 0.52906 0.69067 0.52952 0.69081 0.52569 0.68938 0.52023 0.68884 0.51408 0.68918 0.50793 0.68762 0.50224 0.68653 0.49841 0.68456 0.49400 0.68341 0.49852 0.68429 0.50189 0.68321 0.50468 0.68178 0.50294 0.68015 0.50236 0.67866 0.50317 0.67791 0.50886 0.67778 0.51432 0.67581 0.51919 0.67316 0.52070
1 0.67357 0.46265 0.67269 0.46300 0.67343 0.46555 0.67472 0.46601 0.67540 0.46357 0.67493 0.46323 0.67357 0.46265
1 0.71643 0.56123 0.72312 0.56678 0.73103 0.57129 0.73650 0.57163 0.74015 0.56921 0.73690 0.56539 0.73001 0.56227 0.72393 0.55950 0.72008 0.55534 0.71846 0.54910 0.71947 0.54251 0.72211 0.53731 0.72515 0.53627 0.72880 0.54216 0.74136 0.54841 0.74947 0.54112 0.75697 0.53384 0.75920 0.53072 0.76203 0.53870 0.75474 0.55291 0.75109 0.55846 0.75230 0.56296 0.75697 0.55985 0.76224 0.55395 0.76487 0.55430 0.76913 0.55048 0.77298 0.54320 0.77460 0.53280 0.77298 0.52553 0.76933 0.51651 0.76953 0.50472 0.76710 0.49467 0.76061 0.48531 0.75352 0.48080 0.74724 0.47976 0.73792 0.48080 0.73224 0.48496 0.72819 0.48947 0.72049 0.50542 0.71704 0.52691 0.71238 0.53627 0.71157 0.54598 0.71643 0.56123
4 0.27605 0.49444 0.27222 0.50753 0.27069 0.52193 0.27095 0.52848 0.26993 0.54026 0.26687 0.55553 0.26432 0.56776 0.26330 0.58172 0.26304 0.58827 0.26304 0.60049 0.26457 0.61096 0.26814 0.62406 0.27197 0.63409 0.27860 0.63933 0.28804 0.63977 0.29748 0.63715 0.30386 0.63715 0.31024 0.63627 0.31993 0.63409 0.33090 0.63409 0.33779 0.62973 0.34596 0.62449 0.34672 0.61533 0.34392 0.59045 0.34392 0.57430 0.34136 0.55772 0.34009 0.55030 0.33626 0.54943 0.33116 0.54768 0.32478 0.53677 0.32248 0.53066 0.31840 0.51626 0.31585 0.50840 0.30641 0.49356 0.30539 0.49269 0.29519 0.48440 0.29162 0.48047 0.28473 0.48004 0.28090 0.48702 0.27605 0.49444
2 0.63756 0.55051 0.64369 0.54833 0.65007 0.54745 0.65389 0.54396 0.65797 0.54134 0.66358 0.54353 0.66920 0.54789 0.67583 0.54396 0.67966 0.54178 0.68476 0.54309 0.68527 0.53567 0.68885 0.53261 0.69293 0.53261 0.69344 0.52607 0.69114 0.51908 0.69012 0.51123 0.69140 0.50032 0.68885 0.49508 0.68731 0.48853 0.68221 0.47893 0.68094 0.47239 0.67481 0.46235 0.67073 0.46017 0.66665 0.46060 0.66053 0.46453 0.65389 0.46890 0.64955 0.47151 0.64369 0.47370 0.63935 0.47763 0.63399 0.48461 0.63170 0.49072 0.62915 0.50250 0.62608 0.50948 0.62455 0.51559 0.62328 0.52214 0.62200 0.52868 0.61511 0.53218 0.61256 0.53741 0.61230 0.54396 0.61256 0.55269 0.61333 0.55749 0.61511 0.56054 0.62149 0.56185 0.62787 0.56185 0.63246 0.55705 0.63756 0.55051
4 0.73711 0.47891 0.73052 0.48437 0.72754 0.48728 0.72329 0.49346 0.71883 0.50182 0.71564 0.50764 0.71330 0.51164 0.71011 0.51528 0.70267 0.52146 0.69735 0.52255 0.69587 0.52874 0.69587 0.53965 0.69629 0.54510 0.69693 0.55092 0.69693 0.55783 0.69629 0.56401 0.69565 0.56983 0.69587 0.57601 0.70373 0.58547 0.71117 0.59493 0.71691 0.60438 0.72180 0.61129 0.72563 0.62257 0.72733 0.62766 0.73520 0.63130 0.74370 0.62984 0.74987 0.62221 0.75433 0.61529 0.76028 0.60802 0.76262 0.60366 0.76390 0.59346 0.76581 0.58693 0.76837 0.57746 0.77007 0.57274 0.77113 0.56183 0.77219 0.55092 0.77538 0.54219 0.77878 0.53274 0.78197 0.52001 0.78176 0.50946 0.77836 0.49673 0.77644 0.49128 0.77411 0.48728 0.77113 0.48509 0.76645 0.48073 0.76326 0.47964 0.76284 0.47964 0.75327 0.47673 0.74838 0.47527 0.74519 0.47491 0.74200 0.47636 0.73711 0.47891
4 0.28932 0.55466 0.29442 0.55510 0.30233 0.55684 0.30998 0.55859 0.31509 0.55161 0.32350 0.55248 0.33243 0.55815 0.33703 0.56776 0.34188 0.57256 0.34442 0.56557 0.34009 0.55379 0.33448 0.54986 0.32937 0.54419 0.32427 0.53677 0.31993 0.52455 0.31738 0.51233 0.31355 0.50448 0.30769 0.49531 0.29952 0.49051 0.29315 0.48178 0.28677 0.47960 0.28320 0.48309 0.27835 0.48658 0.27452 0.49313 0.27325 0.50360 0.27197 0.51320 0.27120 0.52019 0.27044 0.52979 0.27044 0.53721 0.26993 0.54026 0.26763 0.55074 0.27274 0.55597 0.28039 0.55903 0.28447 0.55859 0.28932 0.55466
4 0.62336 0.66875 0.69203 0.67275 0.71308 0.67057 0.71351 0.64730 0.71053 0.64329 0.70458 0.62256 0.70288 0.61784 0.69629 0.60365 0.69076 0.59529 0.68693 0.59783 0.68374 0.60074 0.68077 0.60293 0.67630 0.60656 0.66907 0.60875 0.65950 0.60802 0.65568 0.60656 0.64675 0.60474 0.64143 0.60583 0.62591 0.60838 0.62336 0.61238 0.62187 0.61893 0.61911 0.62438 0.62336 0.66875
4 0.59530 0.61565 0.59190 0.61929 0.58828 0.61929 0.57956 0.61929 0.57276 0.61893 0.56872 0.61893 0.56043 0.62002 0.55384 0.62111 0.54576 0.61747 0.54236 0.61747 0.54363 0.62438 0.54448 0.63129 0.54661 0.63857 0.54789 0.64439 0.54980 0.65348 0.55065 0.66730 0.58042 0.66802 0.61571 0.66912 0.61911 0.66402 0.62060 0.64984 0.61975 0.63711 0.61847 0.62802 0.61783 0.62256 0.61635 0.61311 0.61273 0.60365 0.60805 0.59492 0.60108 0.60747 0.59955 0.61202 0.59530 0.61565
4 0.63604 0.48527 0.63476 0.49313 0.63119 0.50404 0.62736 0.51189 0.62328 0.52411 0.61843 0.53066 0.61308 0.53240 0.61078 0.53808 0.61078 0.54550 0.61129 0.55466 0.61205 0.56383 0.61052 0.57387 0.60976 0.58172 0.60874 0.58827 0.61078 0.59438 0.61435 0.60005 0.61690 0.60529 0.62150 0.60485 0.62966 0.60704 0.63604 0.60660 0.64318 0.60573 0.65466 0.60660 0.66078 0.60747 0.66869 0.60791 0.67762 0.60354 0.68324 0.60005 0.68757 0.59438 0.69217 0.58478 0.69625 0.55466 0.69421 0.52717 0.69293 0.50971 0.69165 0.49793 0.68885 0.48963 0.68375 0.47916 0.68222 0.46956 0.67839 0.46170 0.66818 0.45647 0.66614 0.45647 0.65976 0.46170 0.64956 0.46825 0.64548 0.47349 0.63910 0.48091 0.63604 0.48527
2 0.28944 0.55531 0.29455 0.55575 0.30245 0.55749 0.31011 0.55924 0.31521 0.55226 0.32363 0.55313 0.33256 0.55880 0.33715 0.56841 0.34200 0.57320 0.34455 0.56622 0.34021 0.55444 0.33460 0.55051 0.32950 0.54484 0.32440 0.53742 0.32006 0.52520 0.31751 0.51298 0.31368 0.50512 0.30781 0.49596 0.29965 0.49116 0.29327 0.48243 0.28689 0.48025 0.28332 0.48374 0.27847 0.48723 0.27464 0.49377 0.27337 0.50425 0.27209 0.51385 0.27133 0.52083 0.27056 0.53044 0.27056 0.53785 0.27005 0.54091 0.26776 0.55138 0.27286 0.55662 0.28051 0.55968 0.28460 0.55924 0.28944 0.55531
4 0.35356 0.67894 0.39545 0.67966 0.43265 0.68512 0.44839 0.68585 0.44754 0.67057 0.44498 0.65602 0.44243 0.64657 0.43924 0.63893 0.43287 0.62948 0.42968 0.63129 0.42649 0.63238 0.42309 0.63311 0.41692 0.63493 0.41118 0.63602 0.40310 0.63602 0.39779 0.63602 0.39205 0.63966 0.38886 0.64075 0.38503 0.64075 0.38163 0.64075 0.37652 0.64293 0.37589 0.64293 0.36313 0.64075 0.35420 0.64948 0.35165 0.66111 0.35293 0.67348 0.35356 0.67894
4 0.46076 0.64193 0.45949 0.65330 0.45922 0.66684 0.45847 0.68079 0.46102 0.68603 0.47225 0.68341 0.48168 0.68297 0.48679 0.68297 0.49393 0.67948 0.49776 0.67861 0.50516 0.67644 0.50949 0.67644 0.51664 0.67644 0.52353 0.67599 0.53297 0.67206 0.53679 0.67032 0.54292 0.67032 0.54802 0.66944 0.55031 0.66290 0.55031 0.65111 0.54572 0.63933 0.54368 0.62798 0.54240 0.61751 0.53756 0.61271 0.53041 0.61183 0.52327 0.61183 0.51893 0.61271 0.51511 0.61402 0.51102 0.61183 0.50745 0.60835 0.50337 0.60878 0.49776 0.60922 0.49521 0.61402 0.49010 0.60704 0.48525 0.60397 0.47990 0.60573 0.47480 0.60965 0.47097 0.61314 0.46536 0.62231 0.46383 0.62929 0.46076 0.64193
4 0.51740 0.48396 0.51383 0.48833 0.50949 0.49575 0.50694 0.50186 0.50541 0.51102 0.50363 0.51757 0.50312 0.51975 0.50209 0.52630 0.50158 0.53284 0.50031 0.53982 0.49954 0.54637 0.49903 0.55292 0.49776 0.56295 0.49674 0.56950 0.49546 0.58129 0.49597 0.58783 0.49699 0.59568 0.49852 0.60138 0.50286 0.60179 0.50541 0.60747 0.51179 0.60922 0.51740 0.61183 0.52659 0.61096 0.53475 0.61358 0.54011 0.61533 0.54496 0.61751 0.55082 0.61795 0.55771 0.61838 0.56435 0.61838 0.56996 0.61925 0.57761 0.61925 0.58731 0.61795 0.59216 0.61707 0.59675 0.61402 0.60108 0.60747 0.60619 0.59612 0.60771 0.58870 0.60823 0.58216 0.61078 0.57387 0.61128 0.56296 0.61155 0.55422 0.61001 0.54288 0.60874 0.53633 0.60772 0.52979 0.60415 0.52455 0.60032 0.52019 0.59879 0.51364 0.59649 0.50273 0.59598 0.49313 0.59369 0.48178 0.59165 0.47305 0.58960 0.46345 0.58501 0.45647 0.57863 0.44774 0.57047 0.44556 0.56537 0.44556 0.55516 0.44556 0.55082 0.44599 0.54394 0.44730 0.53985 0.45254 0.53730 0.45908 0.53475 0.46432 0.52659 0.46781 0.52225 0.47523 0.51740 0.48396
1 0.35380 0.56961 0.35459 0.56788 0.35539 0.56478 0.35524 0.55946 0.35741 0.55463 0.35503 0.55005 0.35408 0.54633 0.35285 0.54361 0.35191 0.54089 0.35068 0.53816 0.35032 0.54287 0.35090 0.54658 0.35104 0.55153 0.35068 0.55401 0.34981 0.55810 0.34960 0.56057 0.35083 0.56391 0.35242 0.56651 0.35380 0.56961
4 0.35234 0.48658 0.35029 0.49836 0.34851 0.50884 0.34774 0.52106 0.34672 0.53328 0.34341 0.54506 0.34136 0.55684 0.34264 0.56950 0.34264 0.58478 0.34392 0.59613 0.34570 0.61184 0.34723 0.62231 0.35234 0.63104 0.36050 0.63889 0.36535 0.63977 0.36968 0.64151 0.37453 0.64238 0.37912 0.64326 0.38499 0.64108 0.38933 0.64108 0.40362 0.63758 0.40770 0.63758 0.41561 0.63496 0.41994 0.63453 0.42709 0.63148 0.43092 0.62886 0.43474 0.62842 0.43806 0.62493 0.44240 0.61838 0.44495 0.61140 0.44597 0.60005 0.44469 0.58870 0.44240 0.58129 0.44086 0.57125 0.44061 0.56339 0.43984 0.55422 0.43933 0.54419 0.43959 0.53110 0.43806 0.51713 0.43474 0.50360 0.43015 0.49705 0.42300 0.48658 0.41816 0.48178 0.40846 0.47305 0.39953 0.46650 0.39086 0.46258 0.38831 0.45908 0.37020 0.45560 0.36560 0.46301 0.36127 0.47000 0.35438 0.48091 0.35234 0.48658
1 0.40763 0.54918 0.40619 0.55351 0.40395 0.55735 0.40300 0.56082 0.40264 0.56552 0.40380 0.56701 0.40474 0.56651 0.40539 0.56565 0.40510 0.55834 0.40763 0.55351 0.40966 0.54955 0.41263 0.54868 0.41545 0.54980 0.41820 0.55389 0.42037 0.55834 0.42247 0.56342 0.42479 0.56651 0.42558 0.56577 0.42406 0.56094 0.42225 0.55500 0.42110 0.55017 0.42095 0.54485 0.42088 0.53604 0.42268 0.53211 0.42450 0.52628 0.42652 0.52195 0.42754 0.51823 0.42573 0.51600 0.42283 0.52071 0.42059 0.52603 0.41791 0.53135 0.41617 0.53222 0.41350 0.53086 0.41162 0.52690 0.41031 0.52269 0.40937 0.52021 0.40829 0.51972 0.40546 0.51935 0.40655 0.53420 0.40619 0.54014 0.40706 0.54485 0.40763 0.54918
2 0.52082 0.54790 0.52312 0.55401 0.52720 0.56274 0.53307 0.56623 0.54047 0.57059 0.54608 0.56841 0.55271 0.56405 0.55781 0.56579 0.56394 0.56710 0.57312 0.56099 0.58052 0.55619 0.58639 0.55052 0.59226 0.54310 0.59481 0.53306 0.59685 0.52695 0.59787 0.51953 0.59736 0.50731 0.59608 0.49596 0.59532 0.48243 0.59302 0.47327 0.58945 0.46498 0.58511 0.45625 0.58129 0.45058 0.57669 0.44927 0.57236 0.44796 0.56802 0.44752 0.56037 0.44708 0.55246 0.44708 0.54735 0.44796 0.54123 0.45232 0.53587 0.46279 0.53230 0.46716 0.52822 0.46760 0.52465 0.47240 0.51903 0.48331 0.51240 0.49291 0.50679 0.49858 0.50679 0.49946 0.50541 0.51102 0.50755 0.52346 0.51419 0.53524 0.51801 0.54135 0.52082 0.54790
1 0.36967 0.49350 0.36869 0.49634 0.36889 0.49918 0.37065 0.50203 0.37495 0.50654 0.37827 0.50871 0.37778 0.50420 0.37583 0.50103 0.37417 0.49751 0.37241 0.49250 0.36967 0.49350
1 0.39068 0.49952 0.39244 0.50069 0.39469 0.50236 0.39567 0.50403 0.39743 0.50353 0.39821 0.50203 0.39577 0.49902 0.39371 0.49735 0.39059 0.49601 0.39068 0.49952
2 0.35491 0.59926 0.35641 0.59977 0.35836 0.59797 0.36016 0.59130 0.37171 0.58668 0.38087 0.59900 0.38252 0.59002 0.39648 0.58950 0.40458 0.57923 0.40833 0.57308 0.41853 0.56974 0.42438 0.57616 0.43159 0.58591 0.43759 0.59156 0.44284 0.60824 0.44164 0.61851 0.44449 0.61261 0.44645 0.59977 0.44434 0.58848 0.44239 0.57898 0.44104 0.56948 0.43909 0.55613 0.43969 0.54612 0.43909 0.52097 0.43204 0.49684 0.41958 0.48323 0.39813 0.46655 0.39002 0.46116 0.38582 0.45910 0.36901 0.45782 0.35731 0.47707 0.35431 0.48221 0.35056 0.49915 0.34830 0.50916 0.34815 0.52559 0.34770 0.56255 0.34995 0.57487 0.35265 0.59361 0.35491 0.59926
