4 0.62939 0.24808 0.64226 0.27551 0.65239 0.31986 0.66473 0.34065 0.67565 0.35241 0.68492 0.35520 0.70667 0.35125 0.72417 0.34920 0.73024 0.34569 0.75349 0.33984 0.77517 0.31784 0.78521 0.30761 0.77929 0.26025 0.76989 0.23265 0.75439 0.19350 0.73284 0.14770 0.71327 0.10926 0.69207 0.08068 0.66697 0.06745 0.66318 0.06545 0.64690 0.07208 0.63976 0.08190 0.63421 0.09581 0.63232 0.11213 0.63055 0.11674 0.63141 0.12743 0.63212 0.13289 0.63104 0.19530 0.62939 0.24808
4 0.91745 0.28131 0.93819 0.28584 0.94752 0.28425 0.95400 0.27427 0.95516 0.26684 0.94068 0.21277 0.89510 0.04268 0.88013 0.07600 0.86642 0.12273 0.85860 0.14590 0.87784 0.21771 0.88588 0.26137 0.91745 0.28131
4 0.23470 0.74751 0.24515 0.78312 0.28561 0.87575 0.30250 0.90736 0.32794 0.94167 0.33665 0.95063 0.34216 0.95322 0.35064 0.95230 0.36237 0.95006 0.36410 0.94417 0.37072 0.93743 0.37604 0.92697 0.38008 0.89155 0.37968 0.81259 0.38603 0.78016 0.36397 0.71694 0.35833 0.69812 0.35775 0.68246 0.34120 0.65888 0.32940 0.65301 0.31284 0.65745 0.28999 0.65860 0.28163 0.66220 0.25979 0.66714 0.24768 0.68033 0.23025 0.69946 0.23066 0.71109 0.23470 0.74751
4 0.00000 0.49310 0.02063 0.52811 0.02822 0.53775 0.03245 0.54603 0.04196 0.55440 0.04875 0.55446 0.05216 0.55317 0.05903 0.54606 0.06122 0.54208 0.06355 0.53581 0.06602 0.53101 0.06957 0.52554 0.07185 0.52003 0.07287 0.51449 0.07357 0.50865 0.07454 0.50199 0.07566 0.50056 0.05777 0.46281 0.03404 0.39575 0.02788 0.37556 0.02404 0.37245 0.01463 0.37195 0.00000 0.35937 0.00000 0.49310
4 0.48675 0.91809 0.49619 0.91963 0.50904 0.91708 0.51354 0.91588 0.52083 0.91167 0.52475 0.90836 0.53176 0.90196 0.53877 0.89331 0.54911 0.86568 0.55661 0.80946 0.56134 0.78108 0.54742 0.71568 0.52664 0.63811 0.51649 0.61147 0.50244 0.60393 0.49402 0.60393 0.48806 0.60191 0.47884 0.59444 0.45172 0.59764 0.43439 0.60816 0.41895 0.61004 0.40082 0.61309 0.39229 0.61944 0.35695 0.64021 0.35559 0.66542 0.35762 0.67301 0.35876 0.68626 0.36166 0.70943 0.40704 0.82378 0.43508 0.87004 0.45162 0.89136 0.47034 0.90848 0.47450 0.91279 0.48203 0.91619 0.48675 0.91809
4 0.13815 0.36333 0.14629 0.41989 0.16594 0.47826 0.17654 0.48788 0.18033 0.48987 0.18595 0.49213 0.19343 0.49201 0.20055 0.49236 0.20453 0.49318 0.20831 0.49326 0.21225 0.49300 0.21818 0.49363 0.22446 0.49273 0.23062 0.49142 0.23624 0.48803 0.24130 0.48634 0.24831 0.48446 0.25213 0.48189 0.25625 0.48041 0.25949 0.47845 0.26383 0.47503 0.26812 0.47234 0.27074 0.46900 0.27583 0.46462 0.27986 0.46095 0.28612 0.45622 0.28728 0.45030 0.28954 0.44304 0.28963 0.43550 0.28944 0.42747 0.26877 0.34565 0.25698 0.31944 0.23589 0.28748 0.21126 0.25639 0.19253 0.24258 0.16630 0.22890 0.16228 0.22889 0.15808 0.23001 0.15078 0.23272 0.14386 0.23872 0.14158 0.24234 0.13831 0.24887 0.13654 0.25348 0.13351 0.26182 0.13263 0.26695 0.13815 0.36333
4 1.00000 0.69217 0.99765 0.68617 0.98580 0.64643 0.96451 0.57261 0.94654 0.53360 0.92950 0.51602 0.90545 0.50259 0.89714 0.50527 0.89310 0.50816 0.88610 0.51681 0.87998 0.52206 0.87421 0.52858 0.86939 0.53304 0.86490 0.53875 0.86008 0.54321 0.85666 0.54729 0.85483 0.55727 0.85703 0.56436 0.85956 0.57046 0.86345 0.57936 0.86684 0.58975 0.87039 0.60190 0.87277 0.61301 0.87363 0.62633 0.87506 0.63950 0.87653 0.64950 0.87829 0.65942 0.87903 0.67006 0.91761 0.70853 0.93152 0.73010 0.93630 0.73560 0.94322 0.74233 0.94749 0.74706 0.95705 0.75805 0.96200 0.76079 0.96779 0.76331 0.97733 0.76527 0.98958 0.76831 0.99682 0.76727 1.00000 0.76527 1.00000 0.69217
4 0.54951 0.61559 0.57810 0.72901 0.58775 0.76167 0.59946 0.78519 0.63085 0.82151 0.66543 0.85290 0.68195 0.86068 0.68690 0.86342 0.69544 0.86384 0.70038 0.86433 0.70829 0.86130 0.71222 0.85799 0.71901 0.85527 0.72288 0.85288 0.72770 0.84842 0.73392 0.84359 0.73924 0.83313 0.74806 0.79869 0.74944 0.74545 0.74748 0.71345 0.73981 0.65225 0.73048 0.61182 0.72134 0.58671 0.71402 0.57060 0.70394 0.55207 0.69183 0.54058 0.68215 0.53819 0.65215 0.53764 0.62880 0.54346 0.61232 0.56261 0.58689 0.56762 0.58144 0.57088 0.56949 0.57228 0.55282 0.58081 0.54818 0.59154 0.54951 0.61559
4 0.62646 0.41356 0.64773 0.39716 0.65479 0.38126 0.65687 0.36429 0.65012 0.31776 0.64073 0.27599 0.61656 0.22057 0.59319 0.17488 0.56313 0.12781 0.53417 0.10394 0.51204 0.09993 0.48841 0.10490 0.47081 0.12227 0.45401 0.15614 0.43603 0.21925 0.43509 0.26513 0.47567 0.40200 0.49320 0.44159 0.50039 0.44598 0.57769 0.42798 0.62646 0.41356
4 0.77130 0.08355 0.76897 0.09358 0.76795 0.09913 0.76112 0.15781 0.75462 0.19156 0.77873 0.25815 0.78346 0.29076 0.80359 0.30043 0.83940 0.30402 0.84652 0.30813 0.86551 0.30794 0.87183 0.30625 0.87771 0.29638 0.88003 0.28823 0.88090 0.27181 0.88144 0.26263 0.88256 0.25555 0.87693 0.21489 0.85896 0.15532 0.84693 0.11976 0.83927 0.10148 0.83414 0.08328 0.82765 0.06468 0.81069 0.04626 0.80287 0.04610 0.79866 0.04723 0.79352 0.04860 0.79010 0.04989 0.78393 0.05494 0.78085 0.05840 0.77712 0.06317 0.77502 0.06749 0.77232 0.07800 0.77130 0.08355
4 0.26274 0.29098 0.27697 0.37663 0.29595 0.45196 0.30895 0.47017 0.31868 0.47615 0.33890 0.47977 0.36006 0.47906 0.40963 0.46759 0.46183 0.45586 0.47648 0.44878 0.47689 0.42562 0.47309 0.40134 0.44085 0.28889 0.43256 0.26581 0.41696 0.23565 0.40053 0.21023 0.38432 0.18792 0.34245 0.16299 0.32329 0.15322 0.31840 0.15407 0.30420 0.15381 0.27772 0.17401 0.26793 0.19922 0.26409 0.21742 0.26331 0.22350 0.26332 0.23028 0.26288 0.27016 0.26274 0.29098
4 0.00880 0.29031 0.00754 0.29780 0.03361 0.38946 0.05406 0.45175 0.07665 0.50331 0.09459 0.51507 0.10517 0.52090 0.11154 0.52408 0.11641 0.52353 0.12020 0.52553 0.12441 0.52252 0.12782 0.51934 0.13249 0.51621 0.13623 0.51144 0.13908 0.50804 0.14440 0.50360 0.14861 0.49871 0.15356 0.49099 0.15795 0.48492 0.16131 0.48063 0.16411 0.47611 0.16401 0.47576 0.14705 0.42646 0.13855 0.37979 0.13674 0.35618 0.10693 0.32350 0.09454 0.30348 0.05330 0.26370 0.04946 0.25870 0.03995 0.25598 0.03626 0.25622 0.03013 0.25673 0.02690 0.25872 0.02176 0.26387 0.01546 0.27120 0.01056 0.28005 0.00935 0.28489 0.00880 0.29031
4 0.73566 0.62218 0.75673 0.70419 0.79398 0.75566 0.81395 0.77742 0.83947 0.79182 0.84755 0.79281 0.85665 0.79309 0.86283 0.79143 0.86754 0.78655 0.87140 0.78190 0.87667 0.77236 0.88271 0.76125 0.88153 0.72090 0.87802 0.66627 0.86949 0.60078 0.85404 0.55432 0.84160 0.53822 0.82862 0.53131 0.81217 0.53165 0.80020 0.52627 0.77943 0.53184 0.75401 0.53910 0.73763 0.55433 0.72754 0.56381 0.72320 0.58802 0.73566 0.62218
4 0.13750 0.74058 0.13616 0.74681 0.13578 0.75324 0.13578 0.75775 0.15314 0.83714 0.17921 0.91871 0.18880 0.94551 0.19623 0.95527 0.20472 0.96339 0.20938 0.96395 0.21814 0.96295 0.22403 0.95912 0.23194 0.95383 0.23777 0.94866 0.24101 0.94056 0.24302 0.93460 0.25013 0.91507 0.25547 0.85084 0.26274 0.82630 0.24137 0.77464 0.23312 0.73935 0.23062 0.71879 0.20488 0.70581 0.19444 0.70725 0.18377 0.70559 0.18180 0.70386 0.15490 0.70112 0.14974 0.70431 0.14212 0.71404 0.14050 0.72035 0.13894 0.73025 0.13750 0.74058
4 0.15913 0.86284 0.15307 0.84022 0.14296 0.79581 0.13394 0.75379 0.12783 0.74937 0.11802 0.73786 0.11065 0.73041 0.10328 0.72969 0.09415 0.72406 0.08680 0.72670 0.07408 0.72944 0.07300 0.73713 0.07055 0.77482 0.07550 0.83341 0.08352 0.87754 0.10154 0.94477 0.11118 0.96657 0.12205 0.96702 0.12881 0.95377 0.14039 0.92172 0.15297 0.88670 0.15913 0.86284
4 1.00000 0.49843 0.98635 0.48252 0.96996 0.48691 0.95755 0.50343 0.94830 0.53449 0.96503 0.56959 0.98179 0.62668 0.99823 0.65525 1.00000 0.65669 1.00000 0.49843
