4 0.67509 0.27740 0.68248 0.30678 0.68396 0.35225 0.69210 0.37501 0.70058 0.38864 0.70915 0.39314 0.73125 0.39342 0.74882 0.39474 0.75546 0.39245 0.77939 0.39115 0.80487 0.37369 0.81668 0.36557 0.81991 0.31795 0.81594 0.28906 0.80820 0.24768 0.79578 0.19860 0.78390 0.15714 0.76855 0.12503 0.74644 0.10726 0.74310 0.10457 0.72586 0.10797 0.71697 0.11625 0.70887 0.12884 0.70390 0.14450 0.70128 0.14870 0.70008 0.15935 0.69974 0.16484 0.68678 0.22591 0.67509 0.27740
4 0.95151 0.36499 0.97100 0.37338 0.98046 0.37361 0.98873 0.36505 0.99129 0.35797 0.98738 0.30213 0.97510 0.12647 0.95405 0.15632 0.93168 0.19958 0.91958 0.22083 0.92476 0.29499 0.92432 0.33938 0.95151 0.36499
4 0.19235 0.69234 0.19581 0.72929 0.21785 0.82794 0.22840 0.86220 0.24682 0.90072 0.25367 0.91118 0.25858 0.91477 0.26708 0.91549 0.27902 0.91553 0.28185 0.91008 0.28963 0.90473 0.29684 0.89547 0.30757 0.86147 0.32225 0.78389 0.33467 0.75327 0.32508 0.68700 0.32313 0.66745 0.32554 0.65197 0.31380 0.62567 0.30334 0.61765 0.28624 0.61884 0.26358 0.61562 0.25469 0.61755 0.23231 0.61824 0.21791 0.62887 0.19715 0.64432 0.19533 0.65582 0.19235 0.69234
4 0.00000 0.35837 0.00441 0.38062 0.02407 0.43612 0.02969 0.44703 0.03225 0.45597 0.04000 0.46600 0.04664 0.46736 0.05024 0.46674 0.05834 0.46107 0.06125 0.45759 0.06473 0.45188 0.06808 0.44763 0.07260 0.44294 0.07590 0.43797 0.07796 0.43272 0.07975 0.42713 0.08198 0.42078 0.08335 0.41958 0.07300 0.37911 0.06249 0.30875 0.06030 0.28776 0.05712 0.28397 0.04798 0.28169 0.02561 0.25336 0.01312 0.24476 0.00000 0.23685 0.00000 0.35837
4 0.40722 0.90788 0.41619 0.91119 0.42929 0.91115 0.43393 0.91082 0.44190 0.90808 0.44638 0.90558 0.45448 0.90064 0.46301 0.89348 0.47844 0.86834 0.49652 0.81457 0.50658 0.78762 0.50540 0.72077 0.49980 0.64066 0.49492 0.61256 0.48256 0.60249 0.47430 0.60088 0.46884 0.59776 0.46121 0.58867 0.43398 0.58664 0.41496 0.59365 0.39945 0.59255 0.38106 0.59209 0.37148 0.59670 0.33283 0.61034 0.32667 0.63483 0.32722 0.64266 0.32582 0.65589 0.32424 0.67918 0.34697 0.80010 0.36566 0.85085 0.37783 0.87493 0.39295 0.89532 0.39621 0.90034 0.40295 0.90511 0.40722 0.90788
4 0.17088 0.29680 0.16807 0.35387 0.17622 0.41491 0.18479 0.42638 0.18813 0.42906 0.19322 0.43236 0.20059 0.43366 0.20751 0.43536 0.21126 0.43693 0.21495 0.43773 0.21887 0.43822 0.22458 0.43997 0.23091 0.44029 0.23721 0.44018 0.24336 0.43793 0.24866 0.43723 0.25590 0.43672 0.26014 0.43493 0.26447 0.43426 0.26802 0.43296 0.27294 0.43043 0.27766 0.42860 0.28087 0.42582 0.28670 0.42250 0.29136 0.41966 0.29840 0.41621 0.30068 0.41062 0.30427 0.40393 0.30580 0.39654 0.30715 0.38862 0.30247 0.30437 0.29590 0.27639 0.28129 0.24099 0.26305 0.20577 0.24729 0.18865 0.22416 0.17021 0.22022 0.16943 0.21587 0.16973 0.20820 0.17100 0.20026 0.17556 0.19733 0.17868 0.19287 0.18447 0.19026 0.18866 0.18569 0.19627 0.18385 0.20114 0.17088 0.29680
4 0.84522 0.61112 0.84109 0.61447 0.83738 0.62392 0.83819 0.63130 0.83951 0.63777 0.84163 0.64725 0.84297 0.65809 0.84415 0.67070 0.84436 0.68206 0.84266 0.69530 0.84155 0.70850 0.84109 0.71860 0.84092 0.72867 0.83962 0.73926 0.87015 0.78438 0.87968 0.80821 0.88333 0.81452 0.88883 0.82245 0.89213 0.82790 0.89942 0.84052 0.90375 0.84415 0.90895 0.84773 0.91795 0.85147 0.92939 0.85680 0.93670 0.85716 0.94492 0.85396 0.94954 0.84926 0.95299 0.84027 0.95575 0.83395 0.95819 0.82722 0.96051 0.81875 0.95298 0.77771 0.94893 0.73643 0.94213 0.65991 0.93193 0.61818 0.91855 0.59768 0.89750 0.57990 0.88884 0.58095 0.88432 0.58302 0.87580 0.59017 0.86879 0.59416 0.86188 0.59946 0.85630 0.60291 0.85080 0.60767 0.84522 0.61112
4 0.52654 0.62291 0.53296 0.73971 0.53621 0.77361 0.54322 0.79893 0.56710 0.84057 0.59506 0.87799 0.60979 0.88877 0.61412 0.89241 0.62242 0.89445 0.62718 0.89587 0.63553 0.89441 0.64001 0.89191 0.64720 0.89053 0.65145 0.88892 0.65704 0.88547 0.66407 0.88191 0.67128 0.87266 0.68651 0.84053 0.69802 0.78854 0.70221 0.75675 0.70635 0.69521 0.70491 0.65375 0.70073 0.62735 0.69662 0.61014 0.69026 0.59002 0.68056 0.57644 0.67152 0.57225 0.64218 0.56598 0.61814 0.56724 0.59830 0.58289 0.57239 0.58295 0.56642 0.58512 0.55442 0.58421 0.53643 0.58940 0.52982 0.59905 0.52654 0.62291
4 0.64063 0.43928 0.66464 0.42724 0.67460 0.41298 0.67989 0.39672 0.68214 0.34975 0.68089 0.30696 0.66773 0.24795 0.65351 0.19863 0.63298 0.14669 0.60912 0.11773 0.58816 0.10958 0.56401 0.10995 0.54342 0.12364 0.52047 0.15368 0.49077 0.21220 0.48110 0.25706 0.49482 0.39916 0.50447 0.44136 0.51069 0.44705 0.59000 0.44413 0.64063 0.43928
4 0.84578 0.14297 0.84158 0.15237 0.83952 0.15762 0.82161 0.21393 0.80879 0.24581 0.81975 0.31578 0.81817 0.34870 0.83609 0.36202 0.87056 0.37238 0.87676 0.37778 0.89544 0.38121 0.90197 0.38075 0.90962 0.37220 0.91346 0.36464 0.91744 0.34868 0.91973 0.33977 0.92217 0.33304 0.92440 0.29205 0.91813 0.23015 0.91310 0.19295 0.90908 0.17354 0.90752 0.15469 0.90470 0.13520 0.89156 0.11388 0.88392 0.11223 0.87957 0.11253 0.87426 0.11290 0.87066 0.11352 0.86364 0.11729 0.85995 0.12010 0.85538 0.12407 0.85249 0.12791 0.84784 0.13772 0.84578 0.14297
4 0.30699 0.24955 0.30461 0.33634 0.30887 0.41391 0.31815 0.43426 0.32656 0.44199 0.34572 0.44940 0.36663 0.45275 0.41747 0.45094 0.47095 0.44939 0.48668 0.44523 0.49151 0.42258 0.49241 0.39802 0.48222 0.28148 0.47849 0.25724 0.46893 0.22466 0.45765 0.19658 0.44600 0.17158 0.40965 0.13912 0.39270 0.12587 0.38774 0.12578 0.37385 0.12281 0.34401 0.13759 0.32959 0.16047 0.32234 0.17760 0.32042 0.18342 0.31914 0.19007 0.31109 0.22913 0.30699 0.24955
4 0.05783 0.20043 0.05517 0.20755 0.06327 0.30250 0.07146 0.36755 0.08379 0.42247 0.09916 0.43744 0.10844 0.44517 0.11408 0.44952 0.11896 0.44991 0.12231 0.45259 0.12701 0.45044 0.13096 0.44797 0.13615 0.44579 0.14073 0.44182 0.14417 0.43903 0.15025 0.43569 0.15531 0.43169 0.16164 0.42505 0.16711 0.41993 0.17123 0.41636 0.17484 0.41246 0.17481 0.41210 0.16756 0.36047 0.16813 0.31303 0.17085 0.28951 0.14782 0.25175 0.13949 0.22973 0.10660 0.18281 0.10378 0.17717 0.09497 0.17268 0.09129 0.17221 0.08518 0.17154 0.08163 0.17288 0.07561 0.17695 0.06802 0.18295 0.06152 0.19070 0.05941 0.19522 0.05783 0.20043
4 0.70802 0.66491 0.71305 0.74943 0.73980 0.80705 0.75525 0.83222 0.77755 0.85123 0.78530 0.85375 0.79418 0.85575 0.80055 0.85531 0.80611 0.85142 0.81079 0.84759 0.81778 0.83923 0.82583 0.82948 0.83237 0.78965 0.83935 0.73535 0.84347 0.66943 0.83717 0.62087 0.82803 0.60270 0.81661 0.59344 0.80039 0.59063 0.78967 0.58307 0.76822 0.58457 0.74188 0.58685 0.72290 0.59868 0.71118 0.60606 0.70230 0.62899 0.70802 0.66491
4 0.09825 0.66699 0.09575 0.67285 0.09415 0.67909 0.09329 0.68352 0.09519 0.76476 0.10521 0.84981 0.10951 0.87795 0.11494 0.88894 0.12172 0.89853 0.12619 0.89997 0.13498 0.90067 0.14149 0.89802 0.15026 0.89435 0.15698 0.89038 0.16171 0.88305 0.16482 0.87758 0.17552 0.85977 0.19302 0.79773 0.20483 0.77503 0.19372 0.72025 0.19235 0.68403 0.19382 0.66337 0.17103 0.64571 0.16051 0.64513 0.15035 0.64147 0.14875 0.63940 0.12286 0.63158 0.11719 0.63373 0.10785 0.64182 0.10506 0.64770 0.10164 0.65713 0.09825 0.66699
4 0.09616 0.79113 0.09452 0.76778 0.09307 0.72225 0.09224 0.67928 0.08708 0.67378 0.07965 0.66061 0.07383 0.65189 0.06674 0.64977 0.05886 0.64250 0.05113 0.64370 0.03813 0.64395 0.03560 0.65130 0.02601 0.68782 0.01968 0.74628 0.01914 0.79113 0.02399 0.86057 0.02930 0.88381 0.03989 0.88633 0.04905 0.87460 0.06653 0.84535 0.08556 0.81338 0.09616 0.79113
4 1.00000 0.61285 0.99589 0.60226 0.98075 0.57564 0.96382 0.57682 0.94849 0.59067 0.93349 0.61940 0.94321 0.65705 0.94876 0.71628 0.95945 0.74747 0.98729 0.78066 1.00000 0.79102 1.00000 0.61285
