4 0.58530 0.37360 0.58067 0.37529 0.57492 0.37907 0.57295 0.38034 0.56804 0.38560 0.56622 0.38833 0.56383 0.39254 0.56229 0.39507 0.55892 0.40159 0.55780 0.40433 0.55317 0.41507 0.55232 0.41801 0.55022 0.42475 0.54966 0.42853 0.54868 0.43885 0.54812 0.44221 0.54755 0.44769 0.54699 0.45084 0.54980 0.48052 0.54882 0.49715 0.56131 0.51062 0.56481 0.51504 0.57197 0.51840 0.58614 0.52093 0.59638 0.51988 0.60691 0.49925 0.61336 0.48957 0.61476 0.47715 0.61575 0.44748 0.61420 0.43148 0.60929 0.41043 0.60649 0.39486 0.59919 0.37802 0.59652 0.37613 0.59456 0.37486 0.59091 0.37381 0.58530 0.37360
4 0.30029 0.47526 0.29591 0.47980 0.29355 0.48284 0.29035 0.48814 0.28867 0.49117 0.28749 0.49572 0.28682 0.49950 0.28631 0.50759 0.28547 0.56138 0.28699 0.58664 0.29709 0.62806 0.30029 0.63084 0.33683 0.62124 0.35400 0.61442 0.37370 0.60103 0.38229 0.58639 0.36680 0.53739 0.36528 0.52249 0.34895 0.49319 0.33430 0.47854 0.31611 0.46920 0.30972 0.47021 0.30719 0.47046 0.30281 0.47324 0.30029 0.47526
4 0.25853 0.52476 0.25584 0.52375 0.25331 0.52325 0.24809 0.52223 0.24557 0.52122 0.24152 0.52577 0.23883 0.53284 0.23950 0.54724 0.24169 0.56820 0.24338 0.60230 0.24658 0.62073 0.25903 0.64220 0.26341 0.64574 0.26510 0.64650 0.28800 0.63513 0.29675 0.62932 0.28682 0.58790 0.28497 0.56492 0.28294 0.55482 0.27537 0.54042 0.26779 0.53107 0.26493 0.52981 0.25853 0.52476
4 0.40418 0.67453 0.41175 0.66847 0.41445 0.65938 0.41865 0.62275 0.42539 0.59927 0.42387 0.57502 0.40350 0.58512 0.39054 0.58891 0.38212 0.58765 0.37505 0.60179 0.36393 0.60937 0.38229 0.65710 0.39306 0.67226 0.40114 0.67453 0.40418 0.67453
4 0.45537 0.54469 0.44709 0.55311 0.44190 0.55837 0.43923 0.55879 0.43839 0.56279 0.42703 0.57016 0.42534 0.57142 0.42422 0.57521 0.42731 0.60173 0.43895 0.63035 0.44681 0.63730 0.45733 0.63561 0.46659 0.62278 0.47305 0.60173 0.47824 0.58405 0.48273 0.56805 0.48399 0.56468 0.47824 0.51943 0.47094 0.50828 0.47010 0.50302 0.46814 0.50323 0.46716 0.52407 0.46393 0.53375 0.45537 0.54469
4 0.22694 0.63700 0.23550 0.65060 0.23823 0.65163 0.24919 0.64316 0.25500 0.63777 0.24696 0.62185 0.24388 0.60568 0.24286 0.59439 0.24183 0.57514 0.23943 0.56230 0.23310 0.54895 0.22095 0.53175 0.20897 0.52739 0.20350 0.53304 0.20401 0.57873 0.20726 0.60106 0.21633 0.62211 0.22694 0.63700
4 0.71899 0.45794 0.72905 0.46287 0.73809 0.45332 0.74610 0.45764 0.75164 0.45147 0.75657 0.43638 0.75760 0.41913 0.75636 0.39325 0.75267 0.36338 0.74425 0.35290 0.72823 0.36060 0.71160 0.37539 0.70913 0.39079 0.71283 0.43145 0.71385 0.44870 0.71899 0.45794
4 0.71057 0.53464 0.70913 0.51709 0.70564 0.50045 0.69599 0.47673 0.69147 0.47304 0.68079 0.46534 0.67011 0.45887 0.66806 0.46780 0.66046 0.49829 0.65225 0.50692 0.66334 0.52664 0.69065 0.53618 0.70359 0.53680 0.71057 0.53464
2 0.38147 0.50161 0.38105 0.51003 0.38161 0.51318 0.38287 0.51929 0.38385 0.52245 0.38525 0.52581 0.38652 0.53192 0.38666 0.53571 0.38652 0.54097 0.38666 0.54412 0.38750 0.54833 0.39143 0.55086 0.39550 0.55023 0.39704 0.54791 0.39900 0.54454 0.40125 0.54307 0.40279 0.53991 0.40364 0.53571 0.40504 0.50308 0.40322 0.49045 0.39550 0.48582 0.39171 0.48877 0.38708 0.49045 0.38329 0.49635 0.38147 0.50161
4 0.39811 0.40350 0.38279 0.41790 0.37067 0.44316 0.36680 0.48786 0.36680 0.52322 0.36781 0.53686 0.38347 0.58661 0.39104 0.58914 0.42404 0.57575 0.42623 0.56969 0.43970 0.56186 0.44357 0.55504 0.45031 0.54949 0.46092 0.53913 0.46428 0.53054 0.46681 0.52271 0.46833 0.51084 0.46715 0.48483 0.46361 0.46412 0.46041 0.45831 0.44425 0.43078 0.43061 0.41057 0.41563 0.39972 0.39811 0.40350
4 0.58137 0.59647 0.58965 0.59878 0.59175 0.59899 0.60129 0.59773 0.60761 0.59436 0.61294 0.58931 0.61434 0.58636 0.62038 0.56932 0.62108 0.56532 0.62276 0.55059 0.62192 0.51039 0.61911 0.50028 0.61210 0.49144 0.60017 0.51270 0.59737 0.51902 0.57997 0.52196 0.56790 0.51544 0.56439 0.51396 0.54910 0.49881 0.55008 0.51291 0.54896 0.56005 0.55050 0.55985 0.55808 0.56384 0.56622 0.57921 0.57393 0.58973 0.58137 0.59647
4 0.63525 0.50113 0.62304 0.48429 0.61476 0.48071 0.61224 0.49165 0.61982 0.50344 0.62192 0.51165 0.62304 0.55732 0.62936 0.56700 0.64367 0.57016 0.65574 0.57268 0.66121 0.56384 0.66121 0.53922 0.65265 0.50681 0.64844 0.50702 0.63525 0.50113
4 0.49858 0.58826 0.50027 0.59036 0.50532 0.59310 0.50799 0.59415 0.51388 0.59457 0.51612 0.59520 0.52230 0.59457 0.52440 0.59352 0.52651 0.59268 0.53268 0.58721 0.53563 0.58173 0.53787 0.57479 0.54054 0.56826 0.54405 0.56321 0.54727 0.55985 0.54910 0.55479 0.55022 0.51459 0.54882 0.49902 0.54587 0.51312 0.53226 0.51796 0.52033 0.52575 0.50139 0.52933 0.49424 0.52428 0.48231 0.52196 0.47782 0.51691 0.48385 0.56321 0.48525 0.56300 0.49017 0.56890 0.49339 0.57879 0.49494 0.58173 0.49858 0.58826
4 0.63946 0.39063 0.63735 0.39231 0.63371 0.39631 0.63188 0.39842 0.62880 0.40220 0.62515 0.40725 0.62122 0.41252 0.61841 0.41799 0.61771 0.41967 0.61533 0.42409 0.61364 0.42599 0.61561 0.44935 0.61505 0.48071 0.62388 0.48597 0.63651 0.50154 0.64914 0.50786 0.65405 0.50597 0.65994 0.49860 0.66752 0.46892 0.66752 0.44367 0.66626 0.41946 0.66528 0.40389 0.66163 0.38936 0.65770 0.38368 0.65223 0.38368 0.64507 0.38747 0.64297 0.38895 0.63946 0.39063
4 0.50857 0.40202 0.50604 0.40404 0.49796 0.40858 0.49510 0.40984 0.49122 0.41237 0.48634 0.41742 0.48415 0.41995 0.48112 0.42424 0.47944 0.42752 0.47641 0.43283 0.47237 0.44167 0.46967 0.44823 0.46631 0.45682 0.46513 0.46036 0.46378 0.46389 0.47051 0.50304 0.47186 0.50759 0.48281 0.52274 0.49543 0.52400 0.50183 0.52855 0.52002 0.52577 0.53887 0.51466 0.54544 0.51239 0.54814 0.50051 0.54982 0.49041 0.54931 0.47349 0.54797 0.45909 0.54392 0.43510 0.53871 0.41515 0.52574 0.39621 0.52204 0.39520 0.51951 0.39570 0.51446 0.39772 0.50857 0.40202
4 0.67412 0.39210 0.66766 0.40305 0.66626 0.40410 0.66850 0.45524 0.67285 0.45756 0.68029 0.45650 0.68253 0.45650 0.68534 0.45798 0.68829 0.46071 0.69278 0.46261 0.69502 0.46387 0.69727 0.46471 0.70134 0.46703 0.70344 0.46787 0.70583 0.46808 0.70849 0.46303 0.71383 0.45166 0.71130 0.40641 0.70933 0.38895 0.71074 0.38705 0.70302 0.37127 0.69979 0.36306 0.68745 0.37043 0.67412 0.39210
