4 0.71679 0.52748 0.72752 0.52999 0.73367 0.53004 0.74277 0.52500 0.74711 0.51620 0.75236 0.51025 0.75745 0.49959 0.76001 0.48325 0.75940 0.44999 0.75768 0.41650 0.75324 0.37917 0.74912 0.36673 0.73433 0.36541 0.71255 0.35910 0.70340 0.37069 0.69594 0.37986 0.69052 0.38870 0.69150 0.42090 0.69135 0.45944 0.68779 0.49049 0.69006 0.49670 0.69288 0.49949 0.70865 0.52095 0.71679 0.52748
4 0.51614 0.37460 0.51542 0.38538 0.51651 0.45952 0.51693 0.49095 0.51867 0.50190 0.52276 0.50543 0.53784 0.50752 0.54527 0.50543 0.55424 0.50800 0.56511 0.50657 0.57337 0.50471 0.58158 0.50547 0.58942 0.50310 0.59401 0.49796 0.59504 0.48823 0.59539 0.47878 0.59703 0.45932 0.59859 0.44538 0.59719 0.38960 0.59374 0.36508 0.58032 0.31680 0.56247 0.30982 0.54725 0.30799 0.53775 0.30177 0.53110 0.31459 0.52972 0.31804 0.52611 0.32786 0.52500 0.33131 0.52214 0.34320 0.52131 0.34690 0.51923 0.35772 0.51844 0.36221 0.51694 0.37012 0.51614 0.37460
4 0.49579 0.52350 0.49053 0.52478 0.48681 0.52673 0.48545 0.52860 0.48414 0.54266 0.48565 0.56700 0.48651 0.59154 0.49038 0.62108 0.50964 0.62150 0.52395 0.61863 0.53608 0.61875 0.54749 0.61690 0.54909 0.61411 0.54568 0.59494 0.54331 0.57045 0.54279 0.53934 0.53812 0.52512 0.53325 0.52129 0.52435 0.52160 0.51895 0.52179 0.51504 0.52101 0.51138 0.52205 0.50381 0.52232 0.50027 0.52426 0.49876 0.52450 0.49579 0.52350
4 0.37543 0.52407 0.38850 0.52330 0.40413 0.52055 0.41567 0.51794 0.42150 0.51617 0.42215 0.51111 0.41844 0.48010 0.41743 0.42761 0.41875 0.39517 0.42111 0.37370 0.41214 0.36992 0.40478 0.35634 0.39250 0.31871 0.37760 0.31892 0.36895 0.32457 0.35880 0.32461 0.35334 0.35122 0.35029 0.42335 0.34922 0.44886 0.35350 0.50124 0.35587 0.51751 0.36019 0.52397 0.37543 0.52407
4 0.75976 0.46387 0.75998 0.48352 0.75728 0.50127 0.75397 0.50685 0.75903 0.51067 0.76059 0.51208 0.76979 0.51758 0.78002 0.52286 0.78606 0.52484 0.78758 0.52478 0.79294 0.52642 0.79655 0.52665 0.80015 0.52671 0.80745 0.51863 0.81171 0.51029 0.81484 0.50199 0.81815 0.48822 0.82004 0.47469 0.82008 0.45412 0.81890 0.44178 0.81525 0.41060 0.81154 0.38598 0.80958 0.37585 0.79711 0.37447 0.78338 0.37477 0.77469 0.37015 0.77155 0.37791 0.76762 0.38478 0.76634 0.38628 0.76447 0.38962 0.76222 0.39571 0.75960 0.40235 0.75735 0.40571 0.75680 0.40627 0.75835 0.42879 0.75976 0.46387
4 0.60082 0.38790 0.59985 0.39160 0.59933 0.39608 0.59906 0.40002 0.59818 0.41394 0.59832 0.41813 0.59847 0.43018 0.59836 0.43490 0.60335 0.47221 0.60853 0.49169 0.61401 0.49988 0.63420 0.51517 0.64300 0.52115 0.65495 0.51942 0.66310 0.51442 0.67235 0.50571 0.68304 0.49511 0.68795 0.48734 0.69130 0.46206 0.69151 0.42903 0.69077 0.40756 0.68811 0.37070 0.68670 0.34978 0.66973 0.34067 0.65129 0.33240 0.64357 0.33032 0.62247 0.32791 0.62052 0.33453 0.61673 0.34724 0.61400 0.35520 0.61276 0.35865 0.61022 0.36398 0.60746 0.37115 0.60608 0.37461 0.60421 0.37965 0.60268 0.38259 0.60082 0.38790
4 0.45753 0.51906 0.45067 0.51945 0.44968 0.52070 0.44533 0.52040 0.43988 0.52043 0.43758 0.52249 0.43621 0.53058 0.43587 0.56396 0.43630 0.59883 0.43668 0.60534 0.44879 0.60825 0.47130 0.61732 0.48995 0.61971 0.48662 0.58767 0.48565 0.56434 0.48396 0.54316 0.48476 0.52767 0.48205 0.52472 0.47621 0.52265 0.46953 0.52137 0.46574 0.52120 0.46294 0.52024 0.45753 0.51906
4 0.61412 0.55996 0.61339 0.54998 0.60833 0.52995 0.60465 0.51952 0.59806 0.51539 0.58622 0.51562 0.57860 0.51734 0.57157 0.51667 0.56704 0.51720 0.56002 0.51981 0.55549 0.52033 0.55150 0.52010 0.54820 0.52058 0.54337 0.52348 0.54311 0.54861 0.54366 0.57244 0.54620 0.59619 0.55017 0.61771 0.56440 0.61813 0.57909 0.61798 0.59057 0.61557 0.60405 0.61347 0.61593 0.61178 0.61412 0.55996
4 0.64810 0.60483 0.65886 0.60627 0.66858 0.60757 0.67941 0.61120 0.69352 0.61070 0.69873 0.61052 0.69623 0.58804 0.69071 0.56275 0.68782 0.55594 0.68092 0.54580 0.67336 0.53551 0.66565 0.52631 0.65572 0.51901 0.64330 0.52145 0.63594 0.51697 0.62877 0.51813 0.62010 0.52226 0.61635 0.53149 0.61475 0.54538 0.61449 0.55959 0.61545 0.59541 0.61642 0.61230 0.62713 0.60957 0.63730 0.60775 0.64810 0.60483
4 0.45243 0.51627 0.46277 0.51905 0.48042 0.51660 0.49757 0.51522 0.50670 0.51071 0.51133 0.49875 0.51600 0.47998 0.51588 0.45692 0.51476 0.38199 0.50751 0.36600 0.48624 0.30776 0.47544 0.31129 0.46570 0.31372 0.45785 0.31557 0.44912 0.31587 0.43057 0.31626 0.42689 0.32818 0.42347 0.34351 0.42005 0.38242 0.41760 0.43335 0.41856 0.48050 0.42316 0.51441 0.43210 0.51619 0.44370 0.51631 0.45243 0.51627
