4 0.57547 0.37138 0.57425 0.38175 0.57386 0.38614 0.57936 0.43000 0.58390 0.45640 0.59349 0.48056 0.60270 0.49609 0.60739 0.50207 0.61130 0.50442 0.61194 0.50482 0.61425 0.50620 0.61490 0.50647 0.61556 0.50655 0.61780 0.50687 0.61857 0.50713 0.62024 0.50768 0.62090 0.50795 0.62232 0.50828 0.62291 0.50830 0.62552 0.50788 0.62633 0.50777 0.62924 0.50741 0.63016 0.50728 0.63087 0.50713 0.63266 0.50688 0.63332 0.50679 0.63522 0.50629 0.63598 0.50611 0.63682 0.50599 0.63864 0.50563 0.63923 0.50542 0.63979 0.50522 0.64146 0.50475 0.64211 0.50435 0.64376 0.50359 0.64433 0.50345 0.64595 0.50310 0.64661 0.50282 0.64722 0.50274 0.64917 0.50196 0.64972 0.50170 0.65175 0.50070 0.65225 0.50028 0.65363 0.49906 0.65418 0.49857 0.65613 0.49723 0.65660 0.49676 0.65718 0.49632 0.65870 0.49480 0.65924 0.49442 0.66090 0.49248 0.66140 0.49180 0.66423 0.48839 0.66681 0.48341 0.66895 0.47589 0.66885 0.46484 0.66647 0.44449 0.66180 0.42507 0.65338 0.40516 0.64172 0.38421 0.62850 0.36584 0.62096 0.35325 0.60708 0.34628 0.60109 0.34176 0.59785 0.34018 0.59407 0.33943 0.59168 0.34028 0.58449 0.34512 0.58224 0.34696 0.57913 0.35097 0.57791 0.35420 0.57615 0.36669 0.57547 0.37138
4 0.66772 0.45130 0.66936 0.46714 0.66945 0.47674 0.66853 0.47980 0.67118 0.48563 0.67500 0.49144 0.67792 0.49501 0.68002 0.49620 0.68181 0.49714 0.68335 0.49720 0.68588 0.49790 0.68838 0.49770 0.69084 0.49735 0.69254 0.49711 0.69494 0.49690 0.69720 0.49646 0.69873 0.49563 0.70164 0.49494 0.70301 0.49444 0.71989 0.49046 0.73473 0.48585 0.74563 0.48078 0.74683 0.47752 0.74838 0.47758 0.75539 0.47512 0.76380 0.47085 0.76670 0.46601 0.76476 0.44593 0.75524 0.40653 0.75059 0.38931 0.74132 0.36166 0.71323 0.35822 0.70120 0.35837 0.67695 0.35490 0.66254 0.34876 0.65572 0.35023 0.65319 0.37507 0.65243 0.39941 0.66159 0.42413 0.66462 0.43549 0.66772 0.45130
4 0.80735 0.46177 0.82191 0.45515 0.83259 0.44981 0.83486 0.44595 0.83781 0.44421 0.83587 0.41939 0.83065 0.38987 0.82682 0.37432 0.82308 0.36215 0.79912 0.36463 0.78068 0.36427 0.74290 0.36279 0.74558 0.37289 0.75623 0.41080 0.76457 0.44535 0.76681 0.46541 0.76476 0.47012 0.76661 0.47089 0.78144 0.46896 0.79647 0.46493 0.80096 0.46312 0.80735 0.46177
1 0.33240 0.50589 0.33277 0.49993 0.33400 0.49948 0.33658 0.50081 0.33838 0.50703 0.34211 0.50664 0.34326 0.50564 0.34123 0.49579 0.33954 0.49097 0.33638 0.48620 0.33428 0.48242 0.33283 0.48332 0.33055 0.48154 0.32873 0.47842 0.32734 0.47903 0.32618 0.48130 0.32372 0.48348 0.32356 0.48829 0.32537 0.49394 0.32562 0.49573 0.32506 0.49694 0.32546 0.50181 0.32802 0.50820 0.32858 0.51023 0.32959 0.50558 0.33240 0.50589
2 0.43995 0.39068 0.43914 0.39955 0.44015 0.42146 0.44135 0.43985 0.44599 0.42869 0.46031 0.41618 0.47227 0.41310 0.46922 0.40442 0.45891 0.39642 0.45080 0.39266 0.44342 0.38915 0.43995 0.39068
2 0.40932 0.43420 0.40479 0.42643 0.39732 0.41908 0.38870 0.41329 0.37990 0.41278 0.37292 0.41376 0.36817 0.41758 0.36693 0.42510 0.36952 0.43209 0.37454 0.44329 0.37610 0.45112 0.37544 0.46277 0.37969 0.45867 0.39353 0.45252 0.40614 0.45075 0.41515 0.44948 0.42094 0.44657 0.40932 0.43420
1 0.50822 0.51455 0.51007 0.51585 0.50900 0.51278 0.50865 0.51078 0.50902 0.51024 0.50880 0.50870 0.50779 0.50875 0.50641 0.51217 0.50822 0.51455
2 0.53287 0.35369 0.52325 0.34273 0.51831 0.33780 0.51065 0.33370 0.50053 0.33533 0.49528 0.33931 0.48951 0.34466 0.48765 0.35054 0.48900 0.36720 0.49108 0.38505 0.49211 0.37324 0.49833 0.36805 0.51575 0.36797 0.53374 0.36998 0.54235 0.37677 0.54597 0.37733 0.54090 0.36746 0.53287 0.35369
4 0.87278 0.41853 0.87427 0.40152 0.87233 0.38189 0.85154 0.37050 0.83955 0.36503 0.83077 0.36066 0.82400 0.36473 0.83014 0.38377 0.83536 0.41508 0.84066 0.42086 0.84560 0.42546 0.84875 0.43342 0.85370 0.43521 0.86233 0.43710 0.86894 0.43618 0.87005 0.43105 0.87278 0.41853
4 0.37138 0.41520 0.36635 0.42080 0.36649 0.42752 0.36943 0.43415 0.37495 0.44347 0.37656 0.45059 0.37592 0.45894 0.37483 0.46399 0.37563 0.47398 0.37805 0.50547 0.37909 0.53287 0.38184 0.54962 0.38848 0.56827 0.39483 0.57350 0.39800 0.57459 0.41007 0.57901 0.42115 0.57929 0.42838 0.57644 0.43548 0.56840 0.44929 0.56952 0.45660 0.56727 0.46058 0.56273 0.46425 0.55456 0.45236 0.53848 0.44627 0.51945 0.44102 0.48499 0.44024 0.45939 0.43982 0.44782 0.43911 0.44424 0.43202 0.44524 0.42253 0.44627 0.41183 0.43584 0.40920 0.43284 0.40550 0.42509 0.39815 0.41848 0.39525 0.41644 0.38922 0.41208 0.38546 0.41108 0.37746 0.41129 0.37138 0.41520
4 0.44533 0.39028 0.44284 0.39042 0.44067 0.38987 0.43871 0.39376 0.43866 0.39738 0.43805 0.40193 0.43835 0.40508 0.43892 0.41010 0.43947 0.41406 0.44026 0.41968 0.44085 0.42683 0.44118 0.43018 0.44128 0.43484 0.44175 0.43818 0.44177 0.44328 0.44166 0.44648 0.44080 0.45723 0.44128 0.48543 0.44624 0.51874 0.45045 0.53387 0.45433 0.54162 0.46559 0.55427 0.47584 0.56070 0.48317 0.56328 0.48975 0.56151 0.49222 0.56116 0.50012 0.55686 0.50499 0.55086 0.50959 0.54490 0.51256 0.54023 0.51547 0.53217 0.51831 0.52561 0.51951 0.52225 0.50944 0.49817 0.50380 0.47196 0.50068 0.44477 0.49905 0.43416 0.48731 0.42901 0.47448 0.41318 0.46896 0.40460 0.46371 0.40003 0.46164 0.39819 0.45864 0.39670 0.45639 0.39553 0.45271 0.39413 0.45064 0.39230 0.44780 0.39100 0.44533 0.39028
4 0.48795 0.35072 0.48766 0.35459 0.48814 0.36039 0.48877 0.36489 0.49346 0.40300 0.49891 0.43463 0.50610 0.48105 0.50928 0.49770 0.52226 0.52698 0.52679 0.53298 0.53046 0.53542 0.53277 0.53747 0.53407 0.53874 0.53578 0.53937 0.53816 0.53998 0.53903 0.54011 0.54034 0.54026 0.54117 0.54022 0.54308 0.53987 0.54402 0.53974 0.54610 0.53945 0.54700 0.53940 0.54817 0.53941 0.54909 0.53954 0.55146 0.53972 0.55247 0.53968 0.55398 0.53972 0.55515 0.53955 0.55685 0.53939 0.55791 0.53932 0.55982 0.53897 0.56068 0.53868 0.56260 0.53807 0.56370 0.53792 0.56491 0.53732 0.56575 0.53686 0.56740 0.53620 0.56842 0.53598 0.56975 0.53544 0.57073 0.53530 0.57226 0.53414 0.57319 0.53360 0.57921 0.52941 0.58150 0.52738 0.58739 0.51383 0.59172 0.50674 0.59388 0.49789 0.59354 0.47983 0.58779 0.46712 0.58234 0.44869 0.57908 0.42871 0.57718 0.41679 0.56652 0.40758 0.54508 0.37412 0.53170 0.35248 0.51932 0.33816 0.51449 0.33475 0.50859 0.33329 0.50597 0.33366 0.50269 0.33412 0.49690 0.33697 0.49272 0.34062 0.49087 0.34292 0.48925 0.34570 0.48795 0.35072
