1 0.55407 0.63374 0.53864 0.67952 0.52557 0.70930 0.51975 0.72154 0.51087 0.72672 0.52026 0.73337 0.53728 0.70446 0.55001 0.70936 0.55172 0.70721 0.55407 0.63374
4 0.59964 0.37760 0.61019 0.37163 0.61402 0.36386 0.61921 0.34076 0.62242 0.29329 0.62105 0.27252 0.59157 0.26870 0.56433 0.26360 0.54947 0.26000 0.54315 0.27316 0.53922 0.28386 0.53822 0.28668 0.53192 0.36143 0.53349 0.36888 0.53510 0.37281 0.55139 0.37755 0.56732 0.37990 0.58512 0.37875 0.59964 0.37760
4 0.30235 0.56246 0.31509 0.55821 0.32128 0.55629 0.31086 0.55143 0.30347 0.54606 0.29216 0.54601 0.28218 0.54479 0.26476 0.55561 0.25467 0.58923 0.25185 0.62195 0.25402 0.65037 0.25881 0.65990 0.26903 0.65668 0.28205 0.64532 0.28555 0.62654 0.29091 0.59502 0.29652 0.57112 0.30235 0.56246
4 0.75558 0.33235 0.75512 0.32324 0.74173 0.31643 0.72954 0.31040 0.71833 0.30687 0.71317 0.33253 0.70412 0.36763 0.69964 0.37721 0.71047 0.39664 0.72072 0.40329 0.72684 0.40490 0.73369 0.40294 0.74119 0.38748 0.75210 0.35714 0.75558 0.33235
4 0.38587 0.63294 0.38574 0.65961 0.38651 0.67245 0.38713 0.70470 0.41478 0.70319 0.43159 0.70585 0.43751 0.68637 0.44168 0.65667 0.44764 0.60070 0.44095 0.59870 0.43294 0.59576 0.41440 0.59760 0.40030 0.59744 0.39734 0.59708 0.39401 0.59863 0.39150 0.59989 0.38936 0.60453 0.38867 0.60700 0.38587 0.63294
4 0.66342 0.78032 0.67337 0.77216 0.67711 0.74893 0.68657 0.72283 0.69174 0.69531 0.69463 0.65723 0.68861 0.63102 0.67826 0.61098 0.66679 0.60734 0.65038 0.60756 0.64058 0.60725 0.63175 0.60885 0.63524 0.61196 0.64448 0.62158 0.64858 0.62700 0.65432 0.64826 0.65348 0.69151 0.64995 0.72504 0.64478 0.74049 0.64802 0.74804 0.64659 0.76217 0.64520 0.77585 0.64848 0.78072 0.65637 0.78438 0.66342 0.78032
4 0.30883 0.22275 0.30661 0.22354 0.30488 0.22615 0.30314 0.22877 0.30213 0.23129 0.30001 0.23704 0.29887 0.23955 0.29557 0.24727 0.29449 0.25032 0.29269 0.25540 0.29223 0.25817 0.28925 0.26806 0.28830 0.27094 0.28750 0.27367 0.28575 0.28123 0.28441 0.28443 0.28337 0.28712 0.28208 0.29192 0.28139 0.29466 0.28092 0.29849 0.28102 0.30150 0.28233 0.30997 0.28305 0.31377 0.28334 0.31716 0.28819 0.33331 0.29114 0.34092 0.29310 0.34222 0.29603 0.34328 0.29787 0.34369 0.30185 0.34294 0.30364 0.34174 0.31123 0.33366 0.32257 0.32003 0.32983 0.25802 0.33209 0.24151 0.32942 0.22581 0.32852 0.22358 0.32628 0.21977 0.32430 0.21864 0.32219 0.21944 0.32016 0.21972 0.31736 0.22044 0.31534 0.22055 0.31079 0.22211 0.30883 0.22275
4 0.60723 0.61853 0.59996 0.66178 0.59441 0.69523 0.61108 0.71709 0.62288 0.73286 0.63279 0.74271 0.63862 0.74637 0.64521 0.73953 0.64939 0.72572 0.65339 0.68678 0.65385 0.66918 0.65243 0.64448 0.64552 0.62304 0.64317 0.62196 0.63240 0.61064 0.62888 0.60942 0.62579 0.60904 0.62085 0.61197 0.61817 0.61360 0.61469 0.61533 0.61095 0.61703 0.60723 0.61853
4 0.34287 0.22375 0.33897 0.22769 0.33740 0.22997 0.33304 0.23668 0.33156 0.24197 0.32270 0.32182 0.32814 0.33698 0.33317 0.34590 0.34145 0.35522 0.34994 0.35520 0.35879 0.35311 0.36335 0.35155 0.36902 0.34182 0.37853 0.32956 0.38432 0.29581 0.38958 0.27702 0.38496 0.26567 0.37644 0.25067 0.37169 0.23948 0.36519 0.23002 0.36378 0.22808 0.36015 0.22499 0.35787 0.22347 0.35246 0.22051 0.34996 0.22073 0.34476 0.22275 0.34287 0.22375
4 0.37812 0.33004 0.37871 0.34442 0.38050 0.35171 0.38217 0.35547 0.38248 0.35621 0.38357 0.35825 0.38395 0.35901 0.38477 0.35976 0.38692 0.36114 0.38752 0.36146 0.38911 0.36254 0.38970 0.36291 0.39176 0.36380 0.39248 0.36414 0.39314 0.36422 0.39448 0.36451 0.39516 0.36477 0.39719 0.36530 0.39775 0.36549 0.39863 0.36572 0.40025 0.36603 0.40092 0.36611 0.40228 0.36622 0.40287 0.36624 0.40473 0.36652 0.40530 0.36665 0.40706 0.36686 0.40764 0.36688 0.40875 0.36684 0.40935 0.36679 0.41123 0.36656 0.41186 0.36627 0.41433 0.36511 0.41564 0.36408 0.41631 0.36374 0.41787 0.36323 0.41850 0.36300 0.41915 0.36273 0.41979 0.36245 0.42052 0.36225 0.42116 0.36215 0.42205 0.36197 0.42273 0.36193 0.42389 0.36147 0.42452 0.36120 0.42586 0.36053 0.42655 0.36033 0.42764 0.35987 0.42907 0.35911 0.42965 0.35865 0.43057 0.35786 0.43173 0.35676 0.43220 0.35611 0.43268 0.35547 0.43309 0.35469 0.43367 0.35380 0.43393 0.35330 0.43633 0.35448 0.43779 0.35489 0.43863 0.35363 0.43924 0.35417 0.44155 0.35014 0.44300 0.34760 0.44481 0.34895 0.44642 0.31793 0.44915 0.30497 0.45224 0.28844 0.45136 0.28322 0.44870 0.27615 0.44365 0.26457 0.42605 0.24474 0.41934 0.23897 0.41426 0.23622 0.40745 0.23698 0.40189 0.24195 0.39679 0.25475 0.38965 0.27738 0.38440 0.29617 0.37812 0.33004
4 0.68424 0.38033 0.68893 0.38227 0.68994 0.38387 0.69614 0.37839 0.70322 0.37006 0.71302 0.33153 0.71845 0.30575 0.70142 0.30082 0.69006 0.29602 0.68790 0.28826 0.68669 0.27971 0.68315 0.28200 0.67946 0.32253 0.67261 0.35552 0.66857 0.36933 0.67630 0.37595 0.68424 0.38033
4 0.49086 0.37983 0.50798 0.37880 0.52351 0.37482 0.52566 0.37332 0.52881 0.36684 0.53079 0.35923 0.53479 0.32029 0.53508 0.29129 0.53457 0.27416 0.52790 0.25706 0.51905 0.24930 0.47387 0.23375 0.46350 0.25112 0.45505 0.26774 0.45244 0.28900 0.44682 0.31244 0.44555 0.34406 0.44570 0.35879 0.44692 0.36483 0.45025 0.37289 0.46763 0.37836 0.49086 0.37983
4 0.31810 0.56369 0.31531 0.56335 0.31240 0.56276 0.30653 0.56204 0.30193 0.56500 0.29827 0.56926 0.29645 0.57257 0.29525 0.57595 0.28456 0.63491 0.28356 0.64561 0.28755 0.66164 0.29230 0.67023 0.29451 0.67144 0.30193 0.67235 0.30732 0.66807 0.30936 0.66550 0.31598 0.65760 0.31777 0.65452 0.32190 0.65032 0.32419 0.64825 0.32853 0.64360 0.33048 0.64055 0.33099 0.61589 0.33564 0.59339 0.34150 0.59034 0.34921 0.59152 0.35826 0.58557 0.35784 0.58387 0.35540 0.57816 0.35125 0.57741 0.34677 0.57686 0.34246 0.57492 0.34025 0.57371 0.33674 0.57163 0.33339 0.56698 0.33075 0.56289 0.32421 0.56374 0.31810 0.56369
4 0.65874 0.37779 0.66467 0.37420 0.66955 0.36637 0.67621 0.34089 0.68137 0.30955 0.68410 0.28203 0.66941 0.28023 0.65519 0.27671 0.63752 0.27258 0.62307 0.27198 0.62175 0.27634 0.62207 0.29619 0.62025 0.32912 0.61970 0.33886 0.61392 0.36463 0.61914 0.37430 0.62481 0.37715 0.63609 0.38011 0.65021 0.38008 0.65874 0.37779
4 0.55189 0.59526 0.54999 0.60856 0.55587 0.61399 0.55729 0.61730 0.54442 0.68380 0.54194 0.70076 0.55202 0.70925 0.56247 0.71681 0.56879 0.72387 0.57908 0.72533 0.58740 0.72145 0.59161 0.71058 0.60679 0.61789 0.60672 0.60886 0.60232 0.60204 0.58761 0.59298 0.58247 0.59117 0.57940 0.59275 0.57090 0.59171 0.56401 0.59243 0.55771 0.59362 0.55372 0.59313 0.55189 0.59526
4 0.35086 0.59000 0.34678 0.59126 0.34444 0.59117 0.34096 0.59074 0.33544 0.59418 0.33387 0.60164 0.33344 0.60512 0.33089 0.61952 0.33071 0.65932 0.32894 0.69932 0.33346 0.71361 0.33943 0.71611 0.36162 0.70687 0.36740 0.70562 0.37386 0.69562 0.38098 0.67707 0.38525 0.66779 0.38559 0.62781 0.38914 0.60529 0.39179 0.59855 0.39039 0.58975 0.38476 0.58239 0.37771 0.58015 0.37562 0.58009 0.36668 0.58370 0.36408 0.58456 0.35865 0.58624 0.35655 0.58736 0.35307 0.58909 0.35086 0.59000
4 0.47951 0.59147 0.47656 0.59307 0.47233 0.59452 0.46915 0.59589 0.46623 0.59631 0.46249 0.59586 0.45927 0.59546 0.45669 0.59514 0.45473 0.59510 0.45192 0.59672 0.44957 0.60094 0.44734 0.60204 0.44193 0.66317 0.44374 0.70165 0.45185 0.71343 0.48194 0.71968 0.48900 0.70053 0.49846 0.64265 0.50435 0.60217 0.50438 0.59551 0.50182 0.58970 0.49834 0.59143 0.49615 0.59116 0.49370 0.59086 0.49176 0.59180 0.48976 0.59214 0.48666 0.59176 0.48401 0.59104 0.48212 0.59042 0.47951 0.59147
4 0.52698 0.59573 0.52391 0.59516 0.51877 0.59119 0.51641 0.59129 0.51348 0.59172 0.51015 0.59111 0.50827 0.59049 0.50546 0.59309 0.50504 0.60187 0.49521 0.66912 0.49179 0.70127 0.49557 0.71625 0.49735 0.72098 0.49854 0.72407 0.49950 0.72478 0.51980 0.73198 0.52814 0.71947 0.53781 0.70143 0.54278 0.68752 0.55751 0.61655 0.54937 0.60829 0.54723 0.60979 0.54467 0.60928 0.54198 0.60777 0.54010 0.60715 0.53784 0.60530 0.53605 0.60175 0.53332 0.59945 0.53054 0.59872 0.52835 0.59845 0.52698 0.59573
1 0.45878 0.71425 0.45200 0.69811 0.44651 0.66507 0.44726 0.63868 0.44605 0.61557 0.43523 0.66427 0.42177 0.70460 0.45878 0.71425
