1 0.53979 0.63866 0.51966 0.68257 0.50355 0.71083 0.49648 0.72239 0.48711 0.72662 0.49575 0.73421 0.51570 0.70724 0.52786 0.71344 0.52977 0.71149 0.53979 0.63866
4 0.61189 0.38868 0.62300 0.38385 0.62762 0.37653 0.63520 0.35409 0.64336 0.30722 0.64416 0.28642 0.61524 0.27954 0.58869 0.27162 0.57429 0.26649 0.56663 0.27891 0.56160 0.28914 0.56031 0.29184 0.54623 0.36553 0.54701 0.37310 0.54820 0.37717 0.56391 0.38360 0.57950 0.38760 0.59732 0.38832 0.61189 0.38868
4 0.29691 0.54145 0.31002 0.53856 0.31638 0.53730 0.30652 0.53138 0.29973 0.52526 0.28849 0.52403 0.27869 0.52177 0.26024 0.53071 0.24669 0.56310 0.24046 0.59534 0.23965 0.62383 0.24341 0.63381 0.25392 0.63168 0.26805 0.62174 0.27350 0.60343 0.28212 0.57264 0.29020 0.54947 0.29691 0.54145
4 0.77170 0.35998 0.77220 0.35088 0.75959 0.34270 0.74810 0.33543 0.73732 0.33075 0.72951 0.35573 0.71684 0.38969 0.71138 0.39875 0.72012 0.41921 0.72962 0.42689 0.73554 0.42913 0.74256 0.42790 0.75163 0.41331 0.76565 0.38427 0.77170 0.35998
4 0.37260 0.62028 0.36968 0.64679 0.36911 0.65965 0.36635 0.69178 0.39401 0.69317 0.41045 0.69757 0.41837 0.67881 0.42562 0.64971 0.43740 0.59468 0.43096 0.59199 0.42330 0.58822 0.40467 0.58812 0.39066 0.58649 0.38775 0.58581 0.38428 0.58701 0.38165 0.58800 0.37904 0.59240 0.37809 0.59477 0.37260 0.62028
4 0.63323 0.79587 0.64397 0.78879 0.65012 0.76608 0.66226 0.74112 0.67027 0.71429 0.67712 0.67672 0.67388 0.65002 0.66568 0.62901 0.65465 0.62418 0.63831 0.62269 0.62860 0.62135 0.61965 0.62202 0.62279 0.62548 0.63098 0.63602 0.63450 0.64184 0.63797 0.66358 0.63262 0.70650 0.62561 0.73948 0.61885 0.75431 0.62128 0.76216 0.61838 0.77605 0.61557 0.78952 0.61832 0.79470 0.62579 0.79916 0.63323 0.79587
4 0.33886 0.20428 0.33657 0.20484 0.33457 0.20726 0.33257 0.20967 0.33130 0.21208 0.32859 0.21757 0.32720 0.21995 0.32311 0.22729 0.32171 0.23021 0.31939 0.23507 0.31865 0.23778 0.31465 0.24730 0.31341 0.25007 0.31232 0.25270 0.30979 0.26004 0.30813 0.26307 0.30681 0.26565 0.30502 0.27028 0.30405 0.27293 0.30318 0.27669 0.30297 0.27970 0.30339 0.28826 0.30370 0.29211 0.30363 0.29552 0.30677 0.31208 0.30891 0.31995 0.31073 0.32145 0.31353 0.32282 0.31531 0.32341 0.31935 0.32309 0.32126 0.32208 0.32965 0.31484 0.34235 0.30247 0.35605 0.24155 0.36003 0.22538 0.35902 0.20948 0.35835 0.20717 0.35652 0.20314 0.35467 0.20182 0.35250 0.20239 0.35044 0.20246 0.34758 0.20288 0.34557 0.20278 0.34088 0.20385 0.33886 0.20428
4 0.59425 0.62909 0.58250 0.67134 0.57349 0.70403 0.58778 0.72752 0.59787 0.74443 0.60669 0.75526 0.61210 0.75951 0.61938 0.75340 0.62498 0.74010 0.63303 0.70179 0.63532 0.68434 0.63650 0.65963 0.63186 0.63757 0.62963 0.63626 0.62010 0.62387 0.61674 0.62229 0.61370 0.62159 0.60849 0.62398 0.60565 0.62533 0.60200 0.62668 0.59811 0.62798 0.59425 0.62909
4 0.37261 0.20884 0.36832 0.21235 0.36651 0.21445 0.36148 0.22067 0.35945 0.22578 0.34230 0.30426 0.34613 0.31990 0.35020 0.32931 0.35746 0.33944 0.36590 0.34031 0.37492 0.33915 0.37961 0.33808 0.38627 0.32899 0.39701 0.31779 0.40630 0.28484 0.41349 0.26670 0.41009 0.25493 0.40318 0.23912 0.39962 0.22749 0.39415 0.21741 0.39295 0.21533 0.38967 0.21187 0.38755 0.21013 0.38248 0.20662 0.37997 0.20658 0.37459 0.20804 0.37261 0.20884
4 0.39655 0.31823 0.39564 0.33260 0.39666 0.34003 0.39792 0.34394 0.39815 0.34472 0.39903 0.34686 0.39933 0.34765 0.40006 0.34848 0.40205 0.35008 0.40261 0.35046 0.40409 0.35170 0.40464 0.35214 0.40659 0.35323 0.40727 0.35364 0.40792 0.35379 0.40922 0.35422 0.40987 0.35455 0.41183 0.35529 0.41237 0.35554 0.41322 0.35586 0.41481 0.35634 0.41545 0.35649 0.41680 0.35674 0.41738 0.35682 0.41920 0.35730 0.41976 0.35748 0.42148 0.35788 0.42206 0.35796 0.42317 0.35803 0.42377 0.35805 0.42566 0.35802 0.42633 0.35779 0.42890 0.35689 0.43031 0.35601 0.43101 0.35574 0.43261 0.35539 0.43326 0.35523 0.43395 0.35503 0.43461 0.35482 0.43536 0.35469 0.43600 0.35466 0.43691 0.35458 0.43758 0.35461 0.43879 0.35428 0.43944 0.35407 0.44084 0.35355 0.44155 0.35342 0.44268 0.35307 0.44419 0.35246 0.44481 0.35207 0.44580 0.35138 0.44707 0.35041 0.44761 0.34981 0.44815 0.34922 0.44865 0.34849 0.44931 0.34767 0.44963 0.34720 0.45189 0.34863 0.45330 0.34918 0.45426 0.34802 0.45482 0.34862 0.45754 0.34485 0.45924 0.34247 0.46090 0.34401 0.46574 0.31332 0.46981 0.30073 0.47461 0.28461 0.47428 0.27933 0.47238 0.27201 0.46857 0.25997 0.45314 0.23841 0.44707 0.23197 0.44230 0.22871 0.43545 0.22875 0.42940 0.23311 0.42299 0.24531 0.41353 0.26707 0.40634 0.28520 0.39655 0.31823
4 0.69574 0.40025 0.70020 0.40266 0.70104 0.40436 0.70778 0.39956 0.71568 0.39202 0.72946 0.35472 0.73756 0.32965 0.72114 0.32296 0.71034 0.31700 0.70901 0.30906 0.70869 0.30043 0.70493 0.30234 0.69703 0.34226 0.68676 0.37435 0.68130 0.38767 0.68830 0.39506 0.69574 0.40025
4 0.50347 0.37954 0.52061 0.38030 0.53647 0.37796 0.53876 0.37669 0.54257 0.37058 0.54534 0.36322 0.55338 0.32491 0.55670 0.29610 0.55798 0.27901 0.55314 0.26131 0.54515 0.25267 0.50185 0.23248 0.48972 0.24867 0.47958 0.26431 0.47476 0.28518 0.46671 0.30790 0.46215 0.33922 0.46076 0.35389 0.46135 0.36002 0.46381 0.36838 0.48052 0.37564 0.50347 0.37954
4 0.31244 0.54433 0.30970 0.54370 0.30687 0.54280 0.30111 0.54147 0.29622 0.54394 0.29213 0.54780 0.28998 0.55090 0.28843 0.55413 0.27163 0.61165 0.26952 0.62219 0.27182 0.63855 0.27565 0.64758 0.27772 0.64902 0.28500 0.65070 0.29081 0.64701 0.29311 0.64466 0.30052 0.63750 0.30262 0.63463 0.30716 0.63088 0.30966 0.62906 0.31446 0.62489 0.31671 0.62205 0.31980 0.59759 0.32678 0.57570 0.33293 0.57328 0.34047 0.57526 0.35009 0.57029 0.34985 0.56855 0.34802 0.56262 0.34398 0.56144 0.33958 0.56043 0.33549 0.55804 0.33342 0.55661 0.33015 0.55417 0.32730 0.54920 0.32510 0.54485 0.31851 0.54501 0.31244 0.54433
4 0.67064 0.39505 0.67692 0.39210 0.68260 0.38482 0.69188 0.36018 0.70028 0.32955 0.70587 0.30247 0.69145 0.29914 0.67768 0.29416 0.66054 0.28820 0.64623 0.28610 0.64447 0.29029 0.64270 0.31006 0.63745 0.34262 0.63589 0.35226 0.62745 0.37728 0.63163 0.38744 0.63697 0.39087 0.64787 0.39499 0.66193 0.39644 0.67064 0.39505
4 0.54165 0.60016 0.53837 0.61319 0.54365 0.61921 0.54471 0.62265 0.52496 0.68743 0.52073 0.70404 0.52986 0.71355 0.53946 0.72216 0.54502 0.72983 0.55509 0.73236 0.56377 0.72937 0.56910 0.71901 0.59388 0.62841 0.59475 0.61942 0.59110 0.61217 0.57741 0.60162 0.57249 0.59929 0.56927 0.60054 0.56092 0.59861 0.55399 0.59861 0.54761 0.59914 0.54369 0.59823 0.54165 0.60016
4 0.34227 0.57391 0.33808 0.57475 0.33576 0.57441 0.33235 0.57362 0.32650 0.57647 0.32415 0.58372 0.32337 0.58714 0.31932 0.60119 0.31498 0.64075 0.30904 0.68035 0.31205 0.69503 0.31772 0.69814 0.34076 0.69127 0.34664 0.69063 0.35410 0.68136 0.36312 0.66366 0.36835 0.65487 0.37285 0.61515 0.37874 0.59312 0.38209 0.58670 0.38161 0.57780 0.37677 0.56989 0.37000 0.56693 0.36793 0.56665 0.35866 0.56930 0.35599 0.56989 0.35041 0.57100 0.34820 0.57189 0.34456 0.57324 0.34227 0.57391
4 0.47006 0.58883 0.46696 0.59011 0.46260 0.59110 0.45930 0.59214 0.45634 0.59226 0.45267 0.59141 0.44951 0.59068 0.44698 0.59010 0.44504 0.58985 0.44207 0.59116 0.43930 0.59511 0.43696 0.59597 0.42519 0.65621 0.42297 0.69466 0.42980 0.70723 0.45908 0.71659 0.46810 0.69829 0.48356 0.64171 0.49365 0.60207 0.49438 0.59544 0.49244 0.58940 0.48880 0.59076 0.48665 0.59026 0.48424 0.58970 0.48221 0.59043 0.48018 0.59057 0.47714 0.58986 0.47458 0.58887 0.47277 0.58805 0.47006 0.58883
4 0.51683 0.59803 0.51384 0.59714 0.50914 0.59266 0.50678 0.59251 0.50382 0.59262 0.50057 0.59168 0.49876 0.59086 0.49570 0.59315 0.49436 0.60183 0.47756 0.66770 0.47080 0.69931 0.47299 0.71460 0.47426 0.71949 0.47512 0.72269 0.47600 0.72349 0.49544 0.73278 0.50504 0.72120 0.51654 0.70427 0.52295 0.69097 0.54502 0.62192 0.53778 0.61286 0.53549 0.61413 0.53301 0.61335 0.53049 0.61157 0.52868 0.61075 0.52662 0.60868 0.52522 0.60496 0.52275 0.60239 0.52005 0.60137 0.51790 0.60087 0.51683 0.59803
1 0.43661 0.70876 0.43155 0.69201 0.42955 0.65857 0.43306 0.63240 0.43426 0.60930 0.41841 0.65660 0.40082 0.69530 0.43661 0.70876
