4 0.63137 0.59142 0.62471 0.59592 0.61431 0.60591 0.60571 0.61309 0.59596 0.61846 0.58411 0.61918 0.57648 0.62052 0.56755 0.62954 0.56430 0.63867 0.56690 0.65012 0.57355 0.65901 0.58476 0.66316 0.59856 0.66510 0.60928 0.66547 0.61967 0.66121 0.63039 0.65536 0.63997 0.65073 0.64842 0.64623 0.66125 0.64367 0.66937 0.63953 0.67554 0.63210 0.67765 0.62649 0.67522 0.62004 0.67247 0.61443 0.66758 0.60810 0.65962 0.60092 0.64972 0.59556 0.64176 0.59227 0.63137 0.59142
4 0.07964 0.60332 0.07239 0.61139 0.07005 0.61788 0.07145 0.63226 0.06772 0.63577 0.06959 0.65120 0.07263 0.66137 0.07894 0.66856 0.09203 0.67611 0.10303 0.67874 0.11636 0.68365 0.13740 0.68400 0.15658 0.68225 0.16804 0.67540 0.17763 0.66944 0.18581 0.65857 0.18955 0.64752 0.19353 0.63156 0.19400 0.62261 0.19049 0.61577 0.18137 0.60735 0.17154 0.60525 0.16500 0.60174 0.12103 0.59736 0.11519 0.59402 0.09718 0.59332 0.08783 0.59806 0.07964 0.60332
4 0.58200 0.53660 0.56852 0.54416 0.55536 0.54781 0.54627 0.55415 0.54384 0.55841 0.53831 0.56194 0.53035 0.56876 0.52532 0.57180 0.52435 0.57887 0.52565 0.58460 0.53279 0.59251 0.54741 0.60262 0.56495 0.61176 0.57225 0.61431 0.57989 0.61626 0.58801 0.61699 0.59661 0.61797 0.60587 0.61297 0.61480 0.60603 0.62455 0.59616 0.63153 0.59056 0.63884 0.58581 0.64160 0.57984 0.64046 0.56986 0.63640 0.56024 0.62942 0.55025 0.62390 0.54075 0.61886 0.53466 0.61545 0.52966 0.60912 0.52686 0.59873 0.52857 0.58200 0.53660
4 0.09694 0.56070 0.10186 0.57263 0.10583 0.58262 0.11098 0.58824 0.10934 0.59227 0.12735 0.59753 0.14956 0.60034 0.16570 0.60069 0.17622 0.59806 0.19119 0.59332 0.20241 0.58613 0.20873 0.58298 0.21130 0.57385 0.20943 0.56333 0.20475 0.55631 0.19867 0.55123 0.18838 0.54702 0.17248 0.54930 0.15494 0.54632 0.13904 0.54597 0.12711 0.54404 0.11776 0.54579 0.10700 0.55035 0.09882 0.55509 0.09694 0.56070
4 0.27538 0.35847 0.26836 0.36584 0.26509 0.37373 0.26509 0.37654 0.27281 0.38040 0.27912 0.38882 0.28730 0.40004 0.29268 0.40618 0.29876 0.40846 0.30625 0.41179 0.31326 0.41320 0.32145 0.41144 0.33384 0.40320 0.34343 0.39881 0.35419 0.39566 0.35582 0.38180 0.36050 0.36496 0.36167 0.35654 0.35769 0.35199 0.35278 0.34970 0.34203 0.34778 0.33127 0.34935 0.31256 0.35654 0.28356 0.35760 0.27538 0.35847
4 0.49219 0.44891 0.48310 0.45342 0.47498 0.46365 0.47400 0.47511 0.47823 0.48777 0.49025 0.49300 0.50762 0.49593 0.52223 0.49472 0.54124 0.49289 0.55910 0.49081 0.56982 0.48534 0.57339 0.47936 0.57697 0.46828 0.57713 0.45684 0.57404 0.45025 0.56803 0.44234 0.53815 0.42906 0.52451 0.43125 0.50307 0.44026 0.49219 0.44891
1 0.14412 0.77622 0.14864 0.77407 0.15480 0.77006 0.15890 0.76329 0.15973 0.75713 0.15932 0.74912 0.14946 0.74018 0.14453 0.73803 0.14001 0.74296 0.12728 0.74449 0.11209 0.74419 0.09607 0.74080 0.08950 0.73926 0.08334 0.74111 0.07225 0.74018 0.06855 0.74326 0.08375 0.76421 0.10757 0.77838 0.12893 0.77869 0.14412 0.77622
2 0.11397 0.72765 0.10307 0.72616 0.08703 0.72839 0.08129 0.73092 0.07931 0.73939 0.08643 0.73968 0.09060 0.73656 0.09971 0.74072 0.10763 0.74265 0.11357 0.74206 0.11357 0.74102 0.11971 0.74325 0.13060 0.74295 0.14071 0.74072 0.15160 0.73151 0.16566 0.71888 0.15616 0.72483 0.14190 0.72958 0.12704 0.73003 0.11397 0.72765
4 0.05860 0.67856 0.05064 0.68838 0.05485 0.70434 0.05649 0.71487 0.05836 0.72890 0.06093 0.73574 0.07005 0.73855 0.07777 0.74065 0.08642 0.73977 0.09040 0.73714 0.10045 0.74170 0.10700 0.74328 0.11449 0.74258 0.11402 0.74118 0.12056 0.74381 0.13039 0.74381 0.14068 0.74118 0.16547 0.72048 0.16944 0.71731 0.17178 0.71031 0.17599 0.70382 0.17412 0.69558 0.17178 0.69259 0.16593 0.68908 0.15939 0.68453 0.14769 0.68365 0.12571 0.68593 0.11145 0.68242 0.10303 0.67839 0.09648 0.67751 0.08783 0.67330 0.08011 0.66997 0.06959 0.67085 0.05860 0.67856
1 0.56382 0.53424 0.56640 0.53037 0.56818 0.52844 0.56857 0.52413 0.56659 0.52131 0.56362 0.51879 0.56125 0.51448 0.55808 0.51388 0.55471 0.51210 0.55233 0.51077 0.54956 0.51077 0.54699 0.51373 0.54600 0.51700 0.55293 0.52710 0.55788 0.53379 0.56382 0.53424
2 0.13548 0.51867 0.13583 0.53022 0.14472 0.53458 0.14643 0.54203 0.16800 0.54536 0.19367 0.54357 0.21523 0.53125 0.22481 0.51430 0.22002 0.50558 0.20838 0.49634 0.19812 0.49402 0.18614 0.49351 0.17484 0.49377 0.16765 0.50558 0.15704 0.51097 0.14507 0.51636 0.13548 0.51867
1 0.59274 0.60346 0.59947 0.60004 0.60779 0.60153 0.61512 0.60004 0.62007 0.59455 0.62364 0.59083 0.62304 0.58771 0.61809 0.58460 0.60997 0.58177 0.60680 0.58177 0.59868 0.58563 0.58997 0.58638 0.58600 0.59083 0.57888 0.59811 0.57313 0.60034 0.56402 0.60019 0.55650 0.60034 0.55451 0.60108 0.55332 0.60316 0.56659 0.60926 0.57690 0.61089 0.58402 0.60777 0.59274 0.60346
4 0.14489 0.44477 0.13694 0.45336 0.14091 0.47230 0.14512 0.48107 0.17903 0.48528 0.19470 0.48809 0.19821 0.48247 0.21247 0.47616 0.22065 0.47108 0.22627 0.46423 0.22533 0.45547 0.22206 0.43968 0.21808 0.43003 0.20428 0.42740 0.19470 0.41951 0.18254 0.41688 0.16500 0.42828 0.14489 0.44477
1 0.14921 0.57445 0.15548 0.57420 0.16076 0.57358 0.16506 0.56863 0.16770 0.56182 0.17199 0.55526 0.16605 0.55340 0.15317 0.55204 0.13765 0.55415 0.13749 0.56120 0.14558 0.57074 0.14921 0.57445
2 0.59694 0.58593 0.58979 0.58534 0.58492 0.59105 0.57989 0.59691 0.57274 0.59959 0.56511 0.60007 0.55731 0.59945 0.55017 0.59945 0.54838 0.60142 0.54822 0.60323 0.56527 0.61176 0.57973 0.61663 0.59726 0.61821 0.60668 0.61274 0.61757 0.60361 0.63023 0.59142 0.63835 0.58593 0.63543 0.58277 0.61513 0.58191 0.60766 0.58118 0.60279 0.58301 0.59694 0.58593
1 0.11044 0.67372 0.12221 0.67693 0.13103 0.67773 0.13531 0.67673 0.13398 0.67271 0.13210 0.66850 0.13638 0.66388 0.14093 0.66188 0.14922 0.66449 0.15511 0.66449 0.15805 0.66067 0.16206 0.66007 0.17223 0.66128 0.17758 0.66067 0.17918 0.65707 0.17651 0.65526 0.17089 0.65285 0.15217 0.65707 0.14387 0.65606 0.13505 0.65385 0.12515 0.65245 0.11632 0.65486 0.10803 0.65967 0.10188 0.66449 0.10295 0.66990 0.11044 0.67372
4 0.11332 0.49247 0.10654 0.49896 0.10396 0.50738 0.10536 0.51878 0.11191 0.52965 0.11776 0.53632 0.12618 0.54088 0.13670 0.54369 0.14793 0.54439 0.16032 0.54579 0.17505 0.54684 0.19376 0.54351 0.20569 0.53667 0.21622 0.53036 0.21925 0.52492 0.22463 0.51475 0.22159 0.50563 0.21177 0.49703 0.20054 0.49002 0.18418 0.48616 0.15541 0.48282 0.14512 0.48195 0.12407 0.48633 0.11332 0.49247
4 0.20054 0.40408 0.19703 0.41109 0.20382 0.42056 0.21504 0.42810 0.23539 0.43600 0.25106 0.43827 0.26275 0.43652 0.27094 0.43249 0.27585 0.42828 0.27865 0.41425 0.28239 0.40478 0.27935 0.39057 0.27047 0.37900 0.25667 0.37198 0.24638 0.37251 0.23703 0.37566 0.21621 0.39074 0.20054 0.40408
4 0.38880 0.35970 0.37406 0.35742 0.36915 0.35970 0.36471 0.36268 0.35863 0.37303 0.35512 0.39601 0.37172 0.40180 0.37640 0.40793 0.38810 0.41425 0.40166 0.41425 0.41475 0.40934 0.42832 0.40706 0.43557 0.40548 0.44656 0.40127 0.45170 0.39706 0.45358 0.38373 0.45310 0.37636 0.44749 0.36952 0.42972 0.36812 0.41335 0.36163 0.40142 0.35935 0.38880 0.35970
4 0.41375 0.40957 0.40433 0.41383 0.40336 0.41822 0.39979 0.42723 0.39914 0.43381 0.39897 0.44428 0.39979 0.45354 0.40645 0.45877 0.41457 0.46328 0.42934 0.46608 0.44152 0.46755 0.45257 0.46755 0.46020 0.46681 0.46751 0.46414 0.47579 0.45999 0.47936 0.45500 0.47985 0.44952 0.47725 0.44245 0.47693 0.43441 0.47335 0.42613 0.46328 0.41822 0.45224 0.41152 0.44120 0.40713 0.43080 0.40689 0.41375 0.40957
4 0.53279 0.49775 0.51817 0.50567 0.50600 0.51870 0.50354 0.52735 0.50567 0.53307 0.51118 0.53916 0.52076 0.54428 0.53082 0.54757 0.54301 0.54927 0.55015 0.54769 0.56136 0.54562 0.56901 0.54367 0.57987 0.53794 0.59286 0.53064 0.59775 0.52820 0.60066 0.51663 0.60114 0.50615 0.59741 0.49739 0.59059 0.48947 0.58476 0.48594 0.57372 0.48374 0.56964 0.48618 0.55957 0.49130 0.54658 0.49349 0.53279 0.49775
