4 0.33754 0.49428 0.34793 0.49807 0.35789 0.49883 0.36543 0.49555 0.37468 0.49555 0.38208 0.48822 0.38535 0.47787 0.38080 0.45059 0.38308 0.40235 0.38592 0.36118 0.38678 0.34830 0.38991 0.32380 0.37667 0.32077 0.36444 0.31926 0.35476 0.32203 0.33840 0.32885 0.32943 0.33163 0.31634 0.33340 0.31207 0.39604 0.31051 0.41523 0.31179 0.45791 0.31478 0.47484 0.31876 0.48797 0.32815 0.49302 0.33754 0.49428
4 0.41936 0.61627 0.43843 0.62107 0.44910 0.62132 0.45380 0.61122 0.45565 0.60112 0.45565 0.51373 0.45565 0.51146 0.44498 0.51247 0.43644 0.50994 0.42890 0.50969 0.42420 0.50767 0.41310 0.50767 0.40471 0.50565 0.39645 0.50060 0.39034 0.49352 0.39944 0.61198 0.40642 0.61324 0.41068 0.61198 0.41936 0.61627
4 0.24635 0.40099 0.24491 0.41227 0.24573 0.42827 0.24635 0.43409 0.24799 0.44427 0.25004 0.45736 0.25352 0.46791 0.25536 0.47300 0.25823 0.47773 0.26233 0.48428 0.26663 0.48864 0.27708 0.49046 0.27749 0.49010 0.29409 0.48100 0.30372 0.47191 0.31150 0.45773 0.31089 0.40936 0.31397 0.36244 0.31663 0.33371 0.28712 0.33516 0.24799 0.34498 0.24819 0.37480 0.24799 0.38062 0.24778 0.39117 0.24635 0.40099
4 0.51029 0.60693 0.51669 0.58268 0.51840 0.57131 0.51883 0.54757 0.51811 0.51120 0.51271 0.51095 0.50759 0.50843 0.50332 0.50211 0.50104 0.48923 0.50019 0.48923 0.49691 0.50464 0.49321 0.50893 0.48453 0.51019 0.47500 0.51095 0.47002 0.51019 0.46575 0.51120 0.46177 0.51120 0.45565 0.51095 0.45636 0.59834 0.46205 0.62385 0.48624 0.62435 0.50844 0.61829 0.51029 0.60693
4 0.68616 0.32406 0.68858 0.38139 0.69001 0.44806 0.70253 0.46473 0.71391 0.47862 0.72643 0.48443 0.73639 0.48418 0.74522 0.47736 0.74892 0.47206 0.75475 0.45943 0.75873 0.44427 0.76329 0.39477 0.76044 0.33390 0.71960 0.31193 0.69427 0.30410 0.68616 0.32406
4 0.56237 0.60415 0.58158 0.60288 0.58613 0.60288 0.58898 0.57813 0.59310 0.54025 0.59595 0.50464 0.58528 0.50742 0.57347 0.50843 0.56607 0.51045 0.55056 0.51171 0.54145 0.51297 0.53562 0.51070 0.51783 0.51045 0.51854 0.57106 0.52182 0.59329 0.52822 0.61274 0.55056 0.60768 0.56237 0.60415
4 0.27606 0.55229 0.27462 0.58065 0.29450 0.59338 0.30884 0.59920 0.33405 0.60066 0.33138 0.54865 0.33036 0.51919 0.33138 0.49482 0.31847 0.48864 0.31294 0.47046 0.30679 0.47191 0.29286 0.49119 0.28507 0.51301 0.27606 0.55229
4 0.50389 0.50464 0.51185 0.51095 0.53732 0.51095 0.54316 0.51221 0.56906 0.51019 0.57574 0.50868 0.59168 0.50489 0.60321 0.50035 0.60947 0.49454 0.61559 0.48090 0.61985 0.45716 0.61914 0.42255 0.61672 0.39174 0.61103 0.34224 0.60292 0.29274 0.58585 0.29047 0.57233 0.29577 0.54814 0.30562 0.52779 0.31269 0.51627 0.31168 0.50815 0.31724 0.49976 0.33239 0.49905 0.39124 0.49976 0.45817 0.50047 0.48999 0.50389 0.50464
4 0.38294 0.46524 0.38735 0.48317 0.39304 0.49681 0.40229 0.50388 0.41353 0.50817 0.42619 0.50843 0.44398 0.51146 0.45921 0.50969 0.47343 0.51095 0.49023 0.51070 0.49820 0.50489 0.50019 0.48847 0.49948 0.37103 0.49805 0.33719 0.49350 0.32683 0.48468 0.31622 0.46006 0.32507 0.44540 0.32582 0.42207 0.32406 0.41026 0.31825 0.39019 0.32330 0.38607 0.35285 0.38294 0.40917 0.38095 0.44453 0.38294 0.46524
4 0.62000 0.45918 0.61630 0.47711 0.62028 0.48696 0.63522 0.49277 0.64874 0.49277 0.66155 0.49024 0.67250 0.48519 0.67691 0.48418 0.68360 0.47761 0.68816 0.46625 0.68986 0.44908 0.68759 0.37103 0.68218 0.30865 0.67976 0.29905 0.66823 0.29274 0.63992 0.29198 0.61132 0.29728 0.61174 0.34830 0.61729 0.40210 0.61957 0.43847 0.62000 0.45918
4 0.39532 0.60945 0.39845 0.60213 0.39261 0.52686 0.39048 0.49150 0.38578 0.47761 0.38222 0.48847 0.37568 0.49479 0.36586 0.49731 0.36373 0.49630 0.35547 0.49832 0.33854 0.49580 0.33128 0.49403 0.33071 0.52232 0.33441 0.60137 0.33527 0.60238 0.33655 0.60187 0.35547 0.60768 0.37625 0.60945 0.39034 0.60844 0.39532 0.60945
4 0.65614 0.57990 0.67435 0.56980 0.67193 0.54909 0.67037 0.52611 0.66624 0.51449 0.66098 0.49984 0.65386 0.49226 0.64902 0.49176 0.63978 0.49302 0.62825 0.49075 0.62000 0.48595 0.61601 0.47686 0.61416 0.48393 0.61174 0.48974 0.60790 0.49681 0.59638 0.50413 0.59396 0.53090 0.59296 0.55591 0.59538 0.57864 0.60420 0.59581 0.63024 0.59025 0.64262 0.58571 0.65614 0.57990
