1 0.45547 0.46827 0.45580 0.46947 0.45695 0.47126 0.45749 0.47197 0.45901 0.47313 0.45971 0.47349 0.46030 0.47357 0.46202 0.47438 0.46276 0.47439 0.46351 0.47440 0.46502 0.47330 0.46552 0.47232 0.46641 0.47058 0.46641 0.46839 0.46600 0.46718 0.46534 0.46661 0.46484 0.46597 0.46341 0.46432 0.46280 0.46346 0.46225 0.46296 0.46164 0.46196 0.46104 0.46040 0.46097 0.45758 0.46087 0.45624 0.46074 0.45490 0.46060 0.45384 0.45998 0.45354 0.45903 0.45346 0.45835 0.45457 0.45768 0.45407 0.45689 0.45455 0.45644 0.45553 0.45638 0.45658 0.45611 0.45876 0.45501 0.46050 0.45472 0.46156 0.45475 0.46431 0.45505 0.46537 0.45547 0.46827
4 0.52399 0.54298 0.52482 0.57333 0.52448 0.58550 0.55032 0.58973 0.56907 0.59152 0.57225 0.58085 0.57766 0.57498 0.57579 0.52987 0.57345 0.51583 0.56279 0.51832 0.55119 0.52055 0.54536 0.51935 0.54347 0.51859 0.54014 0.51427 0.53245 0.51426 0.53116 0.51423 0.52910 0.51542 0.52561 0.52035 0.52471 0.52131 0.52297 0.52347 0.52206 0.52492 0.52203 0.52687 0.52310 0.53541 0.52399 0.54298
4 0.61633 0.40816 0.61383 0.41469 0.61312 0.41614 0.61215 0.41747 0.61005 0.42096 0.60886 0.42264 0.60782 0.42384 0.60537 0.42746 0.60433 0.42914 0.60163 0.43531 0.60092 0.43725 0.59940 0.44246 0.59882 0.44440 0.59791 0.44986 0.59780 0.45193 0.59772 0.45656 0.59769 0.45851 0.60263 0.46018 0.60635 0.46146 0.61053 0.46348 0.62128 0.47476 0.62577 0.47910 0.63422 0.48217 0.64159 0.48108 0.64356 0.46954 0.64371 0.46090 0.64424 0.44994 0.64326 0.43981 0.63861 0.42560 0.63677 0.41387 0.63714 0.40450 0.63293 0.39626 0.63192 0.39564 0.62893 0.39522 0.62777 0.39581 0.62673 0.39689 0.62370 0.39866 0.62239 0.39974 0.62128 0.40093 0.61717 0.40646 0.61633 0.40816
4 0.44457 0.52892 0.44294 0.52902 0.44186 0.52827 0.43961 0.52835 0.43852 0.52882 0.43687 0.52964 0.43467 0.53119 0.43138 0.53259 0.42960 0.53293 0.42858 0.53315 0.42714 0.53386 0.42624 0.53482 0.42507 0.54333 0.42456 0.54514 0.42412 0.55452 0.42401 0.56852 0.42393 0.58131 0.43722 0.58763 0.45186 0.59081 0.46458 0.59103 0.46654 0.57986 0.46855 0.55821 0.46891 0.54921 0.46431 0.53609 0.45896 0.52674 0.45496 0.52618 0.45044 0.52793 0.44942 0.52816 0.44805 0.52838 0.44703 0.52860 0.44600 0.52870 0.44457 0.52892
4 0.36856 0.41952 0.36723 0.42096 0.36629 0.42314 0.36544 0.42488 0.36449 0.42837 0.36379 0.43055 0.36254 0.43696 0.36209 0.43944 0.36129 0.44761 0.36108 0.45039 0.36072 0.45710 0.36067 0.45988 0.36117 0.46837 0.36138 0.47056 0.36201 0.47671 0.36213 0.47905 0.36285 0.48477 0.36463 0.49035 0.36474 0.49328 0.37461 0.49360 0.37909 0.49426 0.38270 0.49359 0.39332 0.49319 0.39765 0.49254 0.40014 0.49039 0.40102 0.48675 0.40389 0.48636 0.40680 0.48276 0.40786 0.48322 0.41056 0.47814 0.41237 0.47291 0.41350 0.46416 0.41181 0.45346 0.40417 0.44660 0.39948 0.43922 0.39016 0.42151 0.38497 0.41499 0.38367 0.41423 0.38205 0.41362 0.38075 0.41330 0.37699 0.41382 0.37370 0.41494 0.37122 0.41665 0.37006 0.41750 0.36856 0.41952
4 0.42422 0.42956 0.42273 0.43099 0.41707 0.45136 0.41689 0.45677 0.41494 0.47047 0.41651 0.49258 0.41749 0.49756 0.41992 0.49848 0.42514 0.49702 0.42799 0.49626 0.43049 0.49558 0.43550 0.49456 0.43697 0.49510 0.43891 0.49441 0.44485 0.49503 0.44640 0.49424 0.44782 0.49660 0.45376 0.49722 0.45477 0.49448 0.45741 0.49322 0.46119 0.49400 0.46169 0.49512 0.46417 0.49537 0.46658 0.49409 0.46773 0.49005 0.46886 0.48712 0.46792 0.47258 0.46603 0.46717 0.46131 0.46130 0.46060 0.45317 0.45812 0.44769 0.44158 0.42197 0.43444 0.41512 0.43404 0.41453 0.43356 0.41379 0.43101 0.41491 0.42729 0.41777 0.42714 0.42142 0.42676 0.42449 0.42523 0.42797 0.42422 0.42956
2 0.59790 0.45827 0.61094 0.46349 0.61676 0.46920 0.61815 0.46727 0.61918 0.46680 0.62077 0.46500 0.62047 0.46317 0.62016 0.46121 0.62020 0.45926 0.62023 0.45707 0.62041 0.45074 0.62072 0.44855 0.62106 0.44466 0.62096 0.44284 0.61981 0.43855 0.61691 0.43338 0.61590 0.43251 0.61302 0.42817 0.60976 0.42936 0.60903 0.42472 0.60795 0.42445 0.60718 0.42530 0.60571 0.42758 0.60431 0.43000 0.60347 0.43132 0.60198 0.43495 0.60127 0.43652 0.59940 0.44221 0.59790 0.45827
4 0.59265 0.51117 0.59064 0.50906 0.58377 0.51333 0.57733 0.51577 0.57562 0.52768 0.57850 0.57707 0.59530 0.58893 0.61607 0.58795 0.62201 0.57917 0.62431 0.56800 0.62296 0.56383 0.62408 0.54643 0.62474 0.53573 0.62377 0.52864 0.62256 0.52436 0.62331 0.51219 0.62303 0.50902 0.62108 0.50399 0.61934 0.50189 0.61115 0.50345 0.60976 0.50525 0.60923 0.50829 0.60645 0.50397 0.59515 0.50451 0.59337 0.50497 0.59265 0.51117
4 0.34532 0.50654 0.34669 0.50290 0.34926 0.50558 0.35245 0.50520 0.35361 0.50419 0.35486 0.50290 0.35664 0.50337 0.36112 0.50432 0.36360 0.50218 0.36516 0.50220 0.36714 0.50107 0.36837 0.50065 0.37041 0.50025 0.37165 0.49954 0.37170 0.49705 0.37150 0.49442 0.36441 0.49327 0.36147 0.47934 0.35123 0.46308 0.34518 0.44470 0.33950 0.43305 0.33525 0.42859 0.32973 0.43171 0.32746 0.44000 0.32715 0.44848 0.32711 0.45111 0.32746 0.47757 0.32732 0.49000 0.34185 0.50911 0.34532 0.50654
4 0.51753 0.52764 0.51650 0.52774 0.51472 0.52832 0.51275 0.52841 0.51125 0.52838 0.50817 0.52955 0.50591 0.53060 0.50379 0.53118 0.50168 0.53114 0.50066 0.53100 0.49944 0.53098 0.49835 0.53096 0.49502 0.53102 0.49392 0.53137 0.49155 0.53096 0.49046 0.53070 0.48849 0.53067 0.48703 0.53259 0.48578 0.53391 0.48463 0.53364 0.48239 0.53336 0.48068 0.53370 0.47897 0.53428 0.47515 0.54274 0.46937 0.55421 0.46685 0.57792 0.47250 0.58923 0.48404 0.58687 0.49349 0.58314 0.50417 0.58332 0.52428 0.58501 0.52469 0.56541 0.52405 0.54359 0.52311 0.53517 0.51876 0.52705 0.51753 0.52764
4 0.66624 0.40562 0.66586 0.40756 0.66421 0.41240 0.66337 0.41410 0.66195 0.41736 0.66144 0.41918 0.66016 0.42269 0.65972 0.42439 0.65785 0.42642 0.65682 0.42689 0.65441 0.42819 0.65338 0.42866 0.65133 0.42923 0.64843 0.43162 0.64647 0.43512 0.64563 0.43632 0.64452 0.43789 0.64341 0.43896 0.64334 0.43908 0.64453 0.45275 0.64684 0.45705 0.64877 0.45903 0.65045 0.46040 0.65233 0.46214 0.65388 0.46290 0.65580 0.46537 0.65715 0.46661 0.65833 0.46907 0.65912 0.47030 0.66113 0.47216 0.66382 0.47416 0.66523 0.47479 0.66660 0.47469 0.66864 0.47461 0.67095 0.47465 0.67253 0.47395 0.67425 0.47276 0.67542 0.47217 0.67768 0.47136 0.67959 0.47102 0.68229 0.47229 0.68397 0.47317 0.68506 0.47319 0.68603 0.47211 0.68715 0.47067 0.68814 0.46837 0.68864 0.46655 0.68915 0.46473 0.68992 0.46000 0.69207 0.44164 0.69208 0.42190 0.69115 0.40849 0.68770 0.39990 0.68362 0.39569 0.68133 0.39431 0.68025 0.39429 0.67848 0.39426 0.67725 0.39424 0.67416 0.39613 0.67305 0.39721 0.66987 0.40044 0.66861 0.40213 0.66765 0.40284 0.66624 0.40562
4 0.70624 0.50097 0.70562 0.49730 0.70512 0.49498 0.70467 0.49327 0.70402 0.49179 0.70364 0.48996 0.70205 0.48725 0.69545 0.48348 0.69367 0.48406 0.69090 0.48303 0.68926 0.48374 0.68780 0.48554 0.68655 0.48686 0.68552 0.48745 0.68443 0.48743 0.68247 0.48666 0.68031 0.48565 0.67694 0.48377 0.67482 0.48458 0.67255 0.48576 0.67116 0.48769 0.66854 0.49373 0.66635 0.50210 0.66455 0.51181 0.65999 0.53926 0.66270 0.54345 0.66878 0.54246 0.67480 0.55170 0.68158 0.55743 0.68869 0.55122 0.69844 0.53835 0.70688 0.52668 0.70696 0.51816 0.70624 0.50097
1 0.61997 0.45727 0.62085 0.44652 0.62061 0.44045 0.61903 0.43633 0.61714 0.43345 0.61462 0.43106 0.61228 0.43077 0.60747 0.43267 0.60589 0.44031 0.60465 0.44785 0.60468 0.45428 0.60652 0.45964 0.61039 0.46330 0.61413 0.46324 0.61651 0.46539 0.61899 0.46580 0.61975 0.46210 0.61997 0.45727
