4 0.22475 0.25856 0.22090 0.27905 0.21621 0.29976 0.21103 0.32448 0.21093 0.33521 0.21202 0.35751 0.21905 0.37443 0.23175 0.39421 0.23708 0.40254 0.24483 0.40430 0.25802 0.40427 0.26961 0.40092 0.28112 0.39335 0.29428 0.38344 0.30562 0.37398 0.31414 0.37151 0.30731 0.36595 0.30268 0.35024 0.30017 0.33492 0.30275 0.30561 0.30266 0.30077 0.28983 0.27279 0.28061 0.25106 0.26609 0.23131 0.25614 0.22433 0.24620 0.22556 0.24412 0.22665 0.24108 0.22923 0.23625 0.23394 0.23240 0.23843 0.22995 0.24310 0.22846 0.24628 0.22540 0.25539 0.22475 0.25856
4 0.17280 0.33735 0.17275 0.34240 0.17200 0.34768 0.18160 0.40708 0.19677 0.44029 0.19984 0.43939 0.20675 0.43338 0.21643 0.42521 0.22271 0.42321 0.23665 0.40191 0.22599 0.38610 0.21658 0.36921 0.21232 0.35855 0.21052 0.33606 0.21047 0.32491 0.18829 0.30003 0.18213 0.29320 0.17962 0.29387 0.17756 0.29643 0.17630 0.30487 0.17629 0.31182 0.17514 0.31837 0.17451 0.32259 0.17327 0.33229 0.17280 0.33735
4 0.46997 0.49593 0.47310 0.49083 0.49171 0.43135 0.49201 0.38398 0.44986 0.38135 0.41626 0.37773 0.41630 0.37962 0.42050 0.42733 0.42790 0.45751 0.43333 0.47953 0.44224 0.49137 0.45120 0.49837 0.45811 0.50035 0.46022 0.50052 0.46470 0.49981 0.46679 0.49873 0.46997 0.49593
4 0.41297 0.37463 0.42555 0.37988 0.43583 0.38181 0.46600 0.38233 0.49591 0.38349 0.50786 0.38455 0.51005 0.36514 0.51243 0.33269 0.51023 0.30346 0.50411 0.27410 0.49696 0.25065 0.48172 0.22945 0.47161 0.22120 0.45758 0.21345 0.44340 0.21306 0.42594 0.21758 0.41372 0.23274 0.40490 0.25815 0.39750 0.29259 0.39398 0.31581 0.39338 0.33771 0.39727 0.35932 0.40160 0.36620 0.41297 0.37463
4 0.52072 0.27718 0.51350 0.30615 0.51266 0.33815 0.51037 0.37566 0.51059 0.38050 0.51513 0.38295 0.53159 0.38582 0.56490 0.38840 0.58848 0.38904 0.61538 0.38646 0.62571 0.38354 0.62841 0.36939 0.62879 0.35107 0.62760 0.32268 0.62509 0.29956 0.61807 0.26748 0.61239 0.24716 0.60800 0.23692 0.59405 0.21738 0.57988 0.20963 0.57776 0.20904 0.56643 0.21092 0.56392 0.21201 0.55462 0.21744 0.55283 0.21957 0.54709 0.22851 0.54530 0.23065 0.53376 0.24454 0.52072 0.27718
4 0.77555 0.42977 0.78101 0.43662 0.79394 0.45428 0.79861 0.45610 0.80459 0.45305 0.81009 0.44684 0.81550 0.43517 0.82157 0.42096 0.82868 0.39474 0.83345 0.37045 0.83502 0.35547 0.83453 0.34348 0.83160 0.32080 0.82972 0.31704 0.82625 0.31163 0.82155 0.30750 0.81664 0.30780 0.81056 0.31275 0.81434 0.33647 0.81466 0.35478 0.81174 0.36472 0.80091 0.38722 0.79385 0.39261 0.77962 0.41327 0.77157 0.41047 0.77302 0.42139 0.77555 0.42977
4 0.80679 0.45090 0.79903 0.45609 0.81528 0.47096 0.82665 0.47897 0.83440 0.48073 0.83963 0.47475 0.84742 0.44725 0.85439 0.40397 0.85591 0.38689 0.85360 0.36715 0.85189 0.35770 0.84990 0.35585 0.84791 0.35462 0.84412 0.35468 0.83970 0.35855 0.83627 0.36303 0.83421 0.36538 0.82578 0.40531 0.81512 0.43749 0.80679 0.45090
4 0.21542 0.47040 0.21777 0.45226 0.22163 0.43219 0.22093 0.42379 0.21146 0.42837 0.20180 0.43780 0.19461 0.44340 0.19010 0.45042 0.18826 0.46561 0.18361 0.48064 0.18230 0.49371 0.18317 0.51959 0.18471 0.54377 0.18591 0.54796 0.18932 0.55064 0.19170 0.54997 0.19585 0.54673 0.19779 0.54544 0.20190 0.53989 0.21775 0.51520 0.21626 0.48638 0.21542 0.47040
4 0.38782 0.49337 0.39352 0.49032 0.39560 0.48923 0.39821 0.48603 0.39971 0.48348 0.40264 0.47438 0.40343 0.47141 0.41927 0.41409 0.41610 0.37710 0.39687 0.36102 0.38989 0.37061 0.37293 0.38017 0.34257 0.38491 0.34628 0.40463 0.35483 0.42006 0.35835 0.46147 0.36515 0.47313 0.37172 0.48733 0.37446 0.49171 0.37658 0.49272 0.38025 0.49371 0.38263 0.49367 0.38782 0.49337
4 0.18598 0.44776 0.19244 0.44786 0.19611 0.44085 0.19010 0.42664 0.18103 0.40533 0.17759 0.38497 0.17156 0.34508 0.16481 0.33635 0.15746 0.33332 0.14991 0.33472 0.14760 0.36318 0.14889 0.37263 0.15044 0.38102 0.15545 0.42682 0.16367 0.44773 0.17094 0.45392 0.18598 0.44776
4 0.64964 0.26735 0.64829 0.27011 0.64422 0.27818 0.64245 0.28116 0.63905 0.28753 0.63741 0.28988 0.63452 0.29351 0.63273 0.29543 0.63040 0.29821 0.62764 0.30099 0.62587 0.30397 0.62855 0.32940 0.62908 0.36770 0.63188 0.37523 0.63488 0.37812 0.64882 0.38104 0.67307 0.39535 0.67748 0.39906 0.68689 0.39932 0.69780 0.39723 0.70042 0.39508 0.70643 0.39329 0.70880 0.39283 0.71402 0.37843 0.71772 0.35710 0.71623 0.32787 0.71401 0.30517 0.71104 0.28796 0.70370 0.26115 0.69380 0.24869 0.68350 0.24529 0.68097 0.24533 0.67088 0.24614 0.66837 0.24724 0.66407 0.24963 0.66198 0.25072 0.65606 0.25714 0.65427 0.25948 0.64964 0.26735
4 0.59126 0.50750 0.59338 0.50830 0.59803 0.50885 0.60027 0.50882 0.60249 0.50730 0.60595 0.50472 0.61066 0.50148 0.61535 0.49655 0.61685 0.49421 0.61860 0.48976 0.62037 0.48699 0.62284 0.48337 0.62405 0.48062 0.62606 0.47490 0.62685 0.47194 0.62817 0.46749 0.63030 0.46093 0.63246 0.45584 0.63447 0.45054 0.63569 0.44778 0.63884 0.44352 0.64256 0.43966 0.64516 0.43562 0.64538 0.43246 0.64601 0.42824 0.64930 0.41555 0.65042 0.38333 0.63699 0.37767 0.63303 0.37626 0.62913 0.36980 0.62557 0.38270 0.60699 0.38766 0.56846 0.39107 0.56542 0.41743 0.56904 0.44011 0.57524 0.45768 0.57777 0.47405 0.58046 0.49127 0.58184 0.49798 0.58273 0.50112 0.58604 0.50549 0.58816 0.50629 0.59126 0.50750
4 0.22077 0.52921 0.22153 0.53235 0.22259 0.53675 0.22412 0.54409 0.22560 0.54870 0.23055 0.55093 0.23265 0.55068 0.23556 0.54852 0.23943 0.54488 0.24208 0.53620 0.25528 0.51261 0.26950 0.49110 0.27704 0.48086 0.28796 0.42342 0.26794 0.40187 0.25620 0.40418 0.24848 0.40432 0.24032 0.40320 0.23708 0.40241 0.22108 0.42627 0.22134 0.43300 0.21444 0.47206 0.21775 0.51663 0.22077 0.52921
4 0.72107 0.46061 0.71854 0.48444 0.73906 0.51818 0.74816 0.54139 0.75999 0.55992 0.76796 0.56630 0.77187 0.56497 0.77483 0.55818 0.78229 0.52711 0.78593 0.49421 0.78677 0.47798 0.78474 0.45844 0.78090 0.43914 0.77379 0.42622 0.77141 0.41826 0.76304 0.40514 0.75425 0.40003 0.74867 0.40203 0.73991 0.40660 0.73126 0.41728 0.72652 0.41904 0.72662 0.43294 0.72107 0.46061
4 0.78553 0.50348 0.78246 0.52879 0.78457 0.53738 0.80736 0.58077 0.81101 0.56450 0.81174 0.54196 0.81115 0.50829 0.80562 0.48102 0.79622 0.45677 0.79250 0.45262 0.78012 0.43516 0.78488 0.45823 0.78666 0.48009 0.78553 0.50348
4 0.27401 0.51704 0.27564 0.52984 0.27786 0.53676 0.27958 0.53883 0.28257 0.54110 0.28496 0.54126 0.28819 0.54142 0.29044 0.54180 0.29602 0.54002 0.29824 0.53872 0.30170 0.53592 0.30378 0.53441 0.30710 0.53140 0.30904 0.53011 0.31249 0.52668 0.31469 0.52411 0.32957 0.50049 0.34515 0.47685 0.35790 0.45979 0.35482 0.41964 0.34554 0.40233 0.32888 0.38073 0.32381 0.37955 0.31598 0.37316 0.30595 0.37755 0.29939 0.38735 0.28821 0.42227 0.27808 0.47697 0.27614 0.48627 0.27490 0.49555 0.27401 0.51704
4 0.15845 0.54255 0.16443 0.53949 0.16817 0.53669 0.17342 0.53176 0.17742 0.52811 0.17935 0.52597 0.18085 0.52342 0.18234 0.52024 0.18207 0.48888 0.18432 0.47326 0.18761 0.46878 0.19013 0.46011 0.19060 0.44684 0.18320 0.44907 0.16981 0.45394 0.16211 0.44670 0.16138 0.44524 0.14955 0.45050 0.14932 0.45324 0.14538 0.46110 0.14482 0.46911 0.14460 0.47227 0.14298 0.48409 0.13985 0.49782 0.13775 0.52228 0.13960 0.54014 0.14560 0.54593 0.15607 0.54301 0.15845 0.54255
4 0.72285 0.38501 0.72901 0.38427 0.73760 0.38580 0.74897 0.39423 0.75469 0.40024 0.76418 0.40512 0.77411 0.41127 0.77960 0.41264 0.78371 0.40647 0.79400 0.39303 0.80063 0.38702 0.80549 0.37641 0.81188 0.36430 0.81475 0.35204 0.81448 0.33625 0.81030 0.31402 0.80354 0.28866 0.79335 0.25158 0.78136 0.22401 0.77175 0.21996 0.76060 0.22416 0.74293 0.24088 0.73485 0.26060 0.72975 0.28153 0.71586 0.31377 0.71710 0.33669 0.71729 0.35542 0.71529 0.37756 0.72285 0.38501
4 0.30843 0.36572 0.31415 0.37193 0.32368 0.37955 0.33328 0.38297 0.34875 0.38459 0.36371 0.38159 0.37516 0.37823 0.38463 0.37428 0.39388 0.36570 0.39676 0.36165 0.39243 0.33857 0.39244 0.32320 0.39427 0.29959 0.39709 0.29197 0.39166 0.27838 0.38055 0.26089 0.37047 0.24612 0.35557 0.23691 0.33918 0.23825 0.32697 0.24646 0.31696 0.25969 0.30823 0.28194 0.30275 0.30583 0.30089 0.33575 0.30601 0.35608 0.30843 0.36572
4 0.16220 0.44397 0.16234 0.44375 0.15484 0.42431 0.15224 0.40394 0.14996 0.37766 0.14624 0.36552 0.13383 0.35395 0.11649 0.34141 0.11582 0.35110 0.12575 0.40566 0.13470 0.44423 0.14292 0.44851 0.14772 0.45053 0.15025 0.45049 0.15346 0.44938 0.15664 0.44701 0.16026 0.44526 0.16220 0.44397
4 0.72607 0.43273 0.72554 0.41822 0.72016 0.39937 0.71312 0.38223 0.70855 0.39368 0.69835 0.39596 0.68690 0.39932 0.67734 0.39843 0.66047 0.38862 0.65198 0.38435 0.65115 0.38520 0.64840 0.42020 0.64740 0.44358 0.65401 0.48472 0.66844 0.51541 0.68192 0.53223 0.69449 0.53664 0.70522 0.53267 0.71183 0.51739 0.71706 0.48720 0.72607 0.43273
4 0.52928 0.49427 0.53412 0.48997 0.53754 0.48507 0.54112 0.48143 0.54277 0.47930 0.54507 0.47462 0.55840 0.43398 0.56538 0.41617 0.56827 0.38876 0.54015 0.38525 0.51612 0.38335 0.50929 0.37842 0.50745 0.38519 0.49300 0.38565 0.49214 0.43240 0.50398 0.46798 0.50546 0.47195 0.50649 0.47509 0.51160 0.48616 0.51562 0.49135 0.51761 0.49279 0.52017 0.49485 0.52509 0.49560 0.52928 0.49427
