4 0.24584 0.22475 0.24093 0.22938 0.23700 0.23380 0.23448 0.23843 0.23293 0.24158 0.22970 0.25064 0.22900 0.25379 0.22480 0.27421 0.21975 0.29483 0.21413 0.31946 0.21385 0.33019 0.21455 0.35250 0.22129 0.36955 0.23363 0.38955 0.23883 0.39796 0.24654 0.39986 0.25973 0.40007 0.27138 0.39691 0.28302 0.38955 0.29635 0.37986 0.30785 0.37060 0.31641 0.36829 0.30968 0.36260 0.30533 0.34682 0.30308 0.33145 0.30617 0.30220 0.30617 0.29736 0.29382 0.26916 0.28498 0.24727 0.27081 0.22727 0.26099 0.22012 0.25103 0.22117 0.24893 0.22222 0.24584 0.22475
4 0.18116 0.29083 0.17976 0.29925 0.17962 0.30620 0.17836 0.31272 0.17765 0.31693 0.17625 0.32661 0.17569 0.33167 0.17555 0.33672 0.17471 0.34198 0.18327 0.40154 0.19786 0.43501 0.20094 0.43416 0.20796 0.42827 0.21778 0.42027 0.22409 0.41838 0.23840 0.39733 0.22802 0.38134 0.21890 0.36429 0.21483 0.35355 0.21343 0.33103 0.21357 0.31988 0.19182 0.29462 0.18579 0.28768 0.18327 0.28831 0.18116 0.29083
4 0.44240 0.49036 0.45124 0.49752 0.45812 0.49962 0.46022 0.49983 0.46471 0.49920 0.46681 0.49815 0.47004 0.49541 0.47327 0.49036 0.49291 0.43122 0.49403 0.38386 0.45194 0.38049 0.41841 0.37629 0.41841 0.37818 0.42178 0.42595 0.42865 0.45626 0.43370 0.47836 0.44240 0.49036
4 0.40914 0.25653 0.40114 0.29083 0.39721 0.31399 0.39623 0.33588 0.39974 0.35755 0.40395 0.36450 0.41517 0.37313 0.42765 0.37860 0.43790 0.38071 0.46806 0.38176 0.49795 0.38344 0.50987 0.38470 0.51240 0.36534 0.51534 0.33293 0.51366 0.30367 0.50805 0.27421 0.50131 0.25064 0.48644 0.22917 0.47648 0.22075 0.46259 0.21275 0.44842 0.21212 0.43088 0.21633 0.41840 0.23127 0.40914 0.25653
4 0.56894 0.21317 0.55954 0.21843 0.55771 0.22054 0.55182 0.22938 0.55000 0.23148 0.53821 0.24516 0.52460 0.27758 0.51689 0.30641 0.51548 0.33840 0.51254 0.37586 0.51268 0.38071 0.51717 0.38323 0.53358 0.38639 0.56683 0.38955 0.59040 0.39060 0.61734 0.38849 0.62772 0.38576 0.63067 0.37165 0.63137 0.35335 0.63067 0.32493 0.62857 0.30178 0.62211 0.26958 0.61678 0.24916 0.61257 0.23885 0.59896 0.21906 0.58493 0.21107 0.58283 0.21044 0.57146 0.21212 0.56894 0.21317
4 0.81406 0.37018 0.80283 0.39249 0.79568 0.39775 0.78109 0.41817 0.77309 0.41522 0.77435 0.42617 0.77674 0.43459 0.78207 0.44153 0.79470 0.45942 0.79933 0.46132 0.80536 0.45837 0.81097 0.45226 0.81658 0.44069 0.82290 0.42659 0.83047 0.40049 0.83566 0.37629 0.83749 0.36134 0.83721 0.34935 0.83468 0.32661 0.83286 0.32283 0.82949 0.31735 0.82486 0.31315 0.81995 0.31335 0.81378 0.31820 0.81714 0.34198 0.81714 0.36029 0.81406 0.37018
4 0.84661 0.36071 0.84212 0.36450 0.83861 0.36892 0.83651 0.37123 0.82739 0.41101 0.81616 0.44300 0.80760 0.45626 0.79975 0.46132 0.81574 0.47647 0.82697 0.48468 0.83468 0.48657 0.84001 0.48068 0.84829 0.45332 0.85601 0.41017 0.85783 0.39312 0.85587 0.37334 0.85432 0.36387 0.85236 0.36197 0.85040 0.36071 0.84661 0.36071
4 0.19087 0.54458 0.19508 0.54142 0.19704 0.54015 0.20125 0.53468 0.21753 0.51027 0.21655 0.48143 0.21598 0.46544 0.21865 0.44734 0.22286 0.42735 0.22230 0.41893 0.21276 0.42335 0.20294 0.43261 0.19564 0.43808 0.19101 0.44502 0.18891 0.46018 0.18400 0.47512 0.18245 0.48817 0.18287 0.51406 0.18400 0.53826 0.18512 0.54247 0.18849 0.54521 0.19087 0.54458
4 0.36564 0.47079 0.37196 0.48510 0.37462 0.48952 0.37673 0.49057 0.38037 0.49162 0.38276 0.49162 0.38795 0.49141 0.39370 0.48846 0.39581 0.48741 0.39847 0.48426 0.40002 0.48173 0.40310 0.47268 0.40395 0.46973 0.42078 0.41270 0.41826 0.37565 0.39932 0.35924 0.39216 0.36871 0.37504 0.37797 0.34460 0.38218 0.34797 0.40196 0.35624 0.41754 0.35905 0.45900 0.36564 0.47079
4 0.15004 0.35705 0.15117 0.36652 0.15257 0.37494 0.15678 0.42082 0.16463 0.44187 0.17179 0.44818 0.18694 0.44229 0.19340 0.44250 0.19718 0.43555 0.19143 0.42124 0.18273 0.39977 0.17965 0.37936 0.17432 0.33937 0.16772 0.33053 0.16042 0.32737 0.15285 0.32864 0.15004 0.35705
4 0.67529 0.24916 0.67276 0.25021 0.66841 0.25253 0.66631 0.25358 0.66027 0.25990 0.65845 0.26221 0.65368 0.27000 0.65228 0.27273 0.64807 0.28073 0.64624 0.28368 0.64274 0.28999 0.64105 0.29231 0.63811 0.29589 0.63628 0.29778 0.63390 0.30052 0.63109 0.30325 0.62927 0.30620 0.63151 0.33167 0.63137 0.36997 0.63404 0.37755 0.63698 0.38049 0.65087 0.38365 0.67487 0.39838 0.67921 0.40217 0.68861 0.40260 0.69956 0.40070 0.70222 0.39859 0.70826 0.39691 0.71064 0.39649 0.71611 0.38218 0.72018 0.36092 0.71920 0.33167 0.71738 0.30893 0.71471 0.29168 0.70784 0.26474 0.69815 0.25211 0.68791 0.24853 0.68539 0.24853 0.67529 0.24916
4 0.57821 0.47541 0.58060 0.49268 0.58186 0.49941 0.58270 0.50257 0.58593 0.50699 0.58803 0.50783 0.59112 0.50909 0.59322 0.50993 0.59785 0.51056 0.60010 0.51056 0.60234 0.50909 0.60585 0.50657 0.61062 0.50341 0.61539 0.49857 0.61693 0.49625 0.61876 0.49183 0.62058 0.48910 0.62311 0.48552 0.62437 0.48278 0.62648 0.47710 0.62732 0.47415 0.62872 0.46973 0.63097 0.46321 0.63321 0.45816 0.63532 0.45290 0.63658 0.45016 0.63980 0.44595 0.64359 0.44216 0.64626 0.43816 0.64654 0.43501 0.64724 0.43080 0.65075 0.41817 0.65243 0.38597 0.63910 0.38007 0.63517 0.37860 0.63139 0.37207 0.62760 0.38491 0.60894 0.38955 0.57035 0.39228 0.56685 0.41859 0.57007 0.44132 0.57597 0.45900 0.57821 0.47541
4 0.24205 0.39868 0.23883 0.39784 0.22241 0.42141 0.22255 0.42814 0.21497 0.46708 0.21750 0.51170 0.22031 0.52433 0.22101 0.52748 0.22199 0.53190 0.22339 0.53927 0.22480 0.54390 0.22970 0.54622 0.23181 0.54601 0.23476 0.54390 0.23869 0.54032 0.24149 0.53170 0.25510 0.50833 0.26969 0.48708 0.27741 0.47697 0.28933 0.41973 0.26969 0.39784 0.25791 0.39994 0.25019 0.39994 0.24205 0.39868
4 0.75596 0.40449 0.75035 0.40638 0.74151 0.41080 0.73267 0.42133 0.72790 0.42301 0.72776 0.43690 0.72173 0.46447 0.71878 0.48825 0.73870 0.52235 0.74740 0.54571 0.75891 0.56445 0.76676 0.57097 0.77069 0.56970 0.77378 0.56297 0.78177 0.53203 0.78598 0.49920 0.78710 0.48299 0.78542 0.46342 0.78191 0.44405 0.77504 0.43101 0.77280 0.42301 0.76466 0.40975 0.75596 0.40449
4 0.80591 0.48636 0.79693 0.46195 0.79328 0.45774 0.78121 0.44006 0.78556 0.46321 0.78697 0.48510 0.78542 0.50846 0.78191 0.53372 0.78388 0.54234 0.80591 0.58612 0.80983 0.56992 0.81096 0.54740 0.81096 0.51372 0.80591 0.48636
4 0.30812 0.37418 0.30139 0.38386 0.28960 0.41859 0.27852 0.47310 0.27641 0.48236 0.27502 0.49162 0.27375 0.51309 0.27515 0.52592 0.27725 0.53287 0.27894 0.53498 0.28188 0.53729 0.28427 0.53750 0.28750 0.53772 0.28974 0.53814 0.29535 0.53645 0.29760 0.53519 0.30110 0.53245 0.30321 0.53098 0.30658 0.52803 0.30854 0.52677 0.31205 0.52340 0.31429 0.52088 0.32959 0.49752 0.34558 0.47415 0.35863 0.45731 0.35624 0.41712 0.34726 0.39965 0.33099 0.37776 0.32594 0.37650 0.31822 0.36997 0.30812 0.37418
4 0.14331 0.47786 0.13994 0.49154 0.13742 0.51595 0.13896 0.53384 0.14485 0.53974 0.15537 0.53700 0.15776 0.53658 0.16379 0.53363 0.16758 0.53090 0.17291 0.52606 0.17698 0.52248 0.17895 0.52037 0.18049 0.51785 0.18203 0.51469 0.18231 0.48333 0.18484 0.46775 0.18820 0.46333 0.19087 0.45471 0.19157 0.44145 0.18414 0.44355 0.17067 0.44818 0.16309 0.44081 0.16239 0.43934 0.15046 0.44439 0.15018 0.44713 0.14611 0.45492 0.14541 0.46292 0.14513 0.46607 0.14331 0.47786
4 0.73900 0.26474 0.73352 0.28557 0.71908 0.31757 0.71992 0.34051 0.71978 0.35924 0.71739 0.38134 0.72483 0.38891 0.73100 0.38828 0.73956 0.38997 0.75078 0.39859 0.75639 0.40470 0.76579 0.40975 0.77562 0.41606 0.78109 0.41754 0.78530 0.41143 0.79582 0.39818 0.80255 0.39228 0.80760 0.38176 0.81420 0.36976 0.81728 0.35755 0.81728 0.34177 0.81350 0.31946 0.80718 0.29399 0.79764 0.25674 0.78614 0.22896 0.77660 0.22475 0.76537 0.22875 0.74741 0.24516 0.73900 0.26474
4 0.33142 0.24348 0.32118 0.25653 0.31206 0.27863 0.30617 0.30241 0.30379 0.33230 0.30855 0.35271 0.31080 0.36239 0.31641 0.36871 0.32581 0.37650 0.33535 0.38007 0.35079 0.38197 0.36580 0.37923 0.37730 0.37607 0.38684 0.37229 0.39624 0.36387 0.39919 0.35987 0.39526 0.33672 0.39554 0.32135 0.39779 0.29778 0.40073 0.29020 0.39554 0.27652 0.38474 0.25885 0.37492 0.24390 0.36019 0.23443 0.34377 0.23548 0.33142 0.24348
4 0.14387 0.44229 0.14864 0.44439 0.15117 0.44439 0.15439 0.44334 0.15762 0.44103 0.16127 0.43934 0.16323 0.43808 0.16337 0.43787 0.15622 0.41829 0.15397 0.39788 0.15215 0.37157 0.14864 0.35936 0.13643 0.34758 0.11932 0.33474 0.11847 0.34442 0.12745 0.39914 0.13573 0.43787 0.14387 0.44229
4 0.66814 0.51835 0.68133 0.53540 0.69382 0.54003 0.70462 0.53624 0.71150 0.52109 0.71725 0.49099 0.72721 0.43669 0.72693 0.42217 0.72188 0.40323 0.71515 0.38597 0.71037 0.39733 0.70013 0.39944 0.68863 0.40260 0.67909 0.40154 0.66239 0.39144 0.65397 0.38702 0.65313 0.38786 0.64977 0.42280 0.64836 0.44616 0.65426 0.48741 0.66814 0.51835
4 0.50693 0.47521 0.51184 0.48636 0.51577 0.49162 0.51773 0.49310 0.52025 0.49520 0.52517 0.49604 0.52938 0.49478 0.53428 0.49057 0.53779 0.48573 0.54144 0.48215 0.54312 0.48005 0.54551 0.47541 0.55954 0.43501 0.56683 0.41733 0.57020 0.38997 0.54214 0.38597 0.51815 0.38365 0.51141 0.37860 0.50945 0.38533 0.49500 0.38555 0.49332 0.43227 0.50454 0.46805 0.50594 0.47205 0.50693 0.47521
