4 0.46111 0.53811 0.45984 0.53780 0.45644 0.53834 0.45726 0.58033 0.47462 0.58480 0.49828 0.58900 0.50091 0.55204 0.50045 0.54100 0.49810 0.53993 0.49348 0.53921 0.49218 0.53938 0.48991 0.53985 0.46111 0.53811
4 0.41175 0.53884 0.40995 0.53708 0.40857 0.53701 0.40692 0.53728 0.40537 0.53720 0.40053 0.53896 0.39595 0.54749 0.39006 0.56117 0.38615 0.57317 0.41236 0.57490 0.40954 0.57107 0.40989 0.55628 0.41289 0.54838 0.41377 0.54463 0.41379 0.54428 0.41283 0.54292 0.41226 0.54065 0.41175 0.53884
4 0.63823 0.56684 0.63681 0.56775 0.63557 0.56859 0.63500 0.56914 0.62885 0.57910 0.62517 0.58648 0.62699 0.59859 0.64644 0.59541 0.66092 0.59107 0.65640 0.57660 0.65070 0.56667 0.64809 0.56497 0.64688 0.56417 0.64541 0.56360 0.64380 0.56343 0.64282 0.56379 0.64133 0.56495 0.63995 0.56611 0.63823 0.56684
4 0.70929 0.52968 0.71237 0.52676 0.71293 0.52596 0.72328 0.45848 0.71130 0.47492 0.70294 0.48302 0.69459 0.51232 0.68896 0.53098 0.69107 0.53667 0.69532 0.53961 0.70058 0.53953 0.70415 0.53735 0.70629 0.53426 0.70929 0.52968
4 0.68840 0.46590 0.68671 0.46854 0.68474 0.47152 0.68103 0.47653 0.67973 0.47824 0.67734 0.47954 0.67617 0.48042 0.67512 0.48073 0.67346 0.49604 0.66857 0.51854 0.66508 0.52748 0.66669 0.53468 0.67036 0.54186 0.67414 0.54549 0.67631 0.54525 0.68159 0.54150 0.68862 0.53085 0.69308 0.51816 0.70214 0.48511 0.70797 0.44785 0.70673 0.44683 0.70516 0.44723 0.70269 0.44828 0.70045 0.44982 0.69790 0.45253 0.69478 0.45604 0.69377 0.45729 0.69216 0.46005 0.69057 0.46246 0.68840 0.46590
4 0.58393 0.53767 0.57929 0.53743 0.57295 0.53497 0.56607 0.53295 0.55592 0.52921 0.54415 0.53168 0.54216 0.53667 0.54511 0.54630 0.54151 0.58356 0.54225 0.59260 0.58118 0.59677 0.58652 0.59528 0.59021 0.55282 0.59049 0.54572 0.58998 0.54391 0.58920 0.54245 0.58805 0.54121 0.58635 0.53922 0.58393 0.53767
4 0.45213 0.53847 0.45075 0.53840 0.44932 0.53773 0.44679 0.53665 0.44511 0.53585 0.44385 0.53519 0.44232 0.53475 0.44018 0.53440 0.43829 0.53419 0.43557 0.53357 0.43428 0.53338 0.42802 0.53282 0.42512 0.53373 0.41995 0.53868 0.41798 0.54000 0.41657 0.54075 0.41539 0.54187 0.41387 0.54452 0.41343 0.54627 0.41295 0.54886 0.41146 0.55269 0.40978 0.55663 0.40950 0.57036 0.41263 0.57467 0.42104 0.57393 0.42906 0.57553 0.44441 0.57871 0.45726 0.58033 0.45665 0.55921 0.45639 0.53928 0.45489 0.53838 0.45359 0.53855 0.45213 0.53847
4 0.66279 0.44431 0.66085 0.44749 0.65936 0.45059 0.65819 0.45419 0.65718 0.45657 0.65619 0.45847 0.65510 0.46073 0.65319 0.46332 0.65050 0.46537 0.64823 0.46647 0.64521 0.46814 0.64293 0.46936 0.64149 0.46978 0.63971 0.46981 0.63803 0.46972 0.63663 0.46940 0.63493 0.46956 0.63381 0.48084 0.63096 0.49118 0.63147 0.49669 0.62854 0.50349 0.62665 0.50400 0.62443 0.50389 0.62294 0.50357 0.62025 0.50416 0.61925 0.50447 0.62243 0.51342 0.62830 0.52336 0.63167 0.54025 0.63484 0.54407 0.63916 0.54637 0.64585 0.54991 0.64823 0.54805 0.64976 0.54724 0.65107 0.54773 0.65289 0.54685 0.65489 0.54598 0.65672 0.54485 0.65887 0.54289 0.66001 0.54083 0.66425 0.52817 0.66858 0.51840 0.67339 0.49609 0.67607 0.47049 0.68017 0.44973 0.67998 0.43972 0.67815 0.43584 0.67716 0.43445 0.67497 0.43385 0.67249 0.43372 0.67004 0.43480 0.66883 0.43572 0.66771 0.43688 0.66456 0.44098 0.66358 0.44276 0.66279 0.44431
4 0.41213 0.53278 0.41798 0.53296 0.42084 0.53226 0.42248 0.52993 0.42392 0.53097 0.42515 0.53163 0.42737 0.53163 0.42996 0.53139 0.43141 0.53086 0.43244 0.52953 0.43437 0.52907 0.43618 0.52834 0.43799 0.52877 0.44018 0.52766 0.44275 0.52609 0.44406 0.52470 0.44452 0.52289 0.44700 0.51948 0.44845 0.51382 0.44753 0.47206 0.43345 0.45291 0.42812 0.43263 0.42355 0.42507 0.41768 0.42025 0.40457 0.42139 0.39781 0.44372 0.39340 0.46337 0.39356 0.47387 0.39369 0.50022 0.39537 0.51556 0.39924 0.52466 0.40554 0.52987 0.41213 0.53278
4 0.33559 0.53746 0.34033 0.54027 0.34300 0.54017 0.34496 0.53820 0.34768 0.53553 0.34888 0.53462 0.34984 0.53321 0.35155 0.53098 0.35327 0.52705 0.35445 0.51967 0.35007 0.50346 0.34907 0.48511 0.32762 0.44581 0.32550 0.44387 0.32416 0.44405 0.32110 0.44474 0.31981 0.44577 0.31869 0.45352 0.31890 0.47158 0.32305 0.50253 0.32838 0.52257 0.32900 0.52785 0.33559 0.53746
4 0.35820 0.43909 0.34848 0.44163 0.34967 0.45279 0.34947 0.47180 0.34967 0.48828 0.35032 0.50649 0.35603 0.52289 0.35892 0.53206 0.36108 0.53645 0.36392 0.53818 0.36743 0.54410 0.37032 0.54827 0.37375 0.55040 0.37541 0.55098 0.37770 0.55134 0.38140 0.55019 0.38271 0.54892 0.38453 0.54633 0.39241 0.53321 0.39859 0.52353 0.39513 0.51518 0.39367 0.50071 0.39364 0.47583 0.39325 0.47300 0.38306 0.46088 0.37671 0.45165 0.37628 0.44979 0.37423 0.44310 0.37388 0.44125 0.37315 0.43828 0.37236 0.43653 0.37113 0.43452 0.37061 0.43425 0.35820 0.43909
4 0.61337 0.56587 0.61198 0.56612 0.61089 0.56631 0.60974 0.56666 0.60893 0.56728 0.60786 0.56821 0.60673 0.56799 0.60497 0.56740 0.60313 0.56599 0.60213 0.56552 0.60123 0.56564 0.60030 0.56633 0.59894 0.56700 0.59775 0.56809 0.59674 0.56895 0.59532 0.56986 0.59430 0.57096 0.59310 0.57213 0.59181 0.57280 0.59089 0.57325 0.58997 0.57361 0.58907 0.57365 0.58810 0.57384 0.58643 0.59548 0.60555 0.59747 0.62661 0.59775 0.62471 0.58267 0.62239 0.57317 0.61929 0.56387 0.61729 0.56434 0.61617 0.56503 0.61494 0.56570 0.61337 0.56587
3 0.49730 0.50814 0.49881 0.51088 0.49971 0.51438 0.50054 0.51778 0.50082 0.51928 0.50117 0.52068 0.50185 0.51736 0.50366 0.51301 0.50492 0.51100 0.50678 0.50962 0.50782 0.50908 0.50974 0.50800 0.51225 0.50536 0.51493 0.50234 0.51685 0.50126 0.51795 0.50092 0.51795 0.50083 0.51663 0.49720 0.50941 0.49801 0.50826 0.49795 0.50587 0.49831 0.50463 0.49865 0.50158 0.49918 0.50049 0.49951 0.49877 0.50080 0.49691 0.50338 0.49646 0.50651 0.49730 0.50814
4 0.60192 0.44916 0.60095 0.45070 0.59943 0.45257 0.59689 0.45536 0.59395 0.45728 0.59266 0.45807 0.59114 0.45835 0.58962 0.45852 0.58831 0.45821 0.58547 0.45806 0.58410 0.45884 0.58480 0.49973 0.58369 0.51078 0.58679 0.50923 0.58820 0.50930 0.58952 0.50950 0.59142 0.50887 0.59307 0.50785 0.59506 0.50710 0.59686 0.50671 0.59866 0.50632 0.60061 0.50630 0.60303 0.50581 0.60478 0.50457 0.60615 0.50390 0.60755 0.50251 0.60913 0.50125 0.61073 0.50122 0.61240 0.50155 0.61393 0.50285 0.61520 0.50389 0.61759 0.50414 0.61901 0.50409 0.62044 0.50380 0.62251 0.50330 0.62430 0.50302 0.62570 0.50347 0.62711 0.50354 0.62857 0.50289 0.62991 0.50100 0.63157 0.49645 0.63077 0.49141 0.63391 0.48060 0.63433 0.47257 0.63425 0.46733 0.63342 0.45606 0.63154 0.44620 0.62571 0.43882 0.62337 0.43614 0.62177 0.43618 0.61824 0.43587 0.61473 0.43666 0.61338 0.43696 0.61067 0.43791 0.60727 0.44188 0.60594 0.44352 0.60385 0.44609 0.60192 0.44916
4 0.53740 0.50343 0.54503 0.50632 0.55774 0.51015 0.55919 0.51452 0.56203 0.51716 0.56353 0.51914 0.56599 0.51883 0.57212 0.51988 0.57595 0.51979 0.57750 0.51885 0.58086 0.51771 0.58204 0.51543 0.58308 0.51197 0.58474 0.50049 0.58403 0.45918 0.58041 0.45109 0.56921 0.41684 0.53785 0.42178 0.51828 0.44359 0.51654 0.44423 0.51857 0.48268 0.52226 0.48551 0.52516 0.48918 0.52717 0.49147 0.53241 0.49921 0.53638 0.50059 0.53740 0.50343
4 0.48359 0.53920 0.49364 0.53841 0.50036 0.53612 0.50296 0.52719 0.50176 0.51966 0.50522 0.51048 0.50697 0.50969 0.50873 0.50846 0.51256 0.50457 0.51472 0.50204 0.51636 0.50111 0.51809 0.50061 0.51820 0.50062 0.51779 0.47586 0.51595 0.44400 0.50910 0.43648 0.50187 0.42395 0.47845 0.42169 0.46041 0.42251 0.46056 0.43188 0.45809 0.44653 0.45242 0.46526 0.44900 0.47153 0.44892 0.51367 0.45053 0.52371 0.45450 0.53328 0.45803 0.53698 0.46276 0.53825 0.48359 0.53920
4 0.53987 0.53584 0.53829 0.53812 0.53694 0.53912 0.53410 0.53909 0.53177 0.53920 0.52830 0.53962 0.52545 0.54112 0.52298 0.54230 0.52026 0.54488 0.51704 0.54708 0.51431 0.54813 0.51255 0.54875 0.51000 0.54980 0.50807 0.55040 0.50650 0.55080 0.50296 0.55239 0.50034 0.55474 0.49829 0.58888 0.51288 0.59189 0.54252 0.59226 0.54143 0.58853 0.54462 0.54568 0.54351 0.54373 0.54309 0.54205 0.54256 0.53882 0.54185 0.53594 0.53987 0.53584
