4 0.43067 0.46898 0.42604 0.47467 0.42458 0.47903 0.42208 0.48229 0.41878 0.48492 0.41737 0.49338 0.41616 0.49718 0.41541 0.50655 0.41503 0.51020 0.41444 0.51749 0.41425 0.52906 0.41463 0.53310 0.42050 0.54797 0.42174 0.55210 0.42164 0.55930 0.42189 0.56362 0.42290 0.56934 0.42464 0.57339 0.42923 0.58105 0.43570 0.57991 0.43998 0.57120 0.44213 0.56210 0.44226 0.55797 0.44384 0.55334 0.45007 0.54890 0.45681 0.55028 0.45976 0.55053 0.46711 0.55052 0.46788 0.55295 0.48557 0.53111 0.49138 0.52239 0.49441 0.50852 0.49475 0.49589 0.49183 0.48128 0.48513 0.46656 0.47447 0.45459 0.46977 0.45413 0.46691 0.45438 0.46430 0.45510 0.45803 0.45928 0.45551 0.46050 0.44643 0.46235 0.44361 0.46285 0.43682 0.46507 0.43323 0.46699 0.43067 0.46898
1 0.44111 0.49284 0.43749 0.48535 0.43467 0.48115 0.43208 0.48537 0.42920 0.48681 0.43731 0.49852 0.44401 0.49984 0.44111 0.49284
1 0.46100 0.48621 0.46475 0.48148 0.46326 0.47893 0.46073 0.47406 0.45377 0.47716 0.44810 0.47691 0.44209 0.47359 0.45248 0.48990 0.46100 0.48621
1 0.47682 0.41946 0.46738 0.39018 0.46414 0.36001 0.46220 0.34113 0.46145 0.33457 0.45131 0.32541 0.44309 0.32016 0.43318 0.32374 0.43132 0.33623 0.43056 0.33880 0.42342 0.34431 0.41975 0.36260 0.42614 0.37121 0.43078 0.38377 0.43135 0.41226 0.43378 0.43069 0.44200 0.44506 0.45028 0.44603 0.46258 0.44447 0.48110 0.43452 0.47682 0.41946
4 0.50888 0.66897 0.51251 0.68953 0.51690 0.70229 0.51797 0.71510 0.52600 0.71957 0.53649 0.72520 0.54828 0.72810 0.55619 0.72582 0.56096 0.71785 0.56472 0.70348 0.56570 0.68549 0.55407 0.66599 0.54014 0.65901 0.53448 0.65253 0.52431 0.64667 0.51672 0.63999 0.51320 0.63758 0.51004 0.63850 0.50789 0.64244 0.50691 0.65169 0.50888 0.66897
1 0.46234 0.53164 0.46579 0.52759 0.46761 0.52727 0.46929 0.52259 0.46976 0.51813 0.46843 0.51180 0.46486 0.50336 0.46020 0.51481 0.44954 0.52295 0.44988 0.51538 0.44357 0.51274 0.43734 0.51165 0.44144 0.52312 0.44697 0.52966 0.45232 0.53278 0.45643 0.53362 0.46234 0.53164
1 0.47876 0.46869 0.47777 0.46542 0.47495 0.46123 0.47159 0.45994 0.46663 0.46019 0.46498 0.46267 0.46457 0.46744 0.46840 0.46551 0.47169 0.46524 0.47298 0.46783 0.47292 0.47222 0.47128 0.47595 0.47413 0.47670 0.47751 0.47579 0.47891 0.47304 0.47876 0.46869
2 0.47956 0.48360 0.48518 0.49552 0.48986 0.49763 0.49070 0.48575 0.48519 0.46559 0.47505 0.45359 0.46515 0.45622 0.45130 0.46306 0.43428 0.46636 0.42604 0.47397 0.42171 0.48383 0.42574 0.49779 0.43315 0.51877 0.44113 0.52851 0.45056 0.54093 0.46435 0.53821 0.47285 0.52762 0.46995 0.50671 0.46762 0.48688 0.47366 0.48230 0.47956 0.48360
4 0.62534 0.72609 0.67198 0.69703 0.66208 0.68934 0.64900 0.68452 0.64067 0.68510 0.62792 0.67808 0.62273 0.67829 0.61898 0.68465 0.62321 0.70527 0.62442 0.71076 0.62239 0.71610 0.62534 0.72609
4 0.47263 0.65524 0.47631 0.67276 0.47743 0.67844 0.48436 0.68880 0.49500 0.69867 0.50094 0.70136 0.50795 0.69194 0.51251 0.68953 0.50827 0.66819 0.50716 0.64844 0.50814 0.64186 0.49621 0.63007 0.49145 0.62735 0.48038 0.61843 0.47826 0.61650 0.47371 0.61694 0.47218 0.61970 0.47051 0.62641 0.47031 0.63000 0.47175 0.64827 0.47263 0.65524
4 0.59193 0.68069 0.58890 0.68033 0.58702 0.68049 0.58460 0.68091 0.58278 0.67999 0.58042 0.67738 0.57765 0.67377 0.57578 0.67196 0.57265 0.66967 0.57095 0.67014 0.56911 0.67385 0.56685 0.68458 0.56718 0.70732 0.57140 0.73061 0.57670 0.73306 0.60744 0.72960 0.61510 0.72932 0.61817 0.72718 0.62088 0.72100 0.61946 0.71430 0.62253 0.70949 0.62143 0.70327 0.62195 0.69748 0.61841 0.68475 0.61417 0.68229 0.61222 0.68263 0.60892 0.68482 0.60539 0.68633 0.60322 0.68618 0.60108 0.68549 0.59874 0.68430 0.59691 0.68338 0.59499 0.68193 0.59193 0.68069
4 0.43716 0.57868 0.43587 0.58211 0.43850 0.58967 0.44237 0.59878 0.44292 0.60865 0.44559 0.61638 0.44286 0.62113 0.44103 0.62217 0.44063 0.62598 0.44132 0.62853 0.44257 0.63632 0.44349 0.63883 0.44735 0.64723 0.45818 0.65886 0.47184 0.64879 0.46993 0.62918 0.47311 0.61758 0.47724 0.61543 0.48023 0.61757 0.49135 0.62808 0.49243 0.62076 0.49686 0.61019 0.49747 0.59886 0.49355 0.58673 0.48689 0.57454 0.46487 0.55136 0.45029 0.54876 0.44672 0.55010 0.44318 0.55358 0.44208 0.55876 0.44173 0.56149 0.44164 0.56436 0.44175 0.56701 0.44109 0.56998 0.43941 0.57526 0.43716 0.57868
