4 0.73410 0.48202 0.73200 0.49005 0.72554 0.49840 0.71730 0.50693 0.69830 0.50583 0.68394 0.49977 0.68551 0.50855 0.70555 0.57617 0.72140 0.58875 0.73418 0.59128 0.74472 0.59136 0.75020 0.58804 0.75458 0.58063 0.75613 0.57478 0.74974 0.53259 0.74125 0.49911 0.73410 0.48202
4 0.50788 0.63964 0.50670 0.62528 0.50500 0.61196 0.49741 0.58239 0.49601 0.58888 0.48913 0.59276 0.47687 0.59513 0.46750 0.60072 0.46301 0.60108 0.45951 0.60508 0.43378 0.61377 0.44215 0.63881 0.45845 0.66454 0.47018 0.68035 0.48017 0.69062 0.48669 0.69575 0.49327 0.69651 0.49878 0.69067 0.50384 0.67761 0.50620 0.65878 0.50788 0.63964
4 0.29518 0.43200 0.29374 0.43965 0.29333 0.46558 0.29317 0.49854 0.29381 0.52377 0.29874 0.55898 0.30663 0.58459 0.31072 0.59371 0.31701 0.60117 0.32462 0.60308 0.32925 0.60201 0.33280 0.59890 0.33531 0.59855 0.33933 0.59945 0.34881 0.60092 0.35790 0.59539 0.35931 0.59095 0.36351 0.58998 0.37278 0.58327 0.37352 0.57921 0.37021 0.55300 0.36666 0.49735 0.33697 0.44796 0.32512 0.42966 0.31956 0.42271 0.31315 0.41939 0.30909 0.41896 0.30639 0.41981 0.30210 0.42171 0.29995 0.42495 0.29713 0.42789 0.29518 0.43200
4 0.37071 0.55517 0.37363 0.58101 0.38195 0.59990 0.39286 0.60950 0.40895 0.61515 0.43483 0.61307 0.45020 0.60769 0.45912 0.60403 0.46315 0.60036 0.46827 0.60077 0.47255 0.59818 0.47610 0.59508 0.47798 0.59396 0.48334 0.59341 0.48943 0.59337 0.49595 0.58798 0.49672 0.58140 0.49268 0.56062 0.47996 0.51805 0.47066 0.48637 0.46170 0.46008 0.45572 0.45003 0.43683 0.42696 0.42029 0.41340 0.40645 0.40563 0.39232 0.40912 0.38072 0.41499 0.37526 0.42106 0.37334 0.43453 0.37002 0.46502 0.36748 0.50355 0.37071 0.55517
4 0.25780 0.67543 0.25977 0.66948 0.26354 0.66336 0.26714 0.65978 0.25981 0.60889 0.25813 0.58116 0.25465 0.56939 0.24490 0.58261 0.23370 0.58954 0.22792 0.58562 0.21406 0.57578 0.21546 0.59832 0.21925 0.61940 0.22848 0.64287 0.23722 0.66555 0.24125 0.67376 0.24312 0.68385 0.24732 0.68882 0.25172 0.68872 0.25546 0.68511 0.25780 0.67543
4 0.62463 0.50363 0.63489 0.51704 0.64355 0.52350 0.65164 0.52689 0.65656 0.52575 0.66263 0.52892 0.67070 0.52889 0.67812 0.52603 0.68285 0.52014 0.68520 0.51114 0.68300 0.49107 0.67804 0.46958 0.66238 0.42221 0.65579 0.40293 0.63628 0.36262 0.63117 0.35900 0.62552 0.35962 0.62011 0.36522 0.61467 0.37996 0.61034 0.39948 0.60776 0.42065 0.60422 0.43107 0.59924 0.43656 0.62130 0.49183 0.62463 0.50363
4 0.32669 0.60282 0.31813 0.60206 0.30994 0.59366 0.30820 0.59932 0.31638 0.65390 0.32033 0.66968 0.32814 0.70812 0.33695 0.72185 0.35078 0.72301 0.36465 0.72369 0.37018 0.68423 0.37793 0.66301 0.36973 0.64799 0.35977 0.62262 0.35064 0.60027 0.34571 0.60003 0.33463 0.59825 0.32993 0.60231 0.32669 0.60282
4 0.54435 0.68472 0.55469 0.69056 0.56130 0.68949 0.56606 0.68039 0.57085 0.66945 0.57372 0.65348 0.57300 0.63124 0.57064 0.60846 0.57008 0.59282 0.56817 0.58457 0.55454 0.58429 0.54110 0.58945 0.52979 0.58863 0.52194 0.57512 0.50870 0.53360 0.49765 0.53523 0.49275 0.53911 0.49031 0.54173 0.48835 0.54515 0.49374 0.56517 0.49782 0.58549 0.50706 0.61628 0.51655 0.64221 0.53204 0.66836 0.54435 0.68472
4 0.26218 0.58617 0.26826 0.59597 0.27569 0.60042 0.27804 0.60400 0.28157 0.60478 0.29013 0.59960 0.30541 0.58327 0.29928 0.56068 0.29346 0.52225 0.29294 0.47710 0.27007 0.44603 0.25357 0.43200 0.24379 0.42923 0.23524 0.42983 0.22985 0.43291 0.23407 0.47628 0.23538 0.48856 0.24658 0.54038 0.25515 0.57087 0.26218 0.58617
4 0.31115 0.62333 0.30799 0.59708 0.30945 0.59286 0.30546 0.58349 0.29017 0.59914 0.28051 0.60548 0.27640 0.60415 0.27593 0.60014 0.26879 0.59562 0.25481 0.57141 0.25818 0.58137 0.26042 0.61218 0.26700 0.66050 0.27080 0.66968 0.27620 0.68650 0.27993 0.69273 0.28281 0.69663 0.28937 0.69535 0.29677 0.68975 0.30411 0.67800 0.30796 0.66362 0.31636 0.65642 0.31115 0.62333
4 0.44018 0.63424 0.43369 0.61470 0.40836 0.61392 0.39087 0.60881 0.38122 0.59869 0.37669 0.58900 0.37290 0.58050 0.36966 0.58627 0.36197 0.59057 0.35859 0.59180 0.35790 0.59539 0.35142 0.60100 0.37822 0.66295 0.39585 0.69774 0.40355 0.71128 0.41695 0.73036 0.42721 0.73783 0.43402 0.73694 0.44083 0.73080 0.44348 0.71190 0.44437 0.67945 0.44551 0.65930 0.44018 0.63424
4 0.68428 0.49992 0.69912 0.50541 0.71710 0.50675 0.72640 0.49751 0.73331 0.48517 0.73565 0.45902 0.73460 0.44189 0.72116 0.40681 0.71301 0.38537 0.69388 0.34544 0.68509 0.33901 0.67318 0.34290 0.66584 0.34940 0.66184 0.35649 0.65966 0.37346 0.65915 0.38775 0.65563 0.40091 0.67351 0.45394 0.68308 0.48877 0.68428 0.49992
4 0.53012 0.58810 0.54255 0.58843 0.55570 0.58402 0.58159 0.58193 0.60221 0.57420 0.61817 0.57005 0.62754 0.56309 0.63205 0.55359 0.63259 0.54340 0.63078 0.52828 0.62688 0.51272 0.62072 0.49265 0.61247 0.47009 0.60020 0.44137 0.58739 0.41232 0.57356 0.39334 0.55705 0.38389 0.54695 0.38370 0.52763 0.39640 0.51034 0.42188 0.50168 0.45040 0.50124 0.47885 0.50384 0.51254 0.51477 0.55460 0.52150 0.57385 0.53012 0.58810
4 0.76385 0.46341 0.76408 0.44992 0.76399 0.43549 0.75817 0.40149 0.74787 0.36830 0.74154 0.35079 0.73781 0.34375 0.73495 0.33440 0.73164 0.33148 0.72825 0.33279 0.72493 0.33513 0.72182 0.34296 0.72049 0.35697 0.71730 0.36903 0.71281 0.38456 0.72863 0.42570 0.73433 0.44203 0.73558 0.45887 0.73572 0.46937 0.75024 0.47366 0.76001 0.46956 0.76385 0.46341
4 0.19241 0.57575 0.19842 0.57208 0.20752 0.56198 0.19900 0.53102 0.19512 0.50037 0.19141 0.47768 0.18896 0.47367 0.16788 0.46025 0.15591 0.45066 0.15507 0.46549 0.15629 0.49059 0.15753 0.51247 0.16447 0.53991 0.17511 0.55757 0.18313 0.56921 0.18693 0.57382 0.19241 0.57575
4 0.63402 0.51724 0.64012 0.52978 0.64375 0.54289 0.64379 0.56551 0.64245 0.60194 0.65786 0.61256 0.67010 0.62597 0.68385 0.64725 0.69161 0.65644 0.70255 0.65826 0.71044 0.65415 0.71462 0.63924 0.71536 0.62924 0.71331 0.61576 0.70425 0.57784 0.70467 0.57569 0.68563 0.51035 0.68380 0.51832 0.68172 0.52315 0.67601 0.52812 0.66496 0.52976 0.65719 0.52584 0.65247 0.52716 0.63402 0.51724
4 0.20863 0.56218 0.21511 0.57440 0.22530 0.58485 0.23302 0.58993 0.24183 0.58447 0.24544 0.58295 0.24925 0.57635 0.25465 0.56938 0.24670 0.54219 0.23485 0.48823 0.21791 0.46836 0.20615 0.45438 0.19897 0.45101 0.19434 0.45208 0.19164 0.45293 0.18973 0.45589 0.19065 0.46185 0.19150 0.47606 0.19895 0.53012 0.20863 0.56218
4 0.64335 0.54115 0.63973 0.52941 0.63340 0.51784 0.62781 0.51410 0.63305 0.54078 0.63157 0.55484 0.62796 0.56230 0.61938 0.57000 0.58077 0.58235 0.56836 0.58407 0.57793 0.61958 0.59818 0.65446 0.61187 0.67416 0.61984 0.68490 0.62550 0.68633 0.63314 0.68640 0.63799 0.67636 0.64128 0.64839 0.64254 0.60101 0.64335 0.54115
