4 0.71789 0.64407 0.72398 0.64207 0.72992 0.63583 0.73275 0.63048 0.73601 0.58793 0.73527 0.55341 0.73215 0.53514 0.72829 0.54249 0.72012 0.54917 0.71017 0.55563 0.69190 0.55029 0.67928 0.54115 0.67883 0.55006 0.68314 0.62046 0.69577 0.63628 0.70765 0.64162 0.71789 0.64407
4 0.43780 0.68127 0.44300 0.68773 0.44924 0.68996 0.45592 0.68551 0.46379 0.67392 0.47033 0.65610 0.47627 0.63784 0.47835 0.62358 0.47968 0.61021 0.47894 0.57969 0.47612 0.58571 0.46854 0.58793 0.45607 0.58749 0.44567 0.59083 0.44122 0.59016 0.43691 0.59328 0.40988 0.59595 0.41241 0.62224 0.42251 0.65098 0.43038 0.66902 0.43780 0.68127
4 0.33607 0.37942 0.33221 0.37809 0.32939 0.37831 0.32479 0.37920 0.32196 0.38188 0.31855 0.38410 0.31572 0.38767 0.31261 0.39480 0.30637 0.41997 0.29880 0.45205 0.29375 0.47677 0.29063 0.51219 0.29256 0.53893 0.29449 0.54873 0.29895 0.55742 0.30592 0.56098 0.31068 0.56098 0.31483 0.55875 0.31736 0.55897 0.32107 0.56076 0.32998 0.56432 0.34008 0.56098 0.34246 0.55697 0.34677 0.55697 0.35731 0.55251 0.35894 0.54873 0.36162 0.52244 0.37067 0.46742 0.35285 0.41262 0.34543 0.39212 0.34157 0.38410 0.33607 0.37942
4 0.41552 0.38722 0.40290 0.39034 0.39622 0.39502 0.39132 0.40772 0.38122 0.43667 0.37008 0.47365 0.36162 0.52467 0.35865 0.55051 0.36251 0.57078 0.37097 0.58259 0.38538 0.59172 0.41107 0.59551 0.42726 0.59373 0.43676 0.59217 0.44151 0.58949 0.44642 0.59105 0.45117 0.58949 0.45533 0.58727 0.45741 0.58660 0.46275 0.58727 0.46869 0.58860 0.47627 0.58481 0.47849 0.57858 0.47924 0.55742 0.47641 0.51308 0.47448 0.48012 0.47166 0.45249 0.46810 0.44135 0.45488 0.41462 0.44181 0.39769 0.43008 0.38700 0.41552 0.38722
4 0.20672 0.60219 0.20880 0.61110 0.20835 0.62135 0.21132 0.62714 0.21563 0.62803 0.22008 0.62536 0.22454 0.61645 0.22781 0.61110 0.23286 0.60598 0.23716 0.60330 0.24147 0.55207 0.24607 0.52467 0.24533 0.51242 0.23286 0.52311 0.22038 0.52734 0.21563 0.52222 0.20434 0.50952 0.20063 0.53180 0.19959 0.55318 0.20330 0.57813 0.20672 0.60219
4 0.63874 0.40883 0.63012 0.42688 0.62285 0.44692 0.61705 0.45628 0.61096 0.46051 0.62002 0.51932 0.62062 0.53157 0.62760 0.54694 0.63458 0.55519 0.64171 0.56031 0.64676 0.56031 0.65195 0.56477 0.65983 0.56655 0.66770 0.56543 0.67364 0.56076 0.67794 0.55251 0.68032 0.53247 0.68032 0.51041 0.67572 0.46073 0.67364 0.44046 0.66369 0.39680 0.65953 0.39212 0.65388 0.39145 0.64735 0.39569 0.63874 0.40883
4 0.33978 0.61489 0.33577 0.58793 0.33191 0.56410 0.32716 0.56276 0.31677 0.55853 0.31127 0.56143 0.30800 0.56120 0.29984 0.55853 0.29375 0.54850 0.29078 0.55363 0.28647 0.60865 0.28677 0.62491 0.28573 0.66412 0.29122 0.67949 0.30444 0.68372 0.31780 0.68751 0.33206 0.65031 0.34439 0.63138 0.33978 0.61489
4 0.47849 0.54138 0.47924 0.56210 0.47864 0.58281 0.48072 0.61489 0.48414 0.64229 0.49335 0.67125 0.50166 0.68996 0.51043 0.69798 0.51711 0.69843 0.52379 0.69063 0.53092 0.68105 0.53730 0.66612 0.54161 0.64429 0.54443 0.62157 0.54740 0.60620 0.54740 0.59774 0.53419 0.59440 0.51993 0.59640 0.50909 0.59306 0.50448 0.57813 0.50092 0.53469 0.48978 0.53380 0.48414 0.53648 0.48117 0.53848 0.47849 0.54138
4 0.25781 0.37207 0.25187 0.37386 0.24622 0.41707 0.24474 0.42933 0.24400 0.48234 0.24548 0.51398 0.24890 0.53046 0.25261 0.54138 0.25885 0.54739 0.26033 0.55140 0.26360 0.55296 0.27310 0.54984 0.29167 0.53737 0.29078 0.51398 0.29375 0.47521 0.30340 0.43111 0.28810 0.39569 0.27518 0.37831 0.26627 0.37341 0.25781 0.37207
4 0.24414 0.64273 0.25082 0.64296 0.25929 0.63917 0.26909 0.62937 0.27607 0.61623 0.28587 0.61110 0.28825 0.57769 0.29107 0.55140 0.29345 0.54761 0.29167 0.53759 0.27325 0.54940 0.26241 0.55341 0.25870 0.55118 0.25914 0.54717 0.25320 0.54115 0.24503 0.51442 0.24607 0.52489 0.24132 0.55541 0.23687 0.60397 0.23850 0.61378 0.23998 0.63138 0.24221 0.63828 0.24414 0.64273
4 0.37557 0.71536 0.38241 0.71602 0.39043 0.71157 0.39726 0.69375 0.40543 0.66234 0.41107 0.64296 0.41152 0.61734 0.40959 0.59685 0.38508 0.59038 0.36919 0.58147 0.36206 0.56944 0.35983 0.55897 0.35805 0.54984 0.35360 0.55474 0.34513 0.55719 0.34157 0.55764 0.34008 0.56098 0.33251 0.56499 0.34469 0.63138 0.35404 0.66925 0.35850 0.68417 0.36726 0.70578 0.37557 0.71536
4 0.68997 0.39658 0.68403 0.41262 0.68032 0.42643 0.67393 0.43846 0.67943 0.49415 0.68091 0.53024 0.67958 0.54138 0.69280 0.55006 0.71002 0.55541 0.72116 0.54850 0.73067 0.53804 0.73883 0.51308 0.74165 0.49615 0.73646 0.45895 0.73334 0.43623 0.72368 0.39302 0.71656 0.38477 0.70408 0.38589 0.69547 0.39056 0.68997 0.39658
4 0.52765 0.42621 0.51280 0.45205 0.50597 0.47967 0.50092 0.51308 0.50211 0.55652 0.50433 0.57680 0.50953 0.59261 0.52156 0.59573 0.53537 0.59440 0.56106 0.59818 0.58290 0.59529 0.59938 0.59484 0.61007 0.59016 0.61661 0.58192 0.61943 0.57212 0.62106 0.55697 0.62077 0.54093 0.61928 0.51999 0.61631 0.49615 0.61082 0.46541 0.60488 0.43422 0.59567 0.41262 0.58171 0.39970 0.57191 0.39725 0.55022 0.40527 0.52765 0.42621
4 0.73948 0.47903 0.74137 0.49623 0.73880 0.51291 0.73657 0.52318 0.74975 0.53063 0.76019 0.52883 0.76532 0.52370 0.76858 0.51060 0.77174 0.49653 0.77371 0.46209 0.77114 0.42743 0.76892 0.40895 0.76686 0.40125 0.76618 0.39150 0.76361 0.38790 0.76002 0.38842 0.75625 0.38996 0.75146 0.39689 0.74701 0.41024 0.74119 0.42127 0.73332 0.43539 0.73948 0.47903
4 0.16721 0.41351 0.16350 0.43512 0.16410 0.46341 0.17048 0.48301 0.17568 0.49615 0.17835 0.50150 0.18325 0.50462 0.18994 0.50239 0.20107 0.49460 0.19974 0.46252 0.20286 0.43178 0.20434 0.40883 0.20286 0.40438 0.18533 0.38655 0.17583 0.37452 0.17167 0.38878 0.16721 0.41351
4 0.67497 0.55920 0.67186 0.56343 0.66517 0.56699 0.65403 0.56610 0.64735 0.56054 0.64245 0.56076 0.62671 0.54694 0.62983 0.56054 0.63042 0.57412 0.62537 0.59618 0.61587 0.63138 0.62849 0.64519 0.63740 0.66100 0.64601 0.68484 0.65151 0.69553 0.66175 0.69976 0.67037 0.69753 0.67780 0.68395 0.68077 0.67437 0.68181 0.66078 0.68151 0.62179 0.68240 0.61979 0.67854 0.55185 0.67497 0.55920
4 0.21296 0.38455 0.21013 0.38477 0.20761 0.38722 0.20716 0.39324 0.20479 0.40727 0.19989 0.46163 0.20211 0.49504 0.20568 0.50841 0.21325 0.52088 0.21964 0.52756 0.22944 0.52423 0.23330 0.52356 0.23850 0.51799 0.24533 0.51241 0.24370 0.48413 0.24429 0.42888 0.23226 0.40571 0.22395 0.38945 0.21771 0.38455 0.21296 0.38455
4 0.57517 0.70712 0.58037 0.70979 0.58780 0.71157 0.59478 0.70288 0.60428 0.67637 0.61616 0.63048 0.63042 0.57234 0.62953 0.56009 0.62596 0.54739 0.62136 0.54249 0.62047 0.56967 0.61587 0.58303 0.61067 0.58949 0.60057 0.59506 0.56017 0.59841 0.54770 0.59729 0.54904 0.63405 0.56092 0.67259 0.56983 0.69486 0.57517 0.70712
