4 0.71830 0.58646 0.71288 0.59276 0.70342 0.59743 0.69227 0.60149 0.67567 0.59217 0.66543 0.58043 0.66299 0.58901 0.65135 0.65857 0.66009 0.67682 0.67047 0.68470 0.67990 0.68939 0.68628 0.68881 0.69348 0.68407 0.69743 0.67950 0.71018 0.63877 0.71723 0.60496 0.71830 0.58646
4 0.44587 0.62896 0.45110 0.61554 0.45541 0.60282 0.46155 0.57291 0.45745 0.57814 0.44957 0.57860 0.43751 0.57536 0.42663 0.57628 0.42244 0.57463 0.41754 0.57670 0.39061 0.57322 0.38715 0.59940 0.39053 0.62968 0.39414 0.64903 0.39862 0.66264 0.40223 0.67010 0.40780 0.67368 0.41532 0.67084 0.42559 0.66132 0.43597 0.64543 0.44587 0.62896
4 0.34572 0.34909 0.34108 0.35534 0.32934 0.37846 0.31474 0.40802 0.30426 0.43097 0.29325 0.46478 0.28912 0.49126 0.28880 0.50125 0.29118 0.51072 0.29718 0.51576 0.30181 0.51683 0.30636 0.51559 0.30877 0.51638 0.31199 0.51895 0.31987 0.52443 0.33046 0.52344 0.33368 0.52007 0.33788 0.52104 0.34915 0.51907 0.35160 0.51575 0.36012 0.49074 0.38132 0.43916 0.37628 0.38176 0.37366 0.36012 0.37170 0.35143 0.36740 0.34564 0.36394 0.34347 0.36114 0.34305 0.35645 0.34288 0.35310 0.34485 0.34927 0.34626 0.34572 0.34909
4 0.35961 0.49291 0.35091 0.51742 0.35011 0.53804 0.35570 0.55145 0.36768 0.56359 0.39187 0.57306 0.40804 0.57496 0.41765 0.57558 0.42288 0.57404 0.42731 0.57667 0.43229 0.57622 0.43684 0.57498 0.43902 0.57480 0.44408 0.57665 0.44956 0.57929 0.45780 0.57730 0.46137 0.57173 0.46685 0.55127 0.47408 0.50744 0.47961 0.47489 0.48308 0.44733 0.48211 0.43568 0.47524 0.40666 0.46632 0.38722 0.45729 0.37417 0.44306 0.37111 0.43006 0.37131 0.42249 0.37437 0.41486 0.38563 0.39851 0.41158 0.37934 0.44510 0.35961 0.49291
4 0.20540 0.55150 0.20979 0.54702 0.21586 0.54317 0.22066 0.54153 0.23638 0.49258 0.24703 0.46692 0.24907 0.45481 0.23450 0.46242 0.22140 0.46374 0.21792 0.45768 0.20978 0.44277 0.20115 0.46364 0.19533 0.48424 0.19333 0.50939 0.19125 0.53360 0.19127 0.54275 0.18853 0.55263 0.19012 0.55894 0.19412 0.56078 0.19906 0.55918 0.20540 0.55150
4 0.61042 0.55790 0.61377 0.57445 0.61872 0.58405 0.62451 0.59064 0.62943 0.59178 0.63349 0.59729 0.64076 0.60080 0.64868 0.60148 0.65552 0.59826 0.66157 0.59120 0.66840 0.57220 0.67336 0.55071 0.68005 0.50127 0.68258 0.48105 0.68271 0.43627 0.67971 0.43078 0.67436 0.42885 0.66704 0.43151 0.65569 0.44238 0.64324 0.45802 0.63164 0.47592 0.62389 0.48373 0.61700 0.48649 0.61260 0.54583 0.61042 0.55790
4 0.29916 0.51645 0.29180 0.51200 0.28812 0.50086 0.28407 0.50519 0.26750 0.55783 0.26413 0.57375 0.25430 0.61171 0.25620 0.62793 0.26812 0.63502 0.28029 0.64172 0.30255 0.60868 0.31882 0.59300 0.31805 0.57590 0.32020 0.54874 0.32180 0.52464 0.31747 0.52227 0.30830 0.51581 0.30229 0.51740 0.29916 0.51645
4 0.45889 0.68547 0.46562 0.69525 0.47203 0.69719 0.48030 0.69110 0.48940 0.68337 0.49898 0.67026 0.50809 0.64996 0.51595 0.62845 0.52230 0.61414 0.52420 0.60590 0.51208 0.59967 0.49773 0.59841 0.48792 0.59272 0.48679 0.57714 0.49309 0.53401 0.48244 0.53064 0.47634 0.53197 0.47299 0.53326 0.46974 0.53548 0.46580 0.55583 0.46056 0.57588 0.45537 0.60761 0.45254 0.63507 0.45499 0.66536 0.45889 0.68547
4 0.24848 0.47319 0.24964 0.48467 0.25437 0.49193 0.25491 0.49617 0.25774 0.49842 0.26771 0.49752 0.28860 0.48954 0.29299 0.46655 0.30461 0.42945 0.32393 0.38865 0.31700 0.35070 0.30832 0.33086 0.30074 0.32408 0.29279 0.32087 0.28660 0.32127 0.27138 0.36211 0.26718 0.37372 0.25453 0.42521 0.24886 0.45636 0.24848 0.47319
4 0.27620 0.52806 0.28486 0.50308 0.28803 0.49993 0.28855 0.48976 0.26795 0.49712 0.25649 0.49859 0.25337 0.49558 0.25471 0.49178 0.25027 0.48458 0.24832 0.45670 0.24698 0.46713 0.23549 0.49580 0.22022 0.54212 0.21961 0.55203 0.21710 0.56952 0.21771 0.57675 0.21859 0.58152 0.22505 0.58324 0.23415 0.58145 0.24591 0.57411 0.25567 0.56288 0.26637 0.56009 0.27620 0.52806
4 0.38739 0.59443 0.39012 0.57403 0.36769 0.56222 0.35421 0.54996 0.34998 0.53664 0.35016 0.52593 0.35048 0.51663 0.34503 0.52041 0.33623 0.52089 0.33266 0.52052 0.33046 0.52344 0.32218 0.52565 0.31911 0.59307 0.31971 0.63207 0.32070 0.64762 0.32437 0.67064 0.33032 0.68185 0.33683 0.68403 0.34564 0.68150 0.35631 0.66567 0.37133 0.63690 0.38119 0.61929 0.38739 0.59443
4 0.66567 0.58071 0.67659 0.59215 0.69217 0.60124 0.70458 0.59701 0.71620 0.58895 0.72977 0.56647 0.73633 0.55061 0.73963 0.51320 0.74170 0.49035 0.74202 0.44607 0.73693 0.43644 0.72452 0.43472 0.71508 0.43734 0.70837 0.44196 0.69897 0.45626 0.69225 0.46888 0.68332 0.47916 0.67615 0.53466 0.66948 0.57016 0.66567 0.58071
4 0.48846 0.59238 0.49948 0.59813 0.51323 0.59993 0.53741 0.60940 0.55934 0.61149 0.57550 0.61477 0.58697 0.61261 0.59519 0.60605 0.60015 0.59714 0.60515 0.58274 0.60847 0.56705 0.61173 0.54631 0.61420 0.52242 0.61576 0.49123 0.61698 0.45950 0.61287 0.43638 0.60218 0.42065 0.59318 0.41605 0.57025 0.41899 0.54354 0.43432 0.52326 0.45616 0.51039 0.48153 0.49795 0.51296 0.48934 0.55555 0.48695 0.57580 0.48846 0.59238
4 0.75319 0.58278 0.75930 0.57075 0.76556 0.55775 0.77522 0.52463 0.78052 0.49029 0.78251 0.47178 0.78224 0.46382 0.78376 0.45415 0.78207 0.45008 0.77845 0.44977 0.77444 0.45042 0.76821 0.45610 0.76087 0.46810 0.75272 0.47755 0.74188 0.48954 0.73806 0.53344 0.73603 0.55062 0.72977 0.56630 0.72530 0.57581 0.73646 0.58603 0.74703 0.58662 0.75319 0.58278
4 0.19033 0.43325 0.19735 0.43258 0.20995 0.42749 0.21587 0.39593 0.22582 0.36668 0.23243 0.34466 0.23198 0.33998 0.21892 0.31868 0.21236 0.30482 0.20510 0.31778 0.19520 0.34087 0.18672 0.36108 0.18094 0.38878 0.18275 0.40932 0.18486 0.42330 0.18626 0.42911 0.19033 0.43325
4 0.61290 0.57424 0.61288 0.58819 0.61040 0.60156 0.60052 0.62191 0.58334 0.65407 0.59254 0.67037 0.59766 0.68778 0.60069 0.71295 0.60364 0.72460 0.61267 0.73103 0.62157 0.73080 0.63186 0.71923 0.63691 0.71056 0.64098 0.69755 0.64946 0.65950 0.65078 0.65775 0.66230 0.59068 0.65717 0.59704 0.65318 0.60047 0.64587 0.60243 0.63522 0.59906 0.62996 0.59213 0.62513 0.59125 0.61290 0.57424
4 0.21086 0.42816 0.21133 0.44198 0.21590 0.45584 0.22062 0.46379 0.23092 0.46274 0.23484 0.46296 0.24116 0.45870 0.24907 0.45481 0.25384 0.42688 0.26684 0.37318 0.26033 0.34790 0.25589 0.33018 0.25091 0.32401 0.24628 0.32294 0.24348 0.32252 0.24047 0.32434 0.23869 0.33010 0.23321 0.34324 0.21621 0.39510 0.21086 0.42816
4 0.61080 0.59982 0.61269 0.58769 0.61208 0.57451 0.60869 0.56870 0.60171 0.59498 0.59422 0.60697 0.58770 0.61210 0.57661 0.61525 0.53650 0.60942 0.52459 0.60553 0.51763 0.64164 0.52053 0.68187 0.52420 0.70557 0.52666 0.71872 0.53112 0.72249 0.53795 0.72590 0.54671 0.71900 0.56193 0.69531 0.58383 0.65327 0.61080 0.59982
