4 0.52470 0.37594 0.51467 0.38929 0.50241 0.42392 0.49960 0.43908 0.50200 0.46302 0.51136 0.50120 0.51847 0.52403 0.52542 0.53529 0.53179 0.54043 0.54589 0.54409 0.56357 0.54192 0.57892 0.54111 0.59038 0.53944 0.59358 0.53770 0.60004 0.53771 0.61423 0.52897 0.62156 0.51702 0.62537 0.50417 0.62759 0.48720 0.62285 0.42664 0.61951 0.41116 0.60719 0.38682 0.59518 0.36648 0.58932 0.35831 0.58226 0.35487 0.57218 0.35610 0.56409 0.35602 0.54936 0.35891 0.54242 0.36083 0.53325 0.36950 0.52470 0.37594
4 0.75106 0.47365 0.74300 0.45767 0.73579 0.44725 0.72925 0.43782 0.71995 0.43223 0.71635 0.43078 0.71842 0.45638 0.71763 0.47183 0.70535 0.49031 0.69917 0.49699 0.68362 0.50483 0.68810 0.53255 0.70564 0.55114 0.72004 0.57334 0.73760 0.57899 0.75167 0.57511 0.76438 0.56897 0.77083 0.56010 0.76465 0.52585 0.75918 0.49878 0.75106 0.47365
4 0.27729 0.39043 0.27556 0.39683 0.27534 0.40090 0.27762 0.40924 0.28090 0.41692 0.28300 0.42232 0.28583 0.43516 0.28687 0.44796 0.28589 0.46047 0.28485 0.47245 0.28302 0.47806 0.29147 0.52200 0.29995 0.53847 0.31047 0.54957 0.31572 0.55431 0.32358 0.55684 0.33104 0.55620 0.33946 0.55462 0.34624 0.55137 0.35365 0.54884 0.35532 0.54783 0.35725 0.54597 0.35823 0.53643 0.36365 0.52499 0.36912 0.50816 0.37102 0.48557 0.36594 0.47057 0.35134 0.47156 0.33085 0.45818 0.32101 0.43650 0.31163 0.41422 0.30437 0.39895 0.30002 0.39275 0.29422 0.38646 0.28959 0.38972 0.28334 0.38995 0.27729 0.39043
4 0.63480 0.44645 0.64188 0.46901 0.65605 0.48505 0.66624 0.49780 0.67636 0.50275 0.68080 0.50382 0.68903 0.50066 0.69821 0.49792 0.70951 0.48468 0.71780 0.47181 0.71887 0.45417 0.71600 0.42786 0.71120 0.40340 0.69924 0.36447 0.69023 0.35103 0.68265 0.34631 0.67710 0.34645 0.67167 0.35197 0.66617 0.36126 0.64905 0.38707 0.63843 0.40587 0.62597 0.41548 0.62374 0.42222 0.63480 0.44645
4 0.35684 0.62009 0.36242 0.59975 0.36963 0.57812 0.37230 0.57645 0.36320 0.52720 0.35820 0.53913 0.35693 0.54628 0.33970 0.55513 0.32164 0.55573 0.31487 0.55468 0.29735 0.53771 0.29908 0.56793 0.30504 0.59305 0.30878 0.61037 0.31041 0.62068 0.31616 0.63101 0.32523 0.63905 0.33334 0.64075 0.34327 0.63684 0.34988 0.62929 0.35684 0.62009
4 0.20856 0.40237 0.20403 0.40939 0.20263 0.41548 0.20196 0.42903 0.20397 0.43956 0.20805 0.45818 0.21650 0.50508 0.22263 0.52426 0.23316 0.54721 0.24055 0.56057 0.24727 0.56998 0.25250 0.57311 0.25953 0.57629 0.26563 0.57473 0.27157 0.56754 0.27652 0.55670 0.28529 0.53892 0.28961 0.52735 0.29040 0.51917 0.28270 0.47837 0.26804 0.47155 0.25294 0.45240 0.24469 0.43348 0.23905 0.41532 0.22810 0.40805 0.22278 0.39685 0.21993 0.39558 0.21733 0.39483 0.21235 0.39813 0.20856 0.40237
4 0.61050 0.55124 0.60740 0.53331 0.60127 0.53891 0.59311 0.53829 0.58694 0.54067 0.54627 0.54431 0.53110 0.54214 0.53961 0.57045 0.55568 0.58437 0.56695 0.59133 0.57755 0.59138 0.58868 0.58705 0.59731 0.57979 0.60354 0.57203 0.60728 0.56591 0.61070 0.55875 0.61050 0.55124
4 0.67956 0.55219 0.68263 0.53188 0.68549 0.52156 0.68310 0.50354 0.66496 0.49770 0.66016 0.49074 0.64134 0.46908 0.63299 0.44344 0.62676 0.43074 0.62410 0.43241 0.62758 0.48854 0.62284 0.51283 0.61959 0.52292 0.60935 0.53603 0.61232 0.55586 0.62251 0.56135 0.63253 0.56981 0.64110 0.57818 0.65018 0.58488 0.65973 0.58667 0.66745 0.58815 0.67030 0.58645 0.67669 0.57274 0.67956 0.55219
4 0.51887 0.52586 0.51294 0.50827 0.50660 0.48589 0.50017 0.45544 0.48966 0.45754 0.49604 0.49931 0.49344 0.52925 0.48823 0.54094 0.44867 0.56088 0.45077 0.57220 0.47441 0.59946 0.48576 0.60857 0.49705 0.60988 0.50611 0.60176 0.51693 0.58751 0.52856 0.56965 0.53460 0.56621 0.53012 0.54145 0.51887 0.52586
4 0.38002 0.37027 0.37690 0.37847 0.37236 0.40003 0.37000 0.42025 0.36661 0.46133 0.36675 0.47128 0.37738 0.50526 0.38332 0.52877 0.38722 0.54149 0.39481 0.55214 0.40071 0.55922 0.41466 0.56317 0.43423 0.56319 0.44394 0.56038 0.45120 0.55814 0.46660 0.55194 0.47852 0.54671 0.48688 0.54164 0.49209 0.53292 0.49453 0.51915 0.49597 0.50012 0.48715 0.44438 0.47250 0.42598 0.45510 0.41007 0.43964 0.39527 0.43061 0.38022 0.41736 0.37027 0.40882 0.36647 0.40129 0.36658 0.39127 0.36539 0.38587 0.36524 0.38002 0.37027
4 0.73112 0.40338 0.72604 0.41316 0.71717 0.41991 0.71882 0.43183 0.73090 0.43815 0.74214 0.45212 0.74803 0.45625 0.75359 0.46499 0.75846 0.47247 0.77130 0.48490 0.78085 0.48669 0.78786 0.48233 0.79454 0.47828 0.79970 0.46472 0.80418 0.44127 0.80570 0.41712 0.80361 0.37670 0.79642 0.32103 0.79135 0.30899 0.78538 0.29545 0.77440 0.28791 0.76517 0.28878 0.75564 0.29452 0.74718 0.30607 0.74225 0.31852 0.73945 0.34688 0.73681 0.37952 0.73112 0.40338
4 0.41790 0.63495 0.42370 0.62804 0.43173 0.61305 0.43435 0.60223 0.44137 0.58628 0.44790 0.57363 0.44754 0.56048 0.43490 0.56283 0.41554 0.56306 0.40060 0.55978 0.38698 0.54098 0.37593 0.49924 0.37113 0.48798 0.36948 0.50811 0.36248 0.52864 0.37372 0.57924 0.38555 0.59663 0.39325 0.61400 0.39933 0.62699 0.40305 0.63677 0.40718 0.63977 0.41336 0.64035 0.41790 0.63495
