4 0.46212 0.51480 0.45991 0.51336 0.45539 0.51188 0.44977 0.51216 0.44122 0.51405 0.43706 0.51369 0.42653 0.51417 0.41363 0.51521 0.40468 0.51769 0.40113 0.52095 0.40135 0.52905 0.40338 0.54320 0.40542 0.55176 0.40972 0.56394 0.41404 0.57441 0.42065 0.59207 0.42949 0.59486 0.43667 0.59394 0.44213 0.59286 0.44789 0.58685 0.45477 0.57487 0.46026 0.55066 0.46237 0.53454 0.46255 0.52321 0.46212 0.51480
4 0.53370 0.57183 0.53886 0.57939 0.54784 0.58329 0.55254 0.58279 0.55625 0.58143 0.55855 0.57736 0.56105 0.57098 0.56368 0.56862 0.56709 0.56633 0.56749 0.56391 0.56545 0.55286 0.56819 0.54818 0.56843 0.54212 0.56766 0.53429 0.56855 0.52958 0.57287 0.50136 0.57353 0.49042 0.57309 0.48663 0.57236 0.47944 0.57003 0.47393 0.56574 0.46851 0.55930 0.47002 0.54859 0.47491 0.53757 0.48210 0.52309 0.49015 0.50765 0.49798 0.50725 0.49924 0.50608 0.50147 0.50593 0.50547 0.50698 0.51565 0.50848 0.52174 0.51690 0.52208 0.52061 0.52396 0.52258 0.52815 0.52335 0.53158 0.52285 0.53606 0.51973 0.54847 0.52249 0.55467 0.52803 0.56563 0.53370 0.57183
4 0.65568 0.33091 0.64608 0.34103 0.63946 0.34962 0.63717 0.36037 0.63717 0.36999 0.63793 0.37855 0.63827 0.38238 0.64474 0.38317 0.64561 0.38661 0.64674 0.40057 0.64799 0.40739 0.65333 0.41345 0.67017 0.42028 0.67642 0.42553 0.68458 0.42624 0.69401 0.42572 0.70111 0.42321 0.71396 0.41249 0.71822 0.40213 0.71590 0.37487 0.71413 0.35682 0.71017 0.33881 0.70612 0.32951 0.69704 0.32402 0.68837 0.32147 0.68086 0.31925 0.67253 0.31852 0.66459 0.32118 0.65568 0.33091
4 0.51133 0.56336 0.51493 0.55808 0.51999 0.54424 0.52203 0.53820 0.52309 0.53271 0.52150 0.52698 0.51952 0.52292 0.50541 0.52184 0.49989 0.52105 0.49609 0.51792 0.49114 0.51718 0.48238 0.51486 0.47773 0.51212 0.47655 0.51093 0.46881 0.51150 0.46400 0.51325 0.46212 0.51480 0.46223 0.53608 0.46146 0.55154 0.46228 0.57553 0.46721 0.58574 0.47404 0.59022 0.47929 0.59270 0.48574 0.59357 0.49261 0.59495 0.49434 0.59510 0.49837 0.58630 0.50351 0.57416 0.51133 0.56336
4 0.24233 0.38367 0.23769 0.39519 0.23754 0.40487 0.23692 0.41190 0.24036 0.42375 0.24818 0.43655 0.25066 0.44981 0.25929 0.46137 0.26485 0.47285 0.27342 0.46764 0.28363 0.46276 0.28762 0.44745 0.29331 0.43193 0.29816 0.42601 0.30608 0.42335 0.31373 0.42216 0.31980 0.42474 0.31314 0.40496 0.31085 0.38967 0.30387 0.37676 0.29546 0.36745 0.29066 0.36479 0.26924 0.36367 0.25735 0.36374 0.25212 0.36608 0.24666 0.37567 0.24233 0.38367
2 0.32105 0.51973 0.31912 0.51419 0.31490 0.50716 0.31016 0.50245 0.30286 0.49387 0.29786 0.49021 0.29508 0.48524 0.29147 0.48407 0.28535 0.47301 0.28482 0.48091 0.28870 0.49735 0.29449 0.51955 0.30659 0.54144 0.31589 0.54375 0.32615 0.53692 0.32662 0.53331 0.32431 0.52474 0.32105 0.51973
4 0.36193 0.48710 0.36091 0.50144 0.36030 0.51103 0.35892 0.52549 0.35998 0.54268 0.36303 0.55442 0.36570 0.56117 0.37440 0.56955 0.38109 0.57169 0.38725 0.56913 0.39791 0.55780 0.40433 0.54825 0.40135 0.52905 0.40113 0.52095 0.40295 0.51754 0.41042 0.51462 0.41720 0.51430 0.42515 0.51405 0.42532 0.50802 0.40985 0.49191 0.39712 0.48162 0.38255 0.47103 0.37677 0.46664 0.37469 0.46646 0.37276 0.46722 0.36789 0.47223 0.36355 0.47930 0.36193 0.48710
4 0.59772 0.47588 0.59280 0.47657 0.58680 0.48186 0.58266 0.48508 0.57921 0.49193 0.57907 0.49930 0.58474 0.50740 0.59796 0.51727 0.60120 0.53008 0.60302 0.53806 0.60339 0.54727 0.60522 0.55503 0.60921 0.56119 0.61645 0.56473 0.62574 0.56018 0.63350 0.55393 0.63444 0.54506 0.63569 0.53265 0.63377 0.52197 0.62991 0.51247 0.61946 0.50350 0.61493 0.49774 0.61394 0.49184 0.61159 0.48604 0.60738 0.48053 0.60203 0.47649 0.59772 0.47588
2 0.64594 0.48424 0.65234 0.48271 0.65934 0.47789 0.66648 0.46432 0.67241 0.45022 0.67628 0.44179 0.67644 0.43637 0.66714 0.43890 0.65920 0.44364 0.65243 0.44597 0.64864 0.44271 0.64682 0.43838 0.64800 0.42136 0.64224 0.42628 0.63766 0.43215 0.63436 0.44480 0.62365 0.44554 0.61606 0.44988 0.61826 0.46052 0.62357 0.47142 0.63338 0.47395 0.64082 0.47836 0.64594 0.48424
4 0.63576 0.47910 0.64337 0.48804 0.64636 0.49210 0.65240 0.49598 0.66110 0.49809 0.66879 0.49652 0.67505 0.48634 0.68044 0.47831 0.68395 0.46699 0.68517 0.45301 0.68387 0.44686 0.68096 0.44168 0.67951 0.43530 0.67662 0.43572 0.67185 0.43664 0.66530 0.44054 0.65540 0.44638 0.64864 0.44311 0.64689 0.43624 0.64759 0.43206 0.64847 0.42207 0.65224 0.41726 0.65010 0.41103 0.64428 0.40091 0.64503 0.38465 0.63296 0.38650 0.62114 0.39709 0.61135 0.40921 0.60626 0.42531 0.60459 0.44440 0.60513 0.46502 0.61023 0.46993 0.62231 0.47569 0.63576 0.47910
4 0.35729 0.47569 0.34898 0.46327 0.33864 0.44900 0.32678 0.43418 0.31300 0.42337 0.30606 0.42402 0.29928 0.42635 0.29077 0.43771 0.28317 0.47088 0.28721 0.49628 0.29423 0.51987 0.30671 0.54184 0.31381 0.54664 0.33082 0.53476 0.34136 0.51814 0.35431 0.50257 0.36128 0.48731 0.35729 0.47569
1 0.63585 0.47900 0.64345 0.48794 0.64645 0.49200 0.65249 0.49588 0.66119 0.49799 0.66887 0.49642 0.67513 0.48624 0.68053 0.47821 0.68404 0.46689 0.68526 0.45291 0.68396 0.44676 0.68105 0.44158 0.67960 0.43520 0.67671 0.43562 0.67194 0.43654 0.66539 0.44044 0.65549 0.44628 0.64873 0.44301 0.64698 0.43614 0.64768 0.43196 0.64855 0.42197 0.65233 0.41716 0.65019 0.41093 0.64437 0.40081 0.64512 0.38455 0.63305 0.38640 0.62122 0.39699 0.61144 0.40911 0.60634 0.42521 0.60467 0.44430 0.60522 0.46492 0.61032 0.46983 0.62240 0.47559 0.63585 0.47900
