4 0.39977 0.88615 0.39285 0.88013 0.38405 0.87439 0.37816 0.87427 0.37119 0.87848 0.36166 0.88329 0.35158 0.89504 0.33536 0.91346 0.32593 0.93286 0.31064 0.95261 0.30601 0.96939 0.35935 0.98127 0.41776 0.99369 0.41824 0.99142 0.42504 0.95871 0.42185 0.95370 0.41615 0.93268 0.40731 0.90712 0.39977 0.88615
4 0.17635 0.58353 0.18124 0.58539 0.18716 0.57982 0.20272 0.57520 0.21560 0.57548 0.22804 0.57949 0.24641 0.57110 0.26076 0.56185 0.27346 0.54924 0.27724 0.53747 0.28218 0.51939 0.28450 0.50677 0.28446 0.48463 0.27999 0.47138 0.27463 0.46231 0.26563 0.45493 0.25950 0.44953 0.25096 0.44252 0.23645 0.44053 0.22554 0.44040 0.21209 0.44109 0.20228 0.44010 0.19142 0.44408 0.17671 0.45243 0.16968 0.46405 0.16350 0.47941 0.15971 0.49555 0.15448 0.51330 0.15060 0.53324 0.15013 0.55090 0.15505 0.56206 0.15709 0.56960 0.16482 0.57780 0.17635 0.58353
4 0.29934 0.82791 0.28948 0.82787 0.27914 0.83296 0.26640 0.84004 0.25738 0.84678 0.24460 0.86046 0.23788 0.87065 0.23500 0.87777 0.23245 0.89545 0.23239 0.90933 0.23706 0.92377 0.25216 0.94201 0.25643 0.94838 0.27351 0.95656 0.29118 0.95986 0.30059 0.95776 0.30968 0.95286 0.31399 0.94831 0.32448 0.93323 0.33226 0.91804 0.33426 0.89933 0.33175 0.87261 0.32948 0.85686 0.32815 0.84451 0.32446 0.83690 0.31689 0.83392 0.31162 0.83371 0.30664 0.83288 0.30274 0.82909 0.29934 0.82791
4 0.18610 0.15107 0.17778 0.16625 0.16499 0.20671 0.16142 0.22863 0.15805 0.24705 0.15731 0.26083 0.16291 0.27049 0.16660 0.28057 0.17679 0.28492 0.18748 0.28774 0.19916 0.27738 0.21787 0.26304 0.23373 0.25876 0.25021 0.25406 0.26718 0.25221 0.27849 0.25215 0.28414 0.25472 0.29389 0.24313 0.30318 0.22515 0.30560 0.20517 0.30494 0.18945 0.30306 0.16828 0.29811 0.15384 0.29308 0.14238 0.28907 0.12869 0.28089 0.11656 0.27293 0.10858 0.26633 0.10363 0.25863 0.10472 0.24940 0.10960 0.24238 0.11521 0.23599 0.12041 0.22415 0.12035 0.21310 0.12265 0.20484 0.12636 0.19811 0.13231 0.18610 0.15107
4 0.53350 1.00000 0.53511 0.98803 0.53535 0.97191 0.53370 0.95539 0.53108 0.94914 0.52596 0.93962 0.51836 0.91683 0.51080 0.90383 0.50085 0.89489 0.49157 0.89428 0.48170 0.89787 0.46855 0.90760 0.46373 0.91455 0.45768 0.91942 0.45056 0.92792 0.43765 0.94294 0.42398 0.96440 0.41865 0.99379 0.44815 1.00000 0.53350 1.00000
4 0.17865 0.86036 0.18904 0.87577 0.19953 0.88711 0.20808 0.89121 0.22123 0.88649 0.23647 0.87333 0.24241 0.86184 0.25423 0.84909 0.25949 0.84361 0.26771 0.82349 0.27239 0.80649 0.27410 0.77702 0.27452 0.76003 0.27188 0.74603 0.26792 0.73608 0.26056 0.72928 0.25246 0.72528 0.24235 0.72495 0.23924 0.72247 0.22062 0.73149 0.20877 0.73080 0.18814 0.73643 0.18480 0.74141 0.17852 0.74668 0.17013 0.75902 0.16605 0.77250 0.16481 0.78977 0.16997 0.81547 0.17110 0.82231 0.17073 0.82975 0.17004 0.83803 0.17865 0.86036
4 0.83099 0.39309 0.82105 0.39699 0.81271 0.40369 0.80912 0.40429 0.80100 0.41760 0.79850 0.42335 0.79622 0.42724 0.79280 0.43307 0.77794 0.46954 0.77488 0.47709 0.77377 0.48232 0.77369 0.48695 0.77263 0.49192 0.76785 0.50156 0.76500 0.50642 0.76279 0.51251 0.76057 0.52297 0.75974 0.53372 0.76150 0.54257 0.76202 0.54787 0.76725 0.55582 0.78457 0.57207 0.80920 0.57621 0.81422 0.58083 0.81654 0.58706 0.83127 0.58637 0.84757 0.59366 0.85600 0.60802 0.85777 0.61769 0.86869 0.61345 0.88049 0.61022 0.88901 0.60356 0.90001 0.58267 0.90635 0.55286 0.90985 0.52354 0.91188 0.51140 0.91111 0.49102 0.90900 0.47608 0.90590 0.45985 0.89442 0.43582 0.87711 0.41957 0.85801 0.40485 0.84062 0.39322 0.83099 0.39309
4 0.60459 1.00000 0.60753 0.99659 0.61725 0.98658 0.62506 0.97413 0.63101 0.96400 0.63482 0.95752 0.63474 0.93359 0.63121 0.92305 0.62599 0.91260 0.61829 0.90527 0.59959 0.88968 0.58459 0.88240 0.57593 0.88169 0.56632 0.88762 0.56002 0.89152 0.55706 0.89476 0.55445 0.90059 0.55009 0.90968 0.54549 0.93421 0.54010 0.94240 0.53461 0.95467 0.53576 0.97997 0.53670 0.99269 0.53650 0.99789 0.53773 1.00000 0.60459 1.00000
4 0.96021 0.38175 0.96188 0.36789 0.96056 0.35094 0.95877 0.33280 0.95580 0.31932 0.94758 0.30746 0.93938 0.29889 0.93176 0.29618 0.92085 0.28320 0.91510 0.27596 0.90902 0.27030 0.90567 0.26631 0.90132 0.26538 0.89410 0.26849 0.88317 0.27191 0.87543 0.27573 0.86310 0.29005 0.84603 0.31293 0.83611 0.33214 0.82866 0.34832 0.82582 0.36084 0.82418 0.37115 0.82583 0.38653 0.82750 0.39235 0.84097 0.39330 0.87284 0.41565 0.89530 0.43682 0.90655 0.46108 0.90920 0.47257 0.92106 0.47592 0.93158 0.47186 0.93797 0.45983 0.94385 0.45015 0.95000 0.43834 0.95467 0.42922 0.95699 0.41659 0.95923 0.40177 0.95798 0.39139 0.96021 0.38175
1 0.81271 0.61985 0.81095 0.62204 0.81052 0.62366 0.81215 0.62327 0.81382 0.62094 0.81448 0.61901 0.81535 0.61779 0.81532 0.61675 0.81441 0.61685 0.81271 0.61985
4 0.16350 0.72163 0.17324 0.72939 0.18649 0.73631 0.20655 0.73123 0.22408 0.72950 0.24112 0.72219 0.25942 0.70968 0.26905 0.70148 0.27630 0.68594 0.28001 0.67352 0.28260 0.65630 0.28199 0.64274 0.27877 0.62793 0.27413 0.61328 0.26686 0.60467 0.24802 0.59042 0.24392 0.58614 0.23334 0.58093 0.22487 0.57935 0.21280 0.57610 0.20000 0.57635 0.19007 0.57947 0.18124 0.58539 0.17074 0.59973 0.16560 0.60889 0.16155 0.62510 0.15386 0.64556 0.15090 0.66019 0.14944 0.67423 0.14947 0.68904 0.15490 0.70568 0.15519 0.71144 0.16350 0.72163
4 0.77505 0.57743 0.75990 0.58186 0.75281 0.58691 0.74842 0.58871 0.74131 0.59813 0.73488 0.61125 0.72998 0.62059 0.72662 0.63381 0.72475 0.64435 0.72492 0.66242 0.72980 0.67630 0.73769 0.68891 0.74810 0.69823 0.75665 0.70169 0.77473 0.70580 0.78759 0.71728 0.79251 0.72844 0.79977 0.72944 0.81663 0.72810 0.82722 0.71942 0.83614 0.71175 0.84412 0.69732 0.84680 0.68559 0.85020 0.66528 0.85419 0.63797 0.85672 0.61665 0.85571 0.60769 0.85094 0.60011 0.84665 0.59456 0.83489 0.58987 0.82855 0.58716 0.81769 0.58594 0.81171 0.57893 0.80746 0.57666 0.79351 0.57370 0.78550 0.57281 0.77995 0.57409 0.77505 0.57743
4 0.68327 0.73530 0.67344 0.75439 0.66869 0.76886 0.66607 0.78402 0.66615 0.80294 0.67343 0.81656 0.68145 0.82669 0.71511 0.85047 0.73145 0.86146 0.74078 0.86116 0.75647 0.85448 0.76997 0.84596 0.78060 0.83524 0.78957 0.81802 0.79369 0.80295 0.79579 0.78950 0.79728 0.77319 0.79580 0.74874 0.79267 0.72917 0.78870 0.71785 0.77802 0.70738 0.76710 0.70301 0.75710 0.70225 0.74484 0.70420 0.73566 0.70453 0.72627 0.70868 0.71119 0.71390 0.69936 0.71958 0.68327 0.73530
4 0.63200 0.92436 0.63500 0.93524 0.63538 0.94056 0.63507 0.95917 0.63353 0.97069 0.63797 0.98484 0.64762 0.99441 0.66862 0.99705 0.67601 0.99156 0.69114 0.98111 0.71239 0.96399 0.71355 0.95854 0.72091 0.94963 0.73092 0.93969 0.73717 0.93168 0.74285 0.92355 0.74493 0.91306 0.74457 0.90046 0.73914 0.87812 0.73428 0.86388 0.68384 0.82902 0.67794 0.82822 0.66955 0.83054 0.66017 0.83537 0.65255 0.84765 0.64424 0.86319 0.63527 0.88611 0.62777 0.91640 0.63200 0.92436
4 0.24912 0.25575 0.23634 0.25932 0.22534 0.26135 0.20567 0.27247 0.19289 0.28287 0.18631 0.29241 0.17205 0.31233 0.16006 0.33875 0.15136 0.36423 0.14635 0.38695 0.14376 0.40771 0.14766 0.42795 0.15374 0.43962 0.17056 0.44620 0.17785 0.45049 0.19430 0.44168 0.20917 0.43856 0.21736 0.44030 0.22554 0.44040 0.23046 0.43871 0.24166 0.44000 0.24916 0.44242 0.26335 0.43996 0.27570 0.43330 0.28481 0.42731 0.29469 0.40481 0.29632 0.39286 0.30120 0.34416 0.30319 0.32709 0.30352 0.31185 0.30290 0.29505 0.30018 0.28382 0.29406 0.26803 0.28414 0.25472 0.27710 0.25186 0.26372 0.25393 0.24912 0.25575
