4 0.52220 1.00000 0.52220 0.99768 0.52205 0.96427 0.51789 0.96004 0.50794 0.94066 0.49398 0.91749 0.48225 0.89855 0.47423 0.89410 0.46443 0.89031 0.45863 0.89142 0.45269 0.89700 0.44438 0.90368 0.43695 0.91727 0.42492 0.93865 0.41973 0.95959 0.40888 0.98209 0.40784 0.99947 0.46249 1.00000 0.52220 1.00000
4 0.16479 0.58484 0.16515 0.60516 0.16836 0.62253 0.17549 0.63243 0.17905 0.63938 0.18832 0.64579 0.20079 0.64900 0.20596 0.64980 0.21060 0.64312 0.22485 0.63537 0.23750 0.63296 0.25051 0.63430 0.26673 0.62227 0.27885 0.61024 0.28865 0.59527 0.28990 0.58297 0.29097 0.56426 0.29061 0.55143 0.28598 0.52977 0.27885 0.51775 0.27172 0.50999 0.26138 0.50465 0.25426 0.50063 0.24445 0.49556 0.22984 0.49662 0.21915 0.49877 0.20614 0.50224 0.19634 0.50331 0.18653 0.50946 0.17388 0.52068 0.16943 0.53352 0.16658 0.54982 0.16622 0.56640 0.16479 0.58484
4 0.40354 0.87271 0.39834 0.86603 0.39032 0.86470 0.38512 0.86558 0.38007 0.86581 0.37547 0.86291 0.37190 0.86247 0.36225 0.86447 0.35319 0.87160 0.34220 0.88118 0.33478 0.88965 0.32512 0.90568 0.32067 0.91705 0.31933 0.92462 0.32052 0.94244 0.32334 0.95603 0.33092 0.96917 0.34948 0.98387 0.35497 0.98922 0.37339 0.99367 0.39136 0.99323 0.40012 0.98922 0.40799 0.98254 0.41126 0.97719 0.41839 0.96026 0.42284 0.94378 0.42091 0.92507 0.41289 0.89945 0.40740 0.88452 0.40354 0.87271
4 0.16800 0.17718 0.16283 0.18360 0.15125 0.18600 0.14091 0.19055 0.13361 0.19589 0.12826 0.20311 0.12042 0.22396 0.11543 0.24053 0.11133 0.28277 0.11240 0.30496 0.11293 0.32367 0.11507 0.33730 0.12256 0.34559 0.12826 0.35468 0.13913 0.35682 0.15018 0.35735 0.15945 0.34479 0.17477 0.32688 0.18939 0.31939 0.20453 0.31137 0.22075 0.30603 0.23180 0.30362 0.23786 0.30496 0.24499 0.29159 0.25033 0.27208 0.24855 0.25203 0.24463 0.23679 0.23840 0.21648 0.23055 0.20338 0.22325 0.19322 0.21648 0.18065 0.20596 0.17050 0.19652 0.16435 0.18903 0.16087 0.18172 0.16355 0.17370 0.17023 0.16800 0.17718
4 0.63581 0.97006 0.63269 0.95425 0.62764 0.93843 0.62378 0.93286 0.61680 0.92462 0.60462 0.90390 0.59452 0.89276 0.58294 0.88608 0.57373 0.88742 0.56482 0.89298 0.55398 0.90524 0.55071 0.91303 0.54581 0.91905 0.54061 0.92885 0.53111 0.94623 0.52220 0.97006 0.52309 0.99991 0.63685 0.99969 0.63729 0.98967 0.63581 0.97006
4 0.23000 0.83598 0.23238 0.85313 0.24277 0.87719 0.24530 0.88365 0.24649 0.89100 0.24753 0.89925 0.26060 0.91930 0.27396 0.93222 0.28658 0.94113 0.29579 0.94335 0.30767 0.93600 0.31985 0.91996 0.32327 0.90749 0.33218 0.89256 0.33619 0.88610 0.34005 0.86472 0.34109 0.84712 0.33663 0.81793 0.33351 0.80123 0.32802 0.78808 0.32208 0.77918 0.31347 0.77405 0.30470 0.77182 0.29475 0.77360 0.29119 0.77182 0.27485 0.78452 0.26312 0.78630 0.24411 0.79610 0.24188 0.80167 0.23683 0.80813 0.23119 0.82195 0.23000 0.83598
4 0.89509 0.39157 0.88868 0.37633 0.87246 0.35522 0.85214 0.34292 0.83040 0.33249 0.81098 0.32474 0.80153 0.32661 0.79262 0.33249 0.78585 0.34078 0.78246 0.34212 0.77729 0.35682 0.77605 0.36297 0.77462 0.36724 0.77248 0.37366 0.76553 0.41242 0.76411 0.42044 0.76411 0.42579 0.76500 0.43033 0.76500 0.43541 0.76232 0.44583 0.76054 0.45118 0.75965 0.45760 0.75965 0.46829 0.76108 0.47898 0.76464 0.48727 0.76625 0.49235 0.77302 0.49903 0.79333 0.51133 0.81828 0.51026 0.82416 0.51373 0.82773 0.51935 0.84198 0.51560 0.85945 0.51935 0.87068 0.53165 0.87442 0.54073 0.88422 0.53432 0.89509 0.52870 0.90204 0.52042 0.90846 0.49770 0.90846 0.46722 0.90578 0.43782 0.90525 0.42552 0.90026 0.40574 0.89509 0.39157
4 0.67843 0.86046 0.66224 0.85645 0.65363 0.85757 0.64546 0.86536 0.64012 0.87048 0.63789 0.87427 0.63655 0.88051 0.63417 0.89031 0.63477 0.91526 0.63120 0.92440 0.62838 0.93754 0.63477 0.96204 0.63833 0.97430 0.63922 0.97942 0.64888 0.99011 0.65734 0.99457 0.67650 0.99167 0.69373 0.98387 0.70145 0.97608 0.70843 0.96338 0.71585 0.95157 0.72090 0.93776 0.72462 0.92662 0.72699 0.91950 0.72194 0.89610 0.71630 0.88653 0.70902 0.87739 0.69997 0.87182 0.67843 0.86046
4 0.92378 0.35896 0.92735 0.34613 0.93002 0.33623 0.92967 0.32340 0.92878 0.30843 0.92539 0.29854 0.92557 0.28865 0.92432 0.27475 0.91951 0.25845 0.91398 0.24107 0.90828 0.22850 0.89777 0.21862 0.88797 0.21193 0.87995 0.21086 0.86658 0.20043 0.85945 0.19455 0.85232 0.19028 0.84822 0.18707 0.84377 0.18707 0.83735 0.19162 0.82737 0.19723 0.82060 0.20258 0.81151 0.21915 0.79957 0.24508 0.79387 0.26593 0.78995 0.28330 0.78977 0.29614 0.79030 0.30656 0.79512 0.32127 0.79797 0.32661 0.81133 0.32474 0.84715 0.33998 0.87353 0.35602 0.88957 0.37740 0.89456 0.38810 0.90685 0.38890 0.91630 0.38275 0.92004 0.36965 0.92378 0.35896
1 0.83095 0.55568 0.83211 0.55305 0.83235 0.55102 0.83295 0.54965 0.83271 0.54863 0.83183 0.54893 0.83080 0.55222 0.82952 0.55472 0.82944 0.55640 0.83095 0.55568
4 0.19169 0.71435 0.19183 0.72928 0.19332 0.74331 0.19644 0.75779 0.20520 0.77294 0.20668 0.77850 0.21693 0.78675 0.22807 0.79232 0.24248 0.79633 0.26104 0.78719 0.27782 0.78185 0.29297 0.77115 0.30827 0.75512 0.31599 0.74509 0.31985 0.72838 0.32089 0.71546 0.31985 0.69809 0.31643 0.68495 0.31020 0.67113 0.30262 0.65777 0.29371 0.65086 0.27233 0.64083 0.26743 0.63750 0.25599 0.63460 0.24738 0.63482 0.23490 0.63415 0.22243 0.63705 0.21337 0.64217 0.20596 0.64980 0.19867 0.66601 0.19555 0.67603 0.19495 0.69274 0.19169 0.71435
4 0.82862 0.51801 0.82131 0.51240 0.81668 0.51106 0.80242 0.51106 0.79440 0.51186 0.78923 0.51427 0.78513 0.51855 0.77123 0.52603 0.76535 0.53245 0.76143 0.53512 0.75644 0.54581 0.75288 0.55998 0.75003 0.57014 0.74949 0.58377 0.74985 0.59447 0.75377 0.61211 0.76143 0.62467 0.77177 0.63537 0.78389 0.64232 0.79298 0.64392 0.81151 0.64419 0.82648 0.65274 0.83361 0.66263 0.84092 0.66210 0.85713 0.65728 0.86569 0.64659 0.87282 0.63724 0.87763 0.62147 0.87781 0.60943 0.87692 0.58885 0.87513 0.56132 0.87317 0.53993 0.87032 0.53138 0.86408 0.52496 0.85874 0.52042 0.84626 0.51828 0.83949 0.51694 0.82862 0.51801
4 0.79353 0.64438 0.78194 0.64883 0.77303 0.65106 0.76472 0.65708 0.75105 0.66532 0.74066 0.67334 0.72818 0.69205 0.72254 0.71277 0.72090 0.72792 0.72150 0.74329 0.72551 0.76177 0.73546 0.77358 0.74541 0.78182 0.78328 0.79809 0.80155 0.80544 0.81060 0.80321 0.82457 0.79341 0.83600 0.78227 0.84417 0.76957 0.84937 0.75086 0.85026 0.73527 0.84952 0.72168 0.84758 0.70542 0.84105 0.68180 0.83392 0.66331 0.82768 0.65307 0.81506 0.64505 0.80348 0.64304 0.79353 0.64438
4 0.73457 0.78806 0.72640 0.79475 0.72150 0.80833 0.71660 0.82527 0.71259 0.84955 0.71155 0.88073 0.71734 0.88764 0.72254 0.89766 0.72402 0.90279 0.72759 0.92105 0.72848 0.93264 0.73575 0.94556 0.74719 0.95291 0.76828 0.95113 0.77437 0.94422 0.78699 0.93085 0.80422 0.90969 0.80422 0.90412 0.80957 0.89388 0.81729 0.88207 0.82174 0.87294 0.82560 0.86380 0.82546 0.85311 0.82249 0.84086 0.81253 0.82014 0.80481 0.80722 0.74823 0.78361 0.74229 0.78405 0.73457 0.78806
4 0.26459 0.34051 0.25960 0.33008 0.25033 0.31592 0.23786 0.30496 0.23038 0.30362 0.21772 0.30843 0.20382 0.31325 0.19206 0.31939 0.18172 0.32367 0.16479 0.33864 0.15446 0.35147 0.15000 0.36217 0.14020 0.38462 0.13396 0.41295 0.13075 0.43969 0.13058 0.46295 0.13236 0.48380 0.14038 0.50277 0.14875 0.51293 0.16658 0.51587 0.17460 0.51855 0.18885 0.50652 0.20275 0.50037 0.21113 0.50037 0.21915 0.49877 0.22360 0.49609 0.23483 0.49502 0.24267 0.49582 0.25604 0.49048 0.26673 0.48139 0.27440 0.47364 0.27938 0.44958 0.27849 0.43755 0.27315 0.38890 0.27154 0.37179 0.26869 0.35682 0.26459 0.34051
