4 0.43393 0.35184 0.42260 0.35240 0.41142 0.35605 0.40501 0.36503 0.40133 0.38411 0.39641 0.40432 0.39464 0.41217 0.39737 0.43883 0.40692 0.47699 0.41319 0.49018 0.42233 0.50000 0.43747 0.50702 0.44961 0.51066 0.45930 0.50505 0.46843 0.49355 0.47525 0.48036 0.48139 0.46408 0.48371 0.44949 0.48576 0.44584 0.49012 0.39534 0.47321 0.38159 0.46148 0.36391 0.45234 0.35240 0.43393 0.35184
4 0.26997 0.66191 0.29520 0.66584 0.29861 0.66864 0.31430 0.66696 0.31102 0.63918 0.30639 0.60859 0.30475 0.57492 0.30557 0.55612 0.30748 0.54855 0.30366 0.54378 0.29725 0.55837 0.29179 0.56594 0.27815 0.56594 0.27542 0.57043 0.27133 0.57155 0.26806 0.57071 0.26083 0.56650 0.26001 0.56734 0.26465 0.63216 0.26942 0.64956 0.26997 0.66191
4 0.40855 0.65714 0.43038 0.65177 0.44252 0.60829 0.44088 0.59117 0.43706 0.56704 0.43365 0.56030 0.43011 0.55273 0.42479 0.54630 0.41742 0.54599 0.41046 0.54206 0.39805 0.54097 0.39478 0.53760 0.39259 0.53620 0.39137 0.53536 0.38837 0.53816 0.38468 0.54293 0.38100 0.54630 0.37200 0.55191 0.36600 0.55918 0.36354 0.57040 0.36313 0.58530 0.36723 0.63410 0.37377 0.66272 0.37841 0.65683 0.38837 0.65153 0.40855 0.65714
4 0.58372 0.35883 0.57747 0.36682 0.57036 0.37637 0.56420 0.38611 0.56411 0.39488 0.56657 0.39956 0.57112 0.40657 0.57368 0.41300 0.57927 0.42664 0.58542 0.43502 0.59310 0.43756 0.60058 0.44925 0.60569 0.45334 0.61043 0.45529 0.61593 0.44964 0.62180 0.43834 0.62701 0.42586 0.62985 0.41398 0.63108 0.39741 0.62966 0.38533 0.62521 0.36643 0.59982 0.35844 0.58827 0.35591 0.58372 0.35883
4 0.50472 0.60352 0.50758 0.58867 0.51099 0.56704 0.50799 0.55273 0.50376 0.51681 0.50103 0.50306 0.49531 0.48681 0.48821 0.47304 0.48030 0.46658 0.47812 0.47194 0.47375 0.48344 0.46707 0.49464 0.45780 0.50642 0.44825 0.50979 0.43829 0.50727 0.43733 0.51204 0.43447 0.53645 0.43515 0.56201 0.43706 0.56563 0.44334 0.60604 0.46789 0.63606 0.48617 0.62737 0.49804 0.61502 0.50472 0.60352
4 0.38018 0.38832 0.37677 0.37654 0.36613 0.36924 0.35454 0.36363 0.35004 0.36279 0.32412 0.37625 0.31662 0.40347 0.31321 0.43041 0.31184 0.43967 0.31089 0.46605 0.31225 0.49355 0.31334 0.51936 0.31703 0.54378 0.31785 0.54658 0.32398 0.54350 0.32876 0.54378 0.33544 0.54798 0.33653 0.55107 0.34022 0.55360 0.35113 0.56369 0.35481 0.57127 0.35549 0.57267 0.35945 0.56987 0.36150 0.56566 0.36272 0.56454 0.36422 0.56454 0.36682 0.55809 0.36845 0.55444 0.37118 0.55107 0.37473 0.54939 0.38264 0.54490 0.38946 0.53620 0.39137 0.53227 0.39710 0.51375 0.40186 0.49327 0.40513 0.48179 0.40569 0.47222 0.39928 0.44696 0.39505 0.42844 0.39355 0.41049 0.38018 0.38832
4 0.54646 0.35886 0.53555 0.35914 0.52559 0.36279 0.51740 0.36643 0.50745 0.37261 0.50158 0.37541 0.49722 0.38832 0.49053 0.39393 0.48849 0.41750 0.48644 0.45005 0.48876 0.46184 0.49558 0.47418 0.50090 0.48288 0.50895 0.49411 0.51768 0.50084 0.52218 0.50617 0.52736 0.51656 0.53500 0.51431 0.54973 0.49888 0.55150 0.49130 0.55628 0.47138 0.56037 0.43518 0.56283 0.39085 0.55219 0.36363 0.54946 0.36054 0.54646 0.35886
4 0.56478 0.57260 0.57131 0.56480 0.57320 0.55545 0.57927 0.54220 0.59158 0.53343 0.59167 0.51823 0.59205 0.50166 0.59063 0.48919 0.58827 0.47321 0.58495 0.46055 0.58201 0.45295 0.57605 0.44710 0.57216 0.44418 0.56780 0.44438 0.56212 0.44769 0.55994 0.45217 0.55833 0.45451 0.55653 0.47166 0.55009 0.49796 0.53588 0.51394 0.52783 0.51648 0.52063 0.50420 0.51097 0.49543 0.50481 0.48822 0.50367 0.48881 0.50065 0.48861 0.49837 0.49290 0.50083 0.50069 0.50462 0.52037 0.50907 0.54044 0.51599 0.55136 0.52764 0.57240 0.53815 0.58273 0.54801 0.58838 0.55947 0.58039 0.56478 0.57260
4 0.36203 0.58979 0.35957 0.58137 0.35493 0.57295 0.35139 0.56482 0.34157 0.55472 0.33679 0.55388 0.33338 0.54686 0.32629 0.54406 0.32247 0.54406 0.31729 0.54883 0.31524 0.54742 0.31360 0.54490 0.31074 0.54462 0.30869 0.54602 0.30569 0.55640 0.30528 0.57323 0.30651 0.60494 0.31019 0.63160 0.31620 0.66584 0.34675 0.66612 0.36134 0.66696 0.36325 0.66050 0.36939 0.64732 0.36775 0.64030 0.36271 0.59316 0.36203 0.58979
4 0.23831 0.39000 0.23558 0.38916 0.23353 0.42256 0.23217 0.48176 0.23681 0.52525 0.24527 0.55332 0.25250 0.56369 0.26095 0.56594 0.26682 0.56931 0.27268 0.57127 0.27541 0.56959 0.27677 0.56818 0.27841 0.56510 0.28700 0.56510 0.29082 0.56566 0.29655 0.56005 0.30119 0.54967 0.30528 0.53648 0.30978 0.51908 0.31128 0.51263 0.31292 0.51038 0.31006 0.46885 0.31128 0.43799 0.30678 0.43686 0.28769 0.39421 0.28209 0.38439 0.23831 0.39000
1 0.50700 0.44940 0.51461 0.45211 0.52394 0.45751 0.53169 0.45967 0.53668 0.45724 0.54167 0.45373 0.54377 0.44589 0.54560 0.43806 0.55007 0.43239 0.55020 0.42050 0.55138 0.41348 0.55362 0.40024 0.55244 0.37863 0.55073 0.36755 0.54771 0.36350 0.54390 0.36107 0.53247 0.36431 0.52249 0.36647 0.51435 0.37323 0.50884 0.37998 0.50358 0.38673 0.49977 0.39754 0.49754 0.41969 0.49767 0.43185 0.50096 0.44481 0.50700 0.44940
2 0.51133 0.45319 0.52079 0.45913 0.52867 0.46237 0.53773 0.46400 0.54311 0.46156 0.55033 0.43806 0.55532 0.40861 0.55506 0.38646 0.55152 0.36350 0.54679 0.35972 0.52906 0.36188 0.51343 0.36998 0.50096 0.38322 0.49531 0.39511 0.49373 0.41861 0.49899 0.44022 0.50293 0.45048 0.51133 0.45319
