4 0.51192 0.47663 0.51044 0.48510 0.50607 0.49644 0.50064 0.50643 0.49348 0.51523 0.48687 0.51904 0.48314 0.52429 0.48182 0.53487 0.48414 0.54563 0.48600 0.56028 0.48798 0.57544 0.48886 0.58331 0.49419 0.59170 0.50151 0.59797 0.50769 0.60399 0.51353 0.60577 0.52200 0.60798 0.52895 0.60840 0.53419 0.60495 0.54496 0.60332 0.55228 0.60097 0.55859 0.59885 0.56452 0.59953 0.57028 0.60242 0.58027 0.60208 0.58671 0.60048 0.59069 0.59625 0.59430 0.59049 0.59718 0.58329 0.60053 0.57220 0.60134 0.55958 0.60156 0.55036 0.60132 0.53638 0.60056 0.52470 0.59901 0.50835 0.59728 0.49853 0.59356 0.48218 0.58955 0.46753 0.58528 0.45186 0.58135 0.44043 0.57624 0.42713 0.57396 0.41798 0.56926 0.40782 0.55986 0.40476 0.55105 0.40696 0.54394 0.40873 0.53924 0.41153 0.53453 0.41864 0.52949 0.43015 0.52325 0.43980 0.51927 0.44403 0.51660 0.45064 0.51427 0.45715 0.51261 0.46783 0.51192 0.47663
2 0.54321 0.51120 0.54927 0.51670 0.55447 0.51594 0.56061 0.51603 0.56972 0.51646 0.57573 0.51604 0.58103 0.51418 0.58607 0.51130 0.59170 0.51368 0.59065 0.50369 0.59260 0.49565 0.59239 0.48760 0.58711 0.46787 0.58453 0.46041 0.58082 0.43975 0.57858 0.43221 0.57541 0.42383 0.56979 0.41281 0.56068 0.40807 0.55251 0.40848 0.54510 0.40763 0.53739 0.41279 0.53336 0.42405 0.52654 0.43277 0.51959 0.44098 0.51662 0.44928 0.51407 0.46071 0.51165 0.47265 0.51029 0.48162 0.50516 0.48992 0.50079 0.50126 0.49299 0.51184 0.48592 0.51954 0.48282 0.52302 0.48557 0.53258 0.49149 0.53758 0.49805 0.54081 0.50360 0.54428 0.51126 0.54615 0.51978 0.53701 0.52694 0.52820 0.53055 0.52245 0.53474 0.51763 0.53788 0.51145 0.54321 0.51120
1 0.54807 0.49461 0.54245 0.49540 0.53886 0.49615 0.53932 0.49756 0.54256 0.49828 0.54471 0.49912 0.54716 0.49913 0.54905 0.49896 0.54945 0.49810 0.54968 0.49697 0.54807 0.49461
1 0.58257 0.46963 0.58074 0.46718 0.57998 0.46415 0.57840 0.46148 0.57757 0.45939 0.57561 0.46095 0.57588 0.46778 0.57430 0.47246 0.57652 0.47895 0.57863 0.48286 0.58125 0.47945 0.58169 0.47919 0.58435 0.47837 0.58498 0.47561 0.58442 0.47254 0.58257 0.46963
1 0.34852 0.48513 0.34844 0.48659 0.34906 0.48771 0.34968 0.48730 0.35014 0.48683 0.35070 0.48607 0.34957 0.48426 0.34951 0.48401 0.34900 0.48337 0.34852 0.48513
2 0.68819 0.46512 0.68851 0.45909 0.68488 0.42617 0.67771 0.41333 0.66789 0.40938 0.65785 0.40457 0.65462 0.40994 0.64536 0.41682 0.64080 0.42299 0.62680 0.44385 0.62188 0.45834 0.61389 0.49599 0.62463 0.52074 0.64184 0.52741 0.65867 0.52642 0.66979 0.51359 0.67432 0.49875 0.68763 0.49588 0.68928 0.48907 0.68904 0.48319 0.68819 0.46512
4 0.00000 0.56139 0.02094 0.64536 0.02671 0.66835 0.03407 0.66707 0.04479 0.67043 0.06278 0.66484 0.07940 0.65521 0.09529 0.63534 0.10055 0.61977 0.08883 0.58155 0.08339 0.54505 0.07177 0.54247 0.05701 0.53023 0.04089 0.50957 0.01508 0.48089 0.00000 0.47173 0.00000 0.56139
2 0.00000 0.54622 0.00811 0.54901 0.01980 0.54701 0.03093 0.54515 0.04305 0.53755 0.05295 0.54057 0.06965 0.55012 0.07847 0.55615 0.08550 0.55988 0.08318 0.54447 0.07314 0.54331 0.05783 0.53204 0.04468 0.51475 0.03453 0.50220 0.01712 0.48368 0.00000 0.47183 0.00000 0.54622
4 0.14286 0.66888 0.12962 0.65891 0.11350 0.64492 0.10391 0.62930 0.09998 0.62364 0.09260 0.63970 0.07608 0.65709 0.04766 0.66987 0.02605 0.66588 0.06338 0.81561 0.08697 0.83259 0.11226 0.82250 0.12612 0.78681 0.13537 0.74279 0.15071 0.71053 0.14286 0.66888
1 0.00427 0.51758 0.00122 0.51926 0.00100 0.52084 0.00338 0.52178 0.00609 0.52202 0.00759 0.52027 0.00876 0.51677 0.00851 0.51453 0.00619 0.51343 0.00427 0.51758
1 0.02170 0.50481 0.02255 0.50613 0.02380 0.50459 0.02466 0.50071 0.02427 0.49789 0.02417 0.49547 0.02212 0.49338 0.02140 0.50029 0.02170 0.50481
1 0.11647 0.55275 0.11539 0.54472 0.11274 0.53837 0.10997 0.53236 0.10720 0.52837 0.10397 0.52365 0.10195 0.52437 0.10217 0.53919 0.10490 0.54532 0.10415 0.55167 0.10579 0.55796 0.10795 0.56125 0.11075 0.56449 0.11280 0.56504 0.11559 0.56115 0.11693 0.55773 0.11647 0.55275
1 0.17414 0.48097 0.17614 0.47878 0.17440 0.47631 0.17057 0.47405 0.16752 0.47205 0.16399 0.47140 0.16151 0.47125 0.16153 0.47462 0.16413 0.47688 0.16875 0.48108 0.17334 0.48392 0.17465 0.48344 0.17414 0.48097
2 0.41060 0.57179 0.41835 0.56824 0.42360 0.57341 0.43016 0.57231 0.43537 0.56723 0.44080 0.55724 0.44550 0.55445 0.45304 0.55581 0.45715 0.54345 0.46160 0.53964 0.46770 0.53812 0.47084 0.53194 0.47211 0.52407 0.47191 0.51602 0.46772 0.50789 0.46095 0.49663 0.45423 0.48265 0.44962 0.47138 0.44383 0.46257 0.43562 0.44843 0.42911 0.43386 0.42111 0.42776 0.41379 0.42148 0.40490 0.42046 0.39812 0.42215 0.39270 0.42782 0.38719 0.43028 0.38088 0.43239 0.37537 0.43484 0.36686 0.43966 0.36144 0.44102 0.35686 0.44431 0.35195 0.44770 0.34737 0.45100 0.34165 0.45836 0.33703 0.46437 0.32940 0.47275 0.32559 0.47910 0.32220 0.48426 0.31906 0.49044 0.31495 0.49848 0.31265 0.50661 0.31163 0.51550 0.31188 0.52516 0.31099 0.53023 0.32424 0.53287 0.33572 0.52839 0.34529 0.52060 0.35037 0.53229 0.35773 0.54017 0.36830 0.55373 0.37854 0.56737 0.38417 0.57406 0.39124 0.57500 0.40047 0.57593 0.41060 0.57179
2 0.17934 0.60303 0.19282 0.59658 0.19981 0.59021 0.20474 0.57972 0.21722 0.57198 0.22554 0.56270 0.24413 0.58224 0.25974 0.59945 0.26686 0.63626 0.27498 0.63167 0.27547 0.61713 0.27016 0.59170 0.26138 0.57023 0.24318 0.55367 0.23598 0.52614 0.22402 0.47406 0.19114 0.45088 0.16552 0.44029 0.12390 0.44810 0.11319 0.45745 0.10066 0.48013 0.09657 0.50636 0.09808 0.53582 0.10275 0.56141 0.11041 0.57700 0.11439 0.60533 0.12806 0.61478 0.13465 0.60542 0.14636 0.59736 0.15891 0.60504 0.16972 0.60851 0.17934 0.60303
1 0.67050 0.48281 0.67249 0.47487 0.67310 0.46698 0.67435 0.45922 0.67281 0.44829 0.66610 0.43330 0.66488 0.43479 0.66109 0.44348 0.65485 0.43997 0.65262 0.43338 0.64755 0.42899 0.63970 0.43094 0.63701 0.43846 0.63752 0.44846 0.63414 0.46121 0.63351 0.47298 0.63962 0.48158 0.64737 0.48799 0.65466 0.48855 0.65747 0.47832 0.66471 0.47949 0.66679 0.48225 0.67050 0.48281
4 0.27819 0.65635 0.28068 0.66491 0.28402 0.68405 0.28561 0.69768 0.28743 0.71072 0.28962 0.72097 0.29385 0.73071 0.30295 0.73977 0.30654 0.74698 0.31196 0.75426 0.32042 0.76510 0.32406 0.77391 0.32935 0.78069 0.33387 0.78874 0.34250 0.80170 0.35283 0.80992 0.35833 0.81179 0.36430 0.81408 0.37442 0.81425 0.37950 0.80867 0.38544 0.80071 0.38926 0.79004 0.39020 0.77793 0.39309 0.76210 0.39334 0.75448 0.39420 0.74347 0.39476 0.72984 0.39528 0.71028 0.39474 0.69800 0.39352 0.68157 0.39230 0.66514 0.38931 0.65023 0.38766 0.63931 0.38063 0.63999 0.36480 0.63853 0.35120 0.63599 0.33821 0.63437 0.33211 0.63157 0.32522 0.62411 0.31806 0.61996 0.31386 0.62910 0.30844 0.63046 0.30133 0.63223 0.29590 0.63358 0.29032 0.63282 0.28511 0.63357 0.27719 0.63501 0.27439 0.64110 0.27561 0.64890 0.27819 0.65635
1 0.19949 0.52101 0.19920 0.51815 0.19880 0.51621 0.19661 0.51459 0.19744 0.52101 0.19746 0.52688 0.19610 0.53130 0.19514 0.53600 0.19619 0.54021 0.19796 0.54117 0.19807 0.53821 0.19779 0.53433 0.19900 0.52828 0.19949 0.52101
4 0.32273 0.48278 0.31590 0.49150 0.31145 0.50395 0.30775 0.51512 0.30711 0.53418 0.30710 0.55577 0.30805 0.57550 0.30936 0.58651 0.31050 0.59540 0.31299 0.60827 0.32297 0.62090 0.32623 0.62818 0.33393 0.63166 0.34329 0.63310 0.35201 0.63201 0.36328 0.63244 0.37174 0.63464 0.38212 0.63583 0.39126 0.63787 0.39698 0.63915 0.40219 0.63839 0.41197 0.63865 0.41802 0.63984 0.42374 0.64111 0.42945 0.64238 0.43674 0.64273 0.44563 0.64375 0.45626 0.64164 0.46303 0.63995 0.46981 0.63826 0.47557 0.63250 0.47884 0.62683 0.48278 0.62099 0.48660 0.61465 0.48851 0.60499 0.48941 0.59559 0.49055 0.58721 0.49099 0.57307 0.48516 0.54106 0.48403 0.53217 0.48378 0.52251 0.48137 0.51286 0.47659 0.50379 0.46377 0.49133 0.45865 0.48667 0.45302 0.47998 0.44477 0.46855 0.44046 0.45559 0.43365 0.43839 0.42841 0.42890 0.41999 0.42399 0.41419 0.42381 0.40885 0.41975 0.39937 0.41779 0.39644 0.42338 0.39085 0.42262 0.38255 0.42685 0.37700 0.42769 0.37091 0.42921 0.36557 0.43378 0.35616 0.44368 0.35218 0.44791 0.34667 0.45468 0.33658 0.46476 0.32946 0.47517 0.32273 0.48278
1 0.19518 0.50224 0.19406 0.50048 0.19252 0.50111 0.19303 0.50456 0.19471 0.50682 0.19559 0.50558 0.19518 0.50224
4 0.09354 0.51186 0.08574 0.52676 0.08217 0.53844 0.08635 0.55953 0.09031 0.58121 0.09302 0.58917 0.09860 0.60721 0.10659 0.62627 0.11424 0.64109 0.12452 0.65634 0.13155 0.65999 0.14073 0.66363 0.15615 0.66627 0.16381 0.66813 0.17736 0.66476 0.18630 0.66307 0.19189 0.66383 0.20184 0.66189 0.21010 0.66037 0.21903 0.65869 0.22738 0.65607 0.23890 0.65320 0.24906 0.65066 0.25889 0.64821 0.26321 0.64389 0.27024 0.63890 0.27478 0.62967 0.27542 0.61926 0.27225 0.60656 0.27103 0.59444 0.26968 0.58615 0.26524 0.57700 0.25983 0.56971 0.25318 0.56327 0.24612 0.55370 0.24151 0.54243 0.24063 0.53024 0.23890 0.52041 0.23573 0.50771 0.23125 0.49264 0.22796 0.48374 0.22462 0.47324 0.21971 0.46798 0.20418 0.45621 0.19173 0.44959 0.16324 0.43781 0.15003 0.44110 0.13432 0.44448 0.12856 0.44591 0.12191 0.44811 0.11733 0.45141 0.10597 0.46504 0.10250 0.47130 0.09910 0.48078 0.09545 0.50220 0.09354 0.51186
4 0.22876 0.81171 0.23460 0.81349 0.24942 0.81519 0.25518 0.81376 0.26471 0.81300 0.27089 0.81038 0.27420 0.79336 0.27527 0.78608 0.27595 0.77295 0.27435 0.76364 0.27250 0.74899 0.27123 0.73959 0.26815 0.72578 0.26431 0.70893 0.26263 0.69208 0.26047 0.68344 0.25434 0.67039 0.25210 0.66285 0.24775 0.65261 0.23394 0.65497 0.21734 0.65911 0.21167 0.65944 0.20455 0.66122 0.19845 0.66274 0.19134 0.66451 0.18613 0.66527 0.18066 0.66501 0.17397 0.66560 0.16542 0.66881 0.16372 0.66924 0.14404 0.66821 0.14835 0.68117 0.15151 0.69819 0.15527 0.71182 0.16479 0.72834 0.17473 0.74368 0.18027 0.75147 0.18928 0.76596 0.20066 0.77985 0.21293 0.80162 0.22876 0.81171
4 0.45741 0.75740 0.46668 0.76426 0.48137 0.76546 0.49297 0.76580 0.49840 0.76445 0.50585 0.75827 0.51052 0.74523 0.51306 0.73812 0.51494 0.72686 0.51516 0.70900 0.51403 0.69147 0.51382 0.67910 0.51354 0.66352 0.51109 0.64794 0.50767 0.63422 0.50256 0.61660 0.49918 0.60881 0.49457 0.59754 0.48868 0.60711 0.48608 0.62125 0.47850 0.63123 0.47117 0.63792 0.46270 0.64004 0.45812 0.64333 0.45236 0.64477 0.44529 0.64384 0.43547 0.64196 0.42535 0.64611 0.41670 0.65474 0.40874 0.65889 0.40353 0.65964 0.40213 0.65837 0.39096 0.64820 0.39392 0.65718 0.39670 0.66836 0.40089 0.68513 0.41248 0.69843 0.41637 0.70826 0.42191 0.71173 0.42729 0.71741 0.43757 0.72834 0.44671 0.73901 0.45741 0.75740
4 0.61915 0.45853 0.60831 0.46555 0.59988 0.46927 0.59801 0.47621 0.59724 0.48612 0.59774 0.49679 0.59918 0.50831 0.60158 0.51796 0.60306 0.53109 0.60445 0.54100 0.61024 0.55413 0.61485 0.56107 0.62204 0.57115 0.62821 0.58581 0.63490 0.59385 0.64086 0.60047 0.65162 0.60750 0.66085 0.61276 0.67100 0.61454 0.67660 0.61531 0.68244 0.61277 0.68791 0.60871 0.69405 0.60016 0.69694 0.58864 0.69733 0.57721 0.70102 0.56603 0.70118 0.55520 0.70103 0.53580 0.69694 0.52657 0.69597 0.51116 0.69348 0.49829 0.69032 0.48558 0.68880 0.47085 0.68893 0.46272 0.68788 0.45273 0.68662 0.43901 0.68574 0.42681 0.68024 0.41631 0.67728 0.41165 0.66754 0.40868 0.66094 0.40385 0.65505 0.40478 0.65192 0.41096 0.64357 0.41790 0.63848 0.42780 0.63179 0.43703 0.63102 0.43830 0.62678 0.44583 0.62301 0.45379 0.61915 0.45853
