1 0.46523 0.49956 0.46845 0.50336 0.47133 0.49915 0.47357 0.49911 0.47445 0.49137 0.47398 0.48781 0.47229 0.48428 0.46746 0.48154 0.46324 0.47923 0.46278 0.47597 0.46291 0.47211 0.46205 0.46915 0.46077 0.46591 0.45753 0.46685 0.45770 0.47681 0.45761 0.48305 0.45484 0.48785 0.45353 0.49456 0.45271 0.50007 0.45570 0.50195 0.46093 0.49844 0.46365 0.49691 0.46494 0.49510 0.46523 0.49956
1 0.38219 0.49668 0.38326 0.49718 0.38525 0.49973 0.38647 0.49893 0.38846 0.49838 0.38890 0.49631 0.38839 0.49434 0.38732 0.49332 0.38678 0.49282 0.38717 0.49152 0.38637 0.48973 0.38521 0.48734 0.38365 0.48565 0.38224 0.48585 0.38188 0.48912 0.38203 0.49075 0.38204 0.49170 0.38153 0.49265 0.38077 0.49310 0.37931 0.49355 0.37923 0.49587 0.37871 0.49674 0.37819 0.49701 0.37888 0.49932 0.37967 0.50103 0.38049 0.50058 0.38021 0.49801 0.38219 0.49668
4 0.78150 0.62444 0.78892 0.61950 0.79196 0.61543 0.79557 0.60147 0.79741 0.59154 0.79885 0.57949 0.79965 0.56290 0.79930 0.55327 0.79660 0.54530 0.76206 0.52906 0.74673 0.52211 0.73951 0.51742 0.69974 0.55849 0.69459 0.58906 0.69189 0.60221 0.69313 0.61021 0.69974 0.62132 0.70329 0.62580 0.73396 0.63008 0.75484 0.62972 0.76587 0.63166 0.77246 0.63155 0.78150 0.62444
4 0.38352 0.44623 0.37721 0.45222 0.37014 0.46705 0.36343 0.48133 0.36080 0.48806 0.36375 0.54175 0.36815 0.56307 0.37643 0.57575 0.38410 0.58444 0.39737 0.58929 0.41303 0.59410 0.43377 0.59641 0.45062 0.59638 0.46857 0.59580 0.48189 0.59289 0.49096 0.58793 0.49565 0.57314 0.49792 0.55625 0.49820 0.54074 0.50133 0.53133 0.50809 0.51998 0.51236 0.51269 0.50390 0.50027 0.49483 0.47369 0.49355 0.46356 0.48961 0.45828 0.48402 0.44207 0.47355 0.43022 0.45553 0.42599 0.43847 0.42495 0.42410 0.42012 0.41361 0.41736 0.40675 0.41294 0.39851 0.42350 0.39196 0.43672 0.38352 0.44623
4 0.56775 0.61105 0.59174 0.62079 0.60147 0.62223 0.60930 0.62984 0.61444 0.63029 0.64426 0.63885 0.65711 0.63997 0.66807 0.63844 0.67588 0.63429 0.68520 0.62290 0.68975 0.61026 0.69487 0.58878 0.69753 0.57349 0.69884 0.56465 0.69878 0.55075 0.69317 0.53320 0.68573 0.51675 0.68253 0.50130 0.67771 0.48748 0.63810 0.47480 0.62960 0.47041 0.59799 0.47497 0.58691 0.48078 0.57895 0.48626 0.56867 0.49553 0.55965 0.51414 0.55381 0.52574 0.55321 0.54366 0.54802 0.56140 0.54746 0.58173 0.55437 0.60005 0.56775 0.61105
2 0.18599 0.52737 0.19025 0.52626 0.19165 0.52485 0.19236 0.51097 0.19371 0.49292 0.19145 0.47215 0.18734 0.45489 0.18006 0.43247 0.17994 0.41202 0.17941 0.39538 0.17792 0.37807 0.16716 0.37375 0.14533 0.37552 0.14618 0.39701 0.14340 0.42826 0.14518 0.44834 0.15146 0.46799 0.16121 0.49591 0.16623 0.51142 0.17645 0.52511 0.18599 0.52737
2 0.68320 0.54889 0.68669 0.53125 0.68600 0.51995 0.68305 0.50266 0.67651 0.48688 0.63854 0.47598 0.62838 0.47087 0.59613 0.47576 0.58922 0.48624 0.58106 0.51022 0.58136 0.52755 0.59036 0.54232 0.59823 0.55808 0.60902 0.57137 0.62296 0.57594 0.64359 0.57655 0.66049 0.57095 0.67452 0.56204 0.68320 0.54889
1 0.76414 0.54745 0.76284 0.54901 0.76317 0.55151 0.76622 0.55131 0.76887 0.55015 0.76991 0.54972 0.77092 0.54747 0.76984 0.54568 0.76777 0.54697 0.76414 0.54745
1 0.75714 0.55106 0.75992 0.55156 0.75970 0.55003 0.75860 0.54727 0.75631 0.54731 0.75587 0.54913 0.75714 0.55106
2 0.35687 0.48880 0.35878 0.49305 0.36051 0.48740 0.34257 0.45644 0.32883 0.42513 0.32248 0.40733 0.31501 0.39943 0.30358 0.39509 0.29055 0.39425 0.27811 0.40543 0.26772 0.41897 0.25891 0.43891 0.25335 0.45612 0.25640 0.47318 0.26632 0.46445 0.27283 0.45953 0.28809 0.46273 0.30282 0.46729 0.31716 0.47025 0.32450 0.47092 0.33238 0.47078 0.34468 0.47244 0.35106 0.48089 0.35687 0.48880
4 0.14634 0.45479 0.15481 0.47870 0.16059 0.49491 0.16438 0.51222 0.17040 0.52174 0.17859 0.52909 0.18448 0.53032 0.19027 0.52648 0.19711 0.53010 0.20158 0.53403 0.20932 0.53657 0.22296 0.53125 0.23936 0.50530 0.24894 0.47679 0.24507 0.46510 0.22373 0.43900 0.20209 0.40596 0.18638 0.38752 0.17490 0.37034 0.15572 0.37308 0.14385 0.37516 0.14517 0.39840 0.14388 0.41927 0.14241 0.42919 0.14634 0.45479
4 0.30838 0.39742 0.30281 0.39324 0.29457 0.39392 0.28655 0.39620 0.27649 0.40760 0.26897 0.41735 0.26405 0.42921 0.25888 0.43758 0.25576 0.44753 0.25368 0.45425 0.25311 0.48501 0.25118 0.50028 0.25201 0.51631 0.25405 0.52777 0.26841 0.55319 0.31697 0.56464 0.32375 0.56479 0.33416 0.56300 0.35293 0.55732 0.36473 0.55124 0.36100 0.52617 0.36154 0.50477 0.35989 0.48368 0.35514 0.47387 0.34148 0.45700 0.33423 0.44081 0.32995 0.42645 0.32381 0.41052 0.31780 0.40180 0.30838 0.39742
1 0.59424 0.49638 0.59442 0.49525 0.59375 0.49420 0.59299 0.49472 0.59221 0.49630 0.59311 0.49735 0.59424 0.49638
2 0.79864 0.55179 0.79656 0.54634 0.77897 0.53682 0.75583 0.52682 0.74524 0.52123 0.73923 0.51700 0.71261 0.54607 0.70073 0.55697 0.70240 0.56243 0.70962 0.57906 0.71739 0.58152 0.72968 0.57091 0.74272 0.56982 0.75500 0.56989 0.76265 0.56600 0.77518 0.56925 0.78980 0.56697 0.79716 0.55788 0.79864 0.55179
1 0.78675 0.54092 0.78311 0.54015 0.78179 0.54073 0.78012 0.54355 0.77668 0.54375 0.77553 0.54892 0.77954 0.55429 0.78395 0.55547 0.78896 0.55245 0.79149 0.54976 0.79449 0.54664 0.79447 0.54525 0.78675 0.54092
1 0.32443 0.43368 0.32333 0.43865 0.32422 0.44594 0.32581 0.44493 0.32774 0.43833 0.33007 0.43581 0.32995 0.43383 0.32911 0.42976 0.32669 0.42683 0.32443 0.43368
1 0.43643 0.43579 0.43306 0.43870 0.43264 0.44227 0.43982 0.44090 0.44316 0.44334 0.44467 0.44580 0.44378 0.45063 0.44662 0.45254 0.44860 0.44716 0.44952 0.44376 0.44503 0.43831 0.44072 0.43642 0.43643 0.43579
2 0.38425 0.53869 0.39216 0.53239 0.40227 0.53129 0.41235 0.54036 0.42085 0.54329 0.43397 0.54522 0.44444 0.54041 0.45501 0.52945 0.47108 0.53071 0.48269 0.54283 0.49221 0.55591 0.49436 0.57035 0.49325 0.57930 0.49583 0.57002 0.49729 0.55674 0.49786 0.54133 0.50087 0.53234 0.50493 0.52303 0.51170 0.51151 0.50305 0.49995 0.49482 0.47576 0.49333 0.46315 0.48883 0.45892 0.48389 0.44206 0.47417 0.42960 0.45533 0.42654 0.43715 0.42532 0.40614 0.41415 0.39891 0.42321 0.39404 0.43439 0.38431 0.44565 0.37662 0.45256 0.37952 0.46114 0.37614 0.48553 0.37748 0.50184 0.37669 0.51695 0.37996 0.53507 0.38425 0.53869
1 0.18727 0.46205 0.18635 0.45158 0.18207 0.44138 0.17800 0.43525 0.17156 0.42745 0.16794 0.42986 0.16475 0.43185 0.15945 0.43087 0.15462 0.43095 0.15159 0.43357 0.15609 0.44825 0.16072 0.46165 0.16398 0.46352 0.16396 0.45411 0.16185 0.44217 0.16635 0.43952 0.17309 0.43919 0.17847 0.44530 0.18328 0.45227 0.18727 0.46205
