4 0.45557 0.45034 0.45980 0.44632 0.46650 0.44291 0.47053 0.43734 0.47063 0.42187 0.46919 0.42048 0.46661 0.41785 0.46382 0.41770 0.45856 0.41862 0.45454 0.42327 0.45196 0.41971 0.44805 0.41800 0.44072 0.42280 0.43670 0.42497 0.43381 0.42497 0.42989 0.42822 0.42814 0.42930 0.42505 0.43255 0.42402 0.44337 0.42773 0.45127 0.43412 0.45807 0.45083 0.45745 0.45155 0.45652 0.45557 0.45034
4 0.64215 0.44837 0.64358 0.44547 0.64201 0.43655 0.63950 0.43182 0.63549 0.42806 0.63606 0.42377 0.63570 0.41700 0.63413 0.40636 0.63384 0.40217 0.63055 0.39960 0.62761 0.39830 0.62460 0.39680 0.62331 0.39938 0.62160 0.40303 0.61758 0.40260 0.61243 0.40045 0.60741 0.39938 0.60226 0.39841 0.60025 0.40518 0.59839 0.41345 0.59696 0.42302 0.59832 0.42699 0.60727 0.43612 0.61458 0.44138 0.62582 0.45299 0.63155 0.45267 0.63843 0.45202 0.64215 0.44837
4 0.46465 0.33091 0.45609 0.33323 0.44763 0.33988 0.44237 0.34390 0.43557 0.35412 0.43196 0.36309 0.43165 0.37345 0.43206 0.38289 0.43464 0.39557 0.43866 0.40517 0.44330 0.41073 0.44866 0.40919 0.45258 0.40919 0.45413 0.40950 0.45671 0.41182 0.45939 0.41429 0.46279 0.41367 0.46517 0.41228 0.46661 0.41043 0.46815 0.41213 0.47115 0.41305 0.47424 0.41429 0.47692 0.41290 0.48002 0.41197 0.48239 0.41228 0.48548 0.41197 0.48775 0.41135 0.49074 0.40919 0.49332 0.40501 0.49456 0.40207 0.50044 0.37577 0.49817 0.35334 0.49353 0.33632 0.48981 0.33075 0.47991 0.32843 0.47187 0.33013 0.46465 0.33091
4 0.51106 0.44477 0.51694 0.43595 0.51797 0.42930 0.51663 0.42388 0.51487 0.41445 0.51250 0.40347 0.51075 0.39790 0.50755 0.39510 0.50508 0.39340 0.50105 0.39418 0.49734 0.39836 0.49548 0.40068 0.49301 0.40671 0.48961 0.41213 0.48507 0.41228 0.48002 0.41243 0.47486 0.41398 0.47238 0.41383 0.47084 0.43765 0.47898 0.45065 0.48600 0.45761 0.50456 0.45699 0.50632 0.45343 0.51106 0.44477
4 0.41355 0.38761 0.40767 0.38111 0.40365 0.37957 0.39921 0.38065 0.39602 0.38405 0.39303 0.39008 0.39127 0.39380 0.39065 0.40045 0.39230 0.40462 0.39438 0.40788 0.39395 0.41422 0.39282 0.42195 0.39200 0.42721 0.39117 0.43108 0.39025 0.43820 0.38756 0.44454 0.38499 0.44980 0.38323 0.45335 0.38467 0.45738 0.38756 0.46140 0.38974 0.46264 0.39303 0.46187 0.39591 0.46187 0.39818 0.46187 0.40375 0.45815 0.40643 0.45212 0.40954 0.44562 0.41396 0.44206 0.41933 0.44191 0.42242 0.44408 0.42386 0.44330 0.42428 0.43650 0.42489 0.43293 0.42758 0.42984 0.42747 0.42350 0.42211 0.40555 0.41644 0.39178 0.41355 0.38761
4 0.53560 0.45348 0.54062 0.45649 0.54821 0.45628 0.55458 0.45488 0.55996 0.45047 0.56418 0.44360 0.56762 0.43694 0.57034 0.43210 0.57148 0.42018 0.56497 0.41932 0.56289 0.41878 0.55938 0.41943 0.55717 0.42147 0.55180 0.42265 0.54563 0.42286 0.54385 0.41943 0.52679 0.42200 0.52300 0.41878 0.51992 0.41459 0.51949 0.42566 0.52271 0.43683 0.52945 0.44607 0.53560 0.45348
4 0.56159 0.32426 0.55705 0.32255 0.55107 0.32302 0.54220 0.32580 0.53530 0.33060 0.52838 0.33818 0.52364 0.34452 0.51910 0.35288 0.51642 0.35984 0.51436 0.36850 0.51477 0.38691 0.51549 0.40176 0.51787 0.41104 0.52251 0.41847 0.52715 0.42203 0.53488 0.42079 0.54200 0.41940 0.54416 0.41955 0.54540 0.42265 0.54942 0.42265 0.55314 0.42265 0.55572 0.42187 0.55757 0.42125 0.55933 0.41924 0.56293 0.41816 0.56417 0.41893 0.56623 0.41924 0.56881 0.41924 0.57098 0.41955 0.57304 0.41971 0.57758 0.41615 0.58150 0.40764 0.58397 0.39960 0.58552 0.38258 0.58635 0.37469 0.58511 0.36448 0.58335 0.35380 0.57665 0.33973 0.56850 0.33075 0.56159 0.32426
2 0.38386 0.45341 0.38743 0.45927 0.39022 0.46160 0.39557 0.46144 0.40259 0.45676 0.40727 0.44840 0.41362 0.43820 0.41897 0.42800 0.41652 0.41864 0.41140 0.41613 0.40203 0.41362 0.39545 0.40610 0.39245 0.42767 0.39044 0.43803 0.38386 0.45341
1 0.62800 0.39359 0.63122 0.39854 0.63617 0.40027 0.64047 0.39953 0.64533 0.40027 0.64979 0.40548 0.65227 0.41018 0.65590 0.41179 0.65829 0.40758 0.66110 0.40399 0.66275 0.40139 0.66242 0.39805 0.66465 0.39322 0.66349 0.38777 0.65978 0.38257 0.65606 0.38369 0.65367 0.38208 0.65227 0.37948 0.65037 0.37737 0.64707 0.37663 0.63956 0.38047 0.63188 0.38666 0.62883 0.39000 0.62800 0.39359
4 0.41355 0.38761 0.40767 0.38111 0.40365 0.37957 0.39921 0.38065 0.39602 0.38405 0.39303 0.39008 0.39127 0.39380 0.39065 0.40045 0.39230 0.40462 0.39438 0.40788 0.39395 0.41422 0.39282 0.42195 0.39200 0.42721 0.39117 0.43108 0.39025 0.43820 0.38756 0.44454 0.38499 0.44980 0.38323 0.45335 0.38467 0.45738 0.38756 0.46140 0.38974 0.46264 0.39303 0.46187 0.39591 0.46187 0.39818 0.46187 0.40375 0.45815 0.40643 0.45212 0.40954 0.44562 0.41396 0.44206 0.41933 0.44191 0.42242 0.44408 0.42386 0.44330 0.42428 0.43650 0.42489 0.43293 0.42758 0.42984 0.42747 0.42350 0.42211 0.40555 0.41644 0.39178 0.41355 0.38761
1 0.39604 0.44250 0.39663 0.45141 0.39533 0.45622 0.39580 0.45961 0.39794 0.45979 0.40174 0.45694 0.40352 0.45248 0.40709 0.44624 0.40709 0.44232 0.40543 0.43608 0.40483 0.43091 0.40305 0.42378 0.40317 0.42093 0.40650 0.42271 0.40757 0.42147 0.40911 0.41879 0.40650 0.41772 0.40317 0.41647 0.39948 0.41344 0.39675 0.41023 0.39509 0.41166 0.39235 0.43091 0.39414 0.43358 0.39640 0.43519 0.39604 0.44250
2 0.62833 0.45289 0.63774 0.45115 0.64121 0.44818 0.64286 0.44546 0.64203 0.43729 0.63956 0.43234 0.63543 0.42788 0.63560 0.42528 0.63494 0.42392 0.62932 0.43184 0.62404 0.43964 0.62454 0.44620 0.62833 0.45289
1 0.61237 0.39438 0.61625 0.39352 0.61947 0.39364 0.62063 0.39500 0.62368 0.39190 0.62467 0.38633 0.62599 0.38113 0.62467 0.37668 0.62310 0.37235 0.61980 0.36777 0.61716 0.36578 0.61023 0.36826 0.60618 0.37594 0.60552 0.38337 0.60883 0.38906 0.61237 0.39438
1 0.62589 0.44237 0.62647 0.44586 0.62862 0.44787 0.63126 0.44855 0.63323 0.44828 0.63574 0.44734 0.63780 0.44425 0.64000 0.44102 0.64085 0.43820 0.63977 0.43504 0.63861 0.43229 0.63745 0.43141 0.63502 0.42933 0.63265 0.43168 0.62960 0.43558 0.62683 0.43948 0.62589 0.44237
