4 0.47390 0.41525 0.47113 0.41485 0.46581 0.41532 0.46140 0.41960 0.45914 0.41583 0.45539 0.41379 0.44767 0.41793 0.44348 0.41974 0.44060 0.41948 0.43642 0.42238 0.43457 0.42330 0.43121 0.42627 0.42924 0.43697 0.43225 0.44515 0.43803 0.45249 0.45472 0.45333 0.45553 0.45247 0.46007 0.44665 0.46463 0.44302 0.47161 0.44021 0.47610 0.43501 0.47755 0.41961 0.47623 0.41810 0.47390 0.41525
4 0.64242 0.42914 0.64178 0.41841 0.64186 0.41421 0.63880 0.41135 0.63599 0.40981 0.63312 0.40805 0.63161 0.41051 0.62958 0.41400 0.62562 0.41322 0.62068 0.41063 0.61577 0.40912 0.61072 0.40771 0.60813 0.41428 0.60556 0.42236 0.60330 0.43176 0.60431 0.43584 0.61243 0.44571 0.61925 0.45159 0.62944 0.46413 0.63518 0.46431 0.64208 0.46427 0.64611 0.46095 0.64779 0.45819 0.64700 0.44917 0.64491 0.44424 0.64124 0.44015 0.64219 0.43591 0.64242 0.42914
4 0.44294 0.36798 0.44252 0.37741 0.44399 0.39027 0.44716 0.40018 0.45130 0.40613 0.45677 0.40506 0.46068 0.40540 0.46219 0.40584 0.46456 0.40838 0.46701 0.41108 0.47046 0.41076 0.47294 0.40958 0.47454 0.40786 0.47593 0.40969 0.47883 0.41087 0.48181 0.41237 0.48460 0.41122 0.48776 0.41057 0.49010 0.41108 0.49321 0.41104 0.49552 0.41062 0.49869 0.40873 0.50162 0.40479 0.50311 0.40197 0.51126 0.37628 0.51096 0.35374 0.50782 0.33638 0.50460 0.33051 0.49494 0.32734 0.48678 0.32833 0.47952 0.32847 0.47079 0.33004 0.46179 0.33593 0.45620 0.33948 0.44852 0.34905 0.44415 0.35768 0.44294 0.36798
4 0.51961 0.39922 0.51666 0.39616 0.51435 0.39425 0.51027 0.39468 0.50621 0.39851 0.50416 0.40066 0.50117 0.40646 0.49730 0.41156 0.49277 0.41131 0.48772 0.41103 0.48245 0.41212 0.48000 0.41175 0.47638 0.43535 0.48337 0.44900 0.48975 0.45655 0.50829 0.45755 0.51035 0.45416 0.51583 0.44594 0.52245 0.43767 0.52406 0.43113 0.52320 0.42562 0.52227 0.41607 0.52087 0.40493 0.51961 0.39922
4 0.40094 0.38472 0.39975 0.39130 0.40103 0.39560 0.40281 0.39902 0.40183 0.40530 0.40003 0.41291 0.39876 0.41808 0.39759 0.42186 0.39606 0.42887 0.39282 0.43495 0.38980 0.43997 0.38774 0.44335 0.38883 0.44749 0.39135 0.45175 0.39341 0.45317 0.39676 0.45269 0.39963 0.45294 0.40189 0.45314 0.40777 0.44992 0.41096 0.44415 0.41462 0.43794 0.41934 0.43478 0.42470 0.43510 0.42759 0.43753 0.42909 0.43688 0.43010 0.43014 0.43102 0.42664 0.43398 0.42380 0.43442 0.41747 0.43064 0.39913 0.42619 0.38491 0.42367 0.38050 0.41838 0.37352 0.41451 0.37162 0.41000 0.37232 0.40652 0.37543 0.40301 0.38118 0.40094 0.38472
4 0.57285 0.44307 0.57599 0.43849 0.57817 0.42671 0.57176 0.42529 0.56973 0.42457 0.56617 0.42491 0.56379 0.42675 0.55834 0.42746 0.55218 0.42713 0.55070 0.42355 0.53349 0.42464 0.52999 0.42110 0.52729 0.41665 0.52589 0.42764 0.52813 0.43905 0.53404 0.44884 0.53952 0.45676 0.54425 0.46020 0.55184 0.46064 0.55830 0.45981 0.56405 0.45589 0.56885 0.44941 0.57285 0.44307
4 0.53710 0.34718 0.53185 0.35510 0.52858 0.36180 0.52576 0.37025 0.52457 0.38863 0.52400 0.40349 0.52555 0.41294 0.52953 0.42074 0.53384 0.42469 0.54165 0.42413 0.54886 0.42336 0.55101 0.42371 0.55197 0.42690 0.55598 0.42725 0.55968 0.42757 0.56231 0.42702 0.56422 0.42657 0.56614 0.42472 0.56983 0.42396 0.57099 0.42483 0.57302 0.42532 0.57559 0.42555 0.57772 0.42605 0.57976 0.42638 0.58459 0.42323 0.58924 0.41509 0.59240 0.40730 0.59543 0.39048 0.59694 0.38269 0.59660 0.37241 0.59578 0.36163 0.59033 0.34702 0.58299 0.33737 0.57668 0.33029 0.57230 0.32820 0.56630 0.32815 0.55723 0.33015 0.54992 0.33432 0.54238 0.34127 0.53710 0.34718
2 0.41934 0.43090 0.42556 0.42121 0.42393 0.41167 0.41904 0.40873 0.40993 0.40541 0.40404 0.39734 0.39916 0.41857 0.39626 0.42872 0.38837 0.44347 0.39141 0.44961 0.39398 0.45218 0.39933 0.45248 0.40673 0.44843 0.41212 0.44051 0.41934 0.43090
1 0.65952 0.42379 0.66299 0.42571 0.66574 0.42173 0.66885 0.41839 0.67072 0.41595 0.67069 0.41259 0.67333 0.40797 0.67265 0.40245 0.66940 0.39695 0.66561 0.39773 0.66336 0.39592 0.66219 0.39321 0.66049 0.39095 0.65726 0.38992 0.64945 0.39309 0.64126 0.39858 0.63793 0.40165 0.63679 0.40515 0.63957 0.41037 0.64435 0.41252 0.64869 0.41216 0.65347 0.41332 0.65746 0.41889 0.65952 0.42379
4 0.40094 0.38472 0.39975 0.39130 0.40103 0.39560 0.40281 0.39902 0.40183 0.40530 0.40003 0.41291 0.39876 0.41808 0.39759 0.42186 0.39606 0.42887 0.39282 0.43495 0.38980 0.43997 0.38774 0.44335 0.38883 0.44749 0.39135 0.45175 0.39341 0.45317 0.39676 0.45269 0.39963 0.45294 0.40189 0.45314 0.40777 0.44992 0.41096 0.44415 0.41462 0.43794 0.41934 0.43478 0.42470 0.43510 0.42759 0.43753 0.42909 0.43688 0.43010 0.43014 0.43102 0.42664 0.43398 0.42380 0.43442 0.41747 0.43064 0.39913 0.42619 0.38491 0.42367 0.38050 0.41838 0.37352 0.41451 0.37162 0.41000 0.37232 0.40652 0.37543 0.40301 0.38118 0.40094 0.38472
1 0.40803 0.44425 0.41213 0.43835 0.41247 0.43444 0.41136 0.42808 0.41122 0.42288 0.41006 0.41562 0.41043 0.41279 0.41359 0.41486 0.41476 0.41371 0.41654 0.41118 0.41402 0.40988 0.41082 0.40835 0.40741 0.40501 0.40497 0.40158 0.40319 0.40285 0.39879 0.42179 0.40033 0.42461 0.40244 0.42641 0.40145 0.43366 0.40126 0.44259 0.39954 0.44727 0.39972 0.45068 0.40183 0.45105 0.40587 0.44854 0.40803 0.44425
2 0.64120 0.43996 0.64159 0.43738 0.64105 0.43597 0.63477 0.44337 0.62883 0.45068 0.62875 0.45726 0.63195 0.46425 0.64148 0.46334 0.64519 0.46069 0.64707 0.45812 0.64696 0.44991 0.64492 0.44476 0.64120 0.43996
1 0.63587 0.39257 0.63494 0.38802 0.63376 0.38356 0.63087 0.37871 0.62841 0.37651 0.62129 0.37837 0.61659 0.38566 0.61529 0.39301 0.61808 0.39897 0.62115 0.40458 0.62509 0.40405 0.62829 0.40446 0.62932 0.40591 0.63263 0.40310 0.63410 0.39763 0.63587 0.39257
1 0.64214 0.45647 0.64461 0.45345 0.64570 0.45071 0.64490 0.44747 0.64398 0.44462 0.64290 0.44365 0.64067 0.44137 0.63810 0.44350 0.63473 0.44712 0.63162 0.45076 0.63043 0.45356 0.63071 0.45709 0.63267 0.45928 0.63525 0.46018 0.63723 0.46009 0.63982 0.45937 0.64214 0.45647
