4 0.74116 0.79765 0.76000 0.81623 0.77993 0.81896 0.79551 0.80749 0.80819 0.79437 0.81580 0.72770 0.82920 0.64082 0.83717 0.58290 0.84442 0.54847 0.84080 0.51022 0.84080 0.47962 0.82341 0.47197 0.81978 0.51459 0.81073 0.54246 0.70783 0.55721 0.69841 0.65721 0.70312 0.71131 0.71797 0.76104 0.74116 0.79765
4 0.77884 0.21842 0.76761 0.17852 0.75529 0.16104 0.73754 0.15612 0.70130 0.15612 0.67304 0.16158 0.64116 0.18836 0.61942 0.22169 0.59768 0.28235 0.58464 0.34465 0.57015 0.39929 0.56797 0.42115 0.56978 0.48727 0.57630 0.53262 0.58536 0.55557 0.62341 0.56596 0.67775 0.55776 0.70783 0.55721 0.73572 0.55011 0.80746 0.54683 0.82051 0.51186 0.82377 0.44137 0.81471 0.35612 0.79515 0.28126 0.77884 0.21842
4 0.90130 0.13044 0.88645 0.15995 0.86688 0.20202 0.84949 0.25011 0.81725 0.35175 0.82051 0.40475 0.82594 0.42770 0.84080 0.45503 0.85746 0.49109 0.87304 0.51350 0.88319 0.51951 0.91217 0.51787 0.94043 0.51568 0.95819 0.51350 0.96978 0.49984 0.98355 0.48672 0.98899 0.46049 0.98029 0.25940 0.94732 0.15612 0.93464 0.12825 0.92015 0.12224 0.90130 0.13044
2 0.39188 0.28885 0.36235 0.30645 0.35620 0.32093 0.36029 0.34683 0.38159 0.36131 0.40765 0.35508 0.40562 0.38825 0.39735 0.41617 0.39873 0.43585 0.40696 0.46175 0.41797 0.46481 0.42757 0.44208 0.43786 0.44415 0.45091 0.43481 0.44884 0.35508 0.43033 0.31372 0.41178 0.28574 0.39188 0.28885
4 0.56362 0.69383 0.56725 0.73098 0.57485 0.76978 0.58246 0.78945 0.60203 0.80530 0.62196 0.80694 0.64043 0.80858 0.65855 0.79492 0.67123 0.78235 0.69116 0.66486 0.70384 0.60749 0.70638 0.56104 0.67812 0.55721 0.63609 0.56377 0.62304 0.56650 0.58754 0.55667 0.57775 0.54191 0.57159 0.51350 0.56507 0.51077 0.55819 0.51350 0.55855 0.52989 0.56362 0.69383
4 0.22485 0.16322 0.20746 0.16322 0.19804 0.16322 0.18500 0.16650 0.17848 0.18727 0.17232 0.21842 0.13862 0.34683 0.13029 0.39492 0.12558 0.46104 0.12558 0.50803 0.12739 0.54082 0.14043 0.57033 0.15565 0.58508 0.18210 0.59000 0.21797 0.58727 0.24007 0.58344 0.26072 0.56705 0.27957 0.54355 0.28899 0.52716 0.29949 0.46158 0.30457 0.37689 0.27630 0.27088 0.25819 0.21623 0.23717 0.18071 0.22485 0.16322
4 0.54043 0.77251 0.55275 0.72770 0.55674 0.69164 0.55746 0.57962 0.55964 0.54465 0.55674 0.52388 0.55493 0.51951 0.54841 0.51732 0.54225 0.52497 0.52304 0.52388 0.51290 0.52607 0.50058 0.53700 0.47703 0.54683 0.45058 0.55284 0.42775 0.54847 0.41507 0.56432 0.40638 0.59219 0.40710 0.61514 0.41688 0.71623 0.43427 0.76104 0.44732 0.80639 0.46580 0.83153 0.50855 0.82552 0.52485 0.80421 0.54043 0.77251
4 0.14949 0.87525 0.16507 0.88016 0.18319 0.87197 0.19768 0.86322 0.21978 0.82115 0.24623 0.77087 0.27196 0.72279 0.27594 0.69492 0.26978 0.56814 0.24116 0.58618 0.16036 0.58781 0.15312 0.58618 0.13681 0.56541 0.12594 0.80694 0.12775 0.83317 0.14152 0.86322 0.14949 0.87525
4 0.37703 0.79437 0.40022 0.75503 0.41326 0.71896 0.41000 0.64902 0.40783 0.62607 0.40384 0.59874 0.40927 0.57306 0.42630 0.54683 0.42594 0.53372 0.42051 0.52552 0.40927 0.52224 0.38428 0.52115 0.35746 0.52060 0.33210 0.51459 0.29370 0.51131 0.28935 0.52934 0.27123 0.56104 0.27920 0.70530 0.28500 0.78891 0.29841 0.83535 0.31362 0.86104 0.35130 0.86104 0.36471 0.83535 0.37703 0.79437
4 0.39101 0.18765 0.36746 0.19475 0.34609 0.21169 0.33159 0.23956 0.32580 0.28820 0.33051 0.33082 0.34246 0.38055 0.35007 0.40787 0.35913 0.41825 0.37652 0.42918 0.39391 0.42918 0.40116 0.44831 0.40985 0.46798 0.42616 0.47126 0.44101 0.47290 0.44464 0.47618 0.45623 0.47618 0.47616 0.46852 0.49319 0.45486 0.51348 0.44995 0.51819 0.42208 0.51529 0.31005 0.47906 0.24230 0.42471 0.18929 0.39101 0.18765
