1 0.50903 0.43615 0.50196 0.45082 0.50271 0.46411 0.50460 0.47810 0.51042 0.51611 0.51465 0.51404 0.51097 0.47566 0.51061 0.46532 0.51198 0.45639 0.51309 0.44821 0.50903 0.43615
1 0.47995 0.15957 0.47680 0.15861 0.47158 0.16022 0.46636 0.17342 0.46472 0.18454 0.46670 0.19481 0.47067 0.19985 0.47650 0.19661 0.48187 0.18768 0.48449 0.17743 0.48307 0.16785 0.48219 0.16199 0.47995 0.15957
1 0.42216 0.75731 0.41890 0.76325 0.42505 0.77678 0.43390 0.77688 0.43457 0.76021 0.42810 0.75544 0.42216 0.75731
1 0.45164 0.83288 0.45814 0.83848 0.46135 0.84003 0.46887 0.82936 0.47058 0.82389 0.45881 0.82139 0.45292 0.82451 0.45164 0.83288
1 0.41639 0.32459 0.42299 0.32794 0.42817 0.33110 0.42576 0.32661 0.42722 0.32272 0.42550 0.32191 0.42203 0.32191 0.41953 0.32027 0.41765 0.32020 0.41711 0.32098 0.41639 0.32459
1 0.45291 0.80619 0.45950 0.80513 0.46268 0.79669 0.45588 0.78278 0.44952 0.78133 0.44726 0.78890 0.44732 0.79973 0.45291 0.80619
1 0.52270 0.53429 0.52216 0.53281 0.51821 0.53124 0.51248 0.53443 0.50359 0.54031 0.49535 0.54573 0.48686 0.53982 0.47525 0.52803 0.46916 0.52118 0.46536 0.51446 0.46151 0.51588 0.46230 0.51970 0.46813 0.52870 0.47991 0.54071 0.48694 0.54688 0.48905 0.55152 0.48987 0.55641 0.48506 0.56257 0.48544 0.56898 0.48973 0.57547 0.49298 0.56636 0.49729 0.55958 0.50528 0.55138 0.51333 0.54468 0.51963 0.53932 0.52261 0.53643 0.52270 0.53429
1 0.46647 0.48973 0.46684 0.49232 0.46801 0.49339 0.46932 0.49322 0.46995 0.49271 0.47055 0.49083 0.47011 0.48911 0.46991 0.48887 0.46821 0.48856 0.46647 0.48973
4 0.46556 1.00000 0.58268 0.99733 0.59530 0.96139 0.60162 0.91347 0.60874 0.81616 0.60559 0.77411 0.59671 0.77276 0.59044 0.76189 0.58364 0.74770 0.57574 0.72635 0.56582 0.69508 0.53816 0.68606 0.50912 0.68541 0.48395 0.68740 0.46548 0.67640 0.44103 0.66283 0.42260 0.65294 0.39455 0.65669 0.38004 0.66274 0.36457 0.68935 0.35212 0.69422 0.32705 0.71118 0.31051 0.73117 0.29147 0.77621 0.27223 0.83955 0.26618 0.88303 0.25714 0.91330 0.24356 0.98200 0.25857 1.00000 0.46556 1.00000
1 0.44492 0.13689 0.45195 0.14075 0.45430 0.13442 0.45365 0.12749 0.44812 0.12394 0.44360 0.11875 0.43871 0.11802 0.43409 0.12121 0.43539 0.12741 0.44492 0.13689
1 0.42333 0.17332 0.41864 0.17080 0.41406 0.17114 0.41179 0.17212 0.41110 0.17553 0.41822 0.17421 0.42700 0.18925 0.43169 0.19978 0.43505 0.20288 0.43850 0.20097 0.43902 0.19257 0.43350 0.18581 0.42992 0.18005 0.42711 0.17693 0.42333 0.17332
4 0.50026 0.39955 0.47576 0.38054 0.46530 0.37212 0.44490 0.37006 0.42422 0.38003 0.40858 0.39398 0.39723 0.41009 0.38616 0.42434 0.37721 0.43898 0.36337 0.46443 0.35284 0.49391 0.34766 0.51628 0.34146 0.53960 0.33283 0.55331 0.32394 0.56980 0.30863 0.60315 0.30089 0.62237 0.29760 0.63866 0.29641 0.66459 0.29430 0.68454 0.29810 0.70290 0.30376 0.71471 0.31311 0.72132 0.33120 0.70728 0.35799 0.69156 0.36315 0.68907 0.38077 0.66164 0.40714 0.65379 0.42149 0.65329 0.48330 0.68672 0.53371 0.68496 0.56484 0.69312 0.57054 0.70586 0.59130 0.69820 0.60457 0.69681 0.61744 0.69405 0.62460 0.67809 0.62992 0.62983 0.63614 0.58709 0.64189 0.57117 0.64653 0.54328 0.64760 0.52383 0.64323 0.50919 0.63782 0.50476 0.62985 0.46714 0.61631 0.43063 0.60481 0.41254 0.59082 0.40333 0.57907 0.39819 0.56499 0.39637 0.54293 0.39714 0.52581 0.39866 0.50730 0.40070 0.50026 0.39955
4 0.48932 0.38434 0.50858 0.39609 0.52663 0.39546 0.51360 0.38245 0.50108 0.36114 0.49996 0.32907 0.50622 0.30606 0.52612 0.29086 0.54355 0.27264 0.54193 0.24888 0.54233 0.19293 0.53739 0.14131 0.50977 0.11534 0.48552 0.09547 0.45545 0.08927 0.42225 0.10597 0.39581 0.13589 0.37830 0.21937 0.35835 0.34540 0.33731 0.41761 0.33865 0.45589 0.36023 0.46653 0.37390 0.43083 0.42163 0.38049 0.45572 0.36686 0.48932 0.38434
