4 0.37914 0.40875 0.38529 0.41112 0.39115 0.41515 0.39532 0.40737 0.40069 0.40077 0.40423 0.39297 0.40302 0.39011 0.39907 0.38563 0.39831 0.37816 0.39937 0.37003 0.39444 0.36234 0.39014 0.35654 0.38723 0.35824 0.38179 0.36205 0.37936 0.37252 0.37892 0.37695 0.37834 0.38417 0.37852 0.39069 0.37847 0.39757 0.37914 0.40875
4 0.43460 0.39452 0.43677 0.39501 0.43854 0.39919 0.44307 0.40054 0.44452 0.40285 0.44648 0.40723 0.45059 0.40670 0.45382 0.40891 0.45577 0.40976 0.46126 0.41265 0.46403 0.41373 0.46558 0.41213 0.46830 0.41209 0.47434 0.39456 0.47558 0.38496 0.46538 0.37606 0.45405 0.37063 0.44454 0.36846 0.43662 0.36786 0.43002 0.37216 0.42822 0.38656 0.42924 0.38904 0.43123 0.39100 0.43460 0.39452
4 0.50670 0.42172 0.50592 0.42075 0.50444 0.41900 0.50179 0.41775 0.49850 0.41869 0.49439 0.41717 0.48975 0.41581 0.48744 0.41811 0.48520 0.42692 0.48344 0.44857 0.51693 0.44810 0.51823 0.43925 0.51822 0.42958 0.51736 0.42600 0.51502 0.42272 0.51293 0.42038 0.51070 0.41933 0.50825 0.42013 0.50670 0.42172
4 0.48715 0.37594 0.48658 0.37978 0.48735 0.38318 0.48795 0.38579 0.48770 0.39056 0.48649 0.39398 0.48612 0.39577 0.48547 0.39832 0.48591 0.40092 0.48725 0.40306 0.48845 0.40377 0.48961 0.40654 0.49112 0.40830 0.49254 0.41031 0.49390 0.41089 0.49519 0.41109 0.49684 0.41001 0.49824 0.40828 0.49928 0.40640 0.50440 0.40576 0.50742 0.40360 0.50974 0.39959 0.51220 0.39417 0.51140 0.37889 0.50907 0.37490 0.50594 0.37228 0.50330 0.37137 0.50079 0.37072 0.49877 0.37048 0.49574 0.37007 0.49315 0.36967 0.49020 0.37029 0.48824 0.37316 0.48715 0.37594
4 0.55574 0.39219 0.55661 0.38255 0.55625 0.37543 0.55158 0.38138 0.54607 0.38949 0.52961 0.40553 0.53706 0.41316 0.53928 0.41934 0.54156 0.42294 0.54503 0.42326 0.54984 0.41899 0.55305 0.41451 0.55585 0.40795 0.55641 0.40436 0.55625 0.39906 0.55574 0.39219
4 0.39893 0.37462 0.39869 0.37925 0.39990 0.38601 0.40356 0.39011 0.40533 0.39020 0.40851 0.38943 0.41167 0.39090 0.41536 0.39444 0.41772 0.39531 0.42004 0.39692 0.42130 0.39289 0.42447 0.39213 0.42824 0.39010 0.42811 0.38656 0.42925 0.37286 0.42720 0.36402 0.42478 0.35832 0.42164 0.35648 0.41689 0.35530 0.41246 0.35581 0.40800 0.35911 0.40462 0.36376 0.40040 0.37042 0.39893 0.37462
4 0.47074 0.41333 0.46803 0.41319 0.46584 0.41307 0.46441 0.41449 0.46270 0.41514 0.45904 0.41309 0.45623 0.41294 0.45335 0.41391 0.45061 0.41822 0.44785 0.42700 0.44737 0.44613 0.48301 0.44874 0.48446 0.43097 0.48427 0.42278 0.48182 0.41354 0.48127 0.41203 0.47754 0.41146 0.47562 0.41210 0.47255 0.41473 0.47074 0.41333
4 0.54432 0.42864 0.54310 0.43116 0.54220 0.43292 0.54164 0.43547 0.54119 0.43842 0.54089 0.44137 0.54047 0.44380 0.54003 0.44675 0.53999 0.44752 0.54016 0.44830 0.55120 0.45404 0.56683 0.46196 0.56370 0.43856 0.55957 0.42028 0.55839 0.41518 0.55592 0.41376 0.55319 0.41465 0.55090 0.41801 0.54872 0.42087 0.54699 0.42336 0.54590 0.42485 0.54432 0.42864
4 0.42037 0.40456 0.41745 0.39844 0.41296 0.39227 0.40887 0.39057 0.40447 0.39257 0.40087 0.39945 0.39825 0.40358 0.39237 0.41387 0.38969 0.42712 0.39012 0.44480 0.40492 0.44799 0.41150 0.44815 0.41671 0.44638 0.41691 0.44267 0.41828 0.43847 0.42108 0.43490 0.42139 0.43101 0.42274 0.41323 0.42037 0.40456
4 0.52423 0.40874 0.52905 0.40525 0.53747 0.39717 0.54680 0.38810 0.55227 0.37948 0.55672 0.37223 0.55818 0.36934 0.55916 0.35893 0.55445 0.33506 0.53753 0.32669 0.53438 0.33143 0.53054 0.34930 0.52456 0.36900 0.51957 0.37842 0.51345 0.38700 0.51258 0.39535 0.51620 0.40251 0.51994 0.40735 0.52423 0.40874
