4 0.37474 0.36842 0.37286 0.37900 0.37265 0.38346 0.37244 0.39070 0.37296 0.39720 0.37327 0.40407 0.37453 0.41520 0.38080 0.41725 0.38685 0.42096 0.39062 0.41298 0.39563 0.40611 0.39876 0.39813 0.39740 0.39534 0.39322 0.39107 0.39208 0.38365 0.39270 0.37548 0.38738 0.36805 0.38278 0.36248 0.37996 0.36434 0.37474 0.36842
4 0.43773 0.37154 0.42980 0.37136 0.42342 0.37600 0.42238 0.39048 0.42353 0.39289 0.42562 0.39475 0.42917 0.39809 0.43136 0.39846 0.43335 0.40254 0.43794 0.40366 0.43951 0.40589 0.44170 0.41015 0.44577 0.40941 0.44912 0.41145 0.45110 0.41220 0.45674 0.41480 0.45956 0.41573 0.46102 0.41405 0.46374 0.41387 0.46886 0.39605 0.46959 0.38639 0.45894 0.37804 0.44734 0.37321 0.43773 0.37154
4 0.51450 0.42872 0.51346 0.42519 0.51095 0.42203 0.50875 0.41982 0.50646 0.41888 0.50406 0.41981 0.50260 0.42148 0.50176 0.42055 0.50020 0.41888 0.49748 0.41777 0.49424 0.41888 0.49006 0.41758 0.48536 0.41647 0.48317 0.41888 0.48139 0.42779 0.48077 0.44951 0.51419 0.44728 0.51503 0.43837 0.51450 0.42872
4 0.49403 0.37086 0.49199 0.37073 0.48895 0.37047 0.48634 0.37021 0.48343 0.37098 0.48162 0.37395 0.48068 0.37679 0.48031 0.38065 0.48125 0.38400 0.48198 0.38658 0.48198 0.39135 0.48096 0.39483 0.48068 0.39664 0.48017 0.39922 0.48075 0.40180 0.48220 0.40386 0.48343 0.40450 0.48473 0.40721 0.48634 0.40889 0.48785 0.41082 0.48924 0.41134 0.49055 0.41146 0.49213 0.41030 0.49344 0.40850 0.49438 0.40656 0.49946 0.40566 0.50237 0.40334 0.50447 0.39922 0.50665 0.39367 0.50505 0.37846 0.50251 0.37459 0.49925 0.37215 0.49656 0.37137 0.49403 0.37086
4 0.54095 0.42100 0.54553 0.41649 0.54850 0.41185 0.55096 0.40515 0.55132 0.40154 0.55089 0.39625 0.55002 0.38942 0.55039 0.37975 0.54965 0.37266 0.54530 0.37885 0.54023 0.38723 0.52463 0.40411 0.53246 0.41134 0.53500 0.41739 0.53747 0.42087 0.54095 0.42100
4 0.41423 0.36078 0.40943 0.35985 0.40504 0.36059 0.40076 0.36412 0.39762 0.36894 0.39376 0.37581 0.39250 0.38008 0.39250 0.38472 0.39407 0.39141 0.39794 0.39530 0.39971 0.39530 0.40285 0.39438 0.40608 0.39567 0.40995 0.39902 0.41235 0.39976 0.41475 0.40124 0.41580 0.39716 0.41893 0.39623 0.42259 0.39400 0.42227 0.39048 0.42269 0.37674 0.42018 0.36802 0.41747 0.36245 0.41423 0.36078
4 0.48025 0.42371 0.47732 0.41461 0.47669 0.41312 0.47293 0.41275 0.47105 0.41350 0.46813 0.41628 0.46625 0.41498 0.46353 0.41498 0.46134 0.41498 0.45998 0.41647 0.45831 0.41721 0.45455 0.41535 0.45173 0.41535 0.44891 0.41647 0.44640 0.42092 0.44410 0.42983 0.44463 0.44895 0.48035 0.44970 0.48087 0.43187 0.48025 0.42371
4 0.55133 0.41095 0.54865 0.41198 0.54654 0.41546 0.54451 0.41842 0.54292 0.42100 0.54190 0.42255 0.54052 0.42642 0.53943 0.42900 0.53864 0.43080 0.53820 0.43338 0.53791 0.43635 0.53777 0.43931 0.53748 0.44176 0.53719 0.44473 0.53719 0.44550 0.53740 0.44627 0.54872 0.45143 0.56475 0.45852 0.56040 0.43531 0.55532 0.41727 0.55387 0.41224 0.55133 0.41095
4 0.41402 0.45081 0.41402 0.44710 0.41517 0.44283 0.41778 0.43911 0.41789 0.43522 0.41830 0.41740 0.41548 0.40886 0.41225 0.40290 0.40744 0.39697 0.40326 0.39549 0.39898 0.39772 0.39574 0.40477 0.39334 0.40904 0.38801 0.41962 0.38603 0.43299 0.38739 0.45062 0.40232 0.45304 0.40890 0.45285 0.41402 0.45081
4 0.51767 0.36789 0.51318 0.37756 0.50752 0.38645 0.50708 0.39483 0.51107 0.40180 0.51506 0.40644 0.51942 0.40760 0.52406 0.40386 0.53204 0.39535 0.54088 0.38581 0.54589 0.37691 0.54995 0.36944 0.55126 0.36647 0.55169 0.35603 0.54575 0.33244 0.52841 0.32496 0.52551 0.32986 0.52261 0.34791 0.51767 0.36789
