4 0.10066 0.28687 0.08311 0.30793 0.06890 0.34381 0.06394 0.36976 0.06198 0.41205 0.06490 0.44459 0.06653 0.46742 0.07157 0.48888 0.08063 0.49745 0.09000 0.50989 0.14025 0.53180 0.15498 0.53026 0.17146 0.52456 0.18888 0.51083 0.20751 0.48405 0.21378 0.46241 0.21842 0.42295 0.20984 0.35620 0.19256 0.34758 0.17716 0.32751 0.17247 0.30915 0.17183 0.30179 0.17099 0.29827 0.16146 0.29855 0.15172 0.28840 0.13852 0.28038 0.11409 0.28064 0.10066 0.28687
4 0.72319 0.14720 0.71833 0.15157 0.70575 0.15630 0.69646 0.16199 0.69241 0.16563 0.68566 0.17684 0.68060 0.19007 0.67451 0.21789 0.66935 0.26233 0.66957 0.29742 0.67215 0.32184 0.67997 0.34422 0.69888 0.35600 0.71185 0.35861 0.72691 0.34591 0.75282 0.33185 0.77108 0.33165 0.78560 0.32432 0.79725 0.31298 0.80783 0.28270 0.80594 0.24520 0.80591 0.23094 0.80404 0.19307 0.79170 0.15888 0.78056 0.14096 0.76015 0.12832 0.74600 0.12373 0.72752 0.12816 0.72535 0.13035 0.72319 0.14720
4 0.19780 0.13470 0.18673 0.14993 0.17760 0.17219 0.17034 0.19301 0.16914 0.22571 0.17094 0.25510 0.17383 0.27838 0.17343 0.30071 0.17616 0.32206 0.18626 0.34032 0.19587 0.34815 0.20846 0.35305 0.22225 0.34992 0.24278 0.34059 0.26306 0.34589 0.27907 0.34442 0.29084 0.34040 0.30097 0.32860 0.31229 0.30876 0.31357 0.25987 0.30890 0.22147 0.29912 0.18742 0.27833 0.17708 0.26502 0.16135 0.26467 0.13859 0.25276 0.12563 0.23486 0.11891 0.21572 0.12138 0.19780 0.13470
4 0.38021 0.09646 0.38758 0.08335 0.37796 0.06589 0.37095 0.05242 0.36209 0.04502 0.34993 0.04168 0.33252 0.04540 0.31823 0.05312 0.30499 0.06553 0.29794 0.07750 0.28877 0.09552 0.27777 0.10921 0.27000 0.12037 0.26674 0.12868 0.26515 0.14397 0.26518 0.16328 0.28850 0.17916 0.30179 0.18987 0.31541 0.22952 0.32746 0.24480 0.33942 0.25198 0.35320 0.24885 0.36483 0.23789 0.37389 0.21716 0.38827 0.16819 0.39225 0.15106 0.38801 0.12424 0.38021 0.09646
4 0.59557 0.11584 0.60534 0.15490 0.60444 0.17220 0.60009 0.18161 0.61331 0.22856 0.62224 0.25408 0.63625 0.26137 0.64836 0.26085 0.66032 0.25338 0.67199 0.23664 0.67622 0.20487 0.68435 0.17716 0.69370 0.16069 0.70184 0.15726 0.71194 0.15586 0.72019 0.15051 0.72288 0.14332 0.72418 0.13800 0.72452 0.13146 0.72224 0.11631 0.71760 0.10181 0.70090 0.08204 0.68457 0.07001 0.66996 0.05961 0.65453 0.05494 0.63144 0.05412 0.61320 0.05895 0.60352 0.07193 0.59837 0.09171 0.59557 0.11584
4 0.97417 1.00000 0.97862 0.92109 0.98687 0.76370 0.97590 0.74921 0.95218 0.73601 0.92680 0.73006 0.90403 0.72809 0.89460 0.73145 0.85560 0.76950 0.84353 0.77426 0.81841 0.78297 0.79536 0.78138 0.79186 0.80895 0.77817 0.84947 0.77383 0.87353 0.77222 0.90428 0.77439 0.93639 0.78096 0.96796 0.78805 0.99493 0.79030 1.00000 0.97417 1.00000
4 0.48725 0.16259 0.48895 0.18889 0.49706 0.19586 0.50226 0.19961 0.50887 0.21576 0.52069 0.24529 0.53782 0.25660 0.55457 0.25092 0.56850 0.24009 0.58552 0.19973 0.59593 0.18254 0.60110 0.17703 0.60331 0.16870 0.60453 0.16064 0.60459 0.15448 0.60239 0.13779 0.58650 0.09763 0.57333 0.07921 0.55909 0.07153 0.54245 0.06526 0.52620 0.07134 0.51391 0.08034 0.49510 0.10094 0.49662 0.13571 0.49066 0.15622 0.48725 0.16259
1 0.00000 0.91208 0.00207 0.91316 0.00684 0.91006 0.00611 0.90690 0.00612 0.90668 0.00197 0.90646 0.00000 0.90687 0.00000 0.91208
4 0.00000 0.97448 0.00820 0.97491 0.10867 0.97707 0.11246 0.95784 0.12656 0.93591 0.13397 0.92381 0.13627 0.88599 0.13300 0.82477 0.12402 0.79608 0.12287 0.76502 0.09595 0.76685 0.05312 0.74842 0.01407 0.71677 0.00000 0.71829 0.00000 0.97448
4 0.74739 0.38668 0.74401 0.42159 0.74308 0.44428 0.74485 0.46943 0.75973 0.50413 0.76810 0.51614 0.78053 0.52411 0.78527 0.53168 0.79534 0.53067 0.84001 0.51682 0.85875 0.51240 0.86328 0.50918 0.86690 0.50397 0.87714 0.49486 0.88886 0.48199 0.89766 0.46125 0.89954 0.41085 0.89999 0.37772 0.89509 0.34855 0.88944 0.32397 0.87724 0.30676 0.86030 0.29161 0.84783 0.28441 0.81536 0.28617 0.80363 0.29404 0.79498 0.31710 0.78150 0.32911 0.76947 0.33311 0.75629 0.33935 0.76020 0.34804 0.75508 0.36242 0.74739 0.38668
4 0.74799 0.65554 0.74696 0.68016 0.75059 0.71388 0.75633 0.73192 0.76141 0.74760 0.76846 0.76031 0.77545 0.76915 0.78934 0.77875 0.80254 0.78175 0.81999 0.78228 0.84083 0.77682 0.86133 0.76325 0.87747 0.74945 0.89239 0.73442 0.89453 0.73299 0.89285 0.72558 0.90360 0.70186 0.91154 0.67799 0.91427 0.65038 0.91481 0.62536 0.91012 0.55804 0.90134 0.52944 0.88436 0.51505 0.86616 0.51410 0.84562 0.51881 0.78799 0.53468 0.78332 0.55024 0.76422 0.58123 0.75653 0.60048 0.75248 0.62378 0.74799 0.65554
4 0.00610 0.64966 0.01362 0.69246 0.01907 0.70122 0.01994 0.71399 0.02547 0.72623 0.05509 0.74937 0.09413 0.76452 0.11185 0.76467 0.12592 0.75616 0.14021 0.74342 0.15517 0.72262 0.16948 0.69484 0.17300 0.66187 0.17341 0.62952 0.16961 0.60385 0.16320 0.57926 0.16444 0.56044 0.14578 0.53402 0.08949 0.50986 0.07535 0.49524 0.06164 0.50185 0.04558 0.50910 0.02859 0.51940 0.01750 0.54001 0.01084 0.56395 0.00556 0.59605 0.00528 0.64075 0.00610 0.64966
1 0.90631 0.87991 0.90890 0.87961 0.90948 0.87408 0.91090 0.86879 0.90987 0.86660 0.90833 0.87145 0.90739 0.87568 0.90631 0.87991
4 0.38264 0.10892 0.38922 0.13047 0.40111 0.18313 0.41429 0.21118 0.42159 0.22390 0.43512 0.23039 0.44900 0.22534 0.46322 0.20412 0.47715 0.18365 0.48758 0.16106 0.49543 0.13873 0.49766 0.12073 0.49399 0.10242 0.49154 0.08071 0.48362 0.05523 0.47589 0.04096 0.45395 0.03287 0.43726 0.03276 0.42455 0.03480 0.40160 0.06097 0.38859 0.07878 0.38330 0.09624 0.38264 0.10892
