4 0.10834 0.27307 0.09007 0.29349 0.07461 0.32886 0.06875 0.35462 0.06531 0.39682 0.06710 0.42943 0.06793 0.45231 0.07222 0.47393 0.08097 0.48281 0.08990 0.49557 0.13936 0.51922 0.15413 0.51820 0.17081 0.51308 0.18870 0.49997 0.20824 0.47385 0.21527 0.45245 0.22128 0.41317 0.21503 0.34616 0.19807 0.33695 0.18338 0.31635 0.17933 0.29783 0.17895 0.29045 0.17823 0.28691 0.16870 0.28686 0.15932 0.27637 0.14641 0.26790 0.12198 0.26731 0.10834 0.27307
4 0.73536 0.15520 0.73036 0.15941 0.71762 0.16370 0.70814 0.16905 0.70397 0.17255 0.69682 0.18352 0.69130 0.19656 0.68425 0.22415 0.67755 0.26838 0.67654 0.30346 0.67826 0.32796 0.68529 0.35060 0.70379 0.36303 0.71666 0.36609 0.73215 0.35393 0.75854 0.34078 0.77679 0.34121 0.79156 0.33439 0.80359 0.32346 0.81523 0.29357 0.81464 0.25604 0.81512 0.24178 0.81457 0.20386 0.80343 0.16927 0.79292 0.15097 0.77297 0.13763 0.75898 0.13254 0.74036 0.13632 0.73812 0.13844 0.73536 0.15520
4 0.21074 0.12438 0.19914 0.13920 0.18923 0.16113 0.18125 0.18169 0.17891 0.21433 0.17969 0.24377 0.18176 0.26713 0.18059 0.28943 0.18257 0.31086 0.19203 0.32947 0.20135 0.33763 0.21377 0.34296 0.22765 0.34031 0.24850 0.33171 0.26859 0.33771 0.28463 0.33680 0.29654 0.33320 0.30707 0.32176 0.31908 0.30233 0.32206 0.25351 0.31874 0.21497 0.31015 0.18060 0.28973 0.16954 0.27699 0.15335 0.27743 0.13060 0.26597 0.11723 0.24833 0.10989 0.22911 0.11169 0.21074 0.12438
4 0.39437 0.09253 0.40219 0.07968 0.39318 0.06190 0.38665 0.04818 0.37805 0.04048 0.36602 0.03672 0.34849 0.03983 0.33394 0.04705 0.32027 0.05899 0.31281 0.07071 0.30302 0.08840 0.29155 0.10169 0.28339 0.11257 0.27984 0.12076 0.27771 0.13599 0.27707 0.15529 0.29983 0.17197 0.31274 0.18314 0.32497 0.22324 0.33648 0.23893 0.34818 0.24653 0.36206 0.24388 0.37406 0.23333 0.38383 0.21293 0.39992 0.16449 0.40450 0.14751 0.40119 0.12056 0.39437 0.09253
4 0.60892 0.11941 0.61732 0.15879 0.61581 0.17604 0.61114 0.18530 0.62271 0.23268 0.63075 0.25849 0.64450 0.26627 0.65661 0.26617 0.66883 0.25912 0.68107 0.24280 0.68641 0.21120 0.69551 0.18379 0.70542 0.16766 0.71368 0.16451 0.72382 0.16347 0.73225 0.15841 0.73519 0.15132 0.73668 0.14605 0.73725 0.13952 0.73549 0.12430 0.73136 0.10965 0.71537 0.08931 0.69947 0.07672 0.68522 0.06581 0.66996 0.06061 0.64692 0.05898 0.62852 0.06316 0.61840 0.07580 0.61257 0.09539 0.60892 0.11941
4 0.95792 1.00000 0.96363 0.93754 0.97737 0.78053 0.96692 0.76566 0.94367 0.75165 0.91851 0.74482 0.89583 0.74205 0.88629 0.74508 0.84598 0.78174 0.83375 0.78609 0.80834 0.79391 0.78536 0.79151 0.78090 0.81895 0.76581 0.85897 0.76063 0.88286 0.75795 0.91354 0.75900 0.94570 0.76446 0.97748 0.76955 1.00000 0.95792 1.00000
4 0.49903 0.16235 0.49982 0.18869 0.50768 0.19595 0.51275 0.19987 0.51879 0.21624 0.52956 0.24617 0.54630 0.25806 0.56323 0.25298 0.57753 0.24264 0.59595 0.20290 0.60695 0.18608 0.61231 0.18076 0.61481 0.17251 0.61631 0.16449 0.61659 0.15834 0.61496 0.14158 0.60049 0.10090 0.58797 0.08203 0.57401 0.07385 0.55760 0.06701 0.54115 0.07252 0.52855 0.08108 0.50903 0.10101 0.50934 0.13581 0.50267 0.15610 0.49903 0.16235
4 0.00000 0.95791 0.09226 0.96312 0.09672 0.94403 0.11157 0.92261 0.11941 0.91077 0.12302 0.87306 0.12189 0.81177 0.11391 0.78278 0.11385 0.75170 0.08688 0.75259 0.04472 0.73267 0.00680 0.69968 0.00000 0.70017 0.00000 0.95791
4 0.75119 0.39539 0.74660 0.43015 0.74488 0.45280 0.74576 0.47799 0.75943 0.51319 0.76737 0.52548 0.77952 0.53388 0.78399 0.54162 0.79409 0.54095 0.83922 0.52867 0.85810 0.52491 0.86274 0.52185 0.86654 0.51677 0.87709 0.50803 0.88926 0.49557 0.89877 0.47515 0.90240 0.42484 0.90401 0.39176 0.90013 0.36243 0.89535 0.33767 0.88375 0.32005 0.86735 0.30431 0.85514 0.29668 0.82263 0.29731 0.81064 0.30476 0.80118 0.32750 0.78729 0.33904 0.77512 0.34261 0.76174 0.34839 0.76535 0.35722 0.75972 0.37140 0.75119 0.39539
4 0.74241 0.66410 0.74052 0.68867 0.74297 0.72250 0.74807 0.74072 0.75261 0.75658 0.75921 0.76952 0.76589 0.77860 0.77943 0.78868 0.79252 0.79214 0.80994 0.79328 0.83096 0.78854 0.85192 0.77570 0.86854 0.76247 0.88397 0.74798 0.88615 0.74662 0.88474 0.73915 0.89631 0.71582 0.90508 0.69224 0.90877 0.66475 0.91019 0.63976 0.90784 0.57231 0.90007 0.54342 0.88360 0.52846 0.86545 0.52687 0.84475 0.53086 0.78660 0.54471 0.78139 0.56010 0.76123 0.59040 0.75287 0.60937 0.74801 0.63252 0.74241 0.66410
4 0.00118 0.63233 0.00720 0.67537 0.01234 0.68432 0.01277 0.69710 0.01786 0.70953 0.04666 0.73369 0.08514 0.75020 0.10285 0.75097 0.11721 0.74295 0.13193 0.73072 0.14761 0.71045 0.16288 0.68319 0.16755 0.65036 0.16909 0.61804 0.16619 0.59226 0.16064 0.56745 0.16254 0.54869 0.14481 0.52163 0.08939 0.49553 0.07578 0.48043 0.06184 0.48655 0.04554 0.49324 0.02820 0.50293 0.01639 0.52315 0.00891 0.54684 0.00251 0.57874 0.00067 0.62340 0.00118 0.63233
1 0.89281 0.89386 0.89540 0.89365 0.89617 0.88814 0.89777 0.88291 0.89683 0.88068 0.89512 0.88547 0.89403 0.88967 0.89281 0.89386
4 0.39636 0.10506 0.40218 0.12683 0.41223 0.17987 0.42442 0.20837 0.43127 0.22133 0.44457 0.22829 0.45862 0.22373 0.47357 0.20302 0.48820 0.18304 0.49942 0.16083 0.50805 0.13879 0.51090 0.12088 0.50787 0.10246 0.50618 0.08067 0.49915 0.05493 0.49192 0.04040 0.47028 0.03154 0.45360 0.03085 0.44084 0.03245 0.41698 0.05780 0.40335 0.07515 0.39747 0.09241 0.39636 0.10506
