4 0.83700 0.51427 0.82581 0.53247 0.82286 0.53773 0.82698 0.60040 0.83091 0.70514 0.85036 0.74719 0.86116 0.77024 0.86705 0.78723 0.88080 0.79531 0.89357 0.80340 0.89789 0.79733 0.90084 0.75933 0.90162 0.72576 0.89986 0.68047 0.89809 0.65176 0.88729 0.59191 0.87707 0.53773 0.86961 0.52357 0.86234 0.51629 0.84839 0.51023 0.84054 0.51023 0.83700 0.51427
4 0.14267 0.50610 0.13698 0.50651 0.13128 0.51015 0.12126 0.51945 0.10516 0.57242 0.09082 0.64319 0.07962 0.71759 0.07903 0.76693 0.08276 0.79240 0.08767 0.81343 0.09003 0.81909 0.09494 0.82556 0.10339 0.82152 0.11301 0.81303 0.12185 0.80372 0.13462 0.77138 0.14935 0.72770 0.16173 0.70789 0.16664 0.69859 0.17233 0.59507 0.18176 0.53805 0.17430 0.52875 0.15878 0.52025 0.14994 0.51177 0.14267 0.50610
4 0.23008 0.47092 0.21849 0.46688 0.20906 0.47416 0.19787 0.49033 0.19080 0.51055 0.18451 0.52592 0.18215 0.53643 0.17253 0.59304 0.16821 0.68929 0.16919 0.74833 0.17076 0.77744 0.17665 0.79968 0.18353 0.81100 0.19040 0.81545 0.20415 0.81383 0.21830 0.80049 0.23519 0.77218 0.25287 0.72447 0.26563 0.69737 0.27251 0.68929 0.27467 0.65491 0.27290 0.58253 0.27388 0.53036 0.26347 0.50367 0.25090 0.48710 0.24402 0.47901 0.23008 0.47092
4 0.78631 0.48305 0.78230 0.48111 0.77664 0.47674 0.77098 0.47917 0.76156 0.48548 0.75331 0.49373 0.74129 0.50635 0.72809 0.53400 0.72691 0.53789 0.72927 0.60243 0.72761 0.68686 0.73869 0.71355 0.74953 0.73636 0.76391 0.77324 0.77523 0.79459 0.78937 0.81157 0.80752 0.82176 0.81930 0.81545 0.82661 0.79944 0.82967 0.78488 0.83062 0.73296 0.82991 0.68103 0.82779 0.60970 0.82355 0.54856 0.81577 0.52915 0.80823 0.50636 0.80140 0.49858 0.79526 0.48791 0.78631 0.48305
4 0.70306 0.49559 0.69795 0.49276 0.68951 0.49519 0.68538 0.49195 0.68106 0.49195 0.67812 0.48993 0.67478 0.49074 0.67242 0.49397 0.66181 0.49195 0.64139 0.49478 0.63058 0.49599 0.62253 0.50125 0.61880 0.51419 0.61664 0.53036 0.61723 0.60922 0.61330 0.69616 0.62174 0.74388 0.62999 0.75884 0.63824 0.80453 0.64590 0.82111 0.66044 0.83688 0.67851 0.84255 0.68912 0.83891 0.69972 0.82961 0.70915 0.81303 0.71858 0.78229 0.72369 0.73862 0.72683 0.68565 0.72840 0.57485 0.72624 0.53967 0.72329 0.52349 0.71838 0.50934 0.71387 0.50125 0.70306 0.49559
4 0.33340 0.49397 0.32200 0.49316 0.31042 0.49316 0.30099 0.49721 0.28665 0.50125 0.27977 0.51338 0.27545 0.52996 0.27388 0.53603 0.27329 0.58860 0.27585 0.66745 0.27781 0.75197 0.28194 0.78876 0.29313 0.81545 0.31061 0.83972 0.31945 0.84699 0.32888 0.84942 0.33988 0.84335 0.35304 0.82677 0.36777 0.79078 0.37818 0.74671 0.38486 0.70344 0.38388 0.52107 0.37661 0.49963 0.35775 0.49559 0.34479 0.49397 0.33340 0.49397
4 0.54023 0.49197 0.52648 0.49519 0.51725 0.49559 0.51253 0.49761 0.51116 0.49721 0.50841 0.49721 0.50487 0.50085 0.50271 0.50812 0.50134 0.51621 0.50075 0.52430 0.50095 0.54937 0.50095 0.71031 0.50860 0.73822 0.51705 0.78593 0.52884 0.82233 0.53630 0.83567 0.54357 0.84497 0.55241 0.85063 0.55928 0.85791 0.56439 0.86074 0.57166 0.85872 0.57853 0.85346 0.58619 0.83729 0.59817 0.79078 0.60485 0.75843 0.60780 0.74347 0.61251 0.69414 0.61664 0.60477 0.61526 0.52996 0.60878 0.49680 0.60505 0.49316 0.59091 0.49316 0.57970 0.49358 0.55575 0.49155 0.54023 0.49197
4 0.42788 0.49599 0.41531 0.49802 0.39822 0.49802 0.39115 0.50165 0.38781 0.50610 0.38525 0.51621 0.38466 0.52430 0.38623 0.71031 0.39115 0.75075 0.39920 0.79159 0.40686 0.81950 0.41864 0.83729 0.42866 0.84942 0.44025 0.85225 0.44909 0.85306 0.45813 0.84740 0.46893 0.83001 0.47777 0.80979 0.48484 0.78513 0.49053 0.74469 0.49368 0.72568 0.50036 0.70991 0.49937 0.52551 0.49760 0.51783 0.49446 0.50165 0.48700 0.49842 0.46382 0.49599 0.42788 0.49599
4 0.92183 0.74542 0.94045 0.77233 0.95908 0.78242 0.96496 0.77435 0.96660 0.73600 0.96398 0.68958 0.94960 0.61020 0.93523 0.56042 0.91921 0.51737 0.91105 0.50929 0.89830 0.50795 0.88131 0.51198 0.87249 0.52477 0.87804 0.53755 0.89765 0.64586 0.90190 0.72053 0.92183 0.74542
4 0.02652 0.73721 0.03338 0.77556 0.03763 0.78632 0.05168 0.77085 0.06443 0.75067 0.08044 0.72174 0.09024 0.64303 0.10364 0.57374 0.11246 0.53809 0.11998 0.51791 0.10920 0.50849 0.10037 0.50512 0.08534 0.51050 0.05560 0.56298 0.03502 0.65043 0.02750 0.69416 0.02652 0.73721
