4 0.46249 0.39724 0.46588 0.39877 0.46690 0.40224 0.46828 0.40394 0.47003 0.40374 0.47159 0.40209 0.47300 0.40016 0.47636 0.40194 0.47809 0.40367 0.48001 0.40841 0.48327 0.41032 0.48478 0.41164 0.48878 0.41141 0.49215 0.40904 0.49492 0.40817 0.49983 0.41335 0.50042 0.41510 0.50238 0.41543 0.50408 0.41484 0.50459 0.41658 0.50576 0.41864 0.50710 0.41995 0.51092 0.41893 0.51493 0.41533 0.51669 0.41097 0.51331 0.38884 0.50970 0.38120 0.50298 0.37103 0.49436 0.36819 0.47540 0.36749 0.46514 0.36874 0.45802 0.37396 0.45525 0.38468 0.45868 0.39399 0.46249 0.39724
1 0.35200 0.41182 0.35506 0.41016 0.35814 0.40604 0.35958 0.40129 0.36000 0.39807 0.36227 0.39352 0.36341 0.39002 0.36432 0.38661 0.36369 0.38293 0.36360 0.37930 0.36271 0.37745 0.36027 0.37766 0.35538 0.38042 0.35171 0.38424 0.34953 0.38938 0.34803 0.39471 0.34577 0.40066 0.34516 0.40725 0.34497 0.41131 0.34551 0.41207 0.34771 0.41043 0.35053 0.41096 0.35200 0.41182
2 0.55252 0.44383 0.55552 0.44639 0.55835 0.44795 0.56013 0.43455 0.55876 0.41465 0.55571 0.40186 0.55375 0.39563 0.55152 0.39190 0.53977 0.40411 0.53347 0.41241 0.53185 0.41630 0.53294 0.42188 0.53766 0.42504 0.54053 0.42619 0.54444 0.43080 0.54751 0.43630 0.54899 0.44094 0.55252 0.44383
1 0.53893 0.42428 0.53962 0.42503 0.54128 0.42547 0.54313 0.42378 0.54408 0.42327 0.54555 0.42437 0.54594 0.42447 0.54571 0.42067 0.54473 0.41800 0.54266 0.41541 0.53960 0.41354 0.53592 0.41302 0.53414 0.41364 0.53312 0.41475 0.53253 0.41651 0.53307 0.41866 0.53488 0.42075 0.53680 0.42223 0.53893 0.42428
1 0.55895 0.43461 0.55885 0.43128 0.55850 0.42861 0.55766 0.42635 0.55653 0.42509 0.55539 0.42436 0.55435 0.42473 0.55102 0.42722 0.54909 0.42850 0.54881 0.42982 0.55086 0.43267 0.55390 0.43373 0.55602 0.43503 0.55695 0.43609 0.55790 0.43820 0.55873 0.43674 0.55895 0.43461
1 0.55523 0.44387 0.55676 0.44647 0.55821 0.44641 0.55830 0.44345 0.55779 0.44138 0.55717 0.43915 0.55621 0.43715 0.55453 0.43684 0.55239 0.43742 0.55090 0.43747 0.54979 0.43641 0.54928 0.43393 0.54799 0.43467 0.54755 0.43624 0.54830 0.43767 0.54988 0.43980 0.55187 0.44061 0.55395 0.44104 0.55523 0.44387
4 0.31417 0.69698 0.30821 0.69441 0.30245 0.69406 0.29660 0.69539 0.29019 0.70535 0.27975 0.72642 0.28713 0.73860 0.29848 0.75081 0.31285 0.75815 0.31647 0.75166 0.32030 0.73249 0.32119 0.72079 0.32115 0.71379 0.31690 0.69986 0.31417 0.69698
4 0.36438 0.71248 0.35954 0.70912 0.35078 0.70678 0.33906 0.70555 0.33289 0.70658 0.32837 0.70844 0.32421 0.71669 0.31696 0.75689 0.32337 0.76093 0.33209 0.76444 0.34862 0.76851 0.35273 0.76324 0.35553 0.75135 0.36039 0.73967 0.36394 0.73227 0.36637 0.71736 0.36438 0.71248
4 0.43729 0.74155 0.43377 0.74286 0.43311 0.74098 0.43214 0.73867 0.43057 0.73630 0.42809 0.73605 0.42669 0.73616 0.42475 0.73738 0.42306 0.73863 0.42095 0.73970 0.41967 0.73957 0.41853 0.73802 0.41682 0.73616 0.41469 0.73593 0.41087 0.73683 0.40460 0.73967 0.40104 0.74642 0.39748 0.78196 0.44363 0.78745 0.44653 0.77467 0.44715 0.75555 0.44700 0.74957 0.44575 0.74503 0.44456 0.74231 0.44188 0.74061 0.43944 0.74087 0.43729 0.74155
4 0.34424 0.39777 0.34271 0.40656 0.34223 0.42012 0.34282 0.43016 0.34490 0.43505 0.35342 0.44463 0.35596 0.44593 0.37158 0.44472 0.37734 0.44338 0.38206 0.44129 0.38390 0.43940 0.38604 0.43470 0.38696 0.42845 0.38673 0.40509 0.38147 0.39015 0.37621 0.38169 0.37207 0.37503 0.36912 0.37174 0.36437 0.37085 0.35889 0.37274 0.35258 0.37687 0.34956 0.38084 0.34702 0.38860 0.34424 0.39777
4 0.47661 0.73220 0.47290 0.73129 0.47127 0.72866 0.46856 0.72811 0.46081 0.72937 0.45402 0.73060 0.44993 0.73497 0.44753 0.74211 0.44769 0.77271 0.45070 0.78690 0.48628 0.77690 0.48848 0.75847 0.48807 0.75246 0.48782 0.74660 0.48698 0.74055 0.48619 0.73658 0.48498 0.73412 0.48121 0.73294 0.47661 0.73220
4 0.38409 0.73568 0.38185 0.73389 0.37935 0.73298 0.37726 0.73393 0.37518 0.73566 0.37261 0.73953 0.37121 0.73887 0.36894 0.73656 0.36589 0.73598 0.36285 0.73605 0.35856 0.74311 0.35269 0.76440 0.35403 0.76973 0.39673 0.78173 0.40080 0.74626 0.40082 0.74120 0.39890 0.73556 0.39631 0.73217 0.39348 0.73201 0.39022 0.73412 0.38595 0.73770 0.38409 0.73568
4 0.51609 0.45123 0.51631 0.45579 0.52117 0.45980 0.53234 0.46460 0.53589 0.46627 0.53680 0.46831 0.54105 0.46733 0.54663 0.46701 0.55034 0.46545 0.55497 0.45920 0.55726 0.45477 0.55922 0.44759 0.56065 0.43323 0.55893 0.41580 0.55546 0.39781 0.55227 0.38944 0.54453 0.39640 0.53685 0.40609 0.52793 0.41682 0.51744 0.42855 0.51709 0.44174 0.51609 0.45123
