4 0.46125 0.56921 0.46491 0.58561 0.46869 0.59566 0.47467 0.60139 0.48029 0.60263 0.48749 0.60093 0.49238 0.59474 0.49726 0.58097 0.49921 0.56163 0.50043 0.53935 0.49982 0.51352 0.49897 0.50269 0.49567 0.49805 0.48896 0.50052 0.45685 0.50424 0.45575 0.51244 0.45697 0.52822 0.45941 0.54725 0.46125 0.56921
4 0.50788 0.49681 0.50519 0.49681 0.50202 0.49852 0.50031 0.50223 0.50141 0.52636 0.50519 0.55745 0.50776 0.57896 0.51313 0.59273 0.52094 0.59922 0.52985 0.59876 0.53474 0.59536 0.53950 0.58453 0.54560 0.55807 0.54499 0.51367 0.54243 0.49913 0.53156 0.49944 0.51728 0.49898 0.50788 0.49681
4 0.37838 0.44422 0.37751 0.46471 0.37821 0.48053 0.37997 0.48877 0.38366 0.49724 0.38999 0.50102 0.40229 0.50281 0.40809 0.50169 0.41284 0.49991 0.41688 0.49946 0.42233 0.49813 0.42831 0.49100 0.42743 0.47541 0.42708 0.46271 0.42304 0.43620 0.41899 0.41927 0.41372 0.40902 0.40722 0.39966 0.39403 0.39588 0.38840 0.39966 0.38366 0.40969 0.38137 0.42283 0.37838 0.44422
4 0.41315 0.50331 0.41253 0.50408 0.41070 0.51445 0.41131 0.54307 0.41363 0.58035 0.42340 0.60247 0.43011 0.60851 0.43622 0.60851 0.44208 0.60572 0.44660 0.59969 0.45331 0.58298 0.45636 0.56643 0.45697 0.54075 0.45538 0.51414 0.45648 0.50486 0.44623 0.50439 0.43475 0.50223 0.43097 0.49805 0.42279 0.49882 0.41827 0.49944 0.41608 0.50068 0.41315 0.50331
4 0.52546 0.38698 0.51777 0.39533 0.51179 0.40601 0.50727 0.41915 0.50385 0.43493 0.50129 0.45180 0.50129 0.46804 0.50202 0.49202 0.50788 0.49666 0.52241 0.49960 0.54402 0.49867 0.55622 0.49759 0.56648 0.49496 0.57038 0.49093 0.57332 0.48428 0.57454 0.46742 0.57319 0.45102 0.57014 0.43029 0.56709 0.41204 0.56160 0.39579 0.55598 0.38821 0.54597 0.38357 0.53620 0.38264 0.52546 0.38698
4 0.46100 0.38976 0.45587 0.39038 0.45026 0.39363 0.44379 0.39873 0.43902 0.40554 0.43536 0.41513 0.43048 0.43834 0.42743 0.46154 0.42767 0.48242 0.42914 0.49372 0.43158 0.49882 0.43720 0.50315 0.45319 0.50346 0.47284 0.50254 0.49067 0.50037 0.49750 0.49697 0.50031 0.49295 0.50178 0.49233 0.50129 0.46448 0.49750 0.43586 0.49140 0.41606 0.48444 0.40090 0.47809 0.39332 0.46991 0.39054 0.46100 0.38976
4 0.34673 0.51259 0.34332 0.51584 0.34063 0.52156 0.33562 0.54384 0.33306 0.56751 0.33477 0.59103 0.33941 0.60278 0.34454 0.60588 0.34954 0.60634 0.35491 0.60433 0.35870 0.59783 0.36346 0.58654 0.36651 0.57989 0.36871 0.57060 0.36797 0.53812 0.36871 0.51971 0.35943 0.51259 0.35735 0.51027 0.35186 0.50996 0.34673 0.51259
4 0.63777 0.56364 0.64144 0.57958 0.64571 0.59010 0.65279 0.60278 0.66121 0.60558 0.66487 0.59149 0.66951 0.57911 0.67159 0.55761 0.67110 0.54291 0.67000 0.52667 0.66671 0.51367 0.66280 0.50733 0.65975 0.50501 0.64962 0.50501 0.64571 0.50749 0.63692 0.51120 0.63948 0.51925 0.63924 0.53626 0.63777 0.56364
4 0.65902 0.48941 0.66106 0.49421 0.66486 0.49495 0.66894 0.49385 0.67740 0.49902 0.68353 0.49791 0.68737 0.49148 0.69315 0.48054 0.69665 0.45207 0.69607 0.43101 0.69490 0.41770 0.68702 0.40476 0.68207 0.40106 0.67682 0.40550 0.67098 0.41326 0.66661 0.42509 0.66661 0.44505 0.66544 0.46169 0.66077 0.47980 0.65902 0.48941
4 0.67642 0.59594 0.68528 0.60236 0.68908 0.59950 0.69597 0.58221 0.69991 0.56153 0.69752 0.53301 0.69499 0.52232 0.69105 0.51037 0.68570 0.50877 0.68134 0.50716 0.67558 0.50770 0.67164 0.50966 0.66854 0.51019 0.66699 0.51376 0.67009 0.52553 0.67150 0.55886 0.67023 0.58275 0.67642 0.59594
4 0.55244 0.58375 0.55549 0.59226 0.56074 0.59690 0.56880 0.60000 0.57478 0.60123 0.57869 0.59984 0.58638 0.57648 0.59138 0.54430 0.59334 0.52559 0.59309 0.51259 0.59004 0.50254 0.58699 0.49960 0.58357 0.49712 0.57612 0.49620 0.56770 0.49465 0.54853 0.49852 0.54572 0.50408 0.54512 0.50640 0.54792 0.56473 0.55244 0.58375
4 0.59053 0.55962 0.59639 0.57973 0.60066 0.59288 0.60652 0.59907 0.61507 0.60433 0.62007 0.60433 0.62801 0.60031 0.63338 0.58747 0.63753 0.55498 0.63887 0.53951 0.63875 0.52002 0.63594 0.51012 0.63289 0.50486 0.62874 0.49975 0.60774 0.49372 0.59126 0.50594 0.59309 0.51290 0.59321 0.52837 0.59053 0.55962
4 0.31899 0.52063 0.31425 0.53083 0.31120 0.53685 0.31077 0.54286 0.30738 0.55554 0.30628 0.56403 0.30543 0.57971 0.30670 0.58992 0.31035 0.60417 0.31230 0.60835 0.31719 0.61036 0.32049 0.60835 0.32524 0.60325 0.32866 0.59861 0.33367 0.59211 0.33318 0.56704 0.33575 0.54183 0.34010 0.52191 0.33409 0.51600 0.32747 0.51418 0.32273 0.51568 0.31899 0.52063
4 0.58284 0.40013 0.57576 0.43014 0.57295 0.45102 0.57429 0.47036 0.57368 0.48335 0.57759 0.48877 0.59163 0.49202 0.59688 0.49264 0.60579 0.49140 0.61299 0.48908 0.61934 0.48196 0.62276 0.46881 0.62251 0.45427 0.62093 0.43509 0.61751 0.41560 0.61568 0.40152 0.60762 0.38791 0.60262 0.38450 0.59346 0.38543 0.58772 0.39316 0.58284 0.40013
4 0.63680 0.38744 0.63008 0.39750 0.62630 0.40879 0.62056 0.42844 0.62300 0.45628 0.62276 0.46804 0.61958 0.48134 0.63338 0.49125 0.64363 0.49434 0.64803 0.49542 0.65389 0.49310 0.65865 0.48583 0.66060 0.48026 0.66536 0.45675 0.66683 0.43710 0.66475 0.41869 0.66048 0.40152 0.65621 0.38821 0.65108 0.38218 0.64376 0.38249 0.63680 0.38744
4 0.38543 0.49944 0.38214 0.50022 0.37628 0.50408 0.37286 0.51073 0.36956 0.51847 0.36859 0.52125 0.36785 0.55668 0.37115 0.58344 0.37567 0.59891 0.38067 0.60588 0.38824 0.60541 0.40216 0.59814 0.40802 0.58886 0.41144 0.57293 0.41131 0.54833 0.41046 0.52187 0.41058 0.51352 0.41253 0.50455 0.40838 0.50176 0.40106 0.50331 0.38885 0.50115 0.38543 0.49944
4 0.36573 0.41682 0.35887 0.40702 0.35448 0.40078 0.34709 0.39944 0.34305 0.40278 0.33760 0.41169 0.33391 0.42862 0.33180 0.43598 0.33443 0.46716 0.33584 0.48142 0.34059 0.49701 0.34727 0.50481 0.34920 0.50748 0.35448 0.50949 0.36081 0.50637 0.36696 0.50191 0.37118 0.49612 0.37715 0.49211 0.37909 0.48922 0.37733 0.47496 0.37715 0.45536 0.37364 0.43263 0.36573 0.41682
4 0.30856 0.49414 0.31489 0.50662 0.32122 0.50973 0.32807 0.50617 0.33211 0.50416 0.33967 0.49637 0.33528 0.47832 0.33335 0.45627 0.33229 0.43889 0.32913 0.42709 0.32192 0.41595 0.31489 0.41283 0.30803 0.41773 0.30346 0.43488 0.30504 0.47008 0.30838 0.48567 0.30856 0.49414
