4 0.50607 0.47666 0.50184 0.49364 0.49400 0.50391 0.48241 0.50370 0.45486 0.49532 0.45273 0.51609 0.45679 0.54237 0.46487 0.57455 0.49371 0.58795 0.50321 0.58395 0.50859 0.56824 0.51552 0.55421 0.51882 0.53388 0.51637 0.52801 0.51657 0.50513 0.51076 0.50045 0.50607 0.47666
4 0.67941 0.48343 0.68581 0.48812 0.69362 0.49116 0.69953 0.49002 0.70470 0.48636 0.71663 0.43332 0.72698 0.38106 0.73703 0.32258 0.73292 0.29921 0.71825 0.31810 0.69874 0.34396 0.68366 0.36409 0.67942 0.37026 0.67992 0.39814 0.67911 0.42226 0.67722 0.44012 0.67266 0.45377 0.67547 0.47296 0.67941 0.48343
4 0.30374 0.40780 0.29886 0.39524 0.29200 0.40552 0.28639 0.42289 0.28451 0.45198 0.28152 0.51018 0.28353 0.56431 0.30613 0.56387 0.31094 0.54689 0.32003 0.52126 0.32964 0.48856 0.32991 0.46193 0.32592 0.46519 0.32075 0.45761 0.31281 0.44000 0.30374 0.40780
4 0.50633 0.47291 0.51137 0.49922 0.51987 0.50727 0.54548 0.51438 0.56595 0.51223 0.58527 0.50841 0.59825 0.49616 0.60306 0.47960 0.60570 0.46342 0.60839 0.44433 0.60924 0.42936 0.61119 0.37406 0.60256 0.32814 0.59618 0.29974 0.59249 0.28636 0.57962 0.26907 0.57157 0.26893 0.55959 0.28037 0.54747 0.29930 0.53838 0.32494 0.53149 0.35935 0.52075 0.37789 0.51483 0.37986 0.50898 0.41097 0.50730 0.43965 0.50633 0.47291
4 0.39925 0.43984 0.40669 0.46369 0.41272 0.47836 0.42691 0.48693 0.45705 0.49369 0.48344 0.50122 0.49443 0.50183 0.50145 0.49364 0.50377 0.48452 0.50692 0.47293 0.50745 0.41968 0.50611 0.39553 0.50096 0.36423 0.48787 0.32614 0.47502 0.28597 0.46680 0.27251 0.45359 0.26396 0.44135 0.26749 0.42949 0.28310 0.42128 0.30292 0.41133 0.33271 0.40589 0.35217 0.40035 0.38785 0.39925 0.43984
4 0.31041 0.43122 0.31790 0.45215 0.32285 0.46098 0.32635 0.46312 0.33131 0.46071 0.33660 0.44998 0.34163 0.44341 0.34651 0.43393 0.34242 0.40931 0.33893 0.38387 0.33940 0.35725 0.34045 0.34187 0.31939 0.29948 0.31029 0.28060 0.29874 0.26667 0.29065 0.25779 0.28747 0.25982 0.29017 0.29606 0.29334 0.33980 0.29738 0.37857 0.30018 0.39817 0.31041 0.43122
4 0.60195 0.48707 0.59701 0.49988 0.58664 0.50885 0.58494 0.52755 0.58833 0.54716 0.59709 0.56271 0.63838 0.56093 0.64366 0.52857 0.64872 0.47457 0.63873 0.47315 0.62797 0.47088 0.62100 0.46493 0.60987 0.43852 0.60670 0.46219 0.60195 0.48707
4 0.61276 0.37409 0.61059 0.41982 0.60956 0.43353 0.61536 0.45027 0.62297 0.46455 0.62701 0.46920 0.63192 0.46928 0.63664 0.46895 0.64347 0.47198 0.65030 0.47418 0.65406 0.47258 0.66119 0.46938 0.66643 0.46198 0.67047 0.45581 0.67432 0.44881 0.67817 0.43098 0.67922 0.40437 0.67887 0.39063 0.67871 0.34362 0.67388 0.31649 0.66836 0.29517 0.66040 0.28963 0.65263 0.29573 0.64603 0.30269 0.63849 0.31795 0.63072 0.33570 0.62379 0.35015 0.61766 0.36377 0.61276 0.37409
4 0.57937 0.56531 0.58682 0.50969 0.57896 0.50997 0.55431 0.51495 0.52416 0.50901 0.52075 0.53600 0.52136 0.54599 0.53164 0.57571 0.57937 0.56531
4 0.34004 0.38805 0.34398 0.42140 0.34750 0.43353 0.35278 0.44610 0.36101 0.45831 0.36669 0.45966 0.37906 0.45988 0.38641 0.45501 0.39097 0.45260 0.39558 0.44727 0.39841 0.44274 0.40212 0.37665 0.40501 0.35756 0.40392 0.35213 0.39602 0.34367 0.38459 0.31186 0.37750 0.29010 0.36747 0.27993 0.35965 0.27730 0.35208 0.28341 0.34714 0.29664 0.34334 0.32278 0.34033 0.33771 0.34004 0.38805
4 0.40703 0.46661 0.39879 0.44358 0.39273 0.45304 0.38518 0.45790 0.37825 0.46111 0.38157 0.51859 0.38756 0.53534 0.39736 0.57087 0.43922 0.56952 0.44809 0.53431 0.45159 0.51357 0.45178 0.50317 0.44917 0.49480 0.44139 0.49051 0.42239 0.48726 0.41193 0.47876 0.40703 0.46661
4 0.34653 0.43268 0.34387 0.43888 0.34164 0.44258 0.33032 0.46069 0.33005 0.49897 0.33199 0.56765 0.36888 0.57038 0.37228 0.55546 0.38143 0.51567 0.37895 0.48858 0.37666 0.46191 0.37254 0.46184 0.36311 0.46168 0.35636 0.45449 0.34653 0.43268
