4 0.49940 0.47589 0.50002 0.49338 0.49531 0.50541 0.48412 0.50841 0.45532 0.50794 0.45899 0.52849 0.47014 0.55264 0.48678 0.58134 0.51820 0.58627 0.52622 0.57982 0.52707 0.56322 0.52986 0.54783 0.52743 0.52738 0.52345 0.52242 0.51734 0.50037 0.51047 0.49747 0.49940 0.47589
4 0.66790 0.43462 0.67534 0.43736 0.68368 0.43814 0.68905 0.43541 0.69302 0.43047 0.68986 0.37619 0.68540 0.32310 0.67895 0.26412 0.66855 0.24279 0.65966 0.26498 0.64803 0.29523 0.63908 0.31873 0.63671 0.32583 0.64488 0.35250 0.65074 0.37590 0.65385 0.39359 0.65323 0.40797 0.66122 0.42564 0.66790 0.43462
4 0.28593 0.46547 0.27777 0.45474 0.27401 0.46651 0.27341 0.48476 0.27962 0.51324 0.29280 0.57001 0.30964 0.62148 0.33124 0.61483 0.33119 0.59719 0.33286 0.57004 0.33309 0.53596 0.32601 0.51029 0.32307 0.51452 0.31601 0.50866 0.30352 0.49392 0.28593 0.46547
4 0.49862 0.47222 0.51071 0.49611 0.52111 0.50151 0.54768 0.50128 0.56677 0.49358 0.58429 0.48458 0.59339 0.46922 0.59344 0.45198 0.59152 0.43570 0.58885 0.41661 0.58554 0.40199 0.57217 0.34829 0.55122 0.30653 0.53726 0.28098 0.53002 0.26914 0.51289 0.25607 0.50511 0.25816 0.49674 0.27246 0.49031 0.29399 0.48864 0.32114 0.49150 0.35612 0.48629 0.37690 0.48114 0.38043 0.48409 0.41194 0.49038 0.43998 0.49862 0.47222
4 0.38657 0.46994 0.40030 0.49081 0.41014 0.50325 0.42614 0.50758 0.45697 0.50578 0.48442 0.50574 0.49515 0.50330 0.49964 0.49348 0.49935 0.48408 0.49919 0.47207 0.48502 0.42074 0.47707 0.39789 0.46350 0.36922 0.44042 0.33622 0.41699 0.30115 0.40538 0.29047 0.39033 0.28590 0.37954 0.29267 0.37243 0.31093 0.37001 0.33226 0.36866 0.36363 0.36879 0.38383 0.37330 0.41966 0.38657 0.46994
4 0.29879 0.48614 0.31177 0.50420 0.31896 0.51132 0.32291 0.51241 0.32701 0.50873 0.32914 0.49696 0.33216 0.48926 0.33424 0.47880 0.32353 0.45626 0.31316 0.43277 0.30627 0.40705 0.30305 0.39198 0.27111 0.35703 0.25716 0.34139 0.24222 0.33118 0.23199 0.32488 0.22950 0.32770 0.24209 0.36180 0.25719 0.40297 0.27176 0.43912 0.27985 0.45719 0.29879 0.48614
4 0.59443 0.45947 0.59322 0.47314 0.58572 0.48463 0.58924 0.50307 0.59790 0.52099 0.61062 0.53352 0.64981 0.52043 0.64597 0.48787 0.63595 0.43456 0.62595 0.43595 0.61498 0.43673 0.60664 0.43294 0.58867 0.41062 0.59215 0.43424 0.59443 0.45947
4 0.57369 0.34788 0.58420 0.39244 0.58700 0.40590 0.59718 0.42040 0.60843 0.43203 0.61360 0.43538 0.61835 0.43411 0.62279 0.43249 0.63019 0.43352 0.63736 0.43375 0.64054 0.43118 0.64651 0.42613 0.64950 0.41758 0.65168 0.41054 0.65346 0.40274 0.65224 0.38455 0.64592 0.35867 0.64180 0.34557 0.62868 0.30041 0.61656 0.27567 0.60538 0.25670 0.59620 0.25356 0.59041 0.26157 0.58598 0.27008 0.58295 0.28683 0.58037 0.30604 0.57769 0.32183 0.57555 0.33662 0.57369 0.34788
4 0.59429 0.54090 0.58613 0.48538 0.57865 0.48782 0.55633 0.49940 0.52571 0.50200 0.52986 0.52888 0.53321 0.53833 0.55129 0.56406 0.59429 0.54090
4 0.31538 0.43648 0.32836 0.46745 0.33508 0.47814 0.34362 0.48877 0.35491 0.49824 0.36073 0.49797 0.37268 0.49477 0.37841 0.48806 0.38213 0.48449 0.38509 0.47809 0.38657 0.47296 0.37191 0.40841 0.36943 0.38926 0.36689 0.38434 0.35695 0.37839 0.33720 0.35096 0.32439 0.33199 0.31194 0.32499 0.30370 0.32461 0.29811 0.33257 0.29700 0.34665 0.30056 0.37283 0.30178 0.38801 0.31538 0.43648
4 0.40143 0.49353 0.38716 0.47366 0.38394 0.48443 0.37803 0.49118 0.37225 0.49618 0.39128 0.55051 0.40166 0.56496 0.42087 0.59642 0.46074 0.58358 0.45955 0.54729 0.45721 0.52638 0.45452 0.51634 0.44971 0.50901 0.44104 0.50703 0.42188 0.50915 0.40949 0.50386 0.40143 0.49353
4 0.33392 0.47759 0.33307 0.48428 0.33195 0.48845 0.32606 0.50898 0.33635 0.54585 0.35715 0.61134 0.39336 0.60379 0.39252 0.58851 0.39034 0.54775 0.38049 0.52239 0.37094 0.49739 0.36696 0.49845 0.35785 0.50089 0.34938 0.49584 0.33392 0.47759
