4 0.64518 0.34780 0.64899 0.35064 0.65245 0.35675 0.65703 0.36015 0.66063 0.36130 0.66524 0.35927 0.66930 0.35759 0.67169 0.35525 0.67328 0.35454 0.67423 0.35414 0.67576 0.35497 0.67808 0.35418 0.67843 0.34843 0.68029 0.33325 0.68067 0.31027 0.67891 0.29814 0.67418 0.28312 0.67033 0.27843 0.66480 0.27556 0.66053 0.28129 0.65620 0.29198 0.65109 0.30459 0.64730 0.31478 0.64061 0.32331 0.63758 0.32569 0.64090 0.34515 0.64518 0.34780
4 0.59448 0.33693 0.59169 0.34255 0.59448 0.35322 0.59757 0.35284 0.60088 0.35447 0.60360 0.35583 0.60580 0.35459 0.61301 0.36153 0.61666 0.36562 0.62302 0.37231 0.62634 0.37518 0.63634 0.37417 0.63912 0.37289 0.64003 0.36941 0.64073 0.36083 0.64086 0.34857 0.63887 0.33522 0.63418 0.31384 0.63038 0.29937 0.62751 0.29352 0.62223 0.28831 0.61907 0.28884 0.61302 0.29842 0.60806 0.30947 0.60384 0.31829 0.59937 0.32713 0.59448 0.33693
4 0.56843 0.74780 0.56809 0.73589 0.56793 0.72536 0.56625 0.71896 0.56337 0.71296 0.56024 0.71039 0.55695 0.71139 0.55263 0.71293 0.54818 0.71604 0.54470 0.71194 0.54193 0.70872 0.53919 0.70814 0.53696 0.71031 0.53581 0.71365 0.53354 0.71520 0.53163 0.71254 0.52943 0.71037 0.52657 0.70933 0.52260 0.70991 0.51999 0.71475 0.51792 0.72032 0.51797 0.72932 0.51997 0.74034 0.52103 0.75314 0.52041 0.76295 0.52570 0.77763 0.53043 0.78210 0.54300 0.78603 0.56187 0.78874 0.56544 0.78586 0.56809 0.77807 0.56960 0.77037 0.57000 0.76320 0.56960 0.75625 0.56843 0.74780
4 0.47136 0.71893 0.46946 0.71503 0.46708 0.71039 0.46529 0.70834 0.46175 0.70688 0.46096 0.70384 0.45838 0.69968 0.45548 0.69802 0.45249 0.69513 0.44850 0.69075 0.44625 0.68796 0.44447 0.68824 0.44188 0.68982 0.43733 0.69386 0.43464 0.69653 0.43310 0.70610 0.43245 0.71436 0.43253 0.72614 0.43352 0.75197 0.45126 0.76422 0.46710 0.77056 0.47305 0.76890 0.47643 0.75625 0.47574 0.75103 0.47381 0.74109 0.47267 0.73295 0.47411 0.72308 0.47136 0.71893
1 0.46287 0.35399 0.46254 0.35175 0.46241 0.34980 0.46246 0.34943 0.46212 0.34724 0.46026 0.35028 0.45969 0.35369 0.46056 0.35696 0.46164 0.35915 0.46268 0.36045 0.46348 0.36034 0.46411 0.35982 0.46390 0.35878 0.46321 0.35614 0.46287 0.35399
4 0.36875 0.36211 0.37145 0.37524 0.37342 0.37807 0.37577 0.37842 0.38265 0.38014 0.38870 0.37984 0.39810 0.37944 0.40480 0.37859 0.40695 0.37521 0.40782 0.37204 0.40993 0.37087 0.41151 0.37101 0.41199 0.37007 0.41246 0.36810 0.41379 0.36749 0.41435 0.36771 0.41671 0.36238 0.41828 0.35361 0.41832 0.34339 0.41739 0.33894 0.41103 0.33202 0.39862 0.31169 0.38981 0.30093 0.38190 0.29916 0.37489 0.30236 0.36956 0.30817 0.36720 0.31440 0.36649 0.32777 0.36698 0.34556 0.36875 0.36211
4 0.49322 0.72329 0.48628 0.72130 0.47937 0.71635 0.47834 0.71674 0.47601 0.71860 0.47521 0.72129 0.47298 0.73385 0.47683 0.75623 0.48131 0.77220 0.50911 0.78064 0.51093 0.77974 0.51351 0.76282 0.51367 0.73691 0.51359 0.72993 0.51098 0.72546 0.50750 0.72477 0.50058 0.72433 0.49322 0.72329
4 0.62395 0.75664 0.62315 0.74879 0.62347 0.74520 0.62395 0.74036 0.62347 0.73807 0.62245 0.73519 0.62069 0.73345 0.61822 0.73223 0.61492 0.73184 0.61091 0.73305 0.60800 0.73248 0.60102 0.72521 0.59942 0.72579 0.59816 0.72774 0.59524 0.73167 0.59360 0.73162 0.59169 0.73005 0.58913 0.72744 0.58674 0.72730 0.58431 0.72762 0.58107 0.73048 0.57943 0.73525 0.57709 0.74038 0.57575 0.75055 0.57929 0.76364 0.58868 0.77958 0.59337 0.78111 0.60270 0.78201 0.60811 0.77977 0.61594 0.77565 0.62127 0.77110 0.62436 0.76607 0.62511 0.76276 0.62475 0.76000 0.62395 0.75664
1 0.61772 0.33980 0.61767 0.33807 0.61626 0.33209 0.61203 0.32692 0.60949 0.32809 0.60881 0.33050 0.60744 0.33432 0.60735 0.33593 0.61011 0.33686 0.61100 0.33742 0.61287 0.34076 0.61426 0.34004 0.61772 0.33980
2 0.61913 0.34296 0.61787 0.33327 0.61414 0.32562 0.60547 0.32468 0.60452 0.31808 0.59200 0.34191 0.59420 0.35089 0.59603 0.35248 0.60301 0.35509 0.60580 0.35396 0.61699 0.36512 0.62047 0.35992 0.61958 0.35300 0.61913 0.34296
4 0.65444 0.68069 0.64880 0.68310 0.64103 0.68923 0.63149 0.69687 0.62606 0.70361 0.62572 0.71046 0.62536 0.72289 0.62654 0.72932 0.62599 0.73665 0.63228 0.75280 0.64426 0.77182 0.65071 0.76671 0.65490 0.75758 0.65719 0.74346 0.65945 0.72764 0.66038 0.70121 0.65971 0.69273 0.65858 0.68707 0.65702 0.68361 0.65444 0.68069
4 0.67878 0.63975 0.67513 0.63784 0.67121 0.64044 0.66806 0.64454 0.66607 0.64902 0.66364 0.65167 0.66108 0.65371 0.65938 0.65879 0.65805 0.66199 0.65491 0.66391 0.65249 0.66563 0.65003 0.67030 0.64815 0.67508 0.64698 0.67935 0.64667 0.68325 0.65484 0.68051 0.65826 0.68492 0.66041 0.69687 0.66033 0.72029 0.66531 0.73064 0.67386 0.73578 0.68180 0.72732 0.68525 0.72396 0.68864 0.71971 0.69124 0.71472 0.68905 0.68929 0.68610 0.66592 0.68240 0.64803 0.67878 0.63975
4 0.42047 0.33614 0.42027 0.34197 0.41936 0.34850 0.41870 0.35371 0.41914 0.36492 0.42161 0.38465 0.42986 0.38640 0.43296 0.38683 0.43699 0.38396 0.43996 0.38440 0.44170 0.38492 0.44349 0.38506 0.44463 0.38382 0.45137 0.38451 0.45212 0.38743 0.45300 0.39021 0.45482 0.39086 0.45750 0.39002 0.45882 0.38851 0.46008 0.38493 0.46158 0.38392 0.46365 0.38430 0.46467 0.38525 0.46608 0.38787 0.46719 0.38805 0.46843 0.38719 0.47081 0.38522 0.47067 0.37734 0.46835 0.35980 0.46734 0.34927 0.46348 0.34282 0.45658 0.32909 0.44704 0.31567 0.44270 0.30926 0.43773 0.30263 0.43460 0.30181 0.42940 0.30760 0.42570 0.31316 0.42360 0.32429 0.42137 0.33142 0.42047 0.33614
