4 0.27843 0.68210 0.27455 0.67993 0.26750 0.67810 0.25900 0.68354 0.25195 0.69339 0.24853 0.70611 0.24683 0.71993 0.24660 0.73703 0.24708 0.75302 0.24902 0.76648 0.25170 0.78067 0.25583 0.79449 0.26045 0.80394 0.26725 0.81449 0.27090 0.82177 0.27528 0.83195 0.27770 0.83813 0.28305 0.83703 0.28670 0.83703 0.29083 0.83813 0.29593 0.84212 0.29958 0.84466 0.30323 0.85267 0.30638 0.85559 0.31757 0.85668 0.32462 0.84541 0.32632 0.83559 0.32583 0.82940 0.32317 0.82067 0.32365 0.81267 0.32097 0.80758 0.32195 0.80067 0.31587 0.80030 0.32025 0.79012 0.31952 0.78030 0.31757 0.76975 0.32000 0.75738 0.32317 0.74975 0.32875 0.74611 0.33798 0.74539 0.34285 0.74721 0.34650 0.74938 0.34942 0.75157 0.35112 0.75120 0.35112 0.73993 0.34820 0.73012 0.34407 0.72175 0.33750 0.71446 0.33093 0.71085 0.32267 0.70574 0.31417 0.70466 0.30638 0.70284 0.30128 0.70030 0.29667 0.69339 0.29108 0.68828 0.28622 0.68574 0.28112 0.68357 0.27843 0.68210
1 0.36580 0.76990 0.36447 0.76367 0.35565 0.76416 0.34697 0.76342 0.34330 0.76067 0.33697 0.75992 0.33482 0.76416 0.33713 0.76840 0.34413 0.77090 0.35113 0.77339 0.35863 0.77638 0.36580 0.76990
4 0.19312 0.56935 0.18923 0.57808 0.18583 0.59264 0.18437 0.60431 0.18122 0.62429 0.18170 0.64938 0.18317 0.67207 0.18800 0.69875 0.19337 0.72319 0.19943 0.73411 0.20673 0.74721 0.21693 0.75047 0.22958 0.74683 0.23590 0.74065 0.23808 0.73521 0.24052 0.72865 0.24538 0.72394 0.24660 0.71848 0.24853 0.70756 0.25218 0.69446 0.25898 0.68319 0.26872 0.67706 0.28062 0.68142 0.28548 0.66940 0.28937 0.65082 0.29228 0.63484 0.29302 0.62354 0.29400 0.60938 0.29278 0.59885 0.28888 0.58137 0.28305 0.56608 0.27552 0.55626 0.26458 0.54392 0.25510 0.54392 0.24660 0.54863 0.24270 0.55299 0.24538 0.56935 0.23420 0.56499 0.22933 0.56359 0.21840 0.55990 0.20868 0.55845 0.19702 0.56140 0.19312 0.56935
4 0.57887 0.79047 0.58105 0.77559 0.57887 0.76504 0.57303 0.76102 0.56915 0.76030 0.56088 0.76067 0.54775 0.76140 0.51372 0.76030 0.50618 0.75377 0.50327 0.75339 0.49720 0.75521 0.49258 0.75738 0.49137 0.76394 0.49185 0.77157 0.49160 0.79666 0.49403 0.80466 0.50035 0.83013 0.50352 0.85195 0.50838 0.86977 0.56040 0.87232 0.55942 0.86287 0.56112 0.85122 0.56282 0.83668 0.56647 0.82758 0.57037 0.81923 0.57303 0.81012 0.57668 0.80067 0.57887 0.79047
1 0.52413 0.77514 0.53232 0.77464 0.53913 0.77489 0.54315 0.77090 0.53648 0.77015 0.53113 0.76965 0.52197 0.77090 0.51363 0.76965 0.50863 0.76716 0.50513 0.76242 0.50398 0.76067 0.50232 0.76267 0.50180 0.76865 0.50413 0.77364 0.50982 0.77564 0.51697 0.77663 0.52413 0.77514
4 0.33872 0.74539 0.33142 0.74648 0.32827 0.74648 0.32317 0.74865 0.32025 0.75666 0.31903 0.76539 0.31855 0.77012 0.31855 0.77559 0.32073 0.78140 0.32195 0.78903 0.32705 0.80102 0.33872 0.82830 0.34382 0.84177 0.34868 0.85085 0.34747 0.85958 0.35183 0.86933 0.35865 0.88287 0.36327 0.88758 0.38173 0.88651 0.39147 0.87668 0.39608 0.87195 0.39317 0.86541 0.38878 0.86359 0.38660 0.86905 0.38635 0.86576 0.39195 0.84905 0.39705 0.83486 0.39997 0.82394 0.39827 0.81668 0.39875 0.80830 0.40093 0.79958 0.40288 0.78903 0.40458 0.77995 0.40580 0.76903 0.40215 0.76284 0.39705 0.75958 0.37323 0.75920 0.36935 0.75666 0.36522 0.75377 0.35792 0.75302 0.35427 0.75085 0.35135 0.75120 0.34602 0.75012 0.33872 0.74539
4 0.48237 0.75012 0.47630 0.75012 0.47240 0.75195 0.46753 0.75377 0.46073 0.75920 0.45442 0.75992 0.44785 0.76030 0.43983 0.76067 0.43692 0.76466 0.43250 0.76683 0.42720 0.76721 0.42307 0.76721 0.42017 0.76908 0.41455 0.77267 0.41285 0.77122 0.40775 0.77122 0.40580 0.77377 0.40215 0.79741 0.40458 0.80539 0.40677 0.81012 0.41018 0.81923 0.41990 0.84030 0.43352 0.87923 0.48310 0.87631 0.48553 0.86431 0.48625 0.85085 0.48917 0.80539 0.49160 0.79085 0.49112 0.76611 0.48917 0.76067 0.48553 0.75012 0.48237 0.75012
4 0.67367 0.59519 0.67658 0.60718 0.67902 0.61446 0.68217 0.62247 0.68508 0.62646 0.69092 0.63047 0.69602 0.63227 0.70867 0.63192 0.71110 0.63337 0.72107 0.64865 0.72738 0.66539 0.72812 0.67010 0.73710 0.67337 0.74270 0.68175 0.74707 0.68975 0.75557 0.69446 0.76578 0.69920 0.77210 0.69920 0.77697 0.69628 0.78303 0.69229 0.78668 0.68646 0.79082 0.67810 0.79520 0.67157 0.79812 0.66357 0.79860 0.65738 0.79690 0.64828 0.79277 0.64247 0.78912 0.63920 0.79373 0.62536 0.79642 0.61264 0.79642 0.59955 0.79495 0.57918 0.79155 0.56718 0.78645 0.55372 0.77842 0.54244 0.77380 0.53155 0.76603 0.52718 0.76262 0.52608 0.75655 0.51808 0.75363 0.51409 0.74828 0.51045 0.74293 0.50898 0.73613 0.51190 0.73175 0.51736 0.72717 0.52643 0.71583 0.53940 0.71595 0.50790 0.70818 0.51080 0.70185 0.51736 0.69238 0.52282 0.68605 0.52863 0.67902 0.53990 0.67537 0.55007 0.67342 0.56100 0.67293 0.57628 0.67293 0.58646 0.67367 0.59519
1 0.62447 0.71653 0.62030 0.71878 0.61398 0.72526 0.60863 0.72676 0.60398 0.72925 0.60232 0.73374 0.60847 0.73524 0.61830 0.73000 0.62398 0.72676 0.62713 0.72352 0.62763 0.71878 0.62447 0.71653
1 0.10810 0.40713 0.10077 0.40564 0.09310 0.41561 0.09543 0.42761 0.09477 0.44107 0.09510 0.44805 0.10210 0.44257 0.10477 0.43559 0.10943 0.42761 0.11112 0.41711 0.10810 0.40713
1 0.63447 0.82751 0.63530 0.81678 0.64113 0.78636 0.64580 0.77065 0.64997 0.76142 0.65148 0.75070 0.64830 0.73549 0.64430 0.74920 0.63880 0.76317 0.63097 0.78037 0.62530 0.79284 0.61830 0.80357 0.61982 0.80955 0.62363 0.81379 0.62597 0.82601 0.62947 0.83349 0.63447 0.82751
1 0.15382 0.39813 0.14615 0.40264 0.14147 0.41312 0.14515 0.42910 0.15382 0.43658 0.15548 0.44756 0.16082 0.44706 0.16517 0.43808 0.16483 0.42110 0.16383 0.40913 0.15815 0.40165 0.15382 0.39813
1 0.16750 0.38267 0.16983 0.38666 0.17450 0.39165 0.17817 0.39215 0.17950 0.38815 0.17717 0.38616 0.17317 0.38067 0.17283 0.37718 0.16917 0.37566 0.16750 0.38267
1 0.61613 0.83873 0.61447 0.83125 0.60997 0.82950 0.59982 0.82875 0.59447 0.81803 0.59047 0.80656 0.58697 0.79908 0.58663 0.78860 0.58232 0.78212 0.58065 0.78411 0.57697 0.80406 0.58330 0.82052 0.58997 0.83075 0.59732 0.84421 0.60347 0.85269 0.60847 0.85170 0.61347 0.84945 0.61613 0.83873
4 0.83895 0.22895 0.83555 0.22387 0.83067 0.22244 0.82467 0.21771 0.82050 0.21122 0.81270 0.20713 0.80175 0.20421 0.79568 0.20349 0.78717 0.20676 0.77842 0.21112 0.77357 0.21840 0.76870 0.22676 0.76360 0.23658 0.75970 0.24968 0.75898 0.25805 0.75850 0.26858 0.75630 0.27696 0.75508 0.28569 0.75485 0.29222 0.75437 0.29623 0.75242 0.30424 0.74755 0.31259 0.74440 0.32352 0.74197 0.32970 0.74027 0.34025 0.73857 0.35297 0.74075 0.36972 0.74390 0.37771 0.74902 0.38751 0.75193 0.38933 0.75242 0.39297 0.75557 0.39698 0.75917 0.40349 0.76408 0.40352 0.76895 0.41080 0.77235 0.41484 0.78450 0.40571 0.78790 0.39623 0.79033 0.39080 0.79617 0.38933 0.80347 0.39262 0.82047 0.41224 0.82777 0.43334 0.83505 0.43224 0.84308 0.43262 0.85110 0.43479 0.85498 0.43953 0.86423 0.44357 0.87443 0.44207 0.88440 0.43589 0.89120 0.42716 0.90117 0.39623 0.90677 0.38314 0.91113 0.37589 0.91697 0.37479 0.92037 0.36132 0.92013 0.33990 0.91162 0.32387 0.90312 0.29698 0.89462 0.27481 0.88488 0.25985 0.87200 0.24968 0.85863 0.23953 0.85232 0.23299 0.84552 0.23259 0.84260 0.23332 0.84017 0.23259 0.83895 0.22895
4 0.66540 0.81267 0.67172 0.82686 0.68143 0.83449 0.69335 0.83741 0.70453 0.83559 0.71085 0.82830 0.71815 0.82067 0.72350 0.81047 0.72667 0.79950 0.72983 0.78728 0.73005 0.77411 0.72860 0.75377 0.72787 0.73810 0.72957 0.71374 0.72982 0.69010 0.72738 0.67047 0.72520 0.65773 0.71783 0.64215 0.71067 0.63217 0.70217 0.63217 0.69310 0.63374 0.68873 0.63738 0.68338 0.63628 0.67755 0.63955 0.67197 0.64793 0.66540 0.66175 0.65200 0.67406 0.63617 0.69327 0.63162 0.70247 0.63720 0.70247 0.64300 0.70948 0.65057 0.73192 0.65178 0.75157 0.64983 0.76175 0.65130 0.76865 0.65592 0.78175 0.66297 0.79521 0.66540 0.81267
1 0.70398 0.82776 0.71747 0.81354 0.72580 0.79384 0.72697 0.76666 0.72530 0.74172 0.71982 0.75070 0.71247 0.76441 0.70280 0.78162 0.69547 0.79334 0.68513 0.79559 0.67663 0.78387 0.67097 0.76466 0.66447 0.74820 0.65513 0.74147 0.65197 0.73623 0.65232 0.75170 0.65113 0.76591 0.65747 0.78362 0.66482 0.80032 0.67213 0.81603 0.68232 0.82501 0.69065 0.83175 0.70398 0.82776
4 0.71498 0.49631 0.71668 0.49808 0.71863 0.49953 0.72033 0.50426 0.72107 0.51155 0.72178 0.51444 0.72348 0.51521 0.72787 0.51591 0.73200 0.51334 0.73540 0.50972 0.74148 0.50972 0.75120 0.51080 0.75582 0.51444 0.75607 0.51444 0.76190 0.52611 0.77040 0.52973 0.77405 0.53337 0.77915 0.54536 0.78547 0.55267 0.79107 0.55337 0.79642 0.55703 0.80370 0.56030 0.81440 0.56210 0.82168 0.56172 0.82607 0.55813 0.83020 0.55155 0.83093 0.54753 0.83238 0.54172 0.83700 0.53157 0.84017 0.52536 0.84430 0.51663 0.84552 0.49848 0.84260 0.47992 0.83627 0.45666 0.83142 0.44499 0.82363 0.42317 0.81950 0.41155 0.81100 0.40025 0.80492 0.39297 0.79883 0.39042 0.79495 0.38933 0.79130 0.39080 0.78767 0.39661 0.78645 0.40207 0.78547 0.40571 0.78133 0.40788 0.77867 0.41047 0.77527 0.41264 0.77187 0.41516 0.77088 0.41843 0.76895 0.41771 0.76603 0.41771 0.76233 0.41471 0.75900 0.40973 0.75750 0.41621 0.75120 0.41843 0.75023 0.41880 0.74488 0.41953 0.74367 0.41264 0.74483 0.40000 0.73933 0.39850 0.73297 0.40753 0.72543 0.41953 0.71742 0.43406 0.71352 0.44574 0.71110 0.45589 0.70867 0.46753 0.71012 0.47992 0.71352 0.48716 0.71498 0.49302 0.71498 0.49631
4 0.14145 0.52661 0.14145 0.55586 0.14465 0.57636 0.15632 0.59339 0.16478 0.60387 0.16915 0.60299 0.17178 0.59601 0.17587 0.59514 0.17788 0.60167 0.18375 0.59863 0.18520 0.59339 0.18783 0.58334 0.19103 0.57244 0.19425 0.56721 0.19775 0.56065 0.20533 0.55803 0.21292 0.55716 0.21875 0.55890 0.22837 0.56152 0.23420 0.56459 0.24033 0.55890 0.24528 0.54800 0.25372 0.54494 0.25170 0.53883 0.24762 0.53446 0.24908 0.53272 0.25345 0.52793 0.25928 0.51963 0.26278 0.50392 0.26367 0.48908 0.26192 0.47731 0.25783 0.46900 0.25225 0.45810 0.24762 0.44763 0.23945 0.44020 0.22983 0.43713 0.22692 0.44282 0.20825 0.45329 0.16740 0.47075 0.15895 0.47075 0.15165 0.47598 0.14873 0.48080 0.14582 0.48865 0.14262 0.50915 0.14145 0.52661
4 0.07990 0.43192 0.08137 0.43803 0.08515 0.45200 0.08632 0.45985 0.09012 0.46945 0.09595 0.47337 0.10178 0.47598 0.10703 0.48384 0.10440 0.48865 0.10528 0.49693 0.10848 0.50524 0.11462 0.50611 0.12307 0.50436 0.13387 0.49868 0.14173 0.49040 0.14787 0.48646 0.14990 0.47686 0.15778 0.47120 0.16712 0.47075 0.17850 0.46638 0.19892 0.45810 0.21203 0.45067 0.22662 0.44239 0.23653 0.41838 0.24150 0.40180 0.24178 0.38564 0.23828 0.36032 0.23303 0.34506 0.22720 0.33982 0.23070 0.33501 0.22633 0.32105 0.21700 0.29835 0.21350 0.28047 0.20592 0.26606 0.19950 0.25733 0.19425 0.24993 0.18987 0.24818 0.18200 0.24993 0.17237 0.25429 0.16740 0.25953 0.16595 0.27304 0.15428 0.27915 0.15078 0.28264 0.14640 0.29880 0.14348 0.29182 0.14203 0.28264 0.13882 0.27262 0.13823 0.26389 0.13387 0.25516 0.12773 0.25254 0.10615 0.25953 0.09450 0.26559 0.08662 0.27479 0.08195 0.28833 0.07787 0.30534 0.07670 0.32935 0.07698 0.35596 0.07495 0.36993 0.07407 0.39481 0.07523 0.41227 0.07670 0.42319 0.07990 0.43192
2 0.82065 0.41132 0.82882 0.43302 0.83498 0.43177 0.84398 0.43277 0.85132 0.43352 0.85632 0.44050 0.86548 0.44374 0.87415 0.43800 0.87932 0.42454 0.87315 0.41855 0.86548 0.42279 0.85798 0.41756 0.84732 0.39835 0.83648 0.37940 0.82882 0.37267 0.83315 0.36120 0.83365 0.34873 0.82548 0.34873 0.81832 0.35771 0.81182 0.35795 0.80382 0.35147 0.79265 0.34574 0.78332 0.34549 0.77215 0.35696 0.76932 0.36693 0.76748 0.38140 0.76265 0.39162 0.75798 0.39785 0.75932 0.40185 0.76482 0.40309 0.77215 0.41307 0.77965 0.40858 0.78415 0.40459 0.79015 0.39037 0.79765 0.38863 0.80482 0.39137 0.82065 0.41132
4 0.65155 0.75085 0.65008 0.73085 0.64182 0.70865 0.63720 0.70357 0.63113 0.70357 0.62772 0.70648 0.62383 0.70830 0.61775 0.71157 0.61143 0.71192 0.60682 0.71411 0.60220 0.71628 0.59685 0.72102 0.59175 0.72319 0.58615 0.72466 0.58373 0.72501 0.57862 0.72501 0.57400 0.72683 0.56890 0.73267 0.56452 0.73920 0.56452 0.74683 0.56550 0.75958 0.56647 0.75958 0.57037 0.75958 0.57473 0.76067 0.57790 0.76648 0.58032 0.77521 0.58082 0.78140 0.57643 0.80431 0.58762 0.83085 0.60147 0.85631 0.60537 0.86249 0.62383 0.85923 0.63015 0.85013 0.63745 0.83559 0.63817 0.81813 0.64060 0.79703 0.64328 0.77813 0.64838 0.76611 0.65155 0.75085
2 0.81640 0.56269 0.82642 0.55858 0.83092 0.54823 0.83165 0.53788 0.82162 0.53374 0.81018 0.52082 0.79915 0.50738 0.79393 0.49187 0.78050 0.47998 0.76563 0.47170 0.75803 0.45359 0.74832 0.44738 0.72865 0.45825 0.73073 0.48152 0.73142 0.50738 0.74007 0.50788 0.74525 0.50788 0.75595 0.51461 0.76357 0.52546 0.77462 0.53012 0.78292 0.55132 0.78978 0.55237 0.79808 0.55960 0.81640 0.56269
2 0.93737 0.18626 0.94017 0.13454 0.92875 0.10920 0.91905 0.09369 0.91562 0.12005 0.90768 0.13145 0.87170 0.15367 0.85860 0.15317 0.83922 0.17177 0.82992 0.19244 0.82850 0.21055 0.84235 0.22090 0.85377 0.21830 0.85960 0.22606 0.87412 0.23279 0.89523 0.23332 0.91390 0.23693 0.92565 0.22918 0.93637 0.21416 0.93737 0.18626
4 0.79058 0.14603 0.78767 0.16057 0.78815 0.17367 0.78863 0.18202 0.78985 0.19112 0.79422 0.19875 0.79982 0.20312 0.82168 0.21040 0.82655 0.21040 0.83360 0.21514 0.83748 0.21913 0.84575 0.22132 0.85037 0.22095 0.85450 0.22095 0.85815 0.22569 0.87200 0.23222 0.88537 0.23404 0.89777 0.23514 0.90603 0.23913 0.91283 0.24022 0.92305 0.23476 0.93155 0.22239 0.93690 0.21222 0.93933 0.18130 0.93958 0.15584 0.94007 0.13476 0.93593 0.11002 0.93398 0.09693 0.92840 0.08202 0.92378 0.06638 0.92183 0.06020 0.91892 0.05402 0.91138 0.04127 0.90748 0.03691 0.89825 0.03364 0.88828 0.02818 0.88123 0.02382 0.87127 0.02092 0.86228 0.02092 0.84967 0.01920 0.84235 0.01873 0.83797 0.02382 0.83578 0.02673 0.83822 0.03728 0.82947 0.03728 0.81925 0.04092 0.81293 0.04491 0.80783 0.05003 0.80297 0.05948 0.79592 0.07584 0.79252 0.09219 0.79203 0.11731 0.79252 0.13549 0.79058 0.14603
2 0.72698 0.65758 0.72982 0.66955 0.73665 0.67130 0.74465 0.68327 0.75332 0.69100 0.76132 0.69150 0.77198 0.69224 0.77932 0.68701 0.78682 0.67354 0.79515 0.65010 0.79098 0.64436 0.77982 0.65185 0.76732 0.64860 0.75548 0.63888 0.74498 0.64611 0.73365 0.64137 0.72215 0.62915 0.71648 0.61643 0.71765 0.60222 0.72082 0.58751 0.71748 0.57603 0.70815 0.58202 0.70482 0.59025 0.70015 0.58451 0.69598 0.59125 0.69348 0.60272 0.68765 0.61170 0.68015 0.61444 0.68232 0.62117 0.68682 0.62915 0.69365 0.63090 0.70165 0.62915 0.70865 0.63040 0.71348 0.63464 0.72065 0.64511 0.72698 0.65758
2 0.15645 0.46895 0.16677 0.47000 0.19558 0.45776 0.22653 0.44180 0.23472 0.41785 0.21872 0.41040 0.21445 0.40402 0.20555 0.39496 0.19915 0.38803 0.19203 0.38324 0.18563 0.38963 0.17958 0.39923 0.16607 0.40027 0.15895 0.39708 0.15218 0.39656 0.14863 0.39761 0.14183 0.40823 0.14223 0.42105 0.13155 0.43753 0.12870 0.46576 0.12053 0.47534 0.10808 0.48810 0.10843 0.50514 0.12622 0.50195 0.14507 0.48970 0.14898 0.47905 0.15645 0.46895
2 0.17287 0.25254 0.17003 0.24830 0.16920 0.23559 0.16720 0.22486 0.15853 0.21888 0.15020 0.22312 0.14170 0.22661 0.13187 0.24032 0.12670 0.24980 0.13470 0.25404 0.13853 0.25977 0.14137 0.27025 0.14120 0.28122 0.14437 0.28197 0.15237 0.27898 0.16103 0.27499 0.16770 0.26451 0.17287 0.25254
1 0.42748 0.78686 0.43248 0.78187 0.42948 0.77938 0.42532 0.77913 0.42332 0.78187 0.41932 0.78237 0.41765 0.78137 0.41582 0.77863 0.41298 0.77963 0.41348 0.78461 0.41615 0.78835 0.42332 0.78910 0.42748 0.78686
2 0.24090 0.55419 0.24608 0.54688 0.25328 0.54215 0.25043 0.53696 0.24608 0.53352 0.24120 0.52446 0.23457 0.50853 0.22308 0.50681 0.21642 0.51800 0.20952 0.53352 0.20260 0.54860 0.18705 0.56369 0.17697 0.57703 0.17725 0.59212 0.17957 0.59945 0.18330 0.59384 0.18677 0.58307 0.19195 0.56885 0.19915 0.56110 0.20922 0.55636 0.22650 0.55938 0.23485 0.56195 0.24090 0.55419
2 0.06540 0.18845 0.06173 0.16900 0.05840 0.16249 0.05840 0.18347 0.05773 0.20843 0.05973 0.23090 0.06273 0.24287 0.07240 0.24539 0.08275 0.23589 0.08142 0.22142 0.07842 0.20444 0.07140 0.19895 0.06540 0.18845
2 0.24378 0.72441 0.24640 0.72052 0.25130 0.69726 0.25993 0.68434 0.26743 0.67658 0.27603 0.67830 0.28037 0.67960 0.28413 0.66925 0.28757 0.65030 0.28757 0.63781 0.28673 0.62531 0.27895 0.61928 0.27463 0.62142 0.27262 0.63090 0.26567 0.64686 0.25415 0.66409 0.24205 0.66753 0.22563 0.69080 0.21617 0.71666 0.21328 0.73561 0.21905 0.74855 0.23200 0.74596 0.23978 0.73431 0.24378 0.72441
1 0.14717 0.35910 0.13400 0.36808 0.12800 0.37382 0.12767 0.38205 0.13367 0.38354 0.14300 0.37431 0.15150 0.37157 0.15933 0.36633 0.15767 0.36010 0.14717 0.35910
1 0.11545 0.31277 0.11212 0.31277 0.11078 0.31726 0.12312 0.32526 0.13080 0.33175 0.13447 0.33424 0.13313 0.32676 0.12545 0.31776 0.11545 0.31277
1 0.26938 0.60249 0.26405 0.60028 0.26038 0.60224 0.26172 0.60800 0.26622 0.61471 0.27022 0.62219 0.27288 0.62219 0.27272 0.61845 0.27238 0.60873 0.26938 0.60249
4 0.05433 0.15127 0.05287 0.16399 0.05165 0.17818 0.05312 0.20327 0.05433 0.22910 0.05433 0.23965 0.05652 0.25274 0.06040 0.26219 0.06527 0.27456 0.07135 0.28182 0.08350 0.27783 0.09177 0.26691 0.10245 0.26000 0.11048 0.25783 0.12117 0.25529 0.12725 0.25309 0.13333 0.25419 0.13795 0.26219 0.13965 0.26800 0.13965 0.27638 0.14158 0.28257 0.14792 0.28037 0.15667 0.27673 0.16128 0.27456 0.16347 0.27309 0.16613 0.26402 0.16882 0.25636 0.17440 0.25165 0.17927 0.24873 0.18583 0.24800 0.19217 0.24738 0.19725 0.24182 0.19847 0.23165 0.19750 0.22763 0.20090 0.22145 0.20357 0.21309 0.20747 0.19890 0.20648 0.18908 0.20138 0.17344 0.19725 0.16800 0.19190 0.16327 0.19068 0.15491 0.19263 0.14618 0.19507 0.13853 0.19507 0.12870 0.19190 0.11671 0.18923 0.10362 0.18437 0.08943 0.17343 0.07489 0.16200 0.06908 0.15180 0.06688 0.13770 0.07125 0.11850 0.07598 0.10003 0.08145 0.08860 0.08544 0.07985 0.09416 0.06770 0.11489 0.06065 0.13416 0.05433 0.15127
