4 0.94669 0.45146 0.93602 0.46455 0.92268 0.47437 0.90813 0.47728 0.89892 0.47073 0.88995 0.46783 0.87297 0.46346 0.86400 0.46237 0.85649 0.46528 0.85309 0.46783 0.84606 0.48965 0.84121 0.50456 0.84242 0.54165 0.86037 0.55693 0.87952 0.57330 0.88631 0.58020 0.90159 0.58530 0.91395 0.58566 0.92123 0.58348 0.93311 0.57657 0.94451 0.56966 0.95348 0.56057 0.96318 0.55148 0.97555 0.54456 0.97967 0.54020 0.98815 0.53147 0.98985 0.47983 0.98379 0.44382 0.97094 0.43982 0.96560 0.42964 0.95785 0.43000 0.94669 0.45146
4 0.09598 0.28191 0.06979 0.28235 0.04535 0.28541 0.03313 0.29064 0.02731 0.29631 0.02207 0.31028 0.01916 0.31988 0.02178 0.34781 0.02207 0.36571 0.01422 0.40630 0.00898 0.42812 0.00607 0.44863 0.00578 0.46827 0.00665 0.47874 0.00723 0.48354 0.03488 0.49227 0.04535 0.49053 0.05495 0.49402 0.06543 0.49489 0.07649 0.49446 0.09278 0.48703 0.10209 0.47962 0.10937 0.46827 0.12246 0.45998 0.13381 0.45474 0.14050 0.45081 0.14196 0.44776 0.15651 0.36571 0.13614 0.32861 0.12479 0.30286 0.11344 0.28628 0.09598 0.28191
4 0.55232 0.36623 0.54087 0.36345 0.52942 0.36219 0.51645 0.36724 0.50180 0.37658 0.49035 0.38871 0.48058 0.40033 0.47014 0.41497 0.45970 0.41750 0.44370 0.41775 0.44101 0.43821 0.43495 0.46069 0.42838 0.47231 0.42165 0.48317 0.42821 0.49580 0.43647 0.48595 0.43983 0.48089 0.44522 0.48089 0.44994 0.48519 0.45886 0.50287 0.47351 0.52156 0.48631 0.53267 0.50332 0.54126 0.51561 0.54429 0.52588 0.54403 0.53464 0.54555 0.54171 0.54277 0.54845 0.53747 0.55973 0.52560 0.57118 0.51221 0.57657 0.50337 0.57791 0.49832 0.58162 0.47711 0.58212 0.45589 0.57876 0.42558 0.57252 0.40260 0.56663 0.38543 0.55788 0.37280 0.55232 0.36623
4 0.22430 0.31508 0.20830 0.30941 0.20044 0.30810 0.18997 0.30941 0.17920 0.31770 0.16727 0.33516 0.16087 0.35480 0.15127 0.39887 0.14399 0.42943 0.14341 0.45343 0.14807 0.47525 0.15389 0.48485 0.17978 0.49838 0.20248 0.50056 0.22343 0.49664 0.24555 0.48485 0.25137 0.48049 0.26272 0.47656 0.27232 0.46521 0.27814 0.45561 0.27930 0.38666 0.26621 0.37357 0.25748 0.35043 0.24380 0.33210 0.22430 0.31508
4 0.39184 0.32128 0.37500 0.30688 0.36338 0.29703 0.35092 0.29450 0.34065 0.29450 0.32954 0.30056 0.31758 0.30764 0.30798 0.32026 0.29754 0.34476 0.29249 0.36244 0.28441 0.39048 0.27969 0.41700 0.27935 0.45614 0.28356 0.48140 0.28643 0.49074 0.29754 0.50160 0.30765 0.50539 0.32280 0.52534 0.33408 0.53418 0.34705 0.53570 0.36557 0.53191 0.37904 0.52661 0.39218 0.51474 0.40211 0.50716 0.41020 0.49832 0.41389 0.49175 0.42215 0.48039 0.43007 0.46726 0.43764 0.45134 0.44169 0.43468 0.44387 0.41447 0.43815 0.40083 0.42400 0.37052 0.40717 0.34527 0.39184 0.32128
4 0.66918 0.38719 0.65352 0.38719 0.64190 0.39098 0.63348 0.39906 0.62069 0.40992 0.61142 0.41598 0.60267 0.42280 0.59560 0.42760 0.58852 0.42887 0.57960 0.42811 0.58195 0.45640 0.58162 0.47938 0.57741 0.49857 0.57825 0.50110 0.59172 0.51322 0.60065 0.52585 0.61328 0.53393 0.62675 0.53898 0.64173 0.54656 0.64897 0.55010 0.65773 0.54429 0.66918 0.53545 0.68686 0.52509 0.69495 0.51777 0.70168 0.50312 0.70488 0.49378 0.70707 0.48595 0.70589 0.43291 0.69579 0.41119 0.68653 0.39654 0.67811 0.38770 0.66918 0.38719
4 0.53692 0.54544 0.52382 0.54471 0.52770 0.59890 0.53934 0.61308 0.55850 0.63345 0.56868 0.64727 0.58056 0.66582 0.59390 0.67273 0.60869 0.67382 0.62106 0.66982 0.62930 0.66364 0.63659 0.65271 0.64166 0.63199 0.64530 0.61052 0.64918 0.59673 0.65330 0.59235 0.65404 0.58546 0.65452 0.54798 0.65452 0.54726 0.64773 0.54907 0.62567 0.53925 0.61718 0.53562 0.61330 0.53562 0.59972 0.52543 0.58905 0.51161 0.57790 0.50288 0.57571 0.50470 0.56456 0.52107 0.55268 0.53162 0.54468 0.54071 0.53692 0.54544
4 0.83033 0.37103 0.81855 0.36724 0.80861 0.37330 0.79009 0.37608 0.77830 0.37482 0.75675 0.38745 0.74412 0.39654 0.73317 0.41396 0.72391 0.42508 0.71296 0.43366 0.70690 0.43518 0.70707 0.49428 0.71869 0.50817 0.73233 0.51827 0.73704 0.51878 0.74361 0.51322 0.74445 0.51777 0.74479 0.52257 0.74546 0.52459 0.74950 0.52459 0.75136 0.52333 0.75254 0.52358 0.75388 0.53242 0.75506 0.53646 0.75843 0.53292 0.76045 0.52509 0.76180 0.51954 0.76433 0.51449 0.76752 0.51070 0.77072 0.50817 0.77173 0.51878 0.77274 0.52257 0.77392 0.52459 0.77695 0.52534 0.78941 0.51878 0.80103 0.50337 0.80895 0.50640 0.81316 0.50817 0.81888 0.51726 0.82360 0.51751 0.82629 0.51701 0.82815 0.51575 0.83252 0.50489 0.83842 0.50388 0.84313 0.50186 0.85509 0.46271 0.86351 0.41649 0.86267 0.40008 0.85812 0.38618 0.84886 0.37861 0.84010 0.37229 0.83033 0.37103
4 0.19744 0.60363 0.21102 0.61017 0.21975 0.60545 0.22799 0.59272 0.23551 0.57999 0.24181 0.57162 0.24011 0.54253 0.24060 0.51634 0.24642 0.50470 0.25442 0.49234 0.26679 0.47815 0.27915 0.46506 0.27649 0.45888 0.26800 0.47161 0.26436 0.47634 0.25612 0.47961 0.25030 0.48070 0.24060 0.48725 0.22581 0.49452 0.21150 0.49997 0.19064 0.49997 0.17949 0.49743 0.16519 0.49052 0.17270 0.54107 0.18216 0.57635 0.18701 0.59090 0.19744 0.60363
4 0.66692 0.53705 0.65499 0.54578 0.65528 0.58594 0.68030 0.62128 0.69922 0.63743 0.71697 0.64615 0.73908 0.65094 0.75916 0.64792 0.77661 0.64048 0.79902 0.63043 0.81473 0.62346 0.82667 0.60601 0.83248 0.58768 0.84092 0.54403 0.83889 0.50388 0.83219 0.50650 0.82725 0.51654 0.82055 0.51785 0.81706 0.51436 0.81328 0.50825 0.80979 0.50694 0.80164 0.50345 0.78913 0.51916 0.78447 0.52221 0.77923 0.52439 0.77574 0.52570 0.77283 0.52439 0.77138 0.51916 0.77138 0.51479 0.77051 0.50912 0.76730 0.51086 0.76527 0.51305 0.76119 0.52134 0.75974 0.52876 0.75799 0.53399 0.75567 0.53661 0.75421 0.53530 0.75363 0.53050 0.75217 0.52309 0.75159 0.52309 0.75072 0.52396 0.74926 0.52527 0.74490 0.52527 0.74490 0.52134 0.74403 0.51872 0.74373 0.51305 0.74053 0.51566 0.73908 0.51697 0.73646 0.51872 0.72919 0.51610 0.72453 0.51304 0.71667 0.50606 0.70503 0.49384 0.69718 0.51261 0.69340 0.51916 0.68874 0.52396 0.66692 0.53705
4 0.91229 0.35416 0.90454 0.36098 0.89629 0.37184 0.88602 0.38371 0.87945 0.39280 0.86463 0.40088 0.86093 0.43372 0.85453 0.46453 0.86480 0.46225 0.88871 0.46705 0.90084 0.47210 0.90875 0.47741 0.92290 0.47387 0.93671 0.46377 0.94732 0.44962 0.95439 0.43599 0.95860 0.42967 0.96415 0.43043 0.97207 0.44053 0.98335 0.44306 0.98588 0.43801 0.98554 0.42665 0.98133 0.41300 0.97240 0.37942 0.95843 0.32183 0.94563 0.32335 0.93553 0.33446 0.92441 0.34330 0.91229 0.35416
4 0.24133 0.51525 0.24109 0.54980 0.24448 0.57308 0.25566 0.60762 0.26993 0.63526 0.28451 0.65781 0.30777 0.67200 0.32380 0.67891 0.34268 0.67309 0.35602 0.66218 0.36621 0.65454 0.37593 0.63163 0.38272 0.59162 0.38512 0.58835 0.38127 0.55889 0.38248 0.54216 0.38415 0.53744 0.38127 0.53343 0.37957 0.52543 0.37278 0.52980 0.36305 0.53307 0.34805 0.53489 0.33420 0.53453 0.31458 0.51707 0.30728 0.50616 0.29300 0.49816 0.28451 0.48906 0.28231 0.47815 0.27964 0.46543 0.26485 0.48106 0.25321 0.49343 0.24545 0.50470 0.24133 0.51525
4 0.10071 0.60145 0.11283 0.61054 0.12205 0.60872 0.13175 0.60145 0.14145 0.57962 0.15115 0.53053 0.15551 0.52107 0.16182 0.51707 0.16545 0.51380 0.16545 0.49052 0.15527 0.48506 0.14872 0.47706 0.14436 0.46252 0.14242 0.44906 0.13708 0.45451 0.12132 0.46179 0.10920 0.46906 0.09707 0.48506 0.08398 0.49270 0.07428 0.49561 0.08762 0.55889 0.09222 0.57526 0.09392 0.58653 0.10071 0.60145
1 0.96298 0.50478 0.96489 0.50532 0.96715 0.50175 0.96798 0.49765 0.96619 0.49551 0.96572 0.49231 0.96453 0.48714 0.96215 0.48838 0.96156 0.49569 0.96156 0.50015 0.95989 0.50674 0.96298 0.50478
4 0.42831 0.49598 0.42491 0.49598 0.42152 0.49525 0.41764 0.49561 0.41279 0.49779 0.40794 0.50361 0.40333 0.50870 0.39945 0.51780 0.39727 0.52180 0.39581 0.52507 0.39048 0.52871 0.38587 0.53453 0.38393 0.53780 0.38223 0.54798 0.38320 0.56617 0.38514 0.59090 0.40139 0.61745 0.41594 0.63891 0.42443 0.65637 0.43753 0.67310 0.44916 0.68000 0.45959 0.68691 0.47001 0.69091 0.47826 0.69382 0.48384 0.69346 0.49426 0.68437 0.50227 0.67418 0.51560 0.63272 0.52142 0.60981 0.52554 0.59890 0.52288 0.54835 0.52215 0.54435 0.51196 0.54435 0.50081 0.54107 0.48456 0.53235 0.46977 0.51780 0.45425 0.49598 0.44916 0.48543 0.44383 0.48070 0.44092 0.48106 0.43728 0.48616 0.43437 0.48979 0.42831 0.49598
