2 0.60689 0.57685 0.60253 0.58089 0.59401 0.58948 0.57525 0.59327 0.56275 0.63923 0.56938 0.65439 0.57317 0.67813 0.57790 0.68949 0.58492 0.69480 0.59117 0.69707 0.60442 0.69581 0.60916 0.69732 0.61447 0.68015 0.61768 0.66626 0.62356 0.66373 0.63341 0.66070 0.64003 0.66247 0.63795 0.65237 0.63852 0.64151 0.63606 0.62408 0.63720 0.60640 0.64003 0.57786 0.63322 0.57458 0.61333 0.57433 0.60689 0.57685
4 0.54009 0.40532 0.53008 0.41714 0.52395 0.42472 0.51531 0.43290 0.51054 0.43987 0.50713 0.44593 0.50417 0.45048 0.50008 0.45351 0.49372 0.45957 0.48894 0.46776 0.48485 0.47776 0.48326 0.48927 0.48349 0.49988 0.48690 0.51019 0.49258 0.51655 0.50054 0.52382 0.50645 0.52473 0.51190 0.52837 0.51508 0.52837 0.52236 0.53110 0.52736 0.53110 0.52736 0.53292 0.52986 0.53746 0.53690 0.54292 0.53804 0.54443 0.54327 0.54231 0.54782 0.54140 0.54963 0.53746 0.55282 0.53443 0.55623 0.53534 0.56418 0.53383 0.56714 0.52928 0.56827 0.52625 0.57168 0.52231 0.57555 0.51958 0.58100 0.51716 0.58305 0.51322 0.58305 0.51019 0.58214 0.50958 0.58373 0.50806 0.58600 0.50897 0.58760 0.51140 0.58941 0.51200 0.59328 0.50958 0.59487 0.50655 0.59487 0.50412 0.59782 0.50200 0.60078 0.49897 0.60350 0.49443 0.60578 0.48867 0.60646 0.48594 0.60851 0.47867 0.60919 0.47200 0.60942 0.46018 0.61169 0.44927 0.61305 0.43836 0.61169 0.42048 0.60851 0.41108 0.60260 0.40138 0.60055 0.39684 0.59168 0.38926 0.57987 0.38714 0.56623 0.38774 0.55122 0.39653 0.54009 0.40532
4 0.12830 0.66881 0.12545 0.68169 0.12753 0.69457 0.13095 0.70240 0.13322 0.71073 0.13663 0.71124 0.14383 0.70871 0.14723 0.70669 0.15235 0.70467 0.15841 0.70442 0.16542 0.70796 0.17035 0.71427 0.18133 0.73902 0.18417 0.74129 0.18720 0.74357 0.21581 0.73953 0.22509 0.73574 0.23437 0.72589 0.24119 0.71048 0.24422 0.69735 0.24232 0.68346 0.20899 0.66022 0.18872 0.63850 0.17451 0.62613 0.15840 0.60920 0.15140 0.61198 0.14667 0.63522 0.13530 0.65290 0.12830 0.66881
4 0.56465 0.62913 0.56218 0.63923 0.56389 0.64378 0.56692 0.64959 0.56957 0.65515 0.57033 0.66247 0.57241 0.67207 0.57412 0.67990 0.57810 0.68924 0.58113 0.69278 0.58700 0.69657 0.59268 0.69758 0.59647 0.69682 0.60575 0.69606 0.60783 0.70035 0.60878 0.70364 0.61333 0.71020 0.61768 0.71273 0.62450 0.71525 0.62962 0.71500 0.63606 0.71273 0.64003 0.71046 0.64799 0.70490 0.65273 0.70237 0.65841 0.69808 0.66333 0.69530 0.66788 0.69783 0.67300 0.69758 0.67489 0.70288 0.67660 0.70743 0.68209 0.71046 0.68682 0.71071 0.69497 0.71020 0.70046 0.70945 0.70349 0.70414 0.70577 0.69758 0.70955 0.68899 0.71069 0.67914 0.71258 0.65868 0.71296 0.62155 0.70917 0.59276 0.71069 0.58569 0.70539 0.58064 0.69175 0.57281 0.68815 0.57357 0.67830 0.57559 0.66750 0.57761 0.65670 0.57230 0.65273 0.57357 0.64932 0.57534 0.64326 0.57660 0.63568 0.57534 0.62659 0.57433 0.61901 0.57433 0.60954 0.57483 0.60405 0.57811 0.59685 0.58746 0.59306 0.59024 0.58453 0.59200 0.57507 0.59428 0.57127 0.60438 0.56900 0.61196 0.56465 0.62913
4 0.23486 0.85442 0.23524 0.83295 0.23581 0.80618 0.23657 0.78521 0.23979 0.76653 0.24225 0.74455 0.23998 0.74102 0.23808 0.74001 0.23524 0.73925 0.22994 0.73849 0.22634 0.73874 0.22520 0.73975 0.20645 0.74127 0.18258 0.74354 0.17785 0.74379 0.16800 0.74430 0.15852 0.74607 0.14792 0.74834 0.14318 0.75339 0.14091 0.76375 0.13826 0.79633 0.13542 0.84406 0.16307 0.85366 0.19262 0.85795 0.23486 0.85442
2 0.49713 0.47326 0.49686 0.49174 0.50240 0.50652 0.50628 0.51355 0.50989 0.51466 0.51710 0.51577 0.52513 0.51614 0.53290 0.51614 0.55092 0.51244 0.55813 0.51207 0.55535 0.51872 0.55230 0.53129 0.56340 0.52390 0.57587 0.51466 0.59167 0.50468 0.59943 0.49026 0.60470 0.47289 0.60470 0.44997 0.60332 0.43481 0.60027 0.41522 0.59694 0.40561 0.58613 0.40192 0.57920 0.39933 0.56672 0.41079 0.55757 0.41300 0.54648 0.41633 0.54094 0.41707 0.53096 0.41707 0.52458 0.42557 0.51515 0.43297 0.50407 0.45219 0.49713 0.47326
4 0.34927 0.80012 0.35268 0.76577 0.35098 0.73394 0.34927 0.73066 0.34132 0.73016 0.33279 0.72915 0.32503 0.72814 0.31480 0.73066 0.28184 0.73066 0.27161 0.73117 0.26100 0.73293 0.24869 0.73293 0.24377 0.73420 0.23713 0.78572 0.23562 0.85366 0.34170 0.84255 0.34510 0.82967 0.34927 0.80012
2 0.43060 0.43102 0.43154 0.44642 0.43715 0.45016 0.44963 0.45224 0.46149 0.45016 0.47397 0.44974 0.48240 0.44018 0.48427 0.42478 0.49332 0.41022 0.51266 0.39899 0.51672 0.38609 0.51422 0.37278 0.50923 0.36488 0.50080 0.35364 0.48988 0.34407 0.47709 0.33950 0.46960 0.34407 0.46399 0.35239 0.45150 0.37028 0.44090 0.38984 0.43247 0.41189 0.43060 0.43102
4 0.41951 0.42816 0.42228 0.43149 0.42866 0.45404 0.43531 0.45514 0.44446 0.45477 0.45361 0.46143 0.46415 0.46402 0.47413 0.45921 0.48133 0.44701 0.48438 0.42890 0.49325 0.41264 0.51488 0.39785 0.51876 0.38750 0.51793 0.37345 0.51017 0.35830 0.50323 0.34055 0.48605 0.33168 0.47329 0.32910 0.44252 0.35978 0.42672 0.39157 0.42007 0.41374 0.41951 0.42816
4 0.45667 0.81552 0.45687 0.80592 0.45895 0.78951 0.45990 0.77158 0.45781 0.76425 0.43811 0.74607 0.43413 0.74506 0.42940 0.74506 0.41197 0.73773 0.40061 0.73243 0.39455 0.73041 0.38413 0.73218 0.37276 0.73546 0.36386 0.73849 0.35893 0.74051 0.35515 0.75061 0.35079 0.78648 0.34283 0.84255 0.41671 0.83244 0.45781 0.82360 0.45667 0.81552
