4 0.42140 0.63282 0.42546 0.61675 0.42924 0.60978 0.42932 0.59937 0.42829 0.59469 0.42211 0.58744 0.41137 0.58174 0.39539 0.57752 0.37258 0.57386 0.36823 0.57340 0.36332 0.57339 0.35935 0.57247 0.35211 0.57374 0.34636 0.57694 0.34263 0.58340 0.33802 0.59181 0.33286 0.61996 0.32880 0.65865 0.32771 0.68189 0.33241 0.74994 0.33941 0.76388 0.35156 0.77227 0.36657 0.77436 0.37842 0.76798 0.38923 0.75693 0.40011 0.73877 0.41363 0.70997 0.41593 0.70742 0.42140 0.63282
4 0.21760 0.55687 0.22029 0.55837 0.23367 0.54698 0.24836 0.53481 0.24863 0.53027 0.24348 0.51936 0.24075 0.51054 0.23645 0.50705 0.23203 0.50658 0.22221 0.51103 0.21050 0.51620 0.19990 0.52819 0.19076 0.53973 0.17479 0.55633 0.16459 0.57415 0.15807 0.59175 0.15243 0.61066 0.14924 0.63715 0.14936 0.64173 0.15841 0.64268 0.17136 0.63734 0.18484 0.63083 0.18651 0.62461 0.19144 0.60867 0.19916 0.59120 0.20738 0.57103 0.21760 0.55687
4 0.70538 0.46021 0.70969 0.45976 0.72350 0.46182 0.73208 0.45937 0.75124 0.45102 0.75775 0.44713 0.76361 0.44348 0.76722 0.43624 0.77294 0.43014 0.77547 0.42156 0.78261 0.39611 0.78672 0.37246 0.78968 0.33468 0.78794 0.30677 0.78581 0.28064 0.77964 0.25622 0.77280 0.23813 0.76715 0.23205 0.75669 0.22913 0.74567 0.23345 0.73626 0.24374 0.72027 0.26644 0.69443 0.29968 0.69521 0.33085 0.69323 0.37483 0.69187 0.38779 0.68926 0.41068 0.68384 0.43906 0.68674 0.44820 0.69003 0.45555 0.70027 0.46059 0.70538 0.46021
4 0.20934 0.56972 0.19941 0.58696 0.19232 0.60602 0.18533 0.63393 0.18154 0.65060 0.17987 0.67236 0.17787 0.69135 0.17847 0.70300 0.18216 0.71436 0.19091 0.71802 0.20127 0.71027 0.21294 0.69595 0.22203 0.68289 0.22997 0.67306 0.24330 0.66410 0.24684 0.63430 0.25268 0.60383 0.25970 0.58537 0.27037 0.57278 0.26594 0.55889 0.26271 0.55674 0.26265 0.55155 0.25835 0.53830 0.25529 0.53462 0.25189 0.53213 0.24926 0.53399 0.22069 0.55842 0.21727 0.55806 0.20934 0.56972
4 0.33029 0.22728 0.32468 0.24041 0.32044 0.25012 0.31755 0.26480 0.31427 0.27664 0.30965 0.32060 0.30580 0.36845 0.30595 0.38319 0.30678 0.39623 0.30906 0.40511 0.31339 0.40992 0.32364 0.41781 0.32935 0.42146 0.33129 0.42395 0.34437 0.42837 0.35434 0.43171 0.36491 0.43297 0.37047 0.43289 0.37708 0.43282 0.38156 0.43203 0.38652 0.43001 0.38975 0.42502 0.39263 0.42176 0.39433 0.41686 0.39866 0.40309 0.40725 0.32299 0.41456 0.27754 0.40780 0.25168 0.39109 0.22225 0.38333 0.20746 0.37602 0.20136 0.36824 0.19800 0.35965 0.19761 0.34956 0.20341 0.34007 0.21155 0.33540 0.21893 0.33029 0.22728
4 0.84498 0.39413 0.85531 0.36352 0.85748 0.35247 0.85787 0.33911 0.86184 0.30905 0.86430 0.29529 0.86620 0.26562 0.86551 0.24513 0.86184 0.23561 0.85738 0.23361 0.85223 0.23429 0.83932 0.24117 0.82950 0.24958 0.81708 0.26138 0.81089 0.27200 0.80283 0.28487 0.78962 0.30237 0.78891 0.30717 0.79010 0.33839 0.78473 0.38749 0.77693 0.41928 0.77806 0.42397 0.78570 0.43239 0.79244 0.43981 0.80398 0.44406 0.80980 0.44468 0.81575 0.44225 0.82262 0.43871 0.83294 0.42364 0.83678 0.41612 0.84498 0.39413
4 0.74082 0.75376 0.74426 0.74523 0.74802 0.73521 0.74983 0.72448 0.75388 0.70205 0.75662 0.67593 0.75664 0.65003 0.75225 0.62417 0.74888 0.61112 0.74536 0.60592 0.74057 0.60161 0.73545 0.59549 0.72889 0.58870 0.72615 0.58740 0.72280 0.58222 0.71531 0.58093 0.70923 0.58080 0.70103 0.58476 0.69112 0.59210 0.68532 0.59733 0.68495 0.60085 0.68292 0.60571 0.68087 0.60905 0.68349 0.61796 0.68491 0.64477 0.68353 0.65784 0.68075 0.68751 0.67623 0.71446 0.67903 0.73127 0.68026 0.73241 0.68661 0.74450 0.69516 0.75175 0.70585 0.76278 0.72094 0.77224 0.73109 0.77229 0.73581 0.76440 0.74082 0.75376
4 0.43803 0.22266 0.43164 0.23327 0.42684 0.24221 0.42196 0.25572 0.41769 0.26929 0.41205 0.29399 0.40762 0.32064 0.40082 0.38149 0.39946 0.41182 0.39977 0.42435 0.40146 0.43336 0.40268 0.43968 0.40476 0.44559 0.41025 0.45410 0.41263 0.45465 0.41944 0.45750 0.43105 0.46115 0.45721 0.46669 0.47403 0.46963 0.48641 0.46972 0.51063 0.46739 0.51792 0.46572 0.51900 0.46705 0.52410 0.46484 0.52913 0.46537 0.53465 0.46108 0.53843 0.45162 0.53964 0.44453 0.54138 0.43770 0.54264 0.43144 0.54404 0.42397 0.54918 0.35381 0.55019 0.32100 0.54908 0.29681 0.54541 0.27174 0.53830 0.25240 0.52961 0.23077 0.51733 0.21424 0.50868 0.20571 0.49894 0.19981 0.48369 0.19607 0.47098 0.19718 0.45859 0.20106 0.45188 0.20492 0.44540 0.21247 0.43803 0.22266
4 0.23384 0.22045 0.23116 0.24277 0.22964 0.26039 0.23043 0.30440 0.23167 0.32485 0.23487 0.35566 0.23947 0.37468 0.24232 0.38616 0.24405 0.39396 0.24511 0.39991 0.24664 0.40312 0.24910 0.40541 0.25291 0.40784 0.26174 0.40597 0.26985 0.40454 0.28181 0.39539 0.28978 0.38886 0.29543 0.38183 0.30204 0.37212 0.30538 0.36612 0.30883 0.31874 0.31489 0.26757 0.30032 0.22896 0.28789 0.20226 0.27777 0.18748 0.26721 0.18002 0.25805 0.17855 0.25128 0.18012 0.24556 0.18460 0.24216 0.18958 0.23868 0.20343 0.23384 0.22045
4 0.54550 0.80180 0.55209 0.79868 0.55962 0.79312 0.57285 0.76226 0.58548 0.72905 0.59436 0.68325 0.59792 0.63005 0.59605 0.61233 0.59238 0.59899 0.58215 0.59969 0.57096 0.59978 0.56139 0.59751 0.55168 0.59801 0.54465 0.59728 0.53222 0.59800 0.52469 0.59873 0.51922 0.59765 0.51633 0.59937 0.51282 0.60535 0.50445 0.68015 0.50287 0.72748 0.50412 0.73650 0.50740 0.75843 0.51155 0.77537 0.51919 0.79446 0.52474 0.79961 0.53059 0.80353 0.53843 0.80461 0.54550 0.80180
4 0.42399 0.62269 0.42197 0.63390 0.41613 0.70871 0.41769 0.73097 0.42432 0.75808 0.43094 0.77883 0.44122 0.79058 0.44777 0.79584 0.45690 0.79756 0.46412 0.79655 0.47997 0.77459 0.49088 0.75618 0.49558 0.75008 0.49841 0.73767 0.50108 0.72678 0.50399 0.67655 0.50892 0.62475 0.51126 0.60570 0.51037 0.60129 0.50821 0.59929 0.48346 0.59643 0.46065 0.59276 0.45246 0.59342 0.44583 0.59527 0.44154 0.59583 0.43738 0.59997 0.43359 0.60389 0.43092 0.60995 0.42781 0.61369 0.42399 0.62269
4 0.32765 0.68087 0.32853 0.65481 0.33370 0.61040 0.33796 0.59079 0.34340 0.58095 0.34286 0.57480 0.34033 0.57148 0.33614 0.56622 0.33045 0.56079 0.32378 0.55501 0.31584 0.55164 0.31152 0.55245 0.30178 0.55498 0.29270 0.55759 0.29026 0.55657 0.28722 0.55980 0.28214 0.56460 0.27418 0.57113 0.26536 0.57935 0.25828 0.59028 0.25186 0.60789 0.24594 0.64486 0.24379 0.67180 0.24416 0.69241 0.24392 0.72210 0.24683 0.75237 0.25322 0.76244 0.26720 0.76315 0.27701 0.75834 0.28511 0.75056 0.29175 0.74059 0.30167 0.72995 0.31392 0.71803 0.32163 0.70106 0.32765 0.68087
4 0.18515 0.28745 0.19121 0.32491 0.19438 0.34785 0.19570 0.35789 0.19846 0.36860 0.20189 0.37302 0.21173 0.37126 0.21668 0.36924 0.22373 0.36338 0.22946 0.35712 0.23355 0.35374 0.23401 0.35252 0.23071 0.32272 0.22946 0.29110 0.22935 0.26797 0.22909 0.25118 0.20741 0.20294 0.19936 0.19092 0.19631 0.18781 0.19445 0.18939 0.19237 0.19628 0.18841 0.20653 0.18644 0.21242 0.18356 0.22532 0.18262 0.25519 0.18515 0.28745
4 0.82498 0.70036 0.82548 0.68594 0.82370 0.66747 0.81943 0.64848 0.81350 0.63084 0.80672 0.61641 0.79604 0.59726 0.78869 0.58506 0.78163 0.57975 0.77931 0.57925 0.77478 0.58207 0.77181 0.58455 0.76512 0.58868 0.76373 0.59056 0.75795 0.59731 0.75438 0.60228 0.75160 0.60452 0.74895 0.60883 0.75298 0.62371 0.75569 0.64127 0.75717 0.66428 0.75564 0.69815 0.77505 0.73092 0.78824 0.75034 0.79904 0.75553 0.80926 0.75331 0.81593 0.74461 0.81709 0.73838 0.81752 0.73436 0.81971 0.72799 0.82254 0.71559 0.82498 0.70036
4 0.62308 0.47594 0.62928 0.47690 0.63695 0.47161 0.64045 0.47106 0.66179 0.46721 0.67113 0.46332 0.67503 0.46099 0.67699 0.45784 0.68114 0.44731 0.68465 0.43518 0.68892 0.41003 0.69270 0.37599 0.69480 0.32898 0.69228 0.28727 0.68537 0.24662 0.67773 0.22662 0.66428 0.21149 0.65152 0.20923 0.63529 0.20905 0.61960 0.21533 0.59806 0.23470 0.58921 0.24931 0.57489 0.27158 0.56674 0.29114 0.55474 0.32797 0.54929 0.35086 0.54435 0.42867 0.54431 0.44847 0.54741 0.45763 0.55161 0.46600 0.55603 0.46646 0.56755 0.46889 0.58692 0.47214 0.59529 0.47363 0.60252 0.47439 0.62308 0.47594
4 0.60943 0.77499 0.61676 0.78414 0.63426 0.79157 0.64701 0.78783 0.65479 0.78154 0.65978 0.77267 0.66578 0.74942 0.67574 0.71746 0.67943 0.69525 0.68447 0.64727 0.68323 0.61565 0.68014 0.60796 0.67869 0.60247 0.67314 0.59884 0.66998 0.59673 0.66474 0.59669 0.65212 0.59435 0.64525 0.59363 0.63435 0.59426 0.61736 0.59806 0.60626 0.59740 0.60307 0.60037 0.60137 0.60527 0.59775 0.61555 0.59882 0.62785 0.59450 0.67870 0.58818 0.72273 0.59091 0.72733 0.59793 0.74585 0.60943 0.77499
