4 0.39598 0.78680 0.40710 0.77922 0.41669 0.76710 0.42561 0.74790 0.43605 0.71785 0.43807 0.71507 0.43572 0.64031 0.43807 0.62390 0.44110 0.61657 0.44009 0.60622 0.43858 0.60167 0.43168 0.59510 0.42040 0.59056 0.40407 0.58803 0.38100 0.58677 0.37662 0.58677 0.37174 0.58727 0.36770 0.58677 0.36063 0.58879 0.35524 0.59258 0.35221 0.59940 0.34851 0.60824 0.34632 0.63678 0.34632 0.67567 0.34767 0.69891 0.35945 0.76609 0.36787 0.77922 0.38083 0.78629 0.39598 0.78680
4 0.18752 0.67094 0.20024 0.66306 0.20125 0.65670 0.20449 0.64033 0.21035 0.62214 0.21640 0.60123 0.22509 0.58608 0.22792 0.58729 0.24004 0.57456 0.25338 0.56092 0.25318 0.55637 0.24691 0.54607 0.24327 0.53758 0.23863 0.53455 0.23418 0.53455 0.22489 0.54001 0.21378 0.54638 0.20449 0.55941 0.19661 0.57183 0.18246 0.59002 0.17418 0.60881 0.16953 0.62699 0.16590 0.64639 0.16549 0.67306 0.16610 0.67760 0.17519 0.67760 0.18752 0.67094
4 0.67909 0.36835 0.67888 0.39138 0.67646 0.42017 0.68030 0.42896 0.68434 0.43594 0.69505 0.43987 0.70010 0.43896 0.70434 0.43806 0.71828 0.43867 0.72656 0.43533 0.74475 0.42502 0.75081 0.42048 0.75626 0.41623 0.75909 0.40866 0.76414 0.40199 0.76576 0.39320 0.77020 0.36713 0.77182 0.34319 0.77081 0.30531 0.76616 0.27773 0.76131 0.25197 0.75262 0.22833 0.74394 0.21105 0.73768 0.20560 0.72697 0.20378 0.71646 0.20923 0.70818 0.22045 0.69465 0.24470 0.67242 0.28046 0.67646 0.31137 0.67909 0.35532 0.67909 0.36835
4 0.26368 0.56335 0.26025 0.56001 0.25661 0.55789 0.25418 0.56001 0.22833 0.58729 0.22489 0.58729 0.21822 0.59972 0.21014 0.61790 0.20509 0.63760 0.20105 0.66609 0.19903 0.68306 0.19964 0.70488 0.19964 0.72398 0.20146 0.73549 0.20630 0.74640 0.21540 0.74913 0.22489 0.74034 0.23499 0.72489 0.24267 0.71094 0.24954 0.70034 0.26186 0.69003 0.26227 0.66003 0.26489 0.62911 0.26994 0.61002 0.27924 0.59638 0.27338 0.58303 0.26994 0.58123 0.26934 0.57608 0.26368 0.56335
4 0.34548 0.21596 0.33740 0.21343 0.32881 0.21394 0.31938 0.22076 0.31080 0.22985 0.30693 0.23768 0.30271 0.24652 0.29851 0.26016 0.29531 0.27026 0.29396 0.28516 0.29194 0.29728 0.29194 0.34148 0.29312 0.38947 0.29480 0.40412 0.29699 0.41700 0.30019 0.42558 0.30500 0.42991 0.31601 0.43670 0.32208 0.43973 0.32427 0.44200 0.33773 0.44503 0.34800 0.44730 0.35864 0.44746 0.36417 0.44680 0.37073 0.44604 0.37511 0.44478 0.37982 0.44225 0.38252 0.43695 0.38504 0.43341 0.38622 0.42836 0.38908 0.41422 0.38925 0.33365 0.39178 0.28769 0.38235 0.26268 0.36265 0.23515 0.35339 0.22126 0.34548 0.21596
4 0.79647 0.41260 0.80232 0.41260 0.80798 0.40957 0.81445 0.40532 0.82313 0.38926 0.82616 0.38138 0.83202 0.35865 0.83909 0.32713 0.84010 0.31591 0.83909 0.30258 0.83990 0.27227 0.84091 0.25833 0.83970 0.22863 0.83687 0.20832 0.83222 0.19923 0.82758 0.19772 0.82253 0.19893 0.81041 0.20711 0.80152 0.21651 0.79040 0.22954 0.78535 0.24075 0.77869 0.25439 0.76738 0.27318 0.76717 0.27803 0.77162 0.30895 0.77142 0.35835 0.76697 0.39078 0.76858 0.39532 0.77707 0.40290 0.78455 0.40957 0.79647 0.41260
4 0.71115 0.72366 0.72041 0.72997 0.73219 0.73982 0.74819 0.74765 0.75829 0.74664 0.76216 0.73831 0.76603 0.72720 0.76856 0.71835 0.77125 0.70800 0.77192 0.69714 0.77361 0.67441 0.77361 0.64814 0.77091 0.62238 0.76384 0.59713 0.75913 0.58450 0.75509 0.57970 0.74987 0.57591 0.74415 0.57035 0.73690 0.56429 0.73404 0.56328 0.73017 0.55848 0.72259 0.55798 0.71653 0.55848 0.70879 0.56328 0.69970 0.57162 0.69448 0.57742 0.69448 0.58096 0.69296 0.58601 0.69128 0.58955 0.69482 0.59814 0.69903 0.62465 0.69903 0.63779 0.69936 0.66759 0.69768 0.69487 0.70222 0.71128 0.70357 0.71229 0.71115 0.72366
4 0.46757 0.20157 0.45201 0.19945 0.43948 0.20187 0.42757 0.20702 0.42130 0.21157 0.41564 0.21975 0.40938 0.23066 0.40413 0.24187 0.40029 0.25127 0.39686 0.26521 0.39403 0.27915 0.39100 0.30431 0.38938 0.33128 0.38898 0.39250 0.39080 0.42281 0.39241 0.43524 0.39504 0.44403 0.39691 0.45019 0.39959 0.45584 0.40595 0.46373 0.40837 0.46403 0.41544 0.46615 0.42736 0.46858 0.45396 0.47135 0.47100 0.47251 0.48332 0.47130 0.50716 0.46645 0.51423 0.46403 0.51545 0.46524 0.52030 0.46251 0.52535 0.46251 0.53040 0.45767 0.53316 0.44787 0.53363 0.44069 0.53464 0.43372 0.53524 0.42736 0.53585 0.41978 0.53363 0.34947 0.53120 0.31674 0.52757 0.29279 0.52130 0.26824 0.51221 0.24975 0.50130 0.22915 0.48736 0.21399 0.47787 0.20642 0.46757 0.20157
4 0.23504 0.20611 0.22578 0.20560 0.21921 0.20787 0.21399 0.21293 0.21113 0.21823 0.20911 0.23237 0.20608 0.24980 0.20574 0.27228 0.20608 0.28996 0.21147 0.33365 0.21483 0.35386 0.22123 0.38416 0.22780 0.40260 0.23184 0.41371 0.23436 0.42129 0.23605 0.42710 0.23790 0.43013 0.24059 0.43215 0.24463 0.43417 0.25322 0.43139 0.26113 0.42912 0.27207 0.41877 0.27931 0.41144 0.28420 0.40386 0.28975 0.39351 0.29245 0.38720 0.29093 0.33971 0.29160 0.28819 0.27308 0.25132 0.25793 0.22606 0.24632 0.21242 0.23504 0.20611
4 0.53437 0.75624 0.54027 0.77265 0.54986 0.79084 0.55592 0.79539 0.56215 0.79867 0.57006 0.79892 0.57680 0.79539 0.58303 0.79160 0.58993 0.78528 0.59986 0.75321 0.60895 0.71886 0.61300 0.67239 0.61098 0.61910 0.60727 0.60167 0.60222 0.58879 0.59212 0.59056 0.58101 0.59182 0.57124 0.59056 0.56165 0.59208 0.55457 0.59208 0.54228 0.59410 0.53488 0.59561 0.52932 0.59510 0.52663 0.59713 0.52377 0.60344 0.52326 0.67870 0.52663 0.72593 0.52882 0.73477 0.53437 0.75624
4 0.45609 0.60041 0.45188 0.60142 0.44817 0.60597 0.44481 0.61026 0.44279 0.61657 0.44009 0.62061 0.43723 0.62996 0.43639 0.64132 0.43841 0.71633 0.44228 0.73831 0.45171 0.76457 0.46046 0.78453 0.47191 0.79513 0.47898 0.79968 0.48824 0.80044 0.49531 0.79867 0.50878 0.77518 0.51771 0.75573 0.52175 0.74917 0.52326 0.73654 0.52478 0.72543 0.52242 0.67517 0.52191 0.62314 0.52225 0.60395 0.52090 0.59965 0.51855 0.59788 0.49363 0.59763 0.47057 0.59637 0.46248 0.59788 0.45609 0.60041
4 0.30524 0.78023 0.31248 0.77165 0.31804 0.76104 0.32679 0.74942 0.33773 0.73629 0.34362 0.71861 0.34750 0.69790 0.34565 0.67188 0.34615 0.62718 0.34834 0.60723 0.35272 0.59687 0.35154 0.59081 0.34868 0.58778 0.34396 0.58298 0.33773 0.57818 0.33049 0.57313 0.32224 0.57061 0.31804 0.57187 0.30861 0.57540 0.29985 0.57894 0.29733 0.57818 0.29463 0.58172 0.29009 0.58702 0.28285 0.59435 0.27494 0.60344 0.26904 0.61506 0.26450 0.63324 0.26248 0.67062 0.26315 0.69765 0.26567 0.71810 0.26854 0.74765 0.27460 0.77745 0.28201 0.78680 0.29598 0.78604 0.30524 0.78023
4 0.16365 0.22303 0.16230 0.23010 0.15944 0.24071 0.15810 0.24677 0.15658 0.25990 0.15877 0.28971 0.16466 0.32153 0.17460 0.35815 0.18015 0.38063 0.18251 0.39048 0.18638 0.40083 0.19025 0.40487 0.19985 0.40210 0.20456 0.39957 0.21096 0.39300 0.21601 0.38618 0.21972 0.38240 0.22005 0.38113 0.21365 0.35184 0.20911 0.32052 0.20658 0.29754 0.20456 0.28087 0.17796 0.23515 0.16870 0.22404 0.16534 0.22126 0.16365 0.22303
4 0.83405 0.71959 0.83977 0.71025 0.84027 0.70393 0.84027 0.69989 0.84179 0.69332 0.84330 0.68070 0.84415 0.66529 0.84314 0.65090 0.83943 0.63271 0.83320 0.61427 0.82546 0.59735 0.81721 0.58371 0.80458 0.56578 0.79600 0.55442 0.78842 0.54987 0.78606 0.54962 0.78186 0.55290 0.77916 0.55568 0.77293 0.56048 0.77175 0.56250 0.76670 0.56981 0.76367 0.57513 0.76115 0.57765 0.75896 0.58221 0.76452 0.59659 0.76906 0.61377 0.77293 0.63650 0.77495 0.67034 0.79768 0.70090 0.81283 0.71883 0.82411 0.72287 0.83405 0.71959
4 0.54777 0.46079 0.55221 0.46079 0.56393 0.46200 0.58353 0.46321 0.59201 0.46382 0.59929 0.46382 0.61989 0.46321 0.62616 0.46351 0.63323 0.45745 0.63666 0.45654 0.65747 0.45048 0.66636 0.44563 0.67000 0.44291 0.67161 0.43957 0.67464 0.42866 0.67687 0.41623 0.67848 0.39078 0.67868 0.35653 0.67585 0.30955 0.66899 0.26833 0.65787 0.22863 0.64818 0.20954 0.63323 0.19590 0.62030 0.19499 0.60414 0.19650 0.58919 0.20438 0.56979 0.22590 0.56252 0.24136 0.55060 0.26500 0.54454 0.28530 0.53646 0.32319 0.53343 0.34653 0.53666 0.42443 0.53868 0.44412 0.54272 0.45291 0.54777 0.46079
4 0.60929 0.60470 0.61165 0.61682 0.61266 0.66784 0.61098 0.71229 0.61417 0.71659 0.62310 0.73427 0.63758 0.76205 0.64582 0.77038 0.66401 0.77594 0.67630 0.77089 0.68337 0.76382 0.68741 0.75447 0.69094 0.73073 0.69751 0.69790 0.69885 0.67542 0.69885 0.62718 0.69431 0.59586 0.69044 0.58854 0.68842 0.58323 0.68252 0.58020 0.67916 0.57844 0.67394 0.57894 0.66115 0.57793 0.65424 0.57793 0.64347 0.57970 0.62697 0.58525 0.61586 0.58576 0.61300 0.58904 0.61182 0.59410 0.60929 0.60470
