4 0.30449 0.09003 0.28421 0.11022 0.27972 0.12732 0.28340 0.13896 0.29175 0.15296 0.31222 0.16720 0.34474 0.17019 0.36141 0.16844 0.36118 0.15416 0.36632 0.12593 0.36707 0.10795 0.35979 0.08147 0.34694 0.07338 0.33593 0.07020 0.32491 0.07810 0.30449 0.09003
4 0.64953 0.14144 0.65796 0.14110 0.67155 0.13672 0.68067 0.12917 0.69053 0.12032 0.69422 0.11531 0.69177 0.10143 0.69142 0.09201 0.67640 0.07720 0.65357 0.06255 0.63553 0.05466 0.62191 0.05706 0.61416 0.06676 0.60940 0.07870 0.60949 0.09213 0.61093 0.10775 0.61436 0.12345 0.61996 0.13118 0.62769 0.13057 0.63751 0.12884 0.64432 0.13601 0.64953 0.14144
4 0.89732 0.75976 0.91265 0.75229 0.92412 0.74512 0.94362 0.74088 0.95212 0.73542 0.95787 0.72171 0.96332 0.71004 0.96126 0.69652 0.95864 0.67794 0.95841 0.66370 0.95317 0.64876 0.94944 0.63871 0.94749 0.62954 0.94050 0.61768 0.93021 0.60561 0.92123 0.59728 0.91305 0.59158 0.90712 0.58945 0.86688 0.62233 0.85627 0.62995 0.83705 0.63275 0.82395 0.64735 0.81192 0.67169 0.81108 0.69286 0.81553 0.71071 0.82327 0.72680 0.83715 0.74260 0.84912 0.74565 0.86337 0.75424 0.87551 0.76202 0.89732 0.75976
1 0.19284 0.77525 0.18217 0.77400 0.17763 0.77044 0.17319 0.76567 0.16787 0.76696 0.17158 0.77504 0.17941 0.78242 0.18931 0.78302 0.20105 0.78293 0.20429 0.77720 0.19284 0.77525
4 0.16815 0.30565 0.17091 0.31944 0.17478 0.33026 0.17521 0.34010 0.17792 0.34994 0.18177 0.35878 0.18902 0.36658 0.19900 0.36764 0.20567 0.36845 0.20927 0.37218 0.21400 0.37491 0.22472 0.37461 0.23387 0.37652 0.24308 0.37688 0.25614 0.37502 0.27282 0.36966 0.28559 0.35872 0.29135 0.34699 0.29592 0.33584 0.29932 0.32179 0.29789 0.30816 0.29590 0.29502 0.28832 0.28164 0.27310 0.27683 0.25969 0.26928 0.23597 0.26434 0.21751 0.25966 0.20858 0.25529 0.20086 0.25784 0.18955 0.26776 0.17815 0.27529 0.17304 0.28337 0.16885 0.29478 0.16815 0.30565
4 0.58988 0.09202 0.60254 0.08979 0.60397 0.07565 0.60286 0.06197 0.59992 0.05455 0.59611 0.04773 0.59450 0.04048 0.56180 0.03276 0.51870 0.02723 0.47892 0.02754 0.47824 0.05146 0.48149 0.07544 0.51160 0.09988 0.52235 0.10714 0.53350 0.11113 0.54363 0.11489 0.55259 0.11569 0.56500 0.10831 0.58063 0.09885 0.58988 0.09202
4 0.69525 0.21187 0.69939 0.21872 0.70769 0.21761 0.72225 0.21505 0.72982 0.21534 0.73757 0.22226 0.74603 0.22398 0.76001 0.21993 0.76808 0.21569 0.77727 0.20856 0.78385 0.19030 0.78134 0.17611 0.77388 0.15600 0.76786 0.14037 0.75194 0.12417 0.71358 0.11027 0.70148 0.11756 0.69420 0.12999 0.69039 0.14728 0.68967 0.15614 0.69125 0.17256 0.68985 0.18308 0.68767 0.18743 0.68720 0.20139 0.69360 0.20622 0.69525 0.21187
4 0.29927 0.20673 0.29471 0.18457 0.29000 0.17267 0.28282 0.16525 0.27191 0.15527 0.26097 0.14689 0.24927 0.14538 0.23955 0.15502 0.22229 0.17195 0.19959 0.20249 0.19812 0.21266 0.19490 0.21843 0.19566 0.23019 0.20335 0.24232 0.21016 0.24945 0.21554 0.25961 0.23392 0.26387 0.26161 0.27088 0.28027 0.26561 0.29152 0.26089 0.29886 0.25440 0.30174 0.23925 0.30172 0.22062 0.29927 0.20673
4 0.12587 0.51024 0.12788 0.51980 0.12910 0.52669 0.12806 0.53564 0.12475 0.54649 0.12317 0.55792 0.12367 0.56814 0.12505 0.58337 0.12717 0.59168 0.12998 0.59836 0.13316 0.60530 0.15517 0.62641 0.19801 0.66015 0.20956 0.66640 0.22571 0.66355 0.24623 0.65398 0.26184 0.63140 0.26926 0.61423 0.27088 0.60680 0.26758 0.59548 0.27392 0.57770 0.27908 0.56255 0.27566 0.53575 0.26298 0.51383 0.23127 0.48210 0.20153 0.46715 0.18786 0.46000 0.17752 0.46063 0.15982 0.46022 0.14717 0.46995 0.13937 0.48125 0.13107 0.49346 0.12666 0.50177 0.12587 0.51024
1 0.25822 0.35720 0.25709 0.34708 0.25731 0.33911 0.26029 0.32823 0.25976 0.31964 0.25888 0.30909 0.25415 0.30080 0.24734 0.30220 0.24343 0.29852 0.23839 0.29287 0.23160 0.29883 0.22407 0.30610 0.22287 0.31782 0.22074 0.33168 0.19979 0.36468 0.20891 0.36827 0.21196 0.37444 0.22153 0.37319 0.23431 0.37530 0.24960 0.37498 0.26174 0.37161 0.26172 0.36963 0.26111 0.36621 0.25822 0.35720
4 0.81805 0.61944 0.83261 0.62797 0.84820 0.63118 0.85770 0.62950 0.86989 0.61902 0.87982 0.61053 0.89631 0.59850 0.91431 0.58580 0.92524 0.57000 0.92929 0.55778 0.92811 0.54371 0.92450 0.52134 0.92099 0.50887 0.92002 0.49595 0.92063 0.48572 0.91882 0.47990 0.91437 0.47315 0.90541 0.45013 0.90055 0.44107 0.89338 0.43560 0.88223 0.43161 0.87603 0.43350 0.87037 0.43846 0.85314 0.44071 0.84292 0.44013 0.81150 0.45083 0.79818 0.46230 0.79015 0.47046 0.78209 0.48219 0.77332 0.50833 0.77146 0.52928 0.78014 0.55076 0.79028 0.57674 0.79536 0.59448 0.80136 0.60810 0.81805 0.61944
1 0.26076 0.59752 0.26291 0.59119 0.25858 0.58517 0.25257 0.58623 0.24818 0.59097 0.24895 0.59722 0.25445 0.60061 0.26076 0.59752
1 0.15839 0.43727 0.17084 0.43940 0.18871 0.44260 0.20156 0.44509 0.21437 0.44922 0.22433 0.45575 0.23416 0.45961 0.24524 0.45766 0.25565 0.45186 0.26157 0.44288 0.26120 0.42783 0.26037 0.41568 0.23859 0.39215 0.21785 0.38193 0.19740 0.37522 0.18182 0.37202 0.16976 0.37216 0.15605 0.37775 0.14714 0.39202 0.14450 0.40478 0.14655 0.41830 0.14981 0.43121 0.15839 0.43727
4 0.47306 0.04801 0.46884 0.03884 0.46417 0.02534 0.45126 0.02805 0.41390 0.03464 0.37943 0.04468 0.36904 0.05247 0.35841 0.06069 0.35703 0.07319 0.36091 0.08043 0.36641 0.10604 0.38235 0.11315 0.41508 0.12840 0.42678 0.12435 0.44304 0.12029 0.45492 0.12657 0.45202 0.11197 0.45697 0.10118 0.47086 0.08366 0.47659 0.07356 0.47604 0.06489 0.47306 0.04801
4 0.20193 0.93235 0.21840 0.93500 0.22978 0.92546 0.23986 0.90861 0.25561 0.89234 0.25981 0.87732 0.26034 0.86176 0.25882 0.84021 0.25215 0.82830 0.24229 0.81497 0.23392 0.80454 0.22030 0.80139 0.21555 0.80223 0.20902 0.80774 0.18939 0.80565 0.18280 0.80166 0.17749 0.79188 0.16184 0.78830 0.14824 0.79268 0.13522 0.78545 0.12230 0.79368 0.12316 0.82447 0.12698 0.85910 0.13048 0.87712 0.13611 0.89239 0.14414 0.91200 0.14749 0.92172 0.15565 0.92544 0.17137 0.92386 0.18053 0.93136 0.20193 0.93235
4 0.10713 0.73170 0.10807 0.74260 0.11099 0.75915 0.11409 0.76931 0.11968 0.77510 0.12424 0.78061 0.13157 0.78328 0.14767 0.79313 0.16039 0.78935 0.17787 0.79221 0.18697 0.80489 0.19999 0.80656 0.20791 0.80516 0.21833 0.79575 0.23078 0.78487 0.24489 0.77048 0.25611 0.75263 0.25969 0.73217 0.26041 0.71772 0.25711 0.70089 0.24962 0.68988 0.23960 0.67380 0.22890 0.66497 0.20690 0.66612 0.18777 0.65204 0.17336 0.64069 0.15377 0.62590 0.14210 0.63193 0.12923 0.64411 0.11896 0.65624 0.11462 0.66493 0.11466 0.67996 0.11263 0.69067 0.11183 0.69914 0.11163 0.70909 0.11060 0.72550 0.10713 0.73170
4 0.78668 0.43414 0.80383 0.44623 0.82098 0.44717 0.84215 0.43947 0.85708 0.44081 0.86998 0.43809 0.87634 0.42785 0.87799 0.40574 0.87882 0.38561 0.87847 0.37512 0.87528 0.36259 0.87310 0.35131 0.86870 0.34193 0.85789 0.33432 0.84667 0.32995 0.83315 0.32662 0.82613 0.33754 0.80834 0.34032 0.80207 0.33623 0.78334 0.34112 0.76823 0.34616 0.75755 0.35598 0.75402 0.36929 0.75319 0.37936 0.75532 0.39330 0.75855 0.40420 0.76470 0.41501 0.77456 0.42834 0.78668 0.43414
1 0.79869 0.33409 0.80346 0.33523 0.80482 0.33182 0.80418 0.32638 0.80020 0.32232 0.79367 0.32228 0.79104 0.32592 0.79683 0.32728 0.79869 0.33409
