4 0.49607 0.04581 0.46916 0.05555 0.45786 0.06914 0.45628 0.08125 0.45793 0.09747 0.47046 0.11902 0.49867 0.13548 0.51452 0.14094 0.52034 0.12790 0.53694 0.10448 0.54521 0.08850 0.54981 0.06142 0.54158 0.04866 0.53294 0.04113 0.51962 0.04363 0.49607 0.04581
4 0.78705 0.23823 0.79483 0.24148 0.80900 0.24326 0.82046 0.24026 0.83314 0.23642 0.83860 0.23344 0.84225 0.21982 0.84591 0.21113 0.83855 0.19137 0.82406 0.16843 0.81104 0.15366 0.79769 0.15008 0.78656 0.15560 0.77720 0.16441 0.77160 0.17662 0.76631 0.19138 0.76278 0.20705 0.76459 0.21644 0.77186 0.21915 0.78148 0.22173 0.78463 0.23111 0.78705 0.23823
4 0.75031 0.90333 0.76737 0.90305 0.78079 0.90139 0.80025 0.90580 0.81027 0.90444 0.82127 0.89444 0.83114 0.88617 0.83499 0.87305 0.84047 0.85510 0.84628 0.84210 0.84784 0.82634 0.84870 0.81566 0.85082 0.80652 0.84950 0.79282 0.84527 0.77753 0.84066 0.76618 0.83564 0.75756 0.83117 0.75313 0.78081 0.76592 0.76798 0.76834 0.74937 0.76275 0.73132 0.77045 0.71013 0.78742 0.70043 0.80625 0.69692 0.82432 0.69713 0.84217 0.70304 0.86236 0.71259 0.87018 0.72188 0.88399 0.72960 0.89617 0.75031 0.90333
1 0.10529 0.61965 0.09615 0.61401 0.09354 0.60886 0.09154 0.60266 0.08617 0.60159 0.08612 0.61047 0.09009 0.62047 0.09881 0.62520 0.10949 0.63008 0.11484 0.62626 0.10529 0.61965
4 0.28138 0.18361 0.27805 0.19728 0.27699 0.20872 0.27322 0.21782 0.27152 0.22788 0.27127 0.23752 0.27454 0.24766 0.28314 0.25283 0.28885 0.25638 0.29053 0.26128 0.29366 0.26576 0.30350 0.27002 0.31099 0.27562 0.31918 0.27984 0.33180 0.28367 0.34919 0.28586 0.36538 0.28134 0.37557 0.27315 0.38442 0.26497 0.39343 0.25367 0.39790 0.24072 0.40165 0.22797 0.40043 0.21264 0.38868 0.20185 0.37972 0.18934 0.36030 0.17483 0.34555 0.16279 0.33930 0.15505 0.33123 0.15410 0.31679 0.15832 0.30327 0.16032 0.29523 0.16549 0.28661 0.17405 0.28138 0.18361
4 0.75388 0.16823 0.76630 0.17156 0.77356 0.15935 0.77835 0.14648 0.77881 0.13852 0.77824 0.13072 0.77985 0.12347 0.75347 0.10265 0.71675 0.07942 0.68057 0.06290 0.66985 0.08429 0.66265 0.10739 0.67961 0.14227 0.68628 0.15340 0.69470 0.16172 0.70229 0.16941 0.71007 0.17392 0.72444 0.17248 0.74261 0.17051 0.75388 0.16823
4 0.79872 0.32139 0.79959 0.32934 0.80757 0.33184 0.82186 0.33567 0.82859 0.33913 0.83269 0.34868 0.83963 0.35382 0.85401 0.35606 0.86312 0.35562 0.87446 0.35304 0.88814 0.33928 0.89187 0.32535 0.89360 0.30398 0.89475 0.28726 0.88717 0.26586 0.85827 0.23705 0.84422 0.23854 0.83238 0.24673 0.82162 0.26079 0.81722 0.26851 0.81172 0.28406 0.80600 0.29300 0.80219 0.29603 0.79585 0.30848 0.79962 0.31556 0.79872 0.32139
4 0.44202 0.14937 0.44725 0.12736 0.44801 0.11458 0.44464 0.10482 0.43897 0.09117 0.43260 0.07895 0.42263 0.07264 0.40974 0.07728 0.38695 0.08532 0.35347 0.10341 0.34784 0.11201 0.34248 0.11587 0.33820 0.12685 0.34005 0.14110 0.34320 0.15044 0.34379 0.16192 0.35865 0.17354 0.38077 0.19160 0.39991 0.19471 0.41210 0.19518 0.42150 0.19240 0.43051 0.17990 0.43837 0.16300 0.44202 0.14937
4 0.15660 0.35117 0.15438 0.36068 0.15257 0.36744 0.14785 0.37511 0.14026 0.38355 0.13400 0.39324 0.13013 0.40271 0.12495 0.41710 0.12335 0.42553 0.12308 0.43277 0.12303 0.44040 0.13405 0.46883 0.15862 0.51752 0.16645 0.52807 0.18229 0.53231 0.20493 0.53231 0.22862 0.51844 0.24260 0.50601 0.24722 0.49996 0.24901 0.48831 0.26226 0.47488 0.27334 0.46333 0.28157 0.43759 0.27934 0.41236 0.26401 0.37020 0.24338 0.34409 0.23401 0.33183 0.22438 0.32804 0.20850 0.32019 0.19293 0.32366 0.18108 0.33059 0.16840 0.33815 0.16089 0.34382 0.15660 0.35117
1 0.34122 0.26840 0.34447 0.25875 0.34805 0.25162 0.35534 0.24302 0.35849 0.23501 0.36215 0.22507 0.36137 0.21556 0.35461 0.21395 0.35262 0.20897 0.35043 0.20171 0.34177 0.20424 0.33186 0.20765 0.32583 0.21776 0.31804 0.22943 0.28510 0.25049 0.29185 0.25759 0.29201 0.26447 0.30121 0.26738 0.31190 0.27470 0.32590 0.28087 0.33832 0.28295 0.33914 0.28114 0.34004 0.27778 0.34122 0.26840
4 0.73777 0.74266 0.74737 0.75655 0.76014 0.76604 0.76945 0.76854 0.78493 0.76419 0.79752 0.76069 0.81755 0.75676 0.83923 0.75286 0.85582 0.74315 0.86465 0.73379 0.86953 0.72054 0.87571 0.69874 0.87780 0.68595 0.88238 0.67384 0.88725 0.66483 0.88808 0.65878 0.88689 0.65078 0.88850 0.62614 0.88792 0.61587 0.88374 0.60788 0.87532 0.59955 0.86890 0.59865 0.86168 0.60075 0.84511 0.59550 0.83609 0.59066 0.80310 0.58708 0.78617 0.59185 0.77545 0.59585 0.76319 0.60308 0.74419 0.62306 0.73365 0.64126 0.73245 0.66440 0.73065 0.69222 0.72776 0.71046 0.72744 0.72533 0.73777 0.74266
1 0.24196 0.48727 0.24658 0.48245 0.24521 0.47516 0.23931 0.47358 0.23333 0.47602 0.23139 0.48201 0.23493 0.48741 0.24196 0.48727
1 0.21690 0.29878 0.22729 0.30597 0.24214 0.31642 0.25272 0.32411 0.26259 0.33326 0.26886 0.34340 0.27613 0.35105 0.28700 0.35396 0.29889 0.35310 0.30805 0.34747 0.31408 0.33367 0.31845 0.32231 0.30866 0.29178 0.29418 0.27375 0.27849 0.25903 0.26572 0.24954 0.25473 0.24457 0.23994 0.24385 0.22584 0.25301 0.21805 0.26346 0.21420 0.27658 0.21169 0.28966 0.21690 0.29878
4 0.66661 0.07897 0.66665 0.06887 0.66813 0.05467 0.65528 0.05167 0.61863 0.04185 0.58315 0.03639 0.57045 0.03905 0.55734 0.04201 0.55080 0.05275 0.55126 0.06096 0.54542 0.08649 0.55687 0.09967 0.58008 0.12732 0.59239 0.12860 0.60885 0.13180 0.61696 0.14250 0.62050 0.12805 0.62955 0.12036 0.64955 0.11035 0.65900 0.10362 0.66217 0.09553 0.66661 0.07897
4 0.04714 0.76587 0.06094 0.77523 0.07529 0.77139 0.09155 0.76038 0.11269 0.75230 0.12285 0.74046 0.12990 0.72658 0.13764 0.70641 0.13663 0.69280 0.13332 0.67654 0.13015 0.66356 0.11914 0.65495 0.11448 0.65370 0.10622 0.65594 0.08931 0.64574 0.08504 0.63934 0.08435 0.62824 0.07168 0.61837 0.05751 0.61660 0.04876 0.60455 0.03357 0.60654 0.02134 0.63481 0.01017 0.66781 0.00573 0.68562 0.00438 0.70184 0.00337 0.72301 0.00229 0.73323 0.00812 0.74005 0.02303 0.74526 0.02816 0.75594 0.04714 0.76587
4 0.04602 0.54396 0.04226 0.55424 0.03792 0.57046 0.03643 0.58098 0.03905 0.58860 0.04086 0.59551 0.04637 0.60103 0.05680 0.61677 0.06993 0.61871 0.08456 0.62870 0.08744 0.64403 0.09855 0.65105 0.10631 0.65313 0.11973 0.64900 0.13561 0.64440 0.15449 0.63732 0.17220 0.62589 0.18408 0.60886 0.19084 0.59607 0.19497 0.57942 0.19283 0.56627 0.19055 0.54746 0.18458 0.53495 0.16416 0.52668 0.15277 0.50584 0.14450 0.48947 0.13300 0.46778 0.11988 0.46831 0.10307 0.47392 0.08863 0.48056 0.08102 0.48661 0.07470 0.50025 0.06834 0.50910 0.06404 0.51644 0.05965 0.52537 0.05179 0.53980 0.04602 0.54396
4 0.78765 0.56147 0.79809 0.57967 0.81323 0.58777 0.83567 0.58974 0.84864 0.59726 0.86148 0.60026 0.87157 0.59366 0.88241 0.57432 0.89167 0.55642 0.89579 0.54677 0.89819 0.53406 0.90098 0.52292 0.90096 0.51256 0.89438 0.50109 0.88606 0.49239 0.87521 0.48367 0.86424 0.49059 0.84693 0.48559 0.84298 0.47923 0.82394 0.47575 0.80811 0.47394 0.79429 0.47832 0.78546 0.48890 0.78045 0.49766 0.77649 0.51120 0.77481 0.52244 0.77582 0.53484 0.77912 0.55109 0.78765 0.56147
1 0.84082 0.47586 0.84466 0.47892 0.84733 0.47640 0.84906 0.47120 0.84717 0.46584 0.84126 0.46304 0.83734 0.46523 0.84202 0.46891 0.84082 0.47586
