4 0.43331 0.10840 0.43717 0.09082 0.43460 0.06348 0.42334 0.05328 0.41305 0.04824 0.40084 0.05410 0.37865 0.06230 0.35518 0.07867 0.34778 0.09473 0.34939 0.10684 0.35518 0.12207 0.37286 0.13965 0.40437 0.14824 0.42109 0.14941 0.42334 0.13531 0.43331 0.10840
4 0.67736 0.13297 0.67801 0.14902 0.68219 0.15762 0.68990 0.15836 0.69987 0.15836 0.70534 0.16660 0.70952 0.17285 0.71788 0.17398 0.73202 0.17203 0.74232 0.16617 0.75357 0.15918 0.75807 0.15488 0.75807 0.14078 0.75936 0.13145 0.74714 0.11426 0.72720 0.09586 0.71080 0.08496 0.69698 0.08496 0.68765 0.09316 0.68090 0.10410 0.67865 0.11734 0.67736 0.13297
4 0.77415 0.76230 0.77897 0.77949 0.78990 0.79746 0.80116 0.80254 0.81370 0.81348 0.82431 0.82324 0.84617 0.82480 0.86257 0.82012 0.87511 0.81504 0.89505 0.81426 0.90437 0.81035 0.91241 0.79785 0.91981 0.78730 0.92013 0.77363 0.92077 0.75488 0.92302 0.74082 0.92045 0.72520 0.91852 0.71465 0.91820 0.70527 0.91338 0.69238 0.90534 0.67871 0.89794 0.66895 0.89087 0.66191 0.88540 0.65879 0.84006 0.68418 0.82830 0.68984 0.80887 0.68926 0.79344 0.70137 0.77736 0.72324 0.77286 0.74395 0.77415 0.76230
1 0.12656 0.70523 0.12881 0.71383 0.13524 0.72246 0.14489 0.72477 0.15646 0.72672 0.16064 0.72164 0.14971 0.71773 0.13942 0.71465 0.13556 0.71035 0.13203 0.70488 0.12656 0.70523
4 0.25550 0.20840 0.24746 0.20957 0.23460 0.21738 0.22206 0.22281 0.21563 0.22988 0.20952 0.24039 0.20695 0.25098 0.20727 0.26504 0.20920 0.27637 0.20791 0.28613 0.20888 0.29629 0.21113 0.30566 0.21691 0.31461 0.22656 0.31738 0.23299 0.31934 0.23588 0.32363 0.24006 0.32715 0.25067 0.32871 0.25936 0.33219 0.26836 0.33414 0.28154 0.33457 0.29891 0.33219 0.31338 0.32363 0.32109 0.31309 0.32752 0.30289 0.33331 0.28965 0.33428 0.27598 0.33460 0.26270 0.32945 0.24820 0.31530 0.24082 0.30341 0.23105 0.28090 0.22207 0.26354 0.21426 0.25550 0.20840
4 0.59022 0.11699 0.60051 0.12285 0.60984 0.12832 0.61852 0.13066 0.63202 0.12555 0.64907 0.11895 0.65936 0.11383 0.67222 0.11383 0.67608 0.10016 0.67736 0.08648 0.67576 0.07867 0.67318 0.07129 0.67286 0.06387 0.64199 0.05059 0.60051 0.03766 0.56129 0.03105 0.55646 0.05449 0.55550 0.07867 0.58090 0.10797 0.59022 0.11699
4 0.74650 0.19430 0.74521 0.21074 0.74199 0.22086 0.73910 0.22477 0.73621 0.23844 0.74167 0.24430 0.74232 0.25016 0.74521 0.25762 0.75357 0.25797 0.76836 0.25797 0.77576 0.25957 0.78219 0.26773 0.79023 0.27090 0.80470 0.26934 0.81338 0.26656 0.82367 0.26113 0.83331 0.24430 0.83331 0.22988 0.82945 0.20879 0.82624 0.19234 0.81338 0.17363 0.77801 0.15328 0.76482 0.15836 0.75550 0.16934 0.74875 0.18570 0.74650 0.19430
4 0.30502 0.23297 0.32431 0.23102 0.33621 0.22832 0.34457 0.22320 0.35003 0.20879 0.35325 0.19043 0.35325 0.17633 0.35260 0.15371 0.35003 0.14117 0.34424 0.13262 0.33524 0.12090 0.32592 0.11074 0.31466 0.10723 0.30341 0.11504 0.28347 0.12871 0.25582 0.15484 0.25260 0.16461 0.24842 0.16973 0.24714 0.18145 0.25260 0.19473 0.25807 0.20293 0.26161 0.21387 0.27897 0.22125 0.30502 0.23297
4 0.18926 0.40523 0.17190 0.40176 0.15775 0.40914 0.14810 0.41891 0.13781 0.42949 0.13203 0.43691 0.12978 0.44512 0.13010 0.45488 0.13010 0.46188 0.12752 0.47051 0.12238 0.48063 0.11884 0.49160 0.11756 0.50176 0.11627 0.51699 0.11691 0.52555 0.11852 0.53262 0.12045 0.54000 0.13846 0.56461 0.17479 0.60527 0.18508 0.61344 0.20148 0.61344 0.22334 0.60758 0.24264 0.58805 0.25293 0.57242 0.25582 0.56539 0.25453 0.55367 0.26386 0.53727 0.27158 0.52324 0.27286 0.49625 0.26418 0.47246 0.23846 0.43570 0.21177 0.41582 0.19955 0.40641 0.18926 0.40523
1 0.24778 0.32676 0.26000 0.33105 0.27511 0.33340 0.28765 0.33219 0.28797 0.33023 0.28797 0.32676 0.28669 0.31738 0.28733 0.30723 0.28894 0.29941 0.29376 0.28922 0.29473 0.28066 0.29569 0.27012 0.29248 0.26113 0.28553 0.26133 0.28232 0.25703 0.27833 0.25059 0.27061 0.25527 0.26193 0.26113 0.25871 0.27246 0.25421 0.28574 0.22785 0.31461 0.23621 0.31973 0.23813 0.32633 0.24778 0.32676
4 0.76772 0.55566 0.76225 0.57598 0.76707 0.59863 0.77254 0.62598 0.77447 0.64434 0.77801 0.65879 0.79248 0.67285 0.80534 0.68379 0.82013 0.68965 0.82978 0.68965 0.84360 0.68145 0.85485 0.67480 0.87318 0.66582 0.89312 0.65645 0.90662 0.64277 0.91273 0.63145 0.91402 0.61738 0.91434 0.59473 0.91305 0.58184 0.91434 0.56895 0.91672 0.55898 0.91595 0.55293 0.91273 0.54551 0.90791 0.52129 0.90470 0.51152 0.89859 0.50488 0.88830 0.49902 0.88187 0.49980 0.87543 0.50371 0.85807 0.50293 0.84810 0.50059 0.81530 0.50566 0.80019 0.51465 0.79087 0.52129 0.78090 0.53145 0.76772 0.55566
1 0.25067 0.54863 0.24746 0.54195 0.24135 0.54195 0.23621 0.54586 0.23588 0.55215 0.24071 0.55645 0.24746 0.55449 0.25067 0.54863
1 0.19698 0.31676 0.18251 0.31988 0.17125 0.33238 0.16643 0.34449 0.16611 0.35816 0.16707 0.37145 0.17447 0.37891 0.18637 0.38316 0.20341 0.38941 0.21563 0.39410 0.22752 0.40039 0.23621 0.40855 0.24521 0.41406 0.25646 0.41406 0.26772 0.41016 0.27511 0.40234 0.27736 0.38746 0.27865 0.37535 0.26129 0.34840 0.24264 0.33473 0.22367 0.32457 0.20888 0.31871 0.19698 0.31676
4 0.52045 0.12441 0.52013 0.10953 0.52688 0.09977 0.54360 0.08492 0.55100 0.07598 0.55196 0.06734 0.55196 0.05020 0.54939 0.04043 0.54714 0.02633 0.53395 0.02676 0.49601 0.02676 0.46032 0.03066 0.44875 0.03652 0.43685 0.04277 0.43331 0.05484 0.43588 0.06266 0.43685 0.08883 0.45132 0.09859 0.48090 0.11930 0.49312 0.11734 0.50984 0.11617 0.52045 0.12441
4 0.07350 0.82324 0.07801 0.84395 0.07961 0.85410 0.08701 0.85918 0.10277 0.86035 0.11048 0.86934 0.13138 0.87402 0.14714 0.87949 0.16000 0.87207 0.17286 0.85723 0.19119 0.84395 0.19794 0.82988 0.20116 0.81465 0.20341 0.79316 0.19891 0.78027 0.19151 0.76543 0.18508 0.75371 0.17222 0.74824 0.16740 0.74824 0.16000 0.75254 0.14103 0.74707 0.13524 0.74199 0.13170 0.73145 0.11691 0.72520 0.10277 0.72715 0.09119 0.71777 0.07704 0.72363 0.07254 0.75410 0.07029 0.78887 0.07061 0.80723 0.07350 0.82324
4 0.09183 0.59551 0.08926 0.61031 0.08540 0.62051 0.08315 0.62871 0.08122 0.63848 0.07736 0.65445 0.07286 0.65996 0.07190 0.67086 0.07190 0.68766 0.07318 0.69820 0.07768 0.70488 0.08122 0.71109 0.08797 0.71500 0.10212 0.72750 0.11530 0.72598 0.13203 0.73184 0.13878 0.74590 0.15132 0.74980 0.15936 0.74980 0.17125 0.74234 0.18540 0.73379 0.20180 0.72207 0.21595 0.70645 0.22302 0.68691 0.22624 0.67281 0.22592 0.65566 0.22045 0.64352 0.21338 0.62594 0.20437 0.61539 0.18251 0.61270 0.16611 0.59551 0.15389 0.58184 0.13717 0.56387 0.12463 0.56777 0.10984 0.57754 0.09762 0.58770 0.09183 0.59551
4 0.77286 0.41539 0.77029 0.42516 0.76997 0.43926 0.77125 0.45055 0.77543 0.46227 0.78283 0.47711 0.79376 0.48492 0.80855 0.49980 0.82527 0.50371 0.84746 0.49980 0.86193 0.50371 0.87511 0.50328 0.88315 0.49430 0.88862 0.47281 0.89293 0.45312 0.89440 0.44273 0.89344 0.42984 0.89325 0.41836 0.89055 0.40836 0.88122 0.39898 0.87093 0.39273 0.85820 0.38711 0.84939 0.39664 0.83138 0.39629 0.82592 0.39117 0.80662 0.39273 0.79087 0.39508 0.77865 0.40289 0.77286 0.41539
1 0.82939 0.38730 0.82971 0.38184 0.82650 0.37715 0.82006 0.37598 0.81685 0.37910 0.82232 0.38145 0.82296 0.38848 0.82746 0.39043 0.82939 0.38730
