4 0.60116 0.81313 0.60706 0.78988 0.60586 0.77969 0.59995 0.76784 0.59176 0.75650 0.58373 0.75347 0.57988 0.74437 0.57605 0.73859 0.57445 0.73593 0.57513 0.72482 0.56834 0.72503 0.55387 0.73189 0.54703 0.73573 0.54281 0.73748 0.53714 0.73694 0.53434 0.73767 0.53130 0.73835 0.52783 0.73993 0.52522 0.74203 0.52205 0.74334 0.51684 0.74521 0.51429 0.74699 0.51462 0.78282 0.51038 0.83225 0.50991 0.84241 0.52735 0.87592 0.53177 0.88348 0.53235 0.90115 0.53778 0.90959 0.55374 0.90702 0.56525 0.89821 0.57127 0.88459 0.57478 0.87375 0.59416 0.83019 0.60116 0.81313
4 0.31917 0.87965 0.32200 0.87197 0.32548 0.86013 0.33063 0.84268 0.34334 0.83048 0.35210 0.82440 0.35921 0.81929 0.35910 0.81529 0.35614 0.79976 0.35447 0.78947 0.35615 0.78387 0.36070 0.77490 0.36549 0.76598 0.37993 0.75581 0.40318 0.73029 0.39315 0.72650 0.38747 0.72033 0.38038 0.71518 0.37395 0.70917 0.36806 0.70627 0.36145 0.70222 0.35726 0.69702 0.35116 0.69738 0.33979 0.69761 0.33408 0.70070 0.32820 0.70342 0.31705 0.70602 0.30977 0.70513 0.29952 0.70461 0.29365 0.70502 0.28886 0.70831 0.28788 0.71406 0.28765 0.72195 0.28542 0.73241 0.28522 0.75488 0.28771 0.76700 0.29158 0.78504 0.29624 0.81186 0.29744 0.82205 0.29390 0.83421 0.28846 0.84730 0.29174 0.85229 0.29607 0.85686 0.29934 0.86186 0.30604 0.86659 0.31292 0.87501 0.31917 0.87965
4 0.15382 0.00000 0.15180 0.01105 0.14748 0.03302 0.14804 0.04505 0.13806 0.08060 0.13508 0.09952 0.13708 0.11949 0.14174 0.13669 0.14691 0.14828 0.15486 0.15331 0.16064 0.15549 0.16843 0.15476 0.17915 0.15657 0.18855 0.15475 0.19454 0.15269 0.20166 0.15181 0.21054 0.15084 0.22502 0.14963 0.23343 0.14760 0.24880 0.14705 0.26140 0.14163 0.27179 0.13191 0.28138 0.12108 0.28905 0.10459 0.29402 0.08610 0.29624 0.06750 0.29334 0.04685 0.29489 0.02000 0.29713 0.00000 0.15382 0.00000
4 0.69197 0.77349 0.69249 0.73817 0.68947 0.70475 0.68554 0.70060 0.68098 0.69599 0.67681 0.69180 0.67210 0.69245 0.66890 0.68482 0.66494 0.67967 0.64387 0.68811 0.63386 0.69326 0.62773 0.69494 0.61599 0.70370 0.60826 0.70835 0.59927 0.71207 0.59062 0.71652 0.57910 0.72202 0.57536 0.72487 0.57468 0.73598 0.58373 0.75347 0.59153 0.75645 0.60388 0.77199 0.60667 0.78152 0.60704 0.79451 0.60261 0.81311 0.60675 0.82988 0.61971 0.84257 0.62793 0.85491 0.63958 0.86468 0.65217 0.86437 0.66091 0.85729 0.67250 0.84353 0.68069 0.83335 0.68646 0.80279 0.69197 0.77349
2 0.28032 0.59891 0.27798 0.60537 0.27532 0.61904 0.27158 0.62983 0.26977 0.64402 0.27341 0.65406 0.28050 0.66153 0.29030 0.66527 0.29859 0.66935 0.30558 0.67382 0.30936 0.66170 0.30782 0.65310 0.30419 0.64637 0.30219 0.63767 0.30045 0.63001 0.29474 0.62284 0.29094 0.61806 0.28674 0.61518 0.28268 0.60140 0.28032 0.59891
4 0.44131 0.86028 0.44426 0.86455 0.45302 0.87204 0.46442 0.88075 0.46993 0.87862 0.47880 0.87090 0.48750 0.86281 0.49777 0.85076 0.50850 0.83317 0.51005 0.82588 0.51062 0.82203 0.51467 0.79508 0.51496 0.77329 0.51343 0.74879 0.51046 0.74915 0.50119 0.75082 0.48642 0.75232 0.46900 0.74928 0.46650 0.74743 0.46174 0.74376 0.45372 0.74073 0.45026 0.74000 0.44548 0.73865 0.44307 0.73979 0.43979 0.74505 0.43653 0.75926 0.43449 0.77340 0.43643 0.78805 0.43822 0.79439 0.43833 0.81991 0.43359 0.84109 0.43458 0.84660 0.43760 0.85055 0.44131 0.86028
3 0.60494 0.77950 0.60314 0.77547 0.59882 0.76860 0.59515 0.76550 0.58648 0.76432 0.56430 0.76556 0.54357 0.76447 0.53129 0.76219 0.52005 0.76410 0.51348 0.76668 0.51703 0.78399 0.51865 0.78202 0.53148 0.79302 0.54055 0.79230 0.55468 0.80060 0.56192 0.79717 0.57010 0.80289 0.58421 0.79993 0.59591 0.80043 0.60093 0.79719 0.60451 0.78603 0.60494 0.77950
1 0.36265 0.68528 0.36200 0.67587 0.35994 0.66517 0.35710 0.65695 0.35151 0.64020 0.32593 0.61324 0.31733 0.59817 0.30749 0.59574 0.29455 0.59995 0.29932 0.60924 0.30712 0.61785 0.31276 0.63892 0.31685 0.64575 0.32352 0.66538 0.32117 0.68210 0.30125 0.69872 0.31496 0.69998 0.32316 0.70106 0.33371 0.69900 0.34131 0.69499 0.35301 0.69549 0.35855 0.69435 0.36279 0.69028 0.36265 0.68528
4 0.28783 0.71464 0.28818 0.70843 0.29169 0.70553 0.29616 0.70152 0.29906 0.70147 0.31348 0.70387 0.32202 0.70337 0.32921 0.70125 0.33665 0.69688 0.34288 0.69588 0.35197 0.69616 0.35867 0.69527 0.36264 0.69247 0.36369 0.68640 0.36160 0.68033 0.36041 0.67345 0.36002 0.66509 0.35649 0.65341 0.35218 0.64422 0.34232 0.63053 0.32467 0.61155 0.32170 0.60628 0.31650 0.59789 0.30955 0.59542 0.30250 0.59690 0.29323 0.59857 0.29189 0.59465 0.28904 0.58543 0.28508 0.57797 0.28103 0.57777 0.27654 0.57847 0.27241 0.58091 0.26751 0.58582 0.26082 0.59467 0.25494 0.60533 0.24634 0.63331 0.24430 0.64744 0.24106 0.66497 0.23981 0.67762 0.23896 0.69068 0.23574 0.71152 0.23369 0.72797 0.23401 0.74459 0.23793 0.75900 0.24353 0.77344 0.24859 0.77120 0.25936 0.76356 0.27205 0.75599 0.28440 0.75001 0.28384 0.73565 0.28732 0.72381 0.28783 0.71464
1 0.30440 0.82787 0.29727 0.80814 0.29568 0.80879 0.29805 0.82486 0.28891 0.84974 0.31797 0.88075 0.32860 0.84659 0.31322 0.83736 0.30440 0.82787
4 0.22931 0.49360 0.22331 0.50027 0.21481 0.51535 0.20959 0.52517 0.20426 0.53662 0.19920 0.55475 0.19641 0.56905 0.19541 0.58507 0.19737 0.59740 0.20048 0.60767 0.20494 0.61954 0.21221 0.63069 0.21803 0.63391 0.23224 0.63164 0.23999 0.63030 0.24655 0.63004 0.25607 0.60227 0.26652 0.58594 0.27489 0.57945 0.28301 0.57753 0.28652 0.58026 0.28925 0.58780 0.29238 0.59575 0.29382 0.59804 0.30382 0.59520 0.31025 0.59557 0.31289 0.59447 0.31301 0.58258 0.31625 0.56506 0.31593 0.55638 0.31263 0.54243 0.31017 0.53926 0.31199 0.53071 0.31211 0.51881 0.30867 0.51345 0.30417 0.50289 0.29820 0.49698 0.29045 0.49037 0.28290 0.48512 0.27391 0.48321 0.26480 0.47962 0.25350 0.47722 0.24476 0.47867 0.23445 0.48641 0.22931 0.49360
4 0.67498 0.66757 0.66652 0.67901 0.67196 0.69308 0.67704 0.69184 0.68993 0.70485 0.69431 0.73525 0.69378 0.75931 0.70525 0.77334 0.71358 0.78173 0.73044 0.79194 0.74316 0.79895 0.75338 0.79847 0.77016 0.78184 0.77953 0.76495 0.78457 0.75146 0.78858 0.73940 0.79373 0.72195 0.79433 0.70552 0.79439 0.69394 0.79278 0.68565 0.79101 0.67468 0.78485 0.65946 0.77928 0.64603 0.77248 0.63498 0.75092 0.62080 0.73980 0.61644 0.72867 0.61441 0.72433 0.62011 0.71339 0.62739 0.70377 0.63296 0.69909 0.64024 0.69633 0.64528 0.69193 0.64898 0.68568 0.65461 0.67498 0.66757
4 0.23340 0.35308 0.22676 0.35034 0.21950 0.35046 0.21186 0.35016 0.20568 0.35315 0.20031 0.36028 0.19576 0.36925 0.18964 0.38219 0.18641 0.38945 0.18317 0.39902 0.17854 0.41062 0.17305 0.42734 0.17144 0.44289 0.17083 0.45931 0.17367 0.47316 0.17562 0.48782 0.17999 0.49669 0.19130 0.50241 0.19888 0.50302 0.20915 0.49892 0.22060 0.49605 0.22981 0.49238 0.23304 0.48512 0.24470 0.47899 0.25612 0.47512 0.26712 0.46985 0.27604 0.46413 0.28455 0.45468 0.29058 0.44669 0.29346 0.42975 0.29867 0.41430 0.29967 0.39829 0.29815 0.38505 0.29283 0.37266 0.28577 0.36057 0.27730 0.35281 0.26763 0.34844 0.25332 0.35003 0.24906 0.35309 0.24101 0.35470 0.23340 0.35308
4 0.81186 0.68537 0.82393 0.68529 0.83446 0.67991 0.84388 0.67529 0.84964 0.66857 0.85725 0.65429 0.86195 0.64238 0.86631 0.62642 0.86706 0.61267 0.86652 0.59368 0.86590 0.57169 0.86481 0.55755 0.86112 0.53525 0.85627 0.52064 0.84890 0.51113 0.84806 0.50830 0.84040 0.49674 0.83075 0.49568 0.81654 0.49001 0.80363 0.48727 0.79618 0.48833 0.78135 0.49577 0.77251 0.50449 0.76336 0.52374 0.75744 0.54367 0.75639 0.55537 0.75208 0.57002 0.75173 0.58749 0.75471 0.61428 0.75396 0.62008 0.76008 0.62304 0.77547 0.63790 0.78332 0.65082 0.78702 0.66287 0.79246 0.67694 0.79420 0.67897 0.80412 0.68439 0.81186 0.68537
4 0.42354 0.86908 0.43040 0.86061 0.43218 0.85337 0.43165 0.84001 0.43786 0.82213 0.43812 0.80165 0.43679 0.78747 0.43516 0.77818 0.43413 0.77167 0.43808 0.75198 0.43963 0.74469 0.43115 0.73925 0.41748 0.73667 0.40745 0.73288 0.40288 0.73059 0.38526 0.75002 0.38105 0.75509 0.36660 0.76526 0.36398 0.76967 0.36113 0.77403 0.35925 0.78059 0.35675 0.78668 0.35608 0.78985 0.35554 0.79238 0.35952 0.81673 0.35976 0.82010 0.36617 0.84663 0.37307 0.85836 0.38241 0.86994 0.38586 0.87863 0.38917 0.88463 0.39645 0.89114 0.39882 0.89132 0.40613 0.88525 0.41527 0.87627 0.42354 0.86908
