4 0.38572 0.09686 0.39094 0.14749 0.39940 0.14967 0.40722 0.15185 0.41895 0.15622 0.43197 0.15796 0.44272 0.15622 0.45705 0.15185 0.47497 0.14094 0.48702 0.12959 0.48833 0.03838 0.48658 0.02877 0.48526 0.01777 0.48220 0.01166 0.47783 0.01008 0.46153 0.00966 0.45028 0.01482 0.43947 0.01656 0.42779 0.01488 0.39665 0.02102 0.38800 0.02442 0.38084 0.03009 0.37791 0.03794 0.37498 0.05584 0.37986 0.07504 0.38475 0.08552 0.38572 0.09686
4 0.49863 0.13903 0.50916 0.14345 0.52832 0.15376 0.54261 0.15650 0.56288 0.15650 0.57073 0.15334 0.58110 0.15376 0.60120 0.05863 0.60262 0.04853 0.60152 0.03611 0.59885 0.02643 0.59319 0.01948 0.58738 0.01696 0.58078 0.01506 0.57309 0.01485 0.56256 0.01401 0.55173 0.01338 0.54795 0.01317 0.54089 0.01317 0.53083 0.01317 0.52424 0.01296 0.51795 0.01212 0.51261 0.01064 0.50759 0.00959 0.50382 0.00896 0.49942 0.01022 0.49533 0.01380 0.49141 0.02159 0.48905 0.03295 0.48764 0.13103 0.49314 0.13313 0.49863 0.13903
4 0.60702 0.18702 0.61330 0.18828 0.62649 0.18617 0.63875 0.18197 0.64377 0.17839 0.65697 0.16008 0.68068 0.12219 0.68241 0.11461 0.68288 0.10199 0.68194 0.09420 0.67817 0.08683 0.67220 0.07673 0.66592 0.06936 0.65807 0.06200 0.65320 0.05695 0.64754 0.05105 0.64361 0.04937 0.63827 0.04642 0.63293 0.04221 0.61880 0.03737 0.61361 0.03758 0.60827 0.04306 0.60230 0.05463 0.58141 0.15250 0.59351 0.17144 0.60702 0.18702
4 0.21766 0.24656 0.20854 0.25267 0.19844 0.26402 0.19095 0.27492 0.18899 0.28758 0.18899 0.30155 0.19030 0.32031 0.19160 0.33122 0.19714 0.33908 0.23166 0.35872 0.26488 0.38578 0.27238 0.40105 0.27857 0.37530 0.28443 0.36308 0.29094 0.35217 0.29648 0.33690 0.29843 0.31464 0.29811 0.29544 0.26326 0.25092 0.24534 0.23652 0.22808 0.23346 0.21766 0.24656
4 0.19616 0.34083 0.18867 0.34083 0.18378 0.34257 0.17792 0.35043 0.16912 0.35785 0.16359 0.36134 0.15870 0.36788 0.15284 0.37879 0.15023 0.38970 0.15284 0.40629 0.15382 0.41677 0.15382 0.42768 0.15903 0.44426 0.19323 0.45866 0.21310 0.47263 0.23883 0.50623 0.24469 0.49619 0.25609 0.48528 0.26456 0.47350 0.26977 0.46128 0.27466 0.44731 0.27596 0.43727 0.27466 0.41065 0.27172 0.39800 0.24795 0.36963 0.21700 0.35043 0.20332 0.34257 0.19616 0.34083
4 0.05515 0.65932 0.05846 0.68682 0.07534 0.72142 0.09289 0.73162 0.10116 0.73650 0.10712 0.72453 0.11904 0.72053 0.13295 0.72453 0.13692 0.72719 0.14420 0.71566 0.15215 0.71122 0.16307 0.71166 0.17896 0.70457 0.19319 0.68904 0.20412 0.69392 0.20710 0.68372 0.20743 0.66819 0.20610 0.65134 0.20610 0.63360 0.20577 0.61142 0.11308 0.54710 0.08925 0.55597 0.07203 0.57150 0.05978 0.61275 0.05515 0.65932
4 0.69509 0.42026 0.69242 0.43815 0.68880 0.45856 0.68849 0.46909 0.68943 0.48150 0.69179 0.49077 0.69587 0.49834 0.70184 0.50571 0.70844 0.51434 0.71394 0.51876 0.77583 0.48171 0.81180 0.46614 0.81494 0.45225 0.81651 0.43667 0.81682 0.41815 0.81651 0.40910 0.81509 0.40068 0.81258 0.39542 0.81007 0.38890 0.80347 0.37943 0.79782 0.37332 0.78965 0.36575 0.77881 0.36175 0.77441 0.36070 0.70294 0.40026 0.68943 0.40784 0.69509 0.42026
4 0.66985 0.36002 0.67487 0.37496 0.67911 0.38633 0.68508 0.39959 0.68854 0.40801 0.77587 0.35812 0.77760 0.35434 0.77870 0.35118 0.78121 0.33813 0.78168 0.32298 0.78216 0.30951 0.78106 0.29562 0.77854 0.28341 0.77399 0.27562 0.76865 0.26868 0.76299 0.26068 0.75671 0.25373 0.75121 0.24974 0.74195 0.24595 0.73629 0.24658 0.69781 0.26826 0.68241 0.27605 0.66561 0.29078 0.66796 0.30530 0.66733 0.32214 0.66781 0.34445 0.66985 0.36002
4 0.82006 0.73699 0.83298 0.73256 0.84390 0.74143 0.84886 0.75873 0.86376 0.75030 0.87998 0.74764 0.89918 0.73611 0.90589 0.72026 0.90154 0.69478 0.89620 0.67046 0.89025 0.65449 0.88164 0.64517 0.87051 0.63615 0.85880 0.63320 0.84853 0.63187 0.82437 0.63763 0.80384 0.65182 0.78133 0.67622 0.77637 0.68687 0.78365 0.71259 0.79921 0.71615 0.81377 0.72413 0.82006 0.73699
4 0.31342 0.15011 0.29908 0.13047 0.28801 0.12130 0.27922 0.11956 0.27042 0.12174 0.25413 0.13265 0.24762 0.14094 0.24176 0.14487 0.23362 0.16407 0.22938 0.18371 0.22808 0.19113 0.22710 0.19811 0.22612 0.20684 0.22580 0.21644 0.22645 0.22430 0.22873 0.23084 0.23231 0.23215 0.24827 0.23652 0.27270 0.26227 0.29778 0.29500 0.29941 0.30809 0.30560 0.28845 0.31342 0.27754 0.32058 0.26445 0.32644 0.25267 0.33133 0.23303 0.33165 0.21775 0.33035 0.20641 0.32579 0.18502 0.32221 0.17062 0.31342 0.15011
4 0.34827 0.17847 0.35348 0.17760 0.36162 0.17629 0.37465 0.16669 0.38735 0.15316 0.39159 0.14356 0.38507 0.09032 0.37628 0.06587 0.37107 0.05409 0.36651 0.04405 0.35804 0.04231 0.35152 0.04275 0.34696 0.04667 0.33426 0.05147 0.32221 0.06151 0.31276 0.07286 0.30462 0.08770 0.29550 0.09992 0.29453 0.11388 0.29680 0.12698 0.30853 0.14225 0.32612 0.16887 0.33394 0.17629 0.34240 0.17847 0.34827 0.17847
4 0.23817 0.50710 0.22156 0.48310 0.20886 0.46826 0.18280 0.45386 0.16978 0.44950 0.15577 0.44644 0.14763 0.44950 0.14274 0.45386 0.12776 0.46303 0.11766 0.47394 0.11245 0.48223 0.10854 0.50187 0.10854 0.52063 0.11180 0.54857 0.14046 0.56602 0.16945 0.58697 0.20593 0.61010 0.23134 0.55948 0.23557 0.53285 0.23817 0.50710
4 0.63717 0.20954 0.63875 0.21375 0.63812 0.21796 0.63796 0.22511 0.63780 0.23858 0.64173 0.25373 0.64833 0.26110 0.65524 0.26931 0.66105 0.27794 0.66529 0.29035 0.68226 0.27668 0.70959 0.26110 0.73645 0.24616 0.74179 0.23795 0.74305 0.22953 0.74493 0.21901 0.74383 0.20343 0.74226 0.18323 0.74147 0.17712 0.74163 0.17165 0.73943 0.16176 0.73692 0.15271 0.73142 0.14534 0.72608 0.13777 0.71713 0.12914 0.70817 0.12219 0.69843 0.11903 0.68932 0.12072 0.68210 0.12493 0.67582 0.13124 0.66498 0.14976 0.64880 0.17670 0.64440 0.18533 0.64267 0.19270 0.63985 0.20448 0.63717 0.20954
4 0.71749 0.54654 0.71221 0.56725 0.70995 0.58367 0.71089 0.59730 0.71730 0.61599 0.72672 0.63519 0.73012 0.64150 0.73615 0.65186 0.74237 0.65994 0.74633 0.66777 0.75104 0.67333 0.77253 0.67635 0.78044 0.67307 0.78949 0.66676 0.80080 0.65413 0.81343 0.64478 0.82361 0.63898 0.83567 0.63494 0.85396 0.63089 0.85490 0.62155 0.86131 0.61145 0.86432 0.60084 0.86640 0.58796 0.86677 0.57483 0.86583 0.56826 0.86168 0.55639 0.86037 0.55058 0.85452 0.53165 0.85132 0.51118 0.84887 0.49527 0.84190 0.48566 0.83530 0.47810 0.82474 0.47203 0.81456 0.46875 0.81173 0.46496 0.71560 0.51850 0.72201 0.52608 0.72126 0.53871 0.71749 0.54654
