1 0.39898 0.44859 0.39918 0.44996 0.39856 0.45147 0.39830 0.45063 0.39800 0.45021 0.39790 0.45183 0.39800 0.45457 0.39820 0.45656 0.39891 0.45523 0.39924 0.45344 0.39967 0.45249 0.39977 0.45162 0.39972 0.45021 0.39994 0.44880 0.40040 0.44805 0.40025 0.44727 0.40027 0.44590 0.40025 0.44482 0.39891 0.44644 0.39802 0.44789 0.39835 0.44922 0.39898 0.44859
1 0.38720 0.52233 0.38758 0.52553 0.38921 0.52491 0.39053 0.52718 0.39160 0.53007 0.39236 0.53058 0.39210 0.51686 0.39097 0.51562 0.38877 0.51676 0.38814 0.52027 0.38827 0.52130 0.38720 0.52233
1 0.38353 0.50745 0.38265 0.50609 0.38261 0.50437 0.38274 0.50301 0.38243 0.50200 0.38178 0.50237 0.38152 0.50867 0.38200 0.51053 0.38283 0.50903 0.38353 0.50745
1 0.40296 0.43865 0.40322 0.43951 0.40437 0.43865 0.40500 0.43736 0.40548 0.43572 0.40642 0.43547 0.40694 0.43452 0.40668 0.43349 0.40720 0.43177 0.40815 0.42979 0.40851 0.43057 0.40899 0.42902 0.40977 0.42618 0.40904 0.42532 0.40652 0.43022 0.40464 0.43392 0.40348 0.43676 0.40296 0.43865
1 0.39565 0.46965 0.39643 0.46800 0.39673 0.46804 0.39628 0.46957 0.39608 0.47103 0.39648 0.47036 0.39709 0.46916 0.39775 0.46709 0.39797 0.46572 0.39812 0.46468 0.39797 0.46406 0.39734 0.46526 0.39711 0.46489 0.39691 0.46414 0.39635 0.46451 0.39602 0.46659 0.39550 0.46812 0.39532 0.47024 0.39565 0.46965
1 0.38368 0.53819 0.38399 0.54170 0.38477 0.54378 0.38639 0.54142 0.38757 0.54421 0.38800 0.54772 0.38988 0.54894 0.39180 0.54851 0.39255 0.54829 0.39250 0.54227 0.39220 0.53303 0.39141 0.53182 0.39071 0.53088 0.39006 0.53175 0.38875 0.53253 0.38805 0.53253 0.38748 0.53131 0.38687 0.52924 0.38612 0.52680 0.38486 0.52515 0.38355 0.52415 0.38250 0.52250 0.38263 0.52121 0.38202 0.51971 0.38220 0.51763 0.38158 0.51613 0.38010 0.51505 0.37923 0.51376 0.37888 0.51111 0.37866 0.50911 0.37748 0.50839 0.37630 0.50875 0.37564 0.50989 0.37521 0.51319 0.37525 0.51634 0.37578 0.51820 0.37709 0.51820 0.37805 0.51885 0.37901 0.51978 0.37923 0.52229 0.38128 0.52709 0.38220 0.52881 0.38289 0.53411 0.38368 0.53819
1 0.39580 0.47401 0.39550 0.47214 0.39501 0.47256 0.39484 0.47645 0.39496 0.47720 0.39567 0.47617 0.39580 0.47401
1 0.39481 0.48711 0.39479 0.48545 0.39481 0.48442 0.39418 0.48466 0.39393 0.48798 0.39393 0.48856 0.39436 0.48794 0.39481 0.48711
1 0.44300 0.47101 0.44326 0.47149 0.44366 0.47191 0.44371 0.47323 0.44395 0.47371 0.44373 0.47500 0.44366 0.47578 0.44408 0.47551 0.44424 0.47482 0.44435 0.47365 0.44446 0.47242 0.44507 0.47260 0.44536 0.47206 0.44517 0.47146 0.44483 0.47113 0.44410 0.47026 0.44379 0.46939 0.44370 0.46814 0.44366 0.46739 0.44344 0.46691 0.44320 0.46673 0.44296 0.46727 0.44280 0.46943 0.44265 0.47065 0.44278 0.47170 0.44300 0.47101
1 0.44474 0.46242 0.44472 0.46104 0.44509 0.46134 0.44541 0.46077 0.44514 0.45972 0.44485 0.45921 0.44425 0.45861 0.44362 0.45873 0.44346 0.45981 0.44377 0.46155 0.44421 0.46308 0.44474 0.46242
1 0.44174 0.45244 0.44168 0.45415 0.44288 0.45451 0.44357 0.45363 0.44310 0.45114 0.44205 0.44975 0.44107 0.44824 0.44079 0.44648 0.44070 0.44446 0.44041 0.44291 0.43987 0.44161 0.43934 0.44047 0.43893 0.43995 0.43792 0.44156 0.43956 0.44741 0.44025 0.45016 0.44133 0.45094 0.44174 0.45244
1 0.47367 0.46816 0.47472 0.47152 0.47622 0.47249 0.47640 0.47100 0.47731 0.46794 0.47763 0.46473 0.47763 0.46279 0.47768 0.46033 0.47859 0.45981 0.47931 0.45988 0.47959 0.45869 0.47922 0.45682 0.47904 0.45526 0.47954 0.45302 0.47963 0.45086 0.47672 0.45362 0.47513 0.46093 0.47418 0.46585 0.47367 0.46816
1 0.52905 0.56717 0.53344 0.56663 0.53580 0.56620 0.52768 0.56416 0.52093 0.56309 0.51727 0.55772 0.51249 0.55149 0.51032 0.54966 0.50836 0.54794 0.50823 0.55063 0.51183 0.55686 0.51687 0.56298 0.51943 0.56814 0.52905 0.56717
1 0.33390 0.43546 0.33698 0.43278 0.33988 0.43123 0.34453 0.43133 0.34761 0.43226 0.35057 0.43412 0.35328 0.43598 0.35617 0.43711 0.35988 0.43752 0.36340 0.43711 0.36566 0.43546 0.36397 0.43185 0.36170 0.42978 0.35938 0.42710 0.35623 0.42462 0.35453 0.42267 0.35485 0.42133 0.35365 0.41947 0.35346 0.41637 0.35189 0.41483 0.34906 0.41349 0.34610 0.41349 0.34372 0.41441 0.34132 0.41575 0.33988 0.41710 0.34082 0.41452 0.34026 0.41400 0.33805 0.41544 0.33636 0.41679 0.33541 0.41947 0.33472 0.42071 0.33365 0.42091 0.33365 0.42298 0.33459 0.42349 0.33390 0.42504 0.33315 0.42793 0.33139 0.43463 0.33063 0.44010 0.33151 0.43958 0.33390 0.43546
1 0.50643 0.43212 0.50911 0.43449 0.51239 0.43459 0.51586 0.43524 0.51789 0.43620 0.52110 0.43932 0.52247 0.43825 0.52280 0.43545 0.52175 0.43245 0.52168 0.42912 0.51926 0.42793 0.51795 0.42482 0.51782 0.42095 0.52031 0.41773 0.52182 0.41376 0.52155 0.41064 0.51913 0.40538 0.51684 0.40183 0.51435 0.39947 0.51167 0.39808 0.50676 0.39668 0.50322 0.39668 0.49883 0.39679 0.49569 0.39700 0.49346 0.40269 0.49182 0.40903 0.49340 0.41139 0.49752 0.41258 0.50086 0.41268 0.50158 0.41687 0.49746 0.41848 0.49543 0.41902 0.49523 0.42149 0.49877 0.42536 0.50132 0.42632 0.50440 0.42922 0.50643 0.43212
1 0.52047 0.52098 0.51943 0.52807 0.51864 0.53280 0.51858 0.53387 0.52008 0.53065 0.52231 0.52109 0.52296 0.51325 0.52434 0.49832 0.52512 0.49273 0.52565 0.48597 0.52388 0.49714 0.52270 0.50423 0.52198 0.51164 0.52047 0.52098
4 0.57165 0.54986 0.57696 0.55131 0.58606 0.55277 0.59249 0.55495 0.59936 0.55822 0.60623 0.56113 0.63018 0.56986 0.64415 0.57677 0.64814 0.57531 0.64836 0.56950 0.65058 0.55495 0.65058 0.53313 0.64836 0.50621 0.64503 0.48948 0.63838 0.45748 0.62818 0.43093 0.62020 0.42257 0.60845 0.41820 0.59825 0.41820 0.58694 0.42475 0.58273 0.43530 0.57335 0.46181 0.56524 0.50147 0.56626 0.53534 0.56743 0.54440 0.56854 0.54586 0.57165 0.54986
4 0.33440 0.56768 0.33817 0.56659 0.34150 0.56659 0.35369 0.56513 0.37786 0.55858 0.38340 0.55350 0.38761 0.54949 0.39293 0.55058 0.39278 0.54673 0.39223 0.51604 0.38429 0.50331 0.37808 0.48403 0.36766 0.44439 0.36212 0.42475 0.35458 0.40402 0.34992 0.39675 0.34305 0.39238 0.33041 0.39784 0.32531 0.40875 0.32354 0.42620 0.32487 0.44875 0.32531 0.49312 0.32442 0.52222 0.32221 0.55022 0.32464 0.56077 0.32575 0.56477 0.32908 0.56659 0.33440 0.56768
4 0.40047 0.56004 0.40801 0.55604 0.42553 0.54913 0.44726 0.54368 0.45324 0.54040 0.45590 0.53422 0.45657 0.52549 0.45480 0.50585 0.45324 0.49785 0.45125 0.48039 0.43794 0.43202 0.43573 0.42038 0.43063 0.41129 0.42464 0.40693 0.42220 0.40183 0.41511 0.40147 0.41134 0.40293 0.40690 0.41093 0.40269 0.42366 0.39693 0.44766 0.39472 0.47137 0.39249 0.51640 0.39293 0.55313 0.39493 0.55968 0.39715 0.56113 0.40047 0.56004
4 0.47586 0.44657 0.47409 0.45348 0.47253 0.48839 0.47010 0.50694 0.46743 0.52622 0.46566 0.53749 0.46455 0.55168 0.46522 0.55895 0.46899 0.56295 0.49471 0.56986 0.49870 0.56986 0.50446 0.57168 0.51222 0.57168 0.51754 0.56986 0.52840 0.56772 0.53883 0.56695 0.54637 0.56840 0.54881 0.56622 0.54991 0.56222 0.54748 0.53058 0.54459 0.51204 0.54171 0.48621 0.53528 0.46293 0.52619 0.44112 0.52220 0.43057 0.52287 0.41493 0.52198 0.40875 0.51865 0.40256 0.51289 0.39602 0.50003 0.39602 0.49559 0.39675 0.48983 0.41165 0.48362 0.42111 0.47586 0.44657
1 0.36295 0.45939 0.36402 0.46362 0.36483 0.46806 0.36615 0.47249 0.36697 0.47765 0.36880 0.48683 0.37049 0.49313 0.37225 0.49622 0.37521 0.49601 0.37634 0.49374 0.37471 0.49168 0.37351 0.48890 0.37270 0.48662 0.37131 0.48271 0.37238 0.47982 0.37408 0.47631 0.37376 0.47146 0.37188 0.46527 0.37075 0.45939 0.36930 0.45434 0.36773 0.45114 0.36634 0.44990 0.36445 0.44877 0.36181 0.44639 0.36075 0.44443 0.36131 0.44237 0.35999 0.44134 0.35892 0.44103 0.35697 0.44268 0.35930 0.45114 0.36049 0.45341 0.36049 0.45733 0.36295 0.45939
1 0.45175 0.52332 0.45267 0.52457 0.45464 0.52305 0.45573 0.52305 0.45486 0.52698 0.45371 0.53352 0.45355 0.53745 0.45617 0.53388 0.45644 0.52573 0.45590 0.51848 0.45459 0.50613 0.45257 0.49512 0.45186 0.48742 0.45017 0.48850 0.44847 0.49100 0.44727 0.49145 0.44597 0.48975 0.44520 0.48877 0.44498 0.49028 0.44564 0.49789 0.44717 0.50568 0.44984 0.51750 0.45175 0.52332
1 0.67541 0.52658 0.68007 0.51204 0.68184 0.50222 0.68317 0.49530 0.68495 0.48985 0.68339 0.48185 0.68605 0.47203 0.68517 0.46293 0.68605 0.45857 0.68982 0.45894 0.69204 0.45566 0.69381 0.45094 0.69958 0.44984 0.70157 0.44984 0.70202 0.44657 0.69492 0.44075 0.68871 0.44620 0.68450 0.45312 0.66832 0.49312 0.64991 0.51276 0.65169 0.54550 0.65967 0.55895 0.66632 0.56259 0.66987 0.54222 0.67386 0.53568 0.67541 0.52658
4 0.66144 0.56368 0.66676 0.56913 0.67475 0.57932 0.68184 0.58441 0.70579 0.58768 0.70956 0.58259 0.71133 0.56840 0.71111 0.54404 0.71288 0.51931 0.71200 0.50112 0.70645 0.46767 0.70246 0.44584 0.69470 0.44075 0.69027 0.44475 0.68428 0.45493 0.67985 0.46803 0.66787 0.49530 0.65124 0.51094 0.64925 0.51349 0.65146 0.54477 0.66144 0.56368
1 0.41832 0.41448 0.41877 0.41489 0.41923 0.41489 0.41973 0.41418 0.42037 0.41452 0.42100 0.41468 0.42148 0.41402 0.42188 0.41385 0.42206 0.41323 0.42074 0.41323 0.41943 0.41261 0.41855 0.41332 0.41832 0.41448
1 0.32605 0.50864 0.32683 0.50115 0.32749 0.49644 0.32827 0.48425 0.32566 0.48617 0.32540 0.50051 0.32475 0.51420 0.32605 0.50864
1 0.56764 0.54178 0.56858 0.54008 0.56980 0.53018 0.57046 0.51858 0.56999 0.50249 0.57339 0.48595 0.57612 0.47388 0.57669 0.46878 0.57471 0.46878 0.57395 0.46630 0.57584 0.46228 0.57791 0.45579 0.57820 0.45177 0.57707 0.45223 0.57339 0.46228 0.56896 0.48378 0.56518 0.50157 0.56594 0.52090 0.56613 0.53235 0.56679 0.53946 0.56764 0.54178
