1 0.39508 0.46179 0.39542 0.46376 0.39603 0.46239 0.39623 0.46059 0.39660 0.45961 0.39664 0.45873 0.39649 0.45733 0.39662 0.45590 0.39702 0.45513 0.39681 0.45436 0.39674 0.45299 0.39664 0.45192 0.39542 0.45362 0.39464 0.45513 0.39506 0.45643 0.39564 0.45577 0.39594 0.45712 0.39542 0.45866 0.39510 0.45784 0.39477 0.45745 0.39478 0.45907 0.39508 0.46179
1 0.39354 0.52435 0.39233 0.52319 0.39021 0.52448 0.38983 0.52802 0.39003 0.52904 0.38903 0.53014 0.38963 0.53331 0.39122 0.53258 0.39269 0.53475 0.39396 0.53755 0.39475 0.53802 0.39354 0.52435
1 0.38241 0.51691 0.38302 0.51874 0.38374 0.51718 0.38433 0.51556 0.38336 0.51426 0.38320 0.51255 0.38324 0.51118 0.38286 0.51020 0.38223 0.51061 0.38241 0.51691
1 0.40260 0.44117 0.40227 0.44016 0.40267 0.43841 0.40347 0.43637 0.40389 0.43712 0.40426 0.43554 0.40484 0.43266 0.40405 0.43185 0.40188 0.43691 0.40026 0.44073 0.39931 0.44364 0.39892 0.44557 0.39924 0.44641 0.40033 0.44547 0.40087 0.44414 0.40122 0.44248 0.40215 0.44215 0.40260 0.44117
1 0.39519 0.47641 0.39570 0.47430 0.39583 0.47292 0.39591 0.47187 0.39571 0.47126 0.39517 0.47251 0.39491 0.47215 0.39466 0.47142 0.39413 0.47183 0.39395 0.47392 0.39353 0.47549 0.39350 0.47761 0.39378 0.47701 0.39445 0.47530 0.39476 0.47532 0.39441 0.47688 0.39431 0.47835 0.39466 0.47765 0.39519 0.47641
1 0.39356 0.55650 0.39545 0.55594 0.39618 0.55567 0.39571 0.54967 0.39476 0.54047 0.39390 0.53931 0.39313 0.53843 0.39254 0.53934 0.39129 0.54021 0.39059 0.54026 0.38994 0.53909 0.38918 0.53706 0.38827 0.53468 0.38689 0.53312 0.38552 0.53221 0.38436 0.53065 0.38440 0.52935 0.38368 0.52789 0.38371 0.52581 0.38300 0.52435 0.38144 0.52338 0.38048 0.52215 0.37995 0.51953 0.37959 0.51755 0.37836 0.51692 0.37721 0.51735 0.37664 0.51854 0.37643 0.52186 0.37669 0.52500 0.37735 0.52682 0.37865 0.52673 0.37966 0.52731 0.38068 0.52817 0.38107 0.53066 0.38346 0.53530 0.38449 0.53695 0.38556 0.54219 0.38663 0.54621 0.38718 0.54969 0.38811 0.55171 0.38955 0.54924 0.39093 0.55194 0.39161 0.55542 0.39356 0.55650
1 0.39424 0.48134 0.39381 0.47950 0.39336 0.47995 0.39345 0.48385 0.39363 0.48458 0.39426 0.48350 0.39424 0.48134
1 0.39377 0.49534 0.39417 0.49448 0.39403 0.49283 0.39398 0.49179 0.39337 0.49208 0.39335 0.49541 0.39339 0.49599 0.39377 0.49534
1 0.44211 0.47977 0.44251 0.47947 0.44262 0.47877 0.44265 0.47760 0.44268 0.47636 0.44329 0.47650 0.44354 0.47594 0.44332 0.47536 0.44295 0.47505 0.44216 0.47424 0.44179 0.47339 0.44161 0.47214 0.44152 0.47140 0.44127 0.47093 0.44102 0.47077 0.44082 0.47133 0.44081 0.47349 0.44075 0.47473 0.44095 0.47576 0.44112 0.47506 0.44141 0.47552 0.44184 0.47591 0.44198 0.47722 0.44225 0.47768 0.44212 0.47899 0.44211 0.47977
1 0.44149 0.46260 0.44088 0.46277 0.44079 0.46385 0.44123 0.46557 0.44177 0.46706 0.44225 0.46637 0.44214 0.46499 0.44252 0.46526 0.44281 0.46467 0.44246 0.46365 0.44214 0.46316 0.44149 0.46260
1 0.43761 0.45248 0.43720 0.45074 0.43697 0.44873 0.43657 0.44720 0.43595 0.44595 0.43533 0.44485 0.43489 0.44436 0.43399 0.44603 0.43604 0.45176 0.43692 0.45445 0.43805 0.45515 0.43856 0.45662 0.43862 0.45833 0.43984 0.45861 0.44047 0.45768 0.43983 0.45523 0.43869 0.45391 0.43761 0.45248
1 0.47509 0.46444 0.47496 0.46198 0.47584 0.46140 0.47657 0.46142 0.47675 0.46021 0.47626 0.45838 0.47597 0.45683 0.47631 0.45456 0.47625 0.45240 0.47354 0.45535 0.47247 0.46276 0.47186 0.46773 0.47152 0.47008 0.47280 0.47335 0.47436 0.47421 0.47444 0.47271 0.47513 0.46960 0.47523 0.46638 0.47509 0.46444
1 0.51605 0.55049 0.51376 0.54882 0.51168 0.54724 0.51174 0.54993 0.51577 0.55590 0.52123 0.56165 0.52413 0.56661 0.53367 0.56498 0.53801 0.56414 0.54033 0.56354 0.53209 0.56207 0.52528 0.56147 0.52125 0.55637 0.51605 0.55049
1 0.34917 0.44637 0.35213 0.44730 0.35586 0.44745 0.35935 0.44679 0.36149 0.44499 0.35954 0.44150 0.35714 0.43960 0.35463 0.43709 0.35132 0.43484 0.34949 0.43300 0.34971 0.43164 0.34839 0.42988 0.34799 0.42680 0.34631 0.42537 0.34339 0.42423 0.34044 0.42443 0.33813 0.42552 0.33583 0.42703 0.33448 0.42847 0.33525 0.42583 0.33465 0.42535 0.33255 0.42695 0.33095 0.42840 0.33020 0.43115 0.32959 0.43243 0.32854 0.43271 0.32868 0.43477 0.32966 0.43522 0.32908 0.43681 0.32853 0.43974 0.32724 0.44655 0.32687 0.45206 0.32771 0.45148 0.32981 0.44720 0.33269 0.44431 0.33547 0.44257 0.34012 0.44234 0.34326 0.44305 0.34634 0.44470 0.34917 0.44637
1 0.51811 0.43683 0.51824 0.43402 0.51699 0.43109 0.51669 0.42778 0.51419 0.42677 0.51267 0.42375 0.51226 0.41990 0.51452 0.41651 0.51575 0.41244 0.51527 0.40936 0.51248 0.40427 0.50995 0.40090 0.50730 0.39871 0.50453 0.39751 0.49953 0.39646 0.49600 0.39671 0.49164 0.39712 0.48851 0.39755 0.48669 0.40338 0.48550 0.40982 0.48723 0.41207 0.49143 0.41296 0.49477 0.41284 0.49578 0.41696 0.49178 0.41886 0.48979 0.41954 0.48977 0.42201 0.49356 0.42562 0.49618 0.42641 0.49945 0.42909 0.50168 0.43184 0.50452 0.43401 0.50779 0.43389 0.51130 0.43429 0.51339 0.43511 0.51681 0.43800 0.51811 0.43683
1 0.52383 0.51162 0.52416 0.49663 0.52455 0.49100 0.52461 0.48421 0.52362 0.49548 0.52294 0.50263 0.52274 0.51008 0.52189 0.51950 0.52134 0.52665 0.52088 0.53142 0.52089 0.53250 0.52217 0.52918 0.52372 0.51948 0.52383 0.51162
4 0.63474 0.56061 0.64915 0.56653 0.65303 0.56480 0.65285 0.55898 0.65404 0.54431 0.65252 0.52254 0.64843 0.49585 0.64395 0.47939 0.63508 0.44793 0.62305 0.42216 0.61451 0.41437 0.60248 0.41084 0.59231 0.41155 0.58148 0.41887 0.57802 0.42968 0.57051 0.45679 0.56518 0.49691 0.56857 0.53063 0.57036 0.53959 0.57157 0.54096 0.57495 0.54474 0.58036 0.54582 0.58953 0.54664 0.59609 0.54836 0.60318 0.55115 0.61024 0.55357 0.63474 0.56061
4 0.39134 0.55721 0.39672 0.55793 0.39630 0.55410 0.39361 0.52352 0.38480 0.51137 0.37726 0.49257 0.36410 0.45376 0.35720 0.43455 0.34823 0.41440 0.34308 0.40747 0.33592 0.40359 0.32370 0.40991 0.31937 0.42115 0.31882 0.43869 0.32172 0.46109 0.32525 0.50533 0.32640 0.53441 0.32614 0.56250 0.32931 0.57285 0.33070 0.57677 0.33414 0.57835 0.33952 0.57907 0.34321 0.57772 0.34653 0.57748 0.35859 0.57518 0.38224 0.56696 0.38742 0.56150 0.39134 0.55721
4 0.45845 0.52846 0.45531 0.50899 0.45321 0.50112 0.45000 0.48384 0.43335 0.43652 0.43033 0.42506 0.42461 0.41635 0.41833 0.41241 0.41554 0.40750 0.40844 0.40763 0.40478 0.40935 0.40092 0.41764 0.39760 0.43063 0.39353 0.45498 0.39298 0.47879 0.39390 0.52386 0.39690 0.56047 0.39935 0.56686 0.40166 0.56816 0.40490 0.56684 0.41215 0.56232 0.42914 0.55421 0.45043 0.54725 0.45618 0.54356 0.45840 0.53721 0.45845 0.52846
4 0.46824 0.55402 0.46941 0.56123 0.47345 0.56496 0.49959 0.57006 0.50357 0.56978 0.50945 0.57119 0.51719 0.57065 0.52238 0.56847 0.53305 0.56557 0.54340 0.56408 0.55102 0.56500 0.55331 0.56266 0.55413 0.55859 0.54949 0.52720 0.54532 0.50890 0.54065 0.48333 0.53261 0.46056 0.52202 0.43943 0.51730 0.42919 0.51687 0.41354 0.51556 0.40744 0.51181 0.40150 0.50560 0.39537 0.49277 0.39627 0.48840 0.39730 0.48369 0.41258 0.47816 0.42245 0.47219 0.44838 0.47090 0.45540 0.47179 0.49034 0.47065 0.50901 0.46934 0.52843 0.46836 0.53980 0.46824 0.55402
1 0.37033 0.50218 0.37230 0.50514 0.37524 0.50473 0.37621 0.50238 0.37443 0.50044 0.37305 0.49775 0.37207 0.49554 0.37042 0.49173 0.37128 0.48877 0.37273 0.48515 0.37208 0.48034 0.36977 0.47430 0.36823 0.46851 0.36643 0.46357 0.36464 0.46048 0.36317 0.45935 0.36121 0.45835 0.35841 0.45616 0.35721 0.45428 0.35763 0.45219 0.35624 0.45125 0.35515 0.45101 0.35332 0.45280 0.35623 0.46107 0.35758 0.46325 0.35786 0.46716 0.36045 0.46905 0.36181 0.47320 0.36293 0.47756 0.36456 0.48190 0.36574 0.48698 0.36820 0.49602 0.37033 0.50218
1 0.45628 0.54060 0.45864 0.53685 0.45834 0.52871 0.45729 0.52151 0.45512 0.50928 0.45234 0.49844 0.45110 0.49081 0.44949 0.49200 0.44797 0.49462 0.44681 0.49515 0.44538 0.49354 0.44455 0.49262 0.44444 0.49415 0.44562 0.50169 0.44769 0.50935 0.45118 0.52095 0.45349 0.52663 0.45450 0.52781 0.45636 0.52615 0.45745 0.52608 0.45685 0.53007 0.45616 0.53667 0.45628 0.54060
1 0.68365 0.45912 0.68213 0.45011 0.68271 0.44569 0.68650 0.44579 0.68848 0.44238 0.68992 0.43753 0.69559 0.43604 0.69758 0.43590 0.69780 0.43261 0.69031 0.42730 0.68450 0.43317 0.68078 0.44036 0.66742 0.48140 0.65044 0.50227 0.65449 0.53480 0.66339 0.54767 0.67028 0.55083 0.67240 0.53027 0.67592 0.52346 0.67684 0.51428 0.68047 0.49945 0.68155 0.48952 0.68240 0.48254 0.68379 0.47697 0.68168 0.46910 0.68365 0.45912
4 0.71559 0.55350 0.71367 0.52920 0.71371 0.50441 0.71156 0.48633 0.70369 0.45334 0.69819 0.43185 0.69009 0.42731 0.68595 0.43161 0.68069 0.44219 0.67718 0.45556 0.66713 0.48360 0.65164 0.50037 0.64982 0.50305 0.65422 0.53409 0.66549 0.55226 0.67118 0.55733 0.67985 0.56693 0.68729 0.57152 0.71140 0.57311 0.71481 0.56777 0.71559 0.55350
1 0.41567 0.41971 0.41606 0.41951 0.41620 0.41888 0.41488 0.41897 0.41353 0.41844 0.41270 0.41921 0.41255 0.42038 0.41303 0.42076 0.41349 0.42073 0.41394 0.41999 0.41460 0.42028 0.41524 0.42040 0.41567 0.41971
1 0.32617 0.52639 0.32708 0.52075 0.32734 0.51323 0.32766 0.50848 0.32759 0.49627 0.32512 0.49837 0.32586 0.51268 0.32617 0.52639
1 0.57411 0.46864 0.57432 0.46350 0.57235 0.46364 0.57142 0.46123 0.57302 0.45708 0.57464 0.45046 0.57464 0.44643 0.57355 0.44697 0.57058 0.45725 0.56766 0.47901 0.56513 0.49702 0.56723 0.51625 0.56822 0.52766 0.56938 0.53471 0.57038 0.53696 0.57121 0.53520 0.57174 0.52524 0.57159 0.51362 0.57000 0.49760 0.57223 0.48086 0.57411 0.46864
