1 0.21504 0.40697 0.20238 0.37948 0.19696 0.37198 0.19335 0.37490 0.19747 0.38819 0.20445 0.39854 0.20496 0.42608 0.21995 0.46656 0.22899 0.42641 0.22717 0.41052 0.21504 0.40697
4 0.80013 0.28154 0.79115 0.29008 0.78463 0.30175 0.78185 0.31185 0.78030 0.33051 0.77627 0.34644 0.77255 0.35966 0.76760 0.37171 0.75643 0.37908 0.74373 0.38686 0.73692 0.38919 0.75303 0.43351 0.76139 0.47820 0.77349 0.49646 0.78433 0.51356 0.80168 0.53027 0.82307 0.55359 0.83701 0.55749 0.86769 0.55476 0.88411 0.55049 0.89557 0.54622 0.90333 0.53805 0.90828 0.53300 0.91881 0.52951 0.92873 0.52446 0.93122 0.47898 0.93122 0.45837 0.92501 0.42807 0.91881 0.39075 0.91200 0.36005 0.90177 0.33673 0.87450 0.29397 0.85993 0.27298 0.84227 0.26598 0.81811 0.26832 0.80013 0.28154
4 0.25970 0.31963 0.24978 0.35227 0.24235 0.38025 0.23181 0.41795 0.22282 0.45488 0.22096 0.48247 0.22282 0.50851 0.22903 0.52407 0.23615 0.53766 0.24054 0.54288 0.24608 0.54288 0.26527 0.56068 0.27861 0.57030 0.28913 0.57342 0.30405 0.56983 0.31419 0.56373 0.33035 0.55320 0.34430 0.54154 0.36716 0.51763 0.37433 0.50712 0.38055 0.49414 0.37684 0.44827 0.36630 0.42107 0.34770 0.38142 0.33749 0.35383 0.32477 0.32739 0.30557 0.29864 0.28882 0.28464 0.27519 0.28115 0.26869 0.29941 0.25970 0.31963
4 0.52527 0.78953 0.54387 0.80234 0.55811 0.80624 0.57485 0.80507 0.58818 0.79963 0.60088 0.78953 0.61204 0.77514 0.61545 0.76620 0.62288 0.74093 0.63807 0.69936 0.65542 0.64959 0.66440 0.62590 0.66905 0.60880 0.66781 0.58936 0.66626 0.57030 0.66131 0.55593 0.64426 0.55010 0.60615 0.53805 0.59127 0.53495 0.58290 0.52173 0.57299 0.52290 0.56060 0.52756 0.54943 0.53495 0.53023 0.54971 0.51535 0.56215 0.51008 0.57186 0.50389 0.58275 0.49738 0.60258 0.49613 0.63600 0.50016 0.65349 0.49924 0.66476 0.49831 0.71683 0.50450 0.74637 0.51411 0.77048 0.52527 0.78953
4 0.65324 0.26910 0.64768 0.26676 0.63558 0.26988 0.62040 0.27725 0.60987 0.28659 0.60305 0.29475 0.59127 0.32429 0.58600 0.34488 0.58477 0.35500 0.57826 0.38725 0.56184 0.42883 0.56493 0.43622 0.56896 0.47198 0.57392 0.49297 0.57857 0.50968 0.58755 0.52951 0.59283 0.53610 0.66007 0.55437 0.67308 0.55942 0.69880 0.54505 0.72978 0.54193 0.74404 0.54078 0.75240 0.53573 0.76108 0.52368 0.76419 0.51434 0.76450 0.50619 0.76295 0.49219 0.76139 0.47936 0.75985 0.46925 0.75334 0.43195 0.73785 0.39308 0.72390 0.36588 0.69911 0.31612 0.68331 0.29708 0.66534 0.28037 0.65324 0.26910
4 0.15305 0.30466 0.14454 0.30332 0.13499 0.30527 0.12957 0.30886 0.12232 0.31953 0.11795 0.32761 0.11407 0.34125 0.11097 0.35352 0.10839 0.37297 0.10322 0.40924 0.09392 0.44324 0.08876 0.48052 0.09651 0.49507 0.09805 0.50285 0.09935 0.51192 0.10426 0.52358 0.11484 0.53688 0.15047 0.56312 0.16003 0.56470 0.17139 0.56049 0.19076 0.54786 0.20523 0.53944 0.21995 0.52878 0.22434 0.51775 0.22123 0.50576 0.22072 0.48214 0.22311 0.44932 0.22899 0.42932 0.22795 0.41052 0.21426 0.40729 0.18715 0.34186 0.17992 0.31985 0.17037 0.31110 0.15305 0.30466
2 0.44842 0.31959 0.45988 0.32153 0.47320 0.32195 0.48312 0.31807 0.48592 0.30875 0.48622 0.29902 0.48468 0.29276 0.45834 0.25468 0.43663 0.24656 0.43169 0.25356 0.42549 0.29242 0.43510 0.29941 0.43540 0.30797 0.43943 0.31612 0.44842 0.31959
4 0.42642 0.79651 0.44037 0.76348 0.45120 0.74481 0.45276 0.73278 0.46112 0.69973 0.46484 0.67797 0.46670 0.65932 0.47042 0.61656 0.47104 0.59829 0.46330 0.57420 0.45803 0.57148 0.44284 0.56371 0.42146 0.54700 0.40565 0.53417 0.39605 0.53261 0.37900 0.53261 0.36754 0.53610 0.35266 0.54310 0.33778 0.55554 0.33253 0.56254 0.32105 0.57303 0.31269 0.58741 0.30773 0.60451 0.30526 0.63717 0.30804 0.65115 0.32323 0.69197 0.33128 0.73549 0.35484 0.77630 0.39078 0.81983 0.41092 0.82410 0.42022 0.81051 0.42642 0.79651
4 0.17820 0.56642 0.16922 0.58081 0.16457 0.59790 0.16210 0.62044 0.16395 0.63678 0.16704 0.66164 0.17169 0.68770 0.17355 0.70246 0.17665 0.72383 0.17945 0.74366 0.19524 0.76270 0.21012 0.77397 0.22623 0.78019 0.23801 0.78058 0.25134 0.77397 0.26124 0.76814 0.27612 0.74559 0.28820 0.72190 0.29905 0.70012 0.30557 0.67330 0.30711 0.65776 0.30557 0.64027 0.30617 0.60995 0.30804 0.59636 0.31300 0.58586 0.31238 0.58003 0.30711 0.57264 0.30526 0.56992 0.28851 0.57381 0.27210 0.56720 0.25690 0.55320 0.24792 0.54739 0.21880 0.55244 0.19649 0.56215 0.18843 0.56215 0.17820 0.56642
4 0.43076 0.25432 0.42951 0.26754 0.42642 0.28115 0.42053 0.30446 0.40442 0.33829 0.39140 0.37754 0.38489 0.40668 0.37746 0.43778 0.37869 0.46615 0.38024 0.48714 0.38489 0.50307 0.38985 0.51280 0.39419 0.52212 0.40907 0.53573 0.43850 0.55942 0.45926 0.57148 0.47257 0.57729 0.48715 0.57652 0.50047 0.56954 0.51813 0.55827 0.53611 0.54193 0.54634 0.51863 0.55254 0.49763 0.55470 0.48714 0.55408 0.46693 0.55377 0.45215 0.54789 0.42573 0.54169 0.39892 0.53146 0.36664 0.51813 0.33983 0.49335 0.30058 0.45957 0.25705 0.44470 0.24888 0.43634 0.24539 0.43076 0.25432
4 0.76666 0.70673 0.77472 0.67797 0.80354 0.57886 0.80447 0.55710 0.80354 0.54154 0.79920 0.53610 0.79331 0.53529 0.78557 0.53649 0.78061 0.53649 0.77627 0.53573 0.77287 0.53378 0.76511 0.53222 0.75737 0.53183 0.75087 0.53919 0.74095 0.54232 0.72018 0.54310 0.70035 0.54544 0.69446 0.54815 0.68672 0.55281 0.67277 0.56095 0.66750 0.57066 0.66874 0.61307 0.64737 0.68108 0.67432 0.74793 0.72545 0.73161 0.75612 0.71412 0.76666 0.70673
2 0.28943 0.37071 0.29811 0.37461 0.30958 0.37888 0.31950 0.37537 0.32476 0.36488 0.32507 0.35207 0.32569 0.34080 0.32507 0.33029 0.30555 0.29803 0.28881 0.28520 0.27457 0.28054 0.25969 0.32019 0.25380 0.34041 0.26434 0.36956 0.27332 0.37461 0.28416 0.37266 0.28943 0.37071
1 0.28945 0.37132 0.29812 0.37520 0.30960 0.37948 0.31951 0.37598 0.32477 0.36549 0.32508 0.35266 0.32570 0.34139 0.32508 0.33090 0.30557 0.29864 0.28882 0.28581 0.27458 0.28115 0.25970 0.32080 0.25381 0.34100 0.26435 0.37015 0.27334 0.37520 0.28418 0.37325 0.28945 0.37132
