1 0.19589 0.49435 0.21960 0.53042 0.21938 0.48926 0.21404 0.47419 0.20142 0.47345 0.18289 0.44951 0.17593 0.44343 0.17307 0.44709 0.18007 0.45911 0.18920 0.46763 0.19589 0.49435
4 0.73400 0.30195 0.73188 0.31480 0.72266 0.32450 0.71203 0.33494 0.70592 0.33873 0.73158 0.37829 0.74979 0.41996 0.76568 0.43503 0.78009 0.44925 0.80075 0.46163 0.82684 0.47955 0.84131 0.48021 0.87058 0.47065 0.88562 0.46279 0.89583 0.45605 0.90155 0.44635 0.90524 0.44031 0.91471 0.43454 0.92324 0.42739 0.91544 0.38252 0.91080 0.36244 0.89794 0.33430 0.88350 0.29933 0.86996 0.27096 0.85475 0.25053 0.81855 0.21500 0.79964 0.19783 0.78086 0.19499 0.75784 0.20270 0.74330 0.21963 0.73647 0.22997 0.73274 0.24280 0.73230 0.25327 0.73499 0.27180 0.73465 0.28823 0.73400 0.30195
4 0.23184 0.57064 0.24139 0.58441 0.25138 0.59605 0.25684 0.60015 0.26224 0.59890 0.28494 0.61193 0.30010 0.61831 0.31106 0.61898 0.32478 0.61212 0.33329 0.60389 0.34667 0.59000 0.35763 0.57550 0.37453 0.54706 0.37915 0.53521 0.38230 0.52115 0.36836 0.47730 0.35197 0.45317 0.32493 0.41872 0.30877 0.39413 0.29043 0.37123 0.26526 0.34754 0.24579 0.33767 0.23172 0.33733 0.22949 0.35658 0.22529 0.37830 0.22297 0.41234 0.22202 0.44128 0.22023 0.48038 0.21978 0.51839 0.22417 0.54569 0.23184 0.57064
4 0.67106 0.74288 0.67237 0.73341 0.67393 0.70712 0.67938 0.66319 0.68509 0.61080 0.68851 0.58569 0.68920 0.56798 0.68361 0.54932 0.67781 0.53110 0.66976 0.51821 0.65183 0.51637 0.61199 0.51320 0.59679 0.51352 0.58567 0.50252 0.57627 0.50589 0.56524 0.51322 0.55603 0.52293 0.54064 0.54164 0.52894 0.55711 0.52599 0.56775 0.52241 0.57975 0.52052 0.60054 0.52683 0.63338 0.53469 0.64952 0.53633 0.66071 0.54713 0.71165 0.55981 0.73905 0.57459 0.76037 0.58975 0.77642 0.61075 0.78472 0.62551 0.78532 0.64156 0.78041 0.65332 0.77211 0.66342 0.75941 0.67106 0.74288
4 0.54940 0.30826 0.54890 0.32951 0.54998 0.33965 0.55089 0.37254 0.54424 0.41674 0.54892 0.42325 0.56089 0.45719 0.57044 0.47652 0.57873 0.49176 0.59195 0.50906 0.59857 0.51430 0.66820 0.51697 0.68201 0.51897 0.70384 0.49918 0.73333 0.48917 0.74696 0.48484 0.75397 0.47803 0.75972 0.46434 0.76064 0.45454 0.75911 0.44653 0.75445 0.43324 0.75005 0.42108 0.74628 0.41159 0.73154 0.37670 0.70770 0.34232 0.68800 0.31895 0.65264 0.27604 0.63297 0.26105 0.61170 0.24881 0.59737 0.24055 0.59142 0.23952 0.58034 0.24528 0.56721 0.25588 0.55904 0.26735 0.55424 0.27682 0.54940 0.30826
4 0.08825 0.43214 0.08799 0.44479 0.08985 0.46431 0.09297 0.50082 0.09156 0.53604 0.09492 0.57353 0.10575 0.58596 0.10900 0.59319 0.11230 0.60174 0.11970 0.61200 0.13301 0.62258 0.17363 0.64013 0.18329 0.63951 0.19342 0.63286 0.20945 0.61620 0.22166 0.60474 0.23360 0.59104 0.23540 0.57930 0.22967 0.56832 0.22386 0.54542 0.21880 0.51291 0.22003 0.49210 0.21479 0.47402 0.20072 0.47394 0.15959 0.41629 0.14760 0.39647 0.13632 0.39010 0.11800 0.38771 0.10941 0.38832 0.10054 0.39237 0.09607 0.39709 0.09141 0.40911 0.08896 0.41797 0.08825 0.43214
2 0.43845 0.30152 0.40422 0.27034 0.38125 0.26731 0.37800 0.27524 0.38070 0.31451 0.39163 0.31915 0.39386 0.32742 0.39962 0.33446 0.40916 0.33582 0.42076 0.33513 0.43384 0.33254 0.44263 0.32653 0.44326 0.31682 0.44136 0.30727 0.43845 0.30152
4 0.50340 0.66273 0.49740 0.62023 0.49389 0.60228 0.48093 0.58056 0.47518 0.57908 0.45863 0.57494 0.43405 0.56346 0.41575 0.55452 0.40605 0.55516 0.38944 0.55899 0.37906 0.56497 0.36613 0.57514 0.35444 0.59061 0.35089 0.59861 0.34207 0.61142 0.33715 0.62730 0.33617 0.64508 0.34110 0.67746 0.34696 0.69046 0.37094 0.72681 0.38858 0.76741 0.42071 0.80188 0.46553 0.83620 0.48611 0.83583 0.49211 0.82050 0.49500 0.80546 0.50116 0.77014 0.50753 0.74952 0.50633 0.73744 0.50705 0.70336 0.50577 0.68131 0.50340 0.66273
4 0.22233 0.75674 0.22746 0.77070 0.23529 0.79083 0.24247 0.80953 0.26215 0.82452 0.27918 0.83215 0.29628 0.83459 0.30784 0.83232 0.31934 0.82288 0.32768 0.81497 0.33711 0.78966 0.34355 0.76385 0.34922 0.74019 0.34954 0.71260 0.34754 0.69711 0.34210 0.68041 0.33588 0.65073 0.33464 0.63707 0.33711 0.62573 0.33519 0.62019 0.32839 0.61417 0.32598 0.61193 0.31054 0.61950 0.29305 0.61675 0.27510 0.60652 0.26504 0.60288 0.23780 0.61435 0.21825 0.62884 0.21040 0.63065 0.20139 0.63711 0.19587 0.65315 0.19519 0.67085 0.19785 0.69337 0.20333 0.70887 0.21194 0.73240 0.22233 0.75674
4 0.36685 0.43496 0.36660 0.46694 0.37418 0.49431 0.38042 0.51440 0.38853 0.52888 0.39555 0.53725 0.40188 0.54535 0.41944 0.55527 0.45344 0.57174 0.47638 0.57881 0.49066 0.58148 0.50469 0.57745 0.51610 0.56765 0.53078 0.55270 0.54462 0.53273 0.54934 0.50773 0.55066 0.48587 0.55041 0.47516 0.54526 0.45561 0.54163 0.44128 0.52996 0.41686 0.51788 0.39213 0.50065 0.36298 0.48164 0.33986 0.44866 0.30718 0.40595 0.27237 0.38963 0.26776 0.38070 0.26624 0.37727 0.27620 0.37903 0.28936 0.37907 0.30331 0.37858 0.32735 0.37049 0.36393 0.36664 0.40511 0.36685 0.43496
4 0.79373 0.46840 0.78646 0.47132 0.78163 0.47243 0.77723 0.47267 0.77347 0.47153 0.76556 0.47176 0.75793 0.47312 0.75325 0.48175 0.74429 0.48704 0.72423 0.49247 0.70544 0.49921 0.70031 0.50317 0.69381 0.50946 0.68205 0.52052 0.67910 0.53117 0.68985 0.57221 0.68432 0.64329 0.72563 0.70236 0.77177 0.67496 0.79772 0.65102 0.80633 0.64144 0.80771 0.61161 0.81350 0.50856 0.80951 0.48715 0.80511 0.47220 0.79965 0.46787 0.79373 0.46840
2 0.29434 0.38409 0.29137 0.37399 0.26510 0.34695 0.24590 0.33822 0.23098 0.33688 0.22540 0.37885 0.22421 0.39988 0.24103 0.42592 0.25093 0.42881 0.26105 0.42448 0.26575 0.42139 0.27508 0.42324 0.28722 0.42482 0.29609 0.41917 0.29885 0.40777 0.29627 0.39521 0.29434 0.38409
1 0.29449 0.38466 0.29152 0.37458 0.26526 0.34754 0.24605 0.33881 0.23113 0.33747 0.22555 0.37945 0.22435 0.40046 0.24118 0.42649 0.25107 0.42939 0.26120 0.42505 0.26590 0.42198 0.27522 0.42381 0.28736 0.42540 0.29624 0.41976 0.29900 0.40836 0.29642 0.39579 0.29449 0.38466
