2 0.51559 0.48886 0.51630 0.48485 0.51580 0.47839 0.51519 0.47330 0.51309 0.47045 0.51117 0.46894 0.50855 0.48180 0.51148 0.49054 0.51121 0.49681 0.51559 0.48886
4 0.40110 0.44672 0.40029 0.45164 0.39944 0.46633 0.39930 0.47254 0.40015 0.47405 0.40306 0.48242 0.40499 0.48737 0.40764 0.49036 0.41115 0.49301 0.41365 0.49475 0.41783 0.49560 0.41910 0.49545 0.42414 0.49643 0.42764 0.49721 0.43057 0.49673 0.43269 0.49577 0.43480 0.49341 0.43792 0.48915 0.44015 0.48515 0.44060 0.46923 0.43553 0.46322 0.43263 0.45532 0.43289 0.44840 0.43168 0.44502 0.42306 0.43794 0.41835 0.43471 0.41250 0.43558 0.40535 0.43911 0.40019 0.44286 0.40110 0.44672
4 0.51148 0.46887 0.50825 0.48142 0.51146 0.49011 0.51075 0.49702 0.50954 0.50187 0.50806 0.50697 0.50750 0.50925 0.50775 0.51108 0.50758 0.51216 0.50756 0.51264 0.50795 0.51435 0.50805 0.51518 0.50917 0.51675 0.52238 0.51827 0.52815 0.51746 0.52907 0.51624 0.53050 0.51577 0.53190 0.51421 0.53312 0.51338 0.54027 0.51275 0.54298 0.51326 0.54739 0.51354 0.55381 0.51211 0.55800 0.50912 0.56233 0.50601 0.56465 0.50193 0.56866 0.49245 0.57035 0.49013 0.57435 0.48422 0.57555 0.47776 0.57470 0.47465 0.57208 0.46321 0.56937 0.45948 0.56259 0.45618 0.55376 0.45172 0.54808 0.45014 0.53015 0.45211 0.52459 0.45572 0.51968 0.45997 0.51472 0.46565 0.51148 0.46887
2 0.42891 0.47237 0.43354 0.47847 0.43988 0.48200 0.44061 0.46942 0.43560 0.46361 0.43277 0.45545 0.43247 0.45267 0.42848 0.45596 0.42846 0.46006 0.42769 0.46313 0.42867 0.46673 0.42891 0.47237
4 0.57940 0.52250 0.57740 0.51830 0.57496 0.51673 0.57269 0.51568 0.56965 0.51524 0.56532 0.51433 0.56086 0.51434 0.54932 0.51791 0.54288 0.51855 0.54134 0.51945 0.54012 0.52269 0.53797 0.52522 0.53366 0.55553 0.53720 0.55191 0.53946 0.56599 0.54232 0.56960 0.56480 0.57006 0.57110 0.56310 0.57594 0.55384 0.57786 0.54820 0.57897 0.54332 0.57993 0.53905 0.58007 0.53281 0.58027 0.52755 0.57940 0.52250
4 0.44225 0.50505 0.43529 0.50171 0.42924 0.49955 0.42710 0.49918 0.42622 0.49945 0.42462 0.50098 0.41831 0.49989 0.41380 0.50536 0.40922 0.51356 0.40572 0.52556 0.43907 0.54386 0.44220 0.54432 0.44587 0.53976 0.45083 0.52313 0.45231 0.51593 0.45120 0.51388 0.45077 0.51072 0.44919 0.50775 0.44225 0.50505
4 0.57319 0.50470 0.57435 0.50740 0.57816 0.50916 0.58159 0.50840 0.58593 0.50852 0.59223 0.50558 0.59522 0.50295 0.59747 0.50125 0.59922 0.49912 0.60520 0.49095 0.60588 0.48822 0.60872 0.48458 0.61292 0.46937 0.61359 0.46584 0.61491 0.46423 0.60517 0.45858 0.59940 0.45489 0.59582 0.45336 0.59219 0.45696 0.58866 0.46380 0.58316 0.46920 0.57832 0.47603 0.57612 0.47710 0.57395 0.48461 0.56912 0.49177 0.56939 0.49393 0.56978 0.49805 0.57319 0.50470
4 0.52812 0.51841 0.52221 0.52016 0.51853 0.51827 0.51620 0.51785 0.51234 0.51705 0.50643 0.51638 0.50427 0.51649 0.50160 0.51824 0.49741 0.51880 0.49518 0.52083 0.48876 0.55593 0.48935 0.55929 0.51879 0.56599 0.52734 0.56667 0.53288 0.55582 0.53556 0.53733 0.53744 0.52492 0.53631 0.52416 0.53373 0.52190 0.53188 0.51999 0.52812 0.51841
4 0.47640 0.51324 0.46760 0.51234 0.45809 0.51270 0.45580 0.51455 0.45319 0.51647 0.44690 0.54050 0.44808 0.54675 0.48072 0.55730 0.48405 0.55733 0.48790 0.55491 0.49450 0.52033 0.49298 0.51625 0.49155 0.51589 0.48905 0.51576 0.48012 0.51498 0.47640 0.51324
4 0.61590 0.52163 0.61537 0.51441 0.61439 0.50982 0.61355 0.50543 0.61246 0.50290 0.61155 0.50251 0.60874 0.50358 0.60613 0.50470 0.60280 0.50790 0.60020 0.51143 0.59571 0.51562 0.59257 0.51806 0.58930 0.52304 0.58784 0.52605 0.58557 0.52984 0.58244 0.53469 0.57937 0.54294 0.58051 0.55788 0.58239 0.56333 0.58545 0.56410 0.59063 0.56362 0.61067 0.55236 0.61373 0.54700 0.61887 0.54589 0.61887 0.54345 0.61737 0.53890 0.61679 0.53311 0.61714 0.53047 0.61671 0.52650 0.61590 0.52163
4 0.35655 0.46260 0.35850 0.47065 0.36205 0.47878 0.36507 0.47357 0.36893 0.47067 0.37505 0.46850 0.38019 0.46415 0.38444 0.45683 0.38827 0.45328 0.39197 0.45308 0.39562 0.44980 0.39834 0.44581 0.39923 0.44346 0.39759 0.44111 0.39415 0.44187 0.38442 0.43252 0.37160 0.42256 0.36190 0.41757 0.35614 0.41549 0.35394 0.42106 0.35383 0.44791 0.35394 0.45358 0.35579 0.45629 0.35655 0.46260
4 0.44698 0.45359 0.44569 0.45633 0.44409 0.45947 0.44372 0.46421 0.44135 0.47006 0.44015 0.48344 0.44034 0.49202 0.44101 0.49621 0.44415 0.50070 0.45034 0.50433 0.45470 0.50638 0.46036 0.50764 0.47153 0.51122 0.47617 0.51254 0.47827 0.51307 0.48174 0.51457 0.49137 0.51456 0.49387 0.51470 0.49529 0.51103 0.49655 0.50845 0.49669 0.50543 0.49653 0.50039 0.49865 0.48740 0.49965 0.48379 0.50275 0.47989 0.50460 0.46394 0.49988 0.45728 0.49361 0.45315 0.48674 0.45063 0.47897 0.44966 0.47314 0.44949 0.46614 0.45032 0.46196 0.45040 0.45746 0.44976 0.45155 0.45071 0.44698 0.45359
2 0.45325 0.48552 0.45673 0.48779 0.46031 0.48990 0.46232 0.48890 0.47252 0.48166 0.47700 0.47896 0.47985 0.47883 0.48292 0.47755 0.48500 0.47816 0.48782 0.47840 0.49214 0.47798 0.49435 0.47947 0.49567 0.48455 0.49792 0.48846 0.49942 0.48362 0.50290 0.47955 0.50403 0.46632 0.50154 0.46570 0.49856 0.46496 0.49640 0.46302 0.48539 0.46345 0.48105 0.46320 0.47775 0.46229 0.47515 0.46099 0.47320 0.45845 0.47069 0.45839 0.46825 0.45852 0.46615 0.45707 0.46256 0.45785 0.45782 0.45872 0.45510 0.46093 0.45309 0.46312 0.45192 0.46265 0.45230 0.46088 0.44983 0.45971 0.44509 0.45945 0.44410 0.45967 0.44370 0.46432 0.44135 0.46998 0.44145 0.47028 0.44388 0.47182 0.44506 0.47416 0.44848 0.47856 0.45035 0.48117 0.45325 0.48552
4 0.40295 0.48913 0.39903 0.48124 0.39657 0.47161 0.39529 0.46984 0.39382 0.46883 0.39208 0.46888 0.38944 0.47096 0.38345 0.48073 0.37539 0.49723 0.38812 0.51200 0.39642 0.51858 0.40520 0.52479 0.40700 0.51880 0.40777 0.51207 0.40686 0.50798 0.40534 0.49987 0.40408 0.49231 0.40295 0.48913
