4 0.54287 0.65003 0.54575 0.63600 0.54647 0.62790 0.54629 0.58202 0.54737 0.53695 0.54629 0.51589 0.54395 0.51076 0.54107 0.51049 0.53854 0.50941 0.53368 0.50833 0.53097 0.50725 0.52683 0.50779 0.51350 0.51211 0.50215 0.51508 0.49945 0.51751 0.49674 0.51778 0.49512 0.52075 0.49458 0.53209 0.49512 0.54504 0.49530 0.60091 0.49872 0.62736 0.50665 0.64625 0.51566 0.67136 0.52773 0.67378 0.53458 0.66569 0.54287 0.65003
4 0.28951 0.62385 0.29641 0.61238 0.30647 0.60024 0.30978 0.55953 0.31143 0.55210 0.31413 0.55098 0.32164 0.54243 0.31938 0.54041 0.31278 0.53703 0.30768 0.53478 0.30392 0.52714 0.29671 0.51994 0.29041 0.51769 0.28590 0.52286 0.28215 0.52669 0.27674 0.52669 0.26969 0.53838 0.26188 0.55413 0.25542 0.57280 0.25197 0.59484 0.25062 0.61801 0.27314 0.63487 0.28110 0.63353 0.28951 0.62385
4 0.61440 0.48782 0.61710 0.49268 0.63295 0.49835 0.64611 0.50105 0.65151 0.49565 0.65602 0.47406 0.65638 0.44490 0.65277 0.39767 0.64971 0.37257 0.64485 0.34990 0.64214 0.34099 0.63854 0.33829 0.63476 0.33910 0.63025 0.34423 0.62575 0.35719 0.61944 0.37932 0.61151 0.39335 0.61620 0.42574 0.61674 0.45408 0.61440 0.48485 0.61440 0.48782
4 0.61386 0.65408 0.61656 0.66164 0.62160 0.66731 0.62701 0.66326 0.63422 0.63627 0.64268 0.57446 0.64611 0.54369 0.64539 0.52992 0.64359 0.52291 0.63872 0.51670 0.63260 0.51184 0.62322 0.50807 0.61260 0.50402 0.60647 0.50698 0.60268 0.50968 0.60034 0.51265 0.60575 0.51805 0.60827 0.52804 0.60809 0.53263 0.60431 0.58094 0.60070 0.61711 0.60665 0.63546 0.61386 0.65408
4 0.47800 0.66704 0.48287 0.65543 0.48791 0.64194 0.49044 0.63492 0.49188 0.62844 0.49368 0.54585 0.49260 0.53532 0.49097 0.52210 0.48917 0.51913 0.48449 0.51589 0.48016 0.51589 0.47332 0.51481 0.46791 0.51454 0.46521 0.51319 0.46197 0.51481 0.45638 0.51481 0.44593 0.51751 0.43152 0.52183 0.42935 0.52992 0.42864 0.54315 0.42647 0.54450 0.42864 0.61360 0.43062 0.63060 0.43638 0.65138 0.44864 0.68107 0.46467 0.68188 0.47260 0.67729 0.47800 0.66704
4 0.57854 0.67244 0.58557 0.66569 0.59115 0.65246 0.59638 0.63357 0.60250 0.59011 0.60467 0.56502 0.60683 0.54477 0.60737 0.53101 0.60611 0.52048 0.60413 0.51724 0.59962 0.51454 0.59350 0.51346 0.58557 0.51211 0.58106 0.51238 0.57818 0.51535 0.57494 0.51508 0.57350 0.51211 0.57007 0.51184 0.56503 0.51184 0.55584 0.51130 0.55386 0.51373 0.55151 0.51778 0.54881 0.53236 0.54791 0.54099 0.54827 0.63897 0.55386 0.65003 0.56016 0.66515 0.56737 0.67297 0.57854 0.67244
4 0.31533 0.63892 0.31909 0.64140 0.32644 0.64005 0.33455 0.63600 0.34131 0.63128 0.34641 0.62340 0.35842 0.59866 0.36158 0.56807 0.36308 0.55278 0.36848 0.54490 0.37524 0.53816 0.37419 0.53456 0.36488 0.52804 0.35947 0.52106 0.35662 0.51319 0.35362 0.51139 0.35092 0.51319 0.34341 0.52039 0.33620 0.52759 0.32930 0.53051 0.32629 0.53276 0.32254 0.53996 0.32209 0.54333 0.31563 0.54963 0.31188 0.55345 0.31143 0.55345 0.31008 0.55458 0.30692 0.60226 0.30602 0.61576 0.30677 0.62430 0.31113 0.63375 0.31533 0.63892
4 0.30359 0.42008 0.30305 0.45570 0.30377 0.48135 0.30702 0.49943 0.31026 0.51346 0.31404 0.52237 0.32125 0.52534 0.32683 0.52804 0.33026 0.52939 0.33657 0.52561 0.34341 0.52039 0.35765 0.50132 0.36720 0.48620 0.36720 0.48135 0.36701 0.47190 0.36395 0.44086 0.36215 0.42277 0.35530 0.41198 0.33999 0.39443 0.32936 0.38796 0.30395 0.39335 0.30359 0.42008
4 0.36539 0.41198 0.36449 0.43708 0.36521 0.45894 0.36846 0.48026 0.37116 0.49889 0.37512 0.50725 0.38089 0.50860 0.38593 0.51265 0.39368 0.51265 0.41044 0.50779 0.41963 0.50644 0.42161 0.50375 0.42665 0.50240 0.42972 0.50240 0.43476 0.50105 0.43782 0.49403 0.43836 0.48296 0.43818 0.46164 0.43296 0.40793 0.42503 0.38742 0.41242 0.36016 0.40413 0.36070 0.37350 0.37014 0.36792 0.38013 0.36521 0.39309 0.36539 0.41198
4 0.24786 0.47039 0.25086 0.48883 0.25912 0.50593 0.26512 0.51672 0.26813 0.52235 0.27323 0.52662 0.27834 0.52572 0.28314 0.52482 0.28840 0.51807 0.29605 0.51088 0.30206 0.50368 0.30581 0.49783 0.30341 0.48299 0.30251 0.43800 0.30176 0.43125 0.27488 0.39864 0.25206 0.40224 0.24755 0.44452 0.24786 0.47039
4 0.56683 0.33398 0.55872 0.34180 0.55314 0.35260 0.54305 0.37041 0.53890 0.38067 0.53404 0.39713 0.53062 0.40766 0.53224 0.46974 0.53494 0.48890 0.54070 0.50510 0.54503 0.50537 0.54935 0.50887 0.55998 0.50887 0.56899 0.50968 0.57890 0.50833 0.58395 0.50402 0.58899 0.50294 0.60341 0.50537 0.60917 0.49997 0.61242 0.49457 0.61313 0.49025 0.61674 0.45408 0.61620 0.42736 0.61007 0.38904 0.60052 0.35449 0.59548 0.33964 0.58899 0.33155 0.57764 0.32939 0.56683 0.33398
4 0.40366 0.66947 0.40745 0.66245 0.41645 0.64437 0.42150 0.63060 0.42709 0.61387 0.42565 0.54369 0.41970 0.52345 0.41880 0.52129 0.41285 0.51886 0.40565 0.51481 0.39934 0.51346 0.39592 0.51346 0.39195 0.51670 0.38691 0.52426 0.38420 0.52966 0.38276 0.53047 0.38042 0.53209 0.37682 0.53586 0.37375 0.54099 0.36943 0.54423 0.36492 0.55233 0.36158 0.56807 0.35898 0.60037 0.35898 0.64490 0.36024 0.66407 0.36474 0.67271 0.38384 0.67999 0.39465 0.67487 0.40366 0.66947
4 0.48305 0.33451 0.45963 0.34045 0.45368 0.34585 0.44251 0.37500 0.43656 0.39470 0.43350 0.41036 0.43999 0.46704 0.44323 0.48512 0.44791 0.49862 0.45260 0.50779 0.46161 0.50941 0.47386 0.51211 0.48233 0.51211 0.48683 0.51049 0.49188 0.51292 0.49818 0.51265 0.50773 0.51346 0.51800 0.50941 0.52521 0.50914 0.53007 0.50348 0.53242 0.48566 0.53080 0.45489 0.52917 0.41414 0.52881 0.40820 0.52485 0.38742 0.51710 0.36555 0.50755 0.35071 0.49584 0.33775 0.48305 0.33451
