4 0.84936 0.50434 0.84003 0.49579 0.83174 0.51444 0.81309 0.52960 0.78847 0.53271 0.77266 0.51988 0.74390 0.51250 0.73612 0.51211 0.73068 0.52027 0.72498 0.52960 0.71980 0.54243 0.71280 0.55292 0.71047 0.55797 0.71125 0.56652 0.71047 0.57857 0.70995 0.59295 0.71254 0.60267 0.72213 0.61511 0.75271 0.63570 0.77033 0.64775 0.78328 0.65436 0.79495 0.65708 0.80531 0.65708 0.82008 0.64231 0.83200 0.62716 0.85843 0.58207 0.87761 0.53854 0.86673 0.51950 0.86336 0.50550 0.85532 0.50667 0.84936 0.50434
4 0.15888 0.24081 0.14211 0.26789 0.12664 0.30851 0.11503 0.35300 0.11245 0.40522 0.11568 0.42940 0.12986 0.44584 0.15050 0.46131 0.17177 0.48066 0.18080 0.48839 0.20079 0.48839 0.21626 0.48839 0.22916 0.48839 0.25237 0.47002 0.26978 0.46131 0.28332 0.44197 0.29751 0.42456 0.30525 0.40329 0.31299 0.38298 0.31234 0.35976 0.30525 0.33946 0.28784 0.30560 0.27494 0.27756 0.26205 0.24855 0.23819 0.22147 0.21626 0.21180 0.20208 0.20986 0.17693 0.22630 0.15888 0.24081
4 0.77344 0.52105 0.79002 0.53232 0.79650 0.53193 0.80427 0.53077 0.81023 0.52882 0.81386 0.52921 0.81775 0.52533 0.82785 0.51716 0.83226 0.51250 0.83537 0.50511 0.84003 0.49423 0.85144 0.50473 0.85921 0.50667 0.86776 0.50201 0.88072 0.47363 0.88720 0.43671 0.89134 0.40950 0.89134 0.38618 0.88901 0.35820 0.88927 0.34965 0.87113 0.36170 0.83822 0.37297 0.74675 0.44954 0.74286 0.46586 0.73431 0.50745 0.75167 0.51483 0.77344 0.52105
4 0.00000 0.43194 0.00956 0.43315 0.01946 0.43262 0.03872 0.43262 0.05455 0.42533 0.07777 0.41858 0.08910 0.41237 0.10026 0.40212 0.10854 0.38970 0.11214 0.37081 0.12239 0.30927 0.12060 0.30846 0.10584 0.30171 0.09882 0.29362 0.09252 0.27661 0.08640 0.25880 0.08100 0.24368 0.07003 0.23153 0.05221 0.22155 0.03548 0.21345 0.02072 0.21210 0.00075 0.22425 0.00000 0.31021 0.00000 0.43194
4 0.49671 0.68231 0.50397 0.66326 0.50837 0.63256 0.51304 0.59019 0.51381 0.57037 0.51045 0.56182 0.49827 0.55055 0.47028 0.52878 0.45862 0.51324 0.44359 0.50469 0.43530 0.52101 0.42234 0.53306 0.40731 0.53850 0.38891 0.53656 0.37466 0.53112 0.37336 0.59097 0.38010 0.60341 0.39072 0.62284 0.40627 0.64422 0.41508 0.66132 0.42674 0.68347 0.44126 0.69824 0.47080 0.70679 0.48997 0.69863 0.49671 0.68231
4 0.45758 0.50896 0.46924 0.52839 0.48375 0.53967 0.49153 0.54200 0.52081 0.56493 0.53273 0.55910 0.54284 0.55249 0.55527 0.54822 0.56564 0.54200 0.57730 0.52684 0.58041 0.51479 0.58352 0.49575 0.58611 0.47049 0.58715 0.44678 0.58559 0.42385 0.58093 0.40674 0.57315 0.39392 0.56616 0.38615 0.55657 0.38070 0.54310 0.37915 0.52781 0.38226 0.50863 0.39236 0.45628 0.41724 0.45240 0.47204 0.44566 0.50275 0.45758 0.50896
4 0.44022 0.33251 0.43193 0.32551 0.42208 0.32201 0.40964 0.31930 0.39565 0.32668 0.38191 0.33679 0.37077 0.35000 0.36015 0.36283 0.34693 0.37177 0.33449 0.37604 0.31325 0.38187 0.30288 0.41452 0.29718 0.42501 0.28733 0.44211 0.28811 0.44833 0.30625 0.44833 0.31480 0.46116 0.32516 0.48525 0.32827 0.49419 0.34097 0.50585 0.35859 0.51946 0.37544 0.52995 0.38891 0.53539 0.40394 0.53695 0.41379 0.53578 0.42623 0.52878 0.43581 0.51829 0.44177 0.50780 0.44592 0.49769 0.45059 0.48020 0.45344 0.45688 0.45473 0.41024 0.45395 0.37254 0.45240 0.36088 0.44462 0.34339 0.44022 0.33251
4 0.68199 0.39780 0.66204 0.40519 0.64131 0.41918 0.60244 0.44133 0.59129 0.44755 0.58559 0.49264 0.58248 0.51751 0.59440 0.52917 0.61591 0.54938 0.63275 0.55327 0.64882 0.54705 0.65919 0.54550 0.67758 0.53967 0.68976 0.56104 0.69832 0.56221 0.70998 0.55405 0.72293 0.53267 0.73330 0.50741 0.74496 0.45416 0.74677 0.41413 0.72889 0.39159 0.72112 0.38887 0.69883 0.39275 0.68199 0.39780
1 0.57878 0.43630 0.57659 0.43490 0.57576 0.43771 0.57649 0.44161 0.57888 0.43818 0.57878 0.43630
4 0.31713 0.69513 0.32983 0.69552 0.33890 0.68619 0.35030 0.67103 0.36092 0.64499 0.36948 0.60846 0.37155 0.56920 0.37388 0.52917 0.36585 0.52451 0.34667 0.50974 0.32724 0.48992 0.31765 0.47087 0.31325 0.46038 0.30651 0.45260 0.29899 0.45144 0.28474 0.44911 0.27826 0.44833 0.27153 0.46038 0.25494 0.47204 0.22695 0.48914 0.22436 0.49575 0.21581 0.50158 0.21529 0.50547 0.21218 0.52606 0.21529 0.56726 0.22721 0.58630 0.24820 0.61818 0.26867 0.64849 0.28033 0.67026 0.29329 0.68542 0.30521 0.69163 0.31713 0.69513
4 0.06331 0.43682 0.05336 0.44941 0.04558 0.47366 0.04403 0.49885 0.04620 0.51704 0.04652 0.53430 0.05864 0.56415 0.06766 0.58233 0.09471 0.62664 0.11119 0.65043 0.11803 0.65556 0.15659 0.66535 0.17090 0.66302 0.18271 0.65323 0.19702 0.64203 0.20355 0.61731 0.20821 0.59493 0.21412 0.57114 0.21288 0.54083 0.21225 0.52170 0.21412 0.50631 0.21039 0.50118 0.21039 0.49045 0.18302 0.48906 0.14385 0.45734 0.11461 0.43075 0.11213 0.41304 0.10156 0.40371 0.09160 0.41350 0.07761 0.42469 0.06331 0.43682
4 0.55787 0.68464 0.57704 0.69163 0.61228 0.69552 0.64390 0.69513 0.66204 0.68386 0.68614 0.66909 0.69961 0.65665 0.70091 0.64383 0.70402 0.59447 0.70609 0.55793 0.70091 0.56221 0.69132 0.56182 0.67810 0.54045 0.66696 0.54278 0.65115 0.54627 0.63327 0.55405 0.61332 0.54938 0.58767 0.52295 0.58093 0.52140 0.57704 0.52917 0.56875 0.53889 0.56072 0.54589 0.51796 0.56765 0.51355 0.63295 0.52314 0.63334 0.53895 0.65121 0.55787 0.68464
1 0.84058 0.57480 0.84330 0.57406 0.84429 0.57097 0.84454 0.56762 0.84446 0.56453 0.84355 0.56205 0.84248 0.55933 0.84206 0.55685 0.84173 0.55562 0.84008 0.55574 0.83942 0.56193 0.83901 0.56775 0.83893 0.57381 0.84058 0.57480
