4 0.74117 0.46152 0.73348 0.46275 0.72985 0.47187 0.72622 0.48218 0.72381 0.49580 0.71915 0.50752 0.71792 0.51295 0.72046 0.52115 0.72220 0.53310 0.72469 0.54727 0.72924 0.55623 0.74121 0.56641 0.77540 0.58020 0.79514 0.58832 0.80919 0.59209 0.82116 0.59233 0.83130 0.59017 0.84268 0.57265 0.85118 0.55535 0.86766 0.50575 0.87737 0.45919 0.86277 0.44282 0.85656 0.42984 0.84895 0.43265 0.84263 0.43161 0.83173 0.42518 0.82750 0.44515 0.81240 0.46386 0.78897 0.47202 0.77084 0.46276 0.74117 0.46152
4 0.12669 0.52398 0.15009 0.53482 0.17492 0.54932 0.18536 0.55501 0.20492 0.55085 0.22005 0.54764 0.23267 0.54496 0.25155 0.52216 0.26677 0.51002 0.27600 0.48829 0.28625 0.46831 0.28940 0.44589 0.29274 0.42442 0.28728 0.40185 0.27613 0.38346 0.25206 0.35396 0.23361 0.32921 0.21497 0.30352 0.18600 0.28199 0.16254 0.27708 0.14827 0.27814 0.12709 0.29945 0.11244 0.31740 0.10168 0.34737 0.09498 0.39032 0.09288 0.43625 0.10122 0.48787 0.10940 0.51085 0.12669 0.52398
4 0.81607 0.45871 0.82426 0.44862 0.82760 0.44314 0.82910 0.43528 0.83140 0.42366 0.84474 0.43156 0.85275 0.43184 0.86014 0.42550 0.86692 0.39505 0.86558 0.35759 0.86398 0.33012 0.85913 0.30731 0.85103 0.28042 0.84950 0.27200 0.83427 0.28756 0.80442 0.30543 0.73086 0.39934 0.73045 0.41611 0.73074 0.45857 0.74925 0.46218 0.77184 0.46374 0.79040 0.47132 0.79666 0.46959 0.80402 0.46683 0.80945 0.46369 0.81308 0.46332 0.81607 0.45871
4 0.00000 0.53711 0.00638 0.53658 0.01595 0.53400 0.03479 0.53000 0.04876 0.51957 0.07006 0.50815 0.07986 0.49972 0.08864 0.48737 0.09416 0.47350 0.09375 0.45427 0.09099 0.39194 0.08906 0.39153 0.07322 0.38799 0.06468 0.38154 0.05498 0.36621 0.04529 0.35006 0.03687 0.33640 0.02361 0.32680 0.00410 0.32073 0.00000 0.31972 0.00000 0.53711
4 0.50881 0.54980 0.47691 0.53433 0.46227 0.52155 0.44580 0.51631 0.44108 0.53400 0.43091 0.54848 0.41734 0.55693 0.39894 0.55886 0.38387 0.55650 0.39505 0.61531 0.40422 0.62607 0.41865 0.64288 0.43831 0.66055 0.45048 0.67545 0.46649 0.69469 0.48376 0.70612 0.51443 0.70834 0.53149 0.69637 0.53469 0.67901 0.53782 0.65887 0.53575 0.62792 0.53150 0.58551 0.52814 0.56596 0.52307 0.55830 0.50881 0.54980
4 0.55281 0.54244 0.56409 0.53567 0.57294 0.52743 0.58119 0.51018 0.58173 0.49775 0.58081 0.47848 0.57809 0.45323 0.57418 0.42982 0.56789 0.40771 0.55977 0.39196 0.54950 0.38103 0.54104 0.37488 0.53053 0.37155 0.51703 0.37283 0.50272 0.37905 0.48606 0.39292 0.44003 0.42814 0.44763 0.48255 0.44742 0.51398 0.46037 0.51759 0.47582 0.53417 0.49236 0.54218 0.50045 0.54284 0.53385 0.55918 0.54430 0.55100 0.55281 0.54244
4 0.34241 0.38015 0.33468 0.39490 0.32362 0.40639 0.31234 0.41316 0.29277 0.42328 0.28941 0.45737 0.28602 0.46882 0.27994 0.48760 0.28200 0.49351 0.29974 0.48974 0.31077 0.50051 0.32592 0.52193 0.33082 0.53002 0.34566 0.53879 0.36573 0.54843 0.38438 0.55519 0.39870 0.55771 0.41372 0.55611 0.42311 0.55292 0.43382 0.54349 0.44102 0.53123 0.44467 0.51973 0.44662 0.50899 0.44755 0.49091 0.44549 0.46750 0.43706 0.42162 0.42846 0.38490 0.42452 0.37382 0.41327 0.35833 0.40670 0.34860 0.39714 0.34348 0.38678 0.34210 0.37405 0.34203 0.36189 0.35216 0.35056 0.36490 0.34241 0.38015
4 0.58432 0.49998 0.59841 0.50891 0.62365 0.52420 0.64093 0.52450 0.65535 0.51508 0.66517 0.51140 0.68195 0.50188 0.69831 0.52025 0.70692 0.51962 0.71662 0.50921 0.72485 0.48561 0.72974 0.45874 0.73008 0.40423 0.72353 0.36470 0.70135 0.34637 0.69318 0.34532 0.67219 0.35376 0.65676 0.36220 0.63878 0.37357 0.62142 0.39157 0.58800 0.42132 0.57840 0.42972 0.58219 0.47500 0.58432 0.49998
1 0.56138 0.42040 0.56115 0.42332 0.56268 0.42699 0.56431 0.42313 0.56382 0.42132 0.56138 0.42040
4 0.38875 0.59440 0.38270 0.55476 0.37388 0.55187 0.35205 0.54140 0.32892 0.52606 0.31558 0.50942 0.30909 0.50007 0.30088 0.49387 0.29329 0.49429 0.27886 0.49497 0.27236 0.49556 0.26828 0.50875 0.25448 0.52360 0.23066 0.54615 0.22950 0.55315 0.22235 0.56063 0.22265 0.56454 0.22389 0.58533 0.23550 0.62498 0.25112 0.64113 0.27827 0.66795 0.30460 0.69334 0.32053 0.71221 0.33636 0.72434 0.34931 0.72794 0.36170 0.72889 0.37420 0.72663 0.38113 0.71562 0.38913 0.69842 0.39411 0.67074 0.39488 0.63323 0.38875 0.59440
4 0.08162 0.65451 0.09423 0.67042 0.12990 0.70814 0.15097 0.72798 0.15872 0.73158 0.19848 0.73314 0.21198 0.72788 0.22150 0.71584 0.23317 0.70192 0.23442 0.67638 0.23433 0.65352 0.23516 0.62903 0.22764 0.59963 0.22305 0.58105 0.22168 0.56561 0.21696 0.56137 0.21473 0.55088 0.18768 0.55520 0.14276 0.53232 0.10864 0.51239 0.10253 0.49558 0.09024 0.48865 0.08254 0.50030 0.07118 0.51416 0.05971 0.52899 0.05260 0.54338 0.05004 0.56872 0.05375 0.59368 0.05966 0.61102 0.06356 0.62783 0.08162 0.65451
4 0.72782 0.61173 0.72642 0.59892 0.71920 0.54999 0.71363 0.51382 0.70945 0.51908 0.69999 0.52069 0.68262 0.50253 0.67220 0.50713 0.65747 0.51384 0.64160 0.52516 0.62111 0.52474 0.59052 0.50423 0.58361 0.50411 0.58142 0.51252 0.57533 0.52375 0.56893 0.53226 0.53163 0.56244 0.54090 0.62722 0.55036 0.62561 0.56954 0.63981 0.59499 0.66857 0.61520 0.67143 0.65048 0.66790 0.68132 0.66095 0.69672 0.64615 0.71723 0.62670 0.72782 0.61173
1 0.84733 0.48683 0.84641 0.48449 0.84583 0.48335 0.84424 0.48381 0.84488 0.49001 0.84569 0.49578 0.84687 0.50173 0.84869 0.50236 0.85120 0.50106 0.85152 0.49783 0.85107 0.49451 0.85035 0.49150 0.84895 0.48927 0.84733 0.48683
