4 0.74236 0.46996 0.73464 0.47092 0.73070 0.47991 0.72670 0.49008 0.72382 0.50361 0.71876 0.51516 0.71734 0.52054 0.71959 0.52883 0.72092 0.54083 0.72290 0.55508 0.72714 0.56420 0.73874 0.57478 0.77243 0.58976 0.79188 0.59857 0.80579 0.60282 0.81774 0.60348 0.82795 0.60168 0.83993 0.58457 0.84904 0.56757 0.86724 0.51858 0.87857 0.47238 0.86454 0.45552 0.85879 0.44232 0.85108 0.44487 0.84481 0.44360 0.83414 0.43680 0.82921 0.45662 0.81347 0.47478 0.78977 0.48212 0.77197 0.47224 0.74236 0.46996
4 0.12608 0.51094 0.14909 0.52259 0.17340 0.53795 0.18363 0.54400 0.20332 0.54052 0.21856 0.53784 0.23126 0.53560 0.25093 0.51347 0.26656 0.50188 0.27654 0.48048 0.28749 0.46087 0.29141 0.43857 0.29551 0.41723 0.29084 0.39448 0.28033 0.37571 0.25731 0.34540 0.23974 0.32002 0.22200 0.29369 0.19380 0.27116 0.17053 0.26544 0.15622 0.26600 0.13431 0.28656 0.11905 0.30398 0.10725 0.33356 0.09906 0.37625 0.09535 0.42208 0.10188 0.47396 0.10925 0.49721 0.12608 0.51094
4 0.81732 0.46976 0.82585 0.45997 0.82938 0.45461 0.83116 0.44680 0.83387 0.43527 0.84692 0.44363 0.85491 0.44419 0.86252 0.43812 0.87036 0.40792 0.87032 0.37043 0.86968 0.34292 0.86563 0.31996 0.85848 0.29280 0.85725 0.28434 0.84148 0.29935 0.81103 0.31617 0.73424 0.40745 0.73324 0.42421 0.73204 0.46665 0.75042 0.47090 0.77294 0.47325 0.79123 0.48147 0.79754 0.47996 0.80500 0.47746 0.81053 0.47451 0.81417 0.47427 0.81732 0.46976
4 0.00000 0.51959 0.00541 0.51933 0.01506 0.51708 0.03402 0.51374 0.04835 0.50381 0.07004 0.49314 0.08013 0.48505 0.08934 0.47302 0.09533 0.45935 0.09559 0.44012 0.09501 0.37774 0.09310 0.37725 0.07739 0.37317 0.06908 0.36642 0.05992 0.35076 0.05080 0.33428 0.04286 0.32033 0.02994 0.31028 0.01066 0.30354 0.00000 0.30052 0.00000 0.51959
4 0.50707 0.55008 0.47573 0.53351 0.46155 0.52022 0.44526 0.51441 0.43993 0.53193 0.42926 0.54604 0.41540 0.55401 0.39695 0.55529 0.38197 0.55241 0.39108 0.61158 0.39988 0.62266 0.41372 0.63995 0.43274 0.65830 0.44439 0.67361 0.45972 0.69341 0.47657 0.70543 0.50715 0.70872 0.52462 0.69735 0.52842 0.68011 0.53226 0.66009 0.53126 0.62909 0.52850 0.58656 0.52582 0.56690 0.52102 0.55907 0.50707 0.55008
4 0.55130 0.54426 0.56281 0.53789 0.57193 0.52996 0.58079 0.51301 0.58176 0.50060 0.58151 0.48131 0.57968 0.45598 0.57658 0.43245 0.57107 0.41014 0.56350 0.39411 0.55362 0.38283 0.54538 0.37639 0.53500 0.37269 0.52145 0.37350 0.50694 0.37922 0.48981 0.39250 0.44258 0.42609 0.44827 0.48073 0.44696 0.51214 0.45978 0.51619 0.47464 0.53330 0.49089 0.54189 0.49895 0.54283 0.53177 0.56033 0.54250 0.55252 0.55130 0.54426
4 0.34669 0.37472 0.33845 0.38919 0.32699 0.40029 0.31548 0.40666 0.29557 0.41609 0.29103 0.45005 0.28724 0.46137 0.28051 0.47992 0.28236 0.48591 0.30022 0.48276 0.31087 0.49391 0.32526 0.51584 0.32988 0.52410 0.34440 0.53338 0.36412 0.54372 0.38253 0.55113 0.39674 0.55414 0.41182 0.55306 0.42131 0.55021 0.43235 0.54116 0.43997 0.52916 0.44401 0.51779 0.44634 0.50712 0.44790 0.48908 0.44665 0.46562 0.43983 0.41947 0.43252 0.38247 0.42896 0.37126 0.41827 0.35539 0.41204 0.34543 0.40266 0.33999 0.39236 0.33825 0.37963 0.33773 0.36714 0.34743 0.35537 0.35977 0.34669 0.37472
4 0.58427 0.50292 0.59803 0.51234 0.62272 0.52850 0.63999 0.52941 0.65473 0.52049 0.66467 0.51716 0.68178 0.50823 0.69748 0.52716 0.70611 0.52683 0.71617 0.51676 0.72522 0.49346 0.73104 0.46678 0.73328 0.41232 0.72811 0.37258 0.70659 0.35349 0.69846 0.35216 0.67719 0.35985 0.66148 0.36775 0.64311 0.37849 0.62513 0.39587 0.59069 0.42444 0.58080 0.43250 0.58301 0.47789 0.58427 0.50292
1 0.56412 0.42259 0.56379 0.42550 0.56519 0.42922 0.56695 0.42542 0.56652 0.42359 0.56412 0.42259
4 0.38552 0.59046 0.38086 0.55063 0.37214 0.54743 0.35069 0.53622 0.32811 0.52007 0.31536 0.50298 0.30920 0.49341 0.30122 0.48692 0.29361 0.48708 0.27917 0.48726 0.27266 0.48762 0.26812 0.50065 0.25381 0.51502 0.22922 0.53672 0.22781 0.54368 0.22040 0.55090 0.22057 0.55482 0.22108 0.57565 0.23130 0.61568 0.24634 0.63236 0.27255 0.66011 0.29797 0.68641 0.31324 0.70582 0.32863 0.71849 0.34145 0.72255 0.35380 0.72392 0.36637 0.72210 0.37368 0.71134 0.38228 0.69443 0.38822 0.66694 0.39029 0.62948 0.38552 0.59046
4 0.07649 0.63981 0.08852 0.65616 0.12286 0.69510 0.14322 0.71566 0.15085 0.71952 0.19052 0.72247 0.20421 0.71769 0.21414 0.70599 0.22629 0.69249 0.22842 0.66701 0.22913 0.64415 0.23082 0.61970 0.22433 0.59006 0.22040 0.57134 0.21956 0.55586 0.21500 0.55145 0.21313 0.54089 0.18594 0.54426 0.14185 0.51983 0.10844 0.49873 0.10293 0.48171 0.09089 0.47436 0.08279 0.48573 0.07095 0.49918 0.05897 0.51361 0.05136 0.52774 0.04791 0.55297 0.05075 0.57805 0.05606 0.59558 0.05936 0.61252 0.07649 0.63981
4 0.72378 0.61961 0.72283 0.60676 0.71732 0.55761 0.71302 0.52127 0.70866 0.52638 0.69915 0.52766 0.68242 0.50890 0.67185 0.51313 0.65689 0.51933 0.64063 0.53008 0.62017 0.52895 0.59032 0.50738 0.58341 0.50702 0.58094 0.51535 0.57446 0.52636 0.56776 0.53465 0.52943 0.56350 0.53643 0.62857 0.54594 0.62729 0.56462 0.64215 0.58905 0.67179 0.60915 0.67534 0.64453 0.67305 0.67560 0.66718 0.69150 0.65293 0.71267 0.63420 0.72378 0.61961
1 0.84758 0.49896 0.84674 0.49659 0.84620 0.49543 0.84460 0.49584 0.84502 0.50205 0.84563 0.50785 0.84660 0.51384 0.84840 0.51453 0.85095 0.51332 0.85139 0.51010 0.85105 0.50677 0.85043 0.50373 0.84911 0.50145 0.84758 0.49896
