2 0.55162 0.32540 0.55603 0.33000 0.56339 0.33401 0.56779 0.33450 0.57181 0.33125 0.57196 0.32673 0.56930 0.32151 0.56397 0.30796 0.56013 0.30171 0.55502 0.29896 0.55289 0.29751 0.54908 0.29836 0.54649 0.30081 0.54590 0.30323 0.54565 0.30894 0.54656 0.31545 0.55162 0.32540
4 0.51168 0.52566 0.50620 0.52840 0.50124 0.53080 0.49669 0.53420 0.48950 0.53843 0.48621 0.54164 0.48234 0.54472 0.47962 0.54598 0.47589 0.54910 0.47295 0.55354 0.46854 0.55627 0.46496 0.56011 0.46277 0.56034 0.45899 0.56298 0.45491 0.56557 0.45329 0.56959 0.44900 0.57465 0.44805 0.57836 0.44652 0.58701 0.44381 0.62069 0.44710 0.63335 0.45113 0.64754 0.45709 0.66927 0.54669 0.62348 0.54868 0.62206 0.54433 0.58917 0.54022 0.57243 0.52956 0.53820 0.52584 0.53120 0.52233 0.52678 0.51724 0.52477 0.51168 0.52566
4 0.66668 0.42032 0.66466 0.41778 0.66185 0.41718 0.65928 0.41664 0.65465 0.41623 0.65384 0.41701 0.65167 0.42000 0.64959 0.42378 0.64856 0.42681 0.64768 0.42854 0.64366 0.43305 0.63986 0.43952 0.63608 0.44830 0.62730 0.44452 0.62661 0.44476 0.62186 0.44547 0.61955 0.44613 0.61661 0.44915 0.60894 0.45997 0.61516 0.47337 0.62195 0.51658 0.62501 0.56227 0.63918 0.55512 0.65746 0.54483 0.67860 0.52709 0.68058 0.52081 0.67950 0.49280 0.67735 0.47470 0.67327 0.44759 0.66777 0.42419 0.66668 0.42032
4 0.53970 0.56694 0.54460 0.58938 0.54660 0.60227 0.54907 0.62210 0.56648 0.61382 0.58196 0.60259 0.59656 0.59147 0.61413 0.57446 0.62559 0.56507 0.62114 0.51384 0.61423 0.47363 0.60793 0.46052 0.59556 0.47725 0.57112 0.49907 0.56264 0.50532 0.55365 0.51031 0.54117 0.51858 0.53459 0.51948 0.52958 0.52320 0.52993 0.52998 0.53278 0.54362 0.53970 0.56694
4 0.60748 0.24832 0.60235 0.25876 0.59984 0.27054 0.59445 0.28966 0.58144 0.31471 0.57788 0.32150 0.60047 0.37478 0.61509 0.41564 0.62074 0.43392 0.62657 0.43516 0.63488 0.43097 0.64280 0.42113 0.65524 0.40748 0.66085 0.39477 0.66183 0.39140 0.66853 0.39481 0.67877 0.39897 0.69301 0.39803 0.69875 0.38971 0.70465 0.38063 0.70635 0.37265 0.70265 0.34643 0.69851 0.32727 0.69414 0.31045 0.68662 0.29097 0.65930 0.23510 0.65158 0.22154 0.64382 0.21195 0.63828 0.20560 0.63186 0.20463 0.62585 0.21051 0.62159 0.21556 0.61818 0.22040 0.61520 0.22692 0.61195 0.23974 0.60748 0.24832
4 0.29037 0.62959 0.30180 0.64229 0.31847 0.65113 0.32671 0.65387 0.33774 0.65390 0.34239 0.65489 0.36717 0.65254 0.38289 0.65025 0.39136 0.64675 0.39594 0.64077 0.39763 0.63285 0.39997 0.60521 0.40071 0.60172 0.39946 0.59516 0.39835 0.58897 0.39865 0.58340 0.39900 0.56825 0.39971 0.54621 0.39560 0.52812 0.39108 0.51722 0.38968 0.51030 0.38483 0.50298 0.38132 0.49561 0.37090 0.48545 0.32680 0.47277 0.30828 0.46850 0.28323 0.47940 0.26723 0.49752 0.25719 0.51360 0.25116 0.53781 0.25269 0.55139 0.26047 0.57191 0.27219 0.59361 0.29037 0.62959
4 0.48811 0.31103 0.48260 0.31615 0.47682 0.32883 0.47080 0.34675 0.46616 0.36133 0.46169 0.37197 0.45717 0.37763 0.45401 0.38524 0.45109 0.39588 0.45015 0.40031 0.45131 0.41248 0.45033 0.43578 0.45644 0.43509 0.46110 0.43807 0.46560 0.44498 0.47133 0.45746 0.48045 0.47165 0.49216 0.49864 0.49603 0.50741 0.49865 0.50797 0.50184 0.51229 0.50667 0.51862 0.51311 0.52263 0.52142 0.52506 0.52927 0.52342 0.53430 0.51952 0.53739 0.51952 0.54355 0.51752 0.54941 0.51280 0.56500 0.50386 0.58075 0.48999 0.59358 0.47947 0.60067 0.47105 0.61198 0.45524 0.62120 0.44197 0.62061 0.43952 0.61903 0.42826 0.60560 0.38865 0.58295 0.33218 0.57049 0.30668 0.56096 0.29539 0.55271 0.29165 0.53330 0.28951 0.52074 0.29148 0.50973 0.29444 0.49812 0.30025 0.48811 0.31103
4 0.37976 0.43285 0.37726 0.44458 0.37718 0.45018 0.37917 0.45326 0.38327 0.46307 0.38480 0.46936 0.38101 0.47782 0.37860 0.48294 0.37971 0.48913 0.38516 0.49360 0.38995 0.49396 0.39332 0.49368 0.39818 0.49571 0.40299 0.49905 0.40734 0.49832 0.41046 0.49401 0.41409 0.49147 0.41697 0.48315 0.42045 0.48025 0.42472 0.47784 0.42851 0.47765 0.43670 0.47443 0.43928 0.47266 0.44464 0.46717 0.44896 0.46246 0.45166 0.45807 0.45381 0.45521 0.45356 0.45119 0.45091 0.44599 0.44891 0.44192 0.44955 0.43577 0.45084 0.43074 0.45124 0.41328 0.44970 0.39772 0.44942 0.39071 0.44897 0.38035 0.44217 0.38122 0.42203 0.36899 0.41337 0.36715 0.40550 0.36780 0.39854 0.37460 0.39521 0.37885 0.39066 0.38881 0.38575 0.39737 0.38345 0.40715 0.38236 0.41851 0.37976 0.43285
2 0.39379 0.44335 0.38645 0.44675 0.38092 0.45053 0.37987 0.45882 0.38511 0.46418 0.38495 0.47159 0.38289 0.47683 0.37913 0.48454 0.38271 0.48991 0.38710 0.49261 0.39336 0.49430 0.40318 0.49922 0.40851 0.49858 0.41522 0.49150 0.41643 0.48467 0.42181 0.48049 0.43134 0.47791 0.43822 0.47441 0.44537 0.46636 0.45148 0.45986 0.45347 0.45603 0.45274 0.44950 0.45074 0.44553 0.44996 0.43367 0.45160 0.42373 0.45145 0.40775 0.44977 0.39677 0.44810 0.38684 0.44504 0.39009 0.43895 0.39765 0.43552 0.40933 0.43566 0.42425 0.43481 0.43045 0.42894 0.43806 0.42160 0.44146 0.41489 0.44748 0.40875 0.45078 0.40135 0.44779 0.39379 0.44335
1 0.41845 0.45954 0.41903 0.45522 0.41897 0.45281 0.41739 0.45385 0.41438 0.45457 0.41106 0.46054 0.40931 0.46341 0.40954 0.46773 0.40948 0.47387 0.40890 0.47768 0.40913 0.47927 0.41145 0.47532 0.41297 0.47034 0.41618 0.46487 0.41845 0.45954
1 0.43009 0.43535 0.43342 0.43093 0.43367 0.42979 0.43031 0.42788 0.42792 0.42788 0.42616 0.43400 0.42728 0.43680 0.43009 0.43535
4 0.43046 0.60199 0.42642 0.60228 0.41043 0.60463 0.40501 0.60348 0.40028 0.60408 0.39846 0.62922 0.39584 0.64154 0.39228 0.64676 0.38636 0.65010 0.36340 0.65281 0.35865 0.66077 0.35506 0.67909 0.35322 0.70215 0.35452 0.71117 0.38907 0.70011 0.42185 0.68937 0.45418 0.67142 0.45485 0.66466 0.44753 0.63781 0.44277 0.62415 0.43877 0.61341 0.43406 0.60597 0.43046 0.60199
3 0.49674 0.50795 0.50500 0.51600 0.50415 0.50847 0.49985 0.49575 0.49776 0.48586 0.49701 0.47126 0.48440 0.43840 0.47209 0.40167 0.47021 0.39077 0.46546 0.38346 0.45827 0.37695 0.45427 0.38345 0.45051 0.39866 0.45189 0.41522 0.45002 0.43556 0.45888 0.43586 0.46367 0.44213 0.46853 0.45051 0.48019 0.47058 0.48712 0.48491 0.49674 0.50795
