1 0.39164 0.59113 0.38866 0.59454 0.39011 0.60492 0.39308 0.61105 0.39924 0.61109 0.40305 0.60883 0.40432 0.60403 0.40326 0.59817 0.40002 0.59334 0.39733 0.59207 0.39419 0.59183 0.39164 0.59113
4 0.48353 0.53010 0.48804 0.53024 0.49609 0.60119 0.50570 0.64454 0.51290 0.66642 0.52866 0.69103 0.54016 0.70807 0.55276 0.71341 0.56963 0.71962 0.57993 0.71719 0.58806 0.71166 0.59510 0.70206 0.60073 0.69720 0.60640 0.69669 0.61183 0.69859 0.61597 0.70150 0.61997 0.70143 0.62280 0.69531 0.62233 0.68605 0.61886 0.67725 0.61217 0.66564 0.60878 0.65715 0.59420 0.53934 0.58950 0.52182 0.58165 0.51253 0.56812 0.50542 0.55522 0.49983 0.53774 0.49881 0.51032 0.50079 0.49927 0.50375 0.49143 0.50787 0.48826 0.51106 0.48572 0.51744 0.48269 0.52362 0.48353 0.53010
4 0.30204 0.38582 0.30292 0.39374 0.30531 0.40381 0.33122 0.45881 0.35978 0.51961 0.36862 0.52074 0.38309 0.53013 0.39844 0.54861 0.40047 0.54923 0.40597 0.54775 0.41730 0.54775 0.42058 0.54663 0.42353 0.54375 0.42535 0.54070 0.42639 0.53879 0.42569 0.53269 0.40562 0.44330 0.39208 0.44203 0.35777 0.41420 0.33978 0.39225 0.33049 0.38192 0.32451 0.37119 0.31828 0.36704 0.30929 0.36828 0.30527 0.37006 0.30192 0.37957 0.30204 0.38582
4 0.63216 0.35816 0.62712 0.36521 0.62220 0.37022 0.61712 0.37628 0.61754 0.38287 0.61755 0.38622 0.62048 0.39382 0.64550 0.48972 0.69099 0.49430 0.69453 0.48999 0.69849 0.48558 0.70450 0.48296 0.71222 0.48257 0.71894 0.48513 0.72687 0.48971 0.72465 0.48058 0.68804 0.36063 0.67996 0.34133 0.66375 0.32086 0.65689 0.30862 0.65342 0.30820 0.64913 0.30801 0.64600 0.31053 0.64329 0.31628 0.64104 0.32641 0.63837 0.35046 0.63216 0.35816
2 0.37372 0.76151 0.37532 0.80605 0.38137 0.80805 0.38378 0.78104 0.38693 0.72851 0.39235 0.68572 0.39093 0.68300 0.38237 0.67547 0.37181 0.66951 0.35175 0.67179 0.33565 0.65543 0.34147 0.67971 0.34540 0.68796 0.35339 0.69719 0.36170 0.70892 0.36421 0.71445 0.35850 0.72269 0.35909 0.73391 0.36747 0.74717 0.37372 0.76151
4 0.42026 0.68702 0.43205 0.70144 0.44854 0.71924 0.46224 0.72281 0.47310 0.71834 0.48628 0.70706 0.50132 0.70148 0.51453 0.67365 0.50098 0.62818 0.49138 0.56150 0.48877 0.53635 0.48491 0.52964 0.47417 0.53717 0.45857 0.55995 0.45466 0.57215 0.44503 0.58088 0.43578 0.59190 0.42323 0.58493 0.41880 0.59025 0.41198 0.59311 0.41197 0.60685 0.40791 0.62676 0.39613 0.61751 0.39615 0.63818 0.40073 0.65142 0.40951 0.67388 0.42026 0.68702
4 0.47521 0.37973 0.47473 0.41502 0.47459 0.41972 0.49272 0.48797 0.49599 0.50247 0.49706 0.50474 0.50621 0.50066 0.53148 0.49878 0.56144 0.50053 0.58177 0.51208 0.58261 0.51000 0.54726 0.39838 0.51477 0.36168 0.50319 0.34802 0.49213 0.33165 0.48424 0.32538 0.47931 0.32437 0.47491 0.32882 0.47131 0.34142 0.46966 0.34396 0.47304 0.36122 0.47521 0.37973
4 0.72380 0.47075 0.72735 0.47483 0.73511 0.47376 0.77515 0.45297 0.77601 0.44033 0.76937 0.36465 0.76472 0.31728 0.75821 0.28214 0.74844 0.27403 0.74343 0.27369 0.72962 0.27974 0.72747 0.29675 0.71945 0.32438 0.70717 0.34611 0.69867 0.35610 0.69029 0.35902 0.68867 0.36716 0.72380 0.47075
1 0.81655 0.49821 0.79404 0.44422 0.79070 0.44008 0.78448 0.43773 0.77685 0.44178 0.77590 0.45076 0.76881 0.45768 0.75392 0.46469 0.73632 0.47242 0.73228 0.47820 0.73092 0.48729 0.73143 0.49419 0.73884 0.52104 0.73793 0.52933 0.73990 0.53249 0.74601 0.55030 0.74553 0.56351 0.74616 0.56502 0.75226 0.57445 0.75829 0.59027 0.75505 0.60488 0.76069 0.60673 0.76768 0.59781 0.77152 0.59544 0.77611 0.59589 0.77895 0.59982 0.78084 0.60602 0.78280 0.60583 0.79549 0.60813 0.80797 0.61719 0.82076 0.63321 0.82988 0.64720 0.83894 0.65685 0.85180 0.66312 0.85372 0.66026 0.85534 0.65379 0.85470 0.64390 0.85251 0.62739 0.84740 0.61166 0.83688 0.57491 0.82003 0.51203 0.81655 0.49821
1 0.75400 0.53604 0.75510 0.53243 0.75357 0.52730 0.75082 0.52693 0.74820 0.52763 0.74778 0.52442 0.74420 0.52427 0.74199 0.52375 0.73976 0.52480 0.73944 0.53130 0.74586 0.54974 0.74648 0.56197 0.75152 0.55929 0.75504 0.55370 0.75784 0.54874 0.75574 0.54310 0.75108 0.54169 0.74860 0.53904 0.74895 0.53318 0.75400 0.53604
4 0.37799 0.81676 0.38252 0.81555 0.38316 0.78359 0.38478 0.75660 0.38716 0.73544 0.38874 0.71932 0.39291 0.68883 0.39880 0.67277 0.40560 0.66612 0.39610 0.63768 0.39649 0.62913 0.39523 0.61740 0.39829 0.61980 0.40700 0.62430 0.41130 0.61430 0.41249 0.60673 0.41063 0.59677 0.41177 0.59204 0.41773 0.58924 0.42203 0.58527 0.41556 0.57413 0.41084 0.56855 0.40778 0.56414 0.40302 0.55938 0.39820 0.54940 0.38125 0.53020 0.37349 0.52424 0.36742 0.52063 0.33928 0.51972 0.32802 0.52274 0.31776 0.53152 0.31317 0.54241 0.31571 0.56789 0.32720 0.63482 0.33308 0.65175 0.34479 0.68644 0.36119 0.70860 0.36303 0.71849 0.35885 0.71961 0.35562 0.72494 0.35971 0.73813 0.36528 0.74501 0.37408 0.75971 0.37300 0.77589 0.37305 0.80803 0.37799 0.81676
3 0.47269 0.71655 0.48605 0.70532 0.49192 0.70342 0.48307 0.70133 0.47505 0.70316 0.46619 0.69469 0.46399 0.67934 0.46166 0.65317 0.46224 0.63867 0.46548 0.62696 0.46106 0.61602 0.46153 0.60984 0.45698 0.59447 0.45435 0.57987 0.45406 0.57484 0.44379 0.58174 0.43710 0.59246 0.44470 0.61211 0.44785 0.62466 0.44655 0.63330 0.44827 0.64368 0.44381 0.66274 0.44046 0.68277 0.41784 0.68245 0.45110 0.72010 0.46146 0.72147 0.47269 0.71655
4 0.81654 0.49855 0.79403 0.44457 0.79068 0.44043 0.78446 0.43807 0.77683 0.44213 0.77588 0.45110 0.76880 0.45803 0.75391 0.46504 0.73631 0.47277 0.73227 0.47855 0.73090 0.48763 0.73141 0.49454 0.73883 0.52139 0.73792 0.52968 0.73989 0.53284 0.74600 0.55065 0.74552 0.56386 0.74614 0.56537 0.75225 0.57479 0.75827 0.59062 0.75504 0.60523 0.76067 0.60708 0.76767 0.59816 0.77151 0.59579 0.77610 0.59623 0.77894 0.60017 0.78082 0.60637 0.78279 0.60618 0.79547 0.60848 0.80796 0.61754 0.82075 0.63356 0.82986 0.64755 0.83893 0.65719 0.85179 0.66347 0.85370 0.66061 0.85532 0.65414 0.85468 0.64425 0.85250 0.62774 0.84739 0.61201 0.83687 0.57526 0.82002 0.51238 0.81654 0.49855
4 0.69308 0.49709 0.68882 0.49286 0.65823 0.48966 0.63841 0.49162 0.62427 0.49474 0.61317 0.49503 0.60796 0.49643 0.60233 0.49961 0.59541 0.50549 0.59037 0.50919 0.58632 0.51161 0.58169 0.51352 0.58967 0.52413 0.59374 0.53678 0.60903 0.65642 0.61476 0.67030 0.62237 0.68537 0.62231 0.70014 0.63467 0.71460 0.65696 0.71432 0.67952 0.70258 0.69410 0.68694 0.70164 0.67251 0.70641 0.65279 0.71011 0.63906 0.71373 0.63507 0.71508 0.61257 0.69308 0.49709
4 0.44119 0.55462 0.44510 0.55590 0.46381 0.55042 0.47093 0.54222 0.47449 0.53987 0.47727 0.53750 0.47915 0.53350 0.48245 0.53075 0.48346 0.52932 0.48273 0.52137 0.49031 0.50909 0.49563 0.50463 0.48270 0.45058 0.47744 0.43150 0.47201 0.42341 0.44505 0.42015 0.42493 0.40412 0.41579 0.39842 0.41177 0.40020 0.40827 0.43467 0.40735 0.43817 0.42941 0.54543 0.43202 0.54822 0.43701 0.54945 0.44119 0.55462
4 0.55771 0.39043 0.55082 0.39601 0.55150 0.40258 0.57225 0.47712 0.58341 0.51069 0.58460 0.51223 0.60134 0.50053 0.61220 0.49529 0.62161 0.49510 0.63752 0.49130 0.64586 0.49116 0.62942 0.43269 0.61668 0.39559 0.61307 0.37746 0.59857 0.36854 0.58998 0.35850 0.58354 0.35185 0.57539 0.34867 0.57047 0.34883 0.56564 0.35455 0.56512 0.36307 0.56224 0.37315 0.56025 0.38254 0.55771 0.39043
