4 0.63958 0.55974 0.63267 0.56145 0.62345 0.56405 0.61648 0.56839 0.61292 0.57187 0.61010 0.57511 0.60643 0.57861 0.60295 0.58601 0.60186 0.59022 0.60580 0.59128 0.61077 0.59190 0.61197 0.59292 0.61452 0.60477 0.61603 0.62114 0.62715 0.61588 0.63865 0.60485 0.64824 0.59746 0.65642 0.59120 0.65430 0.58143 0.64904 0.57086 0.64306 0.56068 0.63958 0.55974
4 0.35643 0.37750 0.36210 0.37740 0.37043 0.37669 0.37709 0.37468 0.38149 0.37193 0.38378 0.36874 0.38448 0.36605 0.38019 0.35438 0.37649 0.34200 0.37357 0.32873 0.37280 0.32144 0.37393 0.31248 0.37576 0.30804 0.35913 0.31077 0.35082 0.31262 0.33781 0.31972 0.32926 0.32553 0.32394 0.32789 0.32532 0.34313 0.32763 0.35156 0.33350 0.36698 0.33662 0.37271 0.33850 0.37399 0.34048 0.37525 0.34422 0.37551 0.34687 0.37687 0.35390 0.37728 0.35643 0.37750
4 0.63239 0.29490 0.62877 0.29292 0.62418 0.29281 0.61445 0.29246 0.61543 0.30551 0.61510 0.31105 0.62118 0.31905 0.62668 0.32653 0.63134 0.32977 0.63993 0.32926 0.64927 0.32847 0.65631 0.32322 0.66004 0.31006 0.66082 0.30133 0.65194 0.30030 0.63239 0.29490
4 0.32356 0.32687 0.31575 0.33007 0.30312 0.33479 0.28676 0.34059 0.27940 0.34374 0.28415 0.35885 0.29032 0.37449 0.29623 0.37896 0.30203 0.38039 0.30688 0.37920 0.31460 0.37941 0.31758 0.37977 0.32293 0.37683 0.32746 0.37262 0.33096 0.36717 0.33266 0.36494 0.33063 0.35973 0.32708 0.34958 0.32529 0.34332 0.32441 0.33493 0.32356 0.32687
4 0.39841 0.37506 0.40622 0.37358 0.41661 0.37593 0.42123 0.37626 0.42567 0.37694 0.42848 0.37566 0.44304 0.37298 0.44597 0.37186 0.44679 0.37030 0.44864 0.37027 0.45166 0.37093 0.45521 0.36941 0.46001 0.36940 0.46210 0.36754 0.46283 0.36616 0.46321 0.36252 0.46480 0.36202 0.46483 0.35711 0.46514 0.35069 0.46384 0.33839 0.46277 0.33130 0.46157 0.32406 0.46112 0.31560 0.46039 0.30241 0.45991 0.29886 0.45257 0.29865 0.44304 0.30342 0.41909 0.30708 0.39827 0.30731 0.38933 0.30743 0.38215 0.30867 0.37602 0.30850 0.37417 0.31262 0.37284 0.32176 0.37369 0.32986 0.37718 0.34439 0.38161 0.35849 0.38515 0.36728 0.38769 0.37275 0.39034 0.37410 0.39396 0.37536 0.39841 0.37506
4 0.37610 0.60663 0.37713 0.59906 0.37992 0.59445 0.38449 0.59180 0.37558 0.58803 0.37105 0.58477 0.36674 0.57619 0.36304 0.57088 0.35927 0.56617 0.35624 0.56472 0.35216 0.56574 0.34440 0.56793 0.33909 0.57969 0.33575 0.59280 0.33569 0.59968 0.34697 0.60734 0.35357 0.61155 0.35572 0.61585 0.36345 0.61837 0.36924 0.62110 0.37424 0.62136 0.37610 0.60663
4 0.51649 0.65597 0.51515 0.64220 0.51253 0.62758 0.51271 0.62101 0.51647 0.61735 0.51601 0.61396 0.51319 0.61311 0.49020 0.61340 0.46677 0.61373 0.46591 0.61595 0.46506 0.62030 0.46608 0.63001 0.46736 0.64428 0.46823 0.65564 0.46831 0.65956 0.48037 0.65797 0.49430 0.66289 0.50605 0.66558 0.51833 0.66413 0.51649 0.65597
4 0.45738 0.65629 0.46510 0.66121 0.46802 0.65992 0.46859 0.65593 0.46536 0.62321 0.46495 0.62031 0.46573 0.61531 0.46487 0.61328 0.46338 0.61262 0.45491 0.61203 0.44202 0.61077 0.42885 0.60806 0.42064 0.60467 0.41684 0.60687 0.41497 0.61197 0.41336 0.62049 0.41393 0.62911 0.41480 0.63835 0.41468 0.64556 0.41520 0.65254 0.43251 0.64909 0.44405 0.64984 0.45738 0.65629
4 0.56641 0.61701 0.56184 0.60570 0.55928 0.60417 0.55396 0.60342 0.55067 0.60639 0.54800 0.60585 0.54630 0.60635 0.54385 0.60792 0.53990 0.60768 0.53715 0.60961 0.53457 0.60890 0.53181 0.61066 0.52982 0.61038 0.52729 0.61228 0.52633 0.61353 0.52425 0.61456 0.52033 0.61465 0.51800 0.61735 0.51580 0.61824 0.51251 0.62120 0.51240 0.62743 0.51525 0.64415 0.51644 0.65549 0.51847 0.66444 0.53635 0.65798 0.55056 0.65305 0.56907 0.64750 0.56661 0.62517 0.56641 0.61701
4 0.48312 0.36812 0.48700 0.36771 0.48981 0.36741 0.49310 0.36756 0.49815 0.36785 0.50021 0.36566 0.50130 0.36670 0.50582 0.36818 0.51638 0.36691 0.52727 0.36462 0.53503 0.36266 0.54044 0.35915 0.54409 0.35336 0.54485 0.35017 0.54590 0.34466 0.54690 0.33575 0.54806 0.32365 0.54871 0.31212 0.54770 0.29422 0.54271 0.28312 0.53037 0.29441 0.51153 0.29900 0.48562 0.29845 0.48238 0.30092 0.46948 0.30064 0.46075 0.30172 0.46152 0.32456 0.46377 0.33774 0.46538 0.35198 0.46585 0.35537 0.46845 0.35935 0.47020 0.36456 0.47158 0.36736 0.47610 0.36885 0.48167 0.36892 0.48312 0.36812
4 0.41534 0.65286 0.41463 0.64507 0.41497 0.63997 0.41329 0.61984 0.41499 0.61115 0.41632 0.60921 0.41340 0.60330 0.40741 0.59820 0.40191 0.59256 0.39661 0.59410 0.39239 0.59749 0.39172 0.59527 0.38867 0.59330 0.38406 0.59296 0.37961 0.59425 0.37731 0.59940 0.37533 0.61270 0.37470 0.62226 0.37490 0.62633 0.38377 0.62868 0.39540 0.63547 0.40303 0.64367 0.40642 0.64790 0.41253 0.65004 0.41534 0.65286
4 0.34463 0.56836 0.35632 0.56497 0.35944 0.56602 0.36702 0.57583 0.37158 0.58438 0.37351 0.58654 0.37261 0.57917 0.37387 0.57000 0.37365 0.56413 0.37112 0.55752 0.36572 0.55102 0.36298 0.55111 0.35719 0.55329 0.35471 0.54844 0.35089 0.54570 0.34693 0.54415 0.33622 0.54822 0.32944 0.55090 0.32614 0.54948 0.32122 0.55000 0.31517 0.55221 0.31095 0.55069 0.30722 0.55383 0.30609 0.55925 0.31065 0.56525 0.31873 0.57737 0.32881 0.59104 0.33612 0.59950 0.33561 0.59347 0.33954 0.57852 0.34463 0.56836
4 0.58890 0.34464 0.59757 0.34118 0.60739 0.33739 0.61167 0.33203 0.61357 0.32516 0.61458 0.31483 0.61515 0.30653 0.61432 0.28992 0.60555 0.28868 0.59133 0.28428 0.58024 0.28211 0.56339 0.28251 0.55210 0.28349 0.54592 0.28572 0.54791 0.29474 0.54903 0.31289 0.54824 0.32279 0.55173 0.33107 0.55726 0.34129 0.56086 0.34562 0.56318 0.34656 0.56512 0.34753 0.57120 0.34807 0.58890 0.34464
4 0.60199 0.59051 0.59949 0.58912 0.59634 0.58924 0.59420 0.59050 0.59252 0.58945 0.58632 0.59124 0.58522 0.59210 0.58199 0.59263 0.57835 0.59358 0.57540 0.59474 0.56839 0.59670 0.56490 0.59815 0.56176 0.60077 0.56114 0.60564 0.56214 0.60601 0.56647 0.61734 0.56683 0.62673 0.56904 0.64771 0.58180 0.64354 0.59543 0.63574 0.60842 0.62919 0.61580 0.62323 0.61464 0.60473 0.61195 0.59252 0.60199 0.59051
