4 0.62693 0.61877 0.63724 0.61242 0.64603 0.60705 0.64494 0.59712 0.64082 0.58605 0.63594 0.57530 0.63257 0.57400 0.62552 0.57498 0.61608 0.57661 0.60870 0.58019 0.60479 0.58328 0.60164 0.58621 0.59763 0.58930 0.59340 0.59630 0.59188 0.60037 0.59568 0.60184 0.60056 0.60298 0.60164 0.60412 0.60294 0.61616 0.60273 0.63260 0.61434 0.62853 0.62693 0.61877
4 0.35082 0.35633 0.35255 0.35780 0.35440 0.35926 0.35809 0.35991 0.36058 0.36154 0.36753 0.36268 0.37002 0.36317 0.37567 0.36366 0.38402 0.36382 0.39086 0.36252 0.39553 0.36024 0.39813 0.35731 0.39911 0.35470 0.39607 0.34266 0.39368 0.32996 0.39216 0.31645 0.39216 0.30912 0.39422 0.30033 0.39650 0.29610 0.37968 0.29708 0.37122 0.29805 0.35755 0.30375 0.34843 0.30863 0.34290 0.31043 0.34268 0.32573 0.34409 0.33436 0.34832 0.35031 0.35082 0.35633
4 0.65701 0.34482 0.66638 0.34502 0.67394 0.34052 0.67902 0.32783 0.68071 0.31923 0.67198 0.31728 0.65310 0.30986 0.64972 0.30751 0.64516 0.30693 0.63552 0.30556 0.63513 0.31865 0.63422 0.32412 0.63943 0.33271 0.64412 0.34072 0.64841 0.34443 0.65701 0.34482
4 0.34577 0.35023 0.34770 0.34819 0.34622 0.34280 0.34375 0.33233 0.34262 0.32592 0.34262 0.31748 0.34262 0.30938 0.33452 0.31174 0.32147 0.31512 0.30459 0.31917 0.29694 0.32153 0.30009 0.33706 0.30459 0.35326 0.30999 0.35833 0.31562 0.36035 0.32057 0.35967 0.32822 0.36069 0.33115 0.36136 0.33677 0.35900 0.34172 0.35529 0.34577 0.35023
4 0.39412 0.33240 0.39705 0.34689 0.39965 0.35601 0.40160 0.36170 0.40410 0.36333 0.40757 0.36496 0.41202 0.36512 0.41995 0.36447 0.43004 0.36789 0.43460 0.36870 0.43894 0.36984 0.44187 0.36887 0.45663 0.36772 0.45966 0.36691 0.46064 0.36545 0.46249 0.36561 0.46541 0.36659 0.46910 0.36545 0.47388 0.36593 0.47616 0.36431 0.47703 0.36300 0.47779 0.35942 0.47942 0.35910 0.47996 0.35421 0.48093 0.34787 0.48093 0.33549 0.48061 0.32833 0.48018 0.32101 0.48061 0.31254 0.48126 0.29936 0.48115 0.29578 0.47388 0.29480 0.46390 0.29854 0.43970 0.29968 0.41897 0.29773 0.41007 0.29692 0.40280 0.29740 0.39672 0.29659 0.39444 0.30050 0.39216 0.30945 0.39216 0.31759 0.39412 0.33240
4 0.33659 0.59075 0.34271 0.59564 0.34440 0.60013 0.35182 0.60345 0.35729 0.60677 0.36224 0.60755 0.36563 0.59310 0.36745 0.58567 0.37071 0.58138 0.37553 0.57923 0.36706 0.57454 0.36289 0.57083 0.35951 0.56184 0.35638 0.55618 0.35313 0.55110 0.35026 0.54934 0.34610 0.54993 0.33815 0.55129 0.33164 0.56243 0.32695 0.57513 0.32617 0.58196 0.33659 0.59075
4 0.45213 0.65147 0.45181 0.65538 0.46396 0.65505 0.47731 0.66140 0.48870 0.66531 0.50108 0.66515 0.50010 0.65684 0.50021 0.64300 0.49912 0.62819 0.49999 0.62168 0.50411 0.61843 0.50401 0.61501 0.50129 0.61387 0.47840 0.61175 0.45506 0.60964 0.45398 0.61175 0.45267 0.61598 0.45267 0.62575 0.45246 0.64008 0.45213 0.65147
4 0.40091 0.61940 0.40080 0.62868 0.39993 0.63584 0.39972 0.64284 0.41730 0.64121 0.42869 0.64317 0.44128 0.65098 0.44844 0.65668 0.45148 0.65570 0.45246 0.65180 0.45267 0.61891 0.45257 0.61598 0.45387 0.61110 0.45322 0.60898 0.45181 0.60817 0.44345 0.60670 0.43075 0.60410 0.41795 0.60003 0.41014 0.59580 0.40612 0.59759 0.40373 0.60247 0.40124 0.61078 0.40091 0.61940
4 0.50010 0.65635 0.50118 0.66547 0.51963 0.66091 0.53428 0.65749 0.55327 0.65391 0.55317 0.63145 0.55382 0.62331 0.55045 0.61159 0.54806 0.60980 0.54286 0.60850 0.53928 0.61110 0.53667 0.61029 0.53493 0.61061 0.53233 0.61191 0.52842 0.61126 0.52549 0.61289 0.52300 0.61191 0.52007 0.61338 0.51811 0.61289 0.51540 0.61452 0.51431 0.61566 0.51215 0.61647 0.50824 0.61615 0.50563 0.61859 0.50335 0.61924 0.49977 0.62185 0.49901 0.62803 0.50010 0.64496 0.50010 0.65635
4 0.48115 0.35259 0.48332 0.35682 0.48452 0.36219 0.48560 0.36512 0.48994 0.36707 0.49548 0.36772 0.49700 0.36707 0.50090 0.36707 0.50372 0.36707 0.50698 0.36756 0.51197 0.36838 0.51425 0.36642 0.51523 0.36756 0.51957 0.36951 0.53020 0.36935 0.54127 0.36821 0.54919 0.36707 0.55495 0.36415 0.55918 0.35877 0.56026 0.35568 0.56189 0.35031 0.56382 0.34156 0.56623 0.32964 0.56808 0.31824 0.56895 0.30033 0.56515 0.28878 0.55169 0.29871 0.53248 0.30131 0.50676 0.29805 0.50329 0.30017 0.49048 0.29854 0.48169 0.29871 0.48007 0.32149 0.48093 0.33484 0.48104 0.34917 0.48115 0.35259
4 0.36238 0.61257 0.37096 0.61582 0.38181 0.62380 0.38854 0.63275 0.39147 0.63731 0.39733 0.64008 0.39983 0.64317 0.39993 0.63535 0.40080 0.63031 0.40124 0.61012 0.40384 0.60166 0.40536 0.59987 0.40308 0.59368 0.39765 0.58799 0.39277 0.58180 0.38735 0.58278 0.38279 0.58571 0.38235 0.58343 0.37953 0.58115 0.37498 0.58033 0.37042 0.58115 0.36760 0.58603 0.36423 0.59905 0.36260 0.60850 0.36238 0.61257
4 0.30486 0.54510 0.31164 0.55799 0.32023 0.57265 0.32661 0.58183 0.32674 0.57577 0.33221 0.56132 0.33833 0.55174 0.35031 0.54959 0.35331 0.55096 0.35982 0.56151 0.36347 0.57050 0.36516 0.57284 0.36503 0.56542 0.36724 0.55643 0.36763 0.55057 0.36581 0.54373 0.36112 0.53670 0.35839 0.53651 0.35240 0.53807 0.35044 0.53299 0.34693 0.52987 0.34315 0.52791 0.33208 0.53084 0.32505 0.53280 0.32193 0.53104 0.31698 0.53104 0.31073 0.53260 0.30669 0.53065 0.30265 0.53338 0.30096 0.53866 0.30486 0.54510
4 0.56911 0.33740 0.57353 0.34814 0.57666 0.35283 0.57887 0.35400 0.58070 0.35518 0.58669 0.35635 0.60466 0.35478 0.61364 0.35225 0.62380 0.34951 0.62862 0.34463 0.63122 0.33799 0.63331 0.32783 0.63474 0.31962 0.63565 0.30302 0.62706 0.30087 0.61338 0.29501 0.60257 0.29169 0.58578 0.29032 0.57444 0.29013 0.56806 0.29169 0.56911 0.30087 0.56832 0.31904 0.56650 0.32880 0.56911 0.33740
4 0.56635 0.65130 0.58072 0.64497 0.59432 0.63982 0.60229 0.63466 0.60307 0.61614 0.60166 0.60372 0.59197 0.60067 0.58963 0.59903 0.58649 0.59882 0.58422 0.59985 0.58266 0.59863 0.57631 0.59976 0.57513 0.60051 0.57186 0.60070 0.56814 0.60126 0.56508 0.60210 0.55791 0.60332 0.55428 0.60440 0.55089 0.60667 0.54976 0.61146 0.55072 0.61193 0.55384 0.62364 0.55322 0.63302 0.55322 0.65412 0.56635 0.65130
