4 0.80195 0.44450 0.80849 0.46396 0.81763 0.47219 0.85633 0.47531 0.90245 0.47330 0.92904 0.46004 0.94885 0.43270 0.96270 0.40374 0.97132 0.37173 0.97484 0.33205 0.98069 0.30507 0.99344 0.23269 0.99116 0.21229 0.98234 0.17242 0.97599 0.14062 0.96778 0.12943 0.95826 0.13118 0.90565 0.15005 0.88082 0.17283 0.85197 0.20586 0.82294 0.23654 0.81385 0.24994 0.81057 0.29892 0.80500 0.34218 0.80540 0.37236 0.79664 0.42366 0.80195 0.44450
3 0.63511 0.47096 0.64205 0.47163 0.65402 0.48076 0.66154 0.49206 0.66206 0.47506 0.66007 0.46422 0.65394 0.44597 0.64463 0.43566 0.63563 0.43191 0.62425 0.43187 0.60778 0.44601 0.59243 0.46683 0.59560 0.46789 0.60152 0.46407 0.60573 0.46497 0.61297 0.46506 0.61539 0.46695 0.61862 0.47051 0.62348 0.47274 0.63064 0.47188 0.63511 0.47096
4 0.24200 0.41236 0.26134 0.39882 0.27462 0.37807 0.28224 0.34733 0.28110 0.31183 0.28731 0.27100 0.29960 0.22043 0.30960 0.17942 0.30127 0.15493 0.27785 0.10357 0.26354 0.07470 0.24795 0.05484 0.23156 0.04406 0.21607 0.03693 0.19286 0.06124 0.16987 0.10748 0.15780 0.13971 0.14368 0.21335 0.13503 0.29837 0.13950 0.32020 0.15487 0.35841 0.18120 0.38897 0.22086 0.40515 0.24200 0.41236
4 0.51347 0.92125 0.54531 0.93221 0.58615 0.90550 0.60038 0.88339 0.61395 0.83526 0.63995 0.77771 0.67082 0.63280 0.64467 0.60781 0.62711 0.60694 0.61001 0.60662 0.59689 0.60479 0.58523 0.59857 0.55609 0.59164 0.54525 0.58664 0.52293 0.58394 0.51563 0.59568 0.50867 0.60103 0.50412 0.60337 0.49879 0.61305 0.49419 0.62806 0.48355 0.72514 0.48304 0.78162 0.49265 0.84508 0.49900 0.89232 0.51347 0.92125
4 0.39828 0.85268 0.43212 0.84276 0.44802 0.81023 0.46887 0.77917 0.48222 0.75014 0.49357 0.63277 0.49960 0.60812 0.50604 0.59898 0.51295 0.59377 0.51960 0.58312 0.53940 0.58513 0.55020 0.54493 0.55265 0.52750 0.55191 0.51813 0.54532 0.51411 0.54170 0.51051 0.51655 0.50698 0.51050 0.50860 0.49917 0.50825 0.48454 0.50495 0.47997 0.50338 0.47420 0.50195 0.46554 0.49579 0.46122 0.49426 0.45691 0.49234 0.45093 0.49088 0.44864 0.49218 0.44371 0.49133 0.44142 0.48931 0.43924 0.48939 0.43508 0.48680 0.42700 0.48451 0.41418 0.48232 0.40965 0.48191 0.40569 0.48298 0.39945 0.48596 0.39487 0.48810 0.39186 0.49232 0.39103 0.49420 0.38916 0.49860 0.38484 0.52323 0.37853 0.57179 0.37560 0.59996 0.37841 0.61658 0.37740 0.63112 0.37896 0.66765 0.37459 0.72806 0.36781 0.77269 0.38460 0.82913 0.39828 0.85268
4 0.00000 0.62478 0.00512 0.67135 0.02566 0.68350 0.05077 0.66756 0.08838 0.63299 0.09400 0.62821 0.11921 0.54554 0.13383 0.50310 0.15601 0.45523 0.18064 0.42068 0.16587 0.41582 0.13873 0.42870 0.12763 0.40210 0.11736 0.39602 0.09946 0.38702 0.07289 0.38700 0.04727 0.42418 0.02784 0.46132 0.00891 0.51243 0.00068 0.54464 0.00000 0.55554 0.00000 0.62478
4 0.54496 0.47960 0.56483 0.48240 0.58786 0.48281 0.59508 0.46827 0.60630 0.46560 0.61323 0.46658 0.61773 0.47145 0.63205 0.47347 0.64168 0.47199 0.64663 0.47636 0.65469 0.48435 0.66681 0.49835 0.68968 0.49860 0.70516 0.49540 0.70974 0.49067 0.73236 0.48594 0.74089 0.48325 0.74612 0.47854 0.76596 0.47250 0.77502 0.46642 0.78670 0.45774 0.79306 0.43361 0.80109 0.39254 0.80483 0.36360 0.80463 0.33953 0.80883 0.30726 0.81246 0.27441 0.81265 0.25231 0.80355 0.18728 0.79176 0.14809 0.77206 0.12299 0.75090 0.11867 0.70886 0.12075 0.67578 0.12507 0.64870 0.13371 0.62204 0.14905 0.59587 0.18778 0.58166 0.20840 0.57480 0.23712 0.56256 0.25378 0.55100 0.26558 0.54189 0.36396 0.53368 0.45257 0.53807 0.47157 0.54496 0.47960
4 0.06808 0.75860 0.06520 0.78793 0.07851 0.81202 0.09651 0.82478 0.11398 0.82350 0.13425 0.80691 0.16855 0.76074 0.19850 0.72787 0.22523 0.70471 0.24508 0.55918 0.24880 0.55043 0.24615 0.54729 0.24545 0.53882 0.24072 0.52425 0.23895 0.49715 0.23519 0.47989 0.23920 0.44710 0.23703 0.40972 0.22845 0.40478 0.21427 0.40182 0.19875 0.40543 0.18638 0.41399 0.16573 0.43877 0.14371 0.47945 0.12724 0.52027 0.10966 0.57510 0.09450 0.63413 0.08209 0.68582 0.07444 0.71887 0.06808 0.75860
4 0.06536 0.00000 0.02567 0.28238 0.02662 0.29861 0.03112 0.33035 0.03984 0.35207 0.05215 0.36511 0.06642 0.36075 0.08975 0.34565 0.10988 0.32304 0.12317 0.30229 0.13451 0.29540 0.13955 0.24946 0.14820 0.19130 0.15852 0.13126 0.14527 0.10819 0.12913 0.07553 0.12252 0.04209 0.09996 0.00000 0.06536 0.00000
4 0.29499 0.84997 0.32120 0.81310 0.35211 0.77946 0.36542 0.76717 0.37520 0.70674 0.37997 0.66363 0.37836 0.62928 0.37890 0.61326 0.37728 0.60338 0.36453 0.58420 0.35244 0.56641 0.34105 0.55580 0.33576 0.54153 0.32590 0.52920 0.31173 0.52013 0.30590 0.52008 0.30267 0.51223 0.29623 0.50643 0.28873 0.50331 0.28075 0.49988 0.27566 0.50070 0.27139 0.50268 0.26767 0.50685 0.25983 0.51992 0.25023 0.54239 0.24322 0.56780 0.23384 0.64373 0.22492 0.71330 0.22354 0.77812 0.22953 0.82403 0.24355 0.85562 0.26304 0.86351 0.29499 0.84997
4 0.39681 0.47087 0.46316 0.48161 0.49691 0.48282 0.51165 0.47853 0.51883 0.47105 0.53092 0.43529 0.53857 0.38760 0.54666 0.30321 0.54800 0.25675 0.53685 0.23892 0.52199 0.19372 0.50882 0.16007 0.48550 0.12145 0.45917 0.09089 0.43522 0.07692 0.40321 0.07666 0.34048 0.13075 0.30960 0.17942 0.28823 0.27113 0.28239 0.32615 0.28046 0.37677 0.28352 0.40193 0.29224 0.42366 0.31551 0.44248 0.39681 0.47087
4 0.80876 0.61346 0.81481 0.61923 0.82093 0.62232 0.82400 0.62588 0.82808 0.63719 0.82852 0.65737 0.82357 0.68618 0.81040 0.71866 0.80101 0.73880 0.79473 0.76653 0.79262 0.79217 0.81509 0.85215 0.82726 0.91126 0.83393 0.93357 0.85713 0.93947 0.87513 0.93802 0.89750 0.91179 0.90823 0.85455 0.91205 0.78302 0.92506 0.67138 0.92016 0.57322 0.90828 0.55426 0.89452 0.53131 0.88045 0.51056 0.86980 0.50146 0.85707 0.49878 0.84752 0.50312 0.84279 0.50916 0.83828 0.51791 0.82802 0.53793 0.81946 0.54790 0.80918 0.56166 0.80291 0.57240 0.78475 0.59980 0.79286 0.60362 0.80316 0.61088 0.80876 0.61346
4 0.69306 0.92285 0.71204 0.91532 0.73160 0.89489 0.75505 0.85554 0.77953 0.80892 0.79184 0.78284 0.79529 0.75830 0.81556 0.70645 0.82724 0.66730 0.82932 0.64812 0.82385 0.62175 0.78991 0.60272 0.75051 0.58884 0.71569 0.58341 0.68727 0.58069 0.67356 0.58430 0.66425 0.60159 0.65803 0.61904 0.66878 0.63390 0.66213 0.66356 0.65409 0.70322 0.64170 0.77379 0.64794 0.81731 0.65683 0.88160 0.67019 0.91407 0.69306 0.92285
