1 0.40428 0.46961 0.40477 0.46838 0.40504 0.46712 0.40442 0.46590 0.40338 0.46641 0.40351 0.46885 0.40361 0.47188 0.40428 0.46961
4 0.45402 0.62856 0.46105 0.62552 0.46626 0.59289 0.45958 0.52715 0.43365 0.52180 0.42035 0.52162 0.41670 0.51723 0.41216 0.49823 0.40374 0.51291 0.40042 0.51420 0.39487 0.52111 0.38971 0.52920 0.39065 0.54584 0.40025 0.57435 0.40846 0.61451 0.41637 0.63262 0.44151 0.62909 0.45402 0.62856
4 0.68252 0.48727 0.69073 0.49430 0.69760 0.49170 0.70310 0.47947 0.70715 0.45681 0.70819 0.41945 0.70694 0.38240 0.70741 0.34593 0.70221 0.31885 0.69723 0.29337 0.68862 0.28353 0.68622 0.28469 0.67827 0.28785 0.67355 0.30733 0.66442 0.33029 0.65497 0.34757 0.64553 0.35013 0.65301 0.38671 0.65713 0.41108 0.65874 0.43417 0.66848 0.45366 0.67484 0.47404 0.68252 0.48727
4 0.25430 0.44409 0.25044 0.40168 0.24635 0.39081 0.24150 0.38453 0.23609 0.37916 0.22895 0.37975 0.22550 0.38842 0.22362 0.41977 0.22818 0.45062 0.23670 0.47806 0.24545 0.50383 0.25331 0.51663 0.26085 0.51720 0.26270 0.50877 0.26693 0.49589 0.26019 0.47271 0.25430 0.44409
4 0.51160 0.51248 0.51245 0.51686 0.50775 0.52161 0.49369 0.52768 0.45975 0.52835 0.46780 0.59226 0.48142 0.61121 0.48678 0.61782 0.50506 0.61525 0.52049 0.61553 0.52708 0.60111 0.52628 0.57055 0.52061 0.51858 0.51457 0.51206 0.51160 0.51248
4 0.61703 0.47071 0.61937 0.47078 0.62056 0.47594 0.62747 0.47865 0.63535 0.47999 0.64016 0.47605 0.64760 0.46437 0.65230 0.45798 0.65556 0.45465 0.65846 0.43380 0.65656 0.40870 0.65244 0.38269 0.64264 0.34112 0.63354 0.31622 0.62631 0.30620 0.61780 0.30044 0.61330 0.29985 0.60666 0.30242 0.59720 0.32133 0.58932 0.34821 0.58391 0.37106 0.58865 0.40148 0.59341 0.42208 0.60005 0.44610 0.60261 0.45269 0.60762 0.46344 0.61218 0.46771 0.61703 0.47071
4 0.65875 0.48648 0.64892 0.48950 0.64355 0.49108 0.63879 0.49870 0.64466 0.50564 0.65394 0.52520 0.65386 0.56447 0.65296 0.58792 0.66265 0.60374 0.67545 0.59866 0.68768 0.59613 0.69546 0.59340 0.70352 0.58776 0.69599 0.55406 0.68712 0.52912 0.68007 0.51376 0.66663 0.49274 0.65875 0.48648
4 0.72727 0.48057 0.73081 0.48090 0.73597 0.46953 0.73944 0.44778 0.74121 0.41726 0.73977 0.39210 0.73799 0.36781 0.73164 0.34416 0.72840 0.33112 0.72482 0.32549 0.72099 0.32807 0.71478 0.34530 0.70789 0.36427 0.70694 0.38240 0.70804 0.40515 0.70760 0.42689 0.70717 0.44536 0.70691 0.46012 0.71039 0.46495 0.71825 0.47284 0.72727 0.48057
4 0.54509 0.50945 0.56749 0.50630 0.58303 0.50412 0.59229 0.50036 0.60059 0.49306 0.60153 0.48147 0.60111 0.45863 0.59903 0.44051 0.59369 0.42245 0.59018 0.40904 0.58362 0.37396 0.58004 0.36342 0.56945 0.34609 0.56050 0.33058 0.55247 0.31821 0.54637 0.31457 0.53929 0.31229 0.52581 0.31255 0.51070 0.32612 0.50084 0.34551 0.49634 0.39645 0.49859 0.41413 0.50795 0.47745 0.51122 0.50235 0.51457 0.51292 0.52313 0.51908 0.53280 0.51322 0.54509 0.50945
4 0.34607 0.55702 0.33581 0.54533 0.33015 0.55148 0.32141 0.57561 0.31498 0.59288 0.31168 0.61584 0.33041 0.61975 0.34977 0.62480 0.35254 0.60969 0.35383 0.59233 0.35459 0.57954 0.35645 0.56619 0.34607 0.55702
4 0.76329 0.46488 0.76605 0.45304 0.76718 0.43120 0.76677 0.40672 0.76140 0.37515 0.75862 0.36207 0.75483 0.34825 0.75090 0.34023 0.74575 0.34177 0.74145 0.34933 0.73664 0.35818 0.73833 0.37022 0.74104 0.41606 0.74025 0.44194 0.73822 0.46063 0.74517 0.47029 0.75082 0.47236 0.75825 0.47213 0.76329 0.46488
4 0.32273 0.51616 0.32999 0.51310 0.33681 0.50191 0.34032 0.49037 0.34250 0.48270 0.34561 0.47163 0.35042 0.46441 0.34543 0.44221 0.33679 0.39229 0.32100 0.36956 0.30175 0.34036 0.28966 0.32733 0.27819 0.32035 0.27477 0.34742 0.27888 0.37998 0.28260 0.40645 0.28871 0.43995 0.29545 0.47132 0.30346 0.49678 0.31158 0.51813 0.31473 0.51892 0.31782 0.51440 0.32273 0.51616
4 0.29369 0.46379 0.28650 0.42922 0.28136 0.39763 0.27037 0.37913 0.25966 0.36427 0.25041 0.36148 0.25091 0.40150 0.25465 0.44474 0.25980 0.47142 0.26660 0.49499 0.27623 0.51533 0.28169 0.52602 0.28839 0.51730 0.29601 0.50519 0.30119 0.48892 0.29369 0.46379
4 0.68752 0.52866 0.69616 0.55362 0.70193 0.58145 0.70741 0.58558 0.72263 0.57608 0.74156 0.56483 0.73177 0.54330 0.71736 0.52037 0.70898 0.50887 0.70402 0.50834 0.69641 0.51228 0.69154 0.51910 0.68752 0.52866
4 0.40099 0.57465 0.38865 0.54489 0.38439 0.53118 0.37622 0.53110 0.36478 0.54252 0.35703 0.56038 0.35366 0.59113 0.35440 0.62293 0.38044 0.62908 0.39996 0.63533 0.40679 0.62252 0.40777 0.61460 0.40099 0.57465
4 0.58119 0.50515 0.54994 0.50832 0.53325 0.51394 0.52312 0.51986 0.52084 0.51854 0.52714 0.57001 0.53036 0.58960 0.53714 0.60133 0.54483 0.60966 0.56026 0.60667 0.57575 0.60572 0.58357 0.60667 0.58509 0.58764 0.58577 0.56260 0.58119 0.50515
4 0.40738 0.49486 0.40952 0.48024 0.40970 0.44340 0.40690 0.41352 0.40124 0.38323 0.39048 0.36634 0.37817 0.35007 0.36917 0.33743 0.36210 0.33188 0.35690 0.32975 0.34718 0.33520 0.34218 0.35104 0.33854 0.37323 0.33622 0.38991 0.34487 0.43820 0.35155 0.47080 0.35678 0.48642 0.36800 0.50325 0.38977 0.50224 0.40566 0.49591 0.40738 0.49486
4 0.65360 0.55102 0.65360 0.52443 0.64438 0.50527 0.63383 0.49325 0.62778 0.49165 0.62373 0.48609 0.61260 0.48479 0.60380 0.48193 0.60111 0.48435 0.60070 0.49300 0.59331 0.50018 0.58177 0.50589 0.58622 0.56744 0.59138 0.58594 0.59997 0.60559 0.60517 0.60773 0.62311 0.60602 0.63356 0.60578 0.64591 0.60241 0.65008 0.60223 0.65256 0.58838 0.65360 0.55102
4 0.42092 0.52158 0.43229 0.52121 0.45416 0.52591 0.46536 0.52761 0.49307 0.52740 0.50684 0.52260 0.51182 0.51658 0.50806 0.48152 0.50017 0.42700 0.49633 0.40136 0.48848 0.38365 0.47648 0.35466 0.45892 0.33749 0.44192 0.32598 0.43072 0.32428 0.41562 0.33295 0.41044 0.35576 0.40828 0.37856 0.40380 0.39310 0.40662 0.41316 0.40959 0.44423 0.41020 0.48178 0.41138 0.49020 0.41364 0.50461 0.41705 0.51722 0.42092 0.52158
