4 0.41044 0.18580 0.40455 0.22447 0.40178 0.27845 0.39762 0.36017 0.39727 0.41781 0.39935 0.43678 0.40455 0.44407 0.41946 0.44699 0.42674 0.44991 0.45690 0.44918 0.47735 0.44699 0.49157 0.44188 0.49920 0.43021 0.50544 0.41270 0.50544 0.39227 0.50717 0.34120 0.51098 0.27554 0.51514 0.20258 0.50821 0.19748 0.50058 0.17850 0.48949 0.14713 0.48429 0.12962 0.47631 0.11576 0.46695 0.10409 0.45100 0.10117 0.43714 0.11649 0.42119 0.14932 0.41044 0.18580
4 0.45690 0.81674 0.47181 0.85322 0.48186 0.86051 0.48706 0.85832 0.49469 0.83644 0.50301 0.80361 0.50648 0.78682 0.49920 0.71095 0.49607 0.64383 0.49192 0.58327 0.49400 0.56357 0.48914 0.55701 0.47562 0.55482 0.46765 0.55409 0.44338 0.55993 0.43506 0.56430 0.42674 0.58619 0.43332 0.66936 0.44407 0.77880 0.45690 0.81674
4 0.51306 0.24344 0.50821 0.31639 0.50613 0.37330 0.50578 0.41635 0.51098 0.42802 0.52069 0.43167 0.55848 0.42583 0.57720 0.42000 0.58760 0.41197 0.59350 0.39592 0.59835 0.35069 0.60147 0.29013 0.60147 0.25073 0.60043 0.22301 0.59315 0.19675 0.58830 0.16902 0.58136 0.14713 0.57547 0.13911 0.56645 0.13181 0.55467 0.13327 0.54253 0.14932 0.52589 0.18872 0.51965 0.20404 0.51306 0.24344
4 0.38756 0.77296 0.39484 0.80433 0.40836 0.82768 0.41807 0.84008 0.42778 0.82257 0.43922 0.79850 0.44511 0.78318 0.43506 0.68468 0.42847 0.60443 0.42674 0.58765 0.43540 0.56357 0.42292 0.56139 0.39969 0.56503 0.38964 0.56795 0.37959 0.57452 0.37335 0.58400 0.37300 0.60224 0.37889 0.67009 0.38756 0.77296
4 0.57717 0.77194 0.58133 0.80404 0.58792 0.85949 0.60005 0.90254 0.61981 0.91640 0.63784 0.90691 0.65309 0.87846 0.66107 0.84417 0.66419 0.81134 0.66454 0.76392 0.66558 0.71577 0.66731 0.67491 0.66800 0.64354 0.66523 0.62311 0.66072 0.60414 0.64200 0.57861 0.62293 0.56547 0.59693 0.56255 0.58202 0.56985 0.57231 0.59903 0.56711 0.63186 0.56781 0.66834 0.57301 0.73911 0.57717 0.77194
4 0.82498 0.84329 0.84232 0.84183 0.85099 0.83235 0.85550 0.80608 0.85272 0.78128 0.84787 0.72875 0.84405 0.67622 0.84267 0.65142 0.83504 0.62880 0.81736 0.61421 0.80037 0.60326 0.78720 0.59305 0.77125 0.59305 0.75218 0.59159 0.73796 0.59232 0.73311 0.60107 0.73172 0.61858 0.74421 0.61931 0.75183 0.63828 0.75634 0.66455 0.75877 0.70759 0.76917 0.75137 0.78650 0.78858 0.80869 0.82870 0.82498 0.84329
4 0.24517 0.44298 0.25107 0.46413 0.25384 0.46486 0.27984 0.44662 0.28990 0.43349 0.27048 0.43130 0.26320 0.40139 0.25973 0.34230 0.26112 0.30582 0.26147 0.22046 0.26285 0.20367 0.25453 0.17230 0.24136 0.13656 0.23824 0.14823 0.23408 0.24745 0.23512 0.34084 0.23997 0.39993 0.24517 0.44298
4 0.78938 0.23760 0.78938 0.26532 0.79007 0.30983 0.78765 0.35944 0.78418 0.40759 0.77586 0.42437 0.78279 0.42729 0.79042 0.42218 0.79978 0.43896 0.80637 0.45064 0.82093 0.45939 0.82960 0.46158 0.84381 0.45502 0.85456 0.43823 0.86115 0.41489 0.86253 0.37695 0.86323 0.33390 0.86323 0.27408 0.86323 0.23833 0.85525 0.20769 0.84346 0.19529 0.83202 0.19310 0.81920 0.20039 0.80602 0.21571 0.79458 0.22958 0.78938 0.23760
4 0.74566 0.88940 0.75606 0.88284 0.76230 0.86679 0.76577 0.83760 0.76577 0.79894 0.76022 0.75589 0.75710 0.70263 0.75502 0.66470 0.75086 0.63551 0.74427 0.61946 0.73388 0.61873 0.72451 0.61070 0.71342 0.60487 0.69678 0.59757 0.68638 0.59976 0.67840 0.60487 0.67119 0.61745 0.66620 0.62619 0.66800 0.63916 0.66627 0.68439 0.66523 0.73182 0.67875 0.78143 0.70857 0.83979 0.73145 0.87992 0.74566 0.88940
4 0.70860 0.21644 0.70097 0.23249 0.70305 0.30910 0.69820 0.39300 0.70409 0.40759 0.71276 0.42218 0.72697 0.44407 0.74674 0.44334 0.75922 0.43751 0.77031 0.43021 0.78314 0.40759 0.78661 0.37622 0.78938 0.30837 0.78869 0.24417 0.78522 0.19310 0.77759 0.15881 0.76719 0.14057 0.75159 0.12889 0.73980 0.13838 0.72697 0.16537 0.71831 0.19164 0.70860 0.21644
4 0.92726 0.78931 0.94286 0.76888 0.95708 0.71562 0.96470 0.67112 0.96193 0.66090 0.95916 0.63537 0.95430 0.60107 0.94356 0.58356 0.92726 0.58430 0.91409 0.57262 0.90022 0.56824 0.86728 0.58065 0.84718 0.58430 0.82360 0.58940 0.81008 0.59159 0.80696 0.60545 0.82082 0.61348 0.83469 0.62734 0.84336 0.65287 0.84856 0.72364 0.85272 0.74699 0.87040 0.77836 0.89016 0.79806 0.90923 0.80608 0.92726 0.78931
4 0.35601 0.84446 0.36225 0.85832 0.36815 0.85759 0.37196 0.83717 0.37993 0.80069 0.38652 0.77588 0.38583 0.73430 0.37889 0.65842 0.37300 0.60808 0.37300 0.58619 0.38028 0.57233 0.37231 0.57160 0.36260 0.58181 0.35116 0.59568 0.34457 0.60954 0.33243 0.63434 0.33486 0.70730 0.34110 0.77807 0.34734 0.81747 0.35601 0.84446
4 0.31371 0.85759 0.31683 0.88240 0.32515 0.91961 0.33001 0.93128 0.33348 0.90283 0.33521 0.86343 0.33902 0.82695 0.34353 0.80142 0.34180 0.77661 0.33417 0.70949 0.33209 0.63361 0.33486 0.62632 0.32515 0.64018 0.31406 0.66353 0.31059 0.68030 0.30782 0.72919 0.30921 0.77880 0.30921 0.81966 0.31371 0.85759
4 0.50464 0.76107 0.51123 0.82746 0.51885 0.85446 0.53099 0.88072 0.54035 0.88510 0.54832 0.87416 0.55803 0.84278 0.56808 0.79828 0.57120 0.77566 0.57363 0.74356 0.56739 0.66258 0.56774 0.63121 0.57086 0.60275 0.57363 0.58743 0.56947 0.58087 0.56175 0.56183 0.53862 0.55387 0.51331 0.55387 0.49465 0.55953 0.49157 0.58304 0.49563 0.63558 0.49909 0.70270 0.50464 0.76107
4 0.62158 0.20039 0.60945 0.21863 0.60216 0.23468 0.60147 0.27773 0.59904 0.33609 0.59523 0.37768 0.60355 0.40467 0.61950 0.43823 0.63995 0.44918 0.66214 0.44553 0.68086 0.43094 0.69196 0.41635 0.69924 0.38497 0.70305 0.31567 0.70063 0.23760 0.70167 0.18507 0.69855 0.14057 0.69335 0.12452 0.68190 0.11430 0.67116 0.11285 0.65902 0.12087 0.65001 0.13327 0.63475 0.16537 0.62158 0.20039
4 0.26102 0.26022 0.26136 0.30983 0.25998 0.34047 0.26414 0.40103 0.27176 0.43094 0.29083 0.43459 0.29985 0.43240 0.30886 0.42583 0.30539 0.39738 0.30227 0.35798 0.30262 0.31494 0.30678 0.26313 0.30678 0.22738 0.30747 0.20331 0.29673 0.17705 0.28702 0.15151 0.27697 0.13254 0.26760 0.16100 0.26587 0.18653 0.26310 0.20842 0.26102 0.26022
4 0.30713 0.26095 0.30193 0.31275 0.30262 0.37184 0.30990 0.43532 0.31788 0.44407 0.33660 0.44991 0.35705 0.45355 0.37716 0.44772 0.38756 0.44845 0.39484 0.44334 0.39969 0.43313 0.39727 0.41562 0.39796 0.37330 0.40004 0.31275 0.40281 0.25146 0.39345 0.22593 0.38340 0.19820 0.37473 0.16756 0.36121 0.12962 0.35185 0.10190 0.34388 0.09168 0.33520 0.08365 0.32654 0.08950 0.31753 0.11722 0.31441 0.13546 0.30817 0.20550 0.30713 0.26095
