4 0.75452 0.50271 0.77088 0.50885 0.79142 0.51549 0.80876 0.51227 0.81946 0.49750 0.82577 0.46880 0.82731 0.42736 0.82463 0.36032 0.82006 0.31489 0.81720 0.30269 0.81490 0.27940 0.81180 0.27479 0.80340 0.27027 0.78907 0.27285 0.77323 0.27487 0.75377 0.28630 0.73736 0.29942 0.73292 0.30475 0.74177 0.33551 0.74179 0.35826 0.75012 0.40245 0.75581 0.46827 0.75452 0.50271
1 0.66586 0.59296 0.66642 0.58846 0.66500 0.58008 0.66273 0.57329 0.65977 0.57041 0.65695 0.56870 0.65276 0.56076 0.65282 0.55705 0.65340 0.55352 0.65451 0.55174 0.65499 0.54314 0.65404 0.53261 0.65118 0.53539 0.64931 0.54421 0.64735 0.56222 0.64636 0.59311 0.64848 0.59835 0.65080 0.60085 0.65335 0.60178 0.65685 0.59918 0.65721 0.59780 0.65805 0.59525 0.66029 0.59306 0.66218 0.59225 0.66485 0.59298 0.66586 0.59296
4 0.52117 0.54716 0.52849 0.55461 0.54033 0.56140 0.54307 0.56719 0.54847 0.57293 0.55081 0.57698 0.55666 0.58737 0.56336 0.60300 0.58036 0.60213 0.60604 0.60051 0.62748 0.59372 0.63556 0.58016 0.63848 0.57428 0.64470 0.56250 0.64928 0.54317 0.65182 0.52049 0.65087 0.49578 0.65044 0.47956 0.64315 0.45169 0.63981 0.41208 0.63058 0.35974 0.60864 0.35953 0.59302 0.35281 0.57962 0.34313 0.57196 0.33742 0.56289 0.33758 0.55609 0.33829 0.54972 0.34131 0.53855 0.35142 0.53124 0.36555 0.52234 0.37563 0.51486 0.38043 0.51662 0.39497 0.51301 0.42596 0.50811 0.44880 0.50546 0.47043 0.50623 0.49258 0.50641 0.50308 0.50827 0.52288 0.51154 0.53682 0.51910 0.53669 0.52117 0.54716
1 0.61951 0.61878 0.62250 0.60982 0.62462 0.59560 0.60658 0.60037 0.58273 0.60281 0.57798 0.61626 0.56840 0.62413 0.56582 0.62701 0.56436 0.63352 0.56162 0.64166 0.56086 0.65869 0.56554 0.67117 0.57540 0.67950 0.59752 0.68277 0.61599 0.67312 0.62702 0.65713 0.62911 0.64251 0.62380 0.63936 0.62127 0.62968 0.61951 0.61878
4 0.19740 0.58431 0.19369 0.56629 0.18516 0.51102 0.17800 0.42597 0.17538 0.38402 0.16887 0.37946 0.16190 0.36967 0.15910 0.36096 0.15443 0.35347 0.14799 0.37458 0.14337 0.41316 0.14404 0.45107 0.14829 0.50000 0.15717 0.55351 0.16242 0.57267 0.16993 0.59179 0.18067 0.60035 0.18784 0.59965 0.19740 0.58431
4 0.70517 0.52801 0.71370 0.53120 0.73089 0.52809 0.75166 0.50894 0.75481 0.49478 0.75515 0.46187 0.75104 0.40874 0.74143 0.35220 0.74020 0.33332 0.73203 0.30756 0.72070 0.28186 0.71545 0.26725 0.70620 0.25691 0.68971 0.24810 0.66959 0.23935 0.66160 0.24929 0.65600 0.26689 0.65292 0.29844 0.64533 0.33148 0.63274 0.36390 0.64118 0.43166 0.64722 0.46515 0.65499 0.49442 0.66231 0.52007 0.67601 0.52967 0.70517 0.52801
2 0.70026 0.69243 0.70501 0.69469 0.71003 0.68640 0.71049 0.66928 0.70458 0.64406 0.69615 0.63132 0.68975 0.63025 0.68273 0.61115 0.67457 0.59629 0.66969 0.57809 0.66415 0.56506 0.65817 0.55344 0.65492 0.54998 0.65475 0.54013 0.65462 0.53264 0.65086 0.53505 0.64919 0.54398 0.64736 0.56089 0.64657 0.59396 0.64623 0.60100 0.64962 0.62064 0.65604 0.64022 0.67160 0.66996 0.70026 0.69243
4 0.38635 0.57545 0.38944 0.58451 0.38944 0.59950 0.38633 0.61657 0.38578 0.63035 0.39341 0.66141 0.40494 0.67499 0.42098 0.67633 0.43161 0.66845 0.44031 0.65533 0.45099 0.62030 0.45603 0.60847 0.45535 0.59956 0.45882 0.58735 0.46158 0.56502 0.46461 0.54309 0.46627 0.51835 0.47069 0.51584 0.47487 0.48547 0.47497 0.46116 0.47360 0.44336 0.47154 0.43043 0.46591 0.42405 0.45393 0.41453 0.43230 0.40843 0.41892 0.40947 0.41105 0.40961 0.40733 0.40725 0.39507 0.41151 0.38882 0.41486 0.37911 0.43002 0.37437 0.44428 0.37373 0.45454 0.37911 0.46174 0.38466 0.46367 0.38690 0.47173 0.39023 0.48221 0.39363 0.49632 0.39594 0.50844 0.39458 0.52062 0.39466 0.54046 0.39324 0.54940 0.38635 0.57545
4 0.33518 0.71112 0.34414 0.69800 0.35108 0.67479 0.35331 0.65207 0.36388 0.62555 0.38161 0.60336 0.38810 0.59920 0.38860 0.58258 0.38760 0.57045 0.37845 0.55805 0.36432 0.54574 0.34266 0.52302 0.32511 0.50940 0.31312 0.50044 0.30426 0.50465 0.29596 0.51047 0.29243 0.51863 0.28833 0.55476 0.28280 0.58362 0.27934 0.62622 0.28029 0.68089 0.28382 0.71729 0.28451 0.72659 0.29451 0.72804 0.30788 0.72659 0.32169 0.72068 0.33518 0.71112
4 0.49458 0.68329 0.50728 0.68307 0.51405 0.68085 0.52433 0.67227 0.53263 0.65392 0.53758 0.62584 0.54854 0.57734 0.54296 0.56974 0.53787 0.56423 0.52311 0.55048 0.51789 0.53727 0.51016 0.53601 0.50617 0.51577 0.50545 0.50039 0.50455 0.47450 0.51211 0.42470 0.51451 0.40703 0.48976 0.40756 0.48079 0.41331 0.47971 0.45534 0.47964 0.50364 0.47963 0.55474 0.47590 0.57511 0.47313 0.59826 0.47913 0.60445 0.48362 0.62748 0.48381 0.66457 0.48812 0.67710 0.49458 0.68329
4 0.24886 0.60791 0.25625 0.59787 0.27170 0.57310 0.28406 0.54488 0.28973 0.52319 0.29684 0.50934 0.31179 0.49658 0.32148 0.45730 0.32236 0.42112 0.31884 0.39318 0.31430 0.39268 0.29570 0.38833 0.27818 0.38164 0.26478 0.37195 0.25329 0.36340 0.24257 0.35601 0.23263 0.34977 0.22466 0.34815 0.21171 0.34255 0.19458 0.33585 0.18313 0.35121 0.17660 0.38866 0.18025 0.44635 0.18614 0.52383 0.19692 0.57848 0.19972 0.58719 0.20824 0.59871 0.21979 0.61017 0.23534 0.61340 0.24886 0.60791
4 0.64596 0.59835 0.64710 0.61127 0.64930 0.62248 0.65666 0.64203 0.67185 0.66970 0.70143 0.69430 0.73277 0.69983 0.74370 0.69357 0.75086 0.68332 0.75089 0.66955 0.74676 0.64367 0.74352 0.62308 0.73995 0.59964 0.73748 0.57821 0.73069 0.55079 0.72532 0.52900 0.71251 0.53167 0.70588 0.52812 0.67756 0.53024 0.66216 0.52039 0.65915 0.50843 0.65666 0.51121 0.65546 0.51475 0.65463 0.51828 0.65369 0.52240 0.65408 0.53126 0.65087 0.53497 0.64920 0.54371 0.64715 0.56203 0.64637 0.59047 0.64596 0.59835
2 0.52016 0.47466 0.52771 0.46073 0.53615 0.44857 0.54211 0.42621 0.55504 0.40684 0.55921 0.39742 0.56932 0.39814 0.57130 0.41235 0.57313 0.41855 0.57306 0.43101 0.57692 0.43717 0.58531 0.45483 0.60184 0.45989 0.60810 0.45444 0.61255 0.44501 0.62548 0.44211 0.62751 0.45944 0.63120 0.47228 0.63181 0.45803 0.63038 0.44203 0.62613 0.42964 0.62162 0.41948 0.61800 0.39372 0.62046 0.38611 0.62291 0.36114 0.61050 0.36092 0.58897 0.35061 0.57057 0.33757 0.55415 0.33920 0.53907 0.35148 0.53181 0.36540 0.52333 0.37534 0.51481 0.38262 0.51677 0.39594 0.51271 0.42806 0.50524 0.46246 0.50463 0.47761 0.50766 0.51895 0.50968 0.53539 0.51664 0.53749 0.51746 0.53480 0.51887 0.49962 0.52016 0.47466
1 0.28677 0.51102 0.28695 0.50844 0.28655 0.50440 0.28533 0.50176 0.28420 0.49765 0.28384 0.49310 0.28295 0.48985 0.28294 0.48607 0.28349 0.48262 0.28286 0.48134 0.28190 0.48712 0.28189 0.49004 0.28270 0.49450 0.28356 0.49913 0.28377 0.50480 0.28396 0.50961 0.28474 0.51269 0.28606 0.51465 0.28622 0.51447 0.28677 0.51102
2 0.27299 0.41598 0.27464 0.44192 0.27971 0.45667 0.28220 0.47951 0.28124 0.48961 0.28387 0.51024 0.28503 0.52743 0.28129 0.53343 0.28050 0.54309 0.28332 0.53933 0.29049 0.52325 0.29627 0.51017 0.31040 0.49323 0.31375 0.47833 0.31849 0.46082 0.31955 0.42482 0.32026 0.41071 0.31825 0.39183 0.30453 0.39095 0.29463 0.38853 0.27768 0.38178 0.25674 0.36656 0.24483 0.35935 0.23078 0.35292 0.23148 0.36552 0.23251 0.36995 0.23494 0.37140 0.23899 0.36910 0.24221 0.37461 0.24860 0.38229 0.25450 0.38997 0.26232 0.39688 0.26967 0.40529 0.27299 0.41598
1 0.28492 0.46438 0.28353 0.46767 0.28295 0.46966 0.28350 0.47197 0.28439 0.47230 0.28499 0.47135 0.28523 0.46911 0.28593 0.46781 0.28536 0.46713 0.28594 0.46514 0.28492 0.46438
1 0.30094 0.41692 0.30017 0.41925 0.29942 0.42265 0.30046 0.42263 0.30215 0.42010 0.30361 0.41741 0.30507 0.41488 0.30550 0.41345 0.30500 0.41132 0.30692 0.40826 0.30427 0.40866 0.30373 0.40439 0.30348 0.39708 0.30377 0.39351 0.30270 0.39175 0.29689 0.39631 0.29629 0.40166 0.29833 0.40644 0.29956 0.41035 0.30146 0.41316 0.30264 0.41457 0.30094 0.41692
1 0.58902 0.40448 0.58851 0.40288 0.58925 0.39928 0.58904 0.39631 0.58579 0.39439 0.58258 0.39395 0.58171 0.39483 0.58168 0.39792 0.58340 0.40000 0.58544 0.40182 0.58652 0.40378 0.58400 0.40160 0.58215 0.40188 0.58071 0.40685 0.58500 0.40876 0.58955 0.41165 0.59330 0.41976 0.59563 0.42442 0.59603 0.42009 0.59895 0.41718 0.59759 0.41263 0.59375 0.40886 0.58902 0.40448
1 0.23327 0.35652 0.23169 0.35868 0.23259 0.36384 0.23410 0.36417 0.23630 0.36431 0.23831 0.36748 0.23976 0.37102 0.24175 0.37260 0.24354 0.37559 0.24684 0.37910 0.24872 0.38121 0.25060 0.38296 0.25237 0.38507 0.25485 0.38788 0.25720 0.39015 0.25941 0.39082 0.26090 0.39062 0.26309 0.39005 0.26556 0.38609 0.26391 0.38380 0.26397 0.38094 0.26009 0.37708 0.25418 0.36952 0.24584 0.36182 0.24114 0.35745 0.23775 0.35501 0.23495 0.35364 0.23571 0.35736 0.23327 0.35652
