4 0.71945 0.57173 0.71504 0.60147 0.72352 0.59914 0.73778 0.62072 0.74966 0.64580 0.76493 0.67905 0.78631 0.71055 0.79989 0.72163 0.81313 0.72221 0.82365 0.70705 0.83145 0.65513 0.84028 0.56531 0.84062 0.53965 0.82806 0.50173 0.81007 0.47782 0.79005 0.46265 0.77613 0.44924 0.75747 0.44224 0.74083 0.44749 0.73065 0.46907 0.73065 0.48015 0.72454 0.53206 0.71945 0.57173
4 0.77719 0.44933 0.78941 0.46263 0.80692 0.47593 0.82321 0.49343 0.83299 0.51022 0.84113 0.53822 0.84887 0.49623 0.85417 0.43183 0.85783 0.36744 0.85580 0.33174 0.84317 0.30934 0.83014 0.30865 0.82199 0.31494 0.78493 0.35274 0.75764 0.39054 0.75805 0.44093 0.77719 0.44933
4 0.15076 0.55012 0.16909 0.50812 0.20289 0.49692 0.22040 0.50743 0.22447 0.50533 0.21837 0.47873 0.21674 0.43953 0.21104 0.40593 0.19352 0.37024 0.17764 0.35904 0.16746 0.35694 0.15890 0.36114 0.14994 0.37444 0.14506 0.42273 0.14343 0.48643 0.14709 0.53332 0.15076 0.55012
4 0.33937 0.38564 0.33774 0.40943 0.34955 0.41993 0.35362 0.44303 0.36299 0.39124 0.36991 0.37444 0.38498 0.36394 0.41960 0.36184 0.42367 0.34924 0.42449 0.31844 0.41390 0.29465 0.39842 0.27365 0.39028 0.26455 0.38050 0.25755 0.36299 0.28695 0.34874 0.31844 0.34018 0.34084 0.33937 0.38564
4 0.42571 0.33944 0.42367 0.36184 0.43793 0.35624 0.47336 0.35694 0.48192 0.35904 0.52020 0.35624 0.53649 0.36464 0.54056 0.36744 0.53608 0.32054 0.53079 0.26245 0.52346 0.22955 0.50269 0.20016 0.49088 0.19105 0.47621 0.19036 0.46400 0.19736 0.44363 0.23865 0.43426 0.27155 0.43019 0.30444 0.42571 0.33944
4 0.36870 0.61538 0.38911 0.65287 0.41797 0.67223 0.45668 0.66497 0.47427 0.64078 0.50313 0.58393 0.52213 0.55733 0.54113 0.54402 0.54324 0.47145 0.54183 0.38074 0.53684 0.36562 0.53177 0.35982 0.51819 0.35740 0.49545 0.35740 0.48356 0.35861 0.46625 0.35571 0.43472 0.35692 0.41910 0.36151 0.40162 0.36143 0.38605 0.36316 0.37222 0.37373 0.36237 0.39163 0.35533 0.44242 0.35181 0.48113 0.35815 0.56217 0.36870 0.61538
4 0.54423 0.33524 0.54097 0.37444 0.54626 0.36324 0.56867 0.35554 0.60817 0.35834 0.64890 0.36394 0.65297 0.35694 0.65053 0.32334 0.64605 0.28275 0.63668 0.24565 0.62487 0.22465 0.61591 0.21835 0.60573 0.21275 0.58781 0.21555 0.57070 0.23445 0.55767 0.26455 0.54871 0.30655 0.54423 0.33524
4 0.21796 0.42623 0.21877 0.47103 0.22651 0.50812 0.23262 0.47103 0.24484 0.45073 0.27172 0.42203 0.32426 0.40943 0.33648 0.40454 0.33851 0.33874 0.32304 0.27925 0.30552 0.23865 0.29127 0.21345 0.27987 0.20715 0.26643 0.21065 0.24402 0.24145 0.23181 0.30934 0.22447 0.37094 0.21796 0.42623
4 0.12450 0.73395 0.12645 0.78015 0.13036 0.81374 0.14111 0.82130 0.16800 0.78435 0.19830 0.72639 0.21491 0.67432 0.23642 0.64996 0.22713 0.61132 0.22469 0.57605 0.22664 0.51389 0.20367 0.49625 0.18412 0.50045 0.17044 0.50549 0.16164 0.52313 0.15187 0.54749 0.13623 0.58865 0.13281 0.62980 0.12694 0.68944 0.12450 0.73395
4 0.69651 0.38354 0.72257 0.40454 0.72950 0.42483 0.73153 0.46543 0.74009 0.44723 0.75679 0.44023 0.75760 0.39264 0.74823 0.34714 0.74172 0.31284 0.72991 0.28275 0.72095 0.28065 0.70384 0.27855 0.69692 0.28345 0.68144 0.29605 0.66433 0.33034 0.65619 0.34854 0.65660 0.36744 0.69651 0.38354
4 0.23935 0.66760 0.25352 0.68776 0.27161 0.69195 0.29458 0.68860 0.31461 0.65248 0.33758 0.59032 0.34834 0.57941 0.35371 0.56681 0.35469 0.53237 0.35127 0.47610 0.35408 0.44881 0.34764 0.42165 0.33481 0.40762 0.31608 0.41142 0.29653 0.41730 0.27307 0.42486 0.25499 0.43998 0.24228 0.45342 0.23300 0.46854 0.22713 0.51389 0.22420 0.58865 0.23348 0.63652 0.23935 0.66760
4 0.06780 0.84566 0.08442 0.82298 0.10837 0.76923 0.12450 0.73983 0.12548 0.69280 0.13476 0.60628 0.12254 0.59368 0.10788 0.59032 0.09664 0.60376 0.08833 0.62728 0.07953 0.66508 0.07269 0.72471 0.06829 0.80198 0.06780 0.84566
4 0.54331 0.51398 0.54568 0.53906 0.55383 0.55014 0.56672 0.57756 0.57657 0.60789 0.59252 0.63764 0.61186 0.65980 0.63868 0.67905 0.66209 0.68430 0.67974 0.67963 0.69773 0.66097 0.71368 0.60731 0.72285 0.54956 0.73031 0.47782 0.73065 0.44924 0.72794 0.42182 0.72047 0.40374 0.69841 0.38566 0.64309 0.36641 0.60677 0.35941 0.56774 0.35650 0.55009 0.36116 0.54568 0.36583 0.54263 0.37691 0.54229 0.41249 0.54398 0.48015 0.54331 0.51398
4 0.82533 0.69424 0.83999 0.73133 0.86117 0.80483 0.87868 0.86292 0.89172 0.89862 0.90312 0.89862 0.91045 0.85312 0.91208 0.79783 0.91452 0.72643 0.91290 0.66344 0.90964 0.61585 0.89945 0.57735 0.88276 0.55285 0.87176 0.55145 0.85262 0.54795 0.84040 0.55215 0.83999 0.57035 0.83510 0.61655 0.83063 0.66134 0.82533 0.69424
