4 0.46000 0.51782 0.45765 0.51700 0.45356 0.52243 0.45251 0.53134 0.45142 0.53647 0.45312 0.54029 0.45532 0.54580 0.45556 0.55751 0.45199 0.56935 0.44839 0.57740 0.44410 0.59067 0.44143 0.59829 0.43987 0.61056 0.44318 0.62165 0.45039 0.62823 0.45295 0.63696 0.46084 0.64431 0.47148 0.64657 0.48389 0.63661 0.49203 0.62700 0.49783 0.61847 0.50505 0.59732 0.50647 0.58376 0.51036 0.56443 0.51216 0.55599 0.51507 0.55315 0.52013 0.55107 0.52049 0.54642 0.52123 0.53997 0.52080 0.53609 0.51643 0.53390 0.50745 0.53073 0.49833 0.52817 0.48801 0.52535 0.47601 0.52153 0.47018 0.52030 0.46524 0.51987 0.46000 0.51782
4 0.26760 0.48637 0.25981 0.50330 0.25618 0.51639 0.25216 0.53632 0.25105 0.55341 0.25586 0.56042 0.27000 0.55712 0.28049 0.55715 0.28853 0.55886 0.29540 0.55717 0.30179 0.54782 0.30593 0.53925 0.31405 0.52081 0.32000 0.50759 0.32613 0.49755 0.32967 0.49074 0.33512 0.47899 0.33368 0.47585 0.32731 0.46630 0.32455 0.46351 0.31816 0.46688 0.30742 0.46900 0.30349 0.46376 0.29772 0.45434 0.29443 0.44514 0.28701 0.45238 0.27877 0.46543 0.26760 0.48637
4 0.65719 0.51783 0.65407 0.52757 0.65758 0.53083 0.66629 0.53331 0.67512 0.53425 0.68476 0.53535 0.69614 0.53714 0.70798 0.53776 0.72100 0.53675 0.72677 0.53231 0.73158 0.52451 0.73652 0.50918 0.74275 0.49570 0.74660 0.47856 0.74794 0.46436 0.74914 0.44981 0.74889 0.43715 0.74772 0.42588 0.74678 0.41843 0.74455 0.40820 0.73583 0.39784 0.72652 0.39617 0.71131 0.40649 0.69829 0.42230 0.68891 0.43480 0.67569 0.44365 0.66768 0.45265 0.66349 0.46153 0.66134 0.48249 0.65976 0.49885 0.65719 0.51783
4 0.30865 0.32783 0.30520 0.34505 0.30222 0.36206 0.29960 0.38229 0.29637 0.40932 0.29362 0.43709 0.29443 0.44514 0.29772 0.45434 0.30349 0.46376 0.30742 0.46900 0.31816 0.46688 0.32766 0.46070 0.33948 0.45251 0.34465 0.44794 0.35406 0.43828 0.35551 0.42158 0.35838 0.40707 0.36284 0.39006 0.36588 0.37968 0.36528 0.36475 0.35716 0.34759 0.34742 0.33513 0.33755 0.32326 0.32745 0.31450 0.31898 0.30986 0.31407 0.31323 0.30865 0.32783
4 0.55140 0.44841 0.54893 0.46301 0.54558 0.48372 0.54244 0.49848 0.53949 0.51140 0.53801 0.51833 0.54192 0.52168 0.55235 0.52201 0.56140 0.52488 0.57413 0.52822 0.59376 0.53270 0.61224 0.53568 0.62963 0.53686 0.63998 0.53654 0.64887 0.53623 0.65229 0.53002 0.65719 0.51783 0.65976 0.49885 0.66134 0.48249 0.66349 0.46153 0.66350 0.44767 0.65906 0.43098 0.65268 0.40568 0.65067 0.39045 0.64260 0.37802 0.62898 0.37292 0.61466 0.37114 0.59365 0.39093 0.57985 0.40941 0.56528 0.42364 0.55300 0.43300 0.55200 0.44066 0.55140 0.44841
4 0.39623 0.49576 0.39358 0.49834 0.38877 0.50614 0.38326 0.51725 0.38013 0.52604 0.37676 0.53698 0.37365 0.55459 0.37134 0.58024 0.36967 0.60887 0.36881 0.62475 0.37178 0.63451 0.37846 0.64160 0.38683 0.64275 0.39626 0.63688 0.40882 0.62821 0.42064 0.62001 0.43044 0.61044 0.43862 0.59864 0.44410 0.59067 0.44839 0.57740 0.45199 0.56935 0.45556 0.55751 0.45532 0.54580 0.45312 0.54029 0.45142 0.53647 0.45050 0.53784 0.44200 0.52942 0.43948 0.52542 0.43376 0.52074 0.43147 0.51868 0.42627 0.51253 0.42080 0.50759 0.41113 0.50176 0.40818 0.50081 0.40154 0.49846 0.39623 0.49576
4 0.73850 0.65797 0.74387 0.66824 0.74743 0.67026 0.75541 0.65841 0.75835 0.65148 0.76295 0.63481 0.76729 0.62030 0.76853 0.60261 0.76861 0.58940 0.76779 0.57253 0.76763 0.57029 0.76281 0.56926 0.75250 0.56739 0.74457 0.56318 0.73717 0.55751 0.73297 0.55158 0.72788 0.54388 0.72586 0.54251 0.72330 0.54669 0.72272 0.54940 0.72461 0.55831 0.72551 0.56890 0.72525 0.58491 0.72303 0.60428 0.71757 0.62895 0.71942 0.64100 0.72938 0.64847 0.73850 0.65797
4 0.73158 0.52451 0.72677 0.53231 0.72379 0.53546 0.72788 0.54388 0.73297 0.55158 0.73717 0.55751 0.74457 0.56318 0.75250 0.56739 0.76281 0.56926 0.76763 0.57029 0.77512 0.56274 0.78198 0.55318 0.78823 0.54254 0.79461 0.53129 0.80001 0.50787 0.80434 0.49147 0.80812 0.47368 0.81007 0.46150 0.81264 0.44944 0.81596 0.43975 0.81748 0.43063 0.80870 0.42152 0.79720 0.42033 0.78662 0.42564 0.77702 0.43620 0.76683 0.44758 0.75750 0.45788 0.74794 0.46436 0.74660 0.47856 0.74275 0.49570 0.73652 0.50918 0.73158 0.52451
4 0.45327 0.38944 0.44446 0.39827 0.44358 0.41132 0.43878 0.42699 0.43031 0.45795 0.42787 0.46247 0.42550 0.47268 0.42584 0.48094 0.42618 0.48826 0.42876 0.49290 0.43433 0.49535 0.44601 0.50067 0.46631 0.50592 0.48459 0.50981 0.50596 0.51404 0.52195 0.51586 0.53689 0.51967 0.53949 0.51140 0.54244 0.49848 0.54558 0.48372 0.54893 0.46301 0.55140 0.44841 0.55200 0.44066 0.54784 0.42371 0.54569 0.40814 0.53963 0.38921 0.53567 0.37325 0.53058 0.36461 0.52447 0.35480 0.51133 0.35043 0.49836 0.35020 0.48570 0.35444 0.46234 0.38034 0.45327 0.38944
4 0.35147 0.45442 0.34822 0.45783 0.34228 0.46602 0.33512 0.47899 0.32967 0.49074 0.32613 0.49755 0.32000 0.50759 0.31405 0.52081 0.30593 0.53925 0.30040 0.55634 0.29637 0.56840 0.29316 0.58252 0.29463 0.59732 0.29995 0.60192 0.31251 0.60113 0.32530 0.59628 0.33544 0.58615 0.34910 0.57425 0.35823 0.56391 0.36743 0.55421 0.37433 0.54938 0.37676 0.53698 0.38013 0.52604 0.38326 0.51725 0.38708 0.51114 0.38446 0.50176 0.38095 0.49156 0.37906 0.48171 0.37645 0.47423 0.37402 0.46489 0.37186 0.46222 0.36262 0.46026 0.35810 0.45583 0.35565 0.45153 0.35147 0.45442
4 0.65834 0.57667 0.65743 0.58687 0.65364 0.60370 0.64700 0.62308 0.64224 0.63656 0.63902 0.64974 0.64112 0.65270 0.64615 0.65377 0.64971 0.65579 0.65509 0.66701 0.65658 0.67678 0.65837 0.68913 0.66192 0.69713 0.67110 0.70727 0.67743 0.71208 0.68326 0.71332 0.69182 0.70663 0.69720 0.69613 0.70243 0.68338 0.70576 0.67463 0.70909 0.66589 0.71276 0.65754 0.71511 0.64449 0.71630 0.63593 0.71757 0.62895 0.72303 0.60428 0.72525 0.58491 0.72551 0.56890 0.72461 0.55831 0.72272 0.54940 0.72102 0.54652 0.71292 0.54512 0.70496 0.54405 0.69835 0.54454 0.68953 0.54550 0.68508 0.54865 0.67111 0.55607 0.66240 0.56147 0.65630 0.56647 0.65613 0.56927 0.65834 0.57667
4 0.26760 0.48637 0.27877 0.46543 0.28701 0.45238 0.29443 0.44514 0.29362 0.43709 0.29160 0.43765 0.27921 0.44645 0.26734 0.44937 0.25553 0.44686 0.25317 0.45054 0.24543 0.46622 0.23835 0.48173 0.23581 0.49568 0.23250 0.51419 0.23381 0.52581 0.23984 0.52709 0.24563 0.52454 0.25076 0.50830 0.25981 0.50330 0.26760 0.48637
4 0.26168 0.34965 0.26072 0.35760 0.25582 0.37725 0.25091 0.39689 0.24930 0.40961 0.25123 0.43125 0.25553 0.44686 0.26734 0.44937 0.27921 0.44645 0.29160 0.43765 0.29279 0.42865 0.29590 0.39012 0.29710 0.37078 0.29594 0.35747 0.28992 0.34313 0.28494 0.32901 0.27999 0.31816 0.27475 0.31378 0.27246 0.31601 0.26941 0.32353 0.26503 0.33729 0.26168 0.34965
4 0.78922 0.65741 0.79431 0.64337 0.80056 0.62580 0.80407 0.61426 0.80686 0.59816 0.80858 0.58214 0.80985 0.56729 0.80974 0.56286 0.80424 0.56106 0.79705 0.55638 0.78803 0.55037 0.78627 0.54779 0.78198 0.55318 0.77512 0.56274 0.76763 0.57029 0.76779 0.57253 0.76861 0.58940 0.76853 0.60261 0.76729 0.62030 0.76604 0.62917 0.77179 0.63669 0.77703 0.64757 0.78017 0.66147 0.78252 0.66921 0.78564 0.66736 0.78922 0.65741
4 0.41230 0.30261 0.40599 0.30757 0.39460 0.31869 0.38713 0.32813 0.37786 0.34506 0.37367 0.35488 0.36926 0.36875 0.36588 0.37968 0.36284 0.39006 0.35838 0.40707 0.35551 0.42158 0.35406 0.43828 0.35565 0.45153 0.35810 0.45583 0.36262 0.46026 0.37662 0.46355 0.38821 0.46633 0.39883 0.46575 0.40765 0.46574 0.41669 0.46671 0.42494 0.46343 0.43031 0.45795 0.43878 0.42699 0.44358 0.41132 0.44446 0.39827 0.44169 0.38761 0.43925 0.36945 0.43844 0.35447 0.43574 0.33657 0.43102 0.32517 0.42682 0.31231 0.41979 0.30389 0.41230 0.30261
4 0.52013 0.55107 0.51507 0.55315 0.51216 0.55599 0.51036 0.56443 0.50647 0.58376 0.50505 0.59732 0.50364 0.61088 0.50346 0.62061 0.50482 0.63003 0.50667 0.64208 0.50762 0.65835 0.51127 0.67676 0.51784 0.68635 0.52606 0.69314 0.53336 0.69532 0.53837 0.69449 0.55015 0.68156 0.55501 0.67252 0.56108 0.65680 0.56529 0.64194 0.57040 0.62381 0.57561 0.60129 0.57767 0.59953 0.58181 0.56324 0.58189 0.55790 0.57940 0.55580 0.57223 0.55396 0.56238 0.55092 0.55662 0.55032 0.55133 0.54951 0.53970 0.54893 0.53289 0.54937 0.52641 0.55020 0.52013 0.55107
4 0.23017 0.37670 0.22986 0.39350 0.22922 0.41188 0.23332 0.41819 0.23689 0.42875 0.24479 0.43423 0.25123 0.43125 0.24930 0.40961 0.25091 0.39689 0.25582 0.37725 0.26072 0.35760 0.25968 0.34541 0.25538 0.32980 0.25040 0.31568 0.24620 0.31152 0.24298 0.31301 0.23778 0.33749 0.23289 0.35877 0.23017 0.37670
4 0.58244 0.56620 0.58134 0.57038 0.58078 0.58192 0.57767 0.59953 0.57333 0.61498 0.57006 0.63035 0.56930 0.64185 0.57673 0.65729 0.58256 0.67333 0.58526 0.69123 0.59177 0.70112 0.60104 0.70592 0.61083 0.70234 0.61733 0.69647 0.62340 0.68768 0.62763 0.67567 0.63254 0.66443 0.63671 0.65271 0.63902 0.64974 0.64224 0.63656 0.64700 0.62308 0.65364 0.60370 0.65743 0.58687 0.65834 0.57667 0.65613 0.56927 0.65384 0.56720 0.64854 0.56545 0.64095 0.56163 0.62396 0.56054 0.61794 0.56021 0.60758 0.55958 0.59955 0.55882 0.59353 0.55848 0.58824 0.55767 0.58553 0.56056 0.58244 0.56620
4 0.80424 0.56106 0.81147 0.56165 0.81875 0.55406 0.82487 0.54308 0.83245 0.52516 0.83819 0.50906 0.83813 0.49550 0.83575 0.47704 0.82969 0.46504 0.82008 0.46678 0.81118 0.47307 0.80812 0.47368 0.80434 0.49147 0.80001 0.50787 0.79461 0.53129 0.78823 0.54254 0.78627 0.54779 0.78803 0.55037 0.79705 0.55638 0.80424 0.56106
