4 0.44013 0.34479 0.43650 0.35210 0.43363 0.36066 0.43299 0.36601 0.43544 0.36976 0.44055 0.37635 0.44535 0.38028 0.45078 0.38099 0.45707 0.38277 0.46335 0.38830 0.46868 0.39312 0.47976 0.39650 0.48413 0.39579 0.48903 0.39508 0.49287 0.39418 0.49702 0.39026 0.49979 0.38705 0.50235 0.38224 0.50256 0.37582 0.50160 0.36744 0.50096 0.36120 0.49947 0.35531 0.49659 0.34675 0.49329 0.34069 0.48903 0.33641 0.48370 0.33249 0.47742 0.32999 0.46996 0.32857 0.45984 0.32982 0.45451 0.33249 0.44769 0.33748 0.44013 0.34479
4 0.57810 0.79387 0.57070 0.79585 0.56456 0.79969 0.56145 0.81245 0.56115 0.81914 0.56530 0.82471 0.57114 0.83201 0.57684 0.83560 0.57995 0.83313 0.58868 0.83350 0.59615 0.83449 0.60658 0.83139 0.61716 0.82854 0.61909 0.82557 0.61694 0.81802 0.61317 0.81170 0.60969 0.80688 0.60754 0.80304 0.60495 0.80056 0.60392 0.80056 0.59874 0.79722 0.59282 0.79486 0.58609 0.79425 0.57810 0.79387
4 0.66085 0.79087 0.65608 0.78421 0.65025 0.78821 0.64441 0.79442 0.64097 0.80374 0.63778 0.81438 0.64786 0.81172 0.66297 0.79708 0.66085 0.79087
4 0.48221 0.80105 0.47570 0.80068 0.46564 0.80043 0.45994 0.80006 0.45691 0.80006 0.45284 0.80180 0.44884 0.80514 0.44640 0.80898 0.44463 0.81604 0.44285 0.82433 0.44174 0.84266 0.44263 0.84848 0.44292 0.85319 0.45365 0.85492 0.47126 0.85281 0.48340 0.85009 0.48872 0.84712 0.49531 0.83820 0.49953 0.83313 0.50160 0.82904 0.50189 0.82050 0.50285 0.81121 0.50152 0.81047 0.49923 0.80564 0.49627 0.80242 0.48983 0.80118 0.48221 0.80105
4 0.64266 0.37073 0.63929 0.37574 0.63853 0.37959 0.63789 0.38366 0.63738 0.38601 0.63790 0.39179 0.64005 0.39487 0.64327 0.40026 0.64634 0.40771 0.64925 0.41464 0.65370 0.42029 0.65800 0.42440 0.66292 0.42954 0.66858 0.44006 0.67242 0.45007 0.67610 0.45418 0.68393 0.45726 0.68868 0.45726 0.69344 0.45418 0.69666 0.44365 0.69973 0.43107 0.70142 0.41849 0.70326 0.40514 0.70541 0.39025 0.70633 0.37818 0.70771 0.36816 0.70847 0.35892 0.70817 0.35147 0.70464 0.34403 0.69559 0.33299 0.69114 0.32811 0.68577 0.32554 0.66966 0.33530 0.65739 0.35045 0.64772 0.36354 0.64266 0.37073
4 0.53829 0.80490 0.53208 0.80291 0.52793 0.80217 0.52283 0.80229 0.51669 0.80415 0.51203 0.80564 0.50633 0.80811 0.50285 0.81121 0.50189 0.82050 0.50160 0.82904 0.50160 0.83746 0.50774 0.84823 0.52165 0.85244 0.53282 0.85046 0.54384 0.84625 0.55309 0.84489 0.56078 0.84303 0.56352 0.84155 0.56360 0.83536 0.56286 0.82978 0.56130 0.82557 0.55960 0.81715 0.55827 0.81418 0.55479 0.80849 0.55250 0.80613 0.54717 0.80589 0.53829 0.80490
4 0.34748 0.78793 0.34186 0.78459 0.33972 0.78372 0.33631 0.78818 0.33350 0.79771 0.33305 0.79982 0.33616 0.80242 0.34008 0.80539 0.34526 0.81047 0.35133 0.81591 0.35592 0.81951 0.36102 0.82347 0.36502 0.82582 0.36635 0.82607 0.36450 0.82186 0.36250 0.81740 0.35880 0.81084 0.35495 0.80564 0.35392 0.80081 0.35163 0.79486 0.35000 0.79090 0.34748 0.78793
4 0.63472 0.38835 0.63703 0.38664 0.63754 0.38428 0.63818 0.38022 0.63895 0.37637 0.63907 0.37145 0.63882 0.36503 0.63818 0.35583 0.63754 0.34855 0.63140 0.33657 0.61964 0.32823 0.60711 0.32801 0.60021 0.33143 0.59637 0.33571 0.59241 0.34470 0.58857 0.35497 0.58921 0.36267 0.59305 0.36867 0.59586 0.37188 0.59752 0.37487 0.59918 0.37894 0.60161 0.38685 0.60711 0.39391 0.61107 0.39755 0.61568 0.39584 0.61683 0.39349 0.61759 0.39028 0.62373 0.38557 0.62859 0.38514 0.63115 0.38835 0.63217 0.38856 0.63472 0.38835
4 0.53075 0.38323 0.53050 0.38986 0.53101 0.39414 0.53152 0.39821 0.53292 0.40270 0.53472 0.41019 0.53727 0.41468 0.53932 0.41725 0.54251 0.41811 0.54763 0.42303 0.55095 0.42474 0.55504 0.42431 0.56028 0.42388 0.56412 0.42367 0.56783 0.42110 0.56910 0.41853 0.57000 0.41468 0.56975 0.41126 0.57051 0.40890 0.57115 0.40206 0.57077 0.39478 0.56821 0.38879 0.56617 0.38323 0.56450 0.37873 0.56501 0.37317 0.56617 0.36675 0.56975 0.36226 0.57486 0.35990 0.57742 0.35627 0.57895 0.35028 0.57857 0.34257 0.57486 0.33401 0.56975 0.33123 0.56489 0.32995 0.56067 0.32824 0.55402 0.32096 0.54469 0.31861 0.53050 0.31690 0.52270 0.31861 0.52065 0.32374 0.51400 0.34043 0.51311 0.35413 0.51605 0.36568 0.52359 0.37210 0.52704 0.37659 0.52845 0.38109 0.53075 0.38323
4 0.31523 0.44960 0.31965 0.43962 0.32208 0.43333 0.32230 0.42704 0.31810 0.41595 0.31235 0.40338 0.30551 0.39488 0.30153 0.39081 0.29468 0.39229 0.28960 0.39672 0.28386 0.40819 0.28076 0.41521 0.27988 0.41891 0.28209 0.43333 0.28496 0.44553 0.28850 0.45662 0.29313 0.46254 0.29844 0.46402 0.30440 0.46291 0.30882 0.46143 0.31059 0.45699 0.31523 0.44960
2 0.53505 0.39714 0.53632 0.39329 0.53697 0.39072 0.53722 0.38815 0.53735 0.38558 0.53901 0.38366 0.54054 0.38280 0.54157 0.38259 0.54566 0.38023 0.54822 0.37767 0.55205 0.37574 0.55435 0.37488 0.55742 0.37553 0.55998 0.37702 0.56292 0.38045 0.56471 0.38323 0.56547 0.38494 0.56573 0.38858 0.56637 0.39457 0.56777 0.40099 0.56918 0.40655 0.56975 0.41126 0.57051 0.40890 0.57115 0.40206 0.57077 0.39478 0.56821 0.38879 0.56617 0.38323 0.56450 0.37873 0.56501 0.37317 0.56617 0.36675 0.56975 0.36226 0.57486 0.35990 0.57742 0.35627 0.57895 0.35028 0.57857 0.34257 0.57486 0.33401 0.56975 0.33123 0.56489 0.32995 0.56067 0.32824 0.55402 0.32096 0.54469 0.31861 0.53050 0.31690 0.52270 0.31861 0.52065 0.32374 0.51400 0.34043 0.51311 0.35413 0.51605 0.36568 0.52359 0.37210 0.52704 0.37659 0.52845 0.38109 0.53075 0.38323 0.53050 0.38986 0.53101 0.39414 0.53152 0.39821 0.53292 0.40270 0.53351 0.40441 0.53428 0.40206 0.53505 0.39714
4 0.69936 0.76830 0.69617 0.76420 0.69041 0.76135 0.68221 0.75975 0.67379 0.75743 0.66857 0.75761 0.66399 0.76278 0.65952 0.76937 0.65845 0.77918 0.65973 0.78792 0.66357 0.79719 0.69201 0.77775 0.69936 0.76830
4 0.39056 0.32093 0.37996 0.32426 0.37289 0.33165 0.36648 0.35384 0.36670 0.37417 0.37002 0.39081 0.37333 0.39931 0.37532 0.40042 0.37841 0.39746 0.38084 0.39894 0.38415 0.40005 0.38747 0.40560 0.39078 0.40893 0.39630 0.40967 0.40227 0.40671 0.40580 0.40116 0.40934 0.39377 0.41089 0.39118 0.41310 0.38748 0.41619 0.38453 0.42149 0.37528 0.41442 0.35457 0.40823 0.33572 0.39918 0.32351 0.39056 0.32093
2 0.70096 0.38280 0.70295 0.38075 0.70372 0.37510 0.70403 0.36919 0.70234 0.35918 0.70019 0.35455 0.69574 0.35019 0.69145 0.34660 0.68730 0.34557 0.67994 0.34660 0.67212 0.35250 0.66966 0.35943 0.66981 0.36303 0.66843 0.36688 0.66659 0.37510 0.66736 0.38819 0.67043 0.39615 0.67457 0.40308 0.67795 0.40360 0.68285 0.40052 0.68623 0.39564 0.68838 0.39102 0.68945 0.38717 0.69436 0.38742 0.69666 0.38100 0.69820 0.37998 0.70096 0.38280
1 0.48781 0.37750 0.48738 0.37447 0.48504 0.37216 0.48269 0.37126 0.47928 0.37108 0.47417 0.36984 0.47002 0.36788 0.46618 0.36591 0.46011 0.36449 0.45574 0.36485 0.45073 0.36627 0.45041 0.37037 0.45073 0.37394 0.45606 0.37857 0.46458 0.38357 0.47225 0.38660 0.48120 0.38856 0.48482 0.38624 0.48632 0.38267 0.48781 0.37750
1 0.61884 0.36059 0.62067 0.36075 0.62308 0.36075 0.62495 0.35857 0.62616 0.35664 0.62650 0.35470 0.62606 0.35414 0.62447 0.35317 0.62235 0.35325 0.61985 0.35559 0.61927 0.35736 0.61884 0.36059
4 0.42687 0.79573 0.42332 0.79548 0.41740 0.79635 0.41326 0.79536 0.41222 0.79573 0.40675 0.79796 0.40208 0.79957 0.39824 0.80043 0.39239 0.80465 0.38958 0.80861 0.38699 0.81270 0.38337 0.82124 0.38063 0.82755 0.38011 0.83053 0.38189 0.83424 0.38766 0.83647 0.39713 0.84142 0.40438 0.84390 0.41829 0.84737 0.42310 0.84848 0.43308 0.85059 0.43597 0.85158 0.43834 0.85183 0.44174 0.84266 0.44211 0.83548 0.44196 0.82706 0.43989 0.81418 0.43775 0.80663 0.43508 0.80229 0.43116 0.79932 0.42687 0.79573
1 0.59764 0.34987 0.59750 0.35317 0.59817 0.35462 0.59908 0.35640 0.60101 0.35559 0.60270 0.35704 0.60419 0.35833 0.60617 0.35978 0.60747 0.35970 0.60877 0.35946 0.60988 0.35793 0.61089 0.35696 0.61137 0.35438 0.61065 0.35293 0.60805 0.35212 0.60617 0.35091 0.60438 0.34962 0.60275 0.34793 0.60043 0.34511 0.59957 0.34583 0.59860 0.34809 0.59764 0.34987
