4 0.43313 0.38665 0.43861 0.38679 0.44505 0.38790 0.45188 0.39274 0.45768 0.39697 0.46905 0.39918 0.47332 0.39802 0.47812 0.39680 0.48184 0.39551 0.48557 0.39117 0.48798 0.38769 0.49002 0.38264 0.48957 0.37623 0.48774 0.36800 0.48645 0.36186 0.48435 0.35616 0.48059 0.34795 0.47668 0.34227 0.47199 0.33846 0.46628 0.33511 0.45977 0.33329 0.45220 0.33265 0.44227 0.33495 0.43725 0.33816 0.43099 0.34384 0.42423 0.35190 0.42139 0.35955 0.41943 0.36836 0.41935 0.37375 0.42218 0.37722 0.42795 0.38325 0.43313 0.38665
4 0.60546 0.82276 0.61150 0.82573 0.61433 0.82295 0.62305 0.82240 0.63059 0.82260 0.64064 0.81844 0.65086 0.81450 0.65247 0.81134 0.64954 0.80405 0.64513 0.79817 0.64117 0.79373 0.63863 0.79014 0.63580 0.78794 0.63477 0.78805 0.62927 0.78527 0.62313 0.78355 0.61637 0.78363 0.60839 0.78410 0.60124 0.78684 0.59553 0.79130 0.59377 0.80431 0.59418 0.81100 0.59888 0.81610 0.60546 0.82276
4 0.67963 0.79456 0.69313 0.77842 0.69037 0.77246 0.68493 0.76634 0.67955 0.77092 0.67440 0.77771 0.67194 0.78734 0.66989 0.79826 0.67963 0.79456
4 0.48102 0.80882 0.47899 0.81289 0.47797 0.82010 0.47707 0.82853 0.47788 0.84687 0.47937 0.85257 0.48016 0.85722 0.49101 0.85782 0.50830 0.85389 0.52008 0.84991 0.52507 0.84640 0.53068 0.83684 0.53435 0.83135 0.53598 0.82707 0.53538 0.81854 0.53537 0.80921 0.53397 0.80861 0.53118 0.80404 0.52790 0.80115 0.52137 0.80059 0.51378 0.80126 0.50726 0.80158 0.49723 0.80238 0.49153 0.80261 0.48851 0.80292 0.48465 0.80508 0.48102 0.80882
4 0.62829 0.38080 0.63206 0.38583 0.63589 0.39292 0.63951 0.39950 0.64453 0.40466 0.64923 0.40830 0.65466 0.41290 0.66139 0.42276 0.66626 0.43232 0.67035 0.43602 0.67845 0.43827 0.68318 0.43777 0.68759 0.43421 0.68970 0.42341 0.69143 0.41057 0.69180 0.39788 0.69223 0.38441 0.69281 0.36938 0.69246 0.35728 0.69279 0.34718 0.69259 0.33790 0.69150 0.33053 0.68722 0.32349 0.67706 0.31346 0.67212 0.30907 0.66652 0.30708 0.65151 0.31847 0.64089 0.33481 0.63265 0.34885 0.62836 0.35653 0.62554 0.36186 0.62518 0.36577 0.62497 0.36988 0.62471 0.37227 0.62584 0.37797 0.62829 0.38080
4 0.53850 0.80576 0.53537 0.80921 0.53538 0.81854 0.53598 0.82707 0.53686 0.83545 0.54410 0.84552 0.55837 0.84825 0.56927 0.84511 0.57980 0.83977 0.58885 0.83745 0.59631 0.83480 0.59887 0.83304 0.59830 0.82687 0.59698 0.82141 0.59500 0.81738 0.59243 0.80918 0.59079 0.80637 0.58674 0.80107 0.58421 0.79897 0.57889 0.79928 0.56995 0.79922 0.56357 0.79790 0.55937 0.79760 0.55430 0.79825 0.54839 0.80074 0.54391 0.80271 0.53850 0.80576
4 0.36867 0.81789 0.37288 0.82043 0.37856 0.82494 0.38517 0.82972 0.39010 0.83282 0.39560 0.83622 0.39982 0.83815 0.40117 0.83825 0.39889 0.83426 0.39643 0.83003 0.39207 0.82389 0.38770 0.81912 0.38616 0.81443 0.38326 0.80876 0.38123 0.80499 0.37842 0.80230 0.37247 0.79956 0.37025 0.79892 0.36733 0.80371 0.36553 0.81349 0.36531 0.81563 0.36867 0.81789
4 0.62395 0.35126 0.62235 0.34217 0.62095 0.33500 0.61360 0.32373 0.60103 0.31666 0.58855 0.31776 0.58204 0.32188 0.57867 0.32654 0.57567 0.33589 0.57293 0.34651 0.57437 0.35410 0.57881 0.35966 0.58194 0.36256 0.58391 0.36536 0.58599 0.36923 0.58923 0.37685 0.59543 0.38330 0.59976 0.38650 0.60415 0.38432 0.60505 0.38186 0.60548 0.37859 0.61109 0.37326 0.61588 0.37233 0.61876 0.37525 0.61980 0.37536 0.62232 0.37488 0.62443 0.37294 0.62469 0.37054 0.62490 0.36643 0.62526 0.36252 0.62487 0.35762 0.62395 0.35126
4 0.52815 0.41125 0.53045 0.41359 0.53372 0.41411 0.53932 0.41847 0.54281 0.41983 0.54683 0.41897 0.55200 0.41800 0.55579 0.41738 0.55921 0.41444 0.56021 0.41176 0.56070 0.40783 0.56009 0.40445 0.56060 0.40203 0.56052 0.39516 0.55938 0.38796 0.55621 0.38227 0.55360 0.37695 0.55147 0.37266 0.55140 0.36707 0.55188 0.36057 0.55497 0.35572 0.55980 0.35285 0.56197 0.34896 0.56287 0.34284 0.56168 0.33522 0.55710 0.32710 0.55172 0.32487 0.54676 0.32410 0.54238 0.32284 0.53501 0.31630 0.52548 0.31493 0.51119 0.31471 0.50361 0.31723 0.50211 0.32255 0.49725 0.33985 0.49779 0.35356 0.50192 0.36474 0.51009 0.37033 0.51400 0.37444 0.51586 0.37877 0.51838 0.38065 0.51882 0.38728 0.51977 0.39148 0.52070 0.39547 0.52257 0.39979 0.52514 0.40705 0.52815 0.41125
4 0.29558 0.41578 0.29120 0.41215 0.28455 0.41434 0.27996 0.41928 0.27544 0.43128 0.27310 0.43859 0.27261 0.44236 0.27631 0.45647 0.28045 0.46831 0.28512 0.47897 0.29035 0.48437 0.29578 0.48528 0.30160 0.48356 0.30584 0.48163 0.30713 0.47703 0.31097 0.46919 0.31432 0.45880 0.31608 0.45229 0.31564 0.44602 0.31031 0.43543 0.30328 0.42352 0.29558 0.41578
2 0.52807 0.37920 0.52907 0.37888 0.53289 0.37612 0.53516 0.37330 0.53878 0.37098 0.54097 0.36989 0.54409 0.37021 0.54679 0.37143 0.55007 0.37452 0.55215 0.37710 0.55309 0.37873 0.55372 0.38232 0.55499 0.38821 0.55705 0.39445 0.55903 0.39983 0.56009 0.40445 0.56060 0.40203 0.56052 0.39516 0.55938 0.38796 0.55621 0.38227 0.55360 0.37695 0.55147 0.37266 0.55140 0.36707 0.55188 0.36057 0.55497 0.35572 0.55980 0.35285 0.56197 0.34896 0.56287 0.34284 0.56168 0.33522 0.55710 0.32710 0.55172 0.32487 0.54676 0.32410 0.54238 0.32284 0.53501 0.31630 0.52548 0.31493 0.51119 0.31471 0.50361 0.31723 0.50211 0.32255 0.49725 0.33985 0.49779 0.35356 0.50192 0.36474 0.51009 0.37033 0.51400 0.37444 0.51586 0.37877 0.51838 0.38065 0.51882 0.38728 0.51977 0.39148 0.52070 0.39547 0.52257 0.39979 0.52334 0.40143 0.52385 0.39901 0.52410 0.39404 0.52497 0.39007 0.52534 0.38745 0.52533 0.38487 0.52518 0.38230 0.52663 0.38022 0.52807 0.37920
4 0.69056 0.74420 0.68680 0.75123 0.68677 0.76109 0.68895 0.76965 0.69373 0.77847 0.71999 0.75616 0.72632 0.74600 0.72271 0.74225 0.71669 0.74001 0.70836 0.73928 0.69975 0.73785 0.69458 0.73857 0.69056 0.74420
4 0.36350 0.41311 0.36559 0.41400 0.36836 0.41074 0.37093 0.41195 0.37434 0.41271 0.37822 0.41788 0.38186 0.42084 0.38743 0.42100 0.39305 0.41743 0.39599 0.41155 0.39873 0.40382 0.40000 0.40109 0.40181 0.39718 0.40458 0.39392 0.40888 0.38417 0.39969 0.36432 0.39157 0.34621 0.38128 0.33502 0.37244 0.33335 0.36224 0.33777 0.35599 0.34586 0.35193 0.36859 0.35428 0.38879 0.35931 0.40499 0.36350 0.41311
2 0.67901 0.33055 0.67436 0.32743 0.67013 0.32684 0.66292 0.32863 0.65575 0.33532 0.65404 0.34247 0.65457 0.34603 0.65360 0.35000 0.65262 0.35837 0.65475 0.37131 0.65864 0.37890 0.66348 0.38537 0.66689 0.38553 0.67145 0.38195 0.67430 0.37674 0.67595 0.37192 0.67662 0.36798 0.68153 0.36772 0.68315 0.36110 0.68457 0.35992 0.68760 0.36244 0.68937 0.36018 0.68955 0.35449 0.68923 0.34858 0.68651 0.33880 0.68389 0.33443 0.67901 0.33055
1 0.45637 0.37173 0.45235 0.37018 0.44616 0.36940 0.44185 0.37021 0.43702 0.37215 0.43713 0.37626 0.43783 0.37978 0.44361 0.38383 0.45260 0.38791 0.46055 0.39012 0.46966 0.39114 0.47302 0.38845 0.47413 0.38475 0.47507 0.37945 0.47433 0.37648 0.47175 0.37442 0.46933 0.37378 0.46592 0.37396 0.46071 0.37325 0.45637 0.37173
1 0.61013 0.34176 0.60844 0.34097 0.60634 0.34127 0.60410 0.34385 0.60371 0.34568 0.60361 0.34893 0.60545 0.34890 0.60785 0.34865 0.60949 0.34629 0.61048 0.34424 0.61062 0.34228 0.61013 0.34176
4 0.43393 0.80816 0.43020 0.80943 0.42483 0.81423 0.42245 0.81846 0.42030 0.82279 0.41758 0.83167 0.41552 0.83824 0.41532 0.84125 0.41747 0.84475 0.42344 0.84637 0.43338 0.85030 0.44085 0.85201 0.45505 0.85400 0.45994 0.85461 0.47010 0.85566 0.47307 0.85634 0.47545 0.85634 0.47788 0.84687 0.47750 0.83969 0.47647 0.83133 0.47306 0.81874 0.47014 0.81145 0.46704 0.80742 0.46283 0.80488 0.45818 0.80176 0.45462 0.80188 0.44883 0.80336 0.44460 0.80281 0.44362 0.80329 0.43840 0.80608 0.43393 0.80816
1 0.58881 0.34822 0.59093 0.34945 0.59221 0.34924 0.59348 0.34886 0.59442 0.34722 0.59533 0.34615 0.59554 0.34354 0.59467 0.34217 0.59200 0.34164 0.59000 0.34063 0.58810 0.33954 0.58629 0.33802 0.58369 0.33546 0.58291 0.33627 0.58218 0.33862 0.58141 0.34048 0.58161 0.34378 0.58244 0.34516 0.58353 0.34682 0.58536 0.34582 0.58719 0.34709 0.58881 0.34822
