4 0.16631 0.54730 0.17292 0.55921 0.18052 0.56345 0.18725 0.55956 0.19764 0.53910 0.20370 0.52881 0.21160 0.51930 0.21266 0.50561 0.21372 0.48819 0.21628 0.47294 0.22129 0.45995 0.22679 0.44587 0.23078 0.44256 0.23569 0.43416 0.23297 0.42899 0.23039 0.42486 0.22361 0.43157 0.21475 0.43998 0.21014 0.44429 0.20106 0.44716 0.19499 0.44413 0.18804 0.42208 0.18310 0.39846 0.17803 0.41028 0.17362 0.42304 0.16888 0.43720 0.16396 0.44933 0.16099 0.45937 0.15861 0.47837 0.15860 0.49303 0.16117 0.51601 0.16303 0.53115 0.16631 0.54730
4 0.36504 0.62366 0.37702 0.62090 0.38564 0.61548 0.39589 0.60362 0.40099 0.58605 0.40628 0.56677 0.41115 0.55320 0.41632 0.54598 0.41958 0.54230 0.42076 0.52921 0.42185 0.51524 0.42313 0.50848 0.42461 0.49081 0.42629 0.47661 0.42598 0.47430 0.42151 0.46375 0.41743 0.46246 0.41516 0.47006 0.41140 0.47519 0.40528 0.47868 0.39408 0.48027 0.38362 0.47917 0.37628 0.48115 0.36292 0.48354 0.35411 0.48340 0.35384 0.49142 0.35205 0.51020 0.35174 0.53144 0.35297 0.54709 0.35356 0.56152 0.35364 0.57533 0.35459 0.58635 0.35732 0.60417 0.36035 0.62087 0.36504 0.62366
4 0.73878 0.38521 0.73957 0.37620 0.73849 0.36818 0.72762 0.36679 0.71750 0.36885 0.70881 0.37105 0.70843 0.37771 0.70717 0.38668 0.70511 0.39868 0.70163 0.41197 0.69933 0.42322 0.69617 0.43511 0.69744 0.43668 0.70264 0.44034 0.70971 0.44300 0.71532 0.44430 0.72085 0.44034 0.72689 0.43450 0.73158 0.42637 0.73349 0.42035 0.73682 0.40537 0.73750 0.39586 0.73878 0.38521
4 0.20804 0.56232 0.20761 0.57550 0.20804 0.58417 0.21817 0.59357 0.23295 0.60058 0.24311 0.60050 0.24994 0.59576 0.25724 0.57554 0.26308 0.56006 0.26780 0.54791 0.27002 0.53779 0.27469 0.51702 0.27653 0.50313 0.27837 0.48751 0.28294 0.47506 0.28661 0.46739 0.28951 0.46540 0.28553 0.45952 0.28155 0.45364 0.27977 0.45184 0.27049 0.44895 0.26609 0.44370 0.26131 0.44511 0.25110 0.44045 0.24051 0.43335 0.23958 0.42997 0.23569 0.43416 0.23078 0.44256 0.22679 0.44587 0.22129 0.45995 0.21628 0.47294 0.21372 0.48819 0.21266 0.50561 0.21146 0.52244 0.20989 0.54470 0.20804 0.56232
4 0.66450 0.42763 0.66203 0.43807 0.65929 0.44226 0.66398 0.44657 0.66700 0.45432 0.67207 0.46084 0.67755 0.46189 0.68342 0.45915 0.68915 0.45329 0.69362 0.44418 0.69617 0.43511 0.69933 0.42322 0.70163 0.41197 0.70511 0.39868 0.70717 0.38668 0.70843 0.37771 0.70908 0.36844 0.70781 0.35777 0.70535 0.34625 0.69847 0.34481 0.69113 0.34931 0.68138 0.35858 0.67280 0.36726 0.67199 0.36885 0.67156 0.37802 0.67115 0.39281 0.67008 0.40304 0.66712 0.41584 0.66450 0.42763
4 0.54499 0.36368 0.53865 0.37371 0.53167 0.37883 0.53262 0.39170 0.53335 0.41316 0.53279 0.42724 0.52992 0.44798 0.52746 0.46048 0.52888 0.46443 0.53503 0.46714 0.54013 0.47113 0.54727 0.47326 0.55250 0.47381 0.55567 0.47207 0.55816 0.47026 0.56322 0.47459 0.56978 0.47562 0.57689 0.47361 0.58324 0.47014 0.59135 0.46513 0.59501 0.46310 0.59932 0.45493 0.60234 0.44593 0.60582 0.43250 0.60704 0.42090 0.60754 0.40957 0.60908 0.40146 0.60844 0.39001 0.60644 0.37842 0.60540 0.34899 0.60347 0.33016 0.60135 0.31752 0.59584 0.30867 0.58346 0.30392 0.57868 0.30341 0.57060 0.30601 0.56227 0.31962 0.55511 0.33301 0.55054 0.34805 0.54499 0.36368
4 0.60844 0.39001 0.60908 0.40146 0.60754 0.40957 0.60704 0.42090 0.60582 0.43250 0.60234 0.44593 0.59932 0.45493 0.60073 0.45680 0.60492 0.45414 0.61160 0.45622 0.61942 0.46498 0.62391 0.47476 0.62853 0.48766 0.63004 0.49299 0.63496 0.49213 0.63873 0.48908 0.64302 0.48332 0.64810 0.47213 0.64983 0.46438 0.65360 0.45477 0.65591 0.44812 0.65929 0.44226 0.66203 0.43807 0.66450 0.42763 0.66712 0.41584 0.67008 0.40304 0.67115 0.39281 0.67156 0.37802 0.67260 0.36157 0.67284 0.34608 0.67393 0.33136 0.66322 0.32610 0.65203 0.32319 0.63910 0.32149 0.63403 0.32165 0.63082 0.33028 0.62502 0.34829 0.61988 0.36431 0.61470 0.37860 0.60835 0.38655 0.60844 0.39001
4 0.27665 0.55487 0.27708 0.57447 0.27686 0.58939 0.27763 0.60757 0.27992 0.61673 0.28241 0.62590 0.28922 0.63581 0.29543 0.63877 0.30594 0.63901 0.31346 0.63491 0.31775 0.62329 0.32182 0.60647 0.32772 0.58496 0.33675 0.56464 0.34281 0.55263 0.34952 0.54529 0.35174 0.53144 0.35205 0.51020 0.35384 0.49142 0.35411 0.48340 0.35235 0.48347 0.34067 0.48086 0.32565 0.47721 0.31525 0.47336 0.31181 0.46886 0.30932 0.45756 0.30626 0.45911 0.30009 0.46134 0.29190 0.46450 0.28661 0.46739 0.28294 0.47506 0.27837 0.48751 0.27653 0.50313 0.27607 0.52032 0.27589 0.53295 0.27633 0.54334 0.27665 0.55487
4 0.48929 0.54901 0.48884 0.55552 0.49238 0.55899 0.49400 0.56985 0.49830 0.58583 0.49902 0.59866 0.49962 0.61701 0.50080 0.63645 0.50809 0.64584 0.51607 0.65082 0.52582 0.65218 0.53200 0.64800 0.53954 0.63535 0.54706 0.61855 0.55237 0.60082 0.55597 0.58189 0.55816 0.56763 0.56049 0.56056 0.56302 0.55393 0.56640 0.54152 0.56938 0.52632 0.57170 0.51518 0.57149 0.50619 0.56978 0.49842 0.56855 0.49036 0.56442 0.48620 0.55837 0.48246 0.55309 0.48018 0.54495 0.47450 0.53522 0.47520 0.52613 0.47424 0.52154 0.47410 0.51939 0.48033 0.51501 0.48263 0.50722 0.48457 0.49855 0.48607 0.49690 0.50290 0.49466 0.51543 0.49153 0.52993 0.48929 0.54901
4 0.39266 0.30559 0.37945 0.30662 0.36925 0.30520 0.35447 0.30365 0.34591 0.30413 0.33823 0.30504 0.33409 0.32254 0.32897 0.33408 0.32398 0.34873 0.32064 0.36080 0.31609 0.37518 0.31370 0.39026 0.31115 0.40245 0.30945 0.41856 0.30878 0.44172 0.30932 0.45756 0.31181 0.46886 0.31525 0.47336 0.32565 0.47721 0.34067 0.48086 0.35235 0.48347 0.36292 0.48354 0.37628 0.48115 0.38362 0.47917 0.39408 0.48027 0.40528 0.47868 0.41140 0.47519 0.41516 0.47006 0.41833 0.45522 0.41907 0.43943 0.41990 0.42055 0.42144 0.39933 0.41793 0.37585 0.41688 0.36401 0.41322 0.34845 0.41006 0.33260 0.40720 0.31609 0.40449 0.30683 0.39266 0.30559
4 0.56640 0.54152 0.56302 0.55393 0.56049 0.56056 0.56142 0.56480 0.56531 0.57590 0.56846 0.58968 0.57124 0.60481 0.57358 0.62195 0.57844 0.64350 0.57905 0.65081 0.58077 0.67586 0.59387 0.67962 0.60243 0.67755 0.60605 0.66958 0.60820 0.65312 0.61219 0.64160 0.61751 0.62488 0.62201 0.61225 0.62393 0.60172 0.62372 0.58859 0.62390 0.57551 0.62672 0.56880 0.62790 0.55099 0.63041 0.53366 0.63141 0.51756 0.62978 0.49807 0.63004 0.49299 0.62853 0.48766 0.62391 0.47476 0.61942 0.46498 0.61160 0.45622 0.60492 0.45414 0.60073 0.45680 0.59864 0.46007 0.59546 0.46628 0.58815 0.47241 0.57861 0.48003 0.57289 0.48633 0.56855 0.49036 0.56978 0.49842 0.57149 0.50619 0.57170 0.51518 0.56938 0.52632 0.56640 0.54152
4 0.23106 0.32122 0.22655 0.32314 0.21676 0.32810 0.20559 0.33411 0.19370 0.34244 0.18723 0.35086 0.17965 0.35150 0.18234 0.39586 0.18804 0.42208 0.19499 0.44413 0.20106 0.44716 0.21014 0.44429 0.21475 0.43998 0.22361 0.43157 0.23039 0.42486 0.23679 0.41859 0.23612 0.38858 0.23768 0.38131 0.24013 0.36864 0.24379 0.35202 0.23858 0.34692 0.23629 0.34284 0.23425 0.33496 0.23324 0.32025 0.23106 0.32122
4 0.43925 0.62313 0.44586 0.62411 0.45308 0.62285 0.46211 0.61892 0.46865 0.60782 0.47457 0.58976 0.48129 0.56776 0.48547 0.55527 0.49153 0.52993 0.49466 0.51543 0.49690 0.50290 0.49855 0.48607 0.48886 0.48643 0.47536 0.48363 0.46598 0.48092 0.46366 0.47895 0.45799 0.48043 0.44617 0.48125 0.43453 0.47831 0.42598 0.47430 0.42629 0.47661 0.42461 0.49081 0.42327 0.51998 0.42255 0.53227 0.42245 0.54232 0.42414 0.54997 0.42693 0.56348 0.42746 0.58222 0.42845 0.60561 0.43063 0.61762 0.43925 0.62313
4 0.69957 0.61509 0.70238 0.60366 0.70638 0.59408 0.71090 0.58386 0.71910 0.57368 0.72536 0.55572 0.72951 0.54028 0.73137 0.52255 0.73178 0.50776 0.73058 0.49073 0.72860 0.47672 0.72677 0.46136 0.72181 0.44945 0.71749 0.44245 0.71532 0.44430 0.70971 0.44300 0.70264 0.44034 0.69744 0.43668 0.69617 0.43511 0.69362 0.44418 0.68915 0.45329 0.68342 0.45915 0.67755 0.46189 0.67207 0.46084 0.67103 0.46447 0.67419 0.48032 0.67666 0.49403 0.67878 0.51322 0.67937 0.53605 0.67988 0.54645 0.68394 0.56033 0.68753 0.57657 0.69313 0.59544 0.69706 0.61275 0.69957 0.61509
4 0.65546 0.61252 0.66020 0.60681 0.66090 0.59585 0.66529 0.58251 0.67347 0.56371 0.67814 0.54558 0.67937 0.53605 0.67878 0.51322 0.67666 0.49403 0.67419 0.48032 0.67103 0.46447 0.66700 0.45432 0.66398 0.44657 0.65929 0.44226 0.65591 0.44812 0.65360 0.45477 0.64983 0.46438 0.64810 0.47213 0.64302 0.48332 0.63873 0.48908 0.63496 0.49213 0.63004 0.49299 0.62978 0.49807 0.63141 0.51756 0.63041 0.53366 0.62790 0.55099 0.62672 0.56880 0.62904 0.57732 0.63400 0.58922 0.63722 0.60233 0.64160 0.61313 0.64940 0.61775 0.65546 0.61252
4 0.42091 0.42410 0.42006 0.44747 0.42064 0.46167 0.42598 0.47430 0.43453 0.47831 0.44617 0.48125 0.45799 0.48043 0.46366 0.47895 0.46598 0.48092 0.47536 0.48363 0.48886 0.48643 0.49855 0.48607 0.50722 0.48457 0.51501 0.48263 0.51939 0.48033 0.52358 0.47111 0.52746 0.46048 0.52992 0.44798 0.53279 0.42724 0.53335 0.41316 0.53262 0.39170 0.53180 0.37540 0.52999 0.35762 0.52605 0.33168 0.52478 0.32189 0.52195 0.31159 0.50091 0.30835 0.48673 0.30755 0.47237 0.30638 0.46366 0.30615 0.45769 0.31484 0.44846 0.33698 0.44023 0.36060 0.43352 0.37852 0.42739 0.39306 0.42416 0.40410 0.42091 0.42410
4 0.26437 0.30963 0.25794 0.31159 0.25367 0.31425 0.25198 0.31671 0.24967 0.32796 0.24670 0.34106 0.24379 0.35202 0.24013 0.36864 0.23768 0.38131 0.23612 0.38858 0.23679 0.41859 0.24051 0.43335 0.25110 0.44045 0.26131 0.44511 0.26609 0.44370 0.27049 0.44895 0.27977 0.45184 0.28493 0.45286 0.29782 0.44871 0.30331 0.44665 0.30878 0.44172 0.30945 0.41856 0.31115 0.40245 0.31370 0.39026 0.31609 0.37518 0.31584 0.36079 0.31290 0.34778 0.30745 0.32972 0.30309 0.31346 0.29817 0.30408 0.29037 0.30230 0.28323 0.30347 0.27088 0.30696 0.26437 0.30963
