4 0.16051 0.48473 0.15860 0.49502 0.15822 0.51418 0.15974 0.52875 0.16470 0.55134 0.16813 0.56620 0.17308 0.58192 0.18090 0.59307 0.18890 0.59650 0.19519 0.59193 0.20338 0.57049 0.20834 0.55963 0.21520 0.54933 0.21482 0.53561 0.21406 0.51818 0.21501 0.50274 0.21863 0.48931 0.22263 0.47473 0.22625 0.47101 0.23025 0.46215 0.22701 0.45729 0.22401 0.45345 0.21797 0.46084 0.21003 0.47013 0.20591 0.47489 0.19717 0.47870 0.19082 0.47632 0.18161 0.45512 0.17423 0.43214 0.17042 0.44443 0.16737 0.45758 0.16413 0.47215 0.16051 0.48473
4 0.35870 0.56220 0.36079 0.57649 0.36232 0.59021 0.36441 0.60107 0.36899 0.61851 0.37375 0.63480 0.37871 0.63709 0.39033 0.63309 0.39833 0.62680 0.40729 0.61394 0.41053 0.59593 0.41377 0.57620 0.41720 0.56220 0.42158 0.55448 0.42444 0.55048 0.42425 0.53733 0.42387 0.52332 0.42444 0.51646 0.42406 0.49874 0.42425 0.48445 0.42370 0.48218 0.41815 0.47215 0.41396 0.47130 0.41249 0.47910 0.40929 0.48458 0.40357 0.48870 0.39260 0.49145 0.38208 0.49145 0.37499 0.49419 0.36195 0.49796 0.35317 0.49874 0.35374 0.50674 0.35393 0.52561 0.35584 0.54676 0.35870 0.56220
4 0.71340 0.41758 0.71880 0.41115 0.72261 0.40257 0.72388 0.39638 0.72563 0.38113 0.72531 0.37160 0.72547 0.36088 0.72531 0.35183 0.72341 0.34397 0.71245 0.34373 0.70260 0.34683 0.69419 0.34992 0.69450 0.35660 0.69419 0.36565 0.69339 0.37780 0.69133 0.39137 0.69022 0.40281 0.68831 0.41496 0.68974 0.41639 0.69530 0.41948 0.70260 0.42139 0.70832 0.42210 0.71340 0.41758
4 0.21863 0.48931 0.21501 0.50274 0.21406 0.51818 0.21482 0.53561 0.21539 0.55248 0.21615 0.57478 0.21615 0.59250 0.21710 0.60565 0.21844 0.61422 0.22949 0.62251 0.24493 0.62794 0.25503 0.62680 0.26132 0.62137 0.26646 0.60050 0.27065 0.58450 0.27408 0.57192 0.27523 0.56163 0.27770 0.54047 0.27809 0.52647 0.27828 0.51075 0.28152 0.49788 0.28437 0.48988 0.28704 0.48759 0.28247 0.48216 0.27790 0.47673 0.27594 0.47513 0.26641 0.47322 0.26149 0.46846 0.25688 0.47036 0.24624 0.46679 0.23497 0.46084 0.23368 0.45758 0.23025 0.46215 0.22625 0.47101 0.22263 0.47473 0.21863 0.48931
4 0.65798 0.34992 0.65734 0.35160 0.65787 0.36075 0.65901 0.37550 0.65901 0.38579 0.65741 0.39883 0.65604 0.41084 0.65467 0.42147 0.65238 0.42593 0.65750 0.42973 0.66131 0.43711 0.66703 0.44307 0.67259 0.44354 0.67815 0.44021 0.68323 0.43377 0.68672 0.42425 0.68831 0.41496 0.69022 0.40281 0.69133 0.39137 0.69339 0.37780 0.69419 0.36565 0.69450 0.35660 0.69419 0.34730 0.69180 0.33683 0.68815 0.32563 0.68116 0.32491 0.67434 0.33015 0.66560 0.34040 0.65798 0.34992
4 0.56251 0.29627 0.55770 0.29627 0.54993 0.29970 0.54307 0.31410 0.53735 0.32817 0.53438 0.34360 0.53049 0.35972 0.52523 0.37036 0.51883 0.37619 0.52112 0.38888 0.52409 0.41015 0.52500 0.42421 0.52432 0.44514 0.52317 0.45783 0.52500 0.46160 0.53141 0.46366 0.53690 0.46709 0.54421 0.46846 0.54947 0.46846 0.55245 0.46640 0.55473 0.46435 0.56022 0.46812 0.56685 0.46846 0.57371 0.46572 0.57966 0.46160 0.58720 0.45577 0.59064 0.45337 0.59407 0.44479 0.59612 0.43553 0.59818 0.42181 0.59818 0.41015 0.59750 0.39883 0.59818 0.39060 0.59635 0.37928 0.59315 0.36796 0.58903 0.33880 0.58515 0.32028 0.58172 0.30793 0.57531 0.29970 0.56251 0.29627
4 0.61465 0.30861 0.61236 0.31753 0.60847 0.33605 0.60504 0.35252 0.60138 0.36727 0.59590 0.37585 0.59635 0.37928 0.59818 0.39060 0.59750 0.39883 0.59818 0.41015 0.59818 0.42181 0.59612 0.43553 0.59407 0.44479 0.59567 0.44651 0.59955 0.44342 0.60641 0.44479 0.61510 0.45268 0.62059 0.46194 0.62654 0.47430 0.62860 0.47944 0.63340 0.47807 0.63683 0.47464 0.64049 0.46846 0.64437 0.45680 0.64529 0.44891 0.64803 0.43896 0.64963 0.43210 0.65238 0.42593 0.65467 0.42147 0.65604 0.41084 0.65741 0.39883 0.65901 0.38579 0.65901 0.37550 0.65787 0.36075 0.65718 0.34429 0.65581 0.32885 0.65535 0.31410 0.64415 0.30999 0.63271 0.30827 0.61968 0.30793 0.61465 0.30861
4 0.28152 0.49788 0.27828 0.51075 0.27809 0.52647 0.27942 0.54362 0.28056 0.55620 0.28209 0.56648 0.28361 0.57792 0.28609 0.59736 0.28742 0.61222 0.29009 0.63023 0.29333 0.63909 0.29676 0.64795 0.30457 0.65710 0.31105 0.65939 0.32153 0.65853 0.32859 0.65367 0.33164 0.64166 0.33392 0.62451 0.33754 0.60250 0.34440 0.58135 0.34917 0.56877 0.35507 0.56077 0.35584 0.54676 0.35393 0.52561 0.35374 0.50674 0.35317 0.49874 0.35144 0.49899 0.33954 0.49762 0.32422 0.49556 0.31347 0.49282 0.30959 0.48870 0.30593 0.47773 0.30305 0.47959 0.29714 0.48245 0.28933 0.48645 0.28437 0.48988 0.28152 0.49788
4 0.51311 0.48115 0.50557 0.48390 0.49710 0.48630 0.49722 0.50321 0.49630 0.51590 0.49470 0.53065 0.49447 0.54986 0.49470 0.55638 0.49859 0.55947 0.50134 0.57010 0.50728 0.58553 0.50934 0.59823 0.51185 0.61641 0.51506 0.63562 0.52329 0.64419 0.53175 0.64831 0.54158 0.64865 0.54730 0.64385 0.55347 0.63047 0.55919 0.61298 0.56262 0.59480 0.56422 0.57559 0.56491 0.56118 0.56649 0.55391 0.56832 0.54705 0.57037 0.53436 0.57175 0.51892 0.57289 0.50760 0.57175 0.49868 0.56923 0.49113 0.56717 0.48325 0.56262 0.47954 0.55622 0.47646 0.55073 0.47474 0.54204 0.46994 0.53244 0.47165 0.52329 0.47165 0.51871 0.47200 0.51723 0.47841 0.51311 0.48115
4 0.40540 0.38511 0.40312 0.37345 0.39786 0.35835 0.39306 0.34292 0.38848 0.32680 0.38482 0.31788 0.37293 0.31788 0.35990 0.32028 0.34961 0.31993 0.33474 0.31993 0.32628 0.32131 0.31873 0.32302 0.31645 0.34086 0.31256 0.35286 0.30913 0.36796 0.30707 0.38031 0.30405 0.39509 0.30325 0.41034 0.30198 0.42272 0.30198 0.43892 0.30373 0.46203 0.30593 0.47773 0.30959 0.48870 0.31347 0.49282 0.32422 0.49556 0.33954 0.49762 0.35144 0.49899 0.36195 0.49796 0.37499 0.49419 0.38208 0.49145 0.39260 0.49145 0.40357 0.48870 0.40929 0.48458 0.41249 0.47910 0.41409 0.46400 0.41318 0.44822 0.41204 0.42936 0.41135 0.40809 0.40540 0.38511
4 0.57106 0.47879 0.56717 0.48325 0.56923 0.49113 0.57175 0.49868 0.57289 0.50760 0.57175 0.51892 0.57037 0.53436 0.56832 0.54705 0.56649 0.55391 0.56786 0.55803 0.57289 0.56866 0.57746 0.58204 0.58181 0.59679 0.58592 0.61360 0.59301 0.63452 0.59439 0.64172 0.59871 0.66645 0.61213 0.66882 0.62043 0.66587 0.62320 0.65757 0.62361 0.64097 0.62638 0.62910 0.62992 0.61191 0.63308 0.59888 0.63388 0.58821 0.63230 0.57518 0.63111 0.56214 0.63322 0.55518 0.63253 0.53734 0.63322 0.51985 0.63253 0.50373 0.62887 0.48452 0.62860 0.47944 0.62654 0.47430 0.62059 0.46194 0.61510 0.45268 0.60641 0.44479 0.59955 0.44342 0.59567 0.44651 0.59393 0.44997 0.59141 0.45649 0.58478 0.46335 0.57609 0.47192 0.57106 0.47879
4 0.22782 0.39652 0.22973 0.37961 0.22401 0.37508 0.22131 0.37127 0.21845 0.36365 0.21591 0.34912 0.21385 0.35031 0.20956 0.35269 0.20035 0.35864 0.18987 0.36579 0.17891 0.37532 0.17335 0.38437 0.16589 0.38580 0.17319 0.42963 0.18161 0.45512 0.19082 0.47632 0.19717 0.47870 0.20591 0.47489 0.21003 0.47013 0.21797 0.46084 0.22401 0.45345 0.22973 0.44654 0.22592 0.41677 0.22671 0.40938 0.22782 0.39652
4 0.42730 0.55019 0.42978 0.55763 0.43397 0.57078 0.43645 0.58935 0.43988 0.61251 0.44331 0.62423 0.45246 0.62880 0.45912 0.62909 0.46617 0.62709 0.47475 0.62223 0.48009 0.61051 0.48409 0.59193 0.48847 0.56935 0.49133 0.55648 0.49470 0.53065 0.49630 0.51590 0.49722 0.50321 0.49710 0.48630 0.48750 0.48767 0.47378 0.48630 0.46418 0.48458 0.46166 0.48287 0.45617 0.48493 0.44451 0.48698 0.43262 0.48527 0.42370 0.48218 0.42425 0.48445 0.42406 0.49874 0.42578 0.52790 0.42635 0.54019 0.42730 0.55019
4 0.68215 0.51710 0.68375 0.52739 0.68924 0.54077 0.69450 0.55655 0.70205 0.57473 0.70777 0.59154 0.71051 0.59360 0.71211 0.58193 0.71508 0.57199 0.71851 0.56135 0.72560 0.55038 0.72995 0.53185 0.73246 0.51607 0.73246 0.49824 0.73132 0.48349 0.72835 0.46668 0.72492 0.45296 0.72149 0.43787 0.71531 0.42655 0.71028 0.42003 0.70832 0.42210 0.70260 0.42139 0.69530 0.41948 0.68974 0.41639 0.68831 0.41496 0.68672 0.42425 0.68323 0.43377 0.67815 0.44021 0.67259 0.44354 0.66703 0.44307 0.66638 0.44678 0.67118 0.46222 0.67506 0.47560 0.67918 0.49446 0.68215 0.51710
4 0.63322 0.55518 0.63642 0.56341 0.64259 0.57473 0.64717 0.58742 0.65265 0.59771 0.66089 0.60148 0.66638 0.59565 0.67049 0.58948 0.67003 0.57850 0.67301 0.56478 0.67918 0.54523 0.68193 0.52671 0.68215 0.51710 0.67918 0.49446 0.67506 0.47560 0.67118 0.46222 0.66638 0.44678 0.66131 0.43711 0.65750 0.42973 0.65238 0.42593 0.64963 0.43210 0.64803 0.43896 0.64529 0.44891 0.64437 0.45680 0.64049 0.46846 0.63683 0.47464 0.63340 0.47807 0.62860 0.47944 0.62887 0.48452 0.63253 0.50373 0.63322 0.51985 0.63253 0.53734 0.63322 0.55518
4 0.43856 0.32028 0.43170 0.34326 0.42598 0.36762 0.42118 0.38614 0.41661 0.40123 0.41455 0.41255 0.41341 0.43279 0.41501 0.45611 0.41707 0.47018 0.42370 0.48218 0.43262 0.48527 0.44451 0.48698 0.45617 0.48493 0.46166 0.48287 0.46418 0.48458 0.47378 0.48630 0.48750 0.48767 0.49710 0.48630 0.50557 0.48390 0.51311 0.48115 0.51723 0.47841 0.52043 0.46881 0.52317 0.45783 0.52432 0.44514 0.52500 0.42421 0.52409 0.41015 0.52112 0.38888 0.51860 0.37276 0.51494 0.35526 0.50831 0.32988 0.50602 0.32028 0.50214 0.31033 0.48087 0.30930 0.46669 0.30999 0.45228 0.31033 0.44359 0.31102 0.43856 0.32028
4 0.29071 0.35078 0.28467 0.33506 0.27880 0.32625 0.27086 0.32529 0.26387 0.32720 0.25196 0.33197 0.24577 0.33530 0.23957 0.33792 0.23560 0.34102 0.23417 0.34364 0.23306 0.35507 0.23148 0.36841 0.22973 0.37961 0.22782 0.39652 0.22671 0.40938 0.22592 0.41677 0.22973 0.44654 0.23497 0.46084 0.24624 0.46679 0.25688 0.47036 0.26149 0.46846 0.26641 0.47322 0.27594 0.47513 0.28118 0.47560 0.29357 0.47013 0.29881 0.46750 0.30373 0.46203 0.30198 0.43892 0.30198 0.42272 0.30325 0.41034 0.30405 0.39509 0.30230 0.38080 0.29801 0.36817 0.29071 0.35078
