4 0.67440 0.76189 0.67200 0.77874 0.67801 0.79620 0.69004 0.80845 0.69811 0.81704 0.70602 0.81581 0.71238 0.80080 0.71822 0.77660 0.72200 0.75485 0.72389 0.73126 0.72595 0.69450 0.72681 0.66876 0.71036 0.67079 0.68899 0.66850 0.68643 0.66662 0.68248 0.68438 0.67853 0.71655 0.67629 0.73983 0.67440 0.76189
4 0.50008 0.72609 0.50107 0.73844 0.50948 0.75918 0.51616 0.77859 0.52234 0.80770 0.53026 0.83241 0.53521 0.84961 0.54510 0.86505 0.55822 0.86682 0.56465 0.86196 0.57084 0.84255 0.57381 0.82138 0.57603 0.79226 0.58172 0.76315 0.59137 0.71330 0.59483 0.68904 0.59929 0.67007 0.60275 0.65860 0.60006 0.65859 0.58424 0.66240 0.56158 0.66012 0.54149 0.65707 0.51712 0.65020 0.50972 0.64580 0.50651 0.67051 0.50354 0.68904 0.50057 0.71374 0.50008 0.72609
4 0.58890 0.73403 0.58717 0.74727 0.58914 0.76270 0.59879 0.77506 0.60671 0.80770 0.61265 0.83197 0.62081 0.86373 0.62502 0.88843 0.63343 0.90564 0.64160 0.89682 0.64976 0.86550 0.65545 0.83241 0.66164 0.80241 0.66857 0.77770 0.67629 0.73983 0.67853 0.71655 0.68248 0.68438 0.68643 0.66662 0.66975 0.65783 0.65308 0.65173 0.63854 0.64563 0.63042 0.63343 0.62956 0.63954 0.62357 0.65020 0.61588 0.65554 0.60275 0.65860 0.59929 0.67007 0.59483 0.68904 0.59137 0.71330 0.58890 0.73403
4 0.19230 0.71242 0.19675 0.73315 0.20021 0.74903 0.21481 0.77065 0.23361 0.78741 0.24994 0.79006 0.26627 0.79226 0.28013 0.78344 0.28879 0.77285 0.29918 0.76138 0.30883 0.74683 0.32070 0.72962 0.33060 0.72124 0.33357 0.71418 0.33678 0.70580 0.34074 0.65286 0.33200 0.64868 0.31960 0.63648 0.30891 0.60447 0.30561 0.59198 0.27815 0.59375 0.26511 0.61000 0.24407 0.63104 0.22407 0.63836 0.20406 0.63836 0.18354 0.62830 0.18314 0.63698 0.18215 0.66477 0.18265 0.67712 0.18685 0.69212 0.19230 0.71242
4 0.29230 0.38497 0.29230 0.35936 0.28768 0.33192 0.27588 0.30356 0.26408 0.28435 0.25331 0.26514 0.23894 0.24776 0.21842 0.23495 0.19174 0.24410 0.17687 0.26422 0.16404 0.30356 0.15891 0.33649 0.14249 0.37217 0.13787 0.38680 0.13428 0.41973 0.13274 0.45724 0.13120 0.48925 0.13120 0.52493 0.13428 0.55145 0.13890 0.56701 0.14608 0.59170 0.15993 0.61092 0.18354 0.62830 0.20406 0.63836 0.22407 0.63836 0.24407 0.63104 0.26511 0.61000 0.29897 0.56884 0.29435 0.53133 0.29384 0.48194 0.29281 0.42430 0.29230 0.38497
4 0.56073 0.26830 0.53892 0.26830 0.52481 0.27820 0.51327 0.30260 0.50429 0.32928 0.49831 0.34910 0.49318 0.36511 0.48335 0.38340 0.47437 0.39331 0.47821 0.41313 0.48292 0.46344 0.48677 0.51299 0.48505 0.55720 0.48206 0.60828 0.48634 0.62505 0.49617 0.63877 0.51712 0.65020 0.54149 0.65707 0.56158 0.66012 0.58424 0.66240 0.60006 0.65859 0.61588 0.65554 0.62357 0.65020 0.62956 0.63954 0.63298 0.61590 0.63555 0.57931 0.63683 0.55263 0.63555 0.50613 0.63255 0.47107 0.62742 0.43829 0.62058 0.39941 0.60861 0.35443 0.59920 0.32394 0.58595 0.29574 0.57398 0.27592 0.56073 0.26830
4 0.07329 0.77815 0.08789 0.79094 0.10298 0.79756 0.11634 0.79359 0.13143 0.78124 0.15221 0.75388 0.16904 0.74992 0.17819 0.74021 0.18091 0.72521 0.18165 0.70536 0.18116 0.68418 0.18215 0.66477 0.18354 0.62830 0.15993 0.61092 0.14608 0.59170 0.14232 0.57742 0.11213 0.58360 0.10991 0.60698 0.10669 0.63080 0.10248 0.65066 0.09853 0.66874 0.09358 0.68374 0.08566 0.69124 0.07279 0.68948 0.05993 0.68418 0.04929 0.67889 0.04212 0.68021 0.04706 0.70800 0.05449 0.73359 0.06240 0.75962 0.07329 0.77815
4 0.36573 0.78167 0.37340 0.80065 0.38256 0.82138 0.39690 0.83682 0.41868 0.84432 0.43426 0.84696 0.44960 0.84344 0.45925 0.83505 0.46841 0.82447 0.47905 0.79535 0.48498 0.77153 0.49191 0.74286 0.49810 0.71992 0.50354 0.68904 0.50651 0.67051 0.50972 0.64580 0.49617 0.63877 0.48634 0.62505 0.48206 0.60828 0.47650 0.62810 0.47009 0.64334 0.45727 0.65097 0.43974 0.66621 0.42349 0.67841 0.39869 0.67765 0.37646 0.67003 0.35252 0.65707 0.34074 0.65286 0.33901 0.70050 0.34173 0.71506 0.35015 0.73933 0.36573 0.78167
4 0.85508 0.28635 0.84974 0.26920 0.84154 0.24887 0.83477 0.23997 0.82480 0.24379 0.81090 0.25141 0.80698 0.26221 0.80093 0.27936 0.79416 0.29524 0.78347 0.31430 0.77029 0.32764 0.77150 0.33461 0.77620 0.36892 0.78133 0.40475 0.78518 0.44591 0.78817 0.48402 0.79074 0.51909 0.78945 0.54501 0.78475 0.61133 0.78133 0.63648 0.77991 0.64590 0.79167 0.65162 0.80200 0.65797 0.82052 0.66051 0.83335 0.66114 0.84867 0.65733 0.85757 0.65479 0.86541 0.64272 0.86898 0.62748 0.87147 0.59127 0.87361 0.56458 0.87610 0.43754 0.87539 0.40768 0.87147 0.36321 0.86292 0.30985 0.85508 0.28635
4 0.78248 0.76067 0.79244 0.78242 0.80034 0.79437 0.80687 0.79559 0.80739 0.78058 0.80653 0.75944 0.80395 0.73463 0.80378 0.71288 0.80344 0.68714 0.80189 0.66263 0.80200 0.65797 0.79167 0.65162 0.77991 0.64590 0.77620 0.65249 0.77079 0.65987 0.77045 0.68959 0.77217 0.71655 0.77354 0.73493 0.78248 0.76067
4 0.87539 0.40768 0.87610 0.43754 0.87361 0.56458 0.87147 0.59127 0.86898 0.62748 0.86705 0.63747 0.87902 0.63747 0.88372 0.62757 0.89399 0.61918 0.89698 0.60927 0.89954 0.58717 0.90254 0.56048 0.90638 0.52313 0.90980 0.48806 0.91194 0.42403 0.91280 0.37753 0.91066 0.32570 0.90767 0.29596 0.90510 0.26166 0.90040 0.24642 0.89527 0.24718 0.88715 0.25861 0.88073 0.25633 0.87218 0.25099 0.86492 0.24946 0.86278 0.25938 0.85978 0.27843 0.85765 0.29368 0.86292 0.30985 0.87147 0.36321 0.87539 0.40768
4 0.74433 0.74627 0.75000 0.75270 0.75653 0.77078 0.76306 0.77874 0.76736 0.76434 0.77028 0.74780 0.77131 0.72727 0.77045 0.68959 0.77079 0.65987 0.76765 0.65935 0.75910 0.66317 0.74285 0.66545 0.72960 0.66850 0.72681 0.66876 0.72595 0.69450 0.72698 0.71563 0.73265 0.72850 0.74433 0.74627
4 0.78133 0.40475 0.77620 0.36892 0.77150 0.33461 0.76423 0.30565 0.75397 0.27744 0.74713 0.25915 0.73730 0.23933 0.72490 0.23399 0.70523 0.23094 0.69283 0.23551 0.68386 0.24085 0.67017 0.25610 0.65992 0.27439 0.64794 0.29726 0.63213 0.32851 0.62443 0.33919 0.61802 0.35291 0.61289 0.36816 0.62058 0.39941 0.62742 0.43829 0.63255 0.47107 0.63555 0.50613 0.63683 0.55263 0.63555 0.57931 0.63298 0.61590 0.63042 0.63343 0.63854 0.64563 0.65308 0.65173 0.66975 0.65783 0.68899 0.66850 0.71036 0.67079 0.72960 0.66850 0.74285 0.66545 0.75910 0.66317 0.76765 0.65935 0.77620 0.65249 0.78133 0.63648 0.78475 0.61133 0.78945 0.54501 0.79074 0.51909 0.78817 0.48402 0.78518 0.44591 0.78133 0.40475
4 0.47308 0.37883 0.46411 0.34300 0.45641 0.31861 0.44273 0.29192 0.42819 0.26905 0.41152 0.25457 0.39741 0.24542 0.38330 0.24390 0.36577 0.24847 0.35167 0.25838 0.33328 0.28278 0.32131 0.30412 0.31319 0.32699 0.30207 0.34757 0.29352 0.36892 0.29230 0.38497 0.29281 0.42430 0.29384 0.48194 0.29435 0.53133 0.29897 0.56884 0.30891 0.60447 0.31960 0.63648 0.33200 0.64868 0.35252 0.65707 0.37646 0.67003 0.39869 0.67765 0.42349 0.67841 0.43974 0.66621 0.45727 0.65097 0.47009 0.64334 0.47650 0.62810 0.48206 0.60828 0.48505 0.55720 0.48677 0.51299 0.48292 0.46344 0.47821 0.41313 0.47308 0.37883
