1 0.25086 0.64270 0.25400 0.63735 0.25645 0.62500 0.25086 0.61718 0.23899 0.61512 0.22748 0.61883 0.21840 0.62623 0.21107 0.63693 0.20688 0.65670 0.20793 0.67563 0.21561 0.67975 0.22818 0.68098 0.23899 0.66410 0.25017 0.65752 0.25086 0.64270
4 0.18845 0.40812 0.17916 0.41098 0.17633 0.41646 0.17552 0.42480 0.17492 0.43194 0.17492 0.43718 0.17794 0.44457 0.18522 0.45219 0.19491 0.45290 0.20017 0.44719 0.20582 0.43956 0.21350 0.43504 0.22138 0.43075 0.22643 0.42289 0.23895 0.42051 0.25350 0.41979 0.25976 0.41455 0.26238 0.40502 0.26238 0.39931 0.25733 0.39192 0.25390 0.38477 0.24501 0.38477 0.23935 0.38835 0.22946 0.39859 0.22096 0.40455 0.21289 0.40526 0.20097 0.40574 0.19370 0.40741 0.18845 0.40812
4 0.15173 0.55832 0.14265 0.58631 0.14370 0.59166 0.14963 0.59619 0.16639 0.59742 0.19606 0.59948 0.20793 0.59742 0.21526 0.59495 0.22050 0.58795 0.22084 0.57972 0.21805 0.57190 0.21456 0.56737 0.20199 0.56532 0.19083 0.56038 0.17582 0.55667 0.16045 0.55626 0.15173 0.55832
4 0.71053 0.35032 0.70398 0.35547 0.69913 0.36319 0.69332 0.37748 0.68871 0.39577 0.68532 0.41235 0.68362 0.43179 0.68847 0.44837 0.69695 0.46495 0.71004 0.47381 0.71974 0.47810 0.73404 0.47781 0.74834 0.47410 0.76192 0.47324 0.77452 0.47067 0.78373 0.46152 0.79416 0.45666 0.80289 0.45008 0.81549 0.44437 0.81791 0.43979 0.80555 0.42007 0.79537 0.40721 0.76822 0.37376 0.75901 0.35975 0.75222 0.34060 0.74374 0.33860 0.73113 0.34032 0.72022 0.34461 0.71053 0.35032
4 0.78810 0.55328 0.78228 0.53555 0.77307 0.52212 0.76143 0.50954 0.75077 0.50497 0.74083 0.50239 0.73137 0.50211 0.72677 0.50840 0.71901 0.51983 0.71537 0.52669 0.71440 0.53727 0.71707 0.54870 0.72337 0.55871 0.72895 0.56671 0.76192 0.58443 0.77331 0.58158 0.78107 0.57643 0.78640 0.56785 0.78810 0.55328
4 0.78053 0.59647 0.76773 0.60676 0.76511 0.62665 0.77413 0.64277 0.78489 0.65855 0.79624 0.66507 0.80729 0.67365 0.81805 0.68840 0.82358 0.69972 0.83230 0.70623 0.84656 0.71275 0.86314 0.71413 0.87594 0.71241 0.89020 0.70520 0.90096 0.69011 0.90590 0.68188 0.91318 0.67605 0.91666 0.66576 0.92045 0.65169 0.92132 0.63969 0.91870 0.61979 0.91347 0.60058 0.90765 0.58789 0.89921 0.57245 0.89106 0.55633 0.88380 0.54261 0.87730 0.53184 0.87318 0.53269 0.86058 0.53527 0.84991 0.54470 0.83294 0.55613 0.82325 0.56185 0.82242 0.56525 0.81398 0.57829 0.80496 0.58823 0.79158 0.59064 0.78053 0.59647
4 0.21491 0.51880 0.21107 0.50769 0.20618 0.50069 0.20095 0.50028 0.18733 0.49575 0.17861 0.49163 0.17023 0.48999 0.16569 0.48999 0.16325 0.49287 0.16045 0.51222 0.16290 0.51592 0.17267 0.51633 0.18943 0.51880 0.20828 0.52127 0.21491 0.51880
1 0.21949 0.70056 0.21618 0.69780 0.21170 0.69516 0.20624 0.69217 0.20254 0.68999 0.19962 0.68930 0.19670 0.68976 0.19689 0.69320 0.20469 0.69768 0.21209 0.70067 0.21706 0.70090 0.21949 0.70056
4 0.21532 0.26377 0.21249 0.27139 0.21087 0.27806 0.20925 0.28735 0.20744 0.29878 0.20481 0.30760 0.20037 0.31879 0.19572 0.33189 0.20118 0.33571 0.21249 0.33952 0.22077 0.33975 0.22703 0.33666 0.23754 0.33642 0.24844 0.33547 0.25713 0.33261 0.26440 0.32737 0.26986 0.31712 0.27491 0.31093 0.27248 0.30259 0.26057 0.29164 0.24824 0.28663 0.23794 0.27973 0.22946 0.27282 0.21976 0.26686 0.21532 0.26377
1 0.39443 0.11027 0.40074 0.11507 0.40439 0.11540 0.40425 0.11010 0.40551 0.10283 0.40691 0.09753 0.40902 0.09571 0.41168 0.09621 0.41112 0.09125 0.41042 0.08827 0.40228 0.08082 0.39246 0.08347 0.39148 0.09025 0.39218 0.10018 0.39443 0.11027
4 0.82858 0.46466 0.82470 0.47095 0.81913 0.47838 0.81331 0.48296 0.80870 0.48724 0.80191 0.49496 0.79779 0.50154 0.79755 0.51383 0.79755 0.52412 0.80119 0.53641 0.80628 0.55127 0.80967 0.55013 0.81282 0.54642 0.81913 0.54727 0.82131 0.54699 0.82325 0.55556 0.82325 0.56185 0.83294 0.55613 0.84991 0.54470 0.86058 0.53527 0.87318 0.53269 0.87730 0.53184 0.87876 0.52984 0.87172 0.51468 0.86712 0.50525 0.86033 0.49897 0.84749 0.48353 0.84288 0.47552 0.83827 0.46580 0.83318 0.45980 0.82858 0.46466
4 0.46253 0.18501 0.47999 0.18982 0.49395 0.19016 0.50122 0.18158 0.50704 0.16409 0.51140 0.14454 0.51605 0.13767 0.52187 0.12910 0.52740 0.11812 0.52856 0.10680 0.53002 0.09068 0.53031 0.07353 0.53089 0.05844 0.52827 0.04815 0.52449 0.04197 0.51634 0.03820 0.50471 0.03477 0.49075 0.03237 0.47446 0.02997 0.45991 0.03031 0.44624 0.03271 0.43053 0.03717 0.42239 0.04266 0.41279 0.04746 0.40872 0.05089 0.41046 0.05947 0.41512 0.06496 0.42035 0.06804 0.41977 0.07319 0.41628 0.07902 0.41570 0.08279 0.41860 0.08965 0.42093 0.10200 0.42006 0.11710 0.41802 0.13082 0.41890 0.13493 0.42326 0.14316 0.43490 0.16272 0.44624 0.17267 0.46253 0.18501
4 0.16918 0.83945 0.19118 0.83987 0.20583 0.83123 0.22329 0.81517 0.23760 0.80200 0.24214 0.78842 0.24423 0.78059 0.24772 0.76866 0.25156 0.75384 0.24772 0.73490 0.24249 0.71926 0.23760 0.70609 0.22503 0.69662 0.20723 0.68839 0.18175 0.67480 0.17687 0.65545 0.16395 0.64597 0.15000 0.63736 0.13322 0.62913 0.12940 0.67069 0.13253 0.70568 0.12904 0.75425 0.12869 0.77936 0.13148 0.78471 0.13079 0.80159 0.14300 0.82052 0.15243 0.83452 0.16918 0.83945
4 0.37032 0.05467 0.35694 0.05295 0.33920 0.05261 0.32319 0.05261 0.30487 0.05672 0.29178 0.06221 0.28073 0.06839 0.27578 0.07182 0.27025 0.07731 0.26502 0.08691 0.26415 0.09926 0.26851 0.11572 0.27316 0.12739 0.27927 0.13390 0.28596 0.14522 0.29449 0.15397 0.30006 0.16512 0.30418 0.17684 0.30976 0.19256 0.31243 0.19805 0.32000 0.19908 0.32785 0.20182 0.33367 0.20628 0.34239 0.21108 0.34996 0.21829 0.35810 0.21863 0.36887 0.21589 0.37905 0.20937 0.38486 0.19667 0.39214 0.19256 0.39825 0.17747 0.40610 0.16100 0.41134 0.14591 0.41366 0.13630 0.41802 0.13082 0.42006 0.11710 0.42093 0.10200 0.41860 0.08965 0.41570 0.08279 0.40959 0.07353 0.40697 0.06736 0.40348 0.05844 0.39068 0.05638 0.37032 0.05467
1 0.15141 0.55833 0.14234 0.58632 0.14338 0.59167 0.14932 0.59620 0.16608 0.59743 0.19575 0.59949 0.20761 0.59743 0.21494 0.59496 0.22018 0.58797 0.22053 0.57973 0.21773 0.57191 0.21424 0.56738 0.20168 0.56532 0.19051 0.56039 0.17550 0.55668 0.16014 0.55627 0.15141 0.55833
1 0.82871 0.47177 0.82548 0.47475 0.82156 0.48103 0.81735 0.48897 0.81258 0.49774 0.80823 0.50369 0.80444 0.50965 0.80599 0.52073 0.81047 0.52702 0.81566 0.53000 0.82100 0.53694 0.82562 0.53926 0.83138 0.54058 0.83937 0.54025 0.84569 0.53793 0.84947 0.53661 0.85228 0.53066 0.85606 0.52586 0.85845 0.52470 0.85901 0.52851 0.85649 0.53049 0.86028 0.53148 0.86350 0.52933 0.86058 0.53527 0.87318 0.53269 0.87730 0.53184 0.87876 0.52984 0.87172 0.51468 0.86712 0.50525 0.86033 0.49897 0.84749 0.48353 0.84288 0.47552 0.83881 0.46879 0.83601 0.46747 0.83264 0.47127 0.83110 0.47259 0.82871 0.47177
1 0.77751 0.56986 0.77975 0.56490 0.78186 0.55977 0.78172 0.55415 0.77807 0.54455 0.77134 0.53843 0.76628 0.53148 0.76067 0.52355 0.75506 0.51743 0.74721 0.50965 0.73921 0.50733 0.73458 0.50667 0.72953 0.50899 0.72645 0.51229 0.72476 0.51643 0.72182 0.52090 0.71901 0.52387 0.71691 0.53182 0.71691 0.54009 0.71845 0.54786 0.72083 0.55183 0.72476 0.55531 0.72939 0.55812 0.73430 0.55911 0.73963 0.56093 0.74202 0.56589 0.74623 0.57069 0.75100 0.57516 0.75282 0.57764 0.76376 0.58244 0.76699 0.58045 0.77077 0.57632 0.77386 0.57433 0.77751 0.56986
1 0.67239 0.28716 0.66330 0.29359 0.65603 0.30383 0.65199 0.31551 0.65118 0.32789 0.65603 0.33837 0.65906 0.34075 0.66674 0.34195 0.67138 0.33432 0.67704 0.32789 0.68714 0.32312 0.69239 0.31884 0.69966 0.31812 0.70794 0.31717 0.71562 0.31336 0.72310 0.31074 0.73097 0.30693 0.72310 0.29454 0.71259 0.27977 0.70270 0.26477 0.69724 0.27025 0.69118 0.27882 0.68270 0.28192 0.67239 0.28716
4 0.30418 0.17684 0.30006 0.16512 0.29449 0.15397 0.28382 0.14597 0.27194 0.14025 0.26612 0.13997 0.25812 0.14111 0.24964 0.14825 0.23873 0.16283 0.23025 0.17141 0.22297 0.18255 0.21910 0.19399 0.21570 0.20800 0.21449 0.21886 0.21813 0.22629 0.22807 0.23515 0.23703 0.24030 0.25424 0.25116 0.26564 0.25545 0.27776 0.26116 0.28843 0.26345 0.30055 0.26202 0.30709 0.25259 0.30976 0.23544 0.30976 0.21629 0.31218 0.20371 0.30976 0.19256 0.30418 0.17684
1 0.44371 0.11662 0.44525 0.10289 0.44595 0.09197 0.44441 0.08155 0.43852 0.07378 0.43038 0.06815 0.42028 0.06352 0.41512 0.06496 0.42035 0.06804 0.41977 0.07319 0.41628 0.07902 0.41570 0.08279 0.41860 0.08965 0.42093 0.10200 0.42006 0.11710 0.41802 0.13082 0.43333 0.12936 0.44034 0.12638 0.44371 0.11662
1 0.21537 0.26404 0.21254 0.27166 0.21092 0.27833 0.20931 0.28762 0.20749 0.29906 0.20486 0.30787 0.20042 0.31907 0.19578 0.33217 0.20123 0.33598 0.21254 0.33979 0.22082 0.34003 0.22709 0.33693 0.23759 0.33669 0.24850 0.33574 0.25718 0.33288 0.26446 0.32764 0.26991 0.31740 0.27496 0.31120 0.27254 0.30287 0.26062 0.29191 0.24830 0.28691 0.23800 0.28000 0.22951 0.27309 0.21981 0.26713 0.21537 0.26404
1 0.16245 0.67220 0.16427 0.66053 0.16306 0.65076 0.16083 0.64409 0.15000 0.63736 0.13322 0.62913 0.12940 0.67069 0.13094 0.67625 0.13983 0.67148 0.15094 0.66934 0.15821 0.67339 0.16245 0.67220
4 0.52856 0.10680 0.53001 0.11618 0.53340 0.13848 0.53583 0.15648 0.54067 0.17592 0.54552 0.18250 0.55546 0.18736 0.56418 0.18993 0.57146 0.18707 0.57849 0.18335 0.58770 0.17935 0.59691 0.17507 0.60370 0.17049 0.61170 0.16420 0.62067 0.15648 0.62503 0.14905 0.62964 0.13962 0.63061 0.12933 0.62746 0.12018 0.61897 0.10275 0.60927 0.09017 0.59788 0.07731 0.58624 0.06873 0.56903 0.06330 0.55134 0.05844 0.54164 0.05901 0.53388 0.06959 0.53031 0.07353 0.53002 0.09068 0.52856 0.10680
4 0.25073 0.64280 0.25387 0.63745 0.25631 0.62510 0.25073 0.61728 0.23886 0.61522 0.22734 0.61893 0.21827 0.62633 0.21094 0.63704 0.20675 0.65680 0.20779 0.67573 0.21547 0.67984 0.22804 0.68108 0.23886 0.66420 0.25003 0.65762 0.25073 0.64280
4 0.67246 0.28726 0.66337 0.29369 0.65610 0.30393 0.65206 0.31561 0.65125 0.32799 0.65610 0.33847 0.65913 0.34086 0.66681 0.34205 0.67145 0.33443 0.67711 0.32799 0.68721 0.32323 0.69246 0.31894 0.69973 0.31822 0.70801 0.31727 0.71569 0.31346 0.72316 0.31084 0.73104 0.30703 0.72316 0.29465 0.71266 0.27987 0.70276 0.26487 0.69731 0.27035 0.69125 0.27892 0.68276 0.28202 0.67246 0.28726
1 0.18840 0.40803 0.17911 0.41090 0.17628 0.41637 0.17547 0.42471 0.17487 0.43186 0.17487 0.43710 0.17790 0.44448 0.18517 0.45210 0.19486 0.45282 0.20012 0.44710 0.20577 0.43948 0.21345 0.43495 0.22133 0.43067 0.22638 0.42280 0.23890 0.42042 0.25345 0.41971 0.25971 0.41447 0.26233 0.40494 0.26233 0.39922 0.25729 0.39184 0.25385 0.38469 0.24496 0.38469 0.23931 0.38826 0.22941 0.39851 0.22091 0.40446 0.21285 0.40518 0.20093 0.40565 0.19365 0.40732 0.18840 0.40803
1 0.77452 0.47067 0.78373 0.46152 0.79416 0.45666 0.80289 0.45008 0.81549 0.44437 0.81791 0.43979 0.80555 0.42007 0.79537 0.40721 0.79298 0.41473 0.78849 0.42085 0.78274 0.42714 0.77334 0.43673 0.76549 0.44467 0.75960 0.45261 0.75146 0.46155 0.74122 0.47461 0.74834 0.47410 0.76192 0.47324 0.77452 0.47067
