2 0.20756 0.44746 0.21061 0.44518 0.20621 0.44341 0.19864 0.44227 0.19019 0.44429 0.18184 0.44559 0.17768 0.44756 0.16972 0.44309 0.16078 0.43584 0.15416 0.42771 0.15549 0.43391 0.15932 0.45599 0.16482 0.46902 0.16871 0.47218 0.17960 0.47383 0.18661 0.46921 0.19455 0.46144 0.19943 0.45250 0.20756 0.44746
2 0.24060 0.46750 0.23942 0.45852 0.23829 0.44236 0.23539 0.43039 0.23023 0.41809 0.22375 0.40971 0.21281 0.40808 0.20395 0.41109 0.20655 0.42312 0.21269 0.43232 0.21408 0.43910 0.21718 0.44404 0.22055 0.44965 0.22683 0.46400 0.23214 0.46775 0.23647 0.46745 0.24060 0.46750
2 0.64124 0.46027 0.64381 0.46057 0.64528 0.45880 0.64775 0.45766 0.65177 0.45834 0.65288 0.45373 0.65379 0.44626 0.65734 0.44458 0.65902 0.44071 0.65856 0.43484 0.65541 0.41924 0.65183 0.40745 0.64964 0.39901 0.64631 0.39409 0.63874 0.39393 0.63314 0.39913 0.62345 0.40806 0.61521 0.42136 0.60770 0.43530 0.59993 0.44547 0.59211 0.45496 0.58911 0.45699 0.58987 0.46553 0.59622 0.46986 0.60300 0.47130 0.60818 0.46569 0.61538 0.45706 0.61984 0.45245 0.62353 0.45745 0.62959 0.45989 0.63665 0.46059 0.64124 0.46027
2 0.72829 0.44503 0.72878 0.43554 0.72889 0.42894 0.72885 0.42293 0.73021 0.41510 0.73132 0.40900 0.73285 0.40087 0.71458 0.39642 0.70436 0.40057 0.69207 0.41060 0.67825 0.42332 0.67760 0.42693 0.67599 0.44041 0.67555 0.44999 0.67978 0.45805 0.68604 0.46335 0.69788 0.46419 0.70739 0.46137 0.71138 0.45465 0.71791 0.45467 0.72379 0.44996 0.72829 0.44503
1 0.30897 0.41365 0.30953 0.41578 0.31121 0.41618 0.31319 0.41583 0.31344 0.41354 0.31362 0.41208 0.31261 0.41060 0.31167 0.41284 0.30897 0.41365
1 0.32195 0.40808 0.32330 0.40965 0.32396 0.40619 0.32467 0.40262 0.32461 0.40170 0.32334 0.40023 0.32213 0.39783 0.32284 0.40306 0.32195 0.40808
1 0.40602 0.40693 0.40443 0.40635 0.40177 0.40455 0.40062 0.40446 0.40214 0.40651 0.40352 0.40736 0.40480 0.40839 0.40529 0.41129 0.40602 0.41184 0.40729 0.41115 0.40754 0.40889 0.40602 0.40693
1 0.36701 0.43249 0.36593 0.43024 0.36365 0.42876 0.36289 0.44011 0.36217 0.44619 0.36395 0.45115 0.36571 0.45258 0.36769 0.45046 0.36878 0.44624 0.36783 0.44088 0.36767 0.43701 0.36801 0.43449 0.36701 0.43249
1 0.62517 0.44876 0.62673 0.44922 0.62737 0.44875 0.62802 0.44568 0.62635 0.44587 0.62430 0.44587 0.62260 0.44491 0.62107 0.44560 0.61878 0.44504 0.61810 0.44566 0.61902 0.44710 0.62110 0.44746 0.62302 0.44812 0.62517 0.44876
1 0.41810 0.42998 0.41757 0.42732 0.41672 0.42500 0.41653 0.42429 0.41520 0.42387 0.41636 0.43651 0.41497 0.44137 0.41486 0.44385 0.41452 0.44688 0.41644 0.44664 0.41575 0.44265 0.41710 0.43935 0.41755 0.43695 0.41782 0.43392 0.41810 0.42998
1 0.62851 0.41168 0.62916 0.40726 0.62593 0.41236 0.62437 0.41470 0.62401 0.42126 0.62464 0.42481 0.62565 0.42481 0.62638 0.42232 0.62732 0.41866 0.62713 0.41587 0.62786 0.41402 0.62851 0.41168
1 0.65027 0.42704 0.64835 0.42487 0.64812 0.43114 0.64645 0.43463 0.64729 0.43780 0.64953 0.43693 0.65115 0.43746 0.65219 0.43466 0.65222 0.43236 0.65123 0.43056 0.65058 0.42802 0.65027 0.42704
1 0.71441 0.42030 0.71192 0.41600 0.70718 0.42065 0.70415 0.41848 0.69957 0.41687 0.69605 0.41622 0.69353 0.41714 0.69035 0.42421 0.68982 0.43363 0.69406 0.43884 0.69893 0.44029 0.70304 0.43807 0.70799 0.43638 0.71089 0.43395 0.71438 0.43132 0.71561 0.42617 0.71441 0.42030
1 0.72835 0.43228 0.72677 0.42956 0.72583 0.43037 0.72373 0.44004 0.72772 0.44453 0.72798 0.43841 0.72835 0.43228
2 0.42778 0.46541 0.43423 0.47116 0.44285 0.47605 0.45610 0.47719 0.45531 0.47243 0.45161 0.46547 0.44846 0.45640 0.44674 0.44827 0.44732 0.44342 0.44696 0.43828 0.44054 0.42188 0.43519 0.41091 0.42224 0.39944 0.40668 0.39331 0.39615 0.39026 0.38752 0.39155 0.37481 0.39657 0.36753 0.40395 0.36188 0.41501 0.35905 0.42690 0.35568 0.44751 0.36185 0.44924 0.36866 0.46690 0.37688 0.47303 0.38659 0.47521 0.39082 0.48113 0.39978 0.47715 0.40837 0.47703 0.41237 0.47055 0.41670 0.46403 0.42778 0.46541
4 0.21718 0.44404 0.22055 0.44965 0.22683 0.46400 0.23214 0.46775 0.23647 0.46745 0.24060 0.46750 0.24168 0.46983 0.24300 0.47559 0.24750 0.47768 0.25381 0.47930 0.25853 0.47794 0.26351 0.47381 0.26504 0.46614 0.26935 0.45896 0.27221 0.45394 0.27553 0.44890 0.27688 0.44537 0.27709 0.43847 0.27403 0.43731 0.26860 0.43185 0.25835 0.41640 0.24661 0.39934 0.23219 0.38660 0.22256 0.38005 0.20934 0.38441 0.20152 0.39390 0.20133 0.41076 0.20655 0.42312 0.21269 0.43232 0.21408 0.43910 0.21718 0.44404
4 0.27927 0.41391 0.27779 0.42880 0.27745 0.44360 0.27735 0.45530 0.28027 0.47092 0.28500 0.47953 0.29039 0.48774 0.29506 0.49223 0.30397 0.49505 0.31605 0.49730 0.32304 0.49887 0.32993 0.49908 0.33643 0.49691 0.34321 0.49231 0.34952 0.48739 0.35384 0.48365 0.35695 0.47896 0.35678 0.47313 0.35467 0.46606 0.35257 0.45898 0.35307 0.44967 0.35359 0.44722 0.34593 0.43607 0.33913 0.42416 0.33147 0.40957 0.32548 0.39933 0.31945 0.39184 0.31144 0.38552 0.30537 0.38388 0.29925 0.38500 0.29029 0.39113 0.28280 0.39887 0.27927 0.41391
4 0.14521 0.50306 0.15806 0.50319 0.16990 0.50202 0.17948 0.50788 0.18718 0.50975 0.19901 0.51167 0.21014 0.50367 0.21030 0.48956 0.20784 0.47736 0.19667 0.47504 0.19027 0.46552 0.18661 0.46921 0.17960 0.47383 0.16871 0.47218 0.16482 0.46902 0.15932 0.45599 0.15549 0.43391 0.15407 0.43297 0.14323 0.43202 0.13215 0.43107 0.12143 0.42529 0.11662 0.42528 0.11235 0.43968 0.10433 0.45605 0.10615 0.46900 0.12010 0.48487 0.13233 0.49914 0.14521 0.50306
4 0.35044 0.58752 0.35813 0.57803 0.36410 0.56288 0.37099 0.54946 0.37487 0.54223 0.37876 0.53718 0.38060 0.53307 0.38062 0.52213 0.38063 0.51277 0.37547 0.51102 0.36724 0.50472 0.36187 0.49685 0.35826 0.48781 0.35695 0.47896 0.35384 0.48365 0.34952 0.48739 0.34321 0.49231 0.33643 0.49691 0.32993 0.49908 0.32304 0.49887 0.31605 0.49730 0.31388 0.49734 0.31282 0.50498 0.31278 0.52150 0.31218 0.52612 0.31242 0.53903 0.31464 0.55002 0.31914 0.56304 0.32414 0.57762 0.32936 0.58402 0.33813 0.59176 0.35044 0.58752
4 0.15932 0.45599 0.16482 0.46902 0.16871 0.47218 0.17960 0.47383 0.18661 0.46921 0.19455 0.46144 0.19943 0.45250 0.20756 0.44746 0.21061 0.44518 0.21201 0.43890 0.20099 0.43210 0.18631 0.42556 0.17499 0.41776 0.16103 0.39845 0.14937 0.38585 0.14385 0.38555 0.14573 0.40261 0.15275 0.42104 0.15549 0.43391 0.15932 0.45599
4 0.66915 0.47897 0.67893 0.49318 0.68601 0.50157 0.69257 0.50799 0.70132 0.51283 0.70837 0.51262 0.71337 0.51026 0.71648 0.50288 0.72039 0.49315 0.72227 0.48184 0.72408 0.47226 0.72584 0.46182 0.72777 0.45395 0.72829 0.44503 0.72878 0.43554 0.72889 0.42894 0.72885 0.42293 0.73021 0.41510 0.73132 0.40900 0.73285 0.40087 0.71458 0.39642 0.70436 0.40057 0.69207 0.41060 0.67825 0.42332 0.66535 0.43568 0.65902 0.44071 0.65942 0.44715 0.65944 0.46057 0.65967 0.46358 0.66249 0.46854 0.66915 0.47897
4 0.48269 0.49355 0.48429 0.49997 0.49017 0.50541 0.50121 0.50911 0.51393 0.51406 0.53127 0.51939 0.54253 0.52307 0.55548 0.52457 0.56410 0.52328 0.56977 0.51910 0.57771 0.51133 0.58136 0.50454 0.58276 0.49172 0.58456 0.47818 0.58543 0.46436 0.58531 0.45612 0.58213 0.44672 0.57328 0.43495 0.56899 0.42597 0.56467 0.41664 0.56114 0.40554 0.55413 0.39709 0.54956 0.39398 0.54066 0.39460 0.52851 0.39785 0.51545 0.40461 0.50471 0.41499 0.49579 0.42181 0.48785 0.42958 0.48457 0.43841 0.48416 0.45219 0.48175 0.46370 0.48217 0.47950 0.48269 0.49355
4 0.35632 0.43706 0.35359 0.44722 0.35307 0.44967 0.35257 0.45898 0.35467 0.46606 0.35678 0.47313 0.35695 0.47896 0.35826 0.48781 0.36187 0.49685 0.36724 0.50472 0.37547 0.51102 0.38433 0.51316 0.39659 0.51470 0.41053 0.51407 0.42251 0.51152 0.43539 0.50890 0.44579 0.50679 0.45158 0.50432 0.45512 0.49927 0.45669 0.48884 0.45610 0.47719 0.45531 0.47243 0.45161 0.46547 0.44846 0.45640 0.44674 0.44827 0.44732 0.44342 0.44696 0.43828 0.44054 0.42188 0.43519 0.41091 0.42224 0.39944 0.40668 0.39331 0.39615 0.39026 0.38752 0.39155 0.37481 0.39657 0.36753 0.40395 0.36188 0.41501 0.35905 0.42690 0.35632 0.43706
4 0.75031 0.46603 0.76025 0.47152 0.77130 0.47590 0.78410 0.47680 0.79103 0.47534 0.79310 0.46505 0.79099 0.45204 0.78775 0.43794 0.78401 0.43183 0.78113 0.43016 0.77224 0.42591 0.76109 0.41953 0.75075 0.41653 0.74253 0.41366 0.73737 0.41087 0.73558 0.41094 0.73299 0.41371 0.72931 0.41815 0.72885 0.42293 0.72889 0.42894 0.72878 0.43554 0.72829 0.44503 0.72777 0.45395 0.73495 0.45697 0.74260 0.46020 0.75031 0.46603
4 0.58351 0.48616 0.58619 0.49491 0.59140 0.50383 0.59686 0.50655 0.60880 0.50674 0.61876 0.50502 0.62970 0.50735 0.63885 0.50705 0.64491 0.50181 0.65209 0.49306 0.65716 0.48032 0.65854 0.47060 0.65944 0.46057 0.65942 0.44715 0.65856 0.43484 0.65541 0.41924 0.65183 0.40745 0.64964 0.39901 0.64631 0.39409 0.63874 0.39393 0.63314 0.39913 0.62345 0.40806 0.61521 0.42136 0.60770 0.43530 0.59993 0.44547 0.59211 0.45496 0.58531 0.45612 0.58543 0.46436 0.58456 0.47818 0.58351 0.48616
4 0.79165 0.41940 0.79612 0.40676 0.80147 0.38776 0.80632 0.37510 0.80769 0.36183 0.80630 0.36106 0.79574 0.36581 0.78820 0.37007 0.78157 0.37626 0.77352 0.38141 0.75874 0.38588 0.74478 0.39115 0.73553 0.40641 0.73737 0.41087 0.74253 0.41366 0.75075 0.41653 0.76109 0.41953 0.77224 0.42591 0.78113 0.43016 0.78529 0.42672 0.79165 0.41940
4 0.42040 0.59755 0.42973 0.60008 0.43345 0.59823 0.43827 0.59132 0.44171 0.57795 0.44467 0.56899 0.44598 0.55934 0.44596 0.55139 0.44541 0.54545 0.44609 0.54003 0.44532 0.53093 0.44487 0.52440 0.44427 0.51390 0.44369 0.50757 0.43539 0.50890 0.42251 0.51152 0.41053 0.51407 0.39659 0.51470 0.38433 0.51316 0.38063 0.51277 0.38062 0.52213 0.38254 0.53433 0.38440 0.54196 0.38851 0.55142 0.39394 0.56457 0.39683 0.57174 0.40303 0.58066 0.40986 0.59112 0.41256 0.59551 0.42040 0.59755
4 0.23552 0.56849 0.24669 0.57105 0.25577 0.57114 0.26746 0.56984 0.28249 0.56163 0.29005 0.55131 0.29565 0.53802 0.30505 0.53139 0.30875 0.52970 0.30915 0.52394 0.30683 0.51360 0.30447 0.50254 0.30181 0.49413 0.29506 0.49223 0.29039 0.48774 0.28500 0.47953 0.28027 0.47092 0.27735 0.45530 0.27703 0.45169 0.27484 0.44993 0.27221 0.45394 0.26935 0.45896 0.26504 0.46614 0.26351 0.47381 0.25853 0.47794 0.25381 0.47930 0.24929 0.47846 0.24771 0.48096 0.24409 0.48838 0.24116 0.49885 0.23825 0.50956 0.23580 0.52239 0.23392 0.53422 0.23128 0.54658 0.22929 0.55221 0.22865 0.55679 0.22931 0.56391 0.23552 0.56849
4 0.46100 0.53848 0.46169 0.54837 0.46117 0.55418 0.46146 0.55834 0.46663 0.56773 0.47096 0.57658 0.47550 0.58442 0.48020 0.59285 0.48469 0.59830 0.49229 0.59877 0.50133 0.59714 0.50584 0.59524 0.51004 0.58698 0.51417 0.57774 0.51716 0.56559 0.51998 0.55465 0.52365 0.54643 0.52474 0.53919 0.52301 0.51822 0.51393 0.51406 0.50121 0.50911 0.49017 0.50541 0.48429 0.49997 0.48269 0.49355 0.48217 0.47950 0.48169 0.47375 0.47512 0.47480 0.46779 0.47611 0.46526 0.47788 0.46185 0.48230 0.46040 0.48817 0.45950 0.49420 0.45882 0.50539 0.45910 0.51891 0.45999 0.52780 0.46100 0.53848
4 0.64894 0.56971 0.66120 0.56666 0.67220 0.56092 0.67626 0.54870 0.67386 0.53334 0.67317 0.52165 0.67070 0.50908 0.66813 0.49892 0.66512 0.48997 0.66075 0.48053 0.65835 0.47671 0.65716 0.48032 0.65209 0.49306 0.64491 0.50181 0.63885 0.50705 0.62970 0.50735 0.61876 0.50502 0.60880 0.50674 0.59686 0.50655 0.59497 0.50563 0.59512 0.50979 0.59737 0.51919 0.59907 0.52822 0.60025 0.53570 0.60930 0.53984 0.61677 0.54807 0.62281 0.55283 0.63270 0.56328 0.63905 0.56880 0.64894 0.56971
4 0.59200 0.56752 0.59465 0.55241 0.59848 0.53503 0.59907 0.52822 0.59737 0.51919 0.59512 0.50979 0.59497 0.50563 0.59140 0.50383 0.58619 0.49491 0.58351 0.48616 0.58276 0.49172 0.58136 0.50454 0.57771 0.51133 0.56977 0.51910 0.56410 0.52328 0.55548 0.52457 0.54253 0.52307 0.53127 0.51939 0.52301 0.51822 0.52562 0.53097 0.52895 0.54248 0.53770 0.55381 0.54583 0.56577 0.55238 0.57785 0.55901 0.58535 0.56988 0.58519 0.58148 0.58218 0.58574 0.58050 0.59200 0.56752
2 0.55602 0.47100 0.55974 0.47194 0.56435 0.46947 0.56678 0.46548 0.57004 0.46430 0.57290 0.45741 0.57322 0.44616 0.57352 0.43898 0.57328 0.43495 0.56899 0.42597 0.56467 0.41664 0.56114 0.40554 0.55413 0.39709 0.54956 0.39398 0.54066 0.39460 0.52851 0.39785 0.51545 0.40461 0.50731 0.41424 0.50485 0.42468 0.50336 0.43982 0.50705 0.45151 0.51406 0.46534 0.52163 0.47556 0.53004 0.47975 0.53828 0.47917 0.54831 0.47919 0.55315 0.47550 0.55602 0.47100
2 0.34593 0.43607 0.33913 0.42416 0.33147 0.40957 0.32548 0.39933 0.31945 0.39184 0.31144 0.38552 0.30537 0.38388 0.29925 0.38500 0.29029 0.39113 0.28515 0.39753 0.28510 0.41043 0.28674 0.41796 0.29665 0.42300 0.30388 0.42631 0.31155 0.42888 0.32212 0.42981 0.32749 0.42920 0.33146 0.42677 0.33604 0.42860 0.34593 0.43607
