4 0.71229 0.54898 0.71327 0.56367 0.71215 0.58018 0.70920 0.60072 0.70195 0.63134 0.69385 0.65590 0.68859 0.67391 0.68693 0.68818 0.68607 0.70689 0.69291 0.71498 0.69740 0.72645 0.70157 0.74381 0.70285 0.76231 0.70756 0.78568 0.71537 0.80091 0.72120 0.81153 0.72854 0.82023 0.73931 0.82624 0.75071 0.82643 0.76121 0.81517 0.76869 0.80020 0.77607 0.77445 0.78191 0.74899 0.78595 0.72917 0.78795 0.71657 0.79308 0.70123 0.79985 0.68507 0.80484 0.66588 0.80709 0.65009 0.81324 0.62549 0.81609 0.60754 0.81450 0.59697 0.81002 0.58415 0.80341 0.57054 0.79677 0.55871 0.79288 0.55259 0.78520 0.53845 0.77559 0.52508 0.76943 0.51657 0.76553 0.51272 0.76249 0.51988 0.75617 0.52793 0.74582 0.53857 0.73277 0.54813 0.71538 0.54861 0.71229 0.54898
4 0.02084 0.59313 0.03288 0.59459 0.04635 0.58865 0.06323 0.57696 0.07490 0.55548 0.08085 0.54790 0.09575 0.54083 0.10663 0.52595 0.10760 0.51982 0.11260 0.50087 0.11827 0.48562 0.12684 0.46634 0.13360 0.45215 0.13983 0.43968 0.13827 0.43415 0.13226 0.41705 0.13058 0.40950 0.12444 0.40718 0.12077 0.40660 0.11512 0.41113 0.10232 0.42077 0.09025 0.42738 0.08058 0.41997 0.07434 0.42930 0.06465 0.44616 0.05316 0.47127 0.04279 0.49566 0.03563 0.51560 0.03027 0.53362 0.02470 0.55291 0.01903 0.57131 0.01612 0.58655 0.02084 0.59313
4 0.42020 0.19172 0.40505 0.21452 0.39301 0.23587 0.37771 0.26640 0.36584 0.30264 0.35889 0.33061 0.35233 0.34853 0.34900 0.36577 0.34117 0.40760 0.33868 0.42713 0.33795 0.45071 0.33705 0.46779 0.34067 0.49119 0.34456 0.50990 0.36161 0.52294 0.37835 0.52882 0.40490 0.53432 0.42828 0.53931 0.45637 0.54183 0.47477 0.54410 0.48648 0.54078 0.49587 0.53387 0.49978 0.52286 0.50262 0.49811 0.50425 0.47640 0.50794 0.44855 0.51149 0.42844 0.51438 0.40564 0.51826 0.37201 0.51852 0.33393 0.51810 0.31836 0.51330 0.29175 0.50865 0.27099 0.49952 0.23982 0.49261 0.21740 0.48410 0.20055 0.46880 0.18779 0.45206 0.18191 0.43939 0.17990 0.42020 0.19172
4 0.87794 0.67881 0.87682 0.70959 0.87953 0.72886 0.88912 0.75057 0.89774 0.77527 0.90777 0.79571 0.91787 0.80000 0.92425 0.79607 0.92759 0.78763 0.93116 0.76665 0.93518 0.74127 0.93516 0.72242 0.93634 0.71184 0.93454 0.69630 0.93232 0.67396 0.92987 0.64037 0.92643 0.61470 0.92141 0.59730 0.92000 0.58092 0.91738 0.57692 0.90854 0.57103 0.90047 0.56662 0.89751 0.56794 0.88624 0.57423 0.87975 0.57724 0.87480 0.58319 0.87681 0.60370 0.87789 0.62855 0.87872 0.65336 0.87794 0.67881
4 0.77837 0.47653 0.77272 0.49631 0.77675 0.50427 0.78225 0.51698 0.79027 0.52902 0.79379 0.53335 0.80030 0.54730 0.80987 0.56659 0.82235 0.57125 0.83491 0.56409 0.84896 0.54370 0.85686 0.52988 0.86325 0.51043 0.87197 0.47627 0.87972 0.44627 0.88543 0.41972 0.89355 0.37793 0.89788 0.35439 0.90158 0.32913 0.90235 0.30341 0.90006 0.27989 0.89715 0.25466 0.88566 0.24746 0.87540 0.24583 0.86188 0.25338 0.84627 0.27030 0.82738 0.30230 0.81028 0.33244 0.79678 0.35507 0.79520 0.37258 0.79080 0.40032 0.78602 0.43509 0.77837 0.47653
4 0.79599 0.55410 0.79677 0.55871 0.80341 0.57054 0.81002 0.58415 0.81450 0.59697 0.81609 0.60754 0.81324 0.62549 0.80709 0.65009 0.80484 0.66588 0.80702 0.67745 0.81734 0.69613 0.82710 0.71831 0.83721 0.74145 0.84571 0.75581 0.85263 0.76902 0.85836 0.77083 0.86449 0.75744 0.87047 0.73865 0.87422 0.72129 0.87682 0.70959 0.87794 0.67881 0.87872 0.65336 0.87789 0.62855 0.87681 0.60370 0.87480 0.58319 0.87155 0.57998 0.86749 0.56767 0.86126 0.55637 0.85801 0.55002 0.84896 0.54370 0.83491 0.56409 0.82235 0.57125 0.80987 0.56659 0.80030 0.54730 0.79683 0.55200 0.79599 0.55410
4 0.68511 0.35709 0.68624 0.37729 0.68470 0.39837 0.68413 0.42477 0.68314 0.44012 0.68020 0.46550 0.67460 0.48723 0.66914 0.50575 0.66558 0.51681 0.66861 0.52504 0.67887 0.53313 0.68827 0.53979 0.70160 0.54448 0.71538 0.54861 0.73277 0.54813 0.74582 0.53857 0.75617 0.52793 0.76249 0.51988 0.77272 0.49631 0.77837 0.47653 0.78602 0.43509 0.79080 0.40032 0.79520 0.37258 0.79748 0.34904 0.79936 0.31445 0.80088 0.28432 0.80021 0.26806 0.79778 0.25605 0.79455 0.24455 0.79330 0.24112 0.78349 0.23698 0.77469 0.23559 0.76310 0.24732 0.75030 0.26209 0.73740 0.28202 0.72616 0.30285 0.71201 0.32387 0.70067 0.33629 0.68982 0.34556 0.68500 0.34867 0.68511 0.35709
4 0.52835 0.35616 0.52188 0.37646 0.51889 0.39537 0.51438 0.40564 0.51149 0.42844 0.50794 0.44855 0.50425 0.47640 0.50262 0.49811 0.50030 0.53780 0.50950 0.54572 0.52258 0.54973 0.53394 0.55088 0.55093 0.55745 0.56641 0.55990 0.58456 0.56148 0.59653 0.56338 0.60627 0.56105 0.62105 0.56339 0.63563 0.56247 0.64728 0.55268 0.65430 0.54022 0.66388 0.52300 0.66914 0.50575 0.67460 0.48723 0.68020 0.46550 0.68314 0.44012 0.68413 0.42477 0.68470 0.39837 0.68624 0.37729 0.68511 0.35709 0.68554 0.33842 0.68607 0.31460 0.68604 0.29198 0.68526 0.26277 0.68368 0.24767 0.67642 0.22519 0.66550 0.20990 0.64865 0.20464 0.63036 0.20174 0.60705 0.21227 0.59249 0.22676 0.57306 0.24694 0.56131 0.26188 0.54667 0.29058 0.53529 0.31914 0.53104 0.33914 0.52835 0.35616
4 0.13571 0.31434 0.13761 0.29759 0.14000 0.27777 0.14332 0.25362 0.13780 0.24736 0.13116 0.23868 0.12522 0.23505 0.11753 0.22351 0.10914 0.21321 0.09635 0.19907 0.08919 0.19525 0.08623 0.19971 0.08411 0.21149 0.08011 0.22566 0.07814 0.23971 0.07458 0.27325 0.07085 0.30317 0.06990 0.33443 0.07250 0.41291 0.07879 0.41749 0.09025 0.42738 0.10232 0.42077 0.11512 0.41113 0.12886 0.40030 0.12734 0.38615 0.12681 0.37529 0.12825 0.35982 0.12953 0.34701 0.13203 0.33125 0.13571 0.31434
4 0.51465 0.72384 0.52185 0.73216 0.52960 0.73383 0.53913 0.73220 0.55033 0.72635 0.56106 0.71235 0.57155 0.69202 0.58158 0.66983 0.58878 0.65123 0.59434 0.63192 0.60088 0.61276 0.61024 0.58373 0.61472 0.56335 0.60627 0.56105 0.59653 0.56338 0.58456 0.56148 0.56641 0.55990 0.55093 0.55745 0.53394 0.55088 0.52258 0.54973 0.51369 0.54645 0.51105 0.55995 0.50738 0.58314 0.50523 0.59671 0.50518 0.61286 0.50492 0.63660 0.50533 0.65461 0.50644 0.67767 0.50828 0.69770 0.51003 0.70875 0.51465 0.72384
4 0.61356 0.70989 0.61961 0.72700 0.62595 0.74236 0.63435 0.76209 0.64147 0.76771 0.65323 0.76463 0.66525 0.74410 0.67433 0.71996 0.68150 0.70001 0.68859 0.67391 0.69385 0.65590 0.70195 0.63134 0.70920 0.60072 0.71215 0.58018 0.71327 0.56367 0.71229 0.54898 0.70160 0.54448 0.68827 0.53979 0.67887 0.53313 0.66861 0.52504 0.66558 0.51681 0.66388 0.52300 0.65430 0.54022 0.64728 0.55268 0.63563 0.56247 0.62105 0.56339 0.61472 0.56335 0.61024 0.58373 0.60503 0.60399 0.60277 0.61351 0.59860 0.62720 0.59965 0.63635 0.59974 0.64848 0.60589 0.65394 0.60882 0.65754 0.61339 0.68877 0.61356 0.70989
4 0.05115 0.42433 0.06563 0.41990 0.07250 0.41291 0.06990 0.33443 0.07085 0.30317 0.07458 0.27325 0.07814 0.23971 0.08011 0.22566 0.07176 0.21671 0.05978 0.20225 0.05034 0.19223 0.04475 0.18641 0.04286 0.19004 0.02441 0.30653 0.02410 0.32941 0.02731 0.35819 0.02961 0.38637 0.03453 0.41228 0.03887 0.42284 0.05115 0.42433
4 0.00000 0.54512 0.00556 0.54091 0.01529 0.52854 0.02422 0.52277 0.03283 0.52055 0.03903 0.50358 0.04742 0.48382 0.05595 0.46319 0.06388 0.44470 0.07322 0.42689 0.06563 0.41990 0.05115 0.42433 0.03887 0.42284 0.03349 0.41835 0.02258 0.43188 0.01345 0.44524 0.00425 0.45903 0.00000 0.46618 0.00000 0.54512
4 0.92987 0.64037 0.93232 0.67396 0.93454 0.69630 0.93634 0.71184 0.94856 0.71691 0.95617 0.71947 0.97083 0.72179 0.98698 0.61352 0.98368 0.59325 0.97378 0.57508 0.96051 0.56715 0.94525 0.56384 0.93848 0.56545 0.92697 0.57485 0.92000 0.58092 0.92141 0.59730 0.92643 0.61470 0.92987 0.64037
4 0.85686 0.52988 0.85353 0.53720 0.86073 0.54551 0.86405 0.55457 0.87049 0.56456 0.87706 0.57367 0.88624 0.57423 0.89751 0.56794 0.90544 0.54631 0.91396 0.51940 0.92621 0.48634 0.93442 0.45982 0.94088 0.43168 0.94581 0.40688 0.94743 0.38874 0.94786 0.36862 0.94505 0.34843 0.94222 0.34574 0.92890 0.35709 0.91551 0.37202 0.90411 0.38547 0.89068 0.39277 0.88543 0.41972 0.87972 0.44627 0.87197 0.47627 0.86325 0.51043 0.85686 0.52988
4 0.17263 0.18115 0.16559 0.18004 0.15405 0.19975 0.14951 0.22272 0.14332 0.25362 0.14000 0.27777 0.13761 0.29759 0.13571 0.31434 0.13203 0.33125 0.12953 0.34701 0.12825 0.35982 0.12681 0.37529 0.12734 0.38615 0.12886 0.40030 0.13226 0.41705 0.13827 0.43415 0.14293 0.44835 0.14659 0.46132 0.15272 0.47198 0.16274 0.47895 0.17417 0.47699 0.18325 0.47089 0.19685 0.45905 0.21154 0.44414 0.22421 0.43054 0.22391 0.41918 0.22426 0.39985 0.22696 0.37713 0.23224 0.34189 0.23607 0.32527 0.23845 0.31219 0.23642 0.29840 0.22895 0.28107 0.21825 0.26699 0.21420 0.23566 0.20399 0.21089 0.19937 0.19831 0.19140 0.18790 0.17263 0.18115
4 0.11127 0.58995 0.12512 0.58317 0.14500 0.56837 0.16596 0.55465 0.17859 0.55081 0.18917 0.55204 0.19943 0.52360 0.20479 0.50560 0.21039 0.48765 0.21609 0.47060 0.22418 0.45753 0.22821 0.45271 0.22566 0.44340 0.21623 0.43966 0.21154 0.44414 0.19685 0.45905 0.18325 0.47089 0.17417 0.47699 0.16274 0.47895 0.15272 0.47198 0.14659 0.46132 0.14293 0.44835 0.13983 0.43968 0.13360 0.45215 0.12684 0.46634 0.11827 0.48562 0.11260 0.50087 0.10760 0.51982 0.10326 0.54247 0.09871 0.56328 0.09824 0.57892 0.09993 0.59040 0.11127 0.58995
4 0.29774 0.18266 0.28798 0.18165 0.28145 0.18870 0.27142 0.20272 0.26025 0.22195 0.25220 0.24814 0.24754 0.27378 0.24095 0.30020 0.23845 0.31219 0.23607 0.32527 0.23224 0.34189 0.22696 0.37713 0.22426 0.39985 0.22391 0.41918 0.22421 0.43054 0.22821 0.45271 0.23233 0.46090 0.23954 0.46850 0.24793 0.47629 0.26050 0.48421 0.27826 0.48971 0.29397 0.49112 0.30616 0.49198 0.31801 0.48739 0.32889 0.47942 0.33705 0.46779 0.33795 0.45071 0.33868 0.42713 0.34117 0.40760 0.34900 0.36577 0.35233 0.34853 0.34488 0.31774 0.33862 0.29467 0.33315 0.27226 0.32976 0.24427 0.32342 0.22173 0.31749 0.20410 0.31195 0.19353 0.30436 0.18640 0.29774 0.18266
4 0.18285 0.64571 0.18269 0.66094 0.18557 0.67441 0.19071 0.68465 0.19955 0.69682 0.20605 0.70009 0.21802 0.69884 0.22790 0.69816 0.23564 0.69670 0.25028 0.67703 0.26345 0.65399 0.27317 0.63848 0.28548 0.62876 0.29281 0.62678 0.29879 0.60485 0.30134 0.57923 0.30508 0.55245 0.30755 0.54476 0.31202 0.51182 0.31475 0.48982 0.30616 0.49198 0.29397 0.49112 0.27826 0.48971 0.26050 0.48421 0.24793 0.47629 0.23954 0.46850 0.23233 0.46090 0.22821 0.45271 0.22418 0.45753 0.21609 0.47060 0.21039 0.48765 0.20479 0.50560 0.19943 0.52360 0.19332 0.54955 0.19065 0.57112 0.18816 0.59002 0.18560 0.60935 0.18349 0.63056 0.18285 0.64571
4 0.45117 0.69135 0.46138 0.67906 0.47207 0.65742 0.47736 0.64614 0.48629 0.63723 0.49061 0.63523 0.49437 0.62102 0.49865 0.60824 0.50331 0.59461 0.50633 0.57715 0.50803 0.56799 0.51369 0.54645 0.50950 0.54572 0.50030 0.53780 0.50149 0.52388 0.49978 0.52286 0.49587 0.53387 0.48648 0.54078 0.47477 0.54410 0.45637 0.54183 0.42828 0.53931 0.41040 0.53593 0.41032 0.55700 0.41038 0.58348 0.40926 0.60485 0.40915 0.63085 0.41347 0.66205 0.41792 0.67980 0.42261 0.69132 0.43124 0.69851 0.44091 0.69915 0.45117 0.69135
4 0.32125 0.68917 0.33098 0.68308 0.34190 0.67584 0.35250 0.66585 0.36526 0.64858 0.37665 0.62570 0.38737 0.60856 0.39372 0.60014 0.39756 0.59806 0.40607 0.56485 0.41040 0.53593 0.40490 0.53432 0.37835 0.52882 0.36161 0.52294 0.34456 0.50990 0.34067 0.49119 0.33705 0.46779 0.32889 0.47942 0.31801 0.48739 0.31475 0.48982 0.31202 0.51182 0.30755 0.54476 0.30402 0.57651 0.30114 0.61689 0.30025 0.63514 0.30131 0.64742 0.30192 0.66412 0.30403 0.67926 0.31095 0.68933 0.32125 0.68917
