4 0.46200 0.49164 0.47318 0.50442 0.47857 0.50950 0.48937 0.50940 0.49601 0.50135 0.51201 0.49989 0.52461 0.49789 0.53085 0.49529 0.53937 0.49124 0.55782 0.48940 0.57608 0.48381 0.58640 0.48326 0.59991 0.48705 0.61626 0.49039 0.63015 0.48872 0.63950 0.48724 0.65273 0.48407 0.65660 0.47699 0.65645 0.45761 0.65719 0.43862 0.65717 0.41221 0.65184 0.37855 0.64522 0.34726 0.64221 0.32563 0.62643 0.30226 0.61442 0.28421 0.60119 0.26906 0.59123 0.25878 0.56911 0.25581 0.53921 0.25624 0.51302 0.27494 0.48963 0.30074 0.47562 0.33315 0.46326 0.37608 0.45347 0.40889 0.45023 0.43312 0.45270 0.46185 0.45494 0.47335 0.46200 0.49164
4 0.26584 0.44131 0.26802 0.47870 0.26923 0.49953 0.27383 0.51281 0.28339 0.54688 0.29217 0.56813 0.30329 0.58578 0.31886 0.59732 0.34271 0.60595 0.36785 0.61221 0.39846 0.60305 0.42658 0.58350 0.44194 0.55950 0.44798 0.54507 0.45131 0.52406 0.45080 0.49719 0.45113 0.47827 0.44862 0.45710 0.44332 0.43153 0.43585 0.41330 0.42662 0.40237 0.41752 0.38170 0.38974 0.32196 0.36816 0.31190 0.34667 0.30236 0.32098 0.30050 0.30717 0.30269 0.29202 0.31480 0.27673 0.33393 0.26668 0.36247 0.26449 0.38546 0.26250 0.39656 0.26584 0.44131
3 0.57608 0.48381 0.58640 0.48326 0.59991 0.48705 0.61626 0.49039 0.63015 0.48872 0.63950 0.48724 0.65273 0.48407 0.65660 0.47699 0.65069 0.45974 0.63853 0.45137 0.62116 0.44976 0.59284 0.44738 0.56974 0.44605 0.54675 0.45000 0.52358 0.45429 0.50162 0.45715 0.47913 0.46570 0.47165 0.47780 0.47066 0.49138 0.47570 0.50337 0.47857 0.50950 0.48937 0.50940 0.49601 0.50135 0.51201 0.49989 0.52461 0.49789 0.53085 0.49529 0.53937 0.49124 0.55782 0.48940 0.57608 0.48381
4 0.50541 0.61615 0.50206 0.62342 0.50155 0.63338 0.50383 0.66312 0.50676 0.68377 0.50945 0.71389 0.51204 0.73684 0.51515 0.75207 0.51933 0.76534 0.52777 0.77702 0.53582 0.79282 0.54835 0.81060 0.55855 0.82022 0.58299 0.81680 0.59924 0.81422 0.62084 0.81260 0.62860 0.80688 0.62972 0.79637 0.62960 0.76718 0.62887 0.75158 0.62942 0.73756 0.62989 0.71638 0.62843 0.69190 0.62917 0.67022 0.62648 0.64235 0.62183 0.61298 0.61689 0.59490 0.61166 0.59258 0.60494 0.58736 0.59478 0.58673 0.58537 0.58867 0.56717 0.59424 0.55546 0.59699 0.54065 0.60204 0.53077 0.60315 0.51750 0.60705 0.50926 0.61195 0.50541 0.61615
4 0.86130 0.47982 0.86543 0.46210 0.86908 0.44130 0.86925 0.41612 0.86955 0.35228 0.86823 0.32644 0.86777 0.31034 0.85943 0.29055 0.85280 0.27498 0.84709 0.28711 0.83895 0.30367 0.83096 0.32111 0.82506 0.33642 0.82797 0.35258 0.82981 0.37520 0.83012 0.40121 0.83144 0.42930 0.82716 0.46142 0.83410 0.47020 0.84308 0.47867 0.85257 0.48165 0.86130 0.47982
4 0.63217 0.53928 0.63908 0.56083 0.65037 0.57845 0.67118 0.59003 0.69548 0.59200 0.71713 0.58987 0.73641 0.58229 0.75248 0.57650 0.76279 0.56905 0.76636 0.56008 0.77182 0.53463 0.77439 0.51611 0.78014 0.48933 0.77944 0.45968 0.78185 0.42760 0.77967 0.39172 0.78018 0.37288 0.77747 0.35261 0.77152 0.32768 0.76752 0.30243 0.76423 0.28161 0.75238 0.26990 0.74126 0.26908 0.72775 0.28157 0.70834 0.30728 0.69984 0.32932 0.68920 0.35365 0.67313 0.38466 0.66267 0.40378 0.65717 0.41221 0.65719 0.43862 0.65645 0.45761 0.65660 0.47699 0.65273 0.48407 0.63950 0.48724 0.63015 0.48872 0.62925 0.51452 0.63217 0.53928
4 0.00000 0.51726 0.00261 0.52268 0.01464 0.54341 0.02827 0.55850 0.04181 0.57037 0.05426 0.57541 0.06180 0.57044 0.06625 0.56435 0.07109 0.55549 0.07067 0.55017 0.07947 0.53476 0.08730 0.52112 0.09179 0.50478 0.08357 0.48182 0.07418 0.44881 0.06302 0.42039 0.05240 0.40590 0.02257 0.38583 0.00357 0.37105 0.00000 0.36971 0.00000 0.51726
4 0.34663 0.64759 0.34399 0.66597 0.34434 0.68569 0.34693 0.70864 0.35026 0.72967 0.35591 0.75438 0.36148 0.77416 0.37004 0.79976 0.37619 0.81451 0.38559 0.82785 0.42264 0.82737 0.44459 0.82794 0.46741 0.82746 0.49470 0.82674 0.49787 0.80512 0.50201 0.78964 0.50289 0.77108 0.50601 0.75576 0.50930 0.74581 0.50945 0.71389 0.50676 0.68377 0.50383 0.66312 0.49990 0.64488 0.49620 0.63244 0.49326 0.62706 0.48646 0.61915 0.46693 0.61192 0.44984 0.60698 0.43974 0.60454 0.43209 0.60665 0.41745 0.60403 0.40627 0.60355 0.38773 0.60694 0.37488 0.61346 0.36312 0.62027 0.35213 0.63189 0.34663 0.64759
4 0.63129 0.74715 0.64095 0.76000 0.65268 0.77925 0.66135 0.79675 0.66739 0.79983 0.68546 0.79563 0.69993 0.79064 0.71313 0.78630 0.71764 0.77975 0.71510 0.75499 0.71144 0.73625 0.71598 0.71891 0.71465 0.70610 0.71196 0.67598 0.71073 0.63754 0.71303 0.60393 0.70744 0.59269 0.69548 0.59200 0.67118 0.59003 0.64685 0.58252 0.63343 0.58105 0.61814 0.58527 0.61689 0.59490 0.62183 0.61298 0.62648 0.64235 0.62917 0.67022 0.62843 0.69190 0.62989 0.71638 0.62942 0.73756 0.63129 0.74715
4 0.04867 0.75094 0.05108 0.77930 0.07375 0.79098 0.09692 0.79495 0.12024 0.79979 0.14335 0.80332 0.15630 0.80621 0.16540 0.79354 0.16943 0.78616 0.17172 0.76559 0.17141 0.73733 0.17346 0.70646 0.16953 0.68822 0.15964 0.66957 0.14502 0.65392 0.12683 0.64422 0.10905 0.63715 0.09367 0.63420 0.08731 0.63566 0.07050 0.65224 0.05605 0.68148 0.04831 0.71146 0.04867 0.75094
4 0.82602 0.64039 0.82097 0.61289 0.81128 0.57804 0.80280 0.55512 0.79448 0.53982 0.78335 0.53529 0.77442 0.53806 0.76695 0.56754 0.76671 0.57701 0.77334 0.62762 0.77727 0.66339 0.78102 0.68930 0.78556 0.70475 0.79208 0.71091 0.80683 0.70767 0.81878 0.69545 0.82939 0.67265 0.83401 0.65799 0.82602 0.64039
4 0.22526 0.61291 0.20079 0.62711 0.19357 0.63185 0.18831 0.64032 0.17934 0.66690 0.17398 0.70099 0.17141 0.73733 0.17284 0.77484 0.17801 0.79873 0.18258 0.80564 0.21685 0.80515 0.24727 0.80663 0.27376 0.80962 0.29720 0.81085 0.32227 0.81361 0.34573 0.81933 0.35101 0.80008 0.35415 0.77173 0.35518 0.75854 0.33793 0.69120 0.32571 0.66662 0.31216 0.64676 0.29962 0.62898 0.29063 0.61603 0.28682 0.61169 0.27549 0.60585 0.25867 0.60042 0.24478 0.59813 0.23093 0.60707 0.22526 0.61291
4 0.78333 0.72577 0.78556 0.70475 0.78102 0.68930 0.77727 0.66339 0.77334 0.62762 0.76671 0.57701 0.75878 0.57512 0.74263 0.58487 0.72937 0.58877 0.72288 0.59159 0.71303 0.60393 0.71073 0.63754 0.71196 0.67598 0.71465 0.70610 0.71598 0.71891 0.72752 0.72607 0.73915 0.73815 0.74525 0.75696 0.76000 0.75372 0.77966 0.73982 0.78333 0.72577
4 0.06165 0.28046 0.05488 0.29770 0.05136 0.31961 0.05497 0.34556 0.05993 0.36741 0.06533 0.40149 0.07216 0.42887 0.07418 0.44881 0.08790 0.48718 0.10190 0.52831 0.11783 0.56266 0.13088 0.58194 0.14722 0.59681 0.16266 0.60278 0.17085 0.60407 0.18418 0.59355 0.19465 0.57766 0.20576 0.55002 0.21539 0.51615 0.22340 0.49419 0.23241 0.47853 0.24309 0.46713 0.25384 0.44667 0.26265 0.42975 0.26120 0.40798 0.24708 0.38823 0.22649 0.35915 0.20502 0.33085 0.18700 0.31171 0.16801 0.29272 0.15039 0.27611 0.13172 0.26548 0.11015 0.26178 0.09150 0.25762 0.07689 0.26317 0.06165 0.28046
4 0.81526 0.51991 0.82252 0.50438 0.82564 0.48907 0.82716 0.46142 0.83144 0.42930 0.83012 0.40121 0.82981 0.37520 0.82797 0.35258 0.82264 0.32333 0.81782 0.30388 0.81641 0.29061 0.80460 0.30148 0.79976 0.31033 0.79725 0.32510 0.79009 0.34780 0.78548 0.36470 0.78018 0.37288 0.77967 0.39172 0.78185 0.42760 0.77944 0.45968 0.78014 0.48933 0.78547 0.50486 0.79529 0.52307 0.80316 0.52677 0.81526 0.51991
