4 0.50202 0.33139 0.48310 0.37186 0.46830 0.40274 0.46131 0.42616 0.45925 0.45492 0.45966 0.46663 0.46377 0.48580 0.47282 0.50017 0.47734 0.50603 0.48803 0.50763 0.49585 0.50070 0.51188 0.50177 0.52463 0.50177 0.53121 0.50017 0.54026 0.49751 0.55876 0.49858 0.57768 0.49591 0.58796 0.49698 0.60071 0.50284 0.61633 0.50869 0.63031 0.50922 0.63977 0.50922 0.65334 0.50816 0.65828 0.50177 0.66115 0.48260 0.66486 0.46397 0.66897 0.43788 0.66897 0.40380 0.66732 0.37186 0.66773 0.35003 0.65581 0.32447 0.64676 0.30477 0.63607 0.28773 0.62785 0.27602 0.60646 0.26963 0.57686 0.26537 0.54807 0.27975 0.52093 0.30158 0.50202 0.33139
4 0.34041 0.27495 0.32355 0.28454 0.30546 0.30104 0.29106 0.32767 0.28531 0.35003 0.28161 0.36068 0.27790 0.40540 0.27420 0.44267 0.27215 0.46344 0.27461 0.47728 0.27873 0.51242 0.28407 0.53478 0.29230 0.55395 0.30587 0.56779 0.32807 0.58004 0.35192 0.59015 0.38359 0.58590 0.41443 0.57098 0.43334 0.54969 0.44157 0.53638 0.44815 0.51615 0.45185 0.48952 0.45514 0.47089 0.45596 0.44959 0.45473 0.42350 0.45020 0.40434 0.44280 0.39209 0.43704 0.37026 0.41895 0.30690 0.39921 0.29359 0.37947 0.28081 0.35439 0.27495 0.34041 0.27495
3 0.49585 0.50070 0.51188 0.50177 0.52463 0.50177 0.53121 0.50017 0.54026 0.49751 0.55876 0.49858 0.57768 0.49591 0.58796 0.49698 0.60071 0.50284 0.61633 0.50869 0.63031 0.50922 0.63977 0.50922 0.65334 0.50816 0.65828 0.50177 0.65514 0.48381 0.64443 0.47364 0.62753 0.46933 0.59993 0.46255 0.57732 0.45762 0.55400 0.45793 0.53044 0.45855 0.50831 0.45793 0.48475 0.46286 0.47547 0.47364 0.47237 0.48689 0.47547 0.49953 0.47734 0.50603 0.48803 0.50763 0.49585 0.50070
4 0.55160 0.60359 0.53961 0.60447 0.52419 0.60714 0.51425 0.60669 0.50054 0.60847 0.49163 0.61202 0.48718 0.61557 0.48272 0.62222 0.48067 0.63199 0.47827 0.66171 0.47793 0.68256 0.47587 0.71274 0.47484 0.73581 0.47553 0.75134 0.47758 0.76509 0.48409 0.77796 0.48958 0.79482 0.49917 0.81434 0.50774 0.82543 0.53241 0.82588 0.54886 0.82588 0.57045 0.82765 0.57901 0.82322 0.58176 0.81301 0.58621 0.78417 0.58792 0.76864 0.59067 0.75489 0.59444 0.73404 0.59683 0.70963 0.60095 0.68833 0.60266 0.66038 0.60266 0.63065 0.60060 0.61202 0.59581 0.60891 0.58998 0.60270 0.58004 0.60048 0.57045 0.60093 0.55160 0.60359
4 0.84151 0.45407 0.83842 0.48202 0.82917 0.51308 0.83465 0.52284 0.84219 0.53260 0.85110 0.53703 0.86001 0.53659 0.86686 0.51973 0.87372 0.49976 0.87783 0.47492 0.88811 0.41191 0.89085 0.38618 0.89291 0.37021 0.88777 0.34935 0.88366 0.33293 0.87612 0.34403 0.86549 0.35912 0.85487 0.37509 0.84665 0.38928 0.84699 0.40570 0.84528 0.42833 0.84151 0.45407
4 0.66115 0.48260 0.65828 0.50177 0.65334 0.50816 0.63977 0.50922 0.63031 0.50922 0.62539 0.53456 0.62440 0.55947 0.62785 0.58184 0.63624 0.60101 0.65499 0.61570 0.67868 0.62145 0.70039 0.62273 0.72062 0.61826 0.73740 0.61506 0.74875 0.60931 0.75369 0.60101 0.76306 0.57672 0.76849 0.55883 0.77836 0.53328 0.78231 0.50389 0.78971 0.47258 0.79316 0.43680 0.79662 0.41827 0.79711 0.39783 0.79514 0.37228 0.79514 0.34672 0.79514 0.32563 0.78527 0.31221 0.77441 0.30966 0.75911 0.31988 0.73592 0.34224 0.72408 0.36269 0.70977 0.38505 0.68904 0.41316 0.67572 0.43041 0.66897 0.43788 0.66486 0.46397 0.66115 0.48260
4 0.00000 0.42732 0.00519 0.44459 0.01382 0.46695 0.02493 0.48399 0.03644 0.49783 0.04795 0.50475 0.05618 0.50102 0.06152 0.49570 0.06769 0.48771 0.06810 0.48239 0.07921 0.46855 0.08908 0.45630 0.09607 0.44086 0.09154 0.41690 0.08743 0.38283 0.08085 0.35301 0.07263 0.33703 0.04631 0.31255 0.02986 0.29498 0.01012 0.28379 0.00066 0.28220 0.00000 0.35937 0.00000 0.42732
4 0.40219 0.58984 0.39123 0.58761 0.37238 0.58806 0.35867 0.59250 0.34599 0.59738 0.33332 0.60714 0.32543 0.62178 0.31995 0.63953 0.31721 0.65905 0.31618 0.68212 0.31618 0.70342 0.31789 0.72871 0.32029 0.74912 0.32475 0.77574 0.32852 0.79127 0.33571 0.80591 0.37238 0.81123 0.39397 0.81523 0.41659 0.81833 0.44366 0.82189 0.45017 0.80103 0.45668 0.78639 0.46045 0.76820 0.46593 0.75356 0.47073 0.74424 0.47587 0.71274 0.47793 0.68256 0.47827 0.66171 0.47724 0.64308 0.47553 0.63021 0.47347 0.62444 0.46799 0.61557 0.44983 0.60536 0.43372 0.59782 0.42412 0.59383 0.41624 0.59471 0.40219 0.58984
4 0.60266 0.63065 0.60266 0.66038 0.60095 0.68833 0.59683 0.70963 0.59444 0.73404 0.59067 0.75489 0.59101 0.76465 0.59855 0.77885 0.60711 0.79970 0.61294 0.81833 0.61842 0.82233 0.63693 0.82100 0.65201 0.81833 0.66571 0.81612 0.67120 0.81035 0.67257 0.78550 0.67188 0.76642 0.67908 0.75000 0.67976 0.73714 0.68182 0.70697 0.68662 0.66881 0.69415 0.63598 0.69039 0.62400 0.67868 0.62145 0.65499 0.61570 0.63213 0.60447 0.61911 0.60093 0.60335 0.60270 0.60060 0.61202 0.60266 0.63065
4 0.09241 0.57430 0.07768 0.56898 0.07117 0.56943 0.05198 0.58318 0.03313 0.60980 0.02079 0.63820 0.01497 0.67724 0.01291 0.70564 0.03347 0.72072 0.05575 0.72827 0.07802 0.73669 0.10029 0.74379 0.11263 0.74867 0.12360 0.73758 0.12874 0.73093 0.13422 0.71096 0.13833 0.68301 0.14519 0.65284 0.14416 0.63420 0.13730 0.61424 0.12531 0.59649 0.10886 0.58407 0.09241 0.57430
4 0.75001 0.74690 0.75549 0.75400 0.77057 0.75311 0.78428 0.74291 0.79833 0.72205 0.80518 0.70830 0.80004 0.68966 0.79936 0.66171 0.79524 0.62577 0.79045 0.60181 0.78462 0.58540 0.77434 0.57918 0.76509 0.58052 0.75310 0.60847 0.75138 0.61779 0.75001 0.66881 0.74830 0.70475 0.74795 0.73093 0.75001 0.74690
4 0.27506 0.58185 0.27198 0.57697 0.26170 0.56943 0.24593 0.56144 0.23257 0.55700 0.21749 0.56366 0.21098 0.56854 0.18459 0.57874 0.17671 0.58229 0.17020 0.58984 0.15718 0.61468 0.14656 0.64751 0.13833 0.68301 0.13388 0.72028 0.13525 0.74468 0.13867 0.75222 0.17260 0.75710 0.20241 0.76332 0.22811 0.77041 0.25107 0.77530 0.27540 0.78195 0.29768 0.79127 0.30590 0.77308 0.31344 0.74557 0.31652 0.73270 0.31001 0.66349 0.30179 0.63731 0.29151 0.61557 0.28191 0.59605 0.27506 0.58185
4 0.67908 0.75000 0.68936 0.75888 0.69895 0.77263 0.70204 0.79216 0.71711 0.79127 0.73870 0.78062 0.74453 0.76731 0.75001 0.74690 0.74795 0.73093 0.74830 0.70475 0.75001 0.66881 0.75138 0.61779 0.74384 0.61468 0.72637 0.62178 0.71266 0.62356 0.70581 0.62533 0.69415 0.63598 0.68662 0.66881 0.68182 0.70697 0.67976 0.73714 0.67908 0.75000
4 0.20452 0.24334 0.18972 0.22417 0.17294 0.21075 0.15221 0.20373 0.13445 0.19670 0.11915 0.19989 0.10139 0.21459 0.09201 0.23056 0.08510 0.25164 0.08461 0.27784 0.08609 0.30020 0.08609 0.33470 0.08856 0.36282 0.08743 0.38283 0.09497 0.42288 0.10237 0.46568 0.11274 0.50210 0.12261 0.52318 0.13642 0.54044 0.15073 0.54874 0.15863 0.55130 0.17343 0.54299 0.18626 0.52893 0.20156 0.50338 0.21636 0.47143 0.22771 0.45099 0.23906 0.43693 0.25140 0.42735 0.26521 0.40882 0.27656 0.39348 0.27854 0.37176 0.26768 0.35004 0.25189 0.31809 0.23511 0.28678 0.22031 0.26506 0.20452 0.24334
4 0.78971 0.47258 0.78231 0.50389 0.77836 0.53328 0.78119 0.54946 0.78805 0.56898 0.79524 0.57386 0.80827 0.56898 0.81786 0.55478 0.82334 0.54014 0.82917 0.51308 0.83842 0.48202 0.84151 0.45407 0.84528 0.42833 0.84699 0.40570 0.84630 0.37597 0.84459 0.35601 0.84527 0.34268 0.83191 0.35157 0.82574 0.35956 0.82095 0.37375 0.81032 0.39505 0.80313 0.41103 0.79662 0.41827 0.79316 0.43680 0.78971 0.47258
