4 0.58565 0.61842 0.57932 0.62381 0.57744 0.62817 0.58394 0.62959 0.59233 0.63254 0.59370 0.64037 0.59045 0.65666 0.58737 0.66590 0.60910 0.67014 0.62278 0.66372 0.63527 0.65961 0.64434 0.64704 0.65598 0.62445 0.65392 0.61727 0.64742 0.61111 0.64109 0.60918 0.63715 0.60803 0.63031 0.60867 0.62552 0.60764 0.62261 0.60623 0.61731 0.60738 0.61098 0.61034 0.60225 0.61265 0.59404 0.61586 0.58565 0.61842
4 0.51779 0.31275 0.52134 0.33137 0.53305 0.34308 0.56179 0.34574 0.58059 0.34494 0.57953 0.34122 0.58343 0.34414 0.59904 0.34494 0.60898 0.34202 0.60968 0.34042 0.62671 0.34202 0.63204 0.33590 0.65084 0.32898 0.66290 0.30955 0.66716 0.28933 0.66751 0.27070 0.66184 0.26006 0.64587 0.25314 0.60613 0.24729 0.57103 0.24596 0.54795 0.24303 0.53411 0.24622 0.52560 0.25607 0.51992 0.26432 0.52347 0.27629 0.51779 0.31275
1 0.67498 0.52349 0.67168 0.52813 0.67402 0.53391 0.68159 0.53566 0.68888 0.53587 0.69259 0.53463 0.69410 0.53122 0.69947 0.52854 0.70263 0.52462 0.70813 0.52256 0.71267 0.52163 0.71363 0.51750 0.70772 0.51730 0.70470 0.51637 0.70937 0.51224 0.71240 0.50915 0.71295 0.50605 0.70745 0.50935 0.70181 0.51059 0.69617 0.51152 0.69080 0.51317 0.68681 0.51369 0.68502 0.51369 0.68255 0.51214 0.68241 0.51472 0.67719 0.51451 0.67925 0.51957 0.67498 0.52349
4 0.53073 0.68502 0.55469 0.68785 0.57282 0.67938 0.58223 0.66834 0.59045 0.65538 0.59370 0.64037 0.59250 0.63228 0.58257 0.62946 0.57214 0.62946 0.56598 0.62728 0.55845 0.62484 0.54784 0.62484 0.54442 0.62407 0.53706 0.62420 0.53022 0.62394 0.52474 0.62420 0.51892 0.62933 0.51345 0.63960 0.51259 0.65756 0.51311 0.67206 0.53073 0.68502
4 0.64202 0.56776 0.64944 0.57461 0.66969 0.57696 0.69250 0.57889 0.72274 0.58124 0.74641 0.57632 0.75325 0.56498 0.75839 0.55386 0.76124 0.54295 0.76067 0.53675 0.75240 0.52412 0.74727 0.51685 0.74213 0.50958 0.73643 0.50316 0.72901 0.49931 0.72331 0.49824 0.71332 0.49867 0.70619 0.50167 0.69878 0.50316 0.68994 0.50316 0.68052 0.50316 0.65770 0.51899 0.64345 0.54017 0.63803 0.55407 0.64202 0.56776
4 0.65598 0.62227 0.65563 0.62497 0.64742 0.64499 0.65461 0.65448 0.66641 0.66090 0.68712 0.64845 0.70525 0.63395 0.71107 0.62535 0.70987 0.61791 0.70850 0.61265 0.70303 0.60867 0.69858 0.60662 0.68780 0.60713 0.67634 0.61149 0.66316 0.61611 0.65598 0.62227
4 0.22381 0.44591 0.21594 0.45387 0.21098 0.46452 0.21218 0.47517 0.21748 0.48711 0.22330 0.49724 0.23271 0.49635 0.24502 0.49314 0.24930 0.49314 0.25615 0.48646 0.26984 0.48030 0.28609 0.48069 0.29601 0.48313 0.30423 0.48262 0.31295 0.48120 0.32031 0.48338 0.32270 0.47710 0.32270 0.46452 0.31929 0.45567 0.31586 0.45246 0.31415 0.44373 0.31176 0.43398 0.30543 0.42975 0.29755 0.43154 0.29105 0.43180 0.28301 0.42782 0.27309 0.42448 0.26676 0.42397 0.25923 0.42384 0.24605 0.42820 0.24058 0.43282 0.23373 0.43655 0.22381 0.44591
4 0.37126 0.31091 0.38226 0.32315 0.39290 0.33220 0.40568 0.33566 0.41667 0.33645 0.42235 0.34178 0.44825 0.34337 0.47415 0.34390 0.49473 0.34417 0.50431 0.33832 0.51637 0.30905 0.52276 0.27419 0.51779 0.25317 0.50644 0.24146 0.43974 0.23720 0.39787 0.23640 0.37871 0.23933 0.36913 0.25263 0.36736 0.26567 0.36807 0.28829 0.37126 0.31091
4 0.34544 0.65485 0.35406 0.65531 0.36351 0.65254 0.35940 0.64361 0.35920 0.63776 0.36289 0.63175 0.36782 0.63006 0.37603 0.62713 0.36802 0.62436 0.36104 0.61897 0.34729 0.61142 0.33681 0.60850 0.32634 0.60650 0.32039 0.60696 0.30910 0.61235 0.30684 0.61589 0.30930 0.62990 0.31320 0.63884 0.33148 0.64931 0.34544 0.65485
4 0.68710 0.50313 0.70015 0.50331 0.71642 0.49629 0.73071 0.49758 0.74647 0.50941 0.76471 0.51551 0.77875 0.51200 0.79009 0.50128 0.79280 0.48982 0.79378 0.47763 0.78935 0.46875 0.78220 0.46081 0.77432 0.45175 0.75904 0.44215 0.74721 0.44085 0.73613 0.44510 0.72480 0.44566 0.71395 0.44640 0.70237 0.46303 0.68956 0.47726 0.68562 0.49149 0.68710 0.50313
4 0.67000 0.31780 0.68029 0.32578 0.68064 0.32924 0.68738 0.33111 0.69306 0.33403 0.69732 0.33536 0.70157 0.33457 0.71045 0.33829 0.71754 0.33643 0.72997 0.32844 0.74521 0.31567 0.75160 0.30237 0.73280 0.29039 0.71647 0.27868 0.68987 0.26645 0.67816 0.26432 0.66751 0.27310 0.66751 0.28906 0.66290 0.30955 0.67000 0.31780
4 0.26898 0.60003 0.27312 0.60663 0.28277 0.61541 0.29576 0.62112 0.30336 0.61912 0.30951 0.61218 0.31937 0.60664 0.33251 0.60479 0.34380 0.60079 0.35181 0.59956 0.36187 0.59109 0.36064 0.58092 0.35263 0.56614 0.34442 0.55505 0.33436 0.54458 0.32306 0.53904 0.29740 0.53996 0.28282 0.54120 0.27605 0.54520 0.27343 0.54806 0.26590 0.55756 0.26333 0.57142 0.26505 0.58810 0.26898 0.60003
4 0.44073 0.67001 0.44792 0.67963 0.46332 0.68310 0.47221 0.68400 0.49805 0.68143 0.50866 0.67476 0.51191 0.66821 0.51311 0.64909 0.51174 0.63793 0.50797 0.62766 0.50079 0.62291 0.48744 0.62407 0.48453 0.62587 0.47649 0.62715 0.47067 0.62740 0.46725 0.62984 0.45836 0.63343 0.45151 0.63318 0.44450 0.63587 0.43714 0.63908 0.43697 0.64691 0.43799 0.65820 0.44073 0.67001
4 0.40355 0.67387 0.42838 0.67520 0.44009 0.66908 0.43619 0.65204 0.43725 0.63980 0.44399 0.63501 0.44187 0.63049 0.43477 0.62490 0.42696 0.62437 0.41419 0.62224 0.39539 0.62144 0.39077 0.62224 0.38900 0.62464 0.38048 0.62623 0.37268 0.62863 0.36381 0.63235 0.36204 0.63288 0.36062 0.63714 0.36097 0.64459 0.36488 0.65417 0.37694 0.66428 0.40355 0.67387
4 0.29193 0.31237 0.29997 0.31891 0.30630 0.32276 0.31246 0.32366 0.31879 0.32353 0.32306 0.32468 0.33504 0.32763 0.34959 0.32263 0.36002 0.31506 0.37063 0.30826 0.36841 0.29401 0.36738 0.27695 0.36704 0.26155 0.36242 0.25937 0.35267 0.25321 0.34171 0.24320 0.32495 0.24487 0.31400 0.24718 0.29706 0.25372 0.27687 0.26270 0.27413 0.26437 0.27242 0.27002 0.27191 0.27951 0.27413 0.29145 0.28337 0.30389 0.29193 0.31237
4 0.23835 0.53985 0.24143 0.54395 0.25153 0.55217 0.25957 0.55217 0.26761 0.54742 0.27582 0.54550 0.28301 0.54062 0.30098 0.53972 0.31757 0.53946 0.32373 0.53908 0.33263 0.54331 0.33674 0.54575 0.34632 0.54383 0.35248 0.53985 0.35042 0.53010 0.34580 0.52111 0.34050 0.51033 0.33468 0.49609 0.32904 0.48800 0.31757 0.48262 0.31193 0.48107 0.29687 0.48338 0.28626 0.48095 0.27035 0.48069 0.25529 0.48698 0.24965 0.49275 0.24725 0.49326 0.24349 0.50250 0.23664 0.51405 0.23425 0.52419 0.23835 0.53985
