4 0.16313 0.30445 0.15034 0.25539 0.12342 0.23572 0.09664 0.20331 0.07074 0.17951 0.02831 0.16703 0.00285 0.18319 0.00574 0.19234 0.02005 0.25964 0.03748 0.35949 0.05275 0.42462 0.08030 0.48520 0.11029 0.52377 0.13758 0.53001 0.17251 0.49784 0.19308 0.46318 0.17561 0.39656 0.16313 0.30445
4 0.53771 0.51587 0.51822 0.48175 0.51532 0.48481 0.50445 0.51724 0.45246 0.53073 0.42206 0.53068 0.41911 0.53538 0.42821 0.61160 0.43622 0.69945 0.44619 0.75187 0.47447 0.81995 0.50536 0.85571 0.54381 0.86952 0.55847 0.81593 0.56296 0.72380 0.54980 0.52632 0.53771 0.51587
4 0.74273 0.49997 0.76668 0.49570 0.78384 0.49286 0.79618 0.48779 0.81721 0.48088 0.82255 0.44474 0.81800 0.39361 0.80442 0.32974 0.78747 0.25926 0.76094 0.16232 0.74877 0.12176 0.73101 0.09948 0.72051 0.09276 0.71137 0.09063 0.69802 0.09836 0.67532 0.13086 0.66080 0.16651 0.65266 0.19511 0.63802 0.22834 0.63699 0.23833 0.64937 0.27803 0.67526 0.37754 0.70452 0.50402 0.71502 0.51074 0.74273 0.49997
4 0.41758 0.53001 0.40240 0.52916 0.37240 0.48832 0.35524 0.47813 0.35350 0.48664 0.33159 0.52468 0.30181 0.54241 0.27646 0.54942 0.25866 0.54180 0.25428 0.57693 0.26917 0.66739 0.30570 0.81511 0.32897 0.86145 0.36391 0.88659 0.40913 0.88023 0.43330 0.81567 0.43832 0.74459 0.43077 0.62734 0.41758 0.53001
4 0.48435 0.34705 0.44591 0.20185 0.41663 0.14652 0.38398 0.10658 0.35100 0.09404 0.32647 0.14127 0.31574 0.21779 0.32558 0.25966 0.34947 0.40991 0.37029 0.48560 0.40238 0.52958 0.45486 0.52916 0.50476 0.51661 0.51404 0.48231 0.48435 0.34705
4 0.74439 0.49903 0.75217 0.61610 0.75032 0.70333 0.77174 0.75305 0.78918 0.77784 0.79945 0.77973 0.80569 0.75805 0.81004 0.70421 0.81173 0.62244 0.80957 0.53335 0.80583 0.48326 0.78530 0.49034 0.74439 0.49903
4 0.00000 0.55255 0.02121 0.65235 0.04841 0.77430 0.07058 0.78018 0.09238 0.75275 0.12243 0.71217 0.13774 0.69507 0.11532 0.59889 0.11075 0.54206 0.11225 0.52872 0.10670 0.51932 0.05301 0.48026 0.03854 0.49391 0.01497 0.51113 0.00000 0.50580 0.00000 0.55255
4 0.35222 0.48748 0.35960 0.45758 0.34655 0.39392 0.31770 0.23594 0.28689 0.18680 0.24963 0.14295 0.21843 0.12320 0.19922 0.11751 0.19345 0.13046 0.16353 0.17688 0.15549 0.23037 0.16109 0.29462 0.17839 0.40720 0.19252 0.46477 0.22494 0.51258 0.27421 0.54607 0.30200 0.54309 0.33069 0.52430 0.35222 0.48748
4 0.71498 0.51238 0.70359 0.50341 0.68495 0.51225 0.66102 0.52222 0.65748 0.52786 0.66399 0.61603 0.66467 0.71764 0.67937 0.75522 0.70634 0.80973 0.72758 0.83534 0.74329 0.81083 0.74861 0.72260 0.75061 0.61878 0.74402 0.50051 0.71498 0.51238
4 0.00000 0.50613 0.01216 0.51092 0.04447 0.49021 0.06959 0.45801 0.04433 0.38929 0.02550 0.28584 0.01544 0.23668 0.00860 0.23977 0.00000 0.23962 0.00000 0.50613
4 0.70404 0.50103 0.68476 0.41838 0.64731 0.27160 0.61954 0.18372 0.59613 0.13242 0.56302 0.09960 0.53525 0.11606 0.51259 0.12439 0.47781 0.18805 0.45975 0.23410 0.47507 0.30352 0.49356 0.38517 0.51325 0.47242 0.53614 0.51327 0.56511 0.53994 0.62438 0.52734 0.68613 0.51305 0.70404 0.50103
4 0.26692 0.66053 0.25482 0.57763 0.25662 0.53410 0.22520 0.51066 0.20815 0.48985 0.17845 0.49129 0.13495 0.52984 0.11524 0.52996 0.11029 0.54567 0.11621 0.60139 0.13697 0.67676 0.15125 0.74211 0.18747 0.82152 0.20391 0.83756 0.24633 0.81064 0.27259 0.76516 0.28004 0.70740 0.26692 0.66053
4 0.86345 0.43849 0.87464 0.42797 0.87793 0.40447 0.86708 0.31072 0.85064 0.22222 0.83272 0.15276 0.81901 0.10683 0.80474 0.06753 0.79747 0.07233 0.79270 0.08149 0.78932 0.12128 0.78438 0.15001 0.77645 0.16472 0.76165 0.16380 0.78250 0.23589 0.80861 0.34757 0.81977 0.40381 0.82222 0.44319 0.84439 0.44905 0.86345 0.43849
4 0.66462 0.71928 0.66356 0.61774 0.65344 0.51813 0.56704 0.54057 0.54945 0.53210 0.55844 0.64497 0.56279 0.70999 0.57512 0.73831 0.59580 0.79660 0.61327 0.84905 0.63241 0.85557 0.64636 0.84691 0.65862 0.81174 0.66446 0.77793 0.66462 0.71928
