4 0.00000 0.22860 0.01195 0.27654 0.03286 0.37572 0.05039 0.44028 0.08005 0.49986 0.11136 0.53735 0.13885 0.54264 0.17263 0.50927 0.19199 0.47391 0.17219 0.40794 0.15651 0.31632 0.14201 0.26775 0.11443 0.24902 0.08653 0.21757 0.05982 0.19468 0.01697 0.18369 0.00000 0.19532 0.00000 0.22860
4 0.53824 0.51454 0.51758 0.48113 0.51478 0.48428 0.50505 0.51707 0.45357 0.53238 0.42318 0.53338 0.42040 0.53818 0.43215 0.61404 0.44322 0.70155 0.45501 0.75360 0.48565 0.82064 0.51777 0.85531 0.55668 0.86776 0.56946 0.81370 0.57074 0.72146 0.55069 0.52457 0.53824 0.51454
4 0.74258 0.49150 0.76637 0.48639 0.78342 0.48296 0.79558 0.47746 0.81635 0.46982 0.82043 0.43352 0.81409 0.38257 0.79830 0.31922 0.77889 0.24937 0.74900 0.15342 0.73542 0.11331 0.71689 0.09166 0.70616 0.08531 0.69695 0.08351 0.68388 0.09169 0.66233 0.12497 0.64906 0.16110 0.64193 0.18996 0.62846 0.22369 0.62777 0.23371 0.64153 0.27295 0.67088 0.37150 0.70453 0.49688 0.71526 0.50323 0.74258 0.49150
4 0.41867 0.53287 0.40347 0.53255 0.37207 0.49278 0.35456 0.48319 0.35312 0.49176 0.33255 0.53054 0.30341 0.54930 0.27832 0.55719 0.26026 0.55020 0.25712 0.58546 0.27515 0.67534 0.31681 0.82170 0.34169 0.86720 0.37749 0.89110 0.42246 0.88317 0.44436 0.81780 0.44690 0.74659 0.43525 0.62968 0.41867 0.53287
4 0.47902 0.34769 0.43554 0.20392 0.40434 0.14965 0.37032 0.11086 0.33693 0.09949 0.31405 0.14754 0.30600 0.22440 0.31730 0.26589 0.34642 0.41522 0.36987 0.49013 0.40347 0.53296 0.45591 0.53072 0.50534 0.51643 0.51341 0.48183 0.47902 0.34769
4 0.74421 0.49051 0.75607 0.60723 0.75726 0.69447 0.78040 0.74341 0.79870 0.76758 0.80902 0.76910 0.81451 0.74722 0.81698 0.69326 0.81581 0.61149 0.81055 0.52253 0.80506 0.47260 0.78479 0.48039 0.74421 0.49051
4 0.00000 0.56139 0.02682 0.66896 0.05826 0.78990 0.08062 0.79499 0.10145 0.76682 0.13007 0.72522 0.14477 0.70760 0.11901 0.61226 0.11245 0.55562 0.11349 0.54224 0.10761 0.53303 0.05259 0.49587 0.03861 0.51002 0.01566 0.52805 0.00000 0.52309 0.00000 0.56139
4 0.35187 0.49265 0.35821 0.46251 0.34294 0.39935 0.30860 0.24246 0.27609 0.19443 0.23732 0.15190 0.20545 0.13326 0.18606 0.12824 0.18074 0.14139 0.15246 0.18882 0.14629 0.24255 0.15413 0.30658 0.17535 0.41848 0.19148 0.47552 0.22555 0.52218 0.27596 0.55392 0.30362 0.54998 0.33164 0.53020 0.35187 0.49265
4 0.71528 0.50487 0.70359 0.49630 0.68526 0.50579 0.66170 0.51659 0.65836 0.52235 0.66794 0.61023 0.67216 0.71176 0.68816 0.74881 0.71703 0.80234 0.73914 0.82720 0.75399 0.80215 0.75622 0.71378 0.75461 0.60996 0.74389 0.49200 0.71528 0.50487
4 0.00000 0.52339 0.01284 0.52794 0.04440 0.50611 0.06839 0.47305 0.04075 0.40526 0.01831 0.30253 0.00655 0.25376 0.00000 0.25699 0.00000 0.52339
4 0.70395 0.49391 0.68180 0.41198 0.63925 0.26659 0.60843 0.17974 0.58325 0.12929 0.54900 0.09765 0.52183 0.11506 0.49947 0.12418 0.46693 0.18902 0.45049 0.23566 0.46823 0.30451 0.48956 0.38546 0.51228 0.47198 0.53658 0.51201 0.56646 0.53764 0.62526 0.52298 0.68647 0.50654 0.70395 0.49391
4 0.27267 0.66857 0.25768 0.58613 0.25796 0.54257 0.22574 0.52024 0.20797 0.50005 0.17835 0.50251 0.13621 0.54256 0.11652 0.54337 0.11212 0.55924 0.11998 0.61472 0.14336 0.68932 0.15992 0.75413 0.19888 0.83223 0.21587 0.84769 0.25733 0.81930 0.28198 0.77294 0.28741 0.71495 0.27267 0.66857
4 0.86109 0.42584 0.87190 0.41494 0.87437 0.39134 0.86025 0.29802 0.84073 0.21015 0.82040 0.14136 0.80509 0.09593 0.78946 0.05716 0.78236 0.06221 0.77792 0.07153 0.77593 0.11141 0.77199 0.14030 0.76458 0.15528 0.74976 0.15487 0.77311 0.22620 0.80310 0.33689 0.81622 0.39271 0.82004 0.43197 0.84240 0.43707 0.86109 0.42584
4 0.67217 0.71340 0.66757 0.61196 0.65398 0.51277 0.56841 0.53821 0.55054 0.53035 0.56347 0.64285 0.57008 0.70767 0.58340 0.73554 0.60610 0.79307 0.62538 0.84489 0.64474 0.85073 0.65838 0.84159 0.66940 0.80601 0.67406 0.77202 0.67217 0.71340
