4 0.77305 0.54373 0.76425 0.46743 0.73928 0.37835 0.72132 0.31962 0.70718 0.30370 0.69615 0.30358 0.68865 0.31757 0.67866 0.38275 0.67705 0.44014 0.67431 0.45090 0.69883 0.53209 0.70140 0.54801 0.71675 0.55726 0.73169 0.57193 0.74586 0.57611 0.76766 0.57161 0.77305 0.54373
4 0.30674 0.67089 0.30626 0.68056 0.29555 0.70246 0.26910 0.71134 0.27012 0.74472 0.27567 0.77427 0.28177 0.79106 0.30925 0.79212 0.32723 0.78519 0.33314 0.76594 0.33742 0.74861 0.33106 0.72109 0.32334 0.67384 0.30674 0.67089
4 0.46418 0.63763 0.45563 0.64268 0.49212 0.73725 0.52852 0.73286 0.53949 0.73002 0.54101 0.70901 0.53778 0.68262 0.52709 0.63081 0.50377 0.63187 0.49889 0.62591 0.47434 0.63682 0.46418 0.63763
4 0.38108 0.65496 0.37893 0.65669 0.40191 0.71275 0.42292 0.76309 0.46570 0.74489 0.47142 0.70071 0.46728 0.67453 0.45474 0.64227 0.44886 0.64301 0.43720 0.64355 0.41944 0.65073 0.38108 0.65496
4 0.71644 0.55503 0.70129 0.54804 0.70184 0.57042 0.69736 0.57516 0.67563 0.58727 0.68205 0.62680 0.70589 0.66385 0.73240 0.69936 0.75969 0.68720 0.76798 0.68312 0.75870 0.64980 0.74916 0.61470 0.73839 0.58665 0.73104 0.57139 0.71644 0.55503
4 0.58623 0.61404 0.59572 0.61344 0.61610 0.60874 0.62297 0.59916 0.61875 0.57136 0.61007 0.52541 0.58535 0.45172 0.56325 0.40726 0.54397 0.37975 0.53069 0.37109 0.51263 0.37153 0.50181 0.37829 0.49326 0.38772 0.48151 0.44052 0.47489 0.48574 0.47855 0.53499 0.50141 0.63042 0.50670 0.63186 0.51950 0.62891 0.54905 0.62581 0.56695 0.61635 0.57897 0.61837 0.58623 0.61404
4 0.68804 0.49249 0.66953 0.43974 0.64991 0.40005 0.63339 0.37615 0.62388 0.36716 0.61846 0.37587 0.61203 0.38375 0.59990 0.43610 0.59036 0.46388 0.61007 0.52541 0.62178 0.58451 0.63774 0.60001 0.68313 0.58207 0.69761 0.57447 0.70219 0.56808 0.69956 0.53405 0.68804 0.49249
4 0.63765 0.60066 0.62202 0.58608 0.62321 0.59814 0.61685 0.60855 0.60073 0.61319 0.60805 0.64974 0.62791 0.67229 0.65110 0.70240 0.66437 0.70951 0.68112 0.70966 0.68793 0.70191 0.68511 0.66279 0.67898 0.61764 0.67444 0.58693 0.63765 0.60066
4 0.33128 0.72135 0.34327 0.76915 0.34724 0.78427 0.38877 0.77930 0.39373 0.73252 0.39953 0.70867 0.37649 0.65232 0.35576 0.66389 0.32331 0.67231 0.33128 0.72135
4 0.58813 0.61518 0.57869 0.61705 0.56508 0.61741 0.54881 0.62765 0.52847 0.62987 0.53796 0.65790 0.55012 0.69056 0.57075 0.72958 0.58943 0.71941 0.61201 0.71173 0.61028 0.69733 0.60951 0.66914 0.60540 0.64172 0.60029 0.61268 0.58813 0.61518
4 0.44772 0.64335 0.46417 0.63476 0.48788 0.63141 0.49946 0.62554 0.48319 0.54671 0.46015 0.46837 0.44232 0.42453 0.40827 0.38070 0.38563 0.36728 0.36752 0.36986 0.35835 0.37784 0.35497 0.38821 0.34951 0.42890 0.34643 0.47278 0.34918 0.51210 0.35740 0.56083 0.36658 0.61252 0.37749 0.64784 0.38159 0.65489 0.42192 0.65197 0.43837 0.64338 0.44772 0.64335
4 0.75199 0.40803 0.75110 0.41729 0.76464 0.46638 0.77435 0.54300 0.79517 0.56644 0.81533 0.57511 0.81669 0.55241 0.80953 0.49279 0.79855 0.44523 0.78453 0.39998 0.76741 0.36397 0.75801 0.34589 0.75543 0.37526 0.75199 0.40803
4 0.28067 0.54071 0.25839 0.50855 0.23375 0.47215 0.21363 0.45654 0.20088 0.45256 0.19582 0.46758 0.21128 0.54287 0.23570 0.63315 0.26154 0.69859 0.27305 0.71032 0.29446 0.70058 0.30457 0.68119 0.30536 0.66556 0.29236 0.62114 0.28680 0.56967 0.28067 0.54071
4 0.36767 0.62080 0.35987 0.58104 0.35535 0.54958 0.34901 0.51854 0.34401 0.49092 0.33528 0.47695 0.31994 0.46770 0.30411 0.46230 0.28994 0.48315 0.28291 0.52421 0.28227 0.56432 0.29315 0.62575 0.30687 0.66733 0.32639 0.67083 0.36003 0.66040 0.37674 0.65174 0.37714 0.64632 0.36767 0.62080
4 0.85433 0.36148 0.83831 0.32309 0.81940 0.29601 0.81288 0.29752 0.80355 0.31673 0.79980 0.35649 0.79859 0.38821 0.81293 0.42646 0.82727 0.47430 0.83965 0.50288 0.86492 0.51463 0.87938 0.51289 0.87596 0.46946 0.86987 0.41331 0.85433 0.36148
