4 0.51246 0.63795 0.48026 0.63733 0.45779 0.63535 0.45010 0.64231 0.44124 0.65577 0.45311 0.74771 0.46672 0.84094 0.47738 0.87659 0.55986 0.87154 0.57378 0.81348 0.58619 0.78050 0.58462 0.70355 0.58445 0.66217 0.57458 0.64574 0.51246 0.63795
4 0.22067 0.49887 0.20831 0.42490 0.19282 0.39279 0.16630 0.34360 0.14921 0.32102 0.13500 0.31260 0.12325 0.31788 0.12152 0.35268 0.12260 0.38432 0.13458 0.45286 0.13992 0.50204 0.15575 0.53363 0.17199 0.56025 0.18829 0.56604 0.20280 0.54620 0.21459 0.52010 0.22067 0.49887
4 0.90175 0.47131 0.91472 0.39707 0.92220 0.30388 0.92204 0.25285 0.92041 0.21877 0.89620 0.20263 0.88275 0.20506 0.86351 0.21681 0.80456 0.27742 0.77247 0.33269 0.75945 0.36283 0.76491 0.40308 0.79643 0.44795 0.82188 0.49275 0.84498 0.53078 0.86802 0.53561 0.88821 0.51586 0.90175 0.47131
4 0.40507 0.50135 0.38902 0.49631 0.37745 0.48787 0.37572 0.45203 0.37372 0.42340 0.33174 0.36160 0.28145 0.30449 0.24949 0.28515 0.23003 0.27624 0.21265 0.29697 0.19843 0.38530 0.21436 0.45612 0.22825 0.53118 0.24495 0.57934 0.26825 0.60956 0.30496 0.61830 0.35578 0.61577 0.39241 0.60088 0.40794 0.57616 0.40507 0.50135
4 0.85048 0.61160 0.82331 0.59709 0.79831 0.58242 0.77539 0.58974 0.76194 0.60780 0.73762 0.66516 0.72885 0.68789 0.73393 0.77602 0.76196 0.84185 0.81194 0.82408 0.85226 0.80842 0.87897 0.80084 0.88299 0.74134 0.86954 0.65808 0.85048 0.61160
4 0.87013 0.65875 0.88570 0.74900 0.90785 0.77742 0.93640 0.78042 0.97508 0.74917 0.96755 0.67263 0.94208 0.62018 0.91328 0.58224 0.89296 0.57224 0.85256 0.61788 0.87013 0.65875
4 0.51007 0.48185 0.53287 0.48868 0.54386 0.48890 0.55635 0.48357 0.56345 0.49298 0.57632 0.49307 0.58778 0.47840 0.59587 0.43175 0.58814 0.37530 0.56010 0.31533 0.52733 0.27946 0.50232 0.25198 0.47900 0.23775 0.44015 0.25583 0.42293 0.26942 0.39046 0.30290 0.37056 0.34840 0.36933 0.41191 0.37898 0.48507 0.39368 0.50039 0.40655 0.50049 0.42890 0.49545 0.45385 0.48429 0.46837 0.48080 0.51007 0.48185
4 0.72698 0.55885 0.75094 0.53339 0.76057 0.49258 0.76598 0.42927 0.76075 0.35977 0.75494 0.31458 0.73109 0.27661 0.71109 0.26661 0.67309 0.26977 0.65382 0.28102 0.63782 0.30642 0.62401 0.35793 0.60608 0.38842 0.59541 0.39809 0.59626 0.46443 0.60230 0.49126 0.61756 0.53082 0.64276 0.55582 0.67653 0.56783 0.70036 0.56765 0.72698 0.55885
4 0.38448 0.63349 0.33848 0.63028 0.32572 0.64259 0.32573 0.65829 0.33971 0.71796 0.35065 0.80425 0.36225 0.85339 0.43242 0.87488 0.44486 0.81122 0.45865 0.79812 0.44040 0.66168 0.44571 0.64419 0.43590 0.63631 0.38448 0.63349
3 0.51294 0.48410 0.53251 0.48893 0.54193 0.48827 0.55770 0.48386 0.56518 0.49160 0.57873 0.49147 0.58899 0.47589 0.58947 0.45563 0.58704 0.44795 0.57819 0.44320 0.53899 0.43727 0.46721 0.43899 0.40503 0.45159 0.38206 0.46600 0.37807 0.47206 0.37799 0.47991 0.38214 0.48953 0.38921 0.49606 0.40054 0.50022 0.42080 0.49674 0.44869 0.48529 0.46946 0.48012 0.51294 0.48410
4 0.31774 0.66883 0.28558 0.62970 0.26837 0.62519 0.25216 0.63489 0.24300 0.65194 0.24781 0.71297 0.25737 0.79507 0.27897 0.82353 0.31556 0.84024 0.32492 0.82603 0.33536 0.80389 0.35074 0.78997 0.34267 0.73702 0.32948 0.67301 0.31774 0.66883
4 0.66123 0.61699 0.62273 0.62753 0.59730 0.64572 0.58470 0.66801 0.58532 0.73147 0.59225 0.79163 0.62837 0.85618 0.67013 0.86111 0.71814 0.85419 0.73008 0.76773 0.72707 0.67803 0.72193 0.65127 0.70181 0.62057 0.66123 0.61699
4 0.09855 0.33794 0.07008 0.30425 0.05408 0.28109 0.05032 0.29225 0.04652 0.35694 0.06042 0.43673 0.06668 0.48287 0.08471 0.52968 0.10553 0.53516 0.12873 0.50975 0.13546 0.49244 0.13009 0.43186 0.12195 0.36950 0.09855 0.33794
